barcode,count
GGGAACACAGTATTAG,6803
TATACTATCCTACTAA,4229
ATGCGGAGGTCAGTCC,3896
TGTCGACCTTGAAACA,3802
GAGCTGTTTAGGAACA,3605
CAGCCTCTCGAAAGCT,3317
CATGAGTAGTCCAGAT,3306
TTAATGTTAGCTAATC,3290
TAGTTACAATTAGGCC,3190
AATACTCATAGAAACA,3097
ATAACACATATTCCTA,3022
TGTTCATTAAGAACCG,3009
ACAGTGCGTACCACTA,2911
ACCATGACCCTGTGAA,2863
CCCACAGTATTCTCAA,2793
CATCATATTGCTTCAA,2671
TTGCCTGCATATCGTA,2655
CTAAGCATTACAACAT,2638
CACGAAATCCTAGGTT,2590
CACTCCAAGATTCTAC,2559
TTTTACCGAGCCGCTC,2552
TTTCCCGTCCGTCAGA,2546
GAGCCCGGTACATACG,2540
GAATATGATGCTCAGA,2495
AAAATGTATACCTAAC,2461
ACCTACCCGAAACCCA,2402
GCGTTAGTCAGCTCAA,2387
ATAGACCGACCGTCGA,2283
CTTTGGCACACTTCAT,2253
TACGATAAAAAATCAA,2242
GAAAGTCATACGATCA,2234
ATTGATCTTGATGAAA,2208
AATCTCAGATTTACTT,2202
AGTTCAAACACGTCTT,2198
CAGTGCCAAACTAGTC,2167
AAGGAATAATCAGAAC,2118
CTCCAAGTTTAACGGC,2095
CGGACGCAGCGCATTC,2024
GATGCCAAAATATACA,2007
CCGCTTGATCCCATAT,2001
AAGCTCGTGTTAAAAA,1997
GATGCAGAGGAATCGC,1981
AAAGCCCTCTCGCTTA,1977
ATACGTAAGCTTGGAA,1974
TAACATCCATAATTTG,1958
CATGGTTAAACCACGA,1954
GAACTTCAAGACCAAT,1951
TATACCTACCATTATA,1940
AGTGATAACTCTTGCT,1926
GAACGCCCGCCTAAGA,1896
TACCACGACTATTGAG,1869
TGGCTTACGGAGACTA,1868
AAGCTAAACTCTCAGC,1863
TTTGATCCCAAAACTT,1850
CACAATCTTAGCCCCA,1842
CGCATTGAATCACTGA,1840
CAATCCTAAAGAACTA,1837
CAGGATAACAGAACAA,1802
TCGTGGCACACAGGTG,1762
CATAGCATGGACATCT,1754
ATATATCCTTCAAAAT,1751
AGCAAACGTCGTAACG,1745
GGCTTTAATGACAGTC,1694
GCGGACACCCAACTAA,1676
ACAGTTGATTATGTGC,1668
TCCGTAATCCCATAAT,1667
AAAAGAACACAAGCCA,1663
AGCTCAGTATGCTTTA,1640
GGCAGGCGGGCTTTTG,1616
TCAGTTGTTCCGAGAT,1609
CAGGGGATTTATTTAT,1599
TCAGAAATACGAAAAC,1592
GGACGCCATTAATAAA,1564
AATACAATGCGCTAAG,1545
ACACTGTGATGAGAAT,1530
CCAAAGATCCCGTAAA,1526
ACATATCAATATCAGA,1516
ACGACGTCAGCTGAAA,1512
CATCACCTGAAATCAA,1509
ACTATGCCACGCATAC,1504
TTAAATAGCCTGATGA,1495
AGCGGAGTACTAGCGC,1492
TCTGAGAGTTTCCTGG,1487
ACCAGACATTTTAAAA,1469
TCTAACAGCAGTTGAA,1461
ATATAGACACGTGACA,1459
TTCAGAACCAATACCA,1446
GATTGGCAAGAATAAG,1437
ATTACTGTAACCGCAA,1431
TATGCCCAATCATTTG,1415
GAATGTGCGTGTACTA,1399
CATAAAATTTTAACCA,1396
AAGGCACCGTAACACA,1388
TTCAGATAGAACAATA,1383
GGGAACTGACTGACGC,1379
CACGCAAAACACAAAC,1372
TATGACCGACGGTAAA,1369
AGAGTGGCTGATCAGG,1359
TCAACAGTCAACCAAC,1352
TAACATTAGCCTAAAG,1338
CCCGCCTTCCGTAAAC,1337
CCGCGTTCCTATGGAA,1332
CGCCCATTTGGCATTA,1316
AACCCACCTCTTACAG,1310
AATTCATCCAGAAGGA,1310
ATACGAAAATCGAGCA,1308
ACAATCAACCAATGGA,1302
GCTCAACGTCTAAGAG,1290
CATTACCAGTTAAGCC,1286
GAAATACTATCACTGA,1266
AGCCAAGCGTCATGAT,1258
AAGGATAACTGGGAAT,1253
CCAAACTGTTCTGGCT,1244
GAAATCGCTATGAAAC,1244
GGCTTTAATATCAAGG,1241
ATATAAACAGCCTGAC,1236
GTAATGTTCTTCAAAA,1233
TTAGATTAGAAGACTT,1230
GGATTAGATATACAAG,1226
ACTGGTATTAATAGAA,1225
CACACGATTGAAAGTC,1220
GAACAATGTGACAAGA,1220
CGAGTTGACCTAAGTG,1217
GTTCGTTTGACCATGT,1189
CCATCTAGTGGCTAGT,1186
GCACTATAGTGTTATT,1181
TGCATCGTATTCACTA,1180
TTAATTGCCCTATGGT,1178
CTGTCGATTTAGCCAA,1169
TGATGCACGCGAAAAG,1168
TCCTGACGGGATACCA,1164
TGATGCAACAATACAC,1156
TATTCGTGGGAAACTT,1145
CCGTACAAGTACTACT,1138
AATAGGCATGACAATT,1136
TGACTTGGACGGTTAA,1130
CAGAAGCATATCTCGG,1126
CTTCGCGCTGACCATT,1126
TATCTACAAAAGTAAC,1122
TCCCCATGACATATAA,1122
GTCTACGGATTGGCGC,1111
AGGGAGCGTGCCTATA,1108
TAGAAACCCTACTGAA,1106
CACAAATAATAACACC,1103
GATGTCAGCTTATTAT,1097
AGACCGTCTGACGGTT,1095
GACGAACATCAGGAAT,1095
AGCAAAATCTACTAAA,1092
CTTGAACGAGGAACCT,1087
CAACGCTCACTACCGG,1086
TACTTACTATGATTAA,1085
CGAATAACACGTAATT,1082
GTACCCCATCAAGCAC,1076
CCGACCAGCTCTACAC,1071
AAGTCAAAATCTGTCA,1065
TTGAAAAATATTACCT,1055
CTACCAATTGATGGCG,1046
GTCGGACAACGTATCC,1046
AAAAATGAAAATCGAT,1045
CCAGCGTCCCTGACAA,1035
CACATTATCCACTGCC,1034
TGTCTTAATCCATAAA,1034
GCAACAAAATGTCACT,1028
ATAATCTACTTTTTCT,1024
TTCAATGAGGTAGACT,1024
GAACTCATCCATAAAT,1022
CTACGCGATAAAAAAT,1019
GACAAAATCATGATGT,1018
ACAAATAATTGAAGCG,1014
TACCGTTTGGACACAG,1013
TCAGAACCTACCCATG,1013
GACAATACTTTAGGAG,1010
GTTGACGGCTCCGGTA,1010
AACAGAAAAATGGTCG,1008
ACATCATCCCCAGTGC,1005
CCAAAAACCATACTGT,988
AAAGATAAGTCTACAT,985
GTACACCTCCCAATCG,984
GTAAATTATAATATAA,983
GAGAAACAATAGCGAA,971
CATTTTACGTTCGACG,967
TTCACGCAAACTCGCC,967
CAAACAGATATTAATA,966
TGACAGTAACTAAAAC,966
CCTTAAACGATTACCT,960
TTTAAATTATATAGGA,956
TGTTCCGCACGCGAAC,942
TTTTGATTGAAAAACA,941
GGCTCCTAATACAGGC,939
TACTTGAAAGAACATA,938
CCCGTCCAAAGACCAG,936
GAAACTACCCTGCGCA,933
ATAAAAACACTTGCAG,929
AGCTAACCATGCCTAA,928
GTCTAGGAAATACCCA,927
GGTTGTCGATAAACCT,921
CACTCGGAAAACCATA,919
TACTGTCGAGCAGTAA,915
CTTTTAAGCTGCACCA,914
GAATTTAGTTCCGTAT,909
AGCAAGCTTCAAAATG,906
AGTCTTTCGCAAGACC,906
CATAAGGAATCGGCAG,906
CACCCTTCACCCGTAC,904
GTAATTCTGACTCACA,902
ATATTGACTATAAAGT,896
GAACACTGTTGAAAGC,896
AAGAATAATACCCCGC,892
TACGCTTTACGGATGG,885
TAACCAACAACGTAAG,884
TATGGGAGTGAGTGAT,879
GCATTATCCATTTGTA,872
ACTACAAAGATTAAAC,870
AAACAACACAGCAAAG,869
TCGGGGTAGCAGTACT,869
GAATTCTTGTACATCA,868
AGACATCCTCAACAGC,863
CAAATCAGGAATCACC,858
GCAGAATCGGTACCAT,858
GAGCAGTATAAAGTCG,855
GCAACCTCTCGTGGAT,851
TAGCGTACAAACGCGC,851
TGGCAAAACCAGTTAT,850
AGCCCACCGTATTGTA,847
GCTCGCAATGACCATC,847
AGTCTTATACCCCTCA,846
GATAAATACGAGTAAC,842
CATTATAGAGAAGTCA,838
AAGCCCTGATGAACAT,835
GGATTAATCCAATTCA,831
TAACGAAACACACATT,830
GGAGACGGCTCCCGGT,829
GGCTATTCGACACAAT,829
GGTGAAAGACTGAAAC,825
CAAAAATCTAGCAATA,822
GGATACTGGCAAGAAG,820
CGATCTCCAAATAATA,816
GAGAATATAATCACTA,816
GGGTCATATTAGGTTC,816
CTGCCCCCCCTTCCAG,809
CATCGTGGAGAAGTAA,803
CTTTGGATGTCTTAAG,801
AACTATATCCCAAATT,795
AACACACTGCGACTCA,792
TCAACTATAATCAGAA,790
GCGAATCAGTAGATAC,788
TATAGGTAACATATCA,783
ACAGATATATAAGCCA,779
GAGTTAACAAAAAGCA,778
GACCTCTACGCAAATG,777
ATCAATTATATATAAT,776
CCTACAGAAAGCATCT,776
TTTGGTACGCCTCGAC,773
TTTGAGCAGGAGAACG,771
TATGCATTCTGTGTAA,769
ACATAATATGCAGATA,767
CAAGTCCATGATTCGT,764
GTGAGGATATTAAAAA,757
GAAATCACAGTATTCA,753
GATAAATATGCACTAA,753
AAAATCCGTTACACAA,751
TGATAACGCTAGTAGG,751
TAGTACGGTGAGCTGT,749
TGCCTTAGGTTACTCA,748
CTTAGGCACCCTTCTG,745
AAATATTGAATAGAAT,744
ATTATTCCCAAACACT,744
TGCAAAAAAACAGAGT,744
AAATAACGAATCAGCA,739
CCAAACCATCTCCTAC,739
TCAATAGCATACCCCG,739
ATTTCAGACTATCATG,737
TATACGTCGGTGATCG,735
TTTTAAACCCTACATC,730
CGTCGAGTAAGAATAG,727
ACAGCCATTGAAATTT,725
AGCTCCAGTTACAGAA,723
CCTATGAACCTATTAC,721
GAAATCCGAATGCTAG,721
GCAGACATGAATCCGA,721
CAAATCATTTGCCTTG,718
CATGAGCACGGGAATA,718
TACAAAACGACTAAAC,715
CATAGCAACAGAAGCT,713
GTGTGCGACAATTGGA,712
AACACAGTAGTGGTGT,711
GTCCGGAACTTTGTCC,711
AAGCCACATAATGCGC,710
TACGCCACCAACCATT,707
ATATAGACACATGACC,703
ATTTGGACAAGTCAGT,703
TGCACTCTGGTCCAAG,703
TGCGAGACTTACACTT,700
AACACCCACGGGACCG,696
AAGCAAGTCGAGCAAG,696
TTATCGGACTCATAAT,696
AATTCTGTGGATTTTG,694
TTCCAAGTATGAAAGA,692
AAAAGGCGTCCAACCC,691
AGATACGTCCCAAAAA,689
CCCATTACGTAATTCA,688
CTGCCCGACACGTAGC,685
TCATACCCAACTCTCC,680
CGTAACCCCCCTAAAC,679
TAAGAACCCAAACTAA,677
TCAATACCAGACGATT,677
GGACACTTATTCGAAT,676
ATACTTCTTTGAATCA,675
CAATCGCCTAATAACC,674
GTAAAATAATCATAGA,674
ACGACCGCTCAAATCA,672
TATCTCATAAATCACC,672
CGTGAATCATGCGCAT,671
GAGACCTGACATTTCA,671
AACAGATGGGTATCAT,670
AATTATAACAATAACG,669
CGCTCCCTGACCTACC,668
TAAATGGGTAGCTCAA,666
AGCAACATACATTTTT,660
GACCCCAATAGATGTA,660
ACGACGGCCATCTCTT,658
AAAGAGCACATAAGGC,657
CTTAAACAAATGTACA,653
GAAGGCCAAAACACCA,652
GGACGACCAGATTCGT,652
AATACATACACACACT,649
GATGGTCACCAGTTGA,649
TGGAGCAGTAGTAGTA,649
CATTAACCTAACTCGC,645
TAATTCATTAGGACTA,645
AACAGTATTTCAACCC,642
ATTCAACTGAGGTATT,642
CCTCGGCACACACAGC,642
CCACGATCTGAAAGCT,641
AAAACAAAGCAGCTAA,640
CATCCAGCCTGAAAAT,640
GTTAAAGCAAGATGAT,640
AGTCGGTACTGAGTAA,639
GATGTAATACGTGGAC,639
TAACAACACTTGATTC,638
CTCATCCTGAGAGCCT,636
CGATTTTAACCTAACT,634
TAGCCGAATAGCGAAG,634
ATAGGACTTGAAGATC,630
AGTGAAGACTGGGAAT,628
GCTCCTCTTAAAAGTT,628
ACCGACGAACGCAATT,627
CCTTCCCCCGAGAACA,627
GGAAAATCAGAGCGAT,626
ACATAGCACCGAAGAC,625
AAGAAGCAAACCCCGT,624
ACGGGCTTAACCGAAG,622
CCCGAAATTGGTAAAG,622
GAATGTCTAAGTAGCT,622
TGAGGGCTTAGATGCG,621
ACGTTTTGAAAACAAA,616
CACTAATCAAGGTATC,616
CCCGGCAGTCGACATG,616
ACGTCCATTAATATCT,615
ACTCCAAACACACTTT,615
GCCCACCAGGATTATA,614
CGATCGGATGAAATTG,612
TTGACATTGAAACCTT,612
TAAATCATTACAACAA,609
TGCCTTCTAGGCAGGG,608
ATTTGTGAAAGCATGA,607
CGTAATATCAATAGTG,607
CATTAGAGGAACAAGG,606
CACCGTCTTCTTGGCC,601
GTCTTTCTACTCCGCT,600
ACCTGCCACACCTTAA,599
CAACGGCAAATGGACA,599
ACGAACTTAGAATTCA,598
AAGGAAAAAGAAGACA,596
CAAGCTTACTTTGAAT,596
CATCATATGATCAACC,595
GTTTCCGTCGAAACGA,595
TCTAACCTAGATTTCG,595
TTAACTCTTATAAAAA,595
GCGATTCACGCGTAGG,592
GAAATTTTATGAGACG,591
GTGCACCTGATTCCCA,591
TTTACGGAACACCACG,589
GAGTACCTCAATTTCA,588
CGAAACTTCACGTCTA,587
ATAGACCAACTTTCAT,586
GCCGTATGATTTGGGC,586
TTAAATATTAAAAATT,586
GACGCAATTCCCTTGA,585
AATGAAGCAGTAAATG,583
CATAAAGTGACCTTCA,583
CGTATTACACACCCCA,582
CGAAACATCAGCTATA,581
GATCTACTGCGCCAAA,581
GCACTCGCATCCACAA,581
GAGAGTAACCCAACCA,579
TAACATGTAAAACGGT,579
TCGAATTATCCCGCAC,579
TTATAAATGGCAAGTT,579
CTCCTAAATGACACCC,575
GACTCGTTAATTTTAC,575
AAATTTGTGATTTCAA,574
TCAGGAACAATACTAT,574
CAGGCCAATGCACCTA,572
TAGAACAGTTAGAAAA,572
CGCACAAGTAGCTTCT,571
GAAACTGAGAATATGG,571
GTATAAGCGACATGTT,571
CGCTAGACATAGCACG,569
AGGCTAGCCTCCCCTG,568
CTAAACGTTCCGTCAA,567
CCGCATGTAAAGCGGA,564
TTGCGAAACGGAATTG,564
AACAATTGATGCAATA,561
CATTTATCTGTTATTG,561
TAGATCAATGAATACC,559
AATCAAAATCTATTCA,558
TGCGGATTCCCCTAGG,558
ACTCTAACGTGAACAA,556
ATTCCAGCAGCTCATG,556
GAACATTTTCAGGGGC,554
AGCTTTCTCCTACTTC,553
GAAAGTGAACCACACA,553
AATAATGATGGCTTAA,551
CCTACCACATGCAAGC,550
TACCCATGGATACGAA,550
TCGTTACGCCCGCATT,550
GACAACGAAACAAGAA,549
GTGCACCACGAGTAAT,546
AGAAAGGAAATTATGC,545
CAGCATAAGACGCGGA,545
CTTCGCATGTTCTTAC,545
GTAGAACTTCTCTAAC,545
ATAGGGGAAACGCGTA,543
GTGTGGTTAAACCGTC,543
CTTCACTATCCAGTAC,542
AGTGCGCATAGCCAGA,540
TTCGCGTTCCAATCGT,538
CAGCCCTTCTTAATAC,537
GAAATAACTGGATGCC,537
AGCCATTGTGTATAGC,534
TGTTCCCCGATATCAT,534
GAGGCGAGAGAATCAC,532
ACACACACGGCCGTGA,531
TTAACATGTATACACG,531
AATACCCTGGCTATAT,530
ACGCATCTAACTAAGT,529
CGATGCAAAGGTCTAA,529
GGAATACCGCGCCTGC,529
CGACTAAGTCTTAATA,528
TAGAGATCGAAAGATG,528
GGTCCTTAATGACTGT,525
AAAAGATATCAATAGT,524
TCGGGTCCACATTAAT,524
ATTACCTGGTGAGTCT,522
GAAGCAGTCCTTACAT,522
GTACAAATTCAACCAG,522
TATTCTTATTGACTAC,521
CTAAAATGTAAATCGA,520
CTAGACCTGGTAGCCT,520
AAGAAGTAGATAATAG,517
GAATGTTAAGTGGGAC,516
TAAGACAACGTCTGTA,516
TCGATATAATAGGCAG,516
AATCGCTCGGCGTGCC,515
CCCGGCCAGGCGTAAA,515
TAAGACGAAAAAAACA,513
AGCATCCCTTTCTATT,511
AGTAAGGCACTTTGAG,511
CACCAGATTATCTTGA,511
CATTTGAGTGCTATTC,511
CCTCTGAAGCCTATGT,511
TAACCGCGCTAACGTC,511
CGTACTTGCAGGACAG,509
CTCCGGAAGTATAAAC,509
CCAGAATATACTAACT,508
GGATGGATTGTGGATG,507
TAAATAATTACAACCT,507
TATCATCTCATAAAAT,507
CGATAGCCTACTGATT,506
CGCTTAATTTAACCAA,506
TCGAAGCTACTGGAGA,506
TTCCAAAAAGTATGCA,506
TTCCTAATTTAAACAT,506
TAATTGGCCTACTCCG,505
CAATTTAATATTGATG,504
TCATATGGAGTATACT,503
TGCACGAACTAAGGTC,502
AAATTGAATCATAGGC,501
AGCTTGCCAGATAAAA,501
GATACCCACAATAAAA,501
TCATCTGATATTAGAC,501
TTTAATATGAAGTGAC,500
CACGTTATATGCGCTA,498
ACTATAACTGTATAAC,497
ACTCCTCATGCTATGA,496
GAAGCCTTGCCTTGGA,496
ATAATGCTGTTTACAT,495
GATCAATAGAACATAT,495
GCACTTAGATGGATGC,495
AGCTGAGGCTAGAATC,493
ATCCTAAGAGAAAAAC,491
CCATGAAACTCATACT,490
CTTCTCAACAAACAAT,489
TACTACCTGGGTACCC,488
TCATTAATCTGTGTCA,488
CTGAGACTTATCGTTC,487
GTCCCTTCCTATATCT,487
CAACAGAAAGATACCC,486
CAAATAGGCATTGTAA,485
CCGGCATAAAATTTCT,485
AAAGCTCAAGCAGCGC,484
ACGTTGGGTACACCAA,484
AACGCTGACGCTTTTG,483
GCGACCGTTAGACAAT,483
CGAAGGATACTCGAAA,482
AACCAAAACTGCACCA,481
CCAAGAGCGATACAAA,481
CGAAATTCCAAAACCC,481
TTACGGAGAATGTCCA,481
TGCAGCGAGTGGAGTC,480
AGATAAAATAACAAGA,479
CATCGTGCCTCTCCTA,479
CTTCCTAACCAAGATG,479
CAACACCCCCAAGCCC,478
CCCCTTACACTGTAAT,478
ATACTATTGGGCACGA,473
CCTCTCAGATTTGCGC,473
AAATAGCAATAATTGG,472
ATGGGCCAATACTTAA,472
TCAGCAATATCACGTT,472
CATCCGCGGATACTTG,471
TGCGGGCAAAACCAGA,471
AAAACCCCAAAAGTAC,470
ACTGCCGCTGTGAGCT,470
TAAAGACAAAGTGAAG,470
TATTCATACACCAACT,468
TTTTGCAATGTTAATG,468
AGACAAAGTGCCAGCT,467
GTTGAACAGTACATTC,467
GCCGCCAGCTTGCCCC,466
AAGTACAGGCTAAACA,465
AGAATCGACATACTTA,465
GAGATATACAAGTCAA,465
TTCTTCCCCCTAAACA,465
ACATAAAGGAAAGAAG,462
ACTGCAGAAAATAAGA,461
AGTCATCGTGCCTTTT,460
CCACCATGTATCTTTT,460
GTCGACAATCTCATAA,460
ATATTAACATTAAGCC,459
CAATTACGTAAGCTGA,458
ATACGATATCAACGCG,457
TAAAGTGTACTAATCT,457
TATTATAGAAATTTGA,457
TAAATGCATATAGTTG,456
CGTAATATGGATTGTT,455
TGAATAAAGTATACAC,455
ATTCTGTTACAGAAAA,454
AAACCAAAACATGGAC,453
TACATTAACGGGAAGA,453
TGCGTTACCCACTACA,453
AACATTTACCCCGAAC,450
ACTAACTGAATCGCTA,450
TTAAGCTTAAGGTACA,449
AGGGACCAGACTGAAA,448
CACAAGAACATAAAAA,448
CTAAAACCCATGCGCG,448
ACAGAAATGCAATCCT,447
CAAATACAAAGCGATT,446
GTTCACTCCATTAAAC,446
TCGTAACCAGAAATGT,446
CCATGACTACCACACT,444
GAAACACATATACCAA,443
ATAGCTGTTAAAAATG,442
CGACTCATGTGTGACA,442
CTCAGACCTAAGAACC,442
CGCCAGCCAAATGACA,440
AATATAGCTTGCTACG,439
ATAGAAAGCCTTAGAC,439
CTCAACTCAGACAATT,438
TGCTTAATAAAAAGAG,438
ACTAATGCACTAATAG,437
CTGATAGAATTTATTG,437
GACCACTCTCCGGTTA,436
CAACTCTTCAAATTAA,435
GGAGGAACATGTGACC,435
ACCATAAGAACCGCCG,434
ACTATGGTTTACCTCA,434
CCCACTAAATACACGA,434
CGGCTAAAATAGCTGA,434
AACAAATGAGTGAAAT,432
CAAGCGTAGTACAACA,432
CGTGCAAGACTGATAC,431
TGAAAGATCACGCCTA,430
AGAGACATATACTTTT,429
CATCCTAGACGTTAAA,429
ATAACCTAACCATTAT,428
CATTAGCTCTACTTTG,428
CCCCTAGAAAAGTGAA,428
CTAGACATCAAATTCC,427
TAGAACGCATCTTATA,427
TAACTTTGGCAGTTGC,426
TGATATATAAAGCCCT,425
TTAAATGCGCGCATCG,425
TATATAATGTCCTGAC,424
CGACTATGCTCTAAAC,423
TACCGACGCAATTCCG,423
CCAGACGAAAATGAGT,422
GCTTTCAACCATCGAT,422
TGTACCAACAAAGAAA,422
CACTGTGTGACTGATG,421
CCGTTAGCAAATCTAG,421
GATGCAAAGCAGACCT,421
GGGTTACATCCCCAAA,421
AGAACTGAAGACACCC,420
CCGCCGTAAGATCAGA,420
TCACATACCCTATCGC,420
TTCACGCGGTTGCTAG,420
AAGTCACAACGCCGCA,419
AGCAGAACGAGGATCT,419
AACGCGTTCAGACGAA,418
CACTTTTTACTCGTCG,418
GTGATAATTTTGCTTT,417
ACATAATAATCACTTG,416
CATCTCACCTCGCAGC,416
GTCCCGCTGTTTGACC,416
TAGTTTCAAAGGATAG,416
ATATTGGACTACAACA,415
GATAGACAGCCATAAA,415
GTCGGAAACAACACTA,415
TAGTTTTAATGATGGA,415
TCTTAGCCTGTACTTG,415
TGAAAGGACCAATGAC,415
GCCCATCATCACTAAA,414
TGACCGTCAGGAGGCT,414
TGCCACTCCAGCGAAC,414
TACGCCGTAGTGTAAC,413
AAATGAGCAGTGATGT,412
CGGTTGCTGGAAACAA,412
CTTAGTCATTAGAGAT,412
ACAACATGAGTCCCCA,411
GTAGCATAGTAAATAA,411
TAAGTTTGGCTCAACA,411
TGTCCAACTAATCACC,411
ACCAGCCATAATGCCA,410
ACGAGGTATTCGTAGA,410
GGCACTGATTCTACGA,410
TCGGGATCCAACAACT,410
ATTTCCATTTGCAAAG,409
CCCACCCGCCAACTCC,408
TAGTTAATGTGCGCAA,408
ACGCAACCTTGCACAA,407
CTACGAAGTAACAGAT,407
GATCCATCCAGGTTGA,407
GCAAGTAGTCCCATGC,407
GTAGGCGTCAAATCTT,407
GTGCTACTATGGTGAT,407
TCTGCATCTAGAATCC,407
AGCTCACACTAAAACT,406
GCCATGAATATGTCAA,406
TCACTAAACCACACGA,405
CCGTGGTAACCATTAA,403
GCCCCCATGGACCAAA,403
ATGCACGACAGTAGAA,402
GGCCAGACATTAACGA,402
GAGATAACAATACTCG,401
TTGAATACTTAGCGGA,401
AAAAAAAGCTTTAAAA,400
CGTATAGAAACCCATA,400
TTCTGATAAATTTGCT,400
ATGTACCCGGTGCCGC,398
CAAGTCGCACAGCTCA,398
GTTAAGATTTCGGCTG,398
TGAAGGTTAATTCTCG,398
ACAGGTACCACACAAA,397
ATATATCGGCACCACT,397
CAGAAGACCTAAAAGT,397
GTGTCCAAAGCGGCCT,396
TCCAGCGAAACTAATA,396
CCGACTCGTAATGTGT,395
CGACATAAACGATAAG,395
CTAATAAAGACTGTCG,395
GCACACAATCACAACC,395
AGTTTAGCCAAGATTG,394
ATGTTTTAGCAGTAGT,394
CCTCATTGAGTATATC,394
GACTAATACACCCTTG,394
TGCTTCCGACGATTAT,394
CCAAGAACAGCACTGC,393
CGAGCGAATCCTGACC,393
TACTTCACTGTATGTA,393
CAGTCCCAGAAAATAA,392
GCGGCATAAAACTCCC,392
TTAGGGTAACATTTCG,392
ACATGCCAATGTTAGC,391
GTACCACAAAAACATC,391
AAAATTATGGCGTTTA,390
AATTCTGAAATTACTC,390
CGTAAGTCCGAGGGTA,390
TACAGATTAACGAATT,390
ACAAAAGAACTACAAT,389
ACTCTTCAATACAGTT,389
ATTACAGCGTTTCAAA,389
TAGACTGATTCAGGTG,389
CAAGACTAGGAACACT,388
CATTGAGATTTGCAAT,388
CTTACGATAAGGAGCA,388
AACACGTCAAACGCAA,387
GAAAGCTTAGAGTAAA,387
CATTGATATAACAGCT,386
GTACCCAAATGTCGCT,386
GAAAACAAAAATCCTG,385
GACTCGAAGATCTAGA,385
TATCGTATCTTTACTT,385
TCACATAAGAAGGCCG,385
AGGAGACCACCATAAT,384
TCGCCCCCAAGACTGC,384
TGGAACAACTGGAGAT,384
CCAAGCTTCAAAGGAA,383
CTAAAATAACAGATGA,383
CTAACTACCAGTCCAG,383
GACGCCGTTTAACAAC,383
GCTTATGAGTCTGTCC,383
AGATCCACACTACGAT,382
ATATTGAAAGTGTCGT,382
GCGCTTGAAGCAAGAT,382
TTTCAATGCTAGCAGA,382
ACTAGAGAGCACATCG,381
TCGGGCCGTAAGTCAT,381
ACCCTATCGACCGCTT,380
CCTAGGTCCCTCTTAT,380
CTCACCACAAAAACAA,380
GAGGTACCGAAATCAG,380
GTACTATCTACTCTGA,380
GCAGAGACGAATCTAC,379
TATAGCGCGCCAGCTT,379
TTCAATCTAATACAAG,379
CAGTAATCCGGGAAGC,378
TAGAAAACCATACGAC,378
GTGGTGTCAAGTCAAA,377
TCTACATTACACGTAG,377
TTAGCTTAACACCCGC,377
CAGCAGATTAAATAAG,376
AACGTAGCATGGTAAT,375
ATACTATTAGACTTGA,375
CATTATTTACGGTGTA,375
TCTACCAGGCAGCTTT,375
AAAAACGGCGTGAAAG,374
AACGTCAGTTGTATAG,374
AATATATAGGCTGCAT,374
GTGTACATGAGCACCA,374
TACACCATTGCACCCT,374
CATGGGTCAAAACGGT,373
CCCTTCCCAAATGTTC,373
CCGATCGTAAGTTTAA,373
GGAAATTACTGCTTTA,373
TTATTGGTAGAAGACA,373
AGGATGTTTTATCAAA,372
ATTAATAAGCCTATTA,372
GAAATCGAAACATGAA,372
GAAGGCGAGAAGCCGA,372
GGTAGACGACTAAAAC,372
TAGAAGTCTACACGCA,372
AATCGCACGCGATAAC,371
CAGTAGTTTTAATAGC,371
TCTATCGAAACACATT,371
ATAAGAGCATCAGCCA,370
CCACAGAAAGTTCTGT,370
TACAAATATACCAACC,370
TCAATACGCTATTCGC,370
AAGTGATTAAGTGGCA,369
GTTTCCTGTAAACACC,369
ACAATATACATCCACA,368
ACATTCCCCCATGGGG,368
ATTAGCATCCAATTAA,368
CGAACCGAATTATATC,368
CTATCTACGTTCTCGT,368
GGCACAGAATGAAGCA,368
TCGACCAAATTGACAA,368
ATCCCAAGCGGTAGTG,367
CTCGCTGCAAAAACAC,367
CTTCAGATAGTGAGGA,367
GACTCCATAGCACCGA,367
TCCTGCCCTTAACTCG,367
AAAACGGAATTAATGC,366
AGATACCGAATGACTG,366
TGGACAATGTAAACAA,366
ACAAAAGAAGTTAATA,365
ATACCCGGCACAAGCA,365
ATCAAAGACAACTGAT,365
CAACCACTATATGCAA,365
GTTTATTAAACCAATA,365
CAAGTTTACCTAGCAG,364
CGCAGCGCATGGCGAC,364
GAACCCTATATGATTC,364
GTGCACCAGTGAATTT,364
GGAACACAAGTAAAGG,363
AAAACTTGATCATCTT,362
ACAGCCCTACATTACT,362
ACATATATACCAGATG,362
ATATAGATACGTGACC,362
ACAAATAACCACATGT,361
CCCAATCACAACAAAT,361
TACGAAAACTAATCAG,361
TCGGCGCCTTTACTAA,361
TGCAGATTACGGATTG,361
AAATAAGACATCCACA,360
AGAAGAGTCAATCCGT,360
CAGAAAATCGGTGTAG,360
ACAAGGGTATGAATAG,359
TACGGGTAATTTAAAA,359
TCTATGGCGGGGAGTG,359
TTATACTCTTACTATA,359
ATGGAACTTATTGTCC,358
CCAATGATAAACAGCG,358
GGCGTTCCTAATATAA,358
AAGGCATAACGAAAAA,357
ATTCAACTAGTGCAAT,357
CCGACCATTGCCTCCT,357
CGGGCAGAAGCAATGC,357
GCCGTTAAAGGGAATA,357
GTGATTCACGCGTTGG,357
TGCCCGTTAGACAAAG,357
AAGCACCAAACCTCTG,356
AATAGTGAGTCTGAAA,356
ATCAAATTGATGATTT,356
TAGCATGCCATCGAAT,356
TCGGCAACACCTACCA,356
AGACCGTCATAACCTA,355
CGCTTACGCTGCCAAG,355
CGGTCTTACCAAAATT,354
GTGACTAGCCTTAGTG,354
TGTCAAAACCAGAAAA,354
ATGTAAAACTGTGCAT,353
CATTACATTCACCGCA,353
CCCTTAGTGAAACGAA,353
CTCGCCACCTCCGAGC,353
TCATCTAGTGGCTAGG,353
ATAATAGTAAAAGACA,352
CATATAATACACATAA,352
CTGGCATAATCAGATT,352
GACTGCCTGTAAATTA,352
GAGCCCCAATGGAATT,352
ATACGGGGATTCTACA,351
CGTAACTTACTTAGAA,351
GCAGCAACTTTCATGT,351
TAATTAATCAACATGC,351
GACTAGTATACTCAAT,350
GTGCTCCCAGGCAAAA,350
TGATCCTCTGGAAAAT,350
ACTGAACATCAAATCT,349
ATAACGTTACCAGATA,349
GACACATGCCCGCGGT,349
GCAACAGATTGAGTAA,349
GGAAAAAGCTAATAAT,349
GGAAGGTAGCCTAGAT,349
TGAGAGAAAAAACTAT,348
ACCGAACAACAAAATA,347
AGATTACTGCGTTAGG,347
ATCTCGACCCGAGAAT,347
CAGTAGTTCGCGCACC,347
CCAACAGATCGCTACA,347
GAGACTCGAAGACTAT,347
TTGTTAATGCGATATC,347
AAGAAGTCACGACCTT,346
AATCTAAAAACTTGCC,346
ACGAACCAGTCCTTAA,346
GACGTGAGTGGGACTG,346
GTCTAATTATATGCAG,346
TCTCCTGGAGAGGTCA,346
AGTGCCGATTAGTCCA,345
CCGGATGATAGATTAT,345
CGATATGCGATTTACC,345
CTAGCTGATGATCCTC,345
TCACCATTCACACAAA,345
ACCCCTTGCTTGTCTG,344
CAACTATATACGACCC,344
GTGGAATTATGCGAGG,344
GTTTCAAATTAATACG,344
TCATTCTGGACATATT,344
TCCTATCTTGTTTATG,344
ATCAATCCGAAGAGCA,343
GAACCATCCTAATCCA,343
TAGATCTCATGTCACA,343
TATTCCTTACAACTCT,343
TCAAAGAACACAGATC,343
TCTGTACATAACAAAA,343
AACAACGGTTGAAGAG,342
AAGAAATGAGCAAGCT,342
AGTATAGCCATGACAA,342
CCCCAATTCAATTACA,342
TGTCGTGGAAAAAGTA,342
AAGACAAAACCGGACA,341
ACAATAGAAACAAATA,341
ACAGATGACCTTAACG,341
AGCGAGACAGTGGAAA,341
ATTAGGAGAAAGTTAG,341
ATTGAGGAATATCGAT,341
CTCTACAAGACAGATA,341
GTTAGATACCTTTGAT,341
TTATGGAGAGGTGGCC,341
ATAAAAGGTCACAGAC,340
TAATCCCCCATCGAAG,340
TACACAGCTACCCCGT,340
TCCTGTGGAATACGAT,340
TTAAATAACACCATAA,340
AAAACATGTCTAAAAA,339
AAATCATGCGAAAGGG,339
AACAATTTATCTTTAA,339
AATGAAAATAATATAG,339
ACTTCCTCACACGCAA,339
ACTTGGTGGCAAAAAT,339
CACAATATAACGTGAA,339
GAGATGCAACGAACCT,339
TAGTAATCGCTGCCCA,339
AATAAACGATGTCTGT,338
AGTATGAATAAGTCAC,338
CCAGAGGCATCGCTAA,338
CGCCTGAATCACAGGG,338
GCACAACTCTCGGCAA,338
TTAATAAATACCACTC,338
ACCATGACATAACTCA,337
ACCCAAATAAATGTCA,337
ACGTGGATTACTAGAG,337
AGCAGTTCTATGAACT,337
TAATGTGATATCAATA,337
TCAAATTTTACTAGAC,337
TGAAAGCTCGCAAAGT,337
TGGCAACTATTATAGA,337
CAATAAGAAGTAACAA,336
CCCGTTCTCTGCAGTC,336
TAATCGCTCACCAAAA,336
TTCCAAACTTGCGTGA,336
TTTGAAATGGGCAACA,336
ATGAATTAACCATACC,335
CATAAGAACTAAAACC,335
CCTTAGGATGGTTTCG,335
CTAACTTGCGCCCTAC,335
TCATATACTTCTACAG,335
TCGTGGTGGCGACTAT,335
GAACACCTGCGGTCCC,334
TATCATGGTAACCAAA,334
TTAATGAAACTAAATT,334
TACCACCCCTCACAAC,333
TCGCACCACAATCATC,333
TGTAAAGATCGCCGGA,333
TGTACTGTCGACGCCA,333
AAAAGAAATAAAAGCT,332
ATAAACATCAGATTCG,332
GGGGGAATTCAGGGTA,332
GGTTGCATTGCCCCCA,332
GGTTTTAAGAACGTAT,332
TGCAGATCTTATAACC,332
AAATCTGGCGACCCCA,331
CCCCAAAGAAGTTTCA,331
TATACTGATATATATA,331
TCGAGTCCTATCTACC,331
AAATAATGACACGCCA,330
CCCGTACACGAAGACA,330
CTTCAAGCGTAATGTG,330
TAGCACCAATTGCAAT,330
ACCACTAGTTTGACAT,329
CCCACATCAACTGACT,329
GGAAATAGCGAGAGTG,329
AAGAAAATATCCGCAG,328
ACCATCCAGCAAACAC,328
AGATACGAAGTCAAGC,328
AGTCATGTTATCATAA,328
CCTACGACAGTATCAG,328
CGAGAGCCAAGTCCCT,328
CGTGCCAATAGTAACA,328
GCCCACCAAAATAGTA,328
GTCGTAGATTCGCCTC,328
TGAGCCACGAAGTGTT,328
TGGGAATGAAGTATAA,328
AAATATCCATCTCTAA,327
CTCTTCTGCGCCGTCA,327
GAAGGAGCCCCAAGAG,327
TAGAATAAGCTACATC,327
TATATATTCTACATCC,327
TTTACGCATAAGAAAA,327
ATGCCCAGAAGGACCA,326
CGGCACAATTTACCCC,326
GAACACCATGCCGTCA,326
TGGGTGTATGAAATTG,326
AGTTACTCGGAAGGTT,325
CCGAAATCGAGAAACA,325
GTATATCTTCATCTGT,325
AAAACGTAGCTACAAA,324
AGCAAAACCCCGACAG,324
AGCGTTGTAACAGTCC,324
AGCTAAAGCATATAAT,324
GTACATGTACGCAACT,324
TTCGCAGCTTTAACAT,324
TTTGCACCAGATCAAA,324
TTTTAGTTTATAGCTA,324
CTTAAAATTGCGACCG,323
GACTACTTTAAGTTCT,323
TATAAGTCCATCCAGT,323
AAAGATACCTTCCCAG,322
TATAATCCCACTAGAT,322
TCTAATTTACAAGCTC,322
TTTTCAAATAACCACC,322
CTGAGTTATTTTAGAC,321
GTCGGTTTAAGAATGC,321
CTTTAAAATAAGCAAT,320
TACGAAGAGATATCTA,320
TGCTAACCATCAGCAA,320
TTAATATTATTTTTAC,320
AACGTTGGGTCCCGGC,319
AGAGTAAAGACTAATG,319
CCTTTTAAATATATTG,319
GCAATAAATAAACAAT,319
AAATGAACTACTCAAT,318
ACCATTACAGAGAATA,318
ACCTAGGACCTAAATA,318
ACCTTAAAGGAGGATG,318
ACTTATTTTCGAGGCT,318
CACTTAGAAAACAACA,318
GGGGCTAACGGCCTAT,318
ATATAAATCGACGGGT,317
CCCAATACTAACCCCA,317
GTTAACCGATAGGGTC,317
TGAATAACAGATGAGT,317
AAGGTTTTGCCGAGGA,316
AAGTAATTCTACAAAG,316
CCTGGTATAACGGGCC,316
CGACATATTAACCATT,316
CGCTATATAGAAATCT,316
GAAACGAATAAGCACC,316
GAATCTCTGGGTGGGA,316
TGCTACAGTTCCATGC,316
AAAGACGTAAATACTA,315
AGTCAATATGTGCCCA,315
GAAATAAAATATACAC,315
AACCATAGAGGTTACT,314
AATATTGCAATGCTTC,314
GTATTTAAAGACATTT,314
TAGCATGAGACATTAG,314
AAATCCGGGTTTAAAC,313
ACAGGGCGGCATCCTC,313
GAAATGAAGGGAACGC,313
TAACGATAGCTAAAAT,313
TAATAGAATGACTTAT,313
TTAGATCTCTTCATAA,313
AATAAAGATTATCTGG,312
GCAAAAACAAGACAAC,312
GTGAGCTGCTACCCTA,312
CCTGCCAGGATATTTG,311
GCTGAAAGATAAAAAT,311
AAAACAAATAAGTTAC,310
AACTAATTTAGAACAA,310
ATAATAGAAAGTGCAC,310
CATAATTTCTAAATTG,310
CCAAACCATACGCCTA,310
GCTAATCATTAAATAC,310
TACAGGAAACAGGTCT,310
TTAATGAATAGACCGC,310
AACCGTGATCGTACGC,309
AGATCACGATTGACCC,309
CGCTACTGAGGGATAA,309
GCCAGAACCTCTCGTG,309
TACCGAAGTAAATTTC,309
TACTGAAAGCTTTTAG,309
ATCATCAGATTTTCAA,308
GAGAGCCATTCTGGAA,308
TGATTTTCATATCCAT,308
TTTTGTTCGCGGGATT,308
AAAAAAACAATGCGAA,307
CACGTGTAATAACCCC,307
CCCCGAAACCTTATCA,307
GATTGGGCATAAAGGA,307
GGATTTAAATTATGAA,307
GTGATTACATCTTAAC,307
TGGTCATACCCAGTGC,307
AGAGGCTCACTGTGAG,306
ATGACCGTGACAGATT,306
TAATGGCTGGCTTAAT,306
TCATATTACTAAAACC,306
TCTTGATTCAAGTCTT,306
ACCACTTTCCTCTCGA,305
GAAACATAAAACTGTA,305
GACCCCATGTACTTAA,305
TAGGAACCGCGACTAA,305
TGCAGGAATCCCAGCG,305
AATCACTCTAAATAAT,304
ATACTTCATTCGTCAG,304
TAATGATGTGATCCAT,304
AACTGAAAGATACCTC,303
ATAATTCTAGCTTTAC,303
ATGCAGGAAATAAAAA,303
CATCCAACTAAAAATA,303
GCCCACCAAGTATACG,303
TAATAAATGATAACCA,303
TTCCAAGGTAACGAGA,303
TTTAAAAACGATTCAC,303
AAAAAAGAGTCCCTTA,302
CCTATATCTTTCCCAA,302
AAATAACCTAACATGA,301
AAGAGCCAGTGTGATT,301
AGCTAAACGCAAAAGA,301
CAATATATAAATAACT,301
CTAGTATGAGACTAAC,301
TCTGACTGTATACCCC,301
CCCCAACTCACCCTGC,300
GAGCCTCACTCCATGG,300
GCCTGACCCTTAAACA,300
GGCAGACCTATAGTAA,300
TCAATTGAATCGTCTT,300
GAAACCTTTTTAATAA,299
CGCGTTATAAATTACC,298
GCAACATGTCTTAATC,298
GTTGATAAAACAACGT,298
TTTCAACGGAAACTTA,298
AACCCTAGAAAGCGGT,297
ACATTTCTAAATTAGC,297
ACGAGGCCCTGATTGT,297
AGAGATGGTTGGCAAC,297
AGTCGGTTAACAAAGC,297
CATTATAAAGACTAGC,297
CCTTATATATAATACG,297
CTTAAACCGGGCTTTA,297
TATGGATAGACAACCA,297
ATCGACACGTAGGCCA,296
GAATAGAGAAAACCAT,296
GTGGCTCATTAGAGTT,296
AAAAATGGGGTGCGCA,295
AGAACACAATTATTTC,295
GGGATTTCATCCAAAT,295
TAAGCACAGGCATATC,295
AACGTAACATCACACT,294
ATCTAATTATATATCT,293
CAACAATCTAAAGAAT,293
GAATTGGAAGCTGATA,293
TTAAACTATCCGTGTT,293
TTAAGTTGAGGCAATA,293
TTCGCCCAGAAACAGA,293
CAGCAATTCTATGACC,292
CCCCCCGTACGTACCC,292
CCTGAGCCCTTCCGAA,292
GTGATGTACTAATAGT,292
TGGCTTATACATTTGC,292
ATGACATTAGCAGTCA,291
TAGAACCGGTAAGATC,291
ATCTAAAATAATGTAG,290
CACAACCACATAAAGT,290
TAATTACAGGTGTACC,290
AAAGATTAAATCCAAA,289
ACGCCGATAATAACCA,289
GTTACTATGATAAAAA,289
TAGACTCCAGCGCCTT,289
AAGCGTTAAATCCATT,288
ATGATTAACACGAATA,288
CACAGATCAGAAAAAA,288
CTTTCGCGAAGAGCTG,288
TGTTAAGACGATTGGG,288
TTAATACTTATACACA,288
AAAAAATTATCCTTAT,287
ACCAATAATAAGCCCA,287
ACTTCGAGACAATAAC,287
CTCTGAGCAATATATA,287
TTCAGAAGACAGATGT,287
AATTCTACTAATGTTA,286
ACATCAAAGGTTAATA,286
AGGAAACGATCCTGCA,286
CTTTGTCAGCCTAAAA,286
AAGACCAGGACCTTCG,285
ATGCGTCATTAAACTG,285
CGTGCGACCCCCGCTA,285
GGATTGCCGCAGTTTG,285
TTATTAAGAAGGGAGG,285
CGAATCGGAGTTCCAT,284
CGCGCATGTAATCCCC,284
GCCCCAAAAACAGCTT,284
GCTACCTAAAAAGTTT,284
AAAAGTACCAATCCCT,283
AAACAAGAATCTTAAT,283
AAACCAAATTTAGTGT,283
AATATAGTTTCAACGA,283
CCGCACCGTAAAAACT,283
TTAATAATAAGGTTGT,283
AACCTGAGGCTCTCAT,282
AATGGTTTTAAAATTG,282
GAATAACCCACTAACA,282
GCATTGTCCGTGACAG,282
GCTTGAATTGGAAAAC,282
GGGATTAATTCAATGC,282
TCGCCTTAGATACTGC,282
AAAGCAACGTGACGAC,281
ACAAATACCGATGGGA,281
ACAACGAATGCTGAGC,281
ACCCTAAAGAAACCCT,281
CGTCCCACTATTGTCG,281
TAAGCATTATTGTTAT,281
ATGTTGGAAGGAATAA,280
GACTGCAATCACAAAC,280
GGGTCAATCGACTGTT,280
GTAAACATGTGAGACA,280
TACCCACCAGAATGAT,280
AAATATTGTACCAATA,279
GAACCGACTGTGCATG,279
GAATATTAAATATTCA,279
TATTATCAATGAACTA,279
ACTCATTTGCCTAAGG,278
AGAAAGCAGATCAAAA,278
GAGATAATAGCAGCTG,278
TCGCCACTGATCACGA,278
TTGCGATCATAAGAAA,278
ACTTAATTAATAAACT,277
AGTCACCGTATTTTCG,277
GGCATATTGAAAACGA,277
TATGAATGATACATAT,277
TATGGGTCAACTTGTC,277
AACAAATGTGGAACGA,276
AATCTAAGAACTTCAA,276
ACTGTTATACTTATAC,276
AGCCAACCATTATAAA,276
GCGATTCACGAGTTGG,276
ACAAAAAGGCTAGCTT,275
AGCAGTAAATAAGAAA,275
AGCCAATGGCCAAATC,275
AAAAAACATTTGGTCA,274
TGCGCCACTGATTAGC,274
ACTGGAAAAGGACATA,273
GCGCCTCAATATTAAT,273
GTAAATTACTTGCTTC,273
GTTAAGCGCTCACGCA,273
TGAAGAAAATTACTGT,273
AGGTAAAAAAAGAGTT,272
CTCAAACAGAGATGCC,272
CTTGAAAGAACCTATT,272
TAAAAACTTTATACAC,272
TTCAACCAATACTCCG,272
AATCCATCCACGCAAG,271
TCACCATATACCACTT,271
AATCTAGATACGAACT,270
TGAGAACAAAGATGCT,270
GAGAGTCAGATCGCGA,269
TGACAACAGACGTTAT,269
AAGTATCAACCAGAAC,268
GAAGGACGTTTTGTTT,268
GGGTCTTCCGTAGAGA,268
GTTATACTCATGTAGC,268
CCACCCGGCCCATAAT,267
TCAAACAAAGGTTGAT,267
CTTCACGTGATTATAT,266
GTGACAAACTATCAAT,266
TAATCAAACTGGAGGC,266
TATATAACATAAAATG,266
TGATTCAATGTTATGC,266
AGCGAGTAGAGAACAA,265
AGTAGAGCAGGGCCCA,265
CGGAGACGTGTGAGTC,265
GAATGAGAGAGTACGT,265
TAAAACTACAGAGCTC,265
TCCTCAAGTCGGCCCT,265
TTTCAGTAATCCTCTC,265
CCAGAACATCAGCGCT,264
CTAACATCACCCGATA,264
CTGAAAAAACATTGTT,264
TACGTACAATCCTTAA,264
AAAAGTAACAAACGAA,263
AAGTATTATATAAAAA,263
CACTTAACATCGTGTC,263
GAAATAGCAAATCATC,263
AAGCTGCAATACCATA,262
AGCGATCGTAATCAAC,262
CGAGAGAAAATCTGAT,262
CCCGGTAACCTGGAAA,261
TCTTGGAATCCTCGAG,261
AAGCATATTATTCACT,260
AGAAGGAATAAACAAT,260
CATACATCGCCTAAGA,260
CATGACAAGCATCATA,260
CTTTATTTTTGGAACC,260
TTACAGAACTTAAATG,260
ACCGTACTCGATATAC,259
ACGGAAATAGGTCAAT,259
CAATTGGCATCAAGAA,259
TTAAGTCAAAAGCCCT,258
ATGGCCACTATTAAGA,257
GTCAACACCATTTGTA,257
TCTGGAAAATGAATAA,257
TTACTAAAGGATTTAA,257
AATTACTAATCAGATG,256
AGCGAGCAGGGTCAAG,256
AGTGAAAATATGTATT,256
CACATTTCCAACTGGC,256
CATTAAAGATGCATGC,256
CTTATAGTTGTATATG,256
GCTATTCACGCGTTGG,256
GGCCGCAAATAATTCG,256
TTGAGCCCATCCGAGA,256
AATAAGAAACAACCAG,254
CAATGCTAAGCAAAAG,254
CGAGATTAATAAATAA,254
TACACTTCGGGGTAAA,254
TCAAAGGACCAAACAG,254
GCTAACAGACAGGTAT,253
GCTGACCCGCTCCTTG,253
TAACATTTCTGCGGAA,253
AATGCCATTTCGCTAC,252
ATTCCCGTATTCAAAT,252
GCGTTGGTTGAAGATT,252
TAATTTGTGAAGCCAA,252
AACAACTAAAGATCGT,251
AAAGTAAGTGAATCTC,250
CACTCCCAGAATTTTA,250
GGCCCGTACCATTGGA,250
AATTAATTAGACTACT,249
CCGAACTATCGCACTG,249
GAAAATAGACAGCAGG,249
GACAACCCGCCCAAAC,249
GAGACAATAACTAAAG,249
TCCGGGTTAGAGTTCG,249
AAGTGAGACTCTCCGT,248
CTTCCGGATTGCCGCC,248
TCCTACAAAAACCTAA,248
TCTGCCGACCCACCCT,248
TGAGACACAAAGACTA,248
ACGTAAACAAAATGCA,247
TAATAACTACGGGATG,247
TCTAGTTAGAACAGAG,247
AACAATGATCCCTTTA,246
GCTCAGACGCATACAA,246
TGAAAACACCCAATGC,246
AGTACAATCAAACACC,245
GTCAAAAAACCAAGGA,245
TTACTGAGAACAATCA,245
TTTCTAAAATTAGAAG,245
GTTTAAATACAAGGAT,244
ATAAGACACATGTAAA,243
GAATATACAGAAGACC,243
GCATCCAAATCGGCAA,243
GCGCATTCGACCCACA,243
GTAACACTTAAGTGGA,243
GTAGATCACTACGCCA,243
ATCTCTGAACGCGAGT,242
TTTAAAGCGGCCAAGA,242
CGCCTTCGAGCAATTT,241
GACATATTTTTGGTCA,241
GTCCAGATCGCAACTA,241
CCCCCCTAATAAAACC,240
CCTGTCCGTCAAATAT,240
GATGTCTCTTACCCGA,240
GTGCTCATTAAATAAG,240
TAGGTCACGGAGAATT,240
TATTATTTTCCTAAAT,240
TTGCCATAGAAAATAA,240
ATGACTCCAGGTCGCA,239
CACCACGGGGAATTTG,239
CACCGACTCCAAACGC,239
ACTATACGGTAGGCAA,238
CAACAACCACAACGAG,238
CAAGCCACAATCGAAA,238
GAAACCATTCAAAATC,238
ATACAGATCAGCCGAT,237
TGAGGCTGACCACTCG,237
TTTATAAAAATAAACC,237
TTTATTAGTAACCAAC,237
AAAACACATCTCACTA,236
AGCAGGTGGGATGTCC,236
CCAGCCACTATAACAG,236
GATCAGCGGTATCTTT,236
CTGCGATAGCCATGTG,235
CTTGTGATCAAAAATG,235
GTATGACAATTACCGA,235
CCTAGGTATTCACAAG,234
GATTAGTTTTCAAATT,234
GTTATTTCCGCCTTCA,234
TCATAGGTGAAATACT,234
TGTGCCCTACCGCGCA,234
AGAAAAACTTCCCACT,233
AGTCAACCAATGCGAA,233
ATCAATCACCTGTGAC,233
CCTGTCCAACGGACTC,233
AAGCCACCAATTTATC,232
GGAAAAAAACCGGGGT,232
TGTTGCGATCACTGCT,232
TTGTTCCAACCACGAA,232
AAGTGCAGTTGCGCGG,231
ACCAAACAACTAAAGG,231
CAAGACTAACAACACC,231
CCTTCCCTTTAATCGT,231
CGAGACTTAGAGACAT,231
CTTGAAGCGTAACCGT,231
CGAACCAAATCATACT,230
TAGTTACAACCCACAA,230
TGCTCTGCCAACAAGA,230
AGTTGGAAAGTTGAAA,229
ATACTGTATAAATGTC,229
CAGATGACCCAAGCCG,229
GGTGTACAGAATATGT,229
GTATCGTGTCTATTTT,229
TGGGGTCAAAACACTA,229
CGACATTGGATGGAAA,228
GCCTTTTGCCTACTTT,228
GGGATTCCACACCGAA,228
GTCTTAACCCCGTTGT,228
TCAATCATGTGAAATA,228
TCGGGACCAACACATG,228
AAACAGGTTAATTCAA,227
AATCCGTTCCCAATCA,227
CTCTATCTAATCCACA,227
CTTCGGACATCTTAAT,227
GCCAACATCTAAATAA,227
GCGTTCACCACTTTCG,227
GTCTTCTAGACAAACT,227
TAAAAACGACAGTTAT,227
AAACCTTCAAATCAGG,226
ACAATACATACACTAA,226
ACGAAAATCGACACCG,226
CATGCACTTAAAGCGA,226
CTTAAAACACATACAC,226
GCACCGGTTGAGGGGC,226
TAAATTCTCAATGACT,226
AATAACACACACGCAC,225
ACAACATATCTGTCTC,225
ACGATGCCCCAGTTAG,225
ATTACCAGAGTAACAT,225
CACGTAACGATACAAT,225
CTTCATACTACATCAC,225
GTATGGATAACAATAC,225
TAAATGAAACGTCAAC,225
TACAAGGCTAGAGCAC,225
TAGGTTAGGCTCTACT,225
TGCGCAATATTTTAAA,225
TTTGCACAATGTGCCA,225
AACAATCCATGCAGAG,224
AAGAGGTAGAAAAAAC,224
AATAAGAAGAGAATAT,224
ACCGTACAACAATGCC,224
ATGTACACCGCTACAT,224
CCAAAAATTATAAACC,224
CGACACCATAGGATAG,224
CGACGAATCGGCAGTC,224
GCCGCTCATATTCTGT,224
GGGAAATGTGCAAGCT,224
TCTAGTAACTAGTCGT,224
TGACCATTACGATCTA,224
TTAGCATTACTAACAA,224
AATATACCAGGTTGTC,223
CCCTCACAACACCACC,223
GACACCACACTTCAAC,223
TAGGCGACATGCCTAG,223
TCATAGACATAACACC,223
ACATACCCTAAAGGTA,222
ATATCACGACAAAGAC,222
ATATTTGCGTATCAAA,222
CTGAAAGCGTACATCG,222
CTGTCGCGGAAGAAGC,222
GCATGCCTTCTGACCC,222
GGGGCAGACCTAACTC,222
AATACACGACGGGCAC,221
CAATGAGGAATATTAA,221
TACCCATGGATACCAT,221
TCCTATTACTTAGCAC,221
AACATCGTACACAACC,220
AGATATGCTAGACATC,220
AGTACTCCGAATCCGA,220
ATATTGGGCATAGCCA,220
ATTAACGGACATTTTA,220
CGATCAAAACCACACT,220
CGGTAGCAATCTTACA,220
CTCGTTCAATACTACG,220
TGACACGTTAACCCAC,220
TTAGCGCAACAGAAAC,220
AAATATTAAGCGACTT,219
AATCGTATATACGTAA,219
ATCTTACATATAAGTA,219
GCTAACACTACAGATC,219
TCGATAATAGAAGCCG,219
AAACCCGTTAAACCAA,218
ACATCGGCCCCTCCAC,218
CAGTCGATAGAAACGT,218
CTCACTCCCAGAGGCT,218
GCCACATCATTCATAC,218
GCGTACATATTATTCA,218
GTCAGGTGCAGTAATA,218
TACTCTTTTTTCATGG,218
TGCCTATGTAGACCGA,218
TTCCTGCCGTATCTTC,218
TTGACCTTTACTCTAT,218
ACCACGTTGCCAACGA,217
AGTAAAACCTAATTCT,217
AGTACACACTATCCAC,217
ATCTTAACAAGCGCTA,217
CACCCTTATACCCACA,217
CGTCCACACGAAAGAT,217
GCCGAGTTGATAACCC,217
GCTAGTATGATGGGTT,217
GGATTCTAGCCGCACA,217
GTATTAACCGGAAATC,217
TCTGAGTCGAACATAC,217
TCTTCCATGAAACTCA,217
TGCGTGTCAATTCGCT,217
TGCTTATAATTTTGCG,217
AATTCCGACAGGAACG,216
ACATATTGCATTTGCT,216
ACTACTGTTGCAGCAA,216
TACGTTAATGCGTAGA,216
TGCAGGCAGACGTGAG,216
AAAAAGCCTTCGAACA,215
AACGCCATATCTTCAA,215
CAACGCACTTCCACCC,215
CGCAGGTGCGAACTAA,215
CGGAATACTGAAGGTT,215
CTGTCTGAAAATTCGG,215
GAACCTCAAACGGCTA,215
GGGGATCATTGAAACT,215
TAAGCTCCTCAGATGG,215
TACGTTCGTCTGAGAT,215
TATGGCATTGACACTA,215
TGTCGAAAATAATCAG,215
AAAATAAATACCTCGA,214
AATGTCATTCCCAGTA,214
AGAATAGGCATATATC,214
AGTCTGGTATCTATTA,214
ATGCTGTGTCCCGCAA,214
ATGTACAGCGTACCGA,214
CACCATGCATACTATG,214
CATCCAATTCAGTTTA,214
CCACGGATAACAACTC,214
GCAATGGAATCATATG,214
GCACAATAGTATCCGT,214
GCATGCATAGAGTATG,214
GCCGAATGTGCCAGTA,214
TACAGCGAACCGTAAA,214
TACTCCGATGCTCGCC,214
TTAACCATAATCAGTG,214
AACAATGAAGAAATAG,213
ACAAATGCCCAAGTTA,213
ACTGATTATTAGCGAG,213
AGTTGAGATCACGGAA,213
ATCATACCAGAGGATA,213
CAGCTCCGCACTGTTA,213
CGAGTGCTCCAATACC,213
GATTGCTTCCACAACG,213
GCGTAAGACTAGATAG,213
GTAACTAGAGGGCCAG,213
TGCGACTCAGATGACT,213
TGTGACCAAATCATTT,213
TTATGCGGATTTAACC,213
TTGTAAGGAGGGAGCA,213
ACATCTAAGATCCTTG,212
ATAGCGATAACCTGCA,212
ATGTCGTGGGCTTTCC,212
ATTCAACTACCATCTC,212
ATTCGTCACCCCGGTG,212
ATTTAACATATATTAT,212
CACAAGTCTATGTTAC,212
CCACAACATCTTGGGT,212
CCACGTTCCCTCACAT,212
CCCTGAACACCTACAT,212
GAAGAGTTTAATACAA,212
GGAGTATGCCGGCCAC,212
GGGGACCAATCACTTA,212
GTCTCATTGAATACTG,212
GTGCCTTACTTCCAAA,212
TGAAGGTCCTGAAAAC,212
TTAACAGGAGATCAAG,212
AACATCCACCAAAGCA,211
AATGAAGGACAATAAG,211
AATTGCATTGCTAATT,211
ACGAGGCACCATAGAC,211
ACTACACTCAACCAAG,211
ATACTGGAGTATTGTT,211
ATCACTGCATACTAAG,211
CAGACCCAGTCACGCA,211
CATGGACGCACCAAGG,211
CCCCTACGCGACATGG,211
CTGACAAGAGCATGAC,211
GCGAGGTCTAATAAAT,211
TCTCCCAATCACGGAC,211
TTGATGAAATACCTCA,211
TTTACCTAACAATTCG,211
AATCACGTCCACGTGA,210
AATGACTACTGACACT,210
ACTAAGCAATAGCTAA,210
AGACGACACCACTACA,210
ATGAATATGAAGTGTA,210
ATTAGGAGTGCGCGAA,210
GCTATTCTTCATTGAT,210
GTAGACTTATCGCATA,210
GTGAACACCCCTTAAG,210
GTTCAGCATAATGCGA,210
TAAAGCGCGTTCAAGG,210
TATCACTTAGCCGCCA,210
TCACCCGTATACGAGT,210
AACAAAAAACTCCTCT,209
AACAGTTGGTCACTAT,209
ACCCAACAAAAATGCA,209
ATAGTGACCTGTACCA,209
CAATAAGATAACGTAT,209
CAGTCAAGTACCCAAA,209
CCCTCCGAACTCACAC,209
CCTGCATAACTGGTTA,209
CGATCCGATTAAATCA,209
CGGGACCTAGTCAAAT,209
GAATTTGGAAAAACAA,209
GATACGTACACCCGAT,209
GATTACCTTTCCTTAT,209
GCATCAATACATAGCC,209
GGGGCTATACAATTTC,209
GTACAGAGCGTGCCTT,209
TACAATAGCGATCACG,209
TAGATCCCAAGTCCAA,209
TAGGAAAAGCGTGTAA,209
TCACCTGAGATTGAGG,209
TCCTACCTCCGTACTA,209
TCTGAAAGATGTACTG,209
TGAGGAGGGCCAGCAT,209
AACGACCTCAGAAGTA,208
AAGCTTCAACACTTAC,208
AATGCCTGTTACTAAA,208
AGTGCTCCTACTTAAA,208
ATCGGTTCATCTCACT,208
CCTAGAGCATAGATGG,208
CGCATCAACTTTCCTA,208
CGGTACATCGACTCCT,208
CGTAACGGGGCAGAAA,208
CTTACTGGGCCCCGAC,208
GCATCAAAACAACTAT,208
GTACAGTAGTAAAGTA,208
GTATACTCCATACAAG,208
GTCATTGGTTTTTACC,208
TACAAAATCCGGCCCT,208
TACTACTAAAGCAGGT,208
TACTTGCTTAGGGTGA,208
TAGTTGGAAATAGCAT,208
TGCCAATACTGAAAAG,208
TTATTACTACACACAC,208
TTTGGGGGGCTTAACC,208
AACCATACGACGTTTA,207
AATGGTCACCATAACC,207
ACTTCCCCCCCAGAAA,207
ATTGTACCACAACAAT,207
CATATAGCAATATGGA,207
CCAAAATCCACCCCTC,207
CCAATAAGTAGATCCT,207
CCGCACCGAGGCTTTG,207
CCGCCAACCTTTATCG,207
CGACAAAGTTAAAAAT,207
CGAGTAGTCCGTGAAC,207
CTCAAATCAACACACA,207
CTCCCAACTGACGCCG,207
CTGGACGCATGATATT,207
CTTCGGAAGGGATCTG,207
GAAAGTTAGGAACAGA,207
GAACGACCCGGTCCAC,207
GACACCAATAACCTAC,207
GGACAGCAGTGACCAG,207
GTTGCCAACTTTTAAC,207
TACGTACGACAGCAGC,207
TCCTTCCAAGTTAACG,207
TCGTTGTATCAATCAA,207
TTGAAACACCGCCGCC,207
AAAGAGCCATCTATAA,206
AAGCCATCATTCCCCG,206
AAGGAGAGAGGATTCG,206
ACATATTACGTGGGAT,206
AGTAAACGATAAGGTT,206
ATACTATACCACCGAA,206
ATCTTTACTACATTCC,206
ATGGAATAGGAGGCTG,206
ATTTCACATGTAGCTC,206
CCTGCGAAAAGTGCAG,206
CGTGAAAAGCGAGTCA,206
CTCAGAGGTCAACGAC,206
GACTGTAACAGACGAA,206
GACTTCAGGATTAACC,206
GATTGCGGTTTAGATT,206
GCCAAAGCTATTAAAA,206
GCTAACAAAGTTACCG,206
GGACTCCAGCAGTAGG,206
TACGTCATATTGACCA,206
TAGAACAATGCAAAAA,206
TAGTAACTATTAAAGC,206
TATATCCTAAAACACT,206
TGGAAACTTTAGCGCA,206
TTTAGATATTCAACTA,206
ACCCAAGTACTAAACT,205
ACGAGCCCTTTCCTCA,205
ATATCTGACCGCTGCA,205
ATTGGGATACTGCCCT,205
CAGACAACTTTCAGAA,205
CCAAAACTTGCGTCTA,205
CGATTAGAAATCAAGA,205
CTGTGGATAGGAACGG,205
GCATAATTCACAGCTT,205
GGATAAGATAATCAAA,205
GGTAAATGTCTTTAAT,205
GTGACTACAAGGTAAT,205
TACAGACACCTATTAA,205
TATCAGCCTTGGTCAT,205
TATTCCTCTAGCTGTC,205
TCTAAAAAACTATGTA,205
TGACCTTACGAAAGGG,205
TGATTTCTAATCCACT,205
ACAAGCTGGCATCAAT,204
AGGGATCGAACCACAA,204
CACATGGCATATGTTA,204
CATTACTCTGTCAAAA,204
CGCCAATCACCCAAAG,204
CGTGGCGTTTATACTA,204
GAATCCCCAATGCGAT,204
GGTGAAGGTGGAGGAT,204
GTTATTAAACCGCATG,204
TAGATGCCTCATGACT,204
AAGCCATCAGTATCGA,203
ACGCCTTTACGCGCAA,203
AGGGAGAACATTTGCC,203
ATAGGCAAGTTCTAAC,203
ATGTTGGGCGCACAAC,203
ATTTGCGACAGTTCAA,203
CAACTTACCAAAGCAC,203
CAAGTATAACATCTAT,203
CAATGACAAGCTACTC,203
CACGACTCAGAGATCT,203
CCGTGCGGTGTATGAG,203
CCTCAGATGTATAAAG,203
CCTGGCTAAAATTGAG,203
CGCACGATATAAGATG,203
CTAACTTACCAGTCAA,203
CTCCAACATTACAATC,203
GAAGGGAGTGTCACGC,203
GACTAATACTATACAA,203
GACTATTTATCACAAT,203
GTCAATAGCTTCACGA,203
TCTATGTGTAAACAAT,203
TGATATTACATGCACC,203
AACGCTGGCCCAATCA,202
AATTTGCAAGCATACT,202
AGTAACGGGCGGGTAG,202
ATAGCTACTAGCTGAC,202
ATCAGATCGAACCTCG,202
ATCCGAATTATCAATC,202
ATGACCACTCTCTGTC,202
CACTAATCAAAATGCA,202
CTGCTTAAAAGCTAAG,202
GCAACCGAATCAAACC,202
TAATCGTACAATGAAT,202
TAATTGTTTTAAGGCC,202
TATCATACGCTATGTG,202
TCAATGGCCGATTGAA,202
TCCTCGGGTTAAAAAT,202
TGGAAAGTAATTTCTG,202
TGTAGTAAAGCATATA,202
TTACTATCTGTACTAG,202
AAGCTGAGGAGTGACA,201
AAGTGCTAAAAAATGG,201
AATCACCTCAGGACCA,201
AATTCGATGCGCTTTC,201
ACTTGGGATTTAAAAG,201
ATCCAAATAGGGTCAT,201
ATGAAAGACACAACTT,201
ATTGACACGATCAGGT,201
CACCTAAATCATTCAG,201
CCACTAATTTCTGCCA,201
CCTTAAGTTGATATGT,201
CGATATCTAAACTTAC,201
CGGTTGAATTCTAACA,201
CTAGCAGTCAACATAC,201
CTCTCAATTCACCTAA,201
CTGCAGTTACCCTCTT,201
GAATTCTCAACCCCAC,201
GATCAGTAATGCGATA,201
GCGTGAAACTGAAATT,201
GGAAATGACCAAGTTC,201
GGTTTAAATATCGTGC,201
TAGGAGTAGTAAAAAA,201
TATTCCGATGAAATTC,201
TATTTCTTGGGCTAAT,201
TCAAAAAAATACTACG,201
TTATCCCAACAATTAC,201
TTGCCTCCGAAATACA,201
TTGGATGGAGGGCTTA,201
AAAGCCATGTGTCCGT,200
AAGATGATGAGCATGA,200
ACACCAACCTCAATAG,200
ACCATACCAAGAAAAA,200
ACTGTGAGTTGCAAAA,200
AGGAAAAAGCTGACGA,200
AGGCGCTACCACCCTT,200
ATACAATAGGGTATCT,200
ATTCATACAGGATGGA,200
ATTTCGCTCGAACCAT,200
CAATATTTGGATATAG,200
CACGAAAAGGCAATGA,200
CATCGTACGCCAATCA,200
GAATCACAACTAAACT,200
GTAAAAAGTTAAAAAA,200
TACTAAATCCATAGAC,200
TAGGCGTCCCTACTCA,200
TCAGCTTAAGGAATCA,200
TCCAATTACAACTATC,200
TCGGGTACTCATATGC,200
TGATTAAGACCGAACT,200
TGTGTAACGACACCGA,200
TTGTCATAGTCATAAG,200
AACATCTCGAGGCCAT,199
AACCCGCATTACCTGT,199
AATGCGGAAGGTGAAG,199
AGCCATGAAGATACCC,199
ATTGCAAGCAAATAAT,199
CATACTTCAACTCAAG,199
CATAGATGGAGCGATA,199
CATGACCAGACCAAGC,199
CCACGGTGAAGGAAGT,199
CCGGGTGAAACCCTCA,199
CCGTGTATCCAGAGTA,199
CCTCGATCGGTGTCCC,199
CGTAGGTGTACCATAG,199
CTGCGCACGCTCTCCT,199
GAAGGACTAGAATATT,199
TAACTCACCTCTATCA,199
TACAATGATCAAAGTA,199
TCGCATACTTAGAATG,199
TCGCGACCAAAGTCGC,199
TCTTACTACTTTAAGG,199
TGTCTTATGCATTCGT,199
AAATGCGATTGCAAGT,198
AAATGGCCTCGTTCTA,198
AACACTAACAACGTCG,198
AAGCTGATTCTTGAAG,198
AATGAGCCAGGGGACG,198
ACCTCAAAGCCATTCA,198
ACGGTTTGCATCTACT,198
AGCTTTTGATTTCTAG,198
AGGAGACTCCCTACAT,198
AGTTTAACAGTGAAAA,198
ATAGACATTGCATAGC,198
ATTCGACTATTAGCGA,198
CAAAAAAGCTACCAAA,198
CAGCTAAACTCTTGGG,198
CCGCCCATTATCCCAG,198
GACAACTATTGCTTGG,198
GATCACTGTACCAGTT,198
GGACCAGAACTCAGAT,198
TAATCTGACCTTAATG,198
TAGGCTAACATGGGCT,198
TGAAATAGTTTGTTTT,198
TGGAAAATCTGTACCA,198
AAAACATATTCCTAGG,197
AACAACACAAGACTGG,197
AAGAAAAATCTACACT,197
AATATGGAGACTTACC,197
ACGCAAGAAAGAATAG,197
ACTACTTATATGTCCA,197
AGAGCCACAATACAAG,197
AGGAGAACACGTTTTC,197
ATAGCGTAGGATTAAT,197
CAATTACGGTCGTAGT,197
CACACGCAAGATTAGA,197
CCAGGCGACAAAGACG,197
CTCTAGCCACATAGCA,197
CTTCGAAAACTCCACG,197
GACAGGATGTTGACAA,197
GACGATACTCAACGCA,197
GCAGCATCAAACCACC,197
GGAGATTGCACAGCAC,197
GGGACCAAAAATTTAC,197
GGTTCGACAACGTCGG,197
TCCCCTGACAACCTTG,197
TGAGCACAAAATATAT,197
TGCACAATGTTGAACG,197
TTACTCGATTAGTCTC,197
TTAGCCCAACCACATG,197
TTGGCAAGTACTGCGC,197
TTTCCCTCATCTCGTT,197
AAGTAATGCATACAGA,196
AAGTCAATCAAATTGT,196
AGCTCAGAAAAAAATG,196
ATTGAACTCAAGCCGA,196
CAGTGGTCAAATCAAG,196
CGCTCCTTACCAAGCC,196
CGGCGCTTTCGTGCTA,196
CGTATCTATCCTACTA,196
CTCAGCCGACGTCACA,196
CTCGCCTGCCAACACT,196
CTCTGCTGCCATGCGC,196
CTGCGGGTAGCGATTC,196
CTGGTTAACAAGCCCG,196
GAAAAACCCTGGTATA,196
GAAACATGAGTCATTC,196
GCCTTCCCCCTTTAAT,196
GCTAGGGCATCCTTTG,196
GGATCCAGTTTACTAC,196
GGATCTGGAAATTTAC,196
GTAAAGACTTGAAACA,196
TAATCAAGTGTAGGAT,196
TATAGCCAGGATTTCC,196
TATAGGATCAATGCCA,196
TGAGTTAACCCATACC,196
TGCTCACAATTCAAAA,196
AATCCCAGCTAATCAA,195
AATTAGGTGATAACGA,195
AATTGATAGAGATTAT,195
ACCGAAATATGCCAGA,195
ACCGACCACCGCTGTA,195
ATGAGCAGCGGTTAGG,195
CAGATCATCCACTTCG,195
CCATAGCTCTAATTGA,195
CCCACCAGAGCCCCTA,195
CCTCTGAATAGGCATG,195
CGGATTAAAAAAGCGT,195
CGTTGTAGCGTCTTTA,195
GAATTGATCCTGATGT,195
GCATACAGAGGGTCCC,195
GCCGTCAATGGACACA,195
GCTTGCGGACAAACCT,195
GTGTTGTAGCCAACAA,195
TAATACGCGACGGACA,195
TACATATGTTTTACAC,195
TATCTGAGAGTTAGCC,195
TTGCAACCGAATGGAA,195
TTGTCCCAAACGACAG,195
AAGTTGCGCTACTATA,194
AATATCGGTTCTCAAT,194
ACAACTTCACTGCCAT,194
ACCATCGACCGCTCAT,194
ACTTATACCGCATAAG,194
AGCAACAGAAACACAC,194
AGCAATATCGAACAAG,194
AGGCCTCATACACTAT,194
AGTCATAAGCAGCATG,194
ATTTAAAAATTTGCTT,194
CACTTAACCTAAACCA,194
CATATCCGTATCATGG,194
CCATAAAGCCTATGCT,194
CCTTTGACTCATAGGA,194
CGAGACATTAGACTCG,194
GAAACCTTCAGTGCGT,194
GAACACTCCCCATAAC,194
GAATACCTCGAATAAC,194
GAATAGCATATGGACG,194
GTACAACCTTTTCATC,194
GTAGGAATTGCCTCTA,194
GTTTACCAAATAAAAC,194
TACTCTCTTAGACTTT,194
TCGCTGTATTAATGGG,194
TCTAACCCAAAGGTGA,194
TCTTGCACACCAAAAT,194
TGAGTCTCATGCGGTA,194
TTATCAATCAATATAC,194
AAGATACAGCGACGTT,193
AATAACATTGAAGTCA,193
ACAATCTACTGCCGGT,193
ACAGATAACACAACCT,193
ACTTGGAGCAACATTT,193
AGAAGTAATGTCGCAA,193
AGACCATCTTTTAAGT,193
ATCCAAGCGTAATGCA,193
ATCTCACAGTAATGAG,193
ATGAATCGATCGAACG,193
ATTAATACCTATGACA,193
ATTTCAATCGGCCTGA,193
CAAAACTCGACACGAT,193
CATTCCAATCCATGGT,193
CCTGCGGCCCCGCCAA,193
CTGAAACCCAAGGTTT,193
GAGTTGCTTGTCATAA,193
GCAATGACTCATAATG,193
GGAAGAAAGACTCACA,193
TAGCTAACAAAAAATA,193
TATAGCGTAGTAAGCA,193
TCAGCTTGCGGGTTGA,193
TCCGCTAAAAGTAGGA,193
TCGTCAAAAACCCCTG,193
TGGTGACTAATAAAAC,193
AAAACGTACATGCTAT,192
AAGCTGGTTAAGTCCA,192
AAGGTGGGAATTCAAA,192
ACAACAATATCGCAAC,192
ACCGGCACTTTCTAGA,192
ACCGGTGATCCGTTGA,192
ACTGAAAATAATTAAT,192
AGATCTTAGTGCTTGA,192
AGCACGTCGCCTAACT,192
AGCCCTACGACAACAT,192
AGTAGACTCCCTCCGT,192
ATAAGCGGCGGGTTGA,192
ATACACCATAATATCA,192
ATCTCGGGGTTAACAT,192
ATGGGTACATCCTTAA,192
CAGCCAAATCTTATAA,192
CAGGAGTGCTTTCAGA,192
CAGGTTGTGACCATCC,192
CATGGGCCGACATAGG,192
CCATGTAGCAGTCGCC,192
CCTACAAGTTCCGAGT,192
CGAATTTTTCCAACTA,192
CGATCCTAAGCAACAT,192
CGTACGTCCTGCCTTA,192
CTGGCTATCTCTAACA,192
GAGCATATATTTAAAA,192
GCATTAAAGAGACCTC,192
GGATGGCAACCAGAGC,192
GTATCTCGTTGCATCG,192
TACCACTATACTACAG,192
TCCCACGTCTAACGAA,192
TGATCAAAATCAATCA,192
TTACATTAGACCTCTG,192
AAGAGGCGAAAGCTGG,191
ACAAAATTCGGACAAA,191
AGATATGAGAGCCGAA,191
AGATTGACAACCTGAT,191
AGCTCAACAACAGAAA,191
AGGACACGGAACGCTA,191
ATGCCAACATACAAGC,191
CAAATAATAGCTCGCA,191
CAGAAAGTGATTGACC,191
CATTACATATTCTATG,191
CATTTCAACCAAATCC,191
CCCTAATCTAGCTTTG,191
CCTATTGAACGAATTC,191
CGCCCTTAAACCTGAA,191
CGGATACGTTCACGAA,191
CTACATTGAAAAATTA,191
GACGTCGTACCAAACG,191
GAGCACCCAAACTGCA,191
GCAATGTATTTGTAAA,191
GGCAGAAACGCTCATT,191
GTATACCCATTCCTGA,191
TAACTACACCTGCTTA,191
TCCAAGCCCCTGGTCA,191
TGACTCCCATTTTAAT,191
TGAGTAGCACGACTTC,191
TGTATACACCCATCTC,191
TTGAGTACATCGCAAC,191
AAAGCGCGTATAGCGG,190
AAGCTACCTGCCTCCG,190
AATAGACTCCCTCCAT,190
AATATCGAGCAACGCA,190
AATCACACAAGTATAA,190
AATTATCTGAGCGTAA,190
ACAACCCAGAAACTAC,190
ACAAGCAATGGTTAAA,190
AGTGCATAATGTAGTG,190
ATTCTTATGGATACTA,190
CATTTATGACTAAAAA,190
CCACTTGAGTGAAAAA,190
CCGGTGAGCATTCATT,190
CCTCCATACGTAATTA,190
CGCTGATCGTGTAAGC,190
CGGATCCAGTTGCGTT,190
GAAGAAGGATCGTTGC,190
GAGCTGTTTAAGAACA,190
GGTCTGAATCAGTTGC,190
GTAACAGTTTGTTGAC,190
GTGTGTATAGATGCAG,190
GTTAGGGCTCACAGCG,190
TACGTTTGTCAATCTA,190
TATTGTTTTACGAGCG,190
TCTATATACGACCTGC,190
AACGTTCAGATACAAT,189
AATTAACCATGTCCAT,189
ACATATCTGCACTAGT,189
ACCACGCAGCAACTTA,189
ACTAGAGGGACCACCG,189
AGAACCATCGAAGCTT,189
AGAACTTGATTTAAAA,189
AGTCATAAAAAATTTA,189
AGTTTAAGAACGATAG,189
ATAGCGATTAAATAGT,189
CAAGATTAGGAGCTTA,189
CACTGAGTTAAAAAAA,189
CATTAGTGAAATATAC,189
CCAACCCAGCCGTATA,189
CCACAACCGACATAAT,189
CGAACTGAAAAAAAAC,189
CTAGATCGTGCTTCAT,189
GAACACTCCACCCTAG,189
GATTCCTAAGAATGTT,189
GCACCACCAGTCAATC,189
GGGAAACAAGTCCAAG,189
GGGATATCAAATTACA,189
GTGAGATCGCCTTATC,189
TAACATCTTAGTAATC,189
TAACTGCCGGACATGA,189
TAATCAAAAGCGCTTT,189
TAGATAATGGCATGTG,189
TATTTTCAGTGGACAA,189
TCATGATTAACATCCC,189
TTTGTGCTGTAATCAC,189
AACAACAAGAGAACTC,188
AAGTCTGAGGTACCAA,188
ACCCTGGAGTAGTATG,188
ACCTTCCATGAGATAC,188
ACTAACCGCTTGTCAA,188
AGACTAGATGGGACTG,188
AGGCCATAATCGCTGC,188
AGTCATTGTGATTGCC,188
AGTGTAATCTCTGAAG,188
ATCAATCATCACGGAG,188
ATTCACGCAAATCATT,188
CAATTACAGTAATCAC,188
CACTGACCTTCCGCAT,188
CAGCTCTATAAGTCTA,188
CAGGGTGTTAGATAAC,188
CCGAGTAGCAGAGGAA,188
CCGATAGAAGACAAGA,188
CCTAACGCCCATACCA,188
CGATAATCCCAAATTT,188
CGATGATCCCCGCACA,188
CGTAAAAGATTGGCCA,188
CGTAGCACTAATTAGT,188
CTATCGTAACTTGTGG,188
CTTCTATACAGCAACC,188
GATGAAATCATACTTA,188
GCATCACGTCAGCCTA,188
GCCGAGGTTAAGCTAA,188
GCGTTTAACACTACCG,188
GCTAGGATTGCCGAAA,188
GGAACTCCTAAAAGTG,188
GGCTAGCTTATATTCT,188
GGGACCGTAACTTGAG,188
TACAGCGCAGATCTAA,188
TATCTCGGCCCTCAAT,188
TCGCTCAGTACCCAGT,188
TTAGTCAATGGATTGC,188
TTTCATCCCTTCAAAA,188
TTTTACCGAATATAAC,188
AACCATGGGAACAACT,187
AACGATAGTGGGCAGT,187
AACGGGCATTACCCTT,187
ACATCCATCCATCCCA,187
ACTGGAATACCTGAGG,187
AGGCTACCGATTCAAC,187
AGTACACTCAGACACC,187
AGTTGGCTGTAGCTCA,187
ATAGACGCAGCGCCTT,187
ATCATGAACTTTATAT,187
ATGTCATTAAATAACA,187
CACGCAAATATGTTTT,187
CACTACGCGACTATCG,187
CACTATTTCCTTAGTT,187
CATAAAGGAATATCAT,187
CATACTGACACGTAAC,187
CCCATGAAACTTTCAG,187
CCGCTTACATATACTA,187
CCGTTATGGACACCAC,187
CCTGGATTTCCAGAAT,187
CGCCTTGATCCAAAGT,187
CTGCCGCAAAGCCAAG,187
CTGCTGATTAGGCCTT,187
CTTGAGGTATGCTGTT,187
GAGTTTTTTTTAATGG,187
GCATCGGGACATGAGT,187
GCTGGATTATACCTCA,187
GGGAAAAGAACACTAT,187
GTACAACGATCGAACA,187
GTCATCAGATGTCCCC,187
TACCAAAAAATCGTTT,187
TACTCTAGGGCAGAAG,187
TATTACAAGATAGCAT,187
TCCAGTACCATTACAG,187
TTGCTACTACAACACG,187
AAATTTCTCTTGACTC,186
AACCACACCACAGACG,186
AACCTACGATGCGCTA,186
AACTGGAGGGCACATG,186
AAGATTACTAAAGCCA,186
AAGCCCGTTCCTAACT,186
AAGTAGGCATTGGGAG,186
AATGTAATTCCGGACG,186
ACGAATGGACTTACCC,186
ACTAAAAATCCAAATG,186
AGACAATGATACGAAA,186
AGATCTGTGACATCAT,186
AGATGCTACACAATTG,186
AGCAACCACCTTTAGT,186
AGGTACCATATATGTT,186
AGTGAAAATAGATCGC,186
ATAGTATAATACTACT,186
ATATTAAAACACTAAT,186
ATCAAACAAAACGCAC,186
ATCAACAACACTCAAT,186
ATTGTATTATGACCAG,186
CACCCGCCTTCACCGA,186
CATAGACCCCTCGATG,186
CGTTATTCTCCTTCAA,186
CTACTAGAACTTCACG,186
GAACAAGACCTAGCGT,186
GAATCCAAAGTGATAT,186
GATAATAGAGGTCTCC,186
GGTTATAACGGACACA,186
GTACACCCATGTGGCA,186
GTCAGTCAAAAACGTA,186
TAATGTAAGTAATGCC,186
TAGTGACCCCTTTTCT,186
TATATCATGATGATGC,186
TCTCCTATCAACCTTA,186
TGACAATACTTGAAAA,186
TGTACACAAGTACATA,186
TGTGTTGCAGACTGGA,186
AATAATCGTACATATG,185
ACCCCAGTTACGAAGC,185
ACCTATATTACACCAA,185
ACTTACCAATGGAAAT,185
AGCCAATCGTGACCAA,185
AGCCTACCTAGTAATT,185
AGCCTCACTTATAGAT,185
AGTGTTTGTGATTCAA,185
ATCCATTGAATGTGGA,185
ATCGCCATTTAGAGCT,185
ATGTTGTTCCACGGCC,185
ATTAAAGAAATGCTAT,185
CACCCTAAACTTACGT,185
CATAGGAGAATATCAC,185
CCACGTTAAAAATTAG,185
CTAATATTGTTCAAAA,185
CTTAGCATATAACTGT,185
CTTTTCCGCAAAAGCG,185
GACAAGCGCAACAAAA,185
GACCTCCATCGAATAC,185
GCAATGACGCACTCAA,185
GCATAGCATAGACCAT,185
GCGTAACCCAATTTCG,185
GCGTAGATTAAAGCTA,185
GGAAAGTGTTACCACC,185
GGCTTCATCTATCTTC,185
GTAGAGATCTAATTCT,185
GTCTACTCTATTAGCA,185
GTGGCTCACACTGCGA,185
TACAACTTTCTTGCTC,185
TAGGGCGGCCCAAAAG,185
TATCACACTACATTGC,185
TCAATAAGAATTAATC,185
TCTTATGGCTATATCG,185
TGATACTTGGAGCAGC,185
TGGCTCAATAGGTCGA,185
TGTACTAACCGGCTTT,185
TTCCATGAAGCGAACT,185
AACAAGAGTCCGCAAA,184
AACGCTTTCGCGCATC,184
AAGATCGCACCATGTA,184
AATACGAGTCTTCACG,184
ACACCTAGTGTATGAC,184
ACATTAAAACCCAAAC,184
ACTCCTTGGACATTGG,184
AGACGAACACTACTCT,184
AGCAAAGTAAGGGTCC,184
AGGTCATTTGACTTTA,184
ATAGGTCTTGGATTGA,184
ATTAGAGAGAAAGGGG,184
CAATATTTGAGGTACT,184
CCAAAATCTGAAACTA,184
CCCTTAAACCTAATTG,184
CTAACACAACACGACG,184
CTACCCAACTAATAGG,184
CTAGACCAAAGCAAGA,184
CTGCCGATAAATATGG,184
GAAATCTCAAAACTTG,184
GAAGACACGTCCAACA,184
GACAAGACCCCAATAA,184
GACCAAGATGATTGCA,184
GACGCATGATTTAACT,184
GACTAATTTACCAACA,184
GCAAAAGGACGGTGTG,184
GTAATCAATCGCCTAA,184
GTCTATCCTACAATAT,184
TACCCGTGCGAGGCTC,184
TATAACGGTAGAAAAA,184
TATTAAGGGGAACGTT,184
TCCTTGGCTTCACGTG,184
TGCGAACCGATCAACC,184
TGCTTAACCAGTCTAT,184
TGGACCTTAGGAGCGC,184
TTTAACGCATCAATTA,184
TTTCATTACTAACTCT,184
AAATCCAAGTAGCTAC,183
AAATCCCCAAATCCAC,183
AACACTTACAGATAGA,183
AACCCGACCACTAGCC,183
ACACGCAGGAGACGCT,183
ACCACCTCAACAAGTA,183
ACCTAAGCATCAGAAT,183
ACGACCAACGAGTACA,183
ACTCTGGCCGTCGTAA,183
AGAACATCCACATCAC,183
AGCCAAAAGCTAACTT,183
AGTATACACGTCGTAT,183
ATAAATTCATAAAAAA,183
ATTAATTCCACCAATT,183
ATTGAGCGAAAGGGAT,183
ATTTCTACGTCAAAAC,183
CACTAAGGTTGTTGTA,183
CATCGCATATTCCAGA,183
CATGGACTCATACAAT,183
CCAAATAAACTTATCT,183
CCCACGGACGAAAAAG,183
CCGTAATATTTACTCC,183
CGCTCACTGGAACACT,183
CTAGATGAACGTCATT,183
GACCTACTCAAGGATA,183
GAGTTGGTCTCAAAAT,183
GATGGACTTTAATTGC,183
GCTACATATCCATAAC,183
GCTCTTAAAACCAACA,183
GGATATTAGGTATTTA,183
GTCACCGGAATAGGGG,183
TAGATTCTATTAGTCC,183
TATAAAACAGGATCGT,183
TATAGCATTCGAAATA,183
TATTGACTCATTCCAA,183
TCACATCACACGCAAA,183
TCACCCCTGACAATGT,183
TCTTTATACAATCCAG,183
TGAGTCAAAGAACACG,183
TTACAGCTAAGGCATC,183
TTGCACCCCTACGGAC,183
AACAAGAATTTAATTG,182
AACCATCGTCTGGTTG,182
AACTCGAGCGTAGTTG,182
AATATCCTATTACTGG,182
ACCCATGAATAGAACC,182
ACTAATAGGACAACGT,182
ACTGCAACCTATAAAA,182
ACTTGGACCTATTATT,182
AGATCGCGGGGCACGT,182
ATCTATTATTTTCTGT,182
ATGAGAGATAGTTCAA,182
ATGATACTGAAAAACT,182
ATGCATTCATGGGCAT,182
ATGGTATGCAAAAGCG,182
CAAACCCCATCAGTGC,182
CACTCCTTTAAGTCCT,182
CAGGACAAAGAGAAAA,182
CATACTCTCGATTGAA,182
CCATATGACATCGTCA,182
CGATTACAAGCACAGG,182
CGTCATTCACTTTGGC,182
CTATTTTTTGACCATA,182
CTGTACCCGTCAGTCT,182
CTGTCATTTCATCTGT,182
CTTTCCAGCTCAAAGT,182
GAAGTTATGCATACCT,182
GACAAATAATACAATT,182
GAGATGGTTGATTAAG,182
GCAGTTATCTCACCAT,182
GCATCGAGATGAACCA,182
GCGGCGATGTTCTATC,182
GGAAAACAATCGAGAC,182
GGACTAGGTAATCACT,182
GGATCAGTGAGATATC,182
GGGCGTATAAGCTTAG,182
GTACAGCCAGCCAAAC,182
TAATCTAACAAGTCCA,182
TACTACCCACAGATAG,182
TATTACAGATGACGTT,182
TATTACTATGAGATAA,182
TGTCATTAGCAGCCGA,182
TTAAGACAGGCGCACT,182
TTCAAAGGAATCTCGA,182
TTCGCCACTGCATTAT,182
AACAACCTAGCAGTTG,181
AACCGTTGATTACAAG,181
AACCTAACCCCCTATC,181
AATACAGTACGTATTA,181
AATCGTCTGTGAGAGT,181
ACAAGTACGGACTACT,181
ACCATCCCAGTAGATA,181
ACTATATTACCGGGGA,181
AGAGCATGAATCAAAG,181
AGATACCGCATCCCCA,181
AGATGCAGATAGCCGC,181
AGTGTTCTAATCTGAT,181
ATAAGGACCATTTAAG,181
ATAAGGTCCCAACCAC,181
ATGTTCTTAAGGTCGT,181
CAGAATAACTAGATCC,181
CATTACGCGACCCAAT,181
CCAAATTCGGAAACCT,181
CGATTTAAAGGTTTCA,181
CTAACAAAGTACCAAC,181
CTGATGATACACAATT,181
CTGCTTCAGATAAACA,181
CTTTAATGATCGTCAT,181
GAACGTGCTACTGATT,181
GCTAATGTCACATCAT,181
GGGGATAGAGAACAGT,181
GGTAAAAGATGCATTA,181
GGTCAGCGCTGCTGGA,181
GTAGTACACCATATAA,181
GTGGTAGCTATCATTG,181
GTTTAAATTTACGGGT,181
TAATACTATAATGAGA,181
TAATTAAGAGATAAAT,181
TACAGACATTTAATCA,181
TAGCGTTTAGCATCGA,181
TCACATACCAGGTCAA,181
TCACTCCATATGGCAA,181
TCAGACGCATAAAAAA,181
TGCGAGACACACGAAA,181
TGGCCACCACTCCGCA,181
TTATCTGTGAACAAGG,181
TTCGACCCATGGCACA,181
TTGAAGCCTGACTGGT,181
TTGACTCTGTTTCAAC,181
AAATACCATTTGAAGT,180
AATGAATGCCTAGGTA,180
ACAACAGGAGGTAACA,180
ACTCCCTGAGATAAAC,180
AGTCTCTCGGACTAAA,180
AGTGAAAGAAAAGTTC,180
ATTCTCACAACAGCAA,180
CATAACGCTATATCCC,180
CATTACTTCAAGACGT,180
CCGAGCCAACTATCAA,180
CCGTACGGAACCAAAA,180
CGCTACGCTCACCGTT,180
CTCTGACTTAGGCACA,180
CTGATAGAATAGCTCG,180
CTTTATTCACACGAAG,180
GAAAAAAGTGATACTT,180
GACATGAAAATTAATT,180
GAGCTATAGAATCGTA,180
GATGCTCAGAGTCTCT,180
GGGTTTAGATGATATA,180
GGTTTCCATTTAGCAC,180
GTGCCAACCCATACAA,180
GTGTCAGATTGAATAC,180
TAATAACCCGGTACAA,180
TAATCGATTCCTCAAA,180
TACATACAGTGAATTA,180
TACTTAGGAAAACGCC,180
TATGAAGTAATCGACG,180
TCCTGGAGCTCGAATA,180
TCGGTACGTACGAAAG,180
TCGTCAATAGGAATTA,180
TCTCGAAGTATAAGCA,180
TTCATTATAAAGATGT,180
TTTAAAAATGTCTTTA,180
AAGAGGAGTCGTATTC,179
AATCCAAGAAATGCGA,179
AATGCGACAGAGTCAA,179
ACACCACACCAGTAGT,179
ACAGGAAATGCCGCGG,179
ACCTAGCCATGGAACA,179
ACGCCACAATGTGAGA,179
AGACTCGGAAATGGAC,179
AGTTGTATTCATAAAA,179
ATAATCTTGCCACACA,179
ATGGATGACATAGTGT,179
ATGTAAGTCCGGATAA,179
ATTCGTAGTACAAGGG,179
ATTTGTTTTAAACACG,179
CACATGAATGAGTCGC,179
CCTGTCAGATTCAACT,179
CCTTTAGGCGGACATC,179
GATAAGGACTAGTCAA,179
GCAAATCCGTTTAACA,179
GCATTCGGACTGAATC,179
GCGGTCAAACTACGTT,179
GGGAATTGGATCGTGC,179
GGTCTATTTACACATT,179
GTTGTATCTCTACCGC,179
TATACACATTCAAGCT,179
TCAATTGACGCCCGAT,179
TGAATGACCAGAGGCC,179
TGACTTACTAAGACTA,179
TGGGCCGGACAGATAG,179
TGTCACAAAAATGCCT,179
TGTCGACCTTAAAACA,179
TTATGCATTAAAATAA,179
AACTCATTACCTCAAC,178
AATACAATAATGAAAT,178
AGCAGAAATAATCGCT,178
AGGCTAACAAGAACAC,178
AGTGCATACTTTCTCG,178
ATCATGAACTAAATGA,178
ATGTTGTCATAAAAAT,178
CAACAGGACACGCTTG,178
CATATAAAAGTCAGAC,178
CATATATACTTTTAGT,178
CCACACATTACTTTCA,178
CCTTTTCCGGTAATAT,178
CTGTGACCCCGAGGAT,178
GATACTAATTAACTTG,178
GCAAGTTCTATTCCTT,178
GCAGCAACTGAAAGTC,178
GCCACGCATTGGCATA,178
GCCGAAATTTATCACG,178
GGAGCCATGTAAAACA,178
GGCATCTACAGCATCA,178
GGTAGGAGAGACTATA,178
GGTTCCTATTGAAGAT,178
GTATGAATTAGAAAGC,178
TAACGGATATGCTAAT,178
TAGCAAATAGGGATCT,178
TATACAACCGCTTTGC,178
TGAAGTAAAATCAGTT,178
TGTCTCAAAAACAGTA,178
TTAAAGGCAGGGACCT,178
TTGTGGACATACAGAA,178
AAAATCTTAGCCATTT,177
AACAAAAGTCGCATAC,177
AAGAAAACCCCAGTGC,177
AAGCCAAAAAAGGCCA,177
ACATACACTGGAGTAT,177
AGTGGCCTCTAGCAAA,177
ATACCTGACTAGACCG,177
ATAGATGATAATAGTA,177
CACACACGACCGCTCA,177
CATTCACATGATCCAG,177
CCCGGGCACTGTTAAC,177
CCTTGAAGCTAAAAAA,177
CTTCAAAAGCGTTGCA,177
GAGATTCAGACACCCA,177
GATAATTTGATGCCAA,177
GATTGAAAATACCCAA,177
GCCTGGTCATTAGGAA,177
GGTTCAATGCCAGACA,177
GGTTTATCAAAATTTA,177
TACGTCGCAATAGTCC,177
TAGAGAGTAACCGCGA,177
TAGGGCTATACCGGGA,177
TATCCAGAATAAGCCA,177
TGATGCATAACTAACT,177
TGGAAACTAGTCGTAA,177
TGTGTTTAAAATTACA,177
TGTTTTACCAGAGGAA,177
TTAAGCGGGCTTAAAA,177
ACACCAGATAAAATTG,176
AGGCTGTTAATACCAG,176
ATAATCTCGGAGGATT,176
ATCCTTAGCTACCTGA,176
CATAAAACCAACAAGT,176
CCTGAGCATAAACATC,176
CCTTGGAGATACCAGG,176
CGCGTGTATCATTCGA,176
CGTCTATCACCATCAA,176
GAACTCAAATTTACTA,176
GACAGAAAGGACACCA,176
GACAGCCACTAAAATT,176
GACATGAATAGATCTG,176
GACCTATGACACATGC,176
GACGAAAACGTTAACG,176
GAGACAAATAAGCATG,176
GATTACCGTCAAAACA,176
GCGACTATTCTTGTGC,176
GCGATCGACGTTGGCC,176
GGACAAATGAAAGAAC,176
GGCACTAAATGGCATC,176
GTATCTATTCCTTGTG,176
GTTTAAAACTCCTTAC,176
TAGAAATAAACTCAGC,176
TAGAAGAGCATAACGA,176
TATATGTCTTTGATGA,176
TCAATGATACGGATCT,176
TCCACCAGTAAAAGGC,176
TCTCATTCGCTTAATG,176
TTAAACCCACACACCT,176
TTAGGTCCACCACTTA,176
TTATCCTGTCGAACTA,176
TTCAACGATACTGAAA,176
TTCTTGCTGAAACGAG,176
TTTCAGACACATACAG,176
TTTTATTGCAAGTTTC,176
AACAACATTGTAGGAA,175
AACAATGTCTGAGAGG,175
AACCGATCATCCGGCT,175
AACCTTAAGCTACTCC,175
AAGGTAACGAACATTG,175
AATACTCATTAAGTCG,175
AATTAAACAAGGAGCC,175
ACAATTCGTATTAACT,175
ACACAGATAGAATCCC,175
ACAGCCTAACACAATA,175
ACCCAAACCGCGACGC,175
AGTGACATTCCAGGGG,175
ATAATGTAAAGATGCC,175
ATAGATCTTTACCTGA,175
ATTAGAGGTGTGCGGA,175
CAATAATAAGCTACTC,175
CAGGTGAAGAAGCCTC,175
CCTTTTAGCTTAATAG,175
CGAACAGAAGACCTAG,175
CTATAAACACATCCAC,175
CTTCGGATCGTTCCCG,175
GAATCATGATCCCGCA,175
GACCTAATCAATGCGT,175
GATCGAATGCACGGGA,175
GATTGGTTAGCGACTT,175
GGATAATTTCCTCGTC,175
GGCTCCCAATATAGGA,175
GTCGAATGACGCAGCA,175
TACGTACGAATATGAC,175
TCATAAATAAACCCAC,175
TCGTAAAGGGTTGGAG,175
TGGACGACTTTGTATT,175
TTAAGGCTAAACACTG,175
TTGAGCCGTCAAAGAC,175
AAACTGGGTTATACTT,174
AACATCACCCATAACC,174
AAGCCAAGGATCTTTA,174
AATACATTCTGCAGTA,174
ACAGCTTATGAAGTTG,174
ACTTAACCGCGATTTC,174
AGAGACACCGCAAGCG,174
AGCGGACCTCTGTCAA,174
AGGCGTAGTGATGAAA,174
AGGGTGTCAGACTTGG,174
ATAAGACCCAACTAGC,174
CACGTTCAGGATCGCG,174
CCATACTGGGCCGGGA,174
CCTAGTACCCAAGACC,174
CCTGTAAGGCATCTAA,174
CGAACCCCTAACTGCT,174
CTAATCATTCATTCAT,174
CTGCACTAAATGAAAA,174
CTTTTCCATGTACGAA,174
GAAAATTGCTGGCTTG,174
GAACATATGTAACAAA,174
GAACTCATAGAAAGGT,174
GACGTGAGCTTACATT,174
GAGCCACACGAAAATA,174
GATTGACCCGATATGG,174
GCCGTGGTTCCTCAGT,174
GGTTATTATCCCAGAA,174
GTAAAAACTGACCATT,174
GTACGAAACCAACAGG,174
GTCTACAAATCCAGCA,174
GTTTTAAACCAAAGCA,174
TAGAATAAAGAAGAGG,174
TCCAGCATCCCATACA,174
TCTTGAAAATGATATG,174
TGAGTGCATAGAGGCA,174
TGCTAAAGTGAATAAC,174
TGGTAAGCATAACTGG,174
TTAAGGGGTTACTCAT,174
TTATCATCAGGACTAA,174
TTCGAGTGTTGTGAAT,174
TTGCGAAGAGTGATCC,174
AACGCACATTATCGAA,173
AAGCATCAAGAAGTGA,173
AAGGTGGTTTTGCAGA,173
AATCCACAGTCGGTCC,173
ACAAAATTTATCAGAA,173
ACAGTCAGAACAATCA,173
ACATCACTTGGTACAA,173
ACTAAGTAGCGAAATT,173
ACTGCGAGACAAGAAC,173
AGAAAATCTAGATAAT,173
AGCGTCTGAGAATACT,173
ATACCTACCCATTCTA,173
ATACTAAGATTGGATT,173
ATACTGCGACCTAGAA,173
ATCGGGGCATAAAGGA,173
CACCAAACAAGTTTGA,173
CACGTGCTATTTTTTC,173
CAGCGTTTGCCAACCA,173
CATAAGCTCAGCCAGC,173
CATATGTCCTTATGCA,173
CCACATCAATTGGGCA,173
CCACGGTGTTTATTGT,173
CCCATTATGAGCTATC,173
CCTCCAATCAATAGTC,173
CCTGTTCTATTTAGTC,173
CGTAAATGTCTTAATT,173
CTAATTTGGACTTCAT,173
CTACATCTAACTGCAA,173
CTCAGATTGATTCCTG,173
GACCAGATGAGCGGAT,173
GACCTTTACATTGGCC,173
GGTGCTTCGACCGTGT,173
GTCGAATGACTATGTA,173
GTGATCCGGCGAAGCC,173
TAATTCTCCAATGATT,173
TGAGCTAACATCAACT,173
TGGCTTTAAAGTTCAT,173
AAATAGTTTTACAGCC,172
AAGACATAGATATTGC,172
AAGATCACCCAACCAT,172
AAGTAACGAAATGATT,172
AATTGACGTCCGGGAG,172
ACAAAACCGGGCACCA,172
ACCGACCCAAACATGT,172
ACGAATAGCACATCTC,172
ACTCAACGTCAATATC,172
AGCCTGTCACGCCAAG,172
AGTCTACAAATTCGAC,172
ATACCCGAAGCTCCTC,172
ATATAACTTCCAGCAA,172
ATCATCATGTTAGAAT,172
ATCGGTATGTTTGTAA,172
ATCTAAGTCCAATAAG,172
ATGGAAATAGGGATTG,172
CAAAACGCACGCACGA,172
CACTAAAGCATTAAGT,172
CATTTTTTAACCAGAG,172
CCAACAGACCAAACTA,172
CCATCGAGCGAAATTA,172
CCCAAATGAGAAATTG,172
CCCAACACCCTCTGCG,172
CCCCTGACGGAATGAC,172
CGAATGCAAAATCCAT,172
CGGATGTATTTAAATG,172
CGTTAAAGAAACCAAG,172
CGTTACTACTGCCCTG,172
CTAAGTTAAAGGGTAC,172
CTACGGTTCGACTGTA,172
CTTGCATGCCCACTAA,172
GAAATCGTCAATTATC,172
GAATACTACAGTTTAG,172
GAGTTCTTTTCAAATG,172
GATACCGCTATTAATA,172
GATCTCTTGAAGCGGC,172
GTATCCGTCTGTCCTG,172
GTGTATAGGTACAACT,172
TAATCTCCTCCAAAGC,172
TACCATGGGCGGAAAA,172
TCCAAAATCCGAGCAA,172
TCGACAGAAACGCCTA,172
TGCCAAGAGACCCGCT,172
TTAACGCACCACAAAA,172
TTACCCATATATTTAC,172
TTATGCCGTAGCCATG,172
TTTCGGTTTCAATCCA,172
AAATCAAACATACCCG,171
AAATCAGACACTCATG,171
AACTACATCTGAAGCA,171
AACTAGTCCCGACACA,171
AACTGTCAATAGCATC,171
AAGCAACCCAAAAAAA,171
AATATTTTATACTGGA,171
ACAGAAAAACGGCACT,171
ACCCTATTGTAGATAC,171
ACGGGAAACCAAGTGA,171
ACTAGAATAACAACAA,171
ACTCCGTGTTCATCTA,171
ATCAACGCTGAATAGC,171
ATTATAAGATCCGTGT,171
CAAGGAGAGAGAATTG,171
CATGACAGTTGATTAT,171
CTAGGAGGATACAGAA,171
GAGTGTACATAAAGCT,171
GGACCTAATCAATATT,171
GGCTGAAGACCTGATC,171
GTCAGCATGGACATCT,171
GTGGAAATCAACATAA,171
GTTAGCAGAAACCGTA,171
TAACTAGTGAAGTGTT,171
TATAGCTAATATGCCA,171
TCAAGACCAGACAGTT,171
TCATCAGAATACTCTT,171
TGACGACACCCACTTA,171
TGTTATTTAGGAAAGG,171
TTAAATCAAACAAGAC,171
TTGCAACAGAATAATT,171
AACCGTACCCTGACTT,170
AATAAGGACGGTACGC,170
ACGCCCAATTGATCTT,170
ACTTCGTCACAGAGTT,170
AGAACGTTAGCGAATC,170
AGGTTAACTCGTACGG,170
AGTCCGTCCAGTCCTA,170
ATCACTCATGACACTA,170
ATTATTAGGGATGGCT,170
CAACCGGTGGATGTTG,170
CAAGTATATAAAAGAA,170
CACCAAAAAAAACATA,170
CACCAGCTTATTAAAT,170
CCCAGACAAAACATTT,170
CTTGTAACCTACTTAG,170
CTTTTCAGATAATTCC,170
GAATGTTGCGCCCTAA,170
GACATTATTAATAAAC,170
GGAATTCCAATTCCAG,170
GTTTCCATGGCAACCA,170
TAAGAGTATATCCCGT,170
TAAGCAAAAATTTGCG,170
TAGAATGTTCGCCAGG,170
TATCCGTCATCTCAAA,170
TATCCTTCTGTATTTA,170
TATTAAAACTATCTGA,170
TCCCTACCAGCGGCAT,170
TGTCAGCCTGTTATGA,170
TTAACCCTTACATGCA,170
TTAAGTAACATTGTCC,170
TTAGTACCAATATCAT,170
TTATGATGGCTTCTAC,170
TTGTGTTCTACATCCT,170
TTTAATCCCAAAACTT,170
AACAGCCGAGATTGGG,169
AATAATTGCTGCATAG,169
ACCGTCTTAAACGATC,169
ACCTACAAAACTCTAA,169
ACGCTCCATTTTAATT,169
ACTAACCACTACTCAT,169
ACTTTCATGAAAAGCC,169
AGCCAGAATGACCAAA,169
AGTACCATACTAGACT,169
ATAATTGGACAAACAT,169
ATATTAAAAATTGCCT,169
ATTATTCATGGACCTT,169
CAAATCCATTTACCTT,169
CAACTAGAAGCCTGAC,169
CCATCTTATTTCAACC,169
CGATGGAGGATAAAAT,169
CTTGACAATCACCAAG,169
CTTGTATCGAGCCACA,169
GAAAACTGATAACAAA,169
GACCGACACTCCTGCC,169
GACTCACCAACACCCA,169
GATATTTCTTGGCTGA,169
GATTCATACATCCTTG,169
GCACTCGGATATGCTT,169
GCAGGATATAGAAGTT,169
GCATAATGTAAGGATT,169
GCATACGGACTACAGC,169
GGCTTAAAATAACAAA,169
GGTGATAATGTGAAAA,169
GTATAAAGAGACAGTA,169
GTCAAAACCAGATATT,169
TAACACATTACAAATA,169
TAACATTGGAGCAGAC,169
TATGATAAATCACTCT,169
TCAAAATAACCCATAG,169
TGTTGTAAACTTCCTA,169
TTTACGTAGCAAAAAA,169
AAAAACAAATCATTCA,168
AAAGAAAAATTACAGC,168
AAAGGGTTGTATATAC,168
AAGGGTACAACAGGAC,168
AAGTCTGGCGACTCAA,168
AATCTCAATAATAAAG,168
AATGCATAGGTGGAGG,168
ACAAAGAAAAGATAAG,168
ACAAAGAAGAACGTAC,168
ACACATTAAGGATAAC,168
ACCCAAAAATAGGAAC,168
ACTATCATGCCTAGTT,168
AGACAACGAATCATGG,168
AGAGCCAAAGTAAGTC,168
AGGTAATAGATTCACA,168
ATATAAGATTGGTCAG,168
ATGGTCACTTCGCCAT,168
ATTCCCGCATAGAGTC,168
CATACCAGAACATTGT,168
CCAGTTGGACAATCCT,168
CCCCCCAGTAAAACGA,168
CGCCTAAAAACGAAGA,168
CGCTGACTTCCCAGAA,168
CTAACCGGCAAATCCG,168
CTCCGACATTTGAATA,168
CTGATAGTTATGTCAG,168
GAAACACGATTTGATG,168
GAGATAAATTAAGCTC,168
GATTCCATACTGTCCT,168
GCAATAAATAAAAGCG,168
GCCAAATTATCTCGCA,168
GCCCGCTTAAAGTTAT,168
GTATCCCAAAAACTTG,168
TAAAATTGGTTTACAT,168
TAATTCCGTCAAACTC,168
TACCTATAGATGTGAG,168
TACGTACGATGCACTG,168
TAGACCCGATAAATCC,168
TAGTGGGCATCGACAA,168
TCCCTAAATAACGAAA,168
TCGTAAGGTAAGTAAT,168
TCTTTAATCTAATCAA,168
TGACATAAAACCAAAA,168
TGTAGATAATAAATAC,168
TGTCCCGGGACCATAC,168
TTCCGCGTTCCACGTC,168
TTTTGGAAAGGATATG,168
AAAAACCTCGGGCTAG,167
AAAGGATATGTCTCAT,167
AATTTACCTGATAGTA,167
ACACCTTTTCTTTCAC,167
ACCTGATTTGGTCTAT,167
ACGTCGTGAGTAAGCT,167
AGAGAAGGCCCTCTGA,167
AGATCCCTTGATTAGG,167
AGGAACCACCGGGGAT,167
ATGGTTTTTTCCTTTC,167
ATGTTAAACAAAGCAG,167
ATTCAATAGAGCATAG,167
CAACGAATCCCTTAAC,167
CAATAAAAAGTACATT,167
CAATACGTAACATTAT,167
CACGCCACCCCAAACA,167
CAGATCCGTGCTACAA,167
CAGTCACAGAATAGGT,167
CCAACCATTATATCGC,167
CTACAATAGGTAATCT,167
GAAAAGGCTAAAATAT,167
GAAATCTCGAGATAGC,167
GAACTATAAGATAACG,167
GCAACCAGCAAGAAAA,167
GCTAAGCCCATAAATG,167
GCTACAGCACCTTCCA,167
GCTCAACGCGACTTAG,167
GCTCCCAGTTCCCAAA,167
GGAAGCTAAAACAAGT,167
GGACAATTCCATTTGG,167
GGAGACACTCAAAGCC,167
GGTCTATCGTTTGAAG,167
GTAGGAAGTAATGACG,167
GTTTTATTCCCACCAT,167
TAAGATAAAAGCATCC,167
TACCTTATTCTGTTCG,167
TATAATCCTTTTTGGA,167
TATATTTACTACCGAA,167
TATCCCCGAGTACCCT,167
TCGTAAAGGGATCAAG,167
TGGGAATTCGGAACTA,167
TTAAGATGAGAACTAA,167
TTGGGCATGAAAGCTA,167
TTTTCAATGAGAATCG,167
AACGCTACAAGTAACA,166
AAGCCTGGGGTTTTTG,166
AAGGTGGTTAAAGGTT,166
AATCACAAAACAGTGG,166
AATTTCAATAACACAG,166
ACCAAGCTGTCTTGCA,166
ACGTTTGATAAAACAT,166
ATACAGATCTTAGTCT,166
ATACAGATGTCTAAAT,166
ATTAAAGCCATAACAT,166
ATTCGTAGAAAACCGC,166
CAAAACCGTGTTAAAC,166
CAATACGCAAAAGCAC,166
CACCCTCGTGGAGTTC,166
CCAGTAGAGTTATTTG,166
CGCCAAATAACAGAAT,166
CGGACAATGAAGCAAA,166
CTCGAAATATAAATTA,166
GACTAAGAACCCAAAA,166
GATCTGACTAGTAACA,166
GCACATTTGCCAGATT,166
GCCATGCGAAGCGCAC,166
GTAGAACAAGTCGATC,166
GTATCCTAAATGCTGC,166
GTCTCTTACACTGCCA,166
GTGCAGTAGTAAAATA,166
TACCAATAGTATCAAA,166
TACCTACATACAATTG,166
TACTAACCAAAGAAGT,166
TCCGGTTACTATACTT,166
TCTGGCCGATTCAGCT,166
TGCATATAATACAAAA,166
TTAACTTTTATGCTAA,166
TTGTAAAAGCATCAAT,166
TTTACACACAGTAAAA,166
AAAAACAATGTTGGTT,165
AAATGTTCCTAAAACT,165
AAGCACATGAAGTGTT,165
AATCATCACCCCCTCA,165
AATTGATAGCGAATCA,165
ACACGACGCCTTCAAC,165
ACGTACATGAGACTCA,165
AGAAAGTATTTACTGA,165
AGACTCCGCGAAAAAT,165
AGAGAACTCTGTCCAT,165
AGCACGCAGTTAAACC,165
AGGATCATAGTAGTAT,165
AGTCAAACTCATGTAC,165
ATAGCTGACCTCAAGG,165
ATATCACTAAATATCC,165
CAATTAATGATCAAAA,165
CAGTGTCTCGCGAGTG,165
CATGTTACTAATCCAC,165
CTATTTTTCTTATGAA,165
CTGACGGCTGCAGTTA,165
GAAGGCAAAATACCAT,165
GAATAAGAATTTTACA,165
GGGCTTAATTGCGGCA,165
GTGCGTACAACCTAGA,165
TAAAAACATATTGTCA,165
TAATTATAAGAACTGT,165
TACAAATCGACAGTAC,165
TAGCCTCACTTGAGAT,165
TATGCCCGATAACAAA,165
TCGAGATACAAGATAA,165
TGACAATGCGCGTCTG,165
TGATTGGACAAGCTAA,165
TGCAAAACTACTCTAT,165
TGCCCCAACCGTCCCT,165
TTAATATATTCCACTT,165
TTAGCAACTAATAAGC,165
TTCAATAGATGCCTCA,165
TTGAATAAAAACGCTT,165
AAAAGTACATTTTTGT,164
AAACGAATACAGTCGT,164
AAAGGGCTTGGATGAA,164
AACAAGTAAAGGCAAT,164
AAGACTCCTCACACAA,164
AAGCATTATTATGAAA,164
AATAATTTACTTTATA,164
AATCGGCTCATGTTTT,164
ACAGATACATATTTCG,164
ATAAAACTACGCATAA,164
ATGAAACAGTGAATTA,164
ATTTGGGCCTTCAGAT,164
CATATGATAGAAACAC,164
CATCTCATTTTCTGCA,164
CCTAAATCAAGTTAAT,164
CCTAGTGAGAAGTATG,164
CGCCTACAATAACATA,164
CTCTTCAATACTTTAA,164
CTGGAAACAGACTCGT,164
GATAAAGATACACTTC,164
GCAGATACCTCAACAA,164
GCGATTCACGTGTTGG,164
GCGCAGAATACTTAAT,164
GCTCTCGGTCCTGACC,164
GGAATACGCGCCAAAG,164
GGCCGACTGTAGTCCG,164
GTATCGTAAGCTAACC,164
GTCATATGACATGCAG,164
GTCTGTCTATAGATAT,164
GTTACAACATCAAGAT,164
TAATAAAAAACATCAA,164
TCAAAGTATGGACTTT,164
TCAGCGATATAGTCTA,164
TCTTTCGAATAACCTT,164
TGAAATCCCATACTAC,164
TTTAAAGCATCCCGCC,164
TTTACCTTACAGTTAC,164
AAAAGCGATCCTTGTT,163
AACAAATAAGAAATTA,163
AATGATCCCATACCTA,163
ACAATCGAAACAATGT,163
ACAATGGATTTAAATT,163
ACACAAGACATAATTC,163
ACGCCTGCTAATGATT,163
ACTCCCAGGTGTGACA,163
AGCTACGTTTTACTAA,163
ATAATCTGACTCAATA,163
ATATGTGGTTATATCA,163
ATGCGCCGCAATCCAG,163
ATTAGGCATAGTGACC,163
ATTTCTTCACATATTA,163
CAAAAATCAGACTTTT,163
CACACTGGTAGGAAAA,163
CACCATACATTCAACG,163
CAGATACCTTGCCACT,163
CGAATCGGAATCCCCC,163
CTCGGAATATCCAATG,163
GCTTTTTCTCTGGACT,163
TACAATTGAAAGTAAT,163
TACCTCCATAGAAAAT,163
TAGCACCATTCTTAAA,163
TTAAAAGAGGCGTACT,163
TTAATAGTGTGTATGA,163
TTAGAGAAAATGAACA,163
TTATAAGATTGCATAA,163
TTGGTGCAAGCACTAA,163
AAAATTAATTAGCGCG,162
AAAGCTAAAAAAAAAA,162
AACACACATAAGATAC,162
AACAGAACTGAAAACT,162
AACATCACATAGAAAT,162
AACGCCAATAATATAG,162
ACAAACTACTCATTGC,162
ACATTAGAAGGATCAC,162
ACCATCAAGAAGAAAT,162
ACCCAAAAATGATGGA,162
ACCGATAAGATTAAAT,162
ACGGATTAAGAAAGTC,162
ACTAAAAATCAGTTCT,162
AGATAGAAAAGATAGG,162
ATAAATGAAGTGAACC,162
ATACGCTCAACCAACG,162
ATATCCGTGATTGGCC,162
CAACAATGGAAAAAAA,162
CAATAGAAAATTAACT,162
CATATAAAAAATATAT,162
CATGGGCGCTTTCTGC,162
CCAATGCCTGGGATAC,162
CCTTAACGATACTAAT,162
CGAAAACTATAGGATT,162
CGATTAAAATATTTCT,162
CGCCACAAAAATATCC,162
CTAAGGTAATCAAAAA,162
CTACGAAGAATAGTAA,162
CTTGCTAGCACGTAAA,162
GAAAGTCAAACTCATT,162
GAGACCCATTCCTTGA,162
GCGCATTATGAGACTA,162
GGAGATTGATCATGAA,162
GGTTTGAAACTATAAA,162
TAAATCCGGCCGGACG,162
TACTGAGAGTACCCAA,162
TGAATAAGTATAATCC,162
TTAAAACTCCAGAAAA,162
TTAGCTTGAGACAATA,162
AAAGACTAATACAGTG,161
AAATTACGACTGAGTA,161
AACGTCTTTAGGCCAA,161
AAGAGCCATCCATACA,161
AATATAAAAAAGAGCG,161
AATCTGACTAAAAAAC,161
ACATTCAAACATAACA,161
ACCTTCCGGCTCTAAA,161
AGCAGGTACTCATTGT,161
AGTAAGTATAAAAGAA,161
ATCACACTCTCATTGA,161
CAAGTTGGTAGCCGTC,161
CAATCAGCAAATCCTA,161
CAGAAACCTTCAGTTT,161
CATTAATAACCTAATG,161
CCCCGGACCGGTATGA,161
CCTCTTTTTGAACTCC,161
CGAATCCGGATAATGA,161
CGAGGAGTGTTATTTC,161
CGATATTAGCTATGAA,161
CGCGCTAGAATGCGCC,161
CGGATATCCTAAACAG,161
CTTAATACAATTGTAG,161
GAAATAAGAGAGAAAT,161
GAACCATGAAGCCGGA,161
GCAAAGGTTTTTAATG,161
GCAAGTTCTAAGAGAT,161
GCCAGCGGCGTACCAT,161
GCTCTCCGCGTACGAT,161
GGAGCATGATAAATTG,161
TAATATGAATGGGATA,161
TACCCATGGAAACGAT,161
TAGAGGACATGGCCCG,161
TAGATTCAAATATTCC,161
TCAATAATTAATACCC,161
TCTTTTTGATTTGACT,161
TGATGCAGGCATAGGA,161
TGTCCTATATAAAAAG,161
TTACTAACCATCGTAA,161
TTCATAAGAAAGGAAT,161
TTGAAAACAACGTGAC,161
TTGGCTGAATATTCAA,161
TTTTCTATCACTTCAT,161
AACGACGCGTTTTGAT,160
AACTGACAAAAAGGAG,160
AATAAAGATCTGATCC,160
AATTTAACCTGCCGGC,160
ACCCTGAGTGAAGTCC,160
ATCAAGATAGAACTAG,160
ATTACTCACAGTGAAC,160
CCAAAGGTAGCTTCAA,160
CCTACTTAATTATAAA,160
CGCTGTTCTGTCAAAG,160
CTCAGACAAGAGCAAA,160
CTGAACAAGAATTACA,160
GAACCAGCTGCTCTAT,160
GACTGATCGTGAACGA,160
GATCTGAATATACTTT,160
GCTCGGAGCACGCCCT,160
GGAATTAACCTATTAT,160
GGAGGCTATATTCTTA,160
GGCGTTTTAACTGCTT,160
GTCCGGTTGACTTCTC,160
TAATAGATGAAAACTA,160
TACACTGATACTTTAA,160
TACCCTAGCTTAACTT,160
TACCGTAGTTCCCAAA,160
TATGACATCCAGGAAC,160
TCCCCGAATTGCACCA,160
TCCGGCGAAACCCGTG,160
TGAATGATACTCCCAA,160
AAATGGTATGCACGGT,159
AACACCTTGATTTTCA,159
AATGGGTGCTACAAGA,159
ACCATTTCCTTCGCTT,159
ACTAAGAATGCTGAAT,159
AGCAAGACTTAACAGA,159
AGCCTAAGCAAAGACA,159
ATAGACTCGAAAACAG,159
ATGACTGTGAAGATGA,159
CAATATGATGGTATCA,159
CGTGGGACATAAAAGC,159
CTCCCAATACGTTAGA,159
CTCGAAATACAACTAA,159
GAAGAAAAGAGTCTTG,159
GAGAAACAACGCACGC,159
GATTCTGAAAAAGTCT,159
GCATCGCTTAATAATA,159
GCGAAGGCCAACACCT,159
GGGCTCTATTCAGCGA,159
GGTCATCGAATCAGTC,159
GGTGCAAAATAGGAAA,159
GGTTACATTAGTACGA,159
GTCTGGAGATCATCGA,159
GTGCTTATATTACCCC,159
TAAGAAGACACAGTGG,159
TAGATCAAGATGCCTG,159
TGAGGCCACTAGCGAA,159
TGCTTAAAGACCAATA,159
TTAAGGGTTAAAAAAC,159
AAGTTTGCGAGAAATC,158
AATTGACCATTAAATA,158
ACTAGACATATCACTG,158
ACTATAAGAGGGGGTG,158
AGAAGAGTTTTAAAAT,158
AGACTGTGATAAAGGT,158
AGAGAAGGTTTGTTAA,158
AGGATTAATAATAATA,158
ATAAATGTCCTAATCA,158
ATACAGGATGACGAAA,158
CACACACGCCTTGACA,158
CACTTTTAACAACAAT,158
CCAATAGCATTTCAGT,158
CTTAATAGTCCATATG,158
GCAATAAAGGCCACAC,158
GCATGCCAAAAAAAAT,158
GCATGCCAGAAAAAAT,158
TAACCTCAATAAGGAA,158
TAATTGTGCAATCATG,158
TAGAAACGTGTAGATT,158
TATAGAAAAAGATCGG,158
TCATACCAAAGGAAGA,158
TGAAGGAACAATAAAA,158
TGACAACAAGTATACT,158
TGTGCTAACAACGTCA,158
AACACCCAACACATTC,157
AACTTTTACCAACTAG,157
AATATTGTGTTATTTA,157
ACACGACAAAACCCGC,157
ACCCCCGTGTGAATCT,157
AGAACCTCGGAGCACA,157
AGCGTCCCAAATATTC,157
CAAACACTGGCATAGA,157
CAACAGCGAAAAGCGC,157
CAACCACGAATGGTCG,157
CATAGAAACAAGAGAA,157
CATGCCCTTACCGCGG,157
CCAGAAATACGGATAC,157
CGCTAGAGTGACGATG,157
CTAACGACACTGCCCA,157
CTCCTAGTAAATCTAG,157
CTCGCAACTAACGGTA,157
CTTGTGTCGAAAAAAT,157
GAATTCACAATTCCCT,157
GACGCCAGACGGAATG,157
GACTGTGAAAGCACTT,157
GCAGTTTTCAGTACGC,157
GGGAAAATTGTCTTTA,157
TAACTGGCCAAGAAAT,157
TACATAATTGTTCAGA,157
TACTAGAACAAGTGCA,157
TAGAATATAATATAGT,157
TATTAGCATAAATGTG,157
TCAACGATAAAATACA,157
TGAAAACCCACAAACA,157
TTTTAGGATAACATTG,157
AAGTCTATCAAATGTA,156
AATACAACTTTGGCAT,156
ACAAAATATGGAATGG,156
ACTACGTTGGCAAGAC,156
ATACCCGACAAACTAT,156
ATACCTTACGACAGAG,156
ATAGATTGATCTTAAG,156
ATATTGAAAAGACCTC,156
ATCGATCCTAAACAGA,156
ATGTAAAAACGTAAAA,156
CAGAGAGCGACGGAGG,156
CAGATAACGAGAAATG,156
CATAGAATAGGAGGAC,156
CATGCCATAAAAGACT,156
CGAATCAGGTAGGAGC,156
CGTATACAGAAAAATA,156
GAAAGTAATAAGATAA,156
GAAGATCAGATCTAAT,156
GATTCTAGCATTTAAC,156
GATTGTTAACCTCAGG,156
GCACCGTTAATCTCCA,156
GTAACTCCGTAGAAAA,156
TACCGATGTACAAATA,156
TACTAAATATATTAAG,156
TATAATTACGTTAATT,156
TCCCACAACAAGAGAT,156
TGAATGGCTCAACCCA,156
TGGATGAAATCCAATA,156
TGGCCTAACTAAGTCT,156
TTACTGAACCATTCGG,156
TTATAAGATTTAGCAT,156
TTATCCCAAACTCACC,156
AAATCAATGAAGCGTC,155
AACAGCAGCCGGAAAT,155
AACCCACGAATTCCAC,155
AACTAAGGTGGCCATT,155
AATTATAAAAACCTGA,155
ACACCTACCACGTCCT,155
ACCATAACTCATAGCA,155
ACGGCGATACAAGTAT,155
AGGCAACACCACCTAG,155
AGGCGACTTATTTCAC,155
ATCACGTGAACTCTTA,155
ATCTTAAAATATCTTC,155
ATGAGAACATATCATA,155
ATTTAAAACTATTATC,155
CAAAACCTTCGAGCGT,155
CCTCAGAGGACTCGGC,155
GAATCTTGCCAAGACT,155
GATATTTAAAAATACA,155
GATTTCTAGCGTAACA,155
GCTCGTAGCCGTTCAA,155
TAAGTATTAAAAGATA,155
TAGGTTATTTCATTGC,155
TCCAGTTTAACCGAAC,155
TCCCTAAGAGAGTATA,155
TCTCCAGGCCAACGAC,155
TGCGTCAAATATGAAC,155
TTAACTGAAGATTCAA,155
TTTAAATAAATGCGGT,155
AAAAATCTCTATCAGT,154
AAATAGGCTCTTTCCC,154
AACCAAACTAAGTACA,154
AACTGTCAGCCTTCTT,154
AAGTTAAAACAAATAA,154
AATTCCGCTTTAACAA,154
ACGCTAAAAAAACACA,154
ATAGTGGCTTTCGAAT,154
ATATACGAATCCACAA,154
ATCCTAACGGTCCATA,154
ATCGTATCCGATACAA,154
ATGGATAGATATCATA,154
CAAAGGGTCCGAGTCC,154
CACCTTGATGAAACGC,154
CAGATAAGACCCAGTA,154
CAGGCCCGACATACAC,154
CCAGCTCCCGTCACAA,154
CCATCGAACACAAAGA,154
CTAAACAACCAAAAAG,154
CTACCTTACATAACGC,154
CTTAAACGTACAACAA,154
CTTCATACATCCAGTC,154
GATAACCGAGAACGGC,154
GATAAGTACGACACCA,154
GCTAAAACGAACTATA,154
GGTGTGAAATAAAATA,154
GTCGGTAACAGTGAGT,154
TACATATATAATGGTA,154
TACTAACAAAGAATAA,154
TAGGTTTATATCCGAT,154
TATAGAAAGAAGCCAA,154
TATTTAATTCCCTAAC,154
TCTTTACTTGTTGTCG,154
TGCTTCTTAAACCTGA,154
TTATCCCATAAATATA,154
TTCAGCCCCGACATCC,154
TTCCAACTCAATATCA,154
AAATTAGTGGACTCAA,153
AACCAAAATAAAAGAA,153
AACCTACTTACAGTAG,153
AAGACCCGTTATTAAT,153
AAGATCAGCTCCTAGC,153
AAGTCAATCTGATAGT,153
ACAAAGGTCATTACCA,153
ACACAACGAACGATTG,153
ACACTGCAGGGGTCGG,153
ACTTGGCATCCTAATA,153
ATCCGGAACAAGTGCA,153
ATTAACCTAAACCACA,153
ATTTAAGAGAAACCTA,153
ATTTAATACGTAGAGA,153
CAACATATAGCTCTTA,153
CATAATTGATAAGGAC,153
CGAAACGTTTCTATGC,153
CGAAGGTAAGAATGAC,153
CGATCGTAATAGTGCC,153
CGTGTATATAAATTTT,153
CTCCATATGGTTTAAT,153
GACCGGACCATAAAGA,153
GAGGCACATGGGTACG,153
GATAGATCTCAAAACA,153
GCCGGAATATTTCTAG,153
GGAGTTTGTGTACTCA,153
GGCGTGTTGTATTTAA,153
GTCAAAAAAACGCGGT,153
GTGCGGACACATAAGT,153
GTTGTTCATCCGTGAA,153
TAACATTAACGTGTAA,153
TAAGACAGCGACTTGG,153
TAATCACGTTGAATGC,153
TACTTCAAGATATATG,153
TATTGCAAACATGCAC,153
TATTTCACTAATGACA,153
TCTCACGTTAACTAAC,153
TGCAAATGTTGGACAC,153
TTCAATCGAGTGTGTC,153
TTTGTAATCAGCATAG,153
TTTTCTGTTAACGCCA,153
AAAGGGAATACTAAGT,152
AACCGATCGATAACAA,152
AATAGATTCAAACACA,152
AATTGCTTAAATAGTT,152
ACTAACACTTCTATAT,152
AGAGACTATCGTGAAC,152
AGATGGTTATGCTACT,152
ATAAATGCGAAAAAAT,152
ATACAAGAGAAACTCG,152
ATTTAGACTATCGAAG,152
CACGGGCCCGTGAACC,152
CATAATAGACCTCTAA,152
CCCGCCACAGAATTCA,152
CCCTATCACCTCTCCA,152
CGAATATGCTGTGTGT,152
CGAGACTCTCCTTGGA,152
CTAACTTATTTGAAAA,152
CTGATAACCAATAAAC,152
CTGATAATGAAACTGC,152
CTGGAGATTACTGGGA,152
GAGTTAAAGAAAGTCT,152
GCAAACACATAAAATG,152
GCCTACCATTCCTTGG,152
GGAGGGATGAAAAGTG,152
GGTATTAGGACAACAA,152
GTGAGTGGCATAAACA,152
TAAGTGTAAACCTCCC,152
TAATCATGAATGTGAT,152
TACACAAGAAAAACTA,152
TACATATTACGTACGA,152
TCGAGCCCGTACTGCA,152
TGCCTGAACTCGAATT,152
TTAAAAGAATATAAAA,152
AAAGATTCAATGCGCT,151
AACTTATGTAACAGAC,151
AAGAATTCCTACCAAC,151
AAGCCCTGAAACAAAA,151
AATGCGATCACTTAAG,151
ACGAATAATATAGCTC,151
AGATCGTTCACAAATT,151
ATACGAATATGCAATG,151
ATAGAAACCAGAAATT,151
ATAGCTAAGCCGTAAA,151
ATCCACTGACACCCTT,151
CAAACTTCAATGTCCC,151
CCGAAACTGACCATCA,151
CTTTAAATATACGTTT,151
GAAAACAATAAATAAT,151
GAAAGATCTAAAAGGA,151
GAAAGGGCACCCAAAC,151
GAACCCCCTCAAACAT,151
GACTGAACCGGCCACG,151
GATGTGGAAGACACAA,151
GCGATTCATGCGTTGG,151
GTACCGTCAGAATGCG,151
GTTATCGAATGCAAAA,151
TAATAGCGCAGAGAAG,151
TACGAAAATGGCGGTC,151
TATCAATTTATGACGG,151
TCAACTTACAGCTAGA,151
TGGCACAAAGGGTACC,151
TGTAAAAAGTGTTAAA,151
TTATGTACCGTGAATG,151
AAAACATTAAGGACAG,150
AAATAGGAGCAAGCAT,150
AAATCCAGTAGACTCG,150
AACCAACTTTAGGCCC,150
AAGAGCTAAATACAGT,150
AATATAGAATTTGGAC,150
ACCCGCACCCACAATT,150
AGATATCAGAACACTA,150
AGGTAATGATCAAACA,150
AGTGGCTCCTTTATAA,150
CAATTAAGCTAAGCCT,150
CCAAACAAGTAAATGA,150
CCACTAACCCCACAAG,150
CCCCAATACATCTGAT,150
CCCGTATATGACTGAT,150
CGAGCACAAAACATAC,150
CTCATTCTCCAGCACG,150
GAACGCAGCACCTCCA,150
GAGTTATCCGGTAGAA,150
GATCCAATGACTCTGA,150
GGCGGATAGCAACTTT,150
GGTAGGAACTAGCGTA,150
GTGCAGTAGTAAAGAA,150
GTTACTAAAGAGTTAA,150
TAGAATTACTATGGAA,150
TATATGCGCCGCTCGG,150
TATGATATGTATCAGT,150
TATTAATAAAATCAAA,150
TCTTTTGTAATTGAGA,150
TGCCATTCAGAGTAAA,150
TGCCCAATAAAGGATA,150
TGTTCCCTTAAGAAAA,150
TTATAAAAAGTCTCCT,150
TTGTAACATCCCTGTC,150
TTTCGTGATTTACTCA,150
AACACCCTACAGCAGA,149
AACTGGTGCGTGCGTT,149
AATCGCCTAAGACAAT,149
ACTTTTTATTCCCACA,149
AGATAACCCTATTAAA,149
AGCTTTTAACACGCCA,149
AGTCTCCTATCGGAGC,149
ATAAGAGATTGTATAT,149
ATGATTGCACACAAGT,149
CAACATAAAAAGAAGA,149
CACCGTCCTCTACAAA,149
CACGTACTAGTATCAT,149
CATGAAATAACTCGAA,149
CGACAGTTTTGACTAA,149
CGTTAGAAAACACCCT,149
CTAGACAAACACGTAC,149
CTCGATCGGTACTTAG,149
GCAAGATAACTAACAT,149
GCTGCATTGTAATCAT,149
GGATGCCAAGCCCCGG,149
GGCCACACAACAAATC,149
GGGTATTTGATTGATA,149
GGTCCCATAGAGACAG,149
GGTTCAATCAAAAGCT,149
GTCCATATATCATAGT,149
TCTCATCAAAAAAAAT,149
TTCGAAAGAACCTGTT,149
AAAAATCCTGGACGCT,148
AAAATGTTAAGTACCT,148
AAATACCTACCGTTCC,148
ACATAATGCAAGAATT,148
ACCCCCACGTGTCAGA,148
AGAATTTATTAAAATT,148
ATACCAAATCGATTTT,148
ATACCTAACTTACCCC,148
ATGATTGTAAAACTTG,148
ATTATTAACGCAGACA,148
ATTTCAAATTCCAAAA,148
CATGTGGATGCATTAA,148
CATTTGAAGAACCCCT,148
CCCAACCTACTCCACT,148
GAAGCAATTAGGACCA,148
GAAGGCGAGAAAATGA,148
GAATGCCGAACTACTG,148
GAGGGTTGCTAAAATG,148
GCAAAGAATACTCAAA,148
GCCAGAAACATGAATG,148
GCTGAAAAGACCCAGA,148
GGGTGGTTGACTAAGA,148
GGTTTAAGTTGCACAC,148
GTCAGTGTGGGCTGAA,148
GTCCATAATAATAGGA,148
GTGAAAACGATAAACC,148
GTTACAAGCAAAACAG,148
TAATTAGTCAAAGCGA,148
TAGGAAAGCTTTAGAC,148
TCAAGACCGAGATTAG,148
TCCACCTATATAACTA,148
TCGGCTCAACAAAGGA,148
TCGTCGAAACACAGGT,148
TGATAGTTAAACCAAT,148
TGATTTAGAACTTGGC,148
TTGCCAATCCATATTA,148
AAAGAAACGTGATATT,147
AATAAAATCCCCCACA,147
ACAGCGAAGTATTTGA,147
ACCTCATGAACCAAAA,147
ACGATACTATGGTAGT,147
ACGTTTTATCCCACCC,147
ACTTTCTTATTAACAA,147
AGCCTTGTAGCAGGCA,147
AGTATTCAATAAAAAG,147
ATAACATTTTGAAGCT,147
ATGGATACTATCTTTC,147
ATTATCACTATAAGTC,147
CAATAAGAGTTTAATT,147
CAGCTCATGTGGATGT,147
CGGACTAGCGAATATA,147
GAAACATTGTTTGTGC,147
GATTACCTTTGATACA,147
GGAAATCCCCTATATC,147
GGGTCTGTGCGATGTT,147
GTACAGCGAAATAATA,147
GTTGTCACCTAATGTA,147
TAACCTTCCTGACGAC,147
TAAGAAAACCTAAATT,147
TATAGTATCTGGCTAG,147
TCCAAATATTTGAATG,147
TTAGTCCCTACCACTA,147
TTCCACAGCCTTCAAT,147
TTCTTGCTAATGAGCT,147
AAAATTCTCTCATTGT,146
AAAGAACAGCAGATAC,146
AATAATGATAAAAATC,146
AATCAGACGATAAAAA,146
AATCTACCATTGCTAT,146
ACATCCATGGCCCTGA,146
ACCAGCACTCAAGTGC,146
ACTAATGAGGTAGTGA,146
ACTACCAATGCCAAAC,146
ACTACTTGTTCTCAAT,146
AGAGAGCCAACCTGAG,146
AGATTCGAACACATAA,146
ATACCTGACGGTTTGA,146
ATGAATTTAAAGTATC,146
ATGACTCCCACAGAGA,146
ATGGAGAGCCTGGAGA,146
CACTTCAGATAAAAAC,146
CATTTGAGTAAAAGAG,146
CCAGAAGTACACCGTG,146
GACTGTGGCCCTTTTG,146
GAGCAAGAAAAAACCA,146
GATTTTTAAAGAATAA,146
GCCGGGTACCAATGCT,146
GGCCTTGAAGTGGACG,146
GTTTAAAGAACACTCG,146
TAACAAAAAAGTACAT,146
TAATTTTACATACATC,146
TGCATGAAGTACCGCC,146
TGCTATGACAGTCAAC,146
TTTAAAGCCAGCTCCA,146
AAAACTTAGAAACGAC,145
AAAAGTAATCTATTAT,145
AAGAACAAAAATAAAT,145
AAGAAGAAATTTCCAC,145
AAGGCAAAGGACAAGT,145
AATCCAGCTGCCATAA,145
ATTGGCTTGTAAAACC,145
CAAAGTTAAATCAGAA,145
CATCTTGCGCACATGT,145
CATGCTAAATCGGAAA,145
CCAGCAAACGATTCAA,145
CGCCAACTGAATTAGC,145
CTAAAGTACTGCTATC,145
CTATAAAGATTAACAT,145
CTGGCCGTGTTAAAAA,145
GATTTGCAAAGCTTCG,145
GCCCCACTGAAGAGAT,145
GCGAATATAAGTCAAA,145
GTACATTTAATTCTAA,145
TAAGCTTTATGATTCA,145
TACATTACACTCCAAT,145
TCTAAGTAACTACCAT,145
TCTTAAGAAAAACGAG,145
TGCGAGCGACTAAAAA,145
TTCAGAGATACCACAG,145
AAAAGGGCATAATCAG,144
AAATACCCATAACATG,144
AACTCATGGATCGCTG,144
AAGCCCACAGTTAATA,144
ACACAATTGGAATTTA,144
ACATAAATCACGGGAT,144
ACGTAACTATGTAACA,144
AGTAACACTGCCATTA,144
CAGCTATTCTGGGGCC,144
CATGGGTTGATAGTGT,144
CGCTATTCGCTACGAA,144
CTGAAGTAAAATTTGG,144
GAAACGATGTTTTATG,144
GATTATAATAAATTAT,144
GCTACATCAAGCGTGT,144
GCTGGGGGCAAACAAA,144
GTAAATGCTTCTTACG,144
TACTACGGATTCTTTT,144
TCATACGCTTTGAAAA,144
TCGGATGAAATAAAAT,144
TCTGTCATGTAGTAAT,144
TGGAAAAAGTCAAGGC,144
TGTTCCTAACAGAGAA,144
TTATTAGTAGCCGAAG,144
TTTGGTAATTATATAA,144
AACAAAACAAAATATG,143
AACAGACCCGTCACAC,143
AAGGAAGGACAAAATA,143
AATGCTGAGGGTATCC,143
ACCATACCTCTTTAAC,143
ACTAAAAAACAAACGC,143
AGAATCAATTCATGTT,143
AGATGAGTTTGACGGC,143
AGCGAGAGTGACACCA,143
AGGCACCTACGAGATA,143
ATAGAAAAACACGTAA,143
ATCTCTCCACCATAAA,143
CAACCAGTTCATTAAA,143
CATGCAGCTTGGGAGA,143
CATTTGAAAAACCAAA,143
CCTATCCTAGTCCGCT,143
CGTGGTTCATGTTTCC,143
CTTGTCAACAAAGGCG,143
GACATTCATGGGCGGG,143
GCAGTCTTTCAAATTA,143
GTCACTCTGAATTCCA,143
TAATCCATGGAGCCTA,143
TACTGGAAACATAAAC,143
TATTCACATATTACGA,143
TCGAATAACATGAGCG,143
TGACCGCCCAGTGAAA,143
TGTAAACAAACTAAGA,143
TTGTAATTTAAATACC,143
TTTAAAACCCCCGCCG,143
AAAATTGAAAACTGAA,142
AAGCAACAAGATACAT,142
AAGCAGACTCCCCGTG,142
AATGTTTCGTCGTACC,142
ACTCTGAGATCCTTTA,142
AGAGCACCCTTACAGG,142
AGATTATCTATAAATG,142
AGCACAAATACTTGAA,142
ATGGCCTGCCGATAGC,142
CAAGTATAATTAACGC,142
CACAAAGGGACTTTAA,142
CGAAAATTGGGCCAAA,142
CGAAACTTTTGTCCCA,142
CTTAGTGGAAAGTTGC,142
CTTTCAAACCGGACTT,142
GAAAAATATTTGTCTG,142
GAAATCATACCTTGAA,142
GACAGTGACCGCTATA,142
GACCTTAATTTATATA,142
GATCGCAACGTGAGAA,142
GCCATCCCTGCACCTC,142
GCGCAAAATGTTTGGC,142
GTCAGCAGATATAAAT,142
GTGTCGTAATACACCT,142
TAAAAAGTCTCTTACC,142
TAAAACAACACTCATC,142
TCAACTAACACAAATT,142
TCGAACTGTCATAAGA,142
TGTCCGCATCTGACCT,142
AAACCCTTTGGCGTTG,141
AAATAACTGTTACCAG,141
AAATCACACTATTCGG,141
ACAAAGGCGCATAAAC,141
ACACGTTAAAGCTTGG,141
ACATGAACTATCCAAA,141
AGAACTAAAAATTTTC,141
ATCAACAAATAATATG,141
CAAGCAACGATCCGCC,141
CAGAGTGAAAAGCAAA,141
CAGTAGGCGCAAATAT,141
CATAGTACCCAAACTG,141
CGTAAAAAATCAATAG,141
CTATGTTATTTAACTC,141
GACAAATAAATGGCGG,141
GACGAAGAAAACAGAA,141
GAGGCCTATAATCAAA,141
GCACTTGAATAATTGC,141
GCCTTGATGGTGGAAG,141
GGGAGCAAAAAAATAG,141
GGTATTATCTGAATAT,141
GTCCATATAGCAAGCT,141
GTCCGACCCACATAAC,141
GTTTAAGTATATCACG,141
TATTGCAACATAATAG,141
TGAACAAAATTACACT,141
TGTACCGGTGGATCAA,141
TGTATAAAGCGAGCGT,141
AAAAATAGAAAATATT,140
AAAATTCTGCTTCTCA,140
AAGATGAAGAAGTTAC,140
AATACATATATATTAC,140
ACAGATCGACAAGCAC,140
ACTTGCTCGATAGATT,140
AGTCCCAATTATCTGG,140
ATGTCACCAACAGAAA,140
CACGTGTATACTATAA,140
CAGCTGAATAATCGGA,140
CAGGTGACTTCCAACA,140
CGCTTTAATATGTTTC,140
CTTGAACGAAGCACTA,140
GACATTTCCTAGCAAT,140
GGAGTGACAAAGAACA,140
GGTAGAGCTTGCTAGG,140
TAACCGCCTGAATCCT,140
TACGAGACACCACTCT,140
TAGCACCCTAATTCAA,140
TCACATAATTCCATAT,140
TCGAGGGACAAAAAGA,140
TTAGAGAGTTAGAGAC,140
TTCCAACGCACAACGC,140
TTTGCATACTATTAAG,140
AAAAACTGGTCTAAAA,139
AACCGAATACAGATAA,139
AATAAACAACTGTTAC,139
AATTAACACTATTAAA,139
ACTGTTTTGAAAATCT,139
AGAAACCATTAGTCAT,139
AGCAAGACCGCAAGCG,139
AGTACGCCCCCCGTGG,139
ATGTTTAAAAAGTTGA,139
ATTAGGCAAGAAGAAG,139
ATTTATAAAACAAAAG,139
CAACGTGAGGCTATTA,139
CACTAGAAGGAAACAA,139
CATCAACACTGGAATG,139
CGGCCCCGAAGATCTA,139
GCAACATACTCAAACC,139
GCATTGTACCTGATAT,139
GGGACAGATTCAATCT,139
GTCGTTTTATAGAACA,139
TAATAGTGTTATGTGC,139
TAGTAAAAGCACATCC,139
TGATAATTACTAGTGG,139
TGGTTCCCGCCTAAAT,139
TGTAAATTCGAATTCC,139
TTAACAGGTGACGCAG,139
TTGGATAGCCTTAGAC,139
TTTAATGTACCCGCCA,139
TTTACTCGTGGGGACA,139
TTTCAAGTGCTCCTAA,139
AAACGACATCAGAAAG,138
AAAGGAATTTATACTC,138
AAAGTAACCGCTCTGT,138
AAGGTCCAGTGAAATG,138
ACCTAGTGCGATTTAA,138
AGGGGCGTTAGAACAT,138
CCAGCCAAGACACTAA,138
CCGTTAAAGAAACTCG,138
CTAACCATAAATAGGG,138
GAAAAAAAAGGGAAGA,138
GAAAGCCACAAAAGTA,138
GCAACGTTTATTTAGA,138
GCCAAAAATTTCGGCA,138
GCTGTGTCTCCTCAAA,138
GGAAAGATACAGGGAA,138
GTCCTTGAAAGGCAAT,138
GTCTGGCACAATACCA,138
TAGCGGCCTCAATCAC,138
TCATCGGATACAGGTA,138
TCATTAGTCCCTATCC,138
TCCGTGGGGACTAGAA,138
TCCTTATTCAAAATAT,138
TGATCTTCACACGATA,138
TTCGATAAATATGGAG,138
TTCTCGGGATCTGGAA,138
TTTTAAGACAGCGGCC,138
AAAAACACTACGTAGC,137
AAAAGAATTAACTAAT,137
AAACATCTGAAAAACA,137
AAAGAAAAACGTAGTT,137
AAGCGAGCGTCATAGT,137
AATCAATTTAAATTGT,137
AGCGCCCCCTGGAATC,137
ATAATTTCAGACGACA,137
ATTCTCAAAGAAGCTC,137
CAACAGATATAAACAT,137
CATTACCATGTGCTAA,137
CGCTTAGCATAGCATT,137
GAAGGTCATATCTAAA,137
GATAGCAAGGGAACAT,137
GTAATATATGTCCTAA,137
TAGAAATTAAACGTTT,137
TCTAGACTACATAAAG,137
TGCGCTACTGACGAAG,137
TGCTAACTGAGACGTG,137
TGTAGAATGAGTAAAA,137
TTAATTTCGAAACTAT,137
TTGCAGTTGTACATAG,137
TTTACAGTATGGTTCC,137
AAAACGACTTGGCTAA,136
AAAAGCTGTGGAGGTC,136
AAAATGCCCGGTTTAT,136
AAATTCATGGCACAAC,136
AATGGATGAAATTACA,136
AATTGCGCTTACGCAG,136
ACGAGTTAGAAGAGCG,136
ATCAATCAAAAATAAA,136
CAGAAACCGAAGCACG,136
CCAACTATTCTACTAT,136
CGACGTTCTCGAAATA,136
GCATATTAACAAACAA,136
GGACCCAAAAAGACAT,136
TAATATGACAAGATCA,136
TAGATTGCCAAGTCAA,136
TCCCAAATGAAGGACA,136
TCCCTAAATTTACGCA,136
TCGCCTGTAATTTTCG,136
TCGTATATAGATCACC,136
TGAGTAACTGTAATAA,136
TTGCCTTTCATTTGAT,136
AACGCAGTTTTGGATA,135
AACTTGACACAAACAA,135
ACAACCTATTCAAGAA,135
AGCCCTGAATTCAAAG,135
AGTTCGTATCTATTTA,135
ATTGGTGCGATTTGGC,135
CAAACAATTACGGCAG,135
CAGAGAAATCATATGT,135
CCGGAGAGACATCTCT,135
CTGAAATTCGATAAAA,135
GAGGGTTCAGAACCAT,135
GATTGTGGACAATTAC,135
GCATAGCATAAAAAAA,135
GCGTGTCGTCCCCAGA,135
GCTTTTGCAAACACAT,135
GGATCGAACGAAATAC,135
GGGTATTATATAAAGG,135
GGTCTTCTGTAACTTA,135
TAGAGTTCAACCTACG,135
TCAACCTCTCCAAGAT,135
TCCTGGCGGACACGAG,135
TTAATACACGCTTATT,135
TTCCTGCCAGAACGAA,135
AAATACGTCCTCGATC,134
AAGGCTCATGAGTACA,134
AATCCACAAAAAATAG,134
ACATACCTTTAGGGAC,134
AGAGCTCATTACACTC,134
ATTATGAAGGTGTGAA,134
CAAACATGTGGTAATA,134
CAATGTGCCGTGCTCA,134
CAGGAAAGCTTAACCA,134
CAGTGAACATACATAA,134
CGCTATCACTCCAATG,134
CTATAACAATACGTAT,134
CTCCTGGATTCATCTT,134
CTGGTAAACCCCTAAC,134
GACGAATATCAGGAAT,134
GAGAGAACATAAGCAC,134
GATGAAGTTTCAACAT,134
GGTCGAAGCCTAAAGA,134
GTAGACGACTTCCACA,134
GTAGTCTATCGTTAGC,134
GTCTTGCCGCAAATAA,134
TAACTAGTTGATTTAA,134
TATTGCGAAATCCTAA,134
TCACATACTACTAGCA,134
TCGATCAATAGCACTC,134
TGAAGGTCTAAAGATA,134
TGAGGAGATTGCAGGT,134
TTAACCCTACCCCGAT,134
AAAAAACCCGATCCTA,133
AAAATAATGAAGTAAC,133
AACCGGTTAAGCGATA,133
ACCAACCGAAACAAAC,133
ACCTAGGTATGACTTA,133
ACTAATATTGGCAATA,133
ACTGATCAAGAGGCGA,133
ACTGGGCGACAGAAAA,133
ATTGTTGACGTGAAGA,133
CAAGAATTATTAGGGT,133
CATCCATAAAAAACGT,133
CCTCTGCGGGGTTAAA,133
CTTATGGTAAATCAAA,133
GAGCGATGCATAACTA,133
GCAAAACCAATGAAAG,133
GCAAAATTGAGACAGG,133
TAAAAGCGCCACCATC,133
TCTCTGCTCTACTAAC,133
TGAAATCACATATGAT,133
AAAGAAGTGAGAAGTA,132
AACACAAAAATCATGT,132
AATATACTGACAGACT,132
AATTATTATATATAAC,132
ACACAGGCATAATAAT,132
ACTAAACCATACAGCT,132
AGAATTCTATATACAA,132
ATAACAAACGAACAGC,132
ATTAACTTAAAAGTAG,132
ATTTTAAGGCTTACTG,132
CAAGCCAGGCCACTCT,132
CAATATCGAGTGGAAC,132
CCTTCAACAAAACGCC,132
GACGGCCATATTAAAC,132
GCCCCGATCATACTAC,132
GCTAGTTGTGGGGCTA,132
GGTACCCCCCAAGGGG,132
TAGCATCAGGGGCTCT,132
TTAGTCTGAGATTCTT,132
AAACATGACTACGATA,131
AATCTGCTATTCTGAC,131
ACACGAACAATTTAAC,131
ACCAGCACACAGACGT,131
ACCGAGTTATTCCGGA,131
AGAAGGCATTGCGCCC,131
ATAAACACAGGAGACG,131
ATGATATAAGTTCCAT,131
ATGCTATTCCACATAA,131
CAAATTGAAAACCACA,131
CACTATAGTCGCAAAC,131
CATACATAACTGCTGG,131
GCGCAAATATGAACGC,131
GGGGTCATAAACCGAC,131
TCCCCATTGCGCTCCC,131
TGATTTTGTTCTATAA,131
AAAAAACGGAAGCTAT,130
AAAAACTCAACTGCAT,130
AAAATCAAATTCAACA,130
AAACCAAATTTTCTAG,130
AAATAACACTTGGAAA,130
AACCACCGGAATTATA,130
AATGGACATTGCCATA,130
AGTCCAAGATTCATAG,130
AGTTGAGAATTTACCA,130
ATAGGTCGCTCTTTTC,130
GAAATAGTGTTACTCA,130
GCCGGTGAAAAGGAAA,130
GCTACGTCAGGTACAA,130
GCTCCTCATAATACAA,130
GGGTCGCAAAATGAAC,130
GTCAGATAACTAAGTG,130
TAAAAGGAAAAACCCA,130
TACCAAAAAGGTGCAG,130
TCCTATGCGGTTATTG,130
TCGAAATATAAAAGAA,130
TGTACATAAACGTAAT,130
TTTTCACAATAACGGA,130
AAAAGCACTTCGGGAT,129
ATACATTACGTTTGGA,129
ATACTGCAATTCCCTA,129
CAAAATTCTGATAGGC,129
CCGACTGAAGGTAACA,129
CGATAACATCATGCAA,129
GAAGGTGGGGAGCTTC,129
GCAATTGCATCCTATT,129
GTAGATCTAAGATTAG,129
TAATGAGTATAACGTA,129
TCCGGCAGTAATTATA,129
TTTCGTCATCGATACA,129
AACGATGTCCCCGCGG,128
AAGGGCCTCAGTATCT,128
AATTATACTTTAAACC,128
ACAGGTTTTCAACAGG,128
CAAAACCAAACTAAAC,128
CACTAAGCTAACCAAG,128
CCTTTAATTAATGAAC,128
CTAAATTAAAAGAAAG,128
GACTAACTAAGATGGT,128
GAGTTAGAAACAACAT,128
GCAAAGGCAAAATCGA,128
GCGCGAGATCTACCCA,128
GGATATACCCGTGTGA,128
GGCTCTGAACCACTTG,128
GGGAGAATCAATGAAA,128
TAATCCAAACGAAACA,128
TATCCCTGTGAACCCT,128
TCAAGCCAAATCTCGA,128
AAAATCAATAGGCAGA,127
AAACCTACAGGCCAGG,127
AAATGAACGGTTTAGA,127
AACAATTGGCAAGGGA,127
AACACACATAAATAAC,127
ATACTCACTTATACCA,127
ATTAGAGAACAAAGAC,127
ATTATCTGAAGGACAA,127
CTATGTTCATAAAGAC,127
GACAGATAGCTGAACG,127
GTTTACACTCAAGTCT,127
TAAAAACAATTCGAAC,127
TAACATATTATAGGGC,127
TGACTATATTAAATCA,127
AAGTGGATAAAAAAAT,126
ACACGCTCGTTAAGGC,126
AGAAACATTAACTTAA,126
AGTTAAACCAAGCTCG,126
ATCTCTAGTAACTGTG,126
CAGTACAAACATTCGC,126
CATGGTTTCAGCCCGA,126
CGAAAACAACCCCAGG,126
CGATGTGTGAATCATT,126
CGCTAAAAGTATCCCC,126
GAAATGTTGCCAACAG,126
GACATAAAATGTTTTC,126
GACTACTAGATCGGGG,126
GCACACTAAAATCAAT,126
GGAAGCTTCTATAATT,126
GGAGATACAAAAAACG,126
GGTTAATAATCCGCGC,126
GTACGGTCTATCAAAC,126
TTAATGGATTAACTTG,126
TTCCGTATTAGAGCAA,126
TTTTGTGTCCTTACAA,126
AAAAACATTATCAACA,125
AAAGAATAATCTAAAC,125
AACGTATTGAATAATA,125
AATCGTCTATGCTTTT,125
ACATGCGGAGAAATAA,125
ACCAAGCCAGTCATAA,125
ACTAACGCTATATGAA,125
AGAAGTAACAGGAGCC,125
ATAAAACAATTGAACC,125
ATAAATAAATCATGAA,125
ATACAATCGATACCCG,125
CAAAGTTTGTATTTGT,125
CCGGGGATAATCGAAC,125
GAGAATTACGCACTGT,125
GCACCGCCAACATCTC,125
GCTGTGACAACAATAC,125
GGCCTCACCGGAAAAC,125
GGTTAAATTAACGAAC,125
GTCTTCGTGCTGAACC,125
GTGAGTATTAAAAGCA,125
GTTACCCAACCCACCA,125
TAAAATTAGGGCTAAT,125
TAACATTACACGAGAA,125
TACTATTTACGCTCTC,125
TAGAAATTAAATATCT,125
TCTACCAAGGAAAGAC,125
TGGACCAGATAGTATA,125
TGGTGCACCAAAGAAT,125
TGTAGATAAAGGTATA,125
TTCAAATAACGATCAT,125
AAAATATCAATTCGAG,124
AAACACGGAAATCATT,124
AACTATTAACTAATTG,124
AAGCATCGTCAAAAGA,124
AAGGAAATATCAGTCA,124
AATTGGCGACAAGAGT,124
AGGTTATAACAGCTAA,124
AGTATCTTCCAGATCG,124
ATCATATAATATTGGA,124
CAAATACACTTGACAA,124
CAACAACCACTTGGGA,124
CACCCATGTTCCAAAC,124
CCAACCAAATAAAACA,124
CCCTGACATGAATTTT,124
CCGCAAAATGTAAATG,124
CCGCTCAACCCAATGG,124
CGAAATAAACCTTCAC,124
CGACCTCCATCCATTC,124
CTCAGATTCATTTCAC,124
GAGTAACACGTAAAAG,124
GCAAAACAACAACGCA,124
GCCCCACGTATGACTC,124
TAACCATATCAACGTT,124
TAGCATTCCCAACGAT,124
TCTCTACGCCTGCAAG,124
TGAGAATTAATCCCAC,124
TTTGACTTCGTACGTT,124
AAAACTATATTACCTA,123
AACCCAATTGTAACTA,123
AAGAGCCAATTTGCCT,123
AATCAAATCAAGAAAA,123
ACAAATTTAAAGAGGG,123
ACATCGACAAGAATAT,123
ATGCACTATACAGTAA,123
ATTAAAAAAATCTAAG,123
CAGAGCAGGTAGAACC,123
CGGTACAGACGCTAAA,123
CTCCAAATCTTAAAAC,123
CTGCAAACAGGCACCA,123
GCGCGCTCTATTATAA,123
GTAGGGACATAAACCT,123
TAAAAAACAATTAATG,123
TACATAAACCATACGC,123
TATCAATAACAAATTG,123
TCAAATAAACCTATCA,123
TGGTAATAACATAAAA,123
TGTCCATTCGCAGATG,123
ATATATTATTATTAGT,122
ATTTAAACTGGCAATC,122
CAACGGTCGTTGAGCT,122
CAACGTAATGGTATAA,122
CACGCTGGGTCCGGAT,122
CAGAAGAGCGTATACA,122
CCCACTCGAAAAAATA,122
CTCCAACCTCAATTTC,122
GTCCTAAAGATAGACA,122
GTTAGTCACGGCATGA,122
TAGACTGGGTAGCGAC,122
TGCACTTCGATGCACC,122
AAAACGACAAATAACA,121
AATGAACAAACAGGAT,121
ACTACCAAAACAAGAT,121
AGAGTTTTTTGAAACT,121
ATCGTTTGTAAATTGC,121
CAATTTTTAACAAGAG,121
CACATTGTATTTGTCT,121
CCATTGCGAAGCAGCA,121
CCCCCAGAATAAAGTC,121
CTAGGAGACTTTGACT,121
CTCTCTCAACATCAAG,121
CTTGAGCGAGAAATCT,121
GCCTGGTATCCGAAGT,121
GCTCCATACGGCCCCA,121
GGTTAATATAATGACC,121
GTGGATACATTCATAA,121
TAAAAATAAAAGCCGT,121
TAATAAAGACTCGCAT,121
TCGATTCACGCGTTGG,121
TTAACTTGTAAACCAT,121
TTATCGAGCCTGTGCG,121
AACAACTCTATACCGG,120
AATAATGCGTGTATTA,120
ACATAATTACATGATA,120
ACCTACTTCTATCGCA,120
ACTTCCATAAAACTTA,120
AGTCGCTGTCGACCAG,120
ATCCACATGAATGAAC,120
ATCTTTAAGGAAAATT,120
ATGCAATCGAATTACA,120
ATGTATAATACTCCAA,120
CAAAGTTGTTAGAGAA,120
CCCTCATCGTCTAATC,120
CCGAAGTTCCGCGTCT,120
CTAAAATAGAAGCAGC,120
GAATGCGAAAGTATGG,120
GACCAACGAAGAAAAG,120
GAGAAGGAACAATTAA,120
GATACGCTACCGCAAA,120
GTATTCAGTCGACAGG,120
TAAATCTGTAATTTAA,120
TATGCCCGAAGCTCTT,120
TGACCATAAATATGTA,120
TGACTACACGGAGTGG,120
TTCAAACTTGAGCTCG,120
AAAAAGGCAACAAACG,119
AAAAATATCATAACTA,119
AAAATTTCCTTATAAA,119
ACAAATTAAACTGGAT,119
AGAAACAAAATATAAT,119
AGACCAAACGTTCCTT,119
ATAACCAATTAAAAAC,119
ATGTCAAACCCCACGG,119
CCTGATTCTATAATAT,119
CCTTGTCAGTTTATGC,119
CTAGTTTACCTTAAAT,119
GTATTTAAACGAATCC,119
TAAAGCCCCTGAGTCT,119
TACCGGTTAAATACAG,119
TATCAAAGCCAAACTC,119
TCACTCAAATATATCT,119
AAGGCTCAGTTAATAA,118
AATAATTTACTCCGAG,118
AGTTTAAAGAGGGTTT,118
ATAATAAGTGTCGCAG,118
CATACAAATCCGAGAC,118
GACTCTTCGGATAACA,118
GCATAAAATCTACAAA,118
GCCCGAGATCCAAGCT,118
GTATGAATGATGACGT,118
TATTGTTTGATTAAAA,118
TGACCTCTCGTACATA,118
AAACATCTCTACAAGC,117
ACACATAACAAGTCCA,117
ACATCTAGTGGCTAGG,117
CAATTAAAGCCCGTAA,117
GAACACCAAACCGAGA,117
GACTAATAATCCCTTC,117
GACTTCCTACTTTCAC,117
GGGATTCACGCGTTGG,117
TAAATAATTACACTCC,117
TAAGCATTATATAATT,117
TACGCTAAAAAGTTAA,117
TAGGGGACAGTTCTTT,117
TATTCGAGTAGAAAGT,117
TCTCTGAAGACTTAAG,117
AAACATCTAACAGTCG,116
AAAGACAAGTCAGTCA,116
AAAGTAAAGAGCAGAT,116
AAGCACGACACAATAA,116
AGCTCAAAAGACTCCT,116
ATAAATGAAAAAAAAA,116
ATAAGAACTCACTTCT,116
ATAGCACAACAATTAC,116
CAAACACGAAAAGCGA,116
CACGACAACCTGACTA,116
CAGACTTCAAAAAATA,116
CCGCAGAACCAAAAAT,116
CGTAATAAGAATTGAC,116
GAGAAACATATAAAAA,116
GAGCTAGGGAACCCCG,116
GTCCTCCGGCACTGTC,116
GTGGTAAATATCACGT,116
TAACCCATCGTACGGT,116
TGATCTATTACACAGA,116
AAAACCCTAACAAAGA,115
AAATATTTAAAGTGTT,115
AAATTGACCAACAGGT,115
AACATCACGAGATAAT,115
AGTTACCTGCTGACTC,115
ATAACTACTACCTCCG,115
CAAAATAGATCAACAC,115
CAATAATAACCGGTCT,115
CATACGAACGTTGCTA,115
CCCAATACGGTCACAA,115
GAACTGAGCACTTGTA,115
GACTTTAAACGGATTT,115
GCCGGTTACTCTTCTG,115
GGAGCGCAAATAGGCG,115
GGATACACCCCGACGA,115
GTGAAGTAGTAAAGTA,115
TACCAAAACTCCAAAC,115
TGCCAATAGCATTAAA,115
TTGAAGCCTTGTCTAA,115
AAAATAGTCCGCAATA,114
AAAATCTTATTGATAA,114
AACCGAGAGCGTGGCA,114
AACTCATGCGTTTCAC,114
AGACTAAATTTTGCGA,114
AGTGCCGCGTGCAATT,114
CTAGAGATGGTGATGG,114
GAAGATCTCTAAGACG,114
GGTACCCTTCCCTAGG,114
GTGTTATATCCGATAT,114
TAAAGACTGATATTTA,114
TCACTAAACTCCCAAA,114
AAAGGAGCCGTGGCAA,113
AAAGTCCAACAGGGCA,113
AACACCATAAATTCAT,113
AGACTGCTTCTCTGAA,113
ATAAGGTTTCACTAGA,113
ATAGCTTAGGACACAA,113
CACTAAAATCTCCATG,113
CATTATTACTCAATCA,113
CCGGTAATCTTCTTTT,113
CCTAGGCGCGACAAGT,113
CGGGGAATCAAAGTTA,113
GACCACAACATAAGTC,113
GAGAAAATTGAAGATC,113
GAGAATAATTATGTTT,113
GAGAGACGCGGGGTCC,113
GATAGAAGAAGAGAGC,113
GGAGCAGTTCGGAACG,113
GTAAAACGACTACCCG,113
TAAAAAAAGCCTAATG,113
TAAAGTAAACATGTTC,113
TATAAAATGAAACTAA,113
TTCTGACATATATAAC,113
TTTTAAAAAATAAACT,113
ACAGACCTTAAACCAT,112
ACTGCAAAATAACAAT,112
ATCGGAATATATGAAC,112
ATTTCAGACCCTCTTG,112
CAAGCAACACAAAGGT,112
CAATGGATGATCGCGC,112
CAGTAAGACAGACAAC,112
CTAAATCTAAGGGCTG,112
GAGATCCTGTCATAGT,112
GTACTCAGCCAAATAG,112
GTTCGAATATCATGAA,112
TACAGCAGTTAGTCAA,112
TATGTTGTTTACTCTA,112
TGAAAACTGTCAAACC,112
TGAACTGATGACATAA,112
AATGAGAGTTATCACT,111
ACGAGAGGGTCGAAAC,111
ATGTCCCAAACATAAA,111
CAAAACAATAGTACGT,111
CGAGTCGAATGCCAAG,111
CGATGGATCACCTACT,111
CTAATAGATTGACGTT,111
GCAACCGGCCCTAGAA,111
GGCAGCGTTAGAAAAA,111
GGCCAACGTTAGCCTC,111
GGTTAGTGCCTTCGTA,111
GTATCGAATTACCAGG,111
GTTGATGAGATGACCC,111
TGCTTTAGTTCCAAAG,111
TTAAACCCAAGTATAG,111
TTACCTCCCGGTTTAA,111
TTGCCATATTCCTCTG,111
ACCAAATTCCTATATG,110
AGGACTTACAGATTAT,110
ATCAACATGTGTGACT,110
ATTAAAAACCGCGAAT,110
CAAAATCGATCGAATG,110
CAAACAATAACATATT,110
CGAAGATGACCCAATA,110
GATTGGTACTCAGTTT,110
GCAGCAAATTAGCGAA,110
GCTTCGTGTGTAAAGC,110
GGGGTAACCACCAAAA,110
GTGTAGTAGTAAAGTA,110
GTTAAAGACTAAAGAA,110
GTTCAAACACGGTGCT,110
TAATGCGCTATGATCC,110
TAGACCTAGAATTGGA,110
TGATACAAAAAAATCA,110
TTGTGGCTAATACAAA,110
AAAAGAACGACAATGG,109
AAACCCCAGTGAACAC,109
AAATATAACTGACAAA,109
ACACAAATAGTAGTCA,109
ACGCTTTACATAAATG,109
ACTGGTAAACCCTTGG,109
CCATCTAGTGGATAGG,109
CTAATGAATCAAAAAT,109
GATTACTCGAAGCTAT,109
GCGACTTTAGATTAAA,109
TAAAATACCCGCTATA,109
TAAAGACATGAATACA,109
TTAATTAACTCGTGGC,109
TTTATTATGGGAATAG,109
AAACAGTGTCGCCTGT,108
AAAGCATATATATTAC,108
AACCAATGAGACAATA,108
AATTGTTCGTGGGCTA,108
ACAAATAGGAGTTGAA,108
ATCAGCTCAAGTATAA,108
CCTGCCAGGAGGCAAT,108
CGTGGCGTTTACATTA,108
CTATCCGAACAAGATT,108
CTCCGCAAAGATAGAA,108
GAAAAAAATCCTAAGA,108
GCAAATTGAGAATCCT,108
GCACCAATGTTCCACC,108
TAAAGACACATAATAC,108
TAACAAGCTAAGAAGG,108
TAAGATTAAAGGTAAG,108
TCGTTACAAACAGTAT,108
TTAGACGTTGCCAGAT,108
AAAATAACAAGATTCC,107
ATAAGGCCAACTAGAA,107
CAACACGGATGCAAAT,107
CACAAGAAAAATGCAA,107
CACTTAAATCACCGAG,107
CAGAGTAGCCGCAAAC,107
CCAAAAACGAATTCCA,107
GAAATACTACCTAAGG,107
GATCCGACTGATCCGC,107
TAAACAACGGGCCCAA,107
AAACTGACGTTGCACA,106
AAACTGAGTTCACGGA,106
AAATCCAAAATCCCGC,106
AACAGATTCCATCTGT,106
AACCTAACTCAAACCC,106
AATTCTCAAATAAGGC,106
ACAGAGTCACTTGTAG,106
AGGTAGCCAGGATAAG,106
CAATTATCTTAATGAG,106
CAGGTAGAAATATACT,106
CATCATTAATGAAACA,106
CCTTAGGACCAAAGCG,106
CTGACATCATCTAACC,106
GAGATTCACGCGTTGG,106
GATAACACGCAGGGAA,106
GTCTTTGGCGGAAAAT,106
TAAATTGGGCGTACGG,106
TGAACTTAAACGTAGT,106
TGCGAACACTCCTCGT,106
TTGACCAGTCCACGAA,106
AAAAGGAATGAAGCCA,105
ACCAACCGGACATATC,105
ATTGAGGTGATCCCGA,105
GAAACAGTTGCTTAGA,105
GAATTAGCAGGCTAAT,105
GTGATCTGCCGATAGA,105
AACTAAAAATACACTC,104
AATAACGACCTAAGGC,104
ACCTGCTGCACAACAA,104
ACCTGGCCATTGCTCA,104
AGACCAAAATAAAAAG,104
ATACTTTAGATATTAG,104
ATAGAATTCATATACA,104
ATCAAGGATCACTTAT,104
CAATTATAGAATAACT,104
CCAGCGCGTGATAAAC,104
CGATAAATACTATGGT,104
GAGGCCTCGGAATAAA,104
GCGTACAACCAAGATA,104
GGATTATCAACGCTAG,104
GGTGGTTGTAAAAAAA,104
TAAATTTGCAAGACCA,104
TAATTCTTAGATATGG,104
TATACTTGAGTTTCCA,104
TGACTATACAAATAAA,104
AACAATAATAAGACAA,103
AACGATCGCGAGCCAA,103
ATCCCACCTGAAGACA,103
ATGAAACAGATACAGA,103
CAAAGACGATTATTAC,103
CGAAAACCGCTTAAAC,103
CTAACGACTTCCTTCA,103
CTCCAAATTTAACGGC,103
CTTTCAAAGTTACGGC,103
GAATTTGAAAGACTTA,103
GACTTATGGTACTCTA,103
GATAGGTTATGAAAAT,103
GCTTGCCACAATGAAC,103
GTTCCCGTTAACGACT,103
TAATAGGCTATATACA,103
TTCCCTCAATTTAAAA,103
AACCAGTCCCAACCAT,102
ACCCTAAAAAGTAAAA,102
AGCGCTTGATAAGTAA,102
AGGCATAAAACCATTC,102
CAACCACTGTACGTTT,102
CAGCCTTACGTGTGTT,102
CCACCCAGTAATTTGT,102
CCCAAAGTTCACACTA,102
GACAACTAAAAGAACC,102
GCATTCGCTTATTTAA,102
GTTGTCTTCGAGCTTT,102
TAAGGGTCGATATAGG,102
TCAATAATGAGTGCAA,102
TCAGCGTAAAGGTGAC,102
TTACAAACCAAGGGAA,102
TTCGTCGCAATGGTCC,102
TTGGTATAATCCAGAA,102
AACAAAATACAAACTT,101
ACACAGATAACCTCAT,101
ACTCACTGCAGAAAAC,101
ATAAAGTCGATTGACA,101
ATAAGCAATGCAAAAG,101
CAACCCAAAAACATCT,101
CCAGGCGTTGTCTTAA,101
GCAGAGCGTTATAAAC,101
GCGCGCCGCCCTTATG,101
GGTCTCCATCTTGACC,101
TACGTGACCTATATAT,101
TATACTACTGTCTGGC,101
TATCACAAAAGATACA,101
TATTATAATAAACGAA,101
TCGTGACATAAAATAT,101
TCTAGACTGCCTTATA,101
TTAAATTATATACGCG,101
TTAATATTTCAAATCT,101
TTAGTCCAAATCTAAA,101
TTCAGTAATCCGATAT,101
TTGAGTGCCCGTTTAA,101
AAATCCCAACATGATT,100
AACAAAAAGGCGAAAA,100
AACGAACGTTAATAAG,100
AAGCGCTTATTAAAGT,100
AGCATAATAGTAGAGA,100
AGCATCTTCCGGAAAG,100
ATAAATAGAGACTCCC,100
ATGAGACCTATATCCT,100
ATTCAATTAGTGCGAA,100
CGGTGACTAAAAGGTA,100
CGTGCAACGGAGTGCC,100
GCGATTCACTCGTTGG,100
GTACCATCATCGTAAT,100
GTCATATTAAAAGAGA,100
TAATAAGTCAACTCAA,100
TACCAAAGACACATGC,100
TAGATACAAACTACTC,100
TCCATGACGTATTTAG,100
TGCCGTAAGAGCAATA,100
AAACGAACCATGACTA,99
AATTCGTCCGGTACAT,99
ACCAGGATACAGATTC,99
AGACGATAGTTTAAAA,99
ATTATCCATGTGACTC,99
ATTCGCGCTTGCCGTC,99
CAACGTTACTCGAAAA,99
GCATCTTTGACATACG,99
GTGTGGGTTAAGTCAA,99
TACACAAAAATACACG,99
TGAACAAAAAAAGATA,99
TTGCATCATAAACGTG,99
AAACACATCACGATCC,98
AAGCCCACCTTTCACG,98
AAGCCTATATTGGCGG,98
AGCACAGGCCTCATAT,98
ATCTCGTTTCAAAAGA,98
CAACTAAACTTTCACT,98
GGATGTCATGTTCAAA,98
GTAAAATAATAAGATT,98
GTATGACGACCCATCG,98
TAAATCTTAGAGCCAA,98
TAGCGATGCCTCTTAT,98
TCACCACTTATGTGTG,98
TCCAAGCTACCGGCAT,98
TTTATTTACAGACATA,98
AAGCAGGGTTCCCCCT,97
AATACAATTACACAAA,97
ACACTCACTCAAAAGA,97
AGAACACCGCAGCAAT,97
CCGCCTTGGCATGCCA,97
CGAAGTTCAGATGCTA,97
GAAGAGATTAAACAGG,97
GAGAGTAGTGGGAGTC,97
GATTAGATACTACCCA,97
GCATCTAATTACAACG,97
GCCAACATCCGCTGCA,97
GCCATGTCAGAATATA,97
GCCGAAAGCAGAGTAC,97
TAAACCCGGATTTAAT,97
TACCTAACAGCTGTCC,97
TATAGTACACTAATAG,97
TGGCGTCGTTAATAAG,97
TTTCCTTTAAACTAAA,97
AAAATCCAAAAAGCTA,96
AACATATGCTTCCGAA,96
ACACAGAGTACAGACA,96
ACACGTAACTGTGATT,96
AGAACCTTCCGGCAAT,96
AGATACCCCACAGATA,96
AGATTCACACGATCCC,96
ATAAGCCAATAAAAAT,96
ATACACCATTAGAAAG,96
CAAATTCCATGATAAA,96
CCTGCAAAACATATAG,96
GCCAAAGGACGACAAC,96
GGCGACAGCCCAAGAA,96
GGTCGATAACGGGTAC,96
TGACTGGACAATATTT,96
TGGGTTGTGTATGAGA,96
TTCCCATGGATACGAT,96
AAAGGGTCTCTTAAAC,95
AAATTGTGAAAAACCA,95
ACCTTCACCAACATAA,95
ATGTAAAGCCCATCCT,95
CAAACGAAGAAAACCC,95
GAACCGACGAGATACA,95
GATTGTAGGTGATACA,95
GCATCAGTGGGTGTAA,95
GCATGGAGAACGAAGT,95
GCCCCAAAACCAGACG,95
GGTATTCACAAAGATT,95
GTGGACAGTGCTGCCA,95
TCTTGATTCCCCGTAT,95
TGAAACTAAATAAAGC,95
TGTTTAAGCATTTACA,95
TTCATGGGGAACTTAC,95
TTTGAATGGCAACTCA,95
AAACTGGGATTGACAA,94
AACGTTCCACTTAACA,94
ACAATATAAAGCTAAG,94
AGCCTCACCATCTCTC,94
ATCGTAAACAGTTCCA,94
ATTTACAAGGCATGCC,94
ATTTACAGAATACAAG,94
CCCCATGATCTACGGT,94
GAAGTCAAGAATTCAG,94
GACTCGCTGACTATGT,94
GAGACGCAGTTAATTG,94
GATACACGTGTGATAT,94
TACGTCGCAATGGTAC,94
TAGGGTCCATGCTACG,94
TGTATAACGTCAATCA,94
AAAAAACTCACTCTAT,93
AAACCATGAACATAAT,93
AAGATAGTGATAAGAA,93
ACCACGGATTCAGTGC,93
AGGCAACTAAGACTAA,93
CCTGACTGGAACAACT,93
GAGCATAGTCAAAGAA,93
GATAAACGCTTAAAGC,93
GGTATGTGGGTTAGGA,93
TAAAACATGACGGAGC,93
TTTAATAAGGAGGAAG,93
AAAATAAAGTTTCGCA,92
AAACAGCTCTTATAAA,92
AAGGTAAACAGAAACA,92
AATAAAAAGCTTACCC,92
AGGTCGTCCATATTTA,92
ATTCCAGATTAAGATA,92
CATAAACATACTGTTC,92
CATAACTTACCGATCC,92
CGAGAGGCTCATAGGG,92
CGCAGTATCACAAACA,92
GATATTTTGACAAATA,92
GCCCAGAGGACGCAAT,92
TAAAACACGCTGAAGT,92
TAACTGTACCAATTAG,92
TAATTCCACATATACC,92
TATAGACATGGTCTAC,92
TATTCGATCAGCACAT,92
TGTATCCCAGCATGGT,92
TGTTTAACAGAAAGCT,92
AAACCACAAGTGCTGA,91
AATGCACTACGAATCG,91
AATGTACGAAAACTTG,91
ACACTGTTGTCAAGAA,91
ACAGGGTAGTAAAAAA,91
AGAGGTTAAAAACAAC,91
ATAAAATGTAAAATAA,91
CACGAATGCTCTTTAC,91
GGGTCACTATAAAACA,91
TAAACGGATAAATCGA,91
TAATAAATGGCTAAGG,91
TCTTACGTAGGCAATG,91
AACAAACTGTCAAAAG,90
AGCGTTATGAACTTAA,90
ATATGTAGAGAGAACA,90
CTATAAAAATTATGTC,90
GCATATCCACCTACTA,90
GTAACCTACAAATAGA,90
GTAGCAATTAGATCAC,90
GTTATGGTTCTATATC,90
TGAAAGATTTAAAATT,90
TGTCAAACATGGAGTT,90
AGCAGAAACCAATCAA,89
CACAAAAAGAGAAAAA,89
CATCAAGTTTGCGCGT,89
CGCCTGTTACCCATAC,89
CTAAACAAACTAATAA,89
GAAAAAAGACGTATTA,89
GAGCAAGGTAATAAGC,89
GCATTACCTCTACATA,89
GCCTTCAGTCTACGAT,89
GCTTACAATGTATGCC,89
GGATCCGTCTTAAGCT,89
GTATATTAACTTTGAG,89
TACCACGGGGGTTCGG,89
TCTCTTCGCTTACGTC,89
TTAGAACATCCTATGA,89
AAAAAACCCATTGCAA,88
ACAAACCATTTAGTTT,88
ACTGCGCTGGAAACAT,88
ACTTTACCTGTTTTAG,88
AGAAAAGAAGAATATA,88
AGATAGGATATACACG,88
AGATTATGAAACTACA,88
AGCCAAAACCATACAA,88
ATAACTGTTAGTCGAG,88
GAATTAGATATCTGCT,88
GAGATTCACCCTGGAG,88
TACCCATGGATAAGAT,88
TCAGATAAGTATACTG,88
TCCACAATATTCCAAT,88
TCCTACCAGTTAATAT,88
TTAGAATCCGACCAGA,88
AAACTAACGTCAGATG,87
AAACTAATCCTGGTTA,87
AAAGTCCTATACAGTG,87
AACGAATCACAGCTCG,87
AACTAGAAAGAAGCGT,87
AGCTGAAGACCGTCTT,87
AGTTTACACAGAAGGC,87
ATAAACATAAAGTAAG,87
ATCTCCACCTTAGTGT,87
CCCAGCGACGATATTG,87
CTACAACACGGGCCAT,87
GCTGTTCTTTGCAGAG,87
GTGTAGACACGTTATT,87
TAACAGAGTTCTTAAA,87
TATAAAAACTGAAAAA,87
TCCTTAAGAATGTACA,87
TTCTACACCGTCACAA,87
AATATTATAGAAGCCT,86
AATTAAGGAAACTCCG,86
ACAAGATTTCCCACAT,86
ACCCACCGCCGACTAC,86
AGTAAAGTAGGTAAAA,86
AGTTTATTCACAATCT,86
CCAGATGCGGTCTTGC,86
CGCCGCAAGAGAAATC,86
CTAAAATTCGATAGAA,86
GACTGCTGGAATCCAA,86
GTGATGTAACTCTCGG,86
TAATCCAGAAAGATAA,86
TACACTTATTAGCCAG,86
TATGTACAGGACTTAT,86
TCACCCGAAAAATGGT,86
TGGACCCCTCAAATAA,86
AAAACCCACGAGTAGC,85
AAACAGGATTCCCGAA,85
AAGAAACCCGCCATCA,85
AATAATCCCTTTATAA,85
ACGAAAACAAACGACG,85
ATTAATAAAGTAATTA,85
CAAGCTTAACAACCGA,85
CGCTTAGTCCATTAAA,85
CGGCTGTAAAAAGTAT,85
CTCCCCAACCCCTGAT,85
CTTCAATACGAAGCGA,85
CTTGAAGAAGTTAAAG,85
GAATCGAAAGAAACGC,85
GAGAAAAGGAGGAAGT,85
GCAAAGGTCAGCCTTC,85
TACGAATCCCGAATGA,85
AAAAAAACCTTTCAAA,84
AAACAACAGGTAGATA,84
AAACCACAGCCCGCCT,84
AAACCTTTGCCATTAG,84
AACCACTCACTGATGA,84
ACAAAAATTTTAATAA,84
ACAGCCACGCATCAAA,84
ACCGACTAGCCAGAAA,84
AGACCATATCAATATT,84
AGTAAAATTAAATTAA,84
CAATACCCTCTAAGTT,84
CACGACAGAGTTCCAT,84
CCATCTAGTGTCTAGG,84
CTATCAAAGATAAACT,84
CTGACTGCGCTTATGT,84
CTGCACCTTGTATAGT,84
GAGTACACCGGAGACT,84
GATTCTGACCTAGAGA,84
GCAAATATACATTAAT,84
GCCACCGTCAACAAGA,84
GTTCGATCCAGAATAG,84
TAAGAAGGTTTGACAC,84
TACAAACTTAATAACG,84
TACCATATAAGAGATT,84
TACGTCTCAATGGTCC,84
TATAAAGATTGAGCCA,84
TCAAAAGAACGGAAGG,84
TCCCTCGCTATTTTCC,84
TGAAATACAATAGTTT,84
TGTCCATCAGATTACA,84
TTCGTATAACCAATAA,84
TTTACCTACTGATGAG,84
AAACAAATTAACACCA,83
AAACGCCCATTAAGAG,83
AATCTGCTACCGACCG,83
ACCGCTTCACACAATC,83
ACTGGGTAAGAAAATA,83
ATATTGACAAAATTCA,83
ATGCGGGACCTCACTC,83
CAAAATCCGTAATACC,83
CATTAGATTCTCGAAT,83
GAACCAGCTCCTGAGC,83
GACGTTTCTATTATTT,83
TACCTAGACTTGACCC,83
TTGACGCTTAAAAAAT,83
TTGGCCAAGAACTAAA,83
TTTAGACCGTAAAGCT,83
TTTTCAAAAACAGAAC,83
AACGCCTTCTCCAGGT,82
ACCCGACTCGGTCCGA,82
ACCGAAACAGTTGTTT,82
AGAGGTGAACGTGTTC,82
AGCAAGTGATAGGTAA,82
ATACGAATTGACCTTA,82
ATGATACCTTGACCTT,82
CAATATGAGCCACGTA,82
CAATGAAAAGACTTAA,82
CCATATTCGAGACGTA,82
GTAAGTTCACTTAATG,82
GTACGTTAGAATAACA,82
TAACGCAAGACCGTTA,82
TACCCAATGTTTTACA,82
TACCCATGTATACGAT,82
TTACCACGCAGTTGTG,82
AACAAGAGCGAACACC,81
AACATTCGCTTAGAAG,81
ATTAAATTGACACCCT,81
CGAAAAGTCGTTTTAT,81
CGTCGCAAGCCTAAGA,81
CTCCATACACTATTAG,81
GAAGGTCGTTTCGACC,81
GAGTAACCACAAAACT,81
GTATTTACTATAATAG,81
TACTTCAATGTTAGGT,81
TCAAACTAAAAATTTC,81
TGACGAAAGCCCACAA,81
TGGAAATTCAACTATC,81
TGGAATGACATTTATA,81
AAACAGTCAACCCAGT,80
AAACCAATAACCCCTT,80
AACACTCCTGAACTCG,80
AATGAACTGTACGACG,80
AATGTAAAAAAATAGG,80
ACAGCAAAATAGTTAT,80
ACCCTCCCTCCACCTA,80
ACTTGAAAGTTGTGAA,80
ATCAAAAATGTGCTGG,80
CCCATTATAAAGACTA,80
TGTATTCAAGCAAAGT,80
TTTACACGAAAAAATC,80
AACCTGATTAAGATGC,79
ACCGTTATAGCAATGA,79
CAACAGACTAGAGTAA,79
CATACCACGAAACAGT,79
CATCATTAATAAAAAA,79
CCTTATATTGAGACAA,79
CTATTTGGACCTGGCC,79
GATATAATTAATTTTA,79
GGGCATAAAATAAAAA,79
TCCCGTCCGACGTACA,79
AACGACATTCGCCATA,78
AGAAAATCGTAAACGA,78
AGGGAACATACTAGAG,78
ATCCTTTTATCCTATA,78
CAATGGTACTTAAAGA,78
CATAACTCTCACAACA,78
GAAAACGAGTTTTGCC,78
GATACGGCCAAGTGAT,78
AAACAATAGAAACTCT,77
AATACAAAATAGCAAA,77
ACCCTGCAATCTAAGT,77
AGAAAACCAGATTTGA,77
ATAATATCCAGGGTGA,77
CAAAAGCCGATCTACA,77
TAACCATGGATACGAT,77
TAGTACCCAAACTCTC,77
TATCAATAACAAACTG,77
TCATAAAAACATAGTA,77
TTTCCAACTTAGTAAC,77
ACGATTCACGCGTTGG,76
ACGCAAAATGCACAAG,76
ACGTGAAAAGTAATTT,76
AGTTCCCGAGACCATC,76
CAAACGCGAGTTCACA,76
CTAAAGATGACTACTC,76
GATCACTTTATAATGA,76
TAGAACTATTAAAGCT,76
TGCCCATTTATAGTAA,76
AAACTTAGGGCGTTTG,75
AAAGACTGACTAGCGA,75
AAAGCAATTGGGCGAA,75
AGTGACACGACTGCTA,75
CAAGTAGTCGTAAACA,75
CACAATTCGCAAAGTG,75
CGAATACTTTTAAATC,75
TAGTAAAGTTGTGTGA,75
TCATGTTAACATTAAT,75
TTACTTAATACCCCAT,75
AAAGGGCAACTTGGCT,74
AATAGCTAATCATACC,74
AGCCTGTATCATCCAT,74
ATCCCCTGTCACACAA,74
ATCTACAGCATGCTTT,74
CAAGAAATAAGACCAA,74
CCACGACGAAACTTAT,74
CGATGGAACTGACACG,74
GAAAAGAGGCGAAAAT,74
GCGATTAACGCGTTGG,74
TCGAAACAACAGATAG,74
TGAATATTCTAACTAT,74
AAAACAGACGTATACT,73
ACGGTTTCTGTCCTAT,73
ATAAGTAGATAGATAA,73
ATATGTACAATTTAGG,73
CAAAAACACCAATGAG,73
CAAATCCTGAGCAAGT,73
CCTCGATAGCTTGACT,73
GAACAATATCGAACCC,73
GACCCCAATAGAATTA,73
GCGATTCACGCTTTGG,73
GGACTAGACTCGAAAG,73
TACACATGGATACGAT,73
ACATGCGCAATTTAAT,72
ATCCGAATGAACGATG,72
CCTCTCCCATAATACT,72
CTTAATAGTTCCCGAG,72
TACCACAAAATGAACC,72
TAGTTTAAATATCAGG,72
TCAGGGAACCGCTGTA,72
TGAATTAGACATCAAA,72
TTACCTTGAACACGGT,72
AAAATCAAGAAGAGTG,71
AAATCAAGAGATAAAG,71
AAATGTTAGTTATATT,71
AATAAAGGTGTCGTAT,71
CGGTATAACAAACATG,71
CGTATAAATATTCGCG,71
GCGATTCAAGCGTTGG,71
TAATCAATCAAATACC,71
TACGTCGAAATGGTCC,71
TCTTAGTGGCGGTCCC,71
TGCGATCTGAATGCCT,71
TTCCTCGAAATAGCTC,71
AAAAATAAGTCAACGC,70
AAAAATGTACACAAAA,70
AAGACGAAATGAATTT,70
AATTTTAAAACGTAAA,70
ACACATAAGAGTCACT,70
ACCGATAACAACATTT,70
CAAAAATGAAGGTTCC,70
CCGCAAATCAAGAATG,70
CTCGATTACTGAAAAA,70
GCAAAAATCGGTAAAA,70
TACGTCGCAATTGTCC,70
TGGCCCTTAAACTATC,70
AATACAATGAAAACGA,69
ACAAAAGCTCGTAAGT,69
AGAAGTTCCAATGTTA,69
ATAAAATAAATACAAT,69
ATTATTTGTACGTAAT,69
ATTTACAAATAAAAAA,69
ATTTAGTAGGAAATCA,69
CAAAGGTGATACCAGA,69
CATGGCCTAAGAATCT,69
TATTAACCGTATGTTT,69
TCAGCGTAAACCGCAG,69
TCGTGACTATCACCAA,69
TTAGTCGACTATTCCG,69
TTTTTTACGAACGATC,69
AAACACTTATGGATCA,68
AAACATTCGCAACAGC,68
AGTGACACGGTAACTC,68
CCAACGTTACGATGAG,68
CTATCAGCACGAACTA,68
CTCAATTAACCAATAT,68
TAGGAAATAACCCGTC,68
TCAACTAAACGAGACG,68
TGTAGACTCCCTCCAT,68
AACACAGGTGAGTAGG,67
AGAAGTAAACAATTGC,67
ATACTGGCGTTAAGAA,67
ATTACTCTAGTGACGT,67
CACTTAAATCGTTAGA,67
CCTTCTACCAGACCAC,67
GACGGTAACGCAAACG,67
GGACGGAACGAGCATC,67
TACCCATGGATACTAT,67
TGGCCGTTAAACGCGA,67
ATGAATCACATTCTGA,66
CAAAAGCAATTAACAG,66
CACAAACCTACAACCA,66
CCATAAAAAAAGCCAT,66
CGTGGAGTTTACACTA,66
GCACCGACTAACAACA,66
GCCTGACCCCAAACAT,66
GCGATTCACGCGTTTG,66
GTAACTCAACTTCCTT,66
TACGTCGCAATGTTCC,66
TGCCCAACATCTACGT,66
AACTATATAATAGCAT,65
ACTGCCCAATGGTTTA,65
ATCATTATATCATTTA,65
CCCTAGTCCGCATAAT,65
GAAAGAATACAAAGCA,65
GATTAAATTTAAGCAG,65
GGCAAAGAAAATGAAC,65
TAAATCAAAAGCTATT,65
TACAAAACCGATTCTC,65
TCCAATAGACCAAAAA,65
TTAAGCAACAGACATT,65
AAATATAGAGAAGGGC,64
AATACCAAGAGATATA,64
AGTATTAATTACGTAC,64
CGCTTAGCCCTAAGAT,64
GTAAACCTCAGATACA,64
TACGTCGCAATGGTCA,64
AGGATAAACTTTAATG,63
CAGTGATAACTTAACC,63
CTACACAAACCCTCTA,63
GCAGATGACCGTAATG,63
GGTGTATAACCAATAT,63
GTAAACCGCCCTAAAA,63
TTCAAAGTACAACTGT,63
AAACCAAAATATGTAA,62
AACAAACAGAATGAGA,62
AAGTCACCTTCCGATT,62
ACAACACCAAAAAAGA,62
AGAGAGATCTAATAGT,62
ATATCAGATTGATTAA,62
TACCAATGGATACGAT,62
TACTCATATTTCAACA,62
ACCGGAATATTTAACG,61
AGAGTTGAGTTTACTG,61
ATACCAAAACAGCCAC,61
CAACTGCAAGATCGCT,61
CATAAGGACTTAGATC,61
CTAAGAGGCATAATAG,61
GATTTTTCTACATAAC,61
GTTTTCTCCTCAAATA,61
AGATCATTAAAGCAAA,60
ATTCCGAATTGAGCAC,60
CCATATAGTGGCTAGG,60
CGGCACTACTTCTATT,60
GCTAAAACTACGAACC,60
TAAACTTGAACTAAAA,60
AAATCACTAAATTTTT,59
ACGGCCGAGTTTTCAT,59
CACATTTTTCGTGATT,59
TCAAAAAGGTGTGAAA,59
TTACGAATAACGACAC,59
AACTATTACCTAAAGG,58
ATAGGTGGATAGAAAT,58
CACAAAGACGCACACG,58
CCAACGACACGAAACC,58
GAATGAACCAGAACAA,58
GAGAAACCAATTGATA,58
GGTCCATCCCCAAGAA,58
TTTCCTGCGTATACCA,58
AAAAAGAGACTCTTTA,57
AGGAAACAAGACGAAA,57
ATAACTATATAACAGA,57
CCGTTAGAACCGATAC,57
CTTCATGAACTAGAAA,57
TACCCATTGATACGAT,57
AATAACAATACAAATG,56
AGAAAGATCTCAATTT,56
CCACTTAAACATTTGG,56
CTCTGTGAGGGAAGAA,56
GCCAAAGCCGAGACAA,56
TAAGACGCCATGCATA,56
TAATGACGTAAACCAA,56
CTCCCAAATAAGGCAA,55
GTTGACAAGGAACTAA,55
TATTTGTATGCCTTCC,55
TCTCCTATAAGCGCTT,55
AAACAAGGATTAATGG,54
AAACCCGAGGATGTGA,54
AATAGGTACCAGTGAT,54
AATTATCTTGAACCAG,54
AGTATACTCCCTCCAT,54
ATAGATTATTTTAACA,54
GAAAACTGCGCTAAAC,54
GAAGTTGCAAACTAGT,54
GTAATACATCAAAACA,54
TACGTAGCAATGGTCC,54
TTGTTTGAATTAAACG,54
AAAGAGACAAATGACA,53
ACTTAAATTATCATAA,53
CAGAGAATCAAAGTTA,53
TACTTCGCAATGGTCC,53
AAATGACATAACAAAA,52
ATAACAAAGAACCTTC,52
CAATCTAGTGGCTAGG,52
CCCCACCCTAATACGA,52
GAATGCAATACGAAAG,52
GCACGCTGGTTACAAT,52
TAACTATGGCAGCGTA,52
TAAGATATAATGTACC,52
AAAAGTATATCATCTG,51
AAACGATGAACAATAA,51
ACACGAACAAGAACAA,51
CAAACGAGAATGCTAC,51
TTCACTTAACAAGTAT,51
AAACCGGAAGAATACA,50
AACCATACTAGGTATG,50
ACAGAGTGTGAACTAA,50
ACGTGTGACCATCCGT,50
AGAACCGCGCGTCGAA,50
ATGAAGAATACCGGTA,50
CGATGTCTGACTCTAA,50
CGTCCGATCGGAATAC,50
GACCTCGGGTATTTAG,50
GTAAGCTTAAAATCCC,50
TAACACTTCAAACCCC,50
TAAGTCGCAATGGTCC,50
TTAACTACACAGTACA,50
TTTACTAAATACATAC,50
AGAAAGTGTAGACCAA,49
CAAAAAATGTATTCAA,49
GACCTTTGACTCCCAA,49
GCAATTCACGCGTTGG,49
TAAAAATAGTAAGCTT,49
TACCACCACTGTCGAT,49
TGGATGAAAGAACAAT,49
TTAGGTATCTCGACAT,49
ACTCCCGGGTGTAACA,48
CAACGAAATATTGAAC,48
GTACACGCGCATTCGA,48
TACCCATGAATACAAT,48
TACGTCACAATGGTCC,48
TCAGCAAGCTAATGTC,48
TGATTTTCCGAAATCA,48
AACATGTTTAATACAA,47
ATATAGACACGTTACC,47
ATATTAACCTTACAAG,47
CAAACTACTGCAACAC,47
CACAATAACAGTCAAG,47
GATAAAAAAAAAGAAA,47
AGATATATATAACAAT,46
GGATCTAGTGGCTAGG,46
CAGCAAAATTCATAAC,45
GAAGTGATTACAAGCA,45
GTTAAAATCAAGACAA,45
TACAACACATAAAGGT,45
TAGATAATCAACCTAA,45
TAGCTAGGACAAACTC,45
TCCATCACGAACCCAG,45
AATCGATGTGAGCCGG,44
GCCCGTACGATGCTAG,44
TCACATATAGTAAGAA,44
TCCCATAATACCACAG,44
TGAATACTACTTAGAA,44
TTACTCACCATAGGAT,44
AAACACCACGAAAGAT,43
TCAACACATTCAGATA,43
AAAATTAAAAGTCAGC,42
AACCATTCGAGTCATG,42
AACGTCGCAATGGTCC,42
AGTAGACTACCTCCAT,42
ATCAAAGCAAAGCTAA,42
CAAGCCAAACATTAAG,42
CGTTGCGTTTACACTA,42
CTTAAGTGCATTAATC,42
AATACAGGACCTGCCG,41
ATAGAAGTCTGACTTT,41
CAAACCTACTGAGAAA,41
CATCTCAATCTTGCAA,41
CGGAATCCATAAACCA,41
CGGACGTATGAATAGC,41
GGTGGCGTTTACACTA,41
TAGGGGTAAAATTCGA,41
AACAATACATATCCCC,40
AAGACTCGATAGTTAT,40
GCGATTCACGCGTTGT,40
GCGATTCAGGCGTTGG,40
GTTCAGTAGTAAAGTA,40
AAACTATAGTAAAACC,39
ACGAACTCAAATGTAT,39
ACTAAATCTAAAATCC,39
ATAAATTTAGTTCCAA,39
ATATAAAATCACTAGA,39
ATCCAGCGTAAGATAC,39
ATGCAGTAGTAAAGTA,39
CATGCGTATGATACGA,39
CCATCTAGTTGCTAGG,39
CGATCTAGTGGCTAGG,39
CGTGATAGGTCAACAC,39
GTCGTATGGTAGAAAA,39
GTGCATTAGTAAAGTA,39
TATGCGAAAATGATTC,39
AAACCGCTGATAAAAG,38
AAATTCCTAGTAAATA,38
AAGGCTTGGGTAGGAA,38
AATGTGACGTAACCTT,38
ATATATACACGTGACC,38
ATTAGACTCCCTCCAT,38
CCAATATTATTACGAG,38
CCGACATTATAGATCC,38
CTAACACACCCATAAG,38
TACCCATGGATATGAT,38
TAGTCTTAATTTATTG,38
AAACTCAACGCTCAAT,37
AATATCCTTTAGTGTC,37
AATCCGAACGTTCAGT,37
ACAAAAAGTGACACAG,37
ATTAGGAGCTCAGGAT,37
CATACGAAAATAGTAC,37
CCATCTAGTGGCTATG,37
CGAGAAGGGTAGACAT,37
TACGTCGCGATGGTCC,37
TGAGAGAACATCCCAG,37
TGCGACCGACAAATCA,37
TTTACAGTTTAAAGGT,37
AAACAAAGATAGCGTA,36
CAAACGGGAAAAATAA,36
CTTGGCGTTTACACTA,36
GTAAACCCGCAGTAGT,36
GTAAACTAAATATTAT,36
AAACCCACAAGACGAC,35
ATTGAGTAGAAGAAGG,35
CCATCTAGGGGCTAGG,35
GCTGTAAAACATAAAC,35
TCATGGGCGAAATACT,35
TTATAGACACGTGACC,35
AGTAGACTGCCTCCAT,34
ATATAGAAACGTGACC,34
CGACTGAAAGAAAGAA,34
GAGTCGCTACTTGTCA,34
GTCAAGGTAAACCCCC,34
TTAAAAAAAATCTGTC,34
AGATACCATATAATAA,33
AGGGTTAGATTATAGG,33
AGTAGACTCCATCCAT,33
ATATAGACACTTGACC,33
CCACCCTAATGAAACC,33
TAAAAATTCAAATAGT,33
TCACACTAGATACTAA,33
ATAATCTTGAACTGAT,32
ATTAGACTTTGTGCAG,32
CAAACTCGTAAACTCT,32
CAAAGAAAAGCAGCTG,32
GTGCAGTATTAAAGTA,32
TAATAGAAAAAAAGCA,32
TACGTCGCAATGGTCT,32
TCACTACACAACAGAT,32
AAAGGTAAACGGTAGA,31
ACTCTTACGAGACAAC,31
AGTAGACTCCCTACAT,31
CCATCTAGTGACTAGG,31
CCGGCTAGTCAGACAG,31
GTAATTACGGCGTTGA,31
TATGTCGCAATGGTCC,31
AGTAGACTCACTCCAT,30
ATACCGTAAACCACCC,30
ATATAGACGCGTGACC,30
CAAGGCATAATAGATG,30
CGCCTTGTTAAATTGA,30
GCAATTTTAATATTCA,30
GTAGGATAATATCCCG,30
TATCACAAATCAGGTC,30
TTGCTTTTTCCGAGAT,30
ATATAGACACGTGAAC,29
ATTTGATAACTCATAT,29
CACGTCGCAATGGTCC,29
CCCCCGAAGTAACGAT,29
CGAAACTGATAATAAC,29
GTAGAGACACCTAAAA,29
TACCCATGAATACGAT,29
TGCCCATGGATACGAT,29
TTAACCATATAACGGA,29
CCAGCGTGAAATCTAT,28
CGTGTCGTTTACACTA,28
TAGTTGCACTTCGTGT,28
TTGCAGTAGTAAAGTA,28
CAAAAAAAGCCCGATA,27
CCATCTAGAGGCTAGG,27
CCCCCCCAATGAAACC,27
GAGTTAACGTACGCCT,27
TAAAACTAAGCATAGA,27
TAAACGCGTTGCTCAT,27
TGTATTAGCCAAAGAA,27
AACATCCTAAGATAAA,26
AACCCATGGATACGAT,26
AGCCCTTAGTCCCTTT,26
AGTAGAATCCCTCCAT,26
ATTCCCACAAAGAATA,26
CAACTTCCCTTTTTAT,26
CATTATACACTTCCAA,26
GTCGTATGGTAAAAAA,26
GTTCTACACCCAATAA,26
AGATTCACTGGGGCAA,25
AGTAGACTCCCCCCAT,25
AGTAGACTCCCTCAAT,25
CATTAAATAACATACA,25
CCCCCCTAATGAAACA,25
CCCCCCTAATTAAACC,25
CGTCAAAAGCCCCTAC,25
GCGATTCACGCATTGG,25
TCACCATACCTATATA,25
AAGTCAGCTAGTGCGC,24
ACAACGCGCCAAACGC,24
ACCCCCTAATGAAACC,24
ATGCTGATCGACGATT,24
CATGGCGTTTACACTA,24
CCCCCCTAATGAAAAC,24
CGTGGCTTTTACACTA,24
GAAGCTATGACACTTA,24
GCGTCATAAACCACAG,24
TGAAAAGCCAAAGTAT,24
TGCGTCGCAATGGTCC,24
TGTAAAAAAAAATCCA,24
CAACTAAAACCCTAGT,23
CCTTCACCCTCAGCGT,23
CGTGGCATTTACACTA,23
GCGATTCACGCGTTAG,23
TACAAAATACCAACCA,23
TCAGTTCAAAACCTCA,23
TCCGTAAAATATCAGA,23
TGAACTAGAGTTCACA,23
TGCTGACTCAACACAC,23
ATAAACCCCAAGACAA,22
ATATAGACAAGTGACC,22
CCATCTATTGGCTAGG,22
CCCACACTTGTTTCAC,22
CCCACCTAATGAAACC,22
CCCCACTAATGAAACC,22
CCCTAGACCATCGACC,22
CGATAAAAAACATCGA,22
GAAACGTTTAACCAAT,22
GCGATTCGCGCGTTGG,22
GGTAGACTCCCTCCAT,22
GTATAATGATTTATAA,22
TACCAAGGGCTGGCGG,22
TGAGATTCACTAAAAA,22
TGCGAGACATAGGAGA,22
AAGCTACCAGATGTCA,21
AGTACAACCGATATAG,21
CCAATTCCCCTACAGA,21
GGCCAAAAATACCCTT,21
GTGCAGTAATAAAGTA,21
TATCCATGGATACGAT,21
TCGTCTAACGGATCAA,21
ATAAACAAGATATTTC,20
CAATACCACTCAGATT,20
CACCCCTAATGAAACC,20
CAGCACGTAGTACTTC,20
CCACATCACATCGAAT,20
CGCCCATCACTGAGAC,20
GAAGCTTCAATTATCA,20
GATTAATCGCTATCTT,20
GCATCTAGTGGCTAGG,20
TTTCGTGGACCCCGGA,20
ACCAGCAGTAAAATCC,19
CACGCAGAAATAGTCA,19
CATCATTAATGCTACT,19
GCAGTAACTACACTGT,19
GCGCAGTAGTAAAGTA,19
GGCATGTGGTCTATCC,19
GGCCCCTAATGAAACC,19
GTACGACCGTTCAATT,19
GTGCAGTAGTAAATTA,19
GTTCTTCACCCAATAA,19
TAAACCAAATCACATA,19
AGACCCAAATGACGAA,18
ATATTTTCGAACCCGT,18
CCCCCCTAGTGAAACC,18
CGTCAGATTAGCCATT,18
CGTGGCGTTTACAATA,18
GAGCAGTAGTAAAGTA,18
GAGCGGCCTTACAAAA,18
GCACGGGCCATCTCCT,18
GGGCTAATAAAAAAAG,18
TACGTCGCAATGGCCC,18
AATGACCAAGGCAGAC,17
ATGATCCCAGCAGGGT,17
CAGCGAGAGGACAAGA,17
CCATCTAGTGGCTAGA,17
CGACTGGAAGAAAAGA,17
CGTGGCGTCTACACTA,17
CGTGGCGTTTAAACTA,17
CTCTTTCATATCAGGC,17
GTGCGGTAGTAAAGTA,17
GTTAATCTAAAGGCCA,17
TAACACATCTTATGAA,17
TACCCATGGGTACGAT,17
TACGTCGCAGTGGTCC,17
TACTCATGGATACGAT,17
TATTCTTAACTAACAG,17
TGTGGCGTTTACACTA,17
AAAAATTTCCTTATCC,16
AATCACTTCCCACTAG,16
ACAATGATAAGTTCAT,16
ACTCATTGTAAGGCCG,16
AGGTCCCCGAGGGTGT,16
AGTAGACTCCCTCCAC,16
ATATAAAATCTTAATT,16
ATGTATTCATAAAAAA,16
CACCCATGGATACGAT,16
CATTTACAATGTGCAT,16
CCAAAAACTAAAAAGC,16
CCCCGATCAATCCAAG,16
CCTGTAGTGTTGCAAA,16
GTAGCCGCTCAAATCC,16
GTAGTTTGCTTACAAC,16
TACCCATGGATACAAT,16
TACCCATGGATACGAC,16
TACCTATGGATACGAT,16
TCCTCCCCAACAATGA,16
TGCTTTCCCCCCCAAA,16
AATATGAATAAAATTT,15
AATGAAAATTGTCCCG,15
ACAATAAAGAACTTAA,15
ACTTGTGAACCCTTGG,15
CGCCCCTAATGAAACC,15
CGTGGCGTATACACTA,15
CGTGGCGTGTACACTA,15
GACACACTAACAACAA,15
GCGATTCACGCGCTGG,15
GTGGAGTAGTAAAGTA,15
GTTCTGTACCCAATAA,15
TACGTCGCAACGGTCC,15
ACAACATACCACCTTT,14
ACAGGGTCAAAAAAGG,14
AGAGCCGCATCCCGGT,14
ATCCATACGCACTAAG,14
CAAGGGTCAAAAAAGG,14
CATTGCAAGATGAACA,14
CCACTTCATATGCGGG,14
CCATCTAGTGGTTAGG,14
CTACAGACATACTAAA,14
CTATCTAGTGGCTAGG,14
CTCGGCCTATAAACAA,14
GAGGATTACACAATAC,14
GCGATTCACACGTTGG,14
GCGATTCACGCGTTGA,14
GCGATTCACGCGTTGC,14
GCGTCATTAACGTAAA,14
GCTGAAAGCCACGAAC,14
GGCAACGAGCCTCGAC,14
GGGAGGCTAACAAGGC,14
TAACGTTAATACCGCA,14
TACATCGCAATGGTCC,14
TGAAATGACAATAAAA,14
TTCAAGCAAACCACAA,14
ACAGCTATTCACCAAC,13
ACGGCCTACGTGTAAA,13
ACGTTACAGCCTTAGA,13
ATAATGGACCCTTCCC,13
ATCGTTGGATGTAGCG,13
CAAACAATCGCAACTC,13
CCCCCATAATGAAACC,13
CGATATGACGTAGGCT,13
CTATAACCATGCAGGA,13
CTCAGTGCGGAAAAAC,13
GAAATTGACATAAAAA,13
GAACCCGAACGAGTCG,13
GACTGGCAATACGAAA,13
GGCGCAACTAATATAG,13
GGGTTAAGGAAAGGTA,13
TACCCATGGATGCGAT,13
TACGTCGCAATGATCC,13
TCCGCTCTATAACTGT,13
TTTCTGCACCCAATAA,13
TTTTAGGCGCTCGCGG,13
AAATGCACTACGCACA,12
AACGTACTACATGTAG,12
ACCGCCTCATGTGACA,12
ACGAAGCATTCCTGTC,12
AGAAATATCTTGGACA,12
AGAACCCCAAAACAAG,12
AGCCAATTTAACAAAC,12
AGTAGACTCCCTTCAT,12
AGTAGACTCCTTCCAT,12
AGTGGACTCCCTCCAT,12
ATAGATTCATAAAAAA,12
ATGCGATGTTTGACAG,12
ATGGTGCCGCCTATAA,12
CACTCCGATCTGAGTA,12
CATAACCTTGGTATCA,12
CATACACCATCGACCC,12
CCAGTACATTACGGTG,12
CCATCTAGTGGCCAGG,12
CCCAACATTGTAGGTC,12
CCCTTTAAGAGCACAA,12
CCTAGCACAATTAAAG,12
CTAAAATCAGAATTAA,12
CTCCCTAACCCCTTAT,12
GAGGATAATGTAGCAT,12
GCGGTTCACGCGTTGG,12
GCTGTGGACCCTGCAA,12
GTAGCCTTGACAAAGC,12
GTTAACACGCAGGGGA,12
GTTAATCTAAAGTCCC,12
GTTCTGCAACCAATAA,12
TAAGCACTCGGGACGC,12
TACCCATAGATACGAT,12
TACGTTGCAATGGTCC,12
TAGCCATGGATACGAT,12
TAGTAACGTAACCAGT,12
TATCCTAGCCACGTAC,12
AAAAGCACATCACGAA,11
AAATAAGCACAATACC,11
AATCTGCCGTACCCCA,11
AATGAGGCATACAAAG,11
ACAGCACCATAAACCA,11
ACTCGTGGCAAAATTT,11
AGATACGTATAGCTTA,11
ATACCCCACACTACCG,11
ATAGCTCTATGGTCTC,11
ATATGGACACGTGACC,11
ATGATAGAATGAATTA,11
CAATGATGGCAAAGTA,11
CACATCAGGGCTAATC,11
CATGCCTGGTAGATAC,11
CCATCTAGTGCCTAGG,11
CGTCGCGTTTACACTA,11
CTCCCGACTTGCCTCG,11
CTGTCACCCCACTAAT,11
CTTAGCCGCCCTAACC,11
CTTCAGCAGCCAGACA,11
GAAATAAAACATACGT,11
GATCTACACAACAACC,11
GCAACCATCCGGAATC,11
GCACTTATAACCTGTT,11
GCCAGGGTACAACACC,11
GCCGCCTCATGGGACA,11
GCGATTCACGCCTTGG,11
GCGATTCACGCGTCGG,11
GCTGCTTACTCACGAT,11
GGTTCCCAGTGGCACA,11
GTCCCTAACCCCTGAT,11
GTGCAATCTCTCTGAC,11
GTGCAGTAGTAAAGTG,11
GTGCAGTAGTAGAGTA,11
TAACTGCATACATATC,11
TACGTCGCAATGGTCG,11
TACGTCGCAATGGTGC,11
TACGTCGCAATGGTTC,11
TACGTTAGATGCACAC,11
TATAGGCCTTTTACTT,11
TCCCCCTAATGAAACC,11
TGACCTGTAATCCGTA,11
TTAGACAAGAATAAAA,11
TTTAACACGAAAATCT,11
AACTATTTACATCTGA,10
AACTGGTGAGTGACAA,10
AAGACGAGAGTACAAC,10
AAGGTGAAGTTACTAC,10
AAGTTCAAAGAACTTT,10
ACACAGGCCATGGCCA,10
ACATGAGACCTCTTCT,10
ACCTCCTCATGGGACA,10
ACGTTATCTAGTAACA,10
ACTTTAGTTAATTTTC,10
AGACAGACGATTCAAT,10
AGGGATTACTGAAAGG,10
ATACGCCATGAAATAG,10
ATAGCCCACCCTACAC,10
ATAGTAGATTGGTAGC,10
ATATAGACACGTGATC,10
ATATAGACACGTGGCC,10
ATATAGACATGTGACC,10
ATATAGAGACGTGACC,10
ATCCAATTACACTTGA,10
ATGCTTATGGGATTTC,10
ATTATGAACCCAGTCT,10
ATTCCTGAGGCGGTGC,10
ATTGATTCATAAAAAA,10
CAACATACATATGCTT,10
CACAAGATACTTCTGA,10
CAGTATCACGCGGCCA,10
CAGTGTCCCAACCCTT,10
CATGTGACCAGGCCAA,10
CCATCTAATGGCTAGG,10
CCCAACAACAAAATTG,10
CCCACTACCACAGCCG,10
CCTATCATACTGTCAA,10
CCTCTCCTGCGGACAC,10
CCTTGAATACGTAGAA,10
CGAAAGCAATTTGACG,10
CGCCGTCACAAAATCT,10
CGTGGTGTTTACACTA,10
CTATCCCACCCTACAC,10
CTATCTGAAAGTACCG,10
CTGAATTTCGGGCAGT,10
CTGTATTTACAACACC,10
GAAAACACCTGAGTGC,10
GAACTTGTGGATTGTA,10
GAAGATACAAGGAACA,10
GACAACCATAGTAGTA,10
GACCAGACCTTTAACA,10
GACCATCGACCATTTG,10
GACGCGCACCCAAATA,10
GACTAATAACAAGGTC,10
GAGATACCAGCTTATA,10
GAGCAATCTCTCTTAC,10
GATAACAAGCAGGGGA,10
GATGAAAGATAAGAAT,10
GATTGCAATTCTCCAC,10
GATTTAAGTGCAAGCA,10
GCAATGATGTTACTAT,10
GCCCCCTAATGAAACC,10
GCCGTTTTTTCATCTG,10
GCTTATTTAATCGAAT,10
GGTACCCATCTTGACC,10
GTATAGACACGTGACC,10
GTCCTCATATCAGACA,10
GTGCAGTAGTGAAGTA,10
GTGCAGTGGTAAAGTA,10
GTGTAAAGCCCATCAT,10
GTTCTGCACCAAATAA,10
TAAGGCGTGCAACGCT,10
TACCCACGGATACGAT,10
TACCTCGCAATGGTCC,10
TACGCCGCAATGGTCC,10
TACGTCGCAATGCTCC,10
TAGGTGACTACCCTGC,10
TATCCGCAGAACATAG,10
TATTCTTAGCTGACAG,10
TCACAGTTAATAACAG,10
TGAAAGATAAAACGAC,10
TGCACTAGATCGAACC,10
TGGAAGGTACCTAAAA,10
TGTCTACGACATAAAA,10
TGTGCGCGATTACCGT,10
TTAACCCCCTTCCGCA,10
TTACGCCAATTACTAT,10
TTTATATTATTACCCC,10
TTTGTAAAAATACAGC,10
TTTGTAAGGTACAAAC,10
TTTTCATTTTCGTCGC,10
AAACATTCCCGTGCAG,9
AAAGCCATAAACAAAA,9
AAAGCTTGTGTCAGAA,9
AAAGGGGCTTTTCAAA,9
AAAGTTCCGAACAATT,9
AAATAACAACACCTCT,9
AACGAATAGCCAACAA,9
AACGACGGATGTAGAA,9
AACGCCTCATGGGACA,9
AAGGATCTTACCTTAA,9
AATAAAGAACGATACT,9
AATGGTGAACCCTTGG,9
AATTGCAGATTCCGCC,9
AATTGGAGCACACGCG,9
ACACGATGACCCCGAC,9
ACCCCCAACAGCCCTG,9
ACGTACTATGTCTCTG,9
ACTGGTGAACACTTGG,9
ACTGGTGAACCCCTGG,9
ACTGGTGAACCCTTTG,9
ACTGGTTAACCCTTGG,9
ACTTTATCTTACCGTT,9
AGCCAATTTAGCAAAT,9
AGCTGCGCCCATAACG,9
AGTAAAGCACAGTCCA,9
AGTAGACTCCCTCTAT,9
AGTAGACTCTCTCCAT,9
AGTAGAGTCCCTCCAT,9
AGTAGGCTCCCTCCAT,9
ATAAATGTAGCTTCAA,9
ATAATGGGAATCAATT,9
ATACATGTCAATGCCG,9
ATAGAACAATGGCACT,9
ATATGTAGCGCGACAG,9
ATCCACCTTTGCGGCT,9
ATCCATATAGTCCATG,9
ATGGATTAATAAAAAA,9
CAACACGGAAGTCGCA,9
CAAGCTCATTTGCAAA,9
CAATGCAATGGGCAGC,9
CACTTCTCTAAAACGA,9
CAGACCGCCATCAATC,9
CAGAGTCAGCCGGCAA,9
CATCAGAGAACAAAAC,9
CATCATGTAAGCTCTG,9
CATTGACTAAACCAAG,9
CATTGCTCATAGCTTA,9
CATTGTAATTATTCGC,9
CCAAGTTTCGAGATAC,9
CCAATAAGAGGTACAA,9
CCACCTAGTGGCTAGG,9
CCATGAAAACGCTCAC,9
CCATTTAGTGGCTAGG,9
CCCACACATCTTAATA,9
CCCAGTTGTCAAACAC,9
CCGATTCACGCGTTGG,9
CCTCTGAATGGGTATG,9
CCTTCTAACTACCCAT,9
CGAAAACAATGACAGT,9
CGCACTTGCCACCTTC,9
CGGAAATGCCCAGCGA,9
CGGACTGAATACTACC,9
CGTAGAGCTTCGATAT,9
CGTGGCGTTCACACTA,9
CGTGGCGTTTACACCA,9
CGTGGCGTTTACACTG,9
CTCCCCTAATGAAACC,9
CTCCCTAAGCCCTGAT,9
CTCGCAAAACTAGCGC,9
CTGTAAAGATCCCGCC,9
CTTATGCTGCCAGTTA,9
CTTTTCCGTATCAGAA,9
GAAAAAAAAAATAAAG,9
GAACATGGCTATTAAA,9
GAATTCGCCAAATTGG,9
GATAACACTCAGGGGA,9
GATCAATCTCTCTGAC,9
GATTTTAACCTCCGTA,9
GCAAATAACAGGAAAA,9
GCATGGCCCAAGACCA,9
GCCGGGAACGTGTATT,9
GCGGGCATAATAATAA,9
GCTTGCGAAACCCAAC,9
GGACACCTTCGATAAA,9
GGAGGACACAAAATCA,9
GGCGAATCCACTATAG,9
GGGACACCCACCCGAG,9
GGGACGCAGTATGGTA,9
GTGCAATAGTAAAGTA,9
GTTAATCTAAAGGACC,9
GTTCTGCACACAATAA,9
GTTTCTACTCACACAC,9
TAAAATCGGACGGGGA,9
TAACCAGTAGCTTAAA,9
TAAGAACTACTATACG,9
TAATACCACCATGTCA,9
TAATCAGACCAACCAT,9
TAATCATCCTATGGAC,9
TACCCACTACAAGGTT,9
TACCCATGGATACGGT,9
TACCCATGGATAGGAT,9
TACGTGGCAATGGTCC,9
TACTCTGAAGTTAACG,9
TATGCATAAATTAATG,9
TATTCATGTTCACTAA,9
TCCCACCGTAGCCCGG,9
TCGTTAAAGCCGGGCA,9
TCTACCATGCACCGGC,9
TCTTAAGGCGAAAAAC,9
TGATGAAGACCGACAG,9
TGCTAACAGCTATGGC,9
TGGCCAAAACGTGGGA,9
TGTCAGCCACGTATCT,9
TTACAACCCATTACTT,9
TTCACTAGGAGTAAGC,9
TTCCGATAAAACACAC,9
TTGGATTCATAAAAAA,9
TTTAATCTAAAGGCCC,9
TTTAGAACATGAGGCC,9
TTTATTAACAGACTAC,9
TTTCGCGTTTAAACCA,9
AAAAAAAAACTAAGTA,8
AAAACTACATACTAAT,8
AAAAGTATCCCTACCT,8
AAAGTCCCTTATGTCA,8
AAATAGACACGTGACC,8
AAATAGCTCATGATGG,8
AACATGTATATCTACA,8
AACTTGAACCACAAAA,8
AACTTGAGGGGATTAA,8
AAGAACAACTGGAACG,8
AAGCATAATGGCACAA,8
AAGGCAAAATCACGAT,8
AAGTAGTTTCTAGGAA,8
AAGTTCACTATCCTAT,8
AATAACATGGTGAAAA,8
AATACAACATACCACT,8
AATCAAAGAAGTATCA,8
ACAAGATGCATGGATC,8
ACACGCAGACACTACA,8
ACAGTCTTTGAAATCC,8
ACATAGACACGTGACC,8
ACATCGAGCTCATTAG,8
ACATCTTACAAGTCAC,8
ACCAATACTTATCACA,8
ACCTCTTGGTTTACTG,8
ACGACCGCCATCAATC,8
ACGATGCCAGTTTCTG,8
ACGGATATCAATAACA,8
ACGTTGAGGGCCCCCA,8
ACTAAAATATATCGAT,8
ACTATAAGAATATTAC,8
ACTCTTTATGATAACA,8
ACTGAAATCAAGCCAG,8
ACTGGTGAACCCTTGT,8
AGAAAGCGAATTAAAG,8
AGAAGCTAAGGATAGC,8
AGATTACCCGAAGCAG,8
AGCCCGACTTGCCTCG,8
AGCGTATTATGGTATA,8
AGCTTCACAGACCTTG,8
AGGACATACCAACTAA,8
AGTAACGCCGCCGTAT,8
AGTACACTCCCTCCAT,8
AGTACCATATTGTAAG,8
AGTAGACCCCCTCCAT,8
AGTAGACTTCCTCCAT,8
AGTATCATCAAGAGAC,8
ATAAATACAACACTAA,8
ATACACTATGGCCCGT,8
ATATAGACACGTGACT,8
ATATAGAGACAGTCTT,8
ATATTACCAACTGAAC,8
ATATTATAGCAATCTG,8
ATCCAGCCCACAGCGA,8
ATCTAGTCTATCAGGT,8
ATGAAACCTCCCCGCA,8
ATGCTATTAACAGTAA,8
ATGGCACACATATCCG,8
ATTAACCCCACTCAAC,8
ATTAGGAGGACTTACA,8
ATTCACAGTGCCTTAA,8
CAATACTTTAGGTTTC,8
CAATAGAATAAGACAC,8
CACAGCTAACATGACC,8
CACAGGGTTTGTAGTG,8
CACATATACACACCAG,8
CACGCTCAGAAAAAAA,8
CACTTTGATTCGTGAC,8
CATAATGCGGATGTAA,8
CATAATGTAAGCTCGG,8
CATACGCATGCCGACA,8
CATCATGTAAGATCGG,8
CATCCGCATAAGCCAA,8
CATCGAGACAATACCA,8
CATGAGTTTAACCCCA,8
CATTCCATAACTGAAC,8
CCACACGCAACTCACA,8
CCAGCCTAGCCCGGAG,8
CCAGCTATCAGTTTAA,8
CCATCCAGTGGCTAGG,8
CCATCGCCAAGTTACA,8
CCATCTAGTAGCTAGG,8
CCATCTAGTGGCTGGG,8
CCCAAACCATACATTG,8
CCCTCTAGTGGCTAGG,8
CCCTTAGATCAAATCC,8
CCGAAGGAATTTACCC,8
CCTAGTCAAATATCCT,8
CCTCACTAAAGTACCA,8
CGACTATTTGACGAGA,8
CGAGAGGAATGACCAG,8
CGCACCATGATAGAAT,8
CGCAGCTCGCAGTGGA,8
CGCCGGCAGTTGCATT,8
CGGGGCGTTTACACTA,8
CGTCGTTTATAATACT,8
CTACCACACACTACCG,8
CTCCCAGCATAAGCAA,8
CTCCCTAACACCTGAT,8
CTCTATCAAATTAATT,8
CTGATCATTCAAATCA,8
CTGCCTCTCAAAAATA,8
CTTAAACATGATATGA,8
CTTATCTTTATGAAAC,8
CTTCACTTTTACCTTT,8
CTTCGCCGCACAAATA,8
CTTGGTATATTATGTG,8
CTTTATCAAATTATGA,8
CTTTTGAACATTCGTA,8
GAAAACTTCCTGGAGC,8
GAAAACTTTGCTATCA,8
GAAAATGGTTTAACCA,8
GAAGTACCATGGACCA,8
GACAAAGATCCTCCGT,8
GACAGGGTATAGATAA,8
GAGCAATATCTCTGAC,8
GAGCCTCATTCTTCTC,8
GAGCGCCAGACTGACC,8
GAGGACCGAAATGAAT,8
GATAAAACGCAGGGGA,8
GATAACACACAGGGGA,8
GATAGAACAGAGACAA,8
GATAGAAGAGAGGAAG,8
GATATGTCTAGGTGGT,8
GATTTATAGGCTGTCT,8
GCAAGGGCGATCGAGA,8
GCAATTCAGCCCGCAA,8
GCAGTAATATTCAACC,8
GCATGGAGCTTGTAAC,8
GCCATTCACGCGTTGG,8
GCCGCGTTAGAGGACA,8
GCGACTCACGCGTTGG,8
GCTAGTAACCCCCGAA,8
GGAAATGTATAGTATA,8
GGAGCAGGTTAGTCTA,8
GGCCTGGTACTGCTCA,8
GGGGCCAACAGCTAAA,8
GGTCAACCCATGAACG,8
GGTCATTAGGTTCCTA,8
GGTCCCACCCAGTACT,8
GGTCGTAAATATACCT,8
GGTTACAGTCATACCA,8
GTAATCTCAGCAGATT,8
GTAGCCCACCCTACAC,8
GTCACCAAAAGAACAA,8
GTCAGCCTATAAACAA,8
GTCCAATAAGATTACG,8
GTGCAGTAGTAAGGTA,8
GTTAATATAAAGGCCC,8
GTTCTGCAGCCAATAA,8
GTTTGACTCAGCGAAC,8
GTTTTGACCACTAAGT,8
TAACAATAACCGTCCT,8
TAACCCACGACACGTT,8
TAAGCCTTATAGAGAC,8
TAAGTTGCTAATAGTT,8
TACCCATCGATACGAT,8
TACCCATGCATACGAT,8
TACCCGTGGATACGAT,8
TACGCATGGATACGAT,8
TACGGACCAATCACCC,8
TAGCAAAGAAATAATG,8
TAGCGAGGTGCATGCA,8
TAGCGGATTTAAATAC,8
TAGTATTAAACAGCAT,8
TATCAATAACTCCCTG,8
TATTCTTAACTGAAAG,8
TCAGTATCGTAGATCT,8
TCATACCGTCATCCTA,8
TCATAGCCAGATCAGT,8
TCATCAGATGATATAC,8
TCCAAAACCAGCATGT,8
TCCATTTTTTGCATGA,8
TCCGATGCAGGGCGAG,8
TCGTAACCGGTGGCCG,8
TCGTGCTCAACACCTG,8
TCTAACGGACAACCGT,8
TCTTTATTATAAGGTC,8
TGACTCCACAAGTTTT,8
TGACTTAACATACAGA,8
TGGACACCCACCCGAG,8
TGGAGGAAAACTTACC,8
TGTACCCAAACCGTAG,8
TGTCCAATTCTGCAAC,8
TGTTAAACATAAGAAC,8
TTAACATCCACTGTAT,8
TTAACTTGAGACATTT,8
TTAATAATCCGAGGAT,8
TTAGCGTCACTCAACA,8
TTAGTCCATGGATTGA,8
TTATCGCAATAATCAA,8
TTCCCAAAAAAAGATC,8
TTCCCGTCCAAAGATC,8
TTTCACTCAATTCCAG,8
AAAACATAAAAAACAT,7
AACAACAACCCCGGAG,7
AACACGAAATACAAAT,7
AACACGAGGCCATCTA,7
AACAGACACCAAATCC,7
AACATCCAAGAGCGTA,7
AACATCGCACCAGCTC,7
AACCATCAAGTCAAGT,7
AACGAAACAATTCAAA,7
AACGTAATTGACAAAG,7
AACTTGTTCCTAGACT,7
AAGCTAGATAGACTGA,7
AAGCTCCAGCAACGGA,7
AAGGATAACAACAAAA,7
AAGGTGATGCACCTAT,7
AATACAAAACAATTAT,7
AATAGTATACTGTCTC,7
AATATCAAAACTACCT,7
AATCAAGCTGGTAGCC,7
AATGGCCCCTAGGGAG,7
AATTTCATTTGTCTTA,7
ACAAGAATATGGGTCA,7
ACACGCCTGCTCCTTG,7
ACAGATCAAAGACGTT,7
ACAGCTAAAGACAATC,7
ACATTAATTATTTTAA,7
ACATTAGCTTAGTCTT,7
ACCAGTGACATATCTA,7
ACCGCATGAACCATGC,7
ACCGCCTCATGGTACA,7
ACCGCCTCATTGGACA,7
ACCTACATAACAGGAT,7
ACGAAGTCTTACGAAA,7
ACGCAAAAATCAGTAT,7
ACGCATCAACATATCT,7
ACGCCCTAACAATCGC,7
ACGCTAAAAGTTATAT,7
ACGTTCACAACTCGTA,7
ACTAAAAACATGGTGC,7
ACTAAACTATCTTGAC,7
ACTATATGACAAAACC,7
ACTCACCGAATATACC,7
ACTGACAAAAGGGCTC,7
ACTGATACGGAAACAC,7
ACTTAAAATTCTGCCT,7
ACTTGCCCGAGTATAT,7
AGACTTATACCAAAGA,7
AGATCGGAATTCGAGG,7
AGCATCGTCCTTCCGT,7
AGTATGTTTCAGGTCT,7
AGTCAACCAACACACC,7
AGTTAAATACACTGGC,7
AGTTAATATTTATCAT,7
AGTTCCTACAACAGTA,7
AGTTTTGGGAACGTTC,7
ATACCATATCTTACTC,7
ATACCCCTTCACCAAA,7
ATACGATAAAACACAC,7
ATACTGTATCACTGGA,7
ATAGAAAGAATAAATC,7
ATATAGACACGTAACC,7
ATATGAGCTAATCCAA,7
ATCAACCCTAATCACC,7
ATCACCTTCACACTAT,7
ATCATCAGATGAAGTC,7
ATCATCGTCCTGCCGT,7
ATCCTATAAAACACAC,7
ATCTCTGCCATGCACC,7
ATCTTAAGGTAATGTA,7
ATGGATTCGTAAAAAA,7
ATGGATTTATAAAAAA,7
ATGGCTGACTAGTAAA,7
ATGTAGACACGTGACC,7
ATGTCTGTCCTGGACT,7
ATTACACTGACCAGAA,7
ATTCAATGTTGTGAAC,7
ATTCACTATTACGGGG,7
ATTCGAATATCCAGAA,7
ATTGTCATAGGTGACT,7
ATTTTTACGATATCCA,7
CAAAATAACAGTAACA,7
CAAGGAATCCTAGACT,7
CAATCAGATAATAGAT,7
CAATGGCCGGGTACAA,7
CAATTGCATTTACACA,7
CACAACACAAGAAAAA,7
CACCGGCCCTTACCTC,7
CACCGTATACTAACTT,7
CACTGCTCCCCAAAAC,7
CAGACAAGACTCAATA,7
CAGCGTTGTCAGCATT,7
CAGTCTAACACCCGAC,7
CATCATGTAAGCTAGG,7
CATCATGTAATCTCGG,7
CATCGACACGCGTGGG,7
CATGGAATATACAAGA,7
CATTCCTAAGCCAGAG,7
CATTGATTGGATCCAA,7
CCACAATAGGATATAA,7
CCACCCCAAAACAAGG,7
CCACTAAGAATGATGT,7
CCAGATTTCACAGATA,7
CCATCTAGTGGCTAGC,7
CCATCTAGTGGGTAGG,7
CCATTAAACAGATGTC,7
CCCATGTCAAAGCCGA,7
CCCCAGTCACAATCCT,7
CCCCCTCAGCAATGTG,7
CCCGCATAATTTCACA,7
CCGTTCTCACTATACA,7
CCTACCGTACTGTGAC,7
CCTGCACACATTCATT,7
CCTGGCGGTAGAGCTT,7
CCTGTAAAGAACGGAT,7
CGAAATCAACAACACT,7
CGACCACGTTTGCAAC,7
CGGCACTTTACGAAAA,7
CGGGATATTTAAGCTA,7
CGGTGGTCCATGCGAG,7
CGTAGCGTTTACACTA,7
CGTGGCGTTTACGCTA,7
CGTGTATCCCACTTAG,7
CTACCCCATACTACCG,7
CTAGGCCCGAAGATGT,7
CTATCTTCCTGGATCC,7
CTATGAACCAGCCAGC,7
CTATGAGGAAAGCCAA,7
CTCACACCTTTGGTTG,7
CTCACGCACTATCTAT,7
CTCAGTAATCAAAATA,7
CTCCCCTACCGCTACT,7
CTCCCTAACCCATGAT,7
CTCGACCAACGTAACA,7
CTCGGGTGATCTATTG,7
CTCTAAATTTACAGCG,7
CTGAAGCTTACTAAGT,7
CTGACGCACTAAAAAA,7
CTGTCCCTTCATCAAA,7
CTTACCGAAAGGCCTG,7
CTTCACCGACTTCGTT,7
CTTCCCCAGTTAACGA,7
CTTGAATAGATAACTA,7
GAAAATATACTACCAA,7
GAAACCGAAAGCCAAT,7
GAAATCTACGCACATC,7
GAACTTCACACCCCAG,7
GAAGATGCAAGGTTAA,7
GAAGGTACTTACCTCA,7
GACATTAATTATCGCT,7
GACCTGGGTTACGTGC,7
GACTTAGATCACATCG,7
GAGAGTATTGACACCA,7
GAGATATAACGAAGAG,7
GAGCAATCTCTCTGAA,7
GAGCTATCGTATTACA,7
GAGGAAATCCATTTAC,7
GAGGCGGAATGCATCA,7
GAGGGCAAAGGTACCA,7
GAGTATAGGACCATTG,7
GAGTCACTTCGCTACA,7
GATAACACGAAGGGGA,7
GATAGCACGTATAGAC,7
GATCCGACCGATCTCA,7
GATCGGCTCAAGGAAT,7
GCAAAGCAGCAGCTAT,7
GCAATCCGGGACACAA,7
GCATGAGAGAGATAGC,7
GCCAATCTTTAACTTC,7
GCCCTAGAACAACAAG,7
GCCTCGAGTCAAGCAC,7
GCGATCCACGCGTTGG,7
GCGATGAGTTTGCGAT,7
GCGGGACCGAATAGGG,7
GCTCAACCCATTAACG,7
GCTGTCCTACGACCTG,7
GGCACTCATCCAGCTA,7
GGCGACAAACAAACAG,7
GGCGCGACTCAATCTC,7
GGCTTTGACCATAGCT,7
GGGTCCTATTGACTTA,7
GGTCCTAATCCAGCAT,7
GTAAAGCCCTTATAAC,7
GTACCCACGGAATATC,7
GTCCCCTAGGATCAAT,7
GTCCCGTGACTCACAC,7
GTCGAAATCCTTTCAC,7
GTCGGCGCATCCAGAT,7
GTGCCGTCCTCTATGA,7
GTGGCCAATACCCATT,7
GTGTAAAGCCAATCCT,7
GTTAATCTAAATGCCC,7
GTTACGTGAAATAAAA,7
GTTCAAGTGCTTTTTT,7
GTTCAGTCAAGCTTGT,7
GTTCTGAACCCAATAA,7
GTTTAAACCGTAAATA,7
GTTTTAAAAATTATTG,7
TAAAAAAAGAATTACT,7
TAAATGGCGTTACAAA,7
TAACATCATAGCCATG,7
TAATACCCATTCACCT,7
TACACACTCCTTACAC,7
TACACCTGACGTACTT,7
TACCCATGGACACGAT,7
TACCCCTAATGAAATC,7
TACGTCGTAATGGTCC,7
TACTGAAAGGTGGAAC,7
TACTTGGTCCATGGAA,7
TAGAAGCTCTATTAAA,7
TAGATCCGCCGAGCGC,7
TAGCAATCTCTCTGAC,7
TAGCTCTATAATCAGC,7
TAGTCAGCAAGCGGGT,7
TATAACACGCAGGGGA,7
TATAACCAGCATAAAG,7
TATCCATTCTCTTTAT,7
TATCGAGTCATCACCA,7
TATCTAAGGCGTGGTG,7
TATGAAGGTGTACTAA,7
TATGGAAGGAGAACGC,7
TATTCTTAACTTACAG,7
TCAAGAATGAGAAACG,7
TCACAATTCATAATGT,7
TCACTCGCCGGGCAGT,7
TCAGCAATAAGACGAA,7
TCAGCTTCAGGCAAGT,7
TCATGACGTCTGTTTA,7
TCGCGAGATTAAGCTA,7
TCGTTTATAATCATAC,7
TCTCAACCCATGAACG,7
TCTCACTTTATTCTTG,7
TCTCCTAATCCAGCAT,7
TCTGGGATGAATATTA,7
TCTTCCAACTCGAAAC,7
TCTTTTTCTATACACA,7
TGAAGGCGCAAGTACA,7
TGAAGTCCTATTGCCC,7
TGAAGTTAAGACCACT,7
TGATATCAGAACATAT,7
TGATGGGTGAAATACT,7
TGCAAAAAGACCCTCC,7
TGCACAACCCCTTTGC,7
TGGGAAGCTAGCATAT,7
TGGTAATTGCCATAGC,7
TGGTCCTCGCCTACGA,7
TGGTTCAGAGTACCTT,7
TGTTCGCCGGAAAACT,7
TTAAAATACCTAACGT,7
TTAACAACTACTGCAT,7
TTAAGATTGACACACT,7
TTAAGGCTAGTCTTTT,7
TTAATACACATTCGTT,7
TTACGTTACCTAACAA,7
TTAGATAACATCAGAA,7
TTCACCTGGTTATGAA,7
TTCAGCCCTATCTATA,7
TTCTAACGGAATGGTA,7
TTCTCTGATAAAAGCA,7
TTGAAACTCAATGAAC,7
TTGACCCCCCATTGCT,7
TTGAGAAGAATCAAAT,7
TTGTGGAATGTCCGAG,7
TTTGAATAAAATTTTT,7
AAAAAAAGGAAACTGA,6
AAAAAGAACAACAGAT,6
AAAAATCAATAGCCGT,6
AAAACGCTAATCATTG,6
AAAAGAAACATAAGTT,6
AAACTCCGGCACCCTT,6
AAAGAATATAAGCACC,6
AAATTACCATTCGTCG,6
AACAACGTACAATCCA,6
AACAATATTGAGCCTG,6
AACACAGCAAAACCGA,6
AACACCACGTCTATGG,6
AACAGACAAATTATGT,6
AACATACATATCTCAC,6
AACATCTTTTATTTAG,6
AACATTACACACAGCT,6
AACCATATCAGGTGAT,6
AACCGACCATACTTCC,6
AACCTAATACAGACAT,6
AACCTCAGCCGAATGT,6
AACCTTTCCTGAGTAG,6
AACGGAAGCGAAGGCC,6
AACTCCCGAGGTAGAC,6
AACTCCGGTTACGAAC,6
AAGAAAAGCGGATTGA,6
AAGAAATAACAGTGAG,6
AAGAACAATCATCTAG,6
AAGAACTTAATGTAGC,6
AAGAGGCAGATTATCG,6
AAGCATACTTGACATC,6
AAGCCTAGAGTACAAC,6
AAGCGAAATGCAAGAG,6
AAGCTGTCGGCATAGC,6
AAGCTTTCAGCATAGC,6
AAGCTTTGATCTCTAC,6
AAGGGAAAAGGTACCA,6
AAGGTCAAAGGTACCA,6
AAGGTTATTACTAACA,6
AAGTAAGCGCACGAAA,6
AAGTCTCCAGTTAAAA,6
AAGTTGCCAGAAAAAA,6
AATAACACGCAGGGGA,6
AATAACGGACATTTTC,6
AATAAGACGATGTAAA,6
AATAATCAGATTGTAC,6
AATCGAAGTGACTACG,6
AATCTAAACTCGATAC,6
AATCTACCAAAAGCCC,6
AATGATGATACAGTAG,6
AATGCGACTGGCATCA,6
ACAAAAACCCAGGGAG,6
ACAAAAATATGGGCAC,6
ACAAATAGTTTCAGGC,6
ACAAATGTTCAGTCCA,6
ACAACAATCCATGCAC,6
ACAACCATAACACCGA,6
ACAATCCTAGCTGAAC,6
ACACCATTCTGGTCCT,6
ACAGACGCATTCTGAT,6
ACAGACTCACTACCCG,6
ACAGAGTCCATAAGTT,6
ACAGCCTCATGGGACA,6
ACAGTTTAAAAAGGAT,6
ACATCTGACCACTGCA,6
ACATTACCAGTCGGTT,6
ACATTCTACGGCTTAC,6
ACCACACATCGAATGA,6
ACCACCTCATGGGACA,6
ACCCAACGTGTGACAT,6
ACCCTACCTTATATAA,6
ACCGACTCATGGGACA,6
ACCGCCTAATGGGACA,6
ACCTACGAGTCTAATC,6
ACGAAGCAACAGCTTC,6
ACGAATACCCCGAAAC,6
ACGAGTCAAATATCCT,6
ACGCAACTCTATCGGC,6
ACGCCCCAACCAGGAA,6
ACGCGAAGTGGTAGCC,6
ACGCGTTCCCCGAAAA,6
ACGGCAGGCCTTCCTC,6
ACGTACTAAGCCTCTT,6
ACGTCAGATCAGAACA,6
ACTAAAATAAGAACTA,6
ACTAACAATGGCAGCA,6
ACTACTCAACCATAAA,6
ACTAGAAATGTGAATC,6
ACTAGACTCCCTCCAT,6
ACTAGTACAACAAATA,6
ACTCAACCCATGAACG,6
ACTCTAACTACCCCTC,6
ACTGCCCAACGACCCG,6
ACTGCTAGACATACGT,6
ACTGGATTCAATGTCT,6
ACTGGGAATGTTATAG,6
ACTGTTAAGCTTAGCT,6
ACTTACCCCAAAACAT,6
ACTTACTTTGCACGCA,6
ACTTTACCAGATAAAA,6
ACTTTCTAAGGGCACA,6
AGAAGACTCCCTCCAT,6
AGAAGCAAATAAAACC,6
AGAAGTGTGAAAGGTG,6
AGAATAAGAATTAACT,6
AGAATAGCTTTAAAAA,6
AGACAAAACTTTAGAT,6
AGACAATCTTTATTAC,6
AGACTAGAGATCAAAT,6
AGAGGAAATTGAGTAT,6
AGAGTCAGTGACAATG,6
AGATAAACTTCCCACT,6
AGATGTCTATTGTGTA,6
AGATGTTCCATTCCAA,6
AGCAAAATGGGTGTAA,6
AGCAATAACATATACT,6
AGCACCCTGATCTCTG,6
AGCAGTATTGTTCCCA,6
AGCATATACTGAAACC,6
AGCGGTAAATACCATA,6
AGCTCGATAAACGGTA,6
AGGAATAATATAACCA,6
AGGACACCCACACGAG,6
AGGGAATGTACTGGCA,6
AGTAACAAAGATGTCC,6
AGTAGACACCCTCCAT,6
AGTCCACCGCTTAATT,6
AGTTTACTTGACAGTT,6
ATAAAACATTCTGCTC,6
ATAAGAGTAGATACGG,6
ATAATATTGACACACT,6
ATAATTCCAGATATAA,6
ATACAAGTAAAACAAC,6
ATACACCGTCACCAAA,6
ATACGAGGTATCGGAA,6
ATAGCAATGCTCCAAG,6
ATAGTCCTTTCCAACA,6
ATATAAACGCAAAAAA,6
ATATACCACAATTCCA,6
ATATAGACAGGTGACC,6
ATATCACGGAAACAGA,6
ATATCAGATTAGAAGT,6
ATATTATACCCAAGCC,6
ATCAATCGAGCTTTGT,6
ATCACCCTGGAGCAAC,6
ATCATGGTAACAACTC,6
ATCGAAAAATAAGTCC,6
ATCTTGCAGTCGATCT,6
ATGACCAAGAAAACCA,6
ATGATGCTTAGAGGTA,6
ATGCCAATCAAGGCAT,6
ATGGACTTCGCCATCC,6
ATGGGAATACAGATAC,6
ATGGGCAAAGGTACCA,6
ATGGGCATACACAACA,6
ATTAAATAAGGAGACC,6
ATTACCCGGCTATATT,6
ATTATAAGGAGCTCGT,6
ATTATGAAACTGTACA,6
ATTCTTCTCCCGCATT,6
ATTGAACTGACTTGAC,6
ATTGTTCGGATCACAG,6
ATTTCCAACAACTCGC,6
ATTTCCAACGACTCTC,6
ATTTTAACGATTAATA,6
CAAAACTCATAATTAG,6
CAAAAGCCTGACGTAT,6
CAAAATAAGATCTAAA,6
CAAATGAATAACATAT,6
CAACAATAATCATCAT,6
CAACCCAAGCATTGTC,6
CAACCCTAAACCTCCC,6
CAACGTCCAATGGTTT,6
CAAGACAGCTCTTGGG,6
CAAGAGTGGAACACAA,6
CAAGTAAACCTGAAGC,6
CAATCAGAAGCCCATC,6
CAATCTAAATAAGTGA,6
CAATTAGGAAAGCCAA,6
CACACCTATGCTCATA,6
CACACTTTCCAGACGC,6
CACCAGCTCAAGGACC,6
CACCATAGGAATTGCG,6
CACGCTCTGGTCGCTG,6
CACTTCGAAGATAAAC,6
CACTTGCTAAAGTTAA,6
CAGAACACTCACGCAT,6
CAGACACCAGAATGGA,6
CAGTATTCAATAATTA,6
CAGTGACAATGTATAA,6
CATAACATCCAAATGA,6
CATAGTGTATAATATT,6
CATATTGCACACTAAC,6
CATCATTTAAGCTCGG,6
CATCCGAGTAGACTTC,6
CATCCTAACCGACCCA,6
CATCTTCAAATCCTCC,6
CATGGGAACCAGGATT,6
CATTAGAATTTACCGA,6
CATTATTCAATCATTA,6
CATTTCACTATCCTAT,6
CCAAAAAAAACATTAG,6
CCAAAACTCCAGAAGT,6
CCAAGCAGAGGGAATA,6
CCACATCCAACCCACC,6
CCACCTCAACAATGTG,6
CCACTCATAGCTACCC,6
CCACTCTGTTGCATAA,6
CCAGCCCACCCTACAC,6
CCAGTATACAATAGGA,6
CCAGTTACTACAAATA,6
CCATCCTCCTTATCAA,6
CCATCTAGCGGCTAGG,6
CCATCTGGTGGCTAGG,6
CCATGTAGCATACGAA,6
CCATGTAGTGGCTAGG,6
CCATTTATTTTTCCCC,6
CCATTTGCTTACACTA,6
CCCAAAGACCTCTCCA,6
CCCCAACGTACTTATT,6
CCCCAGAGGTAACGAT,6
CCCCCCTAATGAAGCC,6
CCCCCTCCTAGCGTTC,6
CCCTACGCCTCCTCCT,6
CCGAGTCGTACCTACC,6
CCGATGACCACACCCT,6
CCGCGGCATCAATATA,6
CCGGTATAAAATAGGA,6
CCGTACAAGCTGAAAC,6
CCTACATTTACAAATA,6
CCTAGAAGAACCAGTT,6
CCTAGCCAGATAACAA,6
CCTCCCTAATGAAACC,6
CCTCCTCTGTTGACAC,6
CCTTCCCAACGACCCG,6
CCTTGTCAGTGGACAT,6
CGAAATATCAACCAAT,6
CGAACAACAACAGTGT,6
CGAACATGAGCTGGCA,6
CGAATCTTCATACATG,6
CGACGTTTTATTTCCA,6
CGAGAAACCTATAGCG,6
CGAGCAAGATATATCA,6
CGAGGATTAACATACT,6
CGAGGGTCAAAAAAGG,6
CGAGGTTCAGGTTTAC,6
CGAGTAAAATGAAAAT,6
CGATTCTTGATATAAC,6
CGCAACCAAATGTTAC,6
CGCATCTCACATAATA,6
CGCCCTACTTGCCTCG,6
CGCCTAACACGGCCGG,6
CGCCTTCAGAAAGTTG,6
CGGAATGCTATAAAAA,6
CGGAGCTGATAAGTGC,6
CGGCAGCACACCAATC,6
CGGCCCCTTATCTATT,6
CGGGTCACTGCCACGA,6
CGTAGACTCCCTCCAT,6
CGTAGGTATCAGAATA,6
CGTATGTTTCAGGTAT,6
CGTGATTTTGGAATAC,6
CGTGGCGCTTACACTA,6
CGTGGCGTTTACACAA,6
CTAAATGAATAAACCC,6
CTAATACATTACAAAA,6
CTACACAGTGCCGGTA,6
CTACCAGGGATTCCGC,6
CTACCATACTTAGTTA,6
CTACGTATATTTGTAG,6
CTAGACGGTGGAGATA,6
CTAGAGAAACAATAAT,6
CTAGTCCACCCTACAC,6
CTAGTTACAAGTTAAC,6
CTATACTTGCTCGATG,6
CTATAGAAAATTGTGC,6
CTATATCAGGTTATTG,6
CTATGCAAGGACATTC,6
CTCACACCATTAAAGA,6
CTCATTAAAGATCACG,6
CTCCAAACCGCCAGGT,6
CTCCCACACAGACCAA,6
CTCCCTAACCACTGAT,6
CTCGTGTATATGTGAC,6
CTGAAACCAGTGACAC,6
CTGGTGACACCACATT,6
CTGTCCACCCGGTCAT,6
CTGTGCGCACATGCAC,6
CTGTTCACTATCCTAT,6
CTGTTTCCGAAGAAAG,6
CTTATCAGCGTTTGTG,6
CTTGTAATAATGACTT,6
CTTGTTCGGGGGAGAC,6
CTTTCATAGATAACTA,6
GAAACAAACCCAAAAC,6
GAAACAAGAGCTCTCA,6
GAAACACGGCACCGAA,6
GAAACATCAACAGAAC,6
GAAACCTTCATCGCGT,6
GAAAGCTCTGAAACTA,6
GAACAAGCTACCGATG,6
GAACACAAAGGAATAA,6
GAACCAAGCCTTGAGT,6
GAACCAGTACATTAAC,6
GAACCTATTCAGAAAT,6
GAACGCAACTGATGCT,6
GAAGAACTAAGATTGC,6
GAAGCATATTAATTAT,6
GAAGCTATGCATTAGG,6
GAAGTATGACTACTAC,6
GAAGTGCGAAATTGTG,6
GAATAACTAAATGTAG,6
GAATCAGAACAATGTA,6
GAATGCATTAGACACA,6
GACAGGAATAAACAAT,6
GACATAGACCTCACCT,6
GACCACAATTTCAACA,6
GACCACGTCCAAAATG,6
GACCCAAACTTTCGAG,6
GACCCATGAGTGAAAA,6
GACTAGTCACTTTGCT,6
GACTCGCTTACTAACA,6
GAGAAAGTATTCTGTA,6
GAGAAATCCAACTGGA,6
GAGAACAACCGGAACG,6
GAGACGTTAATGATGG,6
GAGATGATGTGAGCCT,6
GAGCAAGGCGATCTCG,6
GAGCAGAAAATCTCCA,6
GAGCTTAGCTAGGGAG,6
GAGGTAACTACACTGT,6
GAGTGATTACTCCGGC,6
GATAACGTGTCCGAAG,6
GATAAGACTCATCTCG,6
GATATCCGGCCATCCC,6
GATCAAATTAATACCT,6
GATGATTGAGCACTAA,6
GATGGATTCAATGTCT,6
GATTAGCGACTTCAAT,6
GATTCAGCTGAGGACA,6
GATTCATCTAGAACAG,6
GATTCTTACGAAGACG,6
GATTGTTTATCACTAG,6
GCAAAAATTGGTAAAA,6
GCAATACATACACCAA,6
GCACCTTATATAGTGT,6
GCACGTAAACCTTCTG,6
GCAGAAAGGATCTAGC,6
GCATGCCGATAGAAAG,6
GCATTATACTACCGCT,6
GCCAAATCACGATACC,6
GCCCGGGTGAGTTAAA,6
GCCCTACCTGATATAA,6
GCCGAATCCCCCAAGA,6
GCCGACTCAGATTCAA,6
GCCGAGCAACCGAGCT,6
GCCTGAAAAGTTGTAA,6
GCGAGTCAAATATCCT,6
GCGATTCACCCGTTGG,6
GCGATTCACGCGTTCG,6
GCGCACATACAAACAA,6
GCGTGGTTTTAGTGTA,6
GCTAAACTGAAAAAGA,6
GCTATCATAACCCTTC,6
GCTCACAAGTATATTG,6
GCTCGTGAGATGAGGT,6
GCTCTGCACCATATTA,6
GCTGTGGCAAAAAGAC,6
GGAAGAATAGAGGTAT,6
GGAATCTGACCGTAAA,6
GGACCATACGTCAAAC,6
GGACCGGCCAGGGACC,6
GGAGAAGGGTTCTCAG,6
GGAGCAGAGATAACAT,6
GGATACAAACAAAGCT,6
GGATGGCCACATTTTA,6
GGCAAATAACATTGGA,6
GGCCCACTCCACACAA,6
GGCCTCATAAAAAGGA,6
GGCGTACACTAATAAT,6
GGCTGTATCTTCTGGC,6
GGGACATACCAACTAA,6
GGGACCCGAAAACTAT,6
GGGGTGAGCACGAGAC,6
GGGGTTGCAGATCAAA,6
GGGTGAAATGATGCGA,6
GGGTGATACGAGCTCT,6
GGTAACAAAGATGGCC,6
GGTAACGCAGTGATAT,6
GGTATAGGATGCATTT,6
GGTATAGGATTACACT,6
GGTCCTAAGGAAACAC,6
GGTGAATCACAGCAGG,6
GGTTAAGAATGAAGCA,6
GGTTATCTGTATGACT,6
GGTTCATCTCTAGTAA,6
GTACCCCACACTACCG,6
GTAGAAATCCGTTCAC,6
GTAGACGACCACTCTA,6
GTAGAGTGGCCTATTC,6
GTAGCTACACAGGTAG,6
GTAGTCTTTGAAATCC,6
GTATCCAATAGCCACT,6
GTATTCACGGCCTCAC,6
GTCAATCTAAAGGCCC,6
GTCATCACAATTAGGT,6
GTCCATTTAGGTTCGA,6
GTCCCCTCCATAAATC,6
GTCCCGACTACCGGCC,6
GTCCTGTTTCACCCCA,6
GTCGAAATCCATTCAC,6
GTCGAATCCAAGTCAG,6
GTCGCGAGATCCTCCC,6
GTCTTAGATCACCTCG,6
GTGCACCAAGCCTAGT,6
GTGCAGGACGTAATAG,6
GTGCAGTAGTAAAGCA,6
GTGGATTCATAAAAAA,6
GTGTAAATCCCATCCT,6
GTTAATCTAAAGGCAC,6
GTTAGAGGAAACCGTA,6
GTTCTAATACAATGAG,6
GTTCTACATCCCCTGC,6
GTTGATTCCTTAGCGT,6
GTTGCACTGTTAGGGT,6
GTTGCTACAAGACCCC,6
TAAAAATACTATTGAG,6
TAAAATCGATATTTTC,6
TAAATTCGCGAAGAAG,6
TAACAAATGCAGAGAA,6
TAACAGAATAGTGGAC,6
TAACTTCGACACTTGG,6
TAAGCAGAAATAACAG,6
TAAGCGTGACAGCCCG,6
TAATCAAACTATCCGA,6
TAATCTACCCATGACT,6
TAATGGGTGAAATACT,6
TAATTATTTCGCAACA,6
TACACAGTTGACCACG,6
TACCGATGGATACGAT,6
TACGCCGAACATAATA,6
TACGTAAGCGACTATT,6
TACGTCGTATGTGCTA,6
TACTATCCAAGAACAC,6
TACTCTCTATTGGAAT,6
TACTGTATAGCCTGCT,6
TAGACCCACAAATGTC,6
TAGACTAGTACTAAGG,6
TAGACTCTAGACACCT,6
TAGATTCATAGGATGA,6
TAGCCCAGGGGATTAT,6
TAGCTTGAATCCCCGC,6
TAGGAATACTATGTAC,6
TAGTAAATACTAATGC,6
TAGTATCAGTTTAAAG,6
TAGTCAATAATTCGAG,6
TAGTTAAAAATAAATC,6
TATACACAAGCAGATG,6
TATAGCCGGCATTTGT,6
TATCAATGTCGATTAC,6
TATCACCCGTATCGGG,6
TATCCAGTAACCCAAT,6
TATCCCCTATGAGATC,6
TATCTATGACCTCACC,6
TATGCTTAAACGAGCT,6
TATGTCCAATGGCTAC,6
TATGTGATTGTACTTC,6
TATTCTTAAATGACAG,6
TCAAAACTTATACAAT,6
TCAAAATTGGAACTAA,6
TCAATCACGAGGCGAT,6
TCACATTAGAAGTTCA,6
TCAGAACAGCCATCGT,6
TCATAGAAATTATCCC,6
TCATTAACATTCCAGT,6
TCATTAGCCACTTAAG,6
TCATTTACTGCTGAAC,6
TCCAATGCCGGGGTCC,6
TCCCAAGCCTGGTAAT,6
TCCCATCAGAACTACA,6
TCCCTAAAGCCGCACG,6
TCCTATCATAACTACA,6
TCCTGTCTAGTAAAAC,6
TCGAGAAGAAAAATAC,6
TCGAGCCGAAAACCAT,6
TCGAGTCTCAGTTATA,6
TCGATGAACCTATATT,6
TCGCAGTGATGTCACA,6
TCGGAAATCTTACTTG,6
TCGGAACAATAACGAT,6
TCTAATTATAACTGAC,6
TCTAGAATATCTCGTA,6
TCTAGTCATACACGTC,6
TCTAGTTCGTGGTAAT,6
TCTCCCAAAGGTAGTT,6
TCTGACTCATACCAGT,6
TCTGCGTTTAAACAAC,6
TCTGGTGAACCCTTGG,6
TCTGTAGAACCTCGCC,6
TGAAAGACAAATCAAT,6
TGAACACTAATGGTCA,6
TGAACCCTGCTTCTAG,6
TGAACCTGATGACGTA,6
TGAATCCATCGAATGA,6
TGAATCTATCTGCCAT,6
TGAATCTGGCATTCGA,6
TGAATTATTAACTAAT,6
TGAATTTAACGCAAGC,6
TGACAACTTAAAAAAA,6
TGACTCGACTGTGGTA,6
TGAGCGAGAAAAGGAC,6
TGATCAAAGGACTGCA,6
TGATTCTATCACTGTG,6
TGCATAGTCGAAACTT,6
TGCCTAACAATTAGAG,6
TGCCTCTACCATCTAT,6
TGCTGCACGAAATAAT,6
TGGAACACAGTATTAG,6
TGGAACACCGCTTGGC,6
TGGACATACCAACTAA,6
TGGACGCAGCGCATTC,6
TGGACGCTTTTATAAC,6
TGGGACTCATACAACC,6
TGGTGAAATGATGCGA,6
TGTATTCAAGGAATAA,6
TGTCATACAGCAAGAC,6
TGTCATTTGAGTACGA,6
TGTCCATGTAAAGATA,6
TGTCTGAGCTCATCAA,6
TGTCTTCTATGATATC,6
TGTGAAGCAAGAAACT,6
TGTTAATCATTTCTGC,6
TTAAAATTAGTAGGCT,6
TTAAAGCTGGACCGTT,6
TTAACGCCCAGAATTT,6
TTAAGGCTAAAAGTAT,6
TTAAGTGAAATAGCCG,6
TTAAGTGAACTAGACG,6
TTACCAAAAAATATAT,6
TTACGCAGATGAATAA,6
TTAGTTGTACATCCGT,6
TTATCTATTCACAAAA,6
TTATGAACTGAGAAAT,6
TTCAAATACCACGAAA,6
TTCAAATCAATAGGCC,6
TTCAATTTGTACATAC,6
TTCACCTTCAACACCG,6
TTCAGATTACTGACGG,6
TTCCCACGGATAGGTT,6
TTCCCCTGGGCAATAA,6
TTCTTATCTGTCCCAA,6
TTCTTGCGTGTAGACA,6
TTGAATTAGAACAATG,6
TTGACGATTAAAAAGT,6
TTGAGATTAAAGATTA,6
TTGATCCAAGCAGGGT,6
TTGATCGTTATAAAAA,6
TTGCAAGCCATGTAAA,6
TTGGATAAGATAGGTA,6
TTGGCACACATATCAG,6
TTGGGTCAATCTACAA,6
TTGTAAAGCCCATCCT,6
TTGTACAAAGGATGAT,6
TTTAATACAACGCCAA,6
TTTATAAAAATCACAA,6
TTTATAGGAGGTCATA,6
TTTCTAAGAAACGAAA,6
TTTCTAGTAACCCCGT,6
TTTGACTCTATCGCCC,6
TTTTAAGACAAGTAAA,6
TTTTTCGCACCAATCA,6
AAAAAACAATGCAGAA,5
AAAAAATGATGGATCT,5
AAAAAGGTAACTCATC,5
AAAACACGAAGTTGTG,5
AAAACCACTGTGATTT,5
AAAACGAAACAATGTT,5
AAAAGGATCAATCTGC,5
AAAAGTCTTAATCCCC,5
AAAATAGCAAGACAAT,5
AAACAATTGAATCAAA,5
AAACAGGTAACTCATA,5
AAACGCGACATGGGAG,5
AAAGATATCCACTTCA,5
AAAGCGGAGGAATATA,5
AAAGGGGATGTCACAC,5
AAAGTAGACATTGTTT,5
AAATCTAGTGGCTAGG,5
AAATCTGTTGGTTACA,5
AAATTACCATTAGGCG,5
AACAACGAATTAGCTC,5
AACAATATATCCCCAT,5
AACACAAAAAAGAAAG,5
AACACACTCTCGCAGC,5
AACACCACCAATACAG,5
AACACCACTTAGGATC,5
AACACTGATTCGAACC,5
AACAGACCTAAATGTA,5
AACAGGGGACCAAATA,5
AACATTCTTGAGTGGC,5
AACCTTGGCGAAATAA,5
AACGATATATATTACT,5
AACGTTGAGGATGAAT,5
AACTCTCAACTCTGTG,5
AACTGGAGATACGCTT,5
AACTGGTCCGAGACTG,5
AACTTGAAAGACATTA,5
AACTTTTCACTTCTTA,5
AAGAACCGTTTAGCTC,5
AAGAACTTCATGTAGA,5
AAGAAGTAATGAGTCA,5
AAGACCCCTCCCACAA,5
AAGATAAAGTACACGG,5
AAGATAAGTTAGTTCA,5
AAGCACATAATAGACA,5
AAGCATAAAACGATTG,5
AAGCCTTTAACAGATT,5
AAGCGTCAAACAAGCA,5
AAGCTGTCAGAATAGC,5
AAGTACCTTAAGATTG,5
AAGTAGCAACCTATAA,5
AAGTATTCAATCATTA,5
AAGTCGAGAGTACAAC,5
AAGTCGGGAGCATGGA,5
AAGTCTCAACCTATAA,5
AAGTGACGGCCATGGA,5
AAGTGGCCTAATCCCG,5
AAGTGTCCTCATCCCG,5
AAGTTTGAGCTCACGA,5
AATAAGCACTAGCCAA,5
AATACCCCAATGTTCA,5
AATAGACTACTCCGAT,5
AATAGTGATCAAAAAC,5
AATCAAGGGTGCCCAC,5
AATCACGCTCAAAAGA,5
AATCATTGAGTAACCT,5
AATCATTTTCAAACCG,5
AATCCATCCCAGCACG,5
AATCCGAGAGTACAAC,5
AATCGCGTAAATCAAA,5
AATCGTGTATAATATT,5
AATCTATTTAACAACA,5
AATGACAAGTGAGTAT,5
AATGATACTGAAATTG,5
AATGGACATGAGATCA,5
AATTAACTTCGCCCTC,5
AATTATAGCATGTTAG,5
AATTCAGAAATTTCAA,5
AATTCGACATTTTGTA,5
AATTCGTGTCCATAAG,5
AATTTTAGCAACATAT,5
AATTTTTTACGAACGC,5
ACAACCTGATCTTAAG,5
ACAACGCGTATGCGTG,5
ACAACTCATCCGCCCT,5
ACAAGTGACCTATGCA,5
ACACAATTCCATATAG,5
ACACGCTAATCCAGCA,5
ACACTCATAGCGACCC,5
ACACTGTCAGATCAGA,5
ACACTTACACATGACA,5
ACAGACCGCACAGACT,5
ACAGTTTGCCTCCGTA,5
ACATAAAAAGCTTGGC,5
ACATAACTCGAATAAT,5
ACATATGCCTACAGCT,5
ACATCCCTAACTTCAT,5
ACATCCTACGCCCAGC,5
ACATCTGACCGCTACA,5
ACATCTGACCTCTGCA,5
ACATGGTCTAATCTAG,5
ACATTAATGGCCAAAG,5
ACCAAACCAGACATTG,5
ACCAAGCACACTAATC,5
ACCAATGAATAAAAAG,5
ACCACTAACACTTCAC,5
ACCAGGGCGTCTCTAA,5
ACCCAACTGAAAATGA,5
ACCCATCTTCAAAGGA,5
ACCCCACTAAGGAAAT,5
ACCCGACAAATCAATT,5
ACCCTAAAACCAACGG,5
ACCCTACATGATATAA,5
ACCGAACTACTTCAAC,5
ACCTAACTCCTAGGTA,5
ACCTTGATTTAACTAC,5
ACGACATATCCGGTTA,5
ACGAGTACTGACATAC,5
ACGATCTTGGATATAC,5
ACGATTCCAATAGAAT,5
ACGCCTCAAAGGATTA,5
ACGCCTGTACGAGTAA,5
ACGCCTTGACGGAAGG,5
ACGGATAAATAGCCAA,5
ACGGCACGCGCTACAT,5
ACGGTAGAAGTGGGTA,5
ACGTTCCTCGAAGAAG,5
ACTACTCGCTAAGCGA,5
ACTATAAGAGACTCAT,5
ACTCAAAAATCTTTAT,5
ACTCACAAAAGCGAGG,5
ACTCCCAGACAGAAGG,5
ACTCCCAGCAATATTT,5
ACTCCTTACACACGAG,5
ACTCTACAAATCCAGC,5
ACTCTGGCAAAAATTT,5
ACTGAAATAGCCTATT,5
ACTGCCTAGCTCTTAC,5
ACTGCTCATAACACAT,5
ACTGCTCCCAACCAGT,5
ACTGGGCTGTTGGACG,5
ACTGGTGAACCATTGG,5
ACTGGTGAGCCCTTGG,5
ACTGGTTTAAATGCTT,5
ACTTACTATGGCTCTG,5
ACTTCCAAACAGTCCT,5
ACTTGGTTACCACTGA,5
ACTTTGACACTGATAA,5
AGAACTGTAAAAACCT,5
AGAAGGAATCTGTTCT,5
AGAAGTATTAACACCC,5
AGAATCCCTAATAACG,5
AGAATTTTATATACCG,5
AGACCAACCTATGACT,5
AGACCGCCTAAATACG,5
AGACTAACAATTAGAG,5
AGACTCTTTTATATAA,5
AGACTGGAGTGCCATA,5
AGACTTTTGCTATACT,5
AGATAAAACATAGTTG,5
AGATAAAACTCGCAAT,5
AGATAACTCCCTTCAT,5
AGATAACTCTATAGAC,5
AGATACTTACTGAATA,5
AGATAGGCATTGTTCA,5
AGATCATAGATTTCTG,5
AGATGAAAAAGAGAGG,5
AGATTACAATTTAAGT,5
AGCAAAACATGAGAGT,5
AGCAAAATTAATAGCG,5
AGCAAAGAACTGGACG,5
AGCAGACTCCCTCCAT,5
AGCAGATAACTGTGCT,5
AGCATATATGTTGAAC,5
AGCATCGTCCCGCCGT,5
AGCATCGTCCTGACGT,5
AGCATCGTCCTGCCTT,5
AGCCACAGACCAGGTA,5
AGCCATTACTCATAGG,5
AGCGAGACAACACATT,5
AGCGCCTCATGGGACA,5
AGCGTACCCTTGGCAA,5
AGCTAAATGGCTTCGT,5
AGCTATCTGCCCTGGC,5
AGCTATTGAACCTTAA,5
AGCTTAAAACCCAAGA,5
AGGACACCTACCCGAG,5
AGGAGTACTGCGAAAC,5
AGGCACAAGTCGCACA,5
AGGCGATGGCACAATG,5
AGGGACACGTTAAGTT,5
AGGGATCTCCACGGAA,5
AGGGCCATTCCCACAA,5
AGGTCATGCGTTGAGC,5
AGGTGAACCCAAGACG,5
AGGTTAGTTAAACTAT,5
AGGTTATTGATGTCAC,5
AGTACCTACCCATGCA,5
AGTAGACTCCCACCAT,5
AGTAGGTTCACTCAGT,5
AGTCCCGGGTGTGACA,5
AGTCGAAGATTTGACC,5
AGTGAACCATACGATA,5
AGTGCCAAAACCAGCG,5
AGTGGCATAGGAGCCC,5
AGTTGACTCCCTCCAT,5
ATAAAAACCGGATTGA,5
ATAAACCCGAATCACC,5
ATAACACACCAACTGA,5
ATAACTGACCCTTCCC,5
ATAAGGAATACTCTTG,5
ATAAGTAAAAACAGAA,5
ATAATAACACGTAACA,5
ATAATTATACCCTTAC,5
ATACATTTTATCTGTA,5
ATACCAAATAAGTACT,5
ATACCGTACCTCCACG,5
ATACGACTACTTGGCT,5
ATACGCCTACAATGAG,5
ATACGCGAGTCATACC,5
ATACGTCCAACTGTCC,5
ATAGATGCTCCTATAG,5
ATAGCCAAATCACACA,5
ATAGCGCATTAGGCTT,5
ATAGGACTCGCTACGA,5
ATAGGTACGACCGACA,5
ATAGTTACCACCCATT,5
ATATAATAATCTATGA,5
ATATAATACTGCTGAT,5
ATATAATTACTCGAAA,5
ATATAGGCACGTGACC,5
ATATGACCTAAGGAAT,5
ATATTTGACGGGGTTT,5
ATCAAAATGAACTTAT,5
ATCAAAGCCATAACAA,5
ATCAAAGTGCCACTTG,5
ATCAAGGGCAACAAAG,5
ATCACAGTATCCCCAC,5
ATCACCTGGTTATGAA,5
ATCAGATAAAACACAC,5
ATCATACCCTACAACT,5
ATCATCACGTGGGCCA,5
ATCATCCATAGAGCGA,5
ATCCCTAACCCCTGAT,5
ATCCGATAGAACACAC,5
ATCCTGCAACTATAAT,5
ATCGAATTAGCCGCCA,5
ATCGATCAGAGCACAG,5
ATCGCGGTGACTTAAA,5
ATCTAGACAAAGTAAA,5
ATCTGAAGAACAATAT,5
ATGACACTATTCTGGA,5
ATGAGATCGAATTACA,5
ATGAGCCTTTACTGTT,5
ATGAGGAGGTCAGTCC,5
ATGAGTCGAACTGACA,5
ATGATCGATCGAGGGT,5
ATGCATTGAAGTCTCC,5
ATGCTTATAGTATTTC,5
ATGGACACGTTCAGTT,5
ATGGACATATAAAGCA,5
ATGGCTATGTCATCTT,5
ATGGGCCAAAGTACAG,5
ATGGTCCCAACTACTA,5
ATGGTGCCTCCGATAA,5
ATGGTTTGAACCCGGA,5
ATTAACACCGATGATC,5
ATTAACATTCTTACAA,5
ATTACCTGAACATAAA,5
ATTACCTGTGACCCGT,5
ATTACGAACTTTCTGA,5
ATTCAGGACATGAAGA,5
ATTCATTTTACCCCCA,5
ATTCTCATAAAAGGAA,5
ATTGACTGAGCACTAC,5
ATTGCATAGATAACTA,5
ATTGGCTAACGATCAT,5
ATTGTCCTTGCCGATT,5
ATTTAATGACATCAAT,5
ATTTAGTTGTTGGAAA,5
ATTTGAAACACCAGGC,5
ATTTGCAAGTTAACAA,5
ATTTGGGATAATGGGG,5
ATTTTACGTACCGTAA,5
CAAAAAACTAAAGAAC,5
CAAACAAGGTAAACAC,5
CAAACATATGGCGCAA,5
CAAATAACTAAATTTT,5
CAACAATTATCAAAGA,5
CAACAGGCAGGGCACA,5
CAACCTCGCCTGCACT,5
CAACGCCGTCAAACCT,5
CAACGGGCGTAAGCAT,5
CAACTGCAAGATCTCG,5
CAAGAAAACATCGAAT,5
CAAGAAGCCGTGTGAA,5
CAAGATAGAAGCCTCA,5
CAAGATTTTACACTCA,5
CAAGCAATTACAGATC,5
CAAGCATAATAAAAGC,5
CAAGCGACCGACTTCC,5
CAAGTTGACCAAGGGT,5
CAATAGACTAAGACTC,5
CAATAGCTGTGCCCTA,5
CAATCGATTTAATCTA,5
CAATCGGACTTCAAAA,5
CAATCTAATGAATGAA,5
CAATCTAGGAAAGGCA,5
CAATGGTAATCGGGTA,5
CAATGTATCCAATTTG,5
CAATTAAAACAGTCGA,5
CACACCACCAATACAG,5
CACAGGAGGTTCTTTC,5
CACATAAAGGTACCTA,5
CACCAGATGACCAATA,5
CACCCTCAACAATGTG,5
CACCGACCAGAAGAAA,5
CACGAAATTTGAGCTA,5
CACGGCTCTCCTATAA,5
CACGTCTGAGGTTTGC,5
CACTATAGATTCAAGG,5
CACTATTTACGGGCAC,5
CACTCATTACCGCAAT,5
CACTTCTATACGGCTT,5
CACTTGCTAACCCTGA,5
CACTTTCAGGAAAAAC,5
CACTTTGGTTGAGTTC,5
CACTTTTTCTAAGAAC,5
CAGAAAACCTAGAGAA,5
CAGACTATTGCGGCAG,5
CAGAGTCAAATATCCT,5
CAGAGTTTATGCACCA,5
CAGATAAAGAGCCACC,5
CAGCCCAATGGGCTTC,5
CAGCTTTCAAAACAAA,5
CAGGAGTCGTACTACT,5
CAGGTCTACCTACTTA,5
CAGTATATCATACTAT,5
CAGTATTCAATCATCA,5
CAGTCGAACACCCTAC,5
CAGTGTTTCTACAATT,5
CAGTTCAATATCCTAT,5
CATAACCAGAATAAAG,5
CATAAGGGCTCGAGTC,5
CATACCTACAGCCCGT,5
CATACTATAAAAATAA,5
CATCATGAAACTTACT,5
CATCATGCCCGGAGCA,5
CATCATGTGAGCTCGG,5
CATCATTAGGGATAAC,5
CATGATGTGTGGTAGT,5
CATGCAAGGTCCGTTG,5
CATGCGACAATCACAA,5
CATGTCTGTTAGTACA,5
CATGTTTATCACTATC,5
CATTACACTTCAGGAT,5
CATTACATCTTGCAAA,5
CATTACCTCTTGAAAA,5
CATTACTCTTCCAAAA,5
CATTGGAAATACCTGT,5
CATTGTTCCACACTCC,5
CCAAAACCAGACATTG,5
CCAAAGCGAATTCACA,5
CCAACACATTGAAGGG,5
CCAACACCGAGTTCTG,5
CCAAGAAGAATTCAAG,5
CCAAGGCATCAAGCCC,5
CCACCAATTACTTGCT,5
CCACCTTTACATCAAA,5
CCACGTTCCTACGGAG,5
CCAGGCCCTGTCTACT,5
CCAGTAAGACCAAAAA,5
CCATCTAGTCGCTAGG,5
CCATCTAGTGGCTAAG,5
CCATCTAGTGGCTACG,5
CCATTCAGAACATTTT,5
CCATTTTCTAGTCAGA,5
CCCACGAGGTAACGAT,5
CCCAGCTAGGAAGCTG,5
CCCCAACCTTAACTAC,5
CCCCATCAACAATGTG,5
CCCCCCTAATGGAACC,5
CCCCCTAAACAATGTG,5
CCCCGAATCTTAAGAC,5
CCCCTCATCTCCCGCC,5
CCCGACTCAGAGGGAC,5
CCCGCCCAACGACCCG,5
CCCGTTACCAAGTGTA,5
CCCGTTTGATGCCGCT,5
CCCTCCTAATGAAACC,5
CCCTCGTGAAGCTTAA,5
CCCTCTTTAGACGTGC,5
CCCTTGTTATACACTG,5
CCGACACGCCCACCTT,5
CCGACATCATAATCTT,5
CCGAGTAAAATATCCT,5
CCGATTCAAATATCCT,5
CCGCAGACTTAGACTC,5
CCGCTATCAAAAAAAC,5
CCGTCTAGTGGCTAGG,5
CCTAAAATATCACAGA,5
CCTAACAATCCGAACA,5
CCTAAGTACGTGTTCA,5
CCTACAACGACGGCCA,5
CCTACGGCATACTGTC,5
CCTAGCATCACTCTAC,5
CCTATTACATCCTGGA,5
CCTCACAACCGGATTA,5
CCTCCACCCGCGCAAC,5
CCTCGACTACTTAATT,5
CCTCTTCATTTGTCCC,5
CCTCTTTGTAACAGTT,5
CCTGAAAGCTGGTTGT,5
CCTTATTCACTGGGAA,5
CCTTCACCTAGCAACT,5
CGAAGATACTATTCAC,5
CGACCATAACCCCTAA,5
CGACTGAGGCCTACCA,5
CGAGAGGCAACTATAA,5
CGATAAGCCAACTGCA,5
CGATAATTCTTACTAG,5
CGATTACAAGACCTGA,5
CGATTGCTTACGAACC,5
CGCAAAAACACAGAGA,5
CGCAAAATTCGAAAAA,5
CGCAAAGGCTAATGAT,5
CGCAACAAAAGATGGC,5
CGCACACCCGACTACA,5
CGCATGATAAATATGT,5
CGCATTAAGAATAGAT,5
CGCCAGACTTGCCTCG,5
CGCCATTTCTCCAAGA,5
CGCCCGACTTGACTCG,5
CGCCTGAAATGAGGAA,5
CGCGCAATCTCTCAAT,5
CGCGGCGTTTACACTA,5
CGCTACCAAATTGCAC,5
CGCTTTTCCCCCCAAA,5
CGGAAGGGATTTAAAA,5
CGGACATGGGTACTTG,5
CGGACGCACTACGTAC,5
CGGAGAACTTACCCTA,5
CGGATACCTATATAAC,5
CGGATCCAGCATCGGA,5
CGGGGCGGCAACTTGG,5
CGGTATATTTAAGCGA,5
CGGTATTCAATCATTA,5
CGGTCGATTGCTGCTC,5
CGTAAAAAGTCCACCA,5
CGTACTCGACCCAGTT,5
CGTAGAACGAAACCCA,5
CGTCAAACCTGGTTAC,5
CGTCAAGTACCTTACC,5
CGTCACCTCATGGGTA,5
CGTCTACACATAGTAC,5
CGTGACGTTTACACTA,5
CGTGGCGTTTAGACTA,5
CGTTCTCGTAGGCGAA,5
CGTTCTTGATAAACCA,5
CGTTGCTTAACTGCAG,5
CGTTTCATGCGTTCTT,5
CTAAACCAGGAAACAT,5
CTAAAGTATAATTAAG,5
CTAACCTTGCACTTAA,5
CTAAGGTCATCACTGA,5
CTACAAATTGATACAC,5
CTACCACAGGGGATGT,5
CTAGACATACGGGCCA,5
CTAGACCACCCTACAC,5
CTAGAGTTGGGACAGA,5
CTAGTTACAGCAATAG,5
CTAGTTACCTCACGAC,5
CTATCATGCTCGCTTC,5
CTATTGATTACTAAGA,5
CTATTTACAAGCCGTA,5
CTCAGAATCTTAAGAC,5
CTCCAATAAGAACGCT,5
CTCCCGACTACCGGAC,5
CTCCTACCTCTCACAG,5
CTCGTACCGGCTGTCA,5
CTCGTACGCCCATCAC,5
CTCGTATTGGTGACTC,5
CTCTCATAACCCGTTG,5
CTCTGACTCCTATCAA,5
CTCTGTCTGCTCTTAG,5
CTGAAATTAGATAGAA,5
CTGACATCAATTGATC,5
CTGACCGAAACATTCA,5
CTGACTTTTAGTAAGA,5
CTGATCTGGCATGTAA,5
CTGCAAGTGACTAGGT,5
CTGCCTGGAAGTGTAA,5
CTGCTTTTAAGGAAAA,5
CTGGTCTAATAGGAAG,5
CTGTCAATGGAAACAA,5
CTGTGAAATATACTGA,5
CTGTGACAAAGATTGC,5
CTGTTGTCCCCCATCT,5
CTTAAAAGACTCAATC,5
CTTAAAGGTTCTAGAG,5
CTTAACCGGGAATTAA,5
CTTAGTATAAAAACAT,5
CTTAGTGGCTACATCC,5
CTTATACGACGAGTAA,5
CTTATGACACCGAGCC,5
CTTCCCAGTACAATAA,5
CTTCCTTAACTCATTC,5
CTTCGATCCTTGTATT,5
CTTCGGTACATGTTCA,5
CTTCTTCCTAGACCCC,5
CTTGAAGAATCTAAAG,5
CTTGACGAAACTCCTC,5
CTTGCATAGATAAATA,5
CTTTCAACAGGCAACT,5
CTTTGTATTCACAAGG,5
CTTTTTACTCCCTAAC,5
GAAAAAAGAGTTTACA,5
GAAAAGCTGACGCCCC,5
GAAAATACCCGTGTGT,5
GAAACCCGTTCTCCTT,5
GAAACCTTCAGAGCGT,5
GAAACTATGGACCCCA,5
GAAATGGTTCAGCCGT,5
GAAATTAGGGTCCCTA,5
GAAATTATAATTCGAT,5
GAAATTGGTGTTAAAC,5
GAACTCTGTCATTGCT,5
GAACTGTTATTGGGAC,5
GAACTTACTCGATTTC,5
GAACTTCTGAGGTCAA,5
GAAGAAAATGCTGCCG,5
GAAGAACTTGACAAAA,5
GAAGAAGACCCATCCT,5
GAAGCAAGGAACAAAT,5
GAAGCCGCTAAGCAGG,5
GAAGCCTTTATTAAGT,5
GAAGGACTGGAAGTGA,5
GAAGGTATCTGCACCA,5
GAAGTATTGATGGACC,5
GAATAATAACCGGATG,5
GAATCCATTACTCAAG,5
GAATGCCAACAAACCC,5
GAATTGCACGCACAAC,5
GACACAGTTGATGTCC,5
GACCAATCAATCTAAG,5
GACCGAAAAGGTGAAG,5
GACCGAAGGTTCATTA,5
GACCGTCATACGTAAT,5
GACCTAGTAGTATGAT,5
GACGACTAAAGGTCTT,5
GACGCGCATCGTCTAA,5
GACTGATACTGCCTTG,5
GACTGTCTCTTCTGGC,5
GACTTTTACCCTATTG,5
GAGAACTTCATGTAGC,5
GAGAGCAACACTGAGG,5
GAGATAAAAAAGCTTA,5
GAGATTTTCTGCTAAG,5
GAGCAACCTGGTTCTA,5
GAGCAATCGCTCTGAC,5
GAGCGAGTAATAAAAA,5
GAGCTACTGAAGTTAG,5
GAGGAAATATACAACT,5
GAGTATATAGACGAAA,5
GAGTCGACATACCAAG,5
GATAACACGCAGGTGA,5
GATAACACGCAGTGGA,5
GATAACACGCATGGGA,5
GATAACAGAGCATTGT,5
GATACAAGTATACAGA,5
GATACCTAACTATATA,5
GATAGTAGCGGAGCAT,5
GATATGGCACAATAAC,5
GATCAACCCATGAACG,5
GATCAATGTCTATTAC,5
GATCACCATCGATCCA,5
GATCCTAATCCAGCAT,5
GATCTACGGCCATCCC,5
GATCTCCATAAGTAAC,5
GATCTCGGAAATAGAC,5
GATGTGCAATCTTGGG,5
GATTGCCGTTTAATGC,5
GATTGTAGGGCCTCAA,5
GATTTTAACAGCCGTA,5
GCAACATCTCCTATGG,5
GCAAGAGGGTCACTTG,5
GCAAGATAATTGGACA,5
GCAAGGAATAAACAAT,5
GCAAGTACGATCTTGA,5
GCAATTCCGAATAACC,5
GCAATTTCGACCCAGA,5
GCACCAATGTGAAAAA,5
GCACGAAACTAAAGAC,5
GCAGATAGACATGAAC,5
GCAGTGGGTGACCACA,5
GCATCTCGAGCGCACC,5
GCATGCTCGAACTAAG,5
GCATGTGACACAAAGG,5
GCCAAAAAAAACATAC,5
GCCCTAGAATCCGTAA,5
GCCTCAAAGACACGCT,5
GCCTTTGCCACATGAT,5
GCGAACCAAAAAACGG,5
GCGAGTCCAACTACGT,5
GCGATTCACGGGTTGG,5
GCGATTGACGCGTTGG,5
GCGATTTACGCGTTGG,5
GCGCCTGTACGAGTAC,5
GCGGAAAATCAGTCCA,5
GCGGCCCGAATCAAGA,5
GCGTGCGCCCAGTGAA,5
GCTAAAATTAAAGCCC,5
GCTAAACCCATGAACG,5
GCTAACAAACCATAAG,5
GCTAGATTATCAACCT,5
GCTATTCAAGCTATCC,5
GCTCACTACATCAAGT,5
GCTCAGTCATGGAAGG,5
GCTCCATCGTACCATA,5
GCTGCAGTCCTAGATA,5
GCTGGATTAAATGTCT,5
GCTGTGAAGTCTATAC,5
GCTGTGTTTTACGCTA,5
GCTTACCAAGACTAAA,5
GCTTCAAGATTGTTAT,5
GCTTCTCTGTGCACAC,5
GCTTGATTCAATGTCT,5
GCTTTCCGATAAAATT,5
GGAAAGAGATCCTTGG,5
GGAAATGAGAATGACA,5
GGAACCGCAGTAACGA,5
GGAAGTTAGAAACTAG,5
GGACAAAATAAAGATT,5
GGACAGACTTAGGAAA,5
GGACTACACAAGTTTT,5
GGACTCAACAAGTTTT,5
GGAGAACCTTCTAACA,5
GGAGATGATTCTGCTA,5
GGAGATTCACACACTG,5
GGAGCTATTGGTTGTA,5
GGAGGAAGCAAAATCA,5
GGAGGACGCAAAATCT,5
GGATAACTCCCTTCAT,5
GGATCCAATAGACACT,5
GGATGACGATGCTCAA,5
GGATTTATTGAAAGTG,5
GGCAAGACCCTGATAC,5
GGCAATTAAGGAAAGT,5
GGCAGACCCCGAATTG,5
GGCATAACGTTGCTAC,5
GGCATGTCAATGCTCA,5
GGCCACTACATTTCAA,5
GGCCCTCAACAATGTG,5
GGCGAAGCCTAGATTG,5
GGCGCGCATCGTCTAA,5
GGGAACACGGTATTAG,5
GGGATGAACAAACTCT,5
GGGATGAATACACAGA,5
GGGCAATCTCTCTGAC,5
GGGCCTTAAGCAATTA,5
GGGGACAAAGAGAAAA,5
GGGGTACTTTTACGAA,5
GGGTCAATGAGTCTTG,5
GGTACTGACAAATATC,5
GGTATACCATAACAGT,5
GGTATCCAATAACAGT,5
GGTATCTTCCTCTTGG,5
GGTCTACAAGCTTAAG,5
GGTCTACCAGATTAAG,5
GGTGAAAGATAAGAAT,5
GGTTACATGAAACCTC,5
GGTTACTTTGCACGCA,5
GTAAAATTGGAGCTCA,5
GTAACCATTTCGTATT,5
GTAACTGGTTTTAATC,5
GTAAGACAATGACTCA,5
GTAAGCTCTTTCTTCG,5
GTAATAAGAGTCTTCT,5
GTACAAGTTTCAGCTT,5
GTACAATAGATATATC,5
GTACCCTTCGGACACG,5
GTACGATAATGGATAA,5
GTACTAAGAAAGCAAA,5
GTACTCTCGCCAAATA,5
GTACTGCAAGATCGCG,5
GTACTTTAAGCTCTAT,5
GTAGACGGGTTCTCAG,5
GTAGATCTAAAGGGAA,5
GTAGGGTAATAACAAC,5
GTAGTTGATGAAGCAG,5
GTATAAGCCAGGTAGA,5
GTATCAGTGTGTGTAA,5
GTATGGAATTGAAACC,5
GTATTTAAGACCAAAT,5
GTCACCGCTCGGTTCG,5
GTCACCTGATTATGAA,5
GTCAGCAACTTACAAG,5
GTCATAAGAAACTGCT,5
GTCCACAACATAGGTC,5
GTCCACAAGACCTCAT,5
GTCCATCGAGATTGAA,5
GTCCGAATCTTAAGAC,5
GTCGAAATCAGTTCAC,5
GTCGATTCAATCGCCC,5
GTCTAACTGAATGGTA,5
GTCTTCCCTACATGAC,5
GTCTTCCTCCATTAAA,5
GTGAACCCCCCACGTC,5
GTGACACGATGTAGAA,5
GTGATCAGCGTTTGTG,5
GTGCGAGTATAATTGT,5
GTGGAAAAACCTGCAG,5
GTGGTAACCGGACTAA,5
GTGGTGGACAATCTTG,5
GTGTAAAGCCCATCCC,5
GTGTTCACTATCCTAT,5
GTTAAAATGGGTGTAC,5
GTTAAATGTCCCACAG,5
GTTAACCAGCATAAAG,5
GTTAATGAAACGATAA,5
GTTATGCACCCAATAA,5
GTTCAAATTAAGACCT,5
GTTCATAACTGTCCAT,5
GTTCATGTAAGCTCGG,5
GTTCCAACACCAAAAC,5
GTTCCATTGAGAAACC,5
GTTCGATGCGTCATTT,5
GTTCTGCACCCAACAA,5
GTTGAATGAAGTAGAT,5
GTTGCGCCCTCGCTGG,5
GTTGGGCGACCGTCTA,5
GTTTACTTTGCACGCA,5
GTTTATGAGATGTTAC,5
GTTTATTCCGGAAAGT,5
GTTTCAGGCTTCCGAT,5
GTTTTTAACCGCCGTA,5
TAAAAACATCTCTAAT,5
TAAAACAAGACCAGTA,5
TAAAATTATAGGTGAC,5
TAAAATTTGCTGACAA,5
TAAACACACAAAATAA,5
TAAATCCACAAAACTC,5
TAAATCCCAACTCAAC,5
TAACAAAAAGACCCAA,5
TAACAATTTTTCGACA,5
TAACAGAAACCCATCT,5
TAACATCATCTCCATG,5
TAACATCTACGGTGAA,5
TAACATTTTTTGACTC,5
TAACCCTTCGGACACG,5
TAACGGCAGACACGTG,5
TAACTCGCTGGCCTCG,5
TAACTGCGCTCAGATA,5
TAACTGGAAACAATTC,5
TAAGCAACTATGAAGG,5
TAAGCCACCATAGAAT,5
TAAGCCACCTAGACTG,5
TAAGCCTGACCCTAAA,5
TAAGCGAGCCTGAACC,5
TAAGCTTAATTTATAA,5
TAAGGGCTCCCAATTT,5
TAAGTTGGTGATTCTA,5
TAATATCGCCCCACTT,5
TAATATGCTGAAGCAC,5
TAATTGAAATATGAAC,5
TACAACACCAATACAG,5
TACACAACCAATACAG,5
TACACACCAAGACCAA,5
TACACAGAACATCCTT,5
TACACATACAAACAGA,5
TACACGCATGCGCCCT,5
TACACTAGGAGTAAGA,5
TACACTCCCTAAGTTA,5
TACAGAGTCCTAAATT,5
TACAGCGATACGGAAT,5
TACAGTATCCAAACAA,5
TACATAAGACACTACT,5
TACATAAGACCATACT,5
TACATCTCTAATACCA,5
TACCACTGCCCGCAGT,5
TACCAGATTAGGAGAC,5
TACCAGGATTCTATCC,5
TACCCGGAGTCTTACT,5
TACCCGTCCAAAGATC,5
TACCCTCTGCCCCATT,5
TACCCTTGGATACGAT,5
TACGAGTCAGTGTATT,5
TACGTCCCAATGGTCC,5
TACGTCGGAATGGTCC,5
TACGTTTCGAAGTGCG,5
TACTAAAATAGCGGTG,5
TACTAACGTCAGAGCC,5
TACTGGCAAAATTTAC,5
TACTTACAGGTCACAC,5
TAGAACGACACTTTCA,5
TAGAATGAATCAGCTT,5
TAGACACTTAGTCAAT,5
TAGACCACTACCTGAT,5
TAGACCCCTCCCAAAA,5
TAGACTAAAAGCTTGC,5
TAGACTCCCTACACCG,5
TAGACTCTACGTCGAA,5
TAGATAAAAACACTTC,5
TAGATAAGCGACTAAA,5
TAGATTCTCCAAGTCG,5
TAGATTCTTATTAATG,5
TAGCCCTGTGAGAGTA,5
TAGCGTGACTAAGGGC,5
TAGGATAACCATTGGA,5
TAGGCAATCATTGTTA,5
TAGTAGCTTTCAACGG,5
TAGTATTCAATCATTA,5
TATAAGCTTGCAGCCA,5
TATAATATGAGACTCT,5
TATAATTGATAGGGAC,5
TATACAGAATAAGTCC,5
TATATCCATAGTTAGG,5
TATATCTGCCTGTGGG,5
TATATGTCTGATTAAG,5
TATATTAACAATTCCA,5
TATCAAATTAAGACCT,5
TATCACCCAACTGAAT,5
TATCCCGGTTACAAGA,5
TATCCTATACCATGAA,5
TATCTACCTAACAAGT,5
TATCTCCATAAGTCAC,5
TATCTCTTACACCCCA,5
TATCTTGTACCTGTAT,5
TATGCCTTAGGGCAGA,5
TATGCTAAATTTGACT,5
TATGGACCCATCACCC,5
TATTATATATAGCCAC,5
TATTATCGACTTCTGT,5
TATTATTAACTGACAG,5
TATTCAAACCAGCATC,5
TATTCTTAACTGACAT,5
TATTTAAGGTACAAAC,5
TATTTTAGACAAAAAC,5
TATTTTATTGGTCTCA,5
TCAAAAGTTGCCTCGG,5
TCAAATGCGCTGCATG,5
TCAACCAAGCCTGAGC,5
TCAATAACGAACATAC,5
TCACAAATGGAGATAA,5
TCACCGCGGGCACCGA,5
TCACGGCTCGACTGTT,5
TCAGCTATAAACACCT,5
TCAGGACGACATAAAA,5
TCATAAAGTAAGAGAT,5
TCATACATTAAACAGC,5
TCATAGCATAAAGAAA,5
TCATAGGAATTATACC,5
TCATCTACATATAACC,5
TCATGAAGAGATAGAT,5
TCATGGACTTAAGATG,5
TCATGGGTAAAATACT,5
TCATGGGTGAAATAAT,5
TCCAAATACTGTTGTC,5
TCCAAGAGTATCGACA,5
TCCACTATGGCACTAC,5
TCCATACTAGTAACAG,5
TCCATGATCTATGTTT,5
TCCATTGACTATATGG,5
TCCCCTCCCGGTACAA,5
TCCGCATCTCCGTAAA,5
TCCTACATTGTACTCC,5
TCGAACCCCCCACGTC,5
TCGAATAGTAGCGGAG,5
TCGACAGGACTATGAA,5
TCGACATACATACACT,5
TCGACCACATGCCCAA,5
TCGACGCTTAAAAAGT,5
TCGAGATCACTCTCGC,5
TCGCCCACGATACTTA,5
TCGCCTCCAACCGAAG,5
TCGCGAATCACATCTA,5
TCGCTACACGAAGTAT,5
TCGGACACTAGATGGT,5
TCGGTAGAAGTCCCGT,5
TCGTACTACAACGGCT,5
TCGTGGCATAATTACT,5
TCGTGGGCGACGTATC,5
TCTAACCCAATACAAT,5
TCTACATTACATGTAG,5
TCTACGATAAGAGTCG,5
TCTAGCTAACTGAAAT,5
TCTATACTTGCATAAG,5
TCTATCAGATCTTTAG,5
TCTCAGTCAGTAAATG,5
TCTCGAGAACCAATAG,5
TCTCGCGCCCCCGTCA,5
TCTCGGAACGGATGCT,5
TCTCTAGCGCCGTAAC,5
TCTCTTAGCTCATCAA,5
TCTCTTTACCAGTGAC,5
TCTGACCGATTAGTAA,5
TCTTAAACGTGCTAGC,5
TCTTCTTGGCTGCCCA,5
TCTTTCCAACAATACA,5
TGAAAAAAGCCAAAGG,5
TGAAAAAGATTAACTT,5
TGAACCCAAACCCAAA,5
TGAACGAACGAATAAC,5
TGAACGAGTGCTGACA,5
TGAACTATTTACAACA,5
TGAAGGACGGAAAGAC,5
TGACACTTGAGAAATG,5
TGACCACACATAACAC,5
TGACCCTGTCAAACGA,5
TGACCGAGTGATGACA,5
TGACGACTCAACACAC,5
TGACGGTCACTTCAAC,5
TGACGTTGATACCGAA,5
TGACTACTCCAGACCT,5
TGACTCCTGCAAGTCG,5
TGAGAAACTTCCCACT,5
TGAGCCTCCGCTGACA,5
TGAGCGCTAAGACAGC,5
TGAGGACGCAAAATCA,5
TGAGGACTCAAAAATA,5
TGAGGATCGGGTAGGG,5
TGAGGCAACCACGATC,5
TGATAAAAATGGATCA,5
TGATAAACTTAACAGA,5
TGATGACCGCGCACAC,5
TGATGGCCACATTTTA,5
TGATGGTAGGTAACAG,5
TGATGGTTTACACCAG,5
TGATTATATAAAAATG,5
TGATTTTCCCCCCAAA,5
TGCACCACTTTTATTG,5
TGCATTACAGTGAACA,5
TGCCACGGTAGCCTGA,5
TGCCCATCCAAAGATC,5
TGCCCGTACAAAGATC,5
TGCGTCCAACCCTAGA,5
TGCTAAACCTATAATC,5
TGCTACCATCGTATAT,5
TGCTTCAGACGTGTTA,5
TGGAACCCAAACAAAT,5
TGGAGCGTAAAATTAC,5
TGGCCTCTAGAATACC,5
TGGCGTGATTCTCTAA,5
TGGCTAAAAAGCACAA,5
TGGCTTGAGGAGGATC,5
TGGGAAATCAAGAAAC,5
TGGGACACAGTACAAG,5
TGGGGATTATTTACCG,5
TGGTATTCTAAATACA,5
TGGTGAGTAACAAGCA,5
TGGTGCAAATAGCACC,5
TGTAAAAACGGACACT,5
TGTAAAATGTAGAGGA,5
TGTAACGGGAGAACTA,5
TGTAATAACTCAAATT,5
TGTAATAGCTCATAAA,5
TGTACAGGCCGAATGC,5
TGTACCTGCTACAATC,5
TGTACTAGTATCATAA,5
TGTAGACCTTGAAACA,5
TGTATCCCATAACAGT,5
TGTATTTGACAGCATA,5
TGTCCACAGAAAAAGC,5
TGTCCTGAAGAGCTTC,5
TGTCCTTGAACAACGT,5
TGTCGTATACCAAACT,5
TGTCGTTACCTCAATC,5
TGTGGGACATGAAAGC,5
TGTGTCCACTCATTAA,5
TGTGTCTATAAGAGAG,5
TGTTGGGAAAACTACG,5
TTAAAAAACCCGTTCT,5
TTAAACCATAGCACCT,5
TTAAATCGGCCGGGGA,5
TTAACATCCCTAACTG,5
TTAAGTGAACTAGCAG,5
TTAATAACGATGTAAC,5
TTAATGAGCAGGGGGG,5
TTACAAATACAAAAGT,5
TTACCAATCTAGTCAT,5
TTACGTGCGCTGTTCA,5
TTAGACACTCCACAAA,5
TTAGACCTATAGACGT,5
TTAGAGCTACGGATTA,5
TTAGCATATTCTTGGT,5
TTAGCGAGCCACGGTA,5
TTATAATCAGGACATT,5
TTATAGACTTAACCCA,5
TTATAGATATAATAAC,5
TTATAGCATAATCTAA,5
TTATGCACCAACAGAC,5
TTATTCTATAGTTTCG,5
TTCAAATCACAATTGC,5
TTCAATTGGTACATAA,5
TTCACCAAAAATAACT,5
TTCATTTAATCATTTT,5
TTCGTAGTTAACTATG,5
TTCTTTTCCCCCCAAA,5
TTGACTGATTTTCCTA,5
TTGATATAACATCGAC,5
TTGATCCCAGCATGGT,5
TTGATCCCGGCAGGGT,5
TTGATGTCTGAGAGAC,5
TTGATGTCTGCGATAC,5
TTGCCGGTGCAAGTGC,5
TTGCGGTGCACTGTAA,5
TTGCTCACCAGGAAAA,5
TTGGAACACATATCCG,5
TTGGATATGACCATGG,5
TTGGCACACATATACG,5
TTGGGACAATTGGACA,5
TTGGTACACATATCCG,5
TTGGTTTTTTTTACGC,5
TTGTAAAGCGTAATAC,5
TTGTCACACATATCCG,5
TTGTCATGTACTATCA,5
TTGTGAGTCACCAAAA,5
TTGTGTATAGAACATC,5
TTGTTTATAAAAGAAC,5
TTTAAATCCAAACTAT,5
TTTACCCCAGGATAAA,5
TTTACTATCCTACTAA,5
TTTAGGAGAACCCAAA,5
TTTATCAAAAAAAGTA,5
TTTATGATAAAACCCC,5
TTTATGTCCGTAAAGA,5
TTTATTAAAAGACTGC,5
TTTCAGGACATGCAGA,5
TTTCATTTAGCATTAC,5
TTTCCAAACCAACGGT,5
TTTCGAACACCAACGA,5
TTTCGGACAACTGCTG,5
TTTCTAACGTAACCTA,5
TTTGCCAAATGCCCAA,5
TTTGCGCGGCAAAACC,5
TTTGTCTTTTAAACAT,5
TTTGTGTGAGTGGTGA,5
TTTTCTTAACTGACAG,5
AAAAAACGAACAGGTC,4
AAAAAACTTGACTCAA,4
AAAAAAGGCTTTTGAA,4
AAAAAAGTTCGATAAC,4
AAAAAGTCATAATAGA,4
AAAAAGTTTTCTATTA,4
AAAAATGAGAAATACG,4
AAAACATATGGCTGAA,4
AAAACATGGAACAAGC,4
AAAACCAGAAGACCAT,4
AAAACTCTAAGCATTG,4
AAAAGAGATCACACAC,4
AAAAGATATATTATGC,4
AAAAGCTTCCGATCAA,4
AAAATCCCTAAACCAA,4
AAAATGTCCAATCAAA,4
AAACAACATACGAAAG,4
AAACACGATTCAAATG,4
AAACATTGAGACCACG,4
AAACCACCTATTAGAA,4
AAACCCTAAACCGCCC,4
AAACGAGATGTGAAAA,4
AAACGATTGTATCCGT,4
AAACTAGAAATAAATA,4
AAACTTGCATGACGAA,4
AAAGAACATCCATTCA,4
AAAGACGGATGCAGAA,4
AAAGACTATACAACAT,4
AAAGACTCTATTTCAT,4
AAAGATAGATCAACCG,4
AAAGCCAGCAATACCC,4
AAAGCCCCCTCGCTTA,4
AAAGGATTAGCAGCAT,4
AAAGGGAACGGTCCCT,4
AAAGTAAAGGATGTAA,4
AAAGTAGCGGCAGACT,4
AAAGTATACTCATCAA,4
AAAGTGTAGTGACTCA,4
AAAGTTGTTTGTATGA,4
AAAGTTTGTCCAATGG,4
AAATAAAAACATTGGT,4
AAATAACCACGATAAC,4
AAATAACCGCTGACCC,4
AAATACCGCTCTGAAA,4
AAATACTCAACACTAA,4
AAATACTGGCTAATAA,4
AAATATCAACGAAGTT,4
AAATATCAGCATTCGG,4
AAATCCAGCTCTGAAA,4
AAATCCCTCTCTGAAA,4
AAATGAGGAAAGCCAA,4
AAATGAGGAAATACAG,4
AAATGATGCTTTTTAG,4
AAATGTCCAAATGAGT,4
AAATTAATCATGTCAA,4
AAATTCTAAAATCTCT,4
AACAAAATTAAACATA,4
AACAACGCATATGCTG,4
AACAAGTTGCTGAAAG,4
AACAATCTTCAAATGA,4
AACAATTGGTAGTTTT,4
AACACCTACCCAGCAG,4
AACACGATTCTCCATC,4
AACACTCGCCCCCCTT,4
AACAGAATTATTCACC,4
AACATAGGCCGTATTG,4
AACATATGACAAAGGA,4
AACATCGAGAGATATC,4
AACCAAACAACAGTAT,4
AACCACAACATAGGTC,4
AACCACTTGATTCACT,4
AACCATCCAAACAACT,4
AACCCTCCTCCTAACC,4
AACCTCCAGGAGCGTA,4
AACCTGAAGTTCATAC,4
AACCTTCAGTTGAACC,4
AACCTTCCGCCTAACC,4
AACGAAAAGTGCTACC,4
AACGAAACGGGGTAAC,4
AACGCAAGTATCAAAG,4
AACGCCCTCTCAAGCA,4
AACGCGTTACAGGAAG,4
AACGTGCAATAGAAAT,4
AACGTTTAACTTCTTA,4
AACTAAATACCTAATT,4
AACTAATCAGCCAAGA,4
AACTATATATGACAGA,4
AACTCACTGGGGGCCG,4
AACTGAACAGTTACAC,4
AACTGGTGCGCGACAA,4
AACTTAATTAACTTGT,4
AACTTCAACTCTGCCA,4
AACTTCTTGGGATAAT,4
AAGAATTCACATATGC,4
AAGAGACTAAAGGAGA,4
AAGAGAGCTACGAGCC,4
AAGAGATAAAATATAC,4
AAGAGTAACCGAATCA,4
AAGATCAACATATACC,4
AAGATCAGACCCTTAA,4
AAGATCAGGAACACTT,4
AAGATGATTTTACTAC,4
AAGATTAGTAGGGGTT,4
AAGCAATAACGATTTC,4
AAGCACCTAGCACAAC,4
AAGCACGCCACAATAC,4
AAGCCTCAACAAAATC,4
AAGCCTCTCGAAAGCT,4
AAGCGGAATCAGGGAG,4
AAGCGTTTAACAAACG,4
AAGCTAGAAAACTTGA,4
AAGCTCTTACAGCTAG,4
AAGCTTAGTTTATTGC,4
AAGCTTGACAACAACT,4
AAGCTTGAGATTCAGA,4
AAGGAACGTCCCTGGT,4
AAGGACTAGTGCTAAA,4
AAGGAGAACCCCGCCG,4
AAGGAGGGATACCAGG,4
AAGGCATACTCAATAA,4
AAGGGAGAAAATTAAA,4
AAGGGGGCAATGCCTC,4
AAGGGTTCCCCGAACG,4
AAGTAAAAAACCAGTA,4
AAGTAAATGTCACATT,4
AAGTACATCTCAGACC,4
AAGTACGAATCACCAC,4
AAGTACTATGGCTCTG,4
AAGTATTTACTCAAGC,4
AAGTCCCTGACACATC,4
AAGTCCTCGGAAGGAG,4
AAGTGCTCAGCTGAAA,4
AAGTGGACTCATCCCG,4
AAGTGGCATCATCCCG,4
AAGTGGCCTCATACCG,4
AAGTTGTGCACGACAT,4
AATAAACAATGCTGCA,4
AATAAAGAGTACAATT,4
AATAACCAGCATAAAG,4
AATAAGAGGGCTGTTA,4
AATAATCAATCTCTCG,4
AATAATGTATAATATT,4
AATAATTTGGGGTTGA,4
AATACTCTCCGTCTTC,4
AATAGAACCTCTATCA,4
AATAGAGGAATAAGTT,4
AATAGTCTAAATGTTC,4
AATATACAACCACATG,4
AATATCAAACAGACTT,4
AATATGTATACTCTAA,4
AATATTCTCATACCAA,4
AATCAAATGAAATAAG,4
AATCACCAAATCCCTA,4
AATCATGTAAGCTCGG,4
AATCCCATGTAAGTTT,4
AATCGAAAAATACTAA,4
AATCGAAAATCTGTAC,4
AATCGTACAAAAAAAA,4
AATCTAGTCACCAGTA,4
AATCTATAATCTTAAG,4
AATGAAAAAGAGTGAA,4
AATGAAAACTCAATCG,4
AATGAAACCACTTTCA,4
AATGAACCATATAATG,4
AATGAAGGTAGTATGC,4
AATGAGCTAAACAGTA,4
AATGCATATTCCATAT,4
AATGCCAGTCGCCTCT,4
AATGCCTCTACGTACC,4
AATGGACCCGATCCCG,4
AATGGCGTACCGCCGC,4
AATGGTGAACAAACTG,4
AATGGTGACAGCTATC,4
AATGGTGTAATCTAAG,4
AATGTTCTATTTAAGG,4
AATGTTTAGCACTATC,4
AATTACTCAGCATGAA,4
AATTAGTCCTGCACCG,4
AATTATTACAGGCTCG,4
AATTCGAAAGTCAACA,4
AATTGAATCGGGGAAG,4
AATTGCCCGGGTGCCT,4
AATTTAGGCAAATCCA,4
AATTTCTCTATAAATT,4
AATTTGCCATTGTAAG,4
AATTTGCCGAGGTAAT,4
AATTTGTAACGACACC,4
AATTTTCACTACAACA,4
AATTTTGATCCAGACA,4
ACAAAAGAAACGTTTC,4
ACAAAATCTCAAGCAT,4
ACAAAGGCCCGTACAG,4
ACAACAGAACCAGCTT,4
ACAACAGAATGACAAG,4
ACAACCAACCAAGAGA,4
ACAACCCACGAGCTCG,4
ACAACCTCATAGCCAT,4
ACAACCTTTCATCAAA,4
ACAACGACTAGTGAAA,4
ACAACTACGCGAGGAA,4
ACAACTCAACATATCT,4
ACAAGAATGATACTAG,4
ACAAGAGTGAACTGAA,4
ACAAGATAGACTCGAC,4
ACAAGCGATAAAAGCA,4
ACAATAAAGTCTAACC,4
ACAATAACGTCTCAAT,4
ACAATAATTAAGGTCA,4
ACAATCAAATTTAAAA,4
ACAATTACTGAGATAC,4
ACAATTGAAGATAGAA,4
ACAATTTAACCCCCCG,4
ACACAATGTATGAGAT,4
ACACACCGAAATAACT,4
ACACAGTCAATACACA,4
ACACATAAAACTGTGC,4
ACACATTTATAACCAG,4
ACACCATGATCTTAAG,4
ACACCCCGATCTTAAG,4
ACACCCTTATCTTAAG,4
ACACGGGTTCACCTCA,4
ACACGTTTAACCAACA,4
ACACTACAAAAGACAA,4
ACACTCACCATAGGAT,4
ACACTCCTGCGCCTTG,4
ACACTTAAAATCACCG,4
ACAGACCTGCCTAATA,4
ACAGAGGAATCCTTCG,4
ACAGATCTAAGATTAG,4
ACAGCCTAATAATAGG,4
ACAGCGGAAAGTACAT,4
ACAGCTTCGGATATTC,4
ACAGGAACTGATGATA,4
ACAGGATGAGCAACAG,4
ACAGGCAGACCTATCC,4
ACAGTACCAGTCTGCA,4
ACAGTCAATGAGCTAT,4
ACAGTCCCTACCCGAC,4
ACAGTTCTTGATTTCC,4
ACAGTTGAGAGTCCGG,4
ACATAGGCGTGCGCGT,4
ACATATAACAATAATA,4
ACATATGAACTCGAAA,4
ACATCTTTTCGATATG,4
ACATGAAGATCAGTGT,4
ACATGACCTTGCAAAA,4
ACATTAGCACGGCCCG,4
ACATTCAAGGATTAAA,4
ACATTCCCACTGCACT,4
ACATTCCTCTCGGACA,4
ACATTGCAGCATTTCA,4
ACATTTAGTATTCGGA,4
ACCAAACTCTAACACA,4
ACCACAAGTTTCTGAA,4
ACCACACCTTCTGTTT,4
ACCACAGGCACGCGCA,4
ACCACCCGAACCAACA,4
ACCACTCAAGCACGCC,4
ACCAGGAATAAACAAT,4
ACCATAGCCAAGAAAA,4
ACCATCGCTATGCCAA,4
ACCATGGGATTCTGCC,4
ACCCATCGAGGAATAA,4
ACCCATTAAGTTGCAG,4
ACCCCAACTCTCTCAC,4
ACCCGATCGTTCAGAG,4
ACCCTACGAATATCGT,4
ACCGAGTTGAAGGGTC,4
ACCGATTGGTTTACTG,4
ACCGCCTCATGAGACA,4
ACCGCGCATCGTCTAA,4
ACCGGAACCAAGAAAG,4
ACCGGAAGACAGTCTG,4
ACCGGACAAAGGTGAC,4
ACCTAAGAAAATACCA,4
ACCTAATAAATGTATT,4
ACCTAGCCACAAAGAC,4
ACCTATCTGCCATGGC,4
ACCTCAATGGAACGAG,4
ACCTCCGACCTGTCCA,4
ACCTCTTATAATCTCA,4
ACCTTACCAAACGAGA,4
ACCTTACTGCAATACG,4
ACCTTTATTTAAAGTG,4
ACCTTTCATCGTGTTA,4
ACGAACCCCCCACGTC,4
ACGAATAACCTACCAA,4
ACGAATGAAATACTAC,4
ACGACGTGAAAAACAT,4
ACGACTGTACGAGTAC,4
ACGAGACAGTGCCAGT,4
ACGAGACCCCATTACC,4
ACGAGATCATAGACAG,4
ACGATATCTAATGTCT,4
ACGCAACGCAAAAAAC,4
ACGCACTCGAAGAACG,4
ACGCAGTCCAATTACC,4
ACGCATCGATAATATG,4
ACGCATGCTGTTCAAA,4
ACGCCACGAACCACGC,4
ACGCCCGATCTGACAA,4
ACGCCGGTGATAACGA,4
ACGCCTCTAGAATACC,4
ACGCCTGTACGATTAC,4
ACGCCTGTACTAGTAC,4
ACGGAAACTCCCCATA,4
ACGGAAATTAGGCATT,4
ACGGAGAACCCCGACG,4
ACGGATAATGTCTAAC,4
ACGGCCACCCGTGAGT,4
ACGGCTTGAGGACCCA,4
ACGGTAGCACTAATGT,4
ACGGTCAAACGGACAG,4
ACGGTGATATAAAGGG,4
ACGTACTATGGATCTG,4
ACGTACTATGGCTATG,4
ACGTAGAATCTTAACA,4
ACGTAGCGTCCAGTTT,4
ACGTCTTATTGTTGTA,4
ACGTGATGCCTGATAT,4
ACGTGTGTAAGGATCT,4
ACGTTCATCTTACAGC,4
ACGTTCCCAAATAACA,4
ACTAAAAAAGACAAAG,4
ACTAAATAAGAAATCT,4
ACTAACAAAAGGCACA,4
ACTAAGCCGGGGACCA,4
ACTACATAGAAAAATC,4
ACTACATTTATATAAT,4
ACTACTCCGGTGGCAT,4
ACTACTCGCAAAGCAC,4
ACTACTGGCAGCGCGC,4
ACTATGGACAGAATTC,4
ACTATTCAAAAAAATA,4
ACTCACAGCCACATTT,4
ACTCAGACCAAAGTTT,4
ACTCATACAAATGGCA,4
ACTCCACTGATCCTTA,4
ACTCCCAAAGGTAGTT,4
ACTCCCTGAGAAAACC,4
ACTCCTCAAAGGATTC,4
ACTCCTCTAATGAGGC,4
ACTCGCTTGGCTAGAA,4
ACTCGTAATTGATAGG,4
ACTCGTGGCCGCAACA,4
ACTCTAAGTCTACTAA,4
ACTCTATCTAATGTCT,4
ACTGAAAACAGCATAA,4
ACTGAAAGATAAGAAT,4
ACTGAATATTAATTAA,4
ACTGACTAACCTACAA,4
ACTGATATACTTGAAA,4
ACTGCCCCCATAGAAA,4
ACTGCGAGGGCGCCCA,4
ACTGCTAATTAAAAAT,4
ACTGCTTGCACGAACA,4
ACTGGAAATCTCCCCC,4
ACTGGATTGTTCACAA,4
ACTGGTATAGAACCCC,4
ACTGTTGAACCCTTGG,4
ACTTACAAAAAATTTT,4
ACTTACGCCAAAAGGA,4
ACTTAGGCGTTGTAAC,4
ACTTCTCATACACTGA,4
ACTTGCCCCAATTGAT,4
ACTTGCTTTTCGAAAA,4
ACTTGGAGATCTTCTC,4
ACTTTTCCTACACCAA,4
AGAAACAACACTCTAG,4
AGAAACACTCATTTCA,4
AGAAATTATTTAACCT,4
AGAACAACAACCGTGT,4
AGAACACATTATCGCA,4
AGAACATGCGCTCTCA,4
AGAACCGGATGTTAGA,4
AGAACGCTAAGCATTG,4
AGAAGATCTATTTATG,4
AGAAGCGATTCGCTCA,4
AGAAGTTCTAGTTAGA,4
AGAATCGTCCTGCCGT,4
AGACAACAAGAACTAA,4
AGACCACATGAAGACT,4
AGACCATGTCAAACGA,4
AGACCGAACCAACACG,4
AGACCGTCGCAACCTA,4
AGACGAGGTGCTACCG,4
AGACGCAATGATTCAC,4
AGAGAAACTTACCACT,4
AGAGAGTTTTAGGTCG,4
AGAGCCCGACAAGAAG,4
AGAGCGGAGTCAGTGT,4
AGAGGGATGCCATTAA,4
AGAGTTAACCTAAAAA,4
AGATAAACGACACAGG,4
AGATAATAAAGCCAAG,4
AGATAGTACAAGAGCA,4
AGATCACAAAACACCC,4
AGATCCGAACTCAGCC,4
AGATCGAGTTGATACC,4
AGATCTAACTTAAAGC,4
AGATGAAAGACACCCC,4
AGATGGCAACATTTTA,4
AGATGGCCGCAGTTTA,4
AGATGGTACCAGAACG,4
AGATGGTCACATTTTA,4
AGATGTCAGAACATAT,4
AGATTCTCCCCTAATT,4
AGATTGCATAGCATAA,4
AGATTTAGGAGCCTAA,4
AGCAAAAAAAAGATCA,4
AGCAAATTTCATATGG,4
AGCAACAAATAGCTAC,4
AGCAGCCGTATATAAC,4
AGCAGTACTGTGCTAT,4
AGCATCTTCCTGCCGT,4
AGCCACAAAATACTCC,4
AGCCCCTGACGCTTAT,4
AGCCCGTCAATATGGT,4
AGCCCTTGGCAGCGCG,4
AGCCTACCGAAGGCAC,4
AGCGATATTTCAGCAA,4
AGCGCAAATTAGTCCA,4
AGCGCAGCAGCTAGTT,4
AGCGCGAAACATTTAT,4
AGCGCTCAATATAATT,4
AGCGGATTGGCCGCCA,4
AGCGTACCCTGGACAA,4
AGCGTCAAATGGTACA,4
AGCGTCGAAGTTACAT,4
AGCGTCTAGGATATAC,4
AGCGTTACCAGGGTCA,4
AGCTAATAATTTAGCC,4
AGCTCGGACTAAACCG,4
AGCTGGTGTATAAATA,4
AGCTTTAGCCGCTCAT,4
AGGAAACTAACCTCAA,4
AGGAATAAAGCATCTT,4
AGGAATAAATAGTTGT,4
AGGACACAGGATACCC,4
AGGACACCGACCCGAG,4
AGGACAGTGCACTCCT,4
AGGACATGAGATTGGA,4
AGGACCAGAAAACTAT,4
AGGACCCGGAAACTAT,4
AGGACCTTTGCAAGTA,4
AGGACGAAAGCTTGAC,4
AGGACTACGGGCCCAA,4
AGGAGCACAATAACAT,4
AGGCACGACAACTGGT,4
AGGCAGCGACCAGACG,4
AGGCCCTGTCAAACGA,4
AGGCCGTTTATCTCAA,4
AGGCCTTAAGCAATTA,4
AGGCGACATCTATAAA,4
AGGCTATATGTTAAGA,4
AGGGAAGACCGATAGC,4
AGGGATTACTGAACTT,4
AGGGCCATAGACAAAC,4
AGGGGCAAAGGTACCA,4
AGGGGGCCACTGAGTG,4
AGGGTCCCAATCTACC,4
AGGGTCCGATCCTCGC,4
AGGGTTACCACCGATT,4
AGGGTTTACGGAAAGG,4
AGGTCAACCCCTATTC,4
AGGTGCTGGCCACATC,4
AGGTTAGTCAACTGAT,4
AGGTTGACCAGTGAAC,4
AGGTTGAGCACTACGC,4
AGTAAAAAAGATGGCC,4
AGTAACGGGTGGGTAG,4
AGTAAGAAATAACTGA,4
AGTAAGGATGTGACTA,4
AGTACCCGAAAACTAT,4
AGTACTAAAGCATAGC,4
AGTACTAGATAATGAA,4
AGTACTCGACCCCGTT,4
AGTAGACTCCCTCCAA,4
AGTAGATTCCCTCCAT,4
AGTAGCCTTATCCCTC,4
AGTAGGGGTCTAGGCT,4
AGTAGTTCATCTGCAA,4
AGTATCAATTTTTAAT,4
AGTCACGCACGTCCCC,4
AGTCACTAAACCGGCG,4
AGTCCAAGCACTAAGA,4
AGTCCAATCAGCCAAT,4
AGTCGAGTACCGACCA,4
AGTCGAGTGTTTCAAA,4
AGTCTACTACTGGAGA,4
AGTCTTTCAAAATGCC,4
AGTGAAAACACTTTTT,4
AGTGACTTACATGAAG,4
AGTGCCATCAGTCTAC,4
AGTGCCTTTGCAAGTA,4
AGTGGTGAACCCTTGG,4
AGTTAAATGCTCTTGG,4
AGTTCAAACACTTCTT,4
AGTTCACACGAGCAAA,4
AGTTCCTGTTAGCCGA,4
ATAAAAAAGTGCTCAT,4
ATAAAAACCCAGGTAA,4
ATAAAAACCTCGTATC,4
ATAAATCAGAACGTAA,4
ATAAGAAACACGAGCC,4
ATAAGATTCGACTAAC,4
ATAAGCGTGCTACAAT,4
ATAAGGCAAGTTCCAT,4
ATAATACAACCAGCAA,4
ATAATACACTACATTG,4
ATAATTAGTTACATAA,4
ATACAAGGATTCAGTT,4
ATACAATTAACTAGAA,4
ATACATATCACCGGCA,4
ATACCAAGCAGCCGGT,4
ATACCAAGCTCAATGT,4
ATACCACATTAAATTC,4
ATACCGGCGGCTACGC,4
ATACCTCTAAAATCAT,4
ATACGAAAATCGAGTA,4
ATACGACCATACTGCG,4
ATACGCACTTGGGCAC,4
ATACGGAATACATGTG,4
ATACGGGAAAATACTT,4
ATACGTCAATCCCATC,4
ATACGTGAGTCGAGAC,4
ATACTTAAGCTTGGAA,4
ATAGAAACTTCCCACT,4
ATAGAGAACCAATAAT,4
ATAGATCCTAGTGCAC,4
ATAGCGTAACAAACTA,4
ATAGGATAAACGTTGG,4
ATAGTGATTAACCTTC,4
ATATAAAAATATTTGA,4
ATATAAGACAAGCGGT,4
ATATAAGAGAAGTGAC,4
ATATAAGTAACCTCAG,4
ATATACTATTATCTCC,4
ATATAGACACGTGAGC,4
ATATAGGAAATATCTA,4
ATATATACATGCATCA,4
ATATCAAAATTTGTTA,4
ATATGATCGCTTAACA,4
ATCAAAAAAAGGAAAA,4
ATCAAGAAACGCATAC,4
ATCAATTGGTACATAC,4
ATCACAAGCCCTATTG,4
ATCACATTTTTATACA,4
ATCACCTTAACACGAT,4
ATCACGCAACTTAAAT,4
ATCACGGCAGCTCGTA,4
ATCACTATCATACACT,4
ATCAGCCGTTGTTGAT,4
ATCAGCCTATAAACAA,4
ATCAGCTCATTACCTG,4
ATCAGTTGTTTAACCG,4
ATCCAATAAAACACAC,4
ATCCACATCTGATGAA,4
ATCCACGGCCTCCCCA,4
ATCCACTGAATTCTTC,4
ATCCAGTACGTCCGGC,4
ATCCATTACTGGAATA,4
ATCCATTATACCCTCT,4
ATCCATTCTTCTAGTT,4
ATCCCCCTCATAAGGT,4
ATCCCGAACCTCATCA,4
ATCCCTATAACCAAAC,4
ATCCGATAAAAAACAC,4
ATCCGATCCACGTTCG,4
ATCCGATGGAGTAGAG,4
ATCCGCCTAGCATTAT,4
ATCCTAACAATTAGAG,4
ATCCTGTTACCTCAAG,4
ATCCTTTCATGGATTA,4
ATCGATTCCAACCCGA,4
ATCGATTTAGACATGA,4
ATCGCGCATACTAATC,4
ATCGCGTCACAACGAC,4
ATCGGGAGCAAAGCTC,4
ATCGTTACAAGTCACT,4
ATCTAAAAAAAATTTT,4
ATCTACACAAGAAGAG,4
ATCTACTGTAGAGCAA,4
ATCTAGCGCGATCTCA,4
ATCTATGACTAAATGA,4
ATCTCGATAATAAAAG,4
ATCTGATAAAACACAC,4
ATCTGCCTGTATAAGC,4
ATGAAAAATCCTGAAT,4
ATGAAAATCCCCTTTT,4
ATGAAATAGGTATAAC,4
ATGAAATTCGATAGAA,4
ATGAACGCTAGGCACG,4
ATGAACGGGACTACGT,4
ATGAAGAAAGACCACC,4
ATGAAGACATACCACC,4
ATGAAGACGGACCACC,4
ATGAAGGGCATTTGAA,4
ATGAAGTACTGCTATC,4
ATGAATCTGCACACTG,4
ATGAATTACGCTCGTA,4
ATGAATTCCTCCTACA,4
ATGACATTAGAATCCA,4
ATGACCAGGATAGAAT,4
ATGACCATGCGTCCTC,4
ATGACGAAATAACGGT,4
ATGAGAACAATTCATT,4
ATGATCTACGCCCAAT,4
ATGCACTCAATGACTA,4
ATGCATCCGACAAATA,4
ATGCATGAAACCACCC,4
ATGCGAGTGGACGAAG,4
ATGCGCCCCTCGAAAA,4
ATGCGTCAGTGCTATT,4
ATGCGTTGAGTTACAC,4
ATGCTGACACTGGATA,4
ATGCTTTGGTACACTA,4
ATGGAAAAGACTTTCC,4
ATGGAACAACCAGATT,4
ATGGACATACAATGAA,4
ATGGACTCATAAAAAA,4
ATGGCAGCTGATATCA,4
ATGGCCACCTGCGAGT,4
ATGGCCGCACGTTCAC,4
ATGGGCTAAGATACGA,4
ATGGGTGCAACATCAA,4
ATGGGTTTAACAGAGG,4
ATGTACCGCCCTATGG,4
ATGTATACCATCTTAC,4
ATGTATCATAAATAAA,4
ATGTCAAATTTTCCTT,4
ATGTTACACTATACAC,4
ATGTTGCTAAATGAAG,4
ATGTTTACATAAGACT,4
ATTAAAGGAAGTCGAT,4
ATTAACAAGGAGACTA,4
ATTAACCCCATAAAGC,4
ATTAATAGTTGAAACA,4
ATTAATCTAAAGGCCC,4
ATTAATGACTAAAAAA,4
ATTACCCCCGGATAAA,4
ATTACTATATGATATT,4
ATTATAAATTGGACGG,4
ATTATACCCGGACACT,4
ATTATCGAACAATACC,4
ATTATGCTCAAATCCA,4
ATTATTAAAAAGTACC,4
ATTATTAGCAATAATT,4
ATTCAACTATCAGAGC,4
ATTCAATTAAGTGGAC,4
ATTCCAAGTACTACTT,4
ATTCCCTCAACCCAAA,4
ATTCGGGACATGCAGA,4
ATTGACCATGATATAC,4
ATTGACTCACAGGCCA,4
ATTGCCACACGTTCCT,4
ATTGGCAAGTTAATGA,4
ATTGGTGAACCCTTGG,4
ATTGTATTGCCGTTCC,4
ATTGTTCGGATCACCT,4
ATTTAAAAAGGTGCTA,4
ATTTACCATGATATCC,4
ATTTACCGACTTCAAT,4
ATTTACGAGAAAGTTC,4
ATTTATCAAAATAAAG,4
ATTTCATAGCATCCCT,4
ATTTCATGTGTAGATG,4
ATTTCTGGAGAGCAAG,4
ATTTGCAATCAAACGA,4
ATTTGTAGCCAATGTC,4
ATTTTATCATTGATCA,4
ATTTTATGAAAAAATC,4
ATTTTATGGTTTCTAA,4
ATTTTCAAGTTAACCA,4
ATTTTGGAGCTACCCT,4
ATTTTTTCAGAAGAAT,4
CAAAAAAAACAATGTA,4
CAAAAGACAGAGTGAC,4
CAAACATCTTGCGCAA,4
CAAACGCACGTAAAAT,4
CAAAGACGACGCTTGA,4
CAAAGCGGTACTATCG,4
CAAATACCAACCAATG,4
CAAATCTAACGTAAAT,4
CAAATCTCAACAGGCA,4
CAAATTGGAAAACACA,4
CAACAAAATCACTACA,4
CAACAAAATCGTCATA,4
CAACAATCGTAACAGC,4
CAACAGACCCATCTCG,4
CAACAGCTCAATATAT,4
CAACATGTAAGCTCGG,4
CAACCAGCACCCCGCC,4
CAACCGCTTTAGAAAA,4
CAACCTAAAGCCACTT,4
CAACCTAAATGGATCC,4
CAACGTACTCTATCCC,4
CAACTAAAGTACATTA,4
CAACTGCAAGATAGCG,4
CAACTGCAAGATCGAG,4
CAACTTAACATAATCG,4
CAACTTCAAGATCGCG,4
CAAGAAAAACCACAGT,4
CAAGAAAGTGTAAACT,4
CAAGACCTTATCACTT,4
CAAGACGCCATCCGGC,4
CAAGACGGACTGAGTC,4
CAAGACGTTTAAAAGA,4
CAAGCAACAACCAAGG,4
CAAGCATCATACAACT,4
CAAGCCATCTTGACTA,4
CAAGCGACAGGCTTCC,4
CAAGCGACGGGCTTCC,4
CAAGCTCACACCCTTT,4
CAAGGGAGCCAATGTA,4
CAAGGGCGGCAAGCAG,4
CAAGTTAACGCATACT,4
CAATAAAAAACAGAGT,4
CAATAAGATAGCAAGC,4
CAATAATCCTATTGGC,4
CAATACGTGAGACCCA,4
CAATAGAGATACGGCA,4
CAATAGCATAGTGCCT,4
CAATAGTGAATTAAAG,4
CAATATAACGTCAAAA,4
CAATATATCTACTTGC,4
CAATATGATTAACATC,4
CAATATGCGAGCGATC,4
CAATCGCGTATTAACT,4
CAATCGTTGACAACTT,4
CAATGAACGGGATTGG,4
CAATGAGGAAAGACAA,4
CAATGGGTTTTCTTCC,4
CAATGTAGAGAACAAA,4
CAATTCCCAAAGTCAA,4
CAATTTACGTTTAGCT,4
CAATTTCAGAGGTCGC,4
CAATTTCCACCCCACA,4
CAATTTTCACCATTTT,4
CACAAGAGCAAGGTAC,4
CACAATAATGATTGGA,4
CACAATCTTAGCCCAA,4
CACAATTAAGGGGCAA,4
CACAATTGGCTACATG,4
CACAGCCGACTTATAT,4
CACAGCCGCCATATCC,4
CACATCAGCGTCCCCC,4
CACATCTATGGAGGTC,4
CACATGTGCCAACAAA,4
CACCACTGAAAATTGA,4
CACCAGACCGGCATTG,4
CACCAGCCAACTTACA,4
CACCATACAAACAACT,4
CACCATCTTCAAAGGA,4
CACCGTAATCGGAGGA,4
CACCGTCTTCATGGCC,4
CACCTTCGTTATTAAA,4
CACGAAAACCTTAAGA,4
CACGACCAGTCAGATT,4
CACGACCTAATTACAC,4
CACGATACGGCCCACA,4
CACGTGCCTGCCGTCT,4
CACTAAAATGCATGCA,4
CACTAAATCCTAGGTT,4
CACTAGATGTGCCCTA,4
CACTAGCTGTGACCTA,4
CACTAGCTGTGCCATA,4
CACTCATTCCCCCAAT,4
CACTCCCCAAACCCAC,4
CACTGACAAAAAAAAT,4
CACTTGAGAGCATAGA,4
CACTTGTTAGAGCCAA,4
CAGAAACATCAAGTCG,4
CAGAAGGAACCACGAC,4
CAGAAGGCAATGGCAC,4
CAGAAGTATTGAGCCC,4
CAGAAGTGGGTGGCCA,4
CAGACAACGACGGCCA,4
CAGACAAGAGAAATAC,4
CAGACATACCAACTAA,4
CAGACCAATCCTTCTA,4
CAGACCTGTGAACTGC,4
CAGAGTAAAACTTAAA,4
CAGAGTAGATCACACG,4
CAGATGCGTCCGTTCA,4
CAGATTCTAATCCATT,4
CAGCCTCAAATTCCAA,4
CAGCCTCTGGAAAGCT,4
CAGCGCAGATATTCAT,4
CAGCGGCAACACCTCA,4
CAGGAACCGCAACAAT,4
CAGGATCACTGTAATT,4
CAGGGAAAACGCTACA,4
CAGGTATACAGCCTCG,4
CAGGTATGAAGCCTCG,4
CAGTAGAACACCCGAC,4
CAGTAGACAAATTTCC,4
CAGTATGTAATGATCA,4
CAGTATTCGATCATTA,4
CAGTCGAACACCAGAC,4
CAGTCTGTAAAACATA,4
CATAACGATCTCCCTC,4
CATAAGGTCTTGAGTC,4
CATAATAAGTTCTGCA,4
CATAATCAAGATACCT,4
CATAATCTAAATCGTC,4
CATAATTGATGGGGAC,4
CATACAAAAATCTTGT,4
CATACATTCCATAACC,4
CATACCAACACGAGTA,4
CATACCTTACGCTGTC,4
CATACTAAATAATAAC,4
CATAGAATAAATGACT,4
CATATAAAATAGTCAA,4
CATATATGTGTTCAGA,4
CATCAGCTGCAGATGA,4
CATCCATCACCGAATC,4
CATCCTCAAATCTCCA,4
CATCGAATTTGATATG,4
CATCGACCCAACGAAA,4
CATCGGGACTATGACA,4
CATGAAAAAGGGATAG,4
CATGAGTATTCCAGAT,4
CATGGAGGAAAATTAT,4
CATGGCTTTCCCAAAC,4
CATTAATTAATCAGAA,4
CATTACATGGCCTATT,4
CATTACCTATTGCAAA,4
CATTACTAAAAATGTG,4
CATTAGTTATATAACA,4
CATTCAAATTTTAAGA,4
CATTCACTCAGCCCAC,4
CATTCGTTTATCATCA,4
CATTTAATGACGCACC,4
CATTTAGGCCCGGACT,4
CATTTATTCTCAACTA,4
CATTTGGTGATCATAT,4
CATTTGTAGCGACACC,4
CATTTTTAACGACACC,4
CCAAAATTCCAACTGA,4
CCAAACTGGAAAACCT,4
CCAAATGAAATAAAAT,4
CCAAATGACTTCAGCC,4
CCAAATGTTGAGAACA,4
CCAACAATTCCAATCA,4
CCAACACCGTGAAACA,4
CCAACCCCGATAGAAA,4
CCAACCTTTAAAAAGA,4
CCAACTAGTGGCTAGG,4
CCAAGACCAAGCAGTA,4
CCAAGCTAGGCAGCTG,4
CCAAGCTGCCCGACTA,4
CCAAGCTGCCCTACGA,4
CCAAGGCAGGTTTAAT,4
CCAATCCAAACCTTAT,4
CCACAATGAAAGAATT,4
CCACAGGTTCTATAGA,4
CCACAGTAATAATCCA,4
CCACAGTACCCAAACT,4
CCACATCCAAACTACC,4
CCACCAAATGATATAA,4
CCACCCATTGTTGGCA,4
CCACCCTTTACACAGC,4
CCACCCTTTTCACAGC,4
CCACCGAGTTCAGTCA,4
CCACGGGTACACAACA,4
CCACTACCGCGACTGC,4
CCACTCATAGCGAACC,4
CCACTTGGCCCTAAGG,4
CCAGAGACACAGTAAT,4
CCAGCCAATTCACGAT,4
CCAGGAGTTGGATTTA,4
CCAGGCAAAGACATTA,4
CCATAACAACTCAATC,4
CCATATAATATTCTGT,4
CCATCCACCCTGTTAT,4
CCATCGATAAGCAACT,4
CCATCTCGAAGAAACT,4
CCATGGTACAGGACTA,4
CCATGGTCAAAAAAGG,4
CCATGTACTAATCATA,4
CCATGTATACAATTTG,4
CCATGTTAAAGATAGC,4
CCATTAAAACCCCAAA,4
CCATTGGGCAATGAAA,4
CCCAAACAAGACATTG,4
CCCACGTTTTAACCTC,4
CCCAGCCTATGCGCTG,4
CCCATACGAAAAGTCT,4
CCCATTTGAATTCGCT,4
CCCCAGACCATCTACC,4
CCCCATAAACAATCTT,4
CCCCATCTTCAAAAAA,4
CCCCCCCAACAATGTG,4
CCCCCCTAATATAGAT,4
CCCCCCTAATGAAACT,4
CCCCCCTAATGAAATC,4
CCCCCCTAATGAGACC,4
CCCCCGAGGTAAAGAT,4
CCCCCTTAATGAAACC,4
CCCCGCTAATGAAACC,4
CCCCTCACTGCAAGTG,4
CCCCTCAGTATCTTTA,4
CCCGAAAACACACCGA,4
CCCGAAATCATAATAC,4
CCCGACCTTTAAGTAC,4
CCCGATACGTCCCACA,4
CCCGATACTGCCCACA,4
CCCGATCAAAATAAAC,4
CCCGCAACTTTTGAAT,4
CCCGCAAGAAGAACAA,4
CCCGCTTTAGACGTGA,4
CCCTAGGGGAACGGTA,4
CCCTCATCATCCACTC,4
CCCTTGAATGGATATC,4
CCCTTTTGAGGTTTCA,4
CCGAACAATAAACAAG,4
CCGAAGGTGGCTTCAA,4
CCGAAGTTAGCTTCAA,4
CCGACCACACAAAAAA,4
CCGACCCAACCAGGAA,4
CCGACCTCCATCAATC,4
CCGACGGCTATAGTAC,4
CCGACGGGTCTTGATC,4
CCGACTCACTTTAGTC,4
CCGAGGCGGAGGCTTA,4
CCGATATACCACACAC,4
CCGATCAGCGTTTGTG,4
CCGCACAACTTAGTAT,4
CCGCCCCAACCATGAA,4
CCGGAAAACATCACCT,4
CCGTAGGAATCATGTA,4
CCGTATCCTCAAAGAA,4
CCGTGAATGCGCAAAG,4
CCTAATTTTCCAAATT,4
CCTAGCCCCTTTTTTC,4
CCTATATAACTTAACA,4
CCTATTTGTAACAGGT,4
CCTCACAACGGCTCCA,4
CCTCACATTATGATAC,4
CCTCCGAGCAAGATCC,4
CCTCCGAGGATGTCAA,4
CCTCCGCCACTGGACC,4
CCTCCGTCACTAAAAA,4
CCTCTTGATCCCATAT,4
CCTCTTTCGGACGTAC,4
CCTCTTTCGGCCATAC,4
CCTGAAAAAAAAAGAC,4
CCTGATCCGACAAGCG,4
CCTGATGAAATAATAT,4
CCTGATGATGGAATCC,4
CCTGCCAACCTCCCAC,4
CCTGCCCAAAGACCCG,4
CCTGCCCAACGACCAG,4
CCTGCCCAACGACCCT,4
CCTGGTAGATAACACA,4
CCTGTGTACAATAGCA,4
CCTGTGTACGATAGAA,4
CCTTAGCCTCAAAGAA,4
CCTTATCAAAATAAAC,4
CCTTCCCGTCATAAGG,4
CCTTCGCCAATAATTA,4
CCTTTTTCCCGTCAAA,4
CGAAACAACACACACC,4
CGAAACGGCCCCCGTT,4
CGAAAGTGAATTAAAG,4
CGAACAACGGGCCCAA,4
CGAACAGTAAAAGCGT,4
CGAACGCCTTACGCTA,4
CGAATAATGGTTCCTT,4
CGAATACACTTGACAT,4
CGAATCCAAGTGTACC,4
CGACAAAATTCAACGT,4
CGACATCTAAACAAAA,4
CGACCAGGGATTCCTC,4
CGACCCCCGATCACAT,4
CGACCCCCTTGAATGT,4
CGACCTGTACATCAAA,4
CGAGAATGAAATAAGT,4
CGAGATATGAAATCGC,4
CGAGATTCACTGAAAA,4
CGAGCCTTGTGATTGA,4
CGAGGATTAAAAGGAA,4
CGAGGCACACCTGAGT,4
CGAGGCGTTTACACTA,4
CGAGTGTGTAAACACT,4
CGATAGGAATTCGAGG,4
CGATATACCATGTCCT,4
CGATCCTATGCACATA,4
CGATTGAGTTCATAGG,4
CGATTGTACCAGAACG,4
CGCAAAAGATTAACTT,4
CGCAACTGGATCTATG,4
CGCAACTTATATCAAT,4
CGCAATCGGCGTACAG,4
CGCAGGCTACAACCTT,4
CGCATGACGTCCCTCG,4
CGCATTTACGAACGTA,4
CGCCACGCTTCATACA,4
CGCCCCCATGTTACCT,4
CGCCCGAATTGCCTCG,4
CGCCCGACTTACCTCG,4
CGCCCGACTTTCCTCG,4
CGCCCTATAGACAAGG,4
CGCCCTTGGAAGCGCG,4
CGCCTTGATTATATAT,4
CGCGTATTAACATACT,4
CGCTAAAACGCGCTGG,4
CGCTAAATAACTGATG,4
CGCTCATACTTCCAAC,4
CGCTTACCGAGGCACC,4
CGCTTATATGCTACAA,4
CGGAAACCGTTCGAGC,4
CGGACAAGCGTGCAGA,4
CGGACACTCGTATAGG,4
CGGACATAGTATAAGA,4
CGGACCAATAATCATG,4
CGGAGAATGGTATAAC,4
CGGAGTGTACACGCGA,4
CGGCATTAAACCCTGG,4
CGGCGATGACACAATG,4
CGGCTAATTAAAACCA,4
CGGGAACCGCACCCAT,4
CGGGAATGTAATGGCA,4
CGGGAATGTACTTGCA,4
CGGGTTTATCGAAGAG,4
CGGTATGCAATGATCA,4
CGGTCACGGACTTACG,4
CGGTTCTAAGTAAGGC,4
CGTAAATGAAGTGTGG,4
CGTAACCGAAAAAAAA,4
CGTAACCTAAGACCCA,4
CGTAACGGAAATTAGT,4
CGTAATACTATTATCA,4
CGTAATTCTAGGCAAC,4
CGTAGAACTCAACTGA,4
CGTATAAATTGACTGA,4
CGTATCAATTAAGCAC,4
CGTATGAAAAAGTAAG,4
CGTCCTCATATAACAT,4
CGTCTAACAACATTCA,4
CGTCTCCGCCATCATT,4
CGTGAAGGCATTCTAT,4
CGTGAGCACAAACTAA,4
CGTGGCGTTTGCACTA,4
CGTGGGGTTTACACTA,4
CGTGTATTCGCATTGT,4
CGTTCATCGCACCTAA,4
CGTTCTGATTAAAGGA,4
CTAAAAAAAAATCACC,4
CTAAAAAATAGAGTGG,4
CTAAAAGTGACTTAGA,4
CTAAACTACTTTCTAC,4
CTAAAGCGAATTAAAG,4
CTAAAGTCAATCCACA,4
CTAACGATTGTATTTT,4
CTAACTAACTTACTAA,4
CTAAGCAAAATTGATT,4
CTAAGCCTATAAACAA,4
CTAATAGTTGGGTGGC,4
CTAATCACTTATAACG,4
CTAATCCGCTACCTTG,4
CTAATCTCTTATAACG,4
CTAATCTGTTAACATA,4
CTACAAGAATGTAGTT,4
CTACACAATCCCTTTT,4
CTACATGTCAAGATCT,4
CTACCAACGTACAAGA,4
CTACCACACAAGAAAA,4
CTACCACTCCATGTCC,4
CTACCCCACACTACAG,4
CTACGAATCTTAAGAC,4
CTACGCACCTTCTCTC,4
CTACGCATACAATGAG,4
CTACTGAGGACATACT,4
CTAGAATATTGACGGC,4
CTAGCACACCCTACAC,4
CTAGCCAACCCTACAC,4
CTAGCCCACACTACAC,4
CTAGCCCACCCCACAC,4
CTAGCCCACCCTACAA,4
CTAGGACATTAAAAGA,4
CTAGGGGGTTTCCCGA,4
CTATACCACTTCGTTA,4
CTATACTATACAGTTA,4
CTATATGAGCAGCGTA,4
CTATCCAAATAGACAA,4
CTATCCACGCTCCTTA,4
CTATCGGAATTCGAGG,4
CTATGACTACAATTGA,4
CTATGATCCATAACTG,4
CTATGCACACATCATC,4
CTATGCCACAGTTATA,4
CTATTACCTCCAGAAC,4
CTATTTACCAGCCTTA,4
CTCAAATACCGACGGA,4
CTCAAGGAAGTGCTAC,4
CTCACCCTAATACACT,4
CTCACTACCTAACAAA,4
CTCACTCACGGTCTAC,4
CTCAGTGCGTCGACAT,4
CTCAGTTAAGATCAAC,4
CTCATAACAATACGGC,4
CTCATGAATCTAATGT,4
CTCATGGAAGTATAAA,4
CTCATGTACCGCTTTA,4
CTCATTGATAAGAGAT,4
CTCCAAAAGCCGATAG,4
CTCCAACGGGTCCATA,4
CTCCACATCTTATGAA,4
CTCCATAACCCCTGAT,4
CTCCATCACTCAAATT,4
CTCCATTGAATTGGGT,4
CTCCCTAACCCCTGGT,4
CTCCCTCATTATCGCA,4
CTCCCTTGGCAGCGCG,4
CTCCGAATATTAAGAC,4
CTCCGATATGCGGCTG,4
CTCCGTATCAATCACA,4
CTCCGTGAACTAAGGG,4
CTCCTAATCTTAAGAC,4
CTCCTACAGCTCACAG,4
CTCGATCACCACAACT,4
CTCGCAAAACAGAAGG,4
CTCGGAATCGAAAATA,4
CTCTGGCATAGGGGCT,4
CTCTTACCAAGGCACC,4
CTGAAACTTCCCCGCA,4
CTGACCTAATCAATGT,4
CTGAGAACACAATCTG,4
CTGAGAACTGACCCTA,4
CTGAGCCGAAGCATGG,4
CTGATAAAAACATACT,4
CTGATCAGAGTTTGTG,4
CTGATCTGTATAATAC,4
CTGATTCCGCTCCCAG,4
CTGCAATTTTACTTCA,4
CTGCACATACATTACA,4
CTGCAGCATTGATGCC,4
CTGCCTAACCCCTGAT,4
CTGCGTTCAATCCGAA,4
CTGCTAATAGTCTTCA,4
CTGCTTATGACAATAT,4
CTGCTTCCTATACCCC,4
CTGGAGTAGCATATGT,4
CTGGCAGTGTTCTAAT,4
CTGGCCCACCCTACAC,4
CTGTAAATTGCATCAG,4
CTGTATTCAATCATTA,4
CTGTTAACCTAACTTC,4
CTTAACATCTCGCTGA,4
CTTAACCTGTTGGCCA,4
CTTAAGACTTTCGGGA,4
CTTAAGGACAGAACCA,4
CTTAATCGCTAGCAAT,4
CTTACTATCCTTCACG,4
CTTATCACTATGCACC,4
CTTATCGGAATCTGCA,4
CTTCAATGACATCAAT,4
CTTCACCTGGGTTTCA,4
CTTCCCACACTCTAAG,4
CTTCGATGTATAGGAG,4
CTTCTAGTCCAAAAAA,4
CTTGAAAAGTACCACG,4
CTTGAGCAAGTCCACG,4
CTTGATAGGAAAAATG,4
CTTGCCCAACGACCCG,4
CTTTAAGGACTATCAT,4
CTTTAATCCCTAGCCC,4
CTTTAATGACATAAAT,4
CTTTAGATCAGGCCGC,4
CTTTATACCAACCAAT,4
CTTTCCAGCTCTAAGT,4
CTTTCCGGCTCGAAGT,4
CTTTCGGAACTGTGTA,4
CTTTGACGAAAGTTAA,4
CTTTGAGACAGTACTC,4
CTTTGTGTCTCATCCA,4
CTTTTGCATCACAAGA,4
GAAAAAATGTGCAAAA,4
GAAAACATACAACAAT,4
GAAAACTGGATGCCTC,4
GAAAAGCTATCGAACT,4
GAAAATTGCATGGAGT,4
GAAACAATGACATAAA,4
GAAACATCACACAATG,4
GAAACCACTATTTCTT,4
GAAACCCAAGAACTCG,4
GAAACCCGTTAGCCTT,4
GAAAGAATACTCTGAA,4
GAAAGAGCAGCAAACC,4
GAAAGAGTATAGCCAC,4
GAAAGGTATCAAGATA,4
GAAATAAAACTGTAAT,4
GAAATAAAATCCAACA,4
GAAATATGGACATACA,4
GAAATCAGACTCCACG,4
GAAATCGGAGCTGTCC,4
GAAATCTATCATTATA,4
GAAATGAAAATTTAAA,4
GAAATGATAATTAGAT,4
GAAATTAACAAGCAAA,4
GAAATTCGAGGGTTCC,4
GAACAAAAGATAACAT,4
GAACAATAATGGAAGC,4
GAACAGGAATCCCCTT,4
GAACATAGTCGATGCT,4
GAACCAGTAGATTAAA,4
GAACCCTTCGGATACG,4
GAACGACACAAACCGT,4
GAACGCGCTCTTGCAA,4
GAACGTCACACAGAAC,4
GAACTTATGAGGTCCA,4
GAACTTTTTAAATAAC,4
GAAGATCTAAAGGGAA,4
GAAGCGCAAATGACTA,4
GAAGCTCAAAAAGGAA,4
GAAGGCACGATGAACA,4
GAAGGTACATCTACTA,4
GAAGTATAAGACCAGC,4
GAAGTCCAAATGCGGA,4
GAAGTGCTGTGCATAG,4
GAAGTGGAAGTCGTTT,4
GAAGTTATTACTCTAC,4
GAAGTTCCCAAGATTA,4
GAATAAGTACCGTATC,4
GAATAATAACCGTCTG,4
GAATAATAACCTGCTG,4
GAATAATATTGACTTA,4
GAATATCGAAGGTTTC,4
GAATCATTCATGGAAT,4
GAATCCAAACAGTCGA,4
GAATCTGCTACAAATC,4
GAATCTGGGTACCTTA,4
GAATGCACGACAGTGT,4
GAATGGGGAAAATAAA,4
GAATTACTGATCCAAT,4
GAATTGTCTACCATGG,4
GACAAAGCAATTCAGT,4
GACAAGATAGAAAGTG,4
GACACTATCAGTCAAC,4
GACATGACAATCAATC,4
GACATTGATTGATGAG,4
GACCAAACATACAATA,4
GACCAAATCCCATCCC,4
GACCATCGTAGCAACC,4
GACCCACGGGGCACCT,4
GACCCTGAGAAATACA,4
GACCGGATCATACGGG,4
GACCTAACATCAATAT,4
GACCTAAGCTAAAAAC,4
GACCTACGAAATCAGG,4
GACCTGTATACACTAT,4
GACCTTGGGCTACCCC,4
GACGAACTATTTGATT,4
GACGCAACGGCTATTA,4
GACGCCATCAATATGA,4
GACGGTTAAACTGGAG,4
GACGTACATCGCTGTC,4
GACGTCTTAGGGTTAA,4
GACGTGAGAAATTGTG,4
GACTAACCAACCTATA,4
GACTCAACCCACACTT,4
GACTCAGAAATACCAA,4
GACTCTGAGATTTGTC,4
GACTCTGCTGCTATAT,4
GACTCTTGGTACCTTA,4
GACTGCCTAAATTTAT,4
GACTTAGACTAGGGTC,4
GACTTATATCACCTCG,4
GACTTCCCGACATGAC,4
GACTTCGGTAACCGGC,4
GACTTCTCTCTTATTG,4
GAGAAAATACATCGCT,4
GAGAAATCTCTCTGAC,4
GAGAAGCGGTCGGCGT,4
GAGAGAGAAATGTCAA,4
GAGAGCCCATTACATA,4
GAGAGGATAAGAATAC,4
GAGAGTGAGTTGCTCG,4
GAGATACAAGGAAATG,4
GAGATCTAAGGAAGAG,4
GAGATGTTTAGGAACA,4
GAGATTAATAAGCATG,4
GAGATTAATCATCATG,4
GAGCACCGAGTCCATC,4
GAGCAGCAAGAAGTGG,4
GAGCATACCATCATGA,4
GAGCCATAAAACTCAA,4
GAGCTACTCACTTATC,4
GAGGAACGCGTGCTAT,4
GAGGACTATTACCATA,4
GAGGATAAAAAAGCTC,4
GAGGCACATCTTCACC,4
GAGGCGAAATGCGAAC,4
GAGGTCGAACAAGCAA,4
GAGTAATCTCTCTGAC,4
GAGTACACAGATTGTA,4
GAGTCAAAAACTATAC,4
GAGTTTTATGCAATCC,4
GATAAAATTAAGACCT,4
GATAAAGTATCTAATT,4
GATAAAGTGTCGAGAC,4
GATAAATCAAGAGGGG,4
GATAACGTTGCAACAG,4
GATAACTACGGTATAT,4
GATACAGAGGAATCGC,4
GATACATGAAAACAAG,4
GATACTTAATTTGCAC,4
GATAGAAACTACCGAA,4
GATAGCCGTTACGGTC,4
GATAGTCAGACTGGAA,4
GATATCCGGAAGAAAC,4
GATATGTTTCATCTAA,4
GATCCATACACCTAAT,4
GATCGAACTCCTGACA,4
GATCGACAGAACAGCC,4
GATCGACAGAGCACTA,4
GATCTCCTGCCATCCC,4
GATCTCTCATATACAC,4
GATCTTACCCGTTCCA,4
GATGACCAGTGTATTA,4
GATGACTGAACCCGTA,4
GATGTAATCGCCATAC,4
GATGTACCGTCAGTCG,4
GATGTCCCGTCAGTAG,4
GATGTCGATCTTTTCT,4
GATGTTAGCTGGATTG,4
GATGTTTCTAGCTAAG,4
GATTAAAGCTGTTGTC,4
GATTAAGCAAATAACA,4
GATTCACAGTATTTCA,4
GATTGGCCGACGGTTT,4
GATTGGTATCACAAAA,4
GATTTCCAGTCCAACT,4
GATTTTAACCGACGTA,4
GATTTTGTGGGCGAGT,4
GCAAAAACCATAAACG,4
GCAAACACTAAATCTT,4
GCAACACACGCCCCCA,4
GCAACAGCATTACCTA,4
GCAACATTCCGCGGCT,4
GCAACCCAAACCCAAA,4
GCAAGAGAAGGAGTCA,4
GCAATAATTTACGTCT,4
GCAATACAAAATTAAA,4
GCAATAGATTCACCAA,4
GCAATGGCTGAATCAA,4
GCAATGGGACCTTGGC,4
GCAATTTCAACCCAGA,4
GCACAGTAATTATATT,4
GCACATAAAGCCCGCC,4
GCACGAATACTAAAAA,4
GCACTACAGCGTGACG,4
GCACTGCGTAGAACAC,4
GCAGAAGCCCAGAAAA,4
GCAGAATAATGAAGCC,4
GCAGAATCCATAATCG,4
GCAGACTATCCTGAGG,4
GCAGATTGTCATATCA,4
GCAGCATAGTCCAACA,4
GCAGCTAACAAATCCT,4
GCAGTAACTATCCCAA,4
GCAGTTTCTTATAACG,4
GCATACTAAAACAAAG,4
GCATCATTCTTAAAAC,4
GCATCTATTGAAGATC,4
GCATGCTACGGCTTAC,4
GCATGTCGATTTAGAC,4
GCATGTGTAAATCCGT,4
GCATTAAAACAACAAT,4
GCATTAAAGGGCCCAA,4
GCATTACGGTCTTAAA,4
GCCAACATCCAACGGC,4
GCCAAGACCCCGATAC,4
GCCAATGGAAATACAT,4
GCCACAAATACTGTTA,4
GCCAGCGCTTCCTTCC,4
GCCAGTACCGAATGCA,4
GCCATAGACGAAAATA,4
GCCCACTCTAGTGCGA,4
GCCCAGCATACTTCTT,4
GCCCATGATCCTTCGC,4
GCCCCAGGGATGTCTT,4
GCCCTCTTAATGCCAA,4
GCCGATTCTATTTCCA,4
GCCGCGCATCTTCTAA,4
GCCGCGTATCGTCTAA,4
GCCGGAGCCGTCTAGT,4
GCCGGCAAAACGTGTC,4
GCCGTTACATGAAGTA,4
GCCGTTCATATAAGAA,4
GCCTGAATGAAACCAA,4
GCCTGTCAGTACGAAA,4
GCCTGTTACTTTCCAA,4
GCCTTACCATGAAATC,4
GCCTTCATTCGTTGAA,4
GCCTTTCCGATAGGCA,4
GCCTTTTATCTTTCCT,4
GCCTTTTCCCCATGAT,4
GCGAATCAACAGCTTC,4
GCGACCATCCCCAACT,4
GCGACCCAAGATACGT,4
GCGACTAAGGGCCCTC,4
GCGCAAATTTACGGAC,4
GCGCTAGATGTAAAGC,4
GCGGGATTGAAAAAGG,4
GCGTACACCAAGTACA,4
GCTAAATTAGACTCAA,4
GCTAAGAGTCAACCAT,4
GCTAATAAACCTCAGT,4
GCTACACCACCTGAGA,4
GCTACACCTAAGAGGA,4
GCTACCTTTCGATAAT,4
GCTAGAGGCACGACGA,4
GCTATTCCGAGCAAAC,4
GCTCAAACAACCACCA,4
GCTCAAATAACAATAC,4
GCTCAACCAATGAACG,4
GCTCAAGTGACTGGTT,4
GCTCACTCCCTGATGC,4
GCTCCCAAATGTAGTT,4
GCTCCTAAGCCAGCAT,4
GCTCTATAGAGTTGGA,4
GCTCTATCGAGTTGTA,4
GCTGACTAGCATGCGA,4
GCTGCAAAGACAGTGT,4
GCTGCGATAAAGATGC,4
GCTGGATTCGATGTCT,4
GCTGGTGAACCCTTGG,4
GCTGTAACTACACTGT,4
GCTTAAAAATGGAGAA,4
GCTTAAAGATAAGAAT,4
GCTTAACAAACAAAAA,4
GCTTACCTGCTTACCA,4
GCTTACTTTTTGGCAT,4
GCTTATGCTCTAAAAT,4
GCTTTAAAGGATCCAC,4
GGAAAGTCTGCGTGTC,4
GGAAATCTCCTAATAG,4
GGAAATTACTCAGCAA,4
GGAAATTTCGCCTTTA,4
GGAACAACAACCGTGT,4
GGAACTTACATTCAAC,4
GGAATCAGGGAAGTAC,4
GGAATCCACAAGTTTT,4
GGAATTGCCGATATAC,4
GGACACAAATAACTTC,4
GGACATAAAAACTTAA,4
GGACATCCAACCTACC,4
GGACCAAAAAAAGGGC,4
GGACCACAAGAACTAA,4
GGACCCTGTCAAACGA,4
GGACGTTCTACGAATA,4
GGACTACAAAGGACTG,4
GGAGAACTCAAAATTC,4
GGAGACGCCTCTTGTA,4
GGAGATAACACCGTAA,4
GGAGATCGCACCCTCA,4
GGAGCTAAAACATAAG,4
GGAGGACTCAAAATCA,4
GGAGGGATACCATTAA,4
GGAGTCTTTGAAATCC,4
GGAGTTACATCCCCCA,4
GGATAAACATACTTGC,4
GGATATGTGCCGAACG,4
GGATCCCCTTACCTGA,4
GGATGAATAACACCCT,4
GGATGTACTAATCCTA,4
GGATTCCATGGACAAA,4
GGCAAAACTACTTAAT,4
GGCAACATTTGTCTTA,4
GGCACCACAACGAGAG,4
GGCACGATCATAACAA,4
GGCAGACGTATATAAC,4
GGCAGGAATAAACAAT,4
GGCAGGAGGGCTTTTG,4
GGCATACCCCGCATTG,4
GGCCACCTATCCAATC,4
GGCCAGCGTATTGAAG,4
GGCCCGACACTGTCAA,4
GGCCTCGAATCCGTAA,4
GGCGTACATACTAAAC,4
GGCTCCAAATAGGCAG,4
GGCTCTATACAGGTAT,4
GGCTGACCATCTTGTT,4
GGCTTCAGTATCTTTA,4
GGCTTTAATTACAGTC,4
GGCTTTCGACACGGGA,4
GGCTTTCTCTTCTGGC,4
GGGAACCCAAACAAAT,4
GGGAATGCTCTAAAAA,4
GGGACAAAACGTGGGA,4
GGGACCCAGTACAATA,4
GGGACGAAACTCCGTA,4
GGGAGACCTTCCACAA,4
GGGAGACTAAAGGAGA,4
GGGATAACTTTGATGT,4
GGGATATAAAAATCCG,4
GGGCATAGACCAAATT,4
GGGCCAAAAAGTGGGA,4
GGGCCAAAACGTGTGA,4
GGGCCACCAATGACAA,4
GGGGACACGTTCAGTT,4
GGGGCCAACGTGGAAT,4
GGGGCCTTTGCAAGTA,4
GGGGGCCAGTTTGTAC,4
GGGGGTCTTTTATGAT,4
GGGTCACGACTCACGG,4
GGGTGAAAAGAAATAC,4
GGGTGAGTAGTACGCT,4
GGGTGGCAATTCAACG,4
GGTAAAGGGAGAACTA,4
GGTAACCGCAACTACA,4
GGTAAGGTAGGTAATG,4
GGTACATAGAAGTCTT,4
GGTACATCAATAGAGC,4
GGTACCCTGATACGAG,4
GGTACTAAATGAGAGG,4
GGTACTAATTAGGAAT,4
GGTAGAGCAGCAGCAC,4
GGTAGCAATTCACCAC,4
GGTAGTAAAAGACTAC,4
GGTAGTGCTCTAAGTC,4
GGTATAAATAATTAGA,4
GGTATGACCCTACCAG,4
GGTATTAAAATTCACC,4
GGTCAAAAATTTAAGC,4
GGTCAATACCCATCAA,4
GGTCCCCATCCTGACC,4
GGTCGTGCAATCCTAC,4
GGTGACTGGTCGATAT,4
GGTGCGACGCCACTTG,4
GGTGCGCCTAATTTCA,4
GGTGGATTCAATGTCT,4
GGTGTACGATCGTCCA,4
GGTGTTTAAAACAAAA,4
GGTTCCGTATACATAT,4
GGTTCGCTATAGGAAA,4
GGTTCTCATACACTGA,4
GGTTGGAAGGACATAC,4
GGTTTTAATCCCGCAT,4
GTAAAACTATATTATC,4
GTAAACCTTCAAAACG,4
GTAAATTCTCCCCCCA,4
GTAACAATTCGACCAG,4
GTAACATCAAGAAAAA,4
GTAACCACCACAATCT,4
GTAACCCACCGTTGAA,4
GTAACCTGGTTATGAA,4
GTAACGCAACTGACTA,4
GTAACGTTGGAGTTAA,4
GTAAGGAGTATCTCCT,4
GTAAGGCAAGCTATCG,4
GTAAGGCCACATCGCA,4
GTAAGGTGAACCGGAC,4
GTAAGTCATACGATCA,4
GTAATAACCTACTAAG,4
GTAATATGAAGGTGTT,4
GTAATATGATACTTCA,4
GTACACCTATTTACAA,4
GTACACCTGAAACTAT,4
GTACCCTGTTAATGCT,4
GTACCTTTGCCATTAG,4
GTACGGGGTCTTGAAA,4
GTACTACACAAATTGA,4
GTACTCAAGATACCAC,4
GTACTCACATACAAAA,4
GTACTCGTCGTGGGAT,4
GTACTGAAGCTACGGT,4
GTAGAACATCAAGGGT,4
GTAGAAGACACACATA,4
GTAGACCTCTAGCTAG,4
GTAGACGTGAAGTAAC,4
GTAGACTGTATCGGGC,4
GTAGATCTTGTAAAGA,4
GTAGATTTAAGCACAA,4
GTAGCAATCAGCCGAT,4
GTAGCCAATCCCGTAG,4
GTAGGTACATCTCCTA,4
GTAGGTGATCATATAC,4
GTATAAAAAGTAAAAC,4
GTATAAATAACGAATG,4
GTATAATGGATCACAC,4
GTATACTTAGAATTTA,4
GTATATAATTTTAAAA,4
GTATATAGAAACCGCG,4
GTATCTTTGAATTTCC,4
GTATGAAATCAGTCAG,4
GTATTACGGATCCAAT,4
GTATTGATCAGCCTGC,4
GTATTTGAACTATTGG,4
GTCAAAAACAAAAATA,4
GTCAACCTTATTTTCC,4
GTCAACTAATGATTGT,4
GTCAAGACTGAAAAAC,4
GTCACAACAAAAAAAA,4
GTCACAATCGAAGTTA,4
GTCACAGCTTATTGCT,4
GTCACATATCCCAAGG,4
GTCACATCACCGAACC,4
GTCACCTGGTTATTAA,4
GTCACCTTGTTATGAA,4
GTCATAGAAACGGTAG,4
GTCCAAATGAGGAGGG,4
GTCCAGTAGTAAAGTA,4
GTCCATTGTTAATCTG,4
GTCCCAAACTTGCGAG,4
GTCCGGCACTAATCAC,4
GTCCTAAGCAATCCTT,4
GTCGAAATACGTTCAC,4
GTCGAAATCCTAGGTT,4
GTCGCCCACATGAAAA,4
GTCGGACAACAGCAAG,4
GTCGGCCCGAAGATGT,4
GTCGTACAATAGAGTG,4
GTCTAGTGCAGACTTC,4
GTCTGATGGAGTAGAG,4
GTCTGCGTACAGAGTT,4
GTGAACGTCCCTTCTT,4
GTGAATCTACACACTG,4
GTGACAAATGTACACA,4
GTGACCCAAGCTACGT,4
GTGAGAGAAAAAACCT,4
GTGAGCCGAAATTAAT,4
GTGAGCTCAGCAGATT,4
GTGAGGTTGTATGGAG,4
GTGATTTCCCCACGGA,4
GTGCAAGAAGATAAGC,4
GTGCCACTGGTGATTC,4
GTGCGAAACGGACTCG,4
GTGCTGTTTAGGAACA,4
GTGCTTACTCGCAGAA,4
GTGGGCCATAAATGTG,4
GTGGTCCGGCAATTAA,4
GTGGTGCCGCCGATAA,4
GTGTAAAAAGATAAAG,4
GTGTAAAGACCATCCT,4
GTGTAAGCATCCAATA,4
GTGTAATGACTAGCAG,4
GTGTAATGCCTATCAG,4
GTGTACGCAACAACAT,4
GTGTATTCAATCATTA,4
GTGTCAAATACCCGTA,4
GTGTGCGGATTAAAGT,4
GTGTGTATACGGAAAT,4
GTGTTGGTGCCGAAAA,4
GTTAAATCATAGCCTA,4
GTTACATAACTCTTAA,4
GTTACATGACCCAAAA,4
GTTACTACTTCAAAAA,4
GTTACTATAACAATAA,4
GTTAGATTAGATATGT,4
GTTAGCGGAAACCTTA,4
GTTCAATAAACACTCT,4
GTTCACCTGGGTGTCA,4
GTTCAGAATAGCTGCA,4
GTTCATTTAAATCATT,4
GTTCCTCATTAGTTAA,4
GTTCGAAACCGATCAC,4
GTTCGCACTATTTTCT,4
GTTCTACTGATCAATG,4
GTTCTCCATAAGTCAC,4
GTTCTCCGGCCATCCC,4
GTTCTGCACCCATTAA,4
GTTCTTTCCGAATGAA,4
GTTGAAATGCACCTCA,4
GTTGAAGGAAGTATAT,4
GTTGAATTGGATTATT,4
GTTGATCTAAAGGCCC,4
GTTGCATAGATAACTA,4
GTTGCCTACCTATGGA,4
GTTGCGAGCTCCTCCC,4
GTTGTCCCGTCAGTCG,4
GTTTAAAGCCCATCCT,4
GTTTACGGCTTCCGAT,4
GTTTATTCTTGAAAGT,4
GTTTCATCTGTTAAAA,4
GTTTCCGACTTCCGAT,4
GTTTCCGGATTCCGAT,4
GTTTCCGTCTTCCGAT,4
GTTTCGTCCGTAACGT,4
GTTTGCGGAAGATCAG,4
GTTTTGCCAACTAAGT,4
GTTTTGCCCAATCCGA,4
GTTTTGCCGACTAAGT,4
TAAAAACTACTGAAGT,4
TAAAAAGGCTGATGGT,4
TAAAAATAACACTACT,4
TAAAAATTAGTAGGAT,4
TAAAAATTAGTAGTCT,4
TAAAACATGAATAATC,4
TAAAACCCGCCTGGAG,4
TAAAACTATAGACTAA,4
TAAAAGAAGCTAAGTC,4
TAAAAGACTCTATGAA,4
TAAAAGTGAATTCCCT,4
TAAACTTTTCGCAACC,4
TAAAGACCCACGCTGA,4
TAAAGACTGAGCGCAA,4
TAAAGGACTACAATAT,4
TAAAGGCTAGTATTTT,4
TAAAGGTATCCTACTC,4
TAAATAAAAATCGACA,4
TAAATATAAGCCTGAA,4
TAAATCACTCTGCAAA,4
TAACAATGATTCAAGG,4
TAACACCAAGCTAGAA,4
TAACATAACTCGTGGT,4
TAACCACGCCACGTAA,4
TAACCCCAAATGCCAG,4
TAACCCTAAACCGCCC,4
TAACCTCTTCAGAAAG,4
TAACCTTGATGCGCCT,4
TAACGATATAACTAGG,4
TAACGCTCTACACAAG,4
TAACTACCATGACCTG,4
TAACTCGTATCAGATA,4
TAACTTTCCTCGAGAA,4
TAAGAACACAGAAAAT,4
TAAGACCGCACAGACT,4
TAAGAGAAAGATACAG,4
TAAGCACAAGTACATA,4
TAAGCACCCCAACACA,4
TAAGCACCCGAAGCTC,4
TAAGCCAAATAATAGT,4
TAAGCCGTGTCAGGAT,4
TAAGCTTTACTTTCAG,4
TAAGTCTAAACCCTTA,4
TAAGTGGAAGTCGTTT,4
TAAGTGTCCCATAACG,4
TAATAAATTCGAGTGA,4
TAATAACGATAGCTTC,4
TAATACGTACCCCACT,4
TAATAGTAATGAATCC,4
TAATATTTTCCTCCAC,4
TAATCATGATGTGACT,4
TAATCGCTATCTAAAC,4
TAATGCCACATTCTTG,4
TAATGTACATACACCG,4
TAATGTGGCCATTTAA,4
TAATTAGGCCGTCGGA,4
TAATTAGTTAAACTCA,4
TAATTCTTTAGCATTG,4
TAATTTGAAAACACCT,4
TACAAAAACTATCGCA,4
TACAACAAGTGATGCA,4
TACAAGCCTCATAACG,4
TACAAGGAAAAAAACT,4
TACAAGGTAAAGAAAT,4
TACAATGCAACTCACC,4
TACACATTACCGATGC,4
TACACCACAAATACAG,4
TACACCGATCTACTAA,4
TACACGATCCTCTGAT,4
TACACTGATATGAAAT,4
TACAGACTCCGGGCCA,4
TACAGATGTCTTGAAG,4
TACAGTCTATAAACAC,4
TACAGTGATAAAAGAC,4
TACATAAACAAATTCG,4
TACATAACGATACATA,4
TACATAATACCCTACT,4
TACATGAATTATGTAT,4
TACCAATAAAGTACAT,4
TACCAATCTACAACTA,4
TACCCATGGATACGAG,4
TACCCATGGATACGTT,4
TACCCCCAAGGCAAAC,4
TACCCCTAACCCGCGC,4
TACCGCACAAACACAC,4
TACCGGAATAAAGTAA,4
TACCTTGTTCAAACAA,4
TACGAAACGTACATTA,4
TACGAAATTAATATGA,4
TACGCAGCCTTTAATA,4
TACGCCAAAATAGCTT,4
TACGCCACAACCTTCA,4
TACGGAGAAAACATTA,4
TACGGCTTATCCACCA,4
TACGTCGCAATCGTCC,4
TACGTCGCAATGGACC,4
TACGTGCGAAATTGTG,4
TACTATGACAGTCAAC,4
TACTGAAAAGGAGCTT,4
TACTGAACTGCCCGCC,4
TACTGATAAAGATAAC,4
TACTTCCCTACATGAC,4
TACTTGAATTCCCACT,4
TAGAAAGTCTCTTAAC,4
TAGAACAGACACCTCT,4
TAGAACCATACTCTCA,4
TAGAACTCAGAAAATA,4
TAGAAGCCACTGCCCA,4
TAGAATGAATACTGTG,4
TAGAATGACAAATGAA,4
TAGACAATCAACGTGC,4
TAGACACCCGACGCGT,4
TAGAGGTAACTGTTGT,4
TAGAGTACCCGAATCA,4
TAGATACATCGTGATC,4
TAGCACCATAGATATA,4
TAGCATGCCTAAAATA,4
TAGCCTTCCTCCTTTC,4
TAGCTCGGTTTCACCA,4
TAGCTTAACAGGAACT,4
TAGGACCTTCAAGCCC,4
TAGGACGGAAAGACCC,4
TAGGAGCTGTACCGGG,4
TAGGATAGAATCCAGG,4
TAGTAATACTAAAACG,4
TAGTCCACTTTACAAA,4
TAGTCCGAAAGGTCCG,4
TAGTGAAGCGATTACG,4
TAGTTAAATTTGTACA,4
TAGTTCAAAAGCCCCA,4
TATAACCCTTACAAGA,4
TATAAGAAAATCATTT,4
TATACGCACATCCCAC,4
TATAGGTGACGCTACC,4
TATATTCTCCGCTGTG,4
TATCAATAACCGTATG,4
TATCACAGCTTGTAAT,4
TATCACGGAAATCGTG,4
TATCATAACTATACGA,4
TATCCACATAAGCCAA,4
TATCCAGATAGGTACA,4
TATCCGAATAAGCCAA,4
TATCCGCATAATCCAA,4
TATCCTCATAAGCCAA,4
TATCCTGAATCCCATA,4
TATCCTTCCGCCTTTC,4
TATCGATTACCCCTAT,4
TATCGCAGATATACAA,4
TATCGTATATCTCCTA,4
TATCTCCACAGTTTAG,4
TATCTGAATGATTCAA,4
TATCTTCTTTGGGAGC,4
TATCTTGCACCGAGTA,4
TATGAAGAACCAATGA,4
TATGACTGTAACATAA,4
TATGAGATCCAGCACA,4
TATGCTCGCTACAGCA,4
TATGGTCTAAGCAAGA,4
TATGGTTATTTACTGA,4
TATGTAACCCGGCTGT,4
TATGTAAGATACAAAC,4
TATGTAAGCCAGATGC,4
TATGTAAGGTACAAAA,4
TATGTAGCTTTGGGGG,4
TATTACCTTTGACAAA,4
TATTACTGGCCCGACA,4
TATTATAAGGAAAGTT,4
TATTCCTTAAGTCACG,4
TATTGAAGCTACCACA,4
TATTGCGTCTCTAACA,4
TATTTAACCTGCAGCT,4
TATTTAATGAGCAGGT,4
TATTTACCACCCCCCT,4
TATTTCTGAAGCCCCA,4
TATTTGAGACTTCATT,4
TATTTTTTACACGTAA,4
TCAAACAATCTAGTCA,4
TCAAAGGGGCTTAGAC,4
TCAAATGGTACCAATT,4
TCAAATTCTACCAATT,4
TCAACAACCAACCAAT,4
TCAAGACTGAGAGCAA,4
TCAAGACTGTTTAATA,4
TCAAGCCTAATCTCGA,4
TCAAGCTAAGGATAGA,4
TCAAGGACTACGATAT,4
TCAAGTTCTGTTGTGA,4
TCAATAAAAACAAGAC,4
TCAATCCAAGTAAATA,4
TCAATGAAATGAAATA,4
TCAATTGACAAAAGAA,4
TCACAATGTATGTAAC,4
TCACATAGCTACATAA,4
TCACCACTAAAACTCT,4
TCACCCCAGGATACGA,4
TCACCGGAGTGACCTA,4
TCACGTCTCTCTGGTT,4
TCACGTCTGATTTCTA,4
TCACTAATCTATGAGA,4
TCACTGTATACACGCG,4
TCACTGTTTACATACC,4
TCAGAATATTCAATCA,4
TCAGAATCAATAGATT,4
TCAGATGAACGATAGG,4
TCAGCTCTCTGAAATG,4
TCAGGAAGAAACGCCA,4
TCAGTCAAAGTGCGTG,4
TCATATACTTATAATT,4
TCATATTGTGAAGCAA,4
TCATCCTATTGATACA,4
TCATGAAGAGCAGGAA,4
TCATGATTGTCTTCCA,4
TCATTAGCCGGCCTCA,4
TCATTGGTGAAATACT,4
TCATTTTAAAACCGGA,4
TCCAAAATAAGCAAAT,4
TCCAAATGCGACCACT,4
TCCAACCTGGTGATTC,4
TCCAACGGTGCAGATA,4
TCCAATAAATTACCCC,4
TCCACAAATTTACACG,4
TCCACAATTTAAGACC,4
TCCACCACATGTTTTC,4
TCCACCATGTAAATCG,4
TCCACTCTAAGAAGCA,4
TCCATACAACGCAAAA,4
TCCATAGACAAGTCGA,4
TCCCACCCAACCAGCA,4
TCCCACGTTACAAAGC,4
TCCCAGATCACACCAT,4
TCCCATGGAAATACAT,4
TCCCATGTACTTCTGA,4
TCCCGAAGTTAGATGG,4
TCCCTAGAGACTCGTA,4
TCCCTATATAGACCGC,4
TCCCTCCCGGGATTTA,4
TCCCTTCACACAAGTG,4
TCCGAAATTCACGCCC,4
TCCGGGTATTCACCTA,4
TCCTACCTTATTCCAC,4
TCCTCTAGGCATGACA,4
TCCTGAACACATAGAG,4
TCCTGAAGACTCTGTT,4
TCCTGGTCTTCTAGAG,4
TCCTTACTTGTAGAAG,4
TCGAAAACTATCATCC,4
TCGAACCTCGCAACAC,4
TCGAACGATCTATTTG,4
TCGAAGATGAGAGACA,4
TCGAAGGAGACAACTC,4
TCGAATAAATAAGCAG,4
TCGAGAAGATTCAAAT,4
TCGCTACCAGTCAGCA,4
TCGCTTCCTCACTCTT,4
TCGGTAAAACTAATAA,4
TCGGTCACATGTCATG,4
TCGGTCTTAGGCTTTT,4
TCGTAAGCATGCCGAC,4
TCGTAATAAGACTTTG,4
TCGTACAACATGATCA,4
TCGTATGAGGTGAGTA,4
TCGTCATCATACTACG,4
TCTAAAGGATAGTAGT,4
TCTAAAGTAGACTCAA,4
TCTAACAAAAGGACTA,4
TCTAACAACCAGTATC,4
TCTAACTAAGACCTAT,4
TCTAAGTCACGAATAA,4
TCTAATGACTCAATTC,4
TCTACAGTACTTTCTG,4
TCTACCGAGGAAGGAT,4
TCTACGTATGCCTATA,4
TCTACTAAATCAGCAT,4
TCTACTATTGATACGC,4
TCTAGCCGAATCTCGA,4
TCTAGCTAATTGTTCA,4
TCTAGGAACGGCTGCT,4
TCTAGTTTATGTGTTT,4
TCTATCCTGTCAAATT,4
TCTATTACACATGTCT,4
TCTCAATATCCAATGA,4
TCTCCTACGTACTTCA,4
TCTCCTTACACACGAG,4
TCTCGAGCATCAGACA,4
TCTCGAGTGTATCACT,4
TCTCGGAAAGGCTGCT,4
TCTCGTAACGTCCCAC,4
TCTCGTGAGAGATAAG,4
TCTCGTGCCACGAAAA,4
TCTCTTATGGTACCAG,4
TCTGAGATAATCAGAT,4
TCTGCCATTTTTATGA,4
TCTGGAAAGCCAGACC,4
TCTGTAGAACCGCTCC,4
TCTTAAAACAACCATT,4
TCTTACCAAATGCCTA,4
TCTTAGGATATTTGCA,4
TCTTCAAATAAGTATA,4
TCTTCGAAAGAACTAA,4
TCTTGGGCGGACCCTT,4
TCTTTTCCAAATCGAC,4
TGAAAAGAAGGATATA,4
TGAAACCCCTCAAAAC,4
TGAAACGACCTCATTC,4
TGAAACTACTATACAC,4
TGAAATAATAACGCGG,4
TGAAATCAAACCAAAC,4
TGAAATGCTACCAATT,4
TGAAATTTCGCCGTTA,4
TGAACACTCCAGATCA,4
TGAACCAGCTGTATAA,4
TGAACCCATGGTGATG,4
TGAACGTGGAAACCAG,4
TGAAGATTGGACTGAG,4
TGAAGATTGGGATGAG,4
TGAAGCCCACATGAGA,4
TGAAGCTCGCAGTGGA,4
TGAAGTACTGTGCTAT,4
TGAAGTTGGTCTGGCT,4
TGAATAACTGAGCCCT,4
TGAATACATACACCAA,4
TGAATACGGCATTCGA,4
TGAATACTTTCGAGAA,4
TGAATTGGAAGTATGG,4
TGAATTTGATAATTAT,4
TGACAAGCGATATTTC,4
TGACAATAAAAATTCA,4
TGACACACACAAAGTT,4
TGACAGAGTGCTGACA,4
TGACATAATAACAGTA,4
TGACCTAGTGCTGACA,4
TGACCTGGAAGCATCC,4
TGACGGTCGACGGCAA,4
TGACTAACATAACTAT,4
TGACTAGGTCGTAGAC,4
TGAGACCCTACTGACG,4
TGAGACGGGTTCTCAG,4
TGAGGCGTTTATCATA,4
TGAGGGAGCCAATGTA,4
TGATAAAATTGCAGTG,4
TGATACCTGATATGCA,4
TGATAGCACTTGGATG,4
TGATCAACAGCGCAAA,4
TGATCCAAAATATCTG,4
TGATCGTAGATGAACA,4
TGATCGTGACAGGACT,4
TGATCTGACCGCTGCA,4
TGATGAAAAACACCCC,4
TGATGGTACCAGAACG,4
TGATGTTACCAAGAAG,4
TGATTAAACGGGATTG,4
TGCAAAAATGATTGAT,4
TGCAAGGCTTGCAGTT,4
TGCACATAATGCTACA,4
TGCACATTTGCACCAT,4
TGCACCTGAGTCTAGT,4
TGCACTGGTACAAACA,4
TGCAGCAAATAAAACC,4
TGCATACACTCACAAC,4
TGCATGTCGATAAACA,4
TGCATTCAAGTTACAA,4
TGCCACTGTTCAAGTC,4
TGCCCACTCTCACGAC,4
TGCCCCGTGCTAACAC,4
TGCCCGTCAAAAGATC,4
TGCCCTTGGCAGCGCG,4
TGCCGACTGTATAAGT,4
TGCCGATGGACAATTG,4
TGCCTACTCAACACAC,4
TGCCTCCATGACCAAA,4
TGCGAAAATAAACCAT,4
TGCGAAATTCAATCAT,4
TGCGCCTCATGGGACA,4
TGCGCGTGCAATAACA,4
TGCGCTTATCCTCAAT,4
TGCGTACACTCATCTG,4
TGCTCAATACACTGAT,4
TGCTCCCAACTATATA,4
TGCTCGCTAAACACAC,4
TGCTGAGCCTTGGGGT,4
TGCTGGAGGAATCTCA,4
TGCTTATATATCAAGG,4
TGCTTTTACCCCCAAA,4
TGCTTTTCACCCCAAA,4
TGCTTTTCCCCCAAAA,4
TGGAAGGTAGTTTTTT,4
TGGAATCACCCCAAAT,4
TGGACATTCGGATAAC,4
TGGACCAGAGACGTAC,4
TGGAGAAAAGCAAGAA,4
TGGAGGCAAACTTACA,4
TGGATAAGTTCCTGCC,4
TGGATAATTGGTTACA,4
TGGATACAGAAATCCA,4
TGGATACATCGTGATC,4
TGGATGAATAATACCA,4
TGGATTAAGGATAGGT,4
TGGATTTCAAAGGGAA,4
TGGATTTCCAACCGTT,4
TGGCACGGTATAGCTA,4
TGGCAGCTTGACTATC,4
TGGCCATGTATAACAT,4
TGGCCTTAAGCAATTA,4
TGGCGAGTTTTGTAAG,4
TGGCTTAGCTAAACCG,4
TGGGACCCTGCCAGTA,4
TGGGACGGATTTGTCA,4
TGGGATCCGCTGCCCA,4
TGGGCACCTCATCACA,4
TGGGGCATATGCAACA,4
TGTAACGGATAGTAGT,4
TGTAAGAAATCGAGAT,4
TGTAAGGTTGTTAATA,4
TGTACCTAGACCGTAG,4
TGTACGTCGTAACAAA,4
TGTAGTTACAAAAAAA,4
TGTATCGATGGTGGCA,4
TGTCAAAAAACAACAT,4
TGTCAACCAATATTAA,4
TGTCACCACATATCCC,4
TGTCCAAAATACACTT,4
TGTCCATGCAGTAGAG,4
TGTCCGACCCACCATG,4
TGTCGAGGATAGGCAC,4
TGTCGCGGATAGGAAC,4
TGTCGCGTCGTCGGAG,4
TGTCTGTCAGTGAAAT,4
TGTGAAACCAGCTGAC,4
TGTGACATAGAACGCC,4
TGTGCTATTTTTATGA,4
TGTGGACCCACAATAC,4
TGTGGGCGACCGTCTA,4
TGTGGTGAACCCTTGG,4
TGTGTGCATACTGACC,4
TGTGTGCATACTGCCA,4
TGTTACCCCGTAGAAC,4
TGTTATAAATTTGATA,4
TGTTATTACGACCAAT,4
TGTTCAGAATGAAGCA,4
TGTTCATGGCATCTCC,4
TGTTCCAACCCCATAG,4
TGTTTTTGAGACCTTA,4
TTAAAACTGACACGTC,4
TTAAAATCGCTAACGT,4
TTAAAGATAACAAGAG,4
TTAAATGATCTTAGCA,4
TTAAATTCACAATTGA,4
TTAAATTGGTACATAC,4
TTAACCATAACGTCAA,4
TTAACCCAAGGTTTCC,4
TTAACGTGCTTACTAC,4
TTAACTGTCTAAAGAA,4
TTAAGAGCAAAATAAA,4
TTAAGCAGGTGCAAAT,4
TTAAGCCAATTTCTCC,4
TTAAGGGTAACTAACA,4
TTAATAATTCTGACAT,4
TTAATACGCGAGCACG,4
TTAATCCGGTAATCCC,4
TTAATGTCATTTGTGA,4
TTAATGTCGTTGTCCC,4
TTAATTCACATTACAC,4
TTAATTTATGGAAGCA,4
TTACAAATACACCTCT,4
TTACAAATTTAGAGGA,4
TTACAATACAGAAATC,4
TTACACGACTGTCCTC,4
TTACAGATGAGATTAT,4
TTACAGTCGGTCATAT,4
TTACATTAGTTAAGGT,4
TTACCCGGAATGAGGG,4
TTACCTAGCAATTACA,4
TTACGCGATCTTTATA,4
TTACGTATATTCTAAC,4
TTACTAGATTTTACTG,4
TTACTATTTACATATC,4
TTAGACAGCACAACGG,4
TTAGACGGCTCACCAC,4
TTAGAGTCACGTTGTA,4
TTAGATCCGAATAAAA,4
TTAGCAAAATATTTAA,4
TTAGCACATCACTACA,4
TTAGCCTGACAAGACG,4
TTAGCGCCCCAATTTT,4
TTAGCGGCAGCCGCTC,4
TTAGGACTCGCGACGA,4
TTAGGGTGACACAAGG,4
TTAGGGTTGCCAAACA,4
TTATAGTGGGCACTCG,4
TTATATAACATTAGAC,4
TTATATGAGGTGCGGA,4
TTATCAAATTCACGGA,4
TTATCACTTAGTGCAC,4
TTATCCTACCGTTGAC,4
TTATGTAACATCAATA,4
TTATTCCATGGATTGC,4
TTATTGGCCGGATCAA,4
TTATTGTAGGTCATCA,4
TTCAAAAAATACCACA,4
TTCAAATAGATACCGA,4
TTCAACATTGGAAGTG,4
TTCAACCTCTCCGGCG,4
TTCAAGAAGAACCGAT,4
TTCAATTGGTAAATAC,4
TTCACAATTCTATAGG,4
TTCACACGGCTAGGTT,4
TTCACCACCAATACAG,4
TTCACCTTCACACGAT,4
TTCACTGAACTTCTAC,4
TTCAGAAGCCTTTCAG,4
TTCAGAATGCGTCTCA,4
TTCCAATCGGATTGAC,4
TTCCACATTCTTATGT,4
TTCCACGGATGCGTAG,4
TTCCACGTTAATCAAC,4
TTCCCAGGACGAAGCT,4
TTCCCCTGCACCCAAG,4
TTCCCTCGAATCCATT,4
TTCCGTCCTAATGACG,4
TTCCTACGTATTGACT,4
TTCCTATACAAGATAT,4
TTCCTCGTCACTAATA,4
TTCCTGGATGACACAC,4
TTCGAACATCACACAC,4
TTCGCAATGTACTGAG,4
TTCGCCACGATTAAAA,4
TTCGTCTTACAAGAAC,4
TTCGTTCCATCGACAG,4
TTCTACATCGAAGGAG,4
TTCTATTTACGGAGTC,4
TTCTGTACGTGACCAT,4
TTGAAAATATGTGAGC,4
TTGAACAGACCCTATA,4
TTGAACCTCCTTCCCT,4
TTGAACTACTTAGCAG,4
TTGAATAATGTATCTA,4
TTGAATATATTTGAAA,4
TTGACATCGAGTGTCG,4
TTGACTAAGTCTCCTT,4
TTGACTCTTAAAAAGT,4
TTGAGGCAAACTTACC,4
TTGAGTAGAATCAAAT,4
TTGAGTTGAGTTACAC,4
TTGATCAATATAAAAT,4
TTGATCCCAGAAGGGT,4
TTGATGACACTGGATA,4
TTGATGTCTTCGAGAC,4
TTGATTGCTTGCGACA,4
TTGATTTGAGCATAAA,4
TTGCACTTTAACAATT,4
TTGCCGAGAGTACAAC,4
TTGCGGAGGTCAGTCC,4
TTGCGTATGAGATAAA,4
TTGCTACGATAGTCCT,4
TTGCTCATTAAGACAA,4
TTGCTCGTGTTAAAAA,4
TTGCTGACAATGGATA,4
TTGCTGACACTGTATA,4
TTGCTGCCGTACTTTT,4
TTGCTTATAGGATTTC,4
TTGCTTATTTTTGTAA,4
TTGGAAAATCAAACCT,4
TTGGAAGAATCTGGAA,4
TTGGACGTGAACGTAA,4
TTGGCACACATACCCG,4
TTGGCACACATATCCT,4
TTGGCACAGATATCCG,4
TTGGCATACATAAGGC,4
TTGGGAATAGGGATTG,4
TTGGGCATTCACGTTA,4
TTGGTATGATCCATAA,4
TTGGTGTGAGCGTCGT,4
TTGTAATGCCTAGCAG,4
TTGTCACAGATGAATT,4
TTGTCACAGTCAAACA,4
TTGTGCTATACCAATT,4
TTGTGCTCAGCTTCTC,4
TTGTTCCGTCATTTAA,4
TTGTTGAAACTTCGAC,4
TTGTTTAAAGCAGACT,4
TTGTTTGAACAACTAA,4
TTTAAAAGACCGGAGA,4
TTTAAAATTACAAGCA,4
TTTAACCTAAGATGCA,4
TTTACCACCGGATAAA,4
TTTACCCACGGATAAA,4
TTTACCCCCGGACAAA,4
TTTACCCCGTAACAAT,4
TTTAGAAAAAAACTAC,4
TTTAGAACCCAAAACA,4
TTTAGCAATGCATTGT,4
TTTAGTCAAGTCTGAA,4
TTTATACAAAGTGACA,4
TTTATAGACGCGCTGC,4
TTTATAGGTACTAAAG,4
TTTATCAGTTGACTGA,4
TTTATCCCTAAATTCT,4
TTTATTAACATACTGC,4
TTTCACAAGGATCTCT,4
TTTCACACAACTTATA,4
TTTCACCGCTGCCAAC,4
TTTCAGATTGTCCATC,4
TTTCATGAAGCACACC,4
TTTCATGCGCCATACT,4
TTTCCATTGGTCATAC,4
TTTCCGATACCATGAA,4
TTTCCGCTAAAACTAT,4
TTTCGTATATCTCCGA,4
TTTCTAGAAGCGCTGC,4
TTTCTAGACGCGCTTC,4
TTTCTAGACTCGCTGC,4
TTTCTATACGCGCTGC,4
TTTCTCTCTACGGACA,4
TTTCTTGCCGAATGAA,4
TTTGAAATTTATTAAA,4
TTTGAGTGAGTGGTGA,4
TTTGCAATTGGACTTC,4
TTTGCACACATATCCG,4
TTTGCGTGAGTTGTGA,4
TTTGGCAGTAAAGGTC,4
TTTGTATGGGAGTGCC,4
TTTTGACTATGCCATT,4
TTTTGCAAGTTAACCA,4
TTTTGTCATAAACCCA,4
TTTTTCTGTTGGAGCA,4
AAAAAACACATACATA,3
AAAAAACATATAAAAC,3
AAAAAACTAAGCCGTG,3
AAAAAACTTGACGAAA,3
AAAAAAGAATATTAGA,3
AAAAAATGCTCTGAAC,3
AAAAAATTGTCCGTAA,3
AAAAACAAAATGCTAC,3
AAAAACAATTCTACCT,3
AAAAACACTGAGTAAA,3
AAAAACATTGGCACGA,3
AAAAACCAACTGTATT,3
AAAAACCATAATAAAA,3
AAAAACCCCTACTACG,3
AAAAACCCGCTTATGG,3
AAAAACGAACTGAATA,3
AAAAACTATTAAAATT,3
AAAAAGAGCAGGAGTA,3
AAAAAGGAAAACATCA,3
AAAAAGGCAACGACCA,3
AAAAAGGGAGACAAAG,3
AAAAAGGGAGCTAAAG,3
AAAAATAGTTAGTCAT,3
AAAAATCCTGTCTTAT,3
AAAAATCGGCCGGGGA,3
AAAAATCTGGACTTCT,3
AAAAATCTGTCCATGA,3
AAAAATGACAACCTAA,3
AAAAATTGACAACGTA,3
AAAAATTGGGACAGGA,3
AAAACAAATAAAAGGT,3
AAAACAAGAGACCCTT,3
AAAACAATACGCCTAG,3
AAAACACAAAACAAAA,3
AAAACACACCGCGTGA,3
AAAACCCAAACCCAAA,3
AAAACCGTATCTATAA,3
AAAACGATTCTCACAA,3
AAAACGCTAAGCATTT,3
AAAACGTGTCCGAGCG,3
AAAACTCCGTTGCATC,3
AAAACTTGCAACCCGA,3
AAAAGAAAAATAAAAA,3
AAAAGAAAGCCCGATA,3
AAAAGAAGCATGTCCC,3
AAAAGAATGCGTCTCA,3
AAAAGAATTATCATTA,3
AAAAGACACTTCAATA,3
AAAAGAGATATCATTA,3
AAAAGAGGCAACTCGC,3
AAAAGCAAAAATAAAC,3
AAAAGCAATACATATT,3
AAAAGCACTATCAAAC,3
AAAAGCAGATGTGTAT,3
AAAAGCCTAGAATGAC,3
AAAAGCTTAATCCCCA,3
AAAAGGACCACGTAAG,3
AAAAGGATGAATCGGC,3
AAAAGGGGAGCCAAAG,3
AAAAGGTATCGGGCTT,3
AAAAGGTTTTATACTG,3
AAAAGTAACAAACTAA,3
AAAAGTATACTTAGTC,3
AAAATAAAAATGTAAT,3
AAAATAAGGGAGAGTC,3
AAAATACCTCAAAGCA,3
AAAATATATAAAAAGT,3
AAAATCAACATACACC,3
AAAATCCAACAAATAT,3
AAAATCCACAGAGTGT,3
AAAATCCTTAGGAGGA,3
AAAATCGTCCTTCCCG,3
AAAATTAAGGGGAAAG,3
AAAATTAGAAGAAAGG,3
AAAATTCAAAGCTCGG,3
AAAATTCAATATGGAT,3
AAAATTTCATCCCAAG,3
AAACAACGGTCCCAAA,3
AAACAACGTTTCCGCA,3
AAACAACTGAGTGTCT,3
AAACACTAGAGACAAG,3
AAACAGCCCTGACATG,3
AAACAGCGTCTGAATT,3
AAACAGTGACGGGACA,3
AAACATCATCGCCATG,3
AAACATTAAATTTGAC,3
AAACATTTTATTATTT,3
AAACCCAGGAAATCCC,3
AAACCCGATGTCCATC,3
AAACCCTCGGTTTCTT,3
AAACCCTGATCTTAAG,3
AAACCGCCTAGTTTAA,3
AAACCTCACCAAACCT,3
AAACGATGTAAACAAA,3
AAACGGGAGGTTTAAC,3
AAACGTGGAAACCCTG,3
AAACTCTGAAAAGTCG,3
AAACTTAGCAGACCAA,3
AAACTTGAAATTCAAA,3
AAACTTTTAGTGACAC,3
AAAGAAACTCAACTAC,3
AAAGAACTACCAAAAT,3
AAAGACCGACCGTCGA,3
AAAGATAGCTCAAAAA,3
AAAGATCGATCAACCT,3
AAAGATGCCGATGTCC,3
AAAGATGGACACGTAG,3
AAAGATTAGCTTGGCG,3
AAAGATTAGTGATTAG,3
AAAGATTCGCTTGTCG,3
AAAGCAAACGACCAGG,3
AAAGCAACACGTTGAA,3
AAAGCAACCGATGAAT,3
AAAGCAATAGAGGTAA,3
AAAGCACAACGCATCA,3
AAAGCATCATCCAACT,3
AAAGCCCACCAATGCC,3
AAAGCCTACTCACTAT,3
AAAGCGCTGCAACCAG,3
AAAGCTACTGTTATTG,3
AAAGCTCCTAACCGTC,3
AAAGCTTGATTCAATA,3
AAAGGAAAAATGGTTT,3
AAAGGAATTGCTTAAC,3
AAAGGACGCCCGTACG,3
AAAGGAGCCAGAGACT,3
AAAGGCCAACTTATAT,3
AAAGGCGCAAACTATC,3
AAAGGCTTCAAGGGTT,3
AAAGGTGAAATCAAAT,3
AAAGGTTATAGCATTT,3
AAAGTACCAAAGTGAA,3
AAAGTAGATATTTAAA,3
AAAGTCACATAACAAC,3
AAAGTCAGTCTGGCCC,3
AAAGTCCGAAACAGAT,3
AAAGTGGCGCCTTTCC,3
AAAGTGTATCAGAAAC,3
AAAGTTATACAGTTGG,3
AAAGTTCCGCTCCTAG,3
AAAGTTCTTATAGATA,3
AAAGTTGTAACAGCTC,3
AAATAACGAATCAGGA,3
AAATAAGCTAGGTCAT,3
AAATACACCATTAAAT,3
AAATACATCTATATAA,3
AAATACGACAACGGTA,3
AAATACTTAATTGAAA,3
AAATAGTATCACACTC,3
AAATAGTATCGAGCGA,3
AAATAGTCTTGTAAAA,3
AAATAGTGATAGTTGG,3
AAATATCAGCATGCTG,3
AAATATGACCGTCTCA,3
AAATATGACCTGCTCA,3
AAATATGGCCGGCTCA,3
AAATATTTGTTCTGGA,3
AAATCAAAACAGTCGA,3
AAATCACGCTCTGAAA,3
AAATCAGACCAATGTA,3
AAATCAGGGGCTTGTA,3
AAATCCAAACAGTCTA,3
AAATCCAGACTACACC,3
AAATCCCGCTATGAAA,3
AAATCCCGCTCTTAAA,3
AAATCGATACCATCTA,3
AAATCGGGTAATGGCT,3
AAATCTACACTTATTG,3
AAATCTGAACATCAGA,3
AAATCTGTGAGAGGTC,3
AAATGACCTTTCGTGA,3
AAATGATGGCCCCTGT,3
AAATGCTTAGCTAGTA,3
AAATGGAAATTACTGC,3
AAATGGCAATCATATT,3
AAATGGGGTTAGTATG,3
AAATGGTTAGCACTAC,3
AAATGGTTTCAATTGT,3
AAATGTAACATCAATA,3
AAATGTCTCATTGAGA,3
AAATGTGCTTAAATAC,3
AAATTAAATAGTTGAT,3
AAATTACCATTCAGCG,3
AAATTAGGGAAGTAGA,3
AAATTATATGATCTTA,3
AAATTATCATGAAAAA,3
AAATTGACCTATGCTA,3
AAATTGCCCATTAAGT,3
AAATTTAATTTGGACA,3
AAATTTTACCACACCT,3
AACAAAAGCCAGGCGT,3
AACAAACAGGTTTTCG,3
AACAAAGCTCGGTTAA,3
AACAAAGGGCAGACGC,3
AACAAATAACATATAT,3
AACAAATAGCATATAC,3
AACAAATAGCATTAAA,3
AACAAATATATGGTAT,3
AACAACAATTTTAACA,3
AACAACACAATATAGG,3
AACAACACTCATCAGA,3
AACAACAGAAATACAG,3
AACAACAGGGCAATCA,3
AACAACCCCTGAAGAT,3
AACAACCCGAATCACC,3
AACAACTAGAGGATCA,3
AACAACTCATCAGCGG,3
AACAAGACACTCATAC,3
AACAAGACACTCATGC,3
AACAAGGTAGCACGAC,3
AACAAGTAATAATTAA,3
AACAAGTATTCAACAT,3
AACAATAAGCGTACCG,3
AACAATCTTAGCCCCA,3
AACACAAGGCACTTCA,3
AACACAGCATGAACTT,3
AACACAGGTTGTAGCC,3
AACACATCACTTCACG,3
AACACATTCACCCCAT,3
AACACATTTGCTCCAG,3
AACACCAACTAAGTTG,3
AACACCCAAGGAGCCT,3
AACACCGAGGAAAATC,3
AACACCTTCACACGAT,3
AACACGCATAAAGACT,3
AACACGGAATAAAAAC,3
AACACGGATAATGATT,3
AACACTAATGACCTCC,3
AACACTCACCTAATCA,3
AACACTTATGGCCCAT,3
AACAGAAAAAAGGTAA,3
AACAGAATGCGTCTAA,3
AACAGATAGAGAGCCC,3
AACAGCGAGGAGAGAT,3
AACAGCTACTTCCCCC,3
AACAGTTTACACAATA,3
AACATAATAATTAACA,3
AACATACTAACGCATA,3
AACATCAAAAATAAGA,3
AACATCATCACCTGCG,3
AACATCTGGATTACAG,3
AACATGCCTAAATGTA,3
AACATGGGTGCGCTAT,3
AACATTACCTCCACCG,3
AACATTCCTCCTAACC,3
AACATTGCCTCATAGA,3
AACATTGGACATACAG,3
AACCAACATTTTGTGA,3
AACCAACTAGGGAAGC,3
AACCAAGTAAGTACTA,3
AACCAGCACATATACA,3
AACCATAAGATAATAG,3
AACCATTTTTCGCGGG,3
AACCCAGACACAAACA,3
AACCCATGGATACGAA,3
AACCCCAGTCGGACAA,3
AACCCGTTGCGTAGCA,3
AACCCTTACGTGCAAC,3
AACCGATAAAACACAC,3
AACCGGACATCAGTTC,3
AACCGGGAGCATTAAC,3
AACCGGGCGAATTAAC,3
AACCGGTGAACCTAAA,3
AACCGTTACAAAGGTC,3
AACCTGGGTGAGCTGA,3
AACCTTCCAGTCCCCC,3
AACCTTCCTACTAACC,3
AACCTTCTTCCTAACC,3
AACCTTGCAAATCCGC,3
AACGAAATGCCGATAA,3
AACGAAGAACCCAAAA,3
AACGAAGGTGTCACTA,3
AACGAATTGCAAATGC,3
AACGACTCCACTTGCA,3
AACGCAAGTCTAAAAG,3
AACGCCTACTTTCCAG,3
AACGCGATGACAACCA,3
AACGCGCGTCAAACTA,3
AACGCGCTCATAATTG,3
AACGCTATAATCCAGT,3
AACGCTCACGAACCGA,3
AACGCTTGGTTTACTG,3
AACGGAAAATCATAAC,3
AACGGAAATAAAACTC,3
AACGGAGCCAGAGACT,3
AACGGAGTCTCTAACC,3
AACGGCCAAGTTGAAA,3
AACGGCTCGCCTATAA,3
AACGGGCCGGAACTTG,3
AACGGTACTTACCTCA,3
AACGGTCCGTCTCCAA,3
AACGTAAATTAGCAGT,3
AACGTACAACGTAATG,3
AACGTCACTATATGAG,3
AACGTCTTGGACTGCT,3
AACGTGTTGGTTGTGA,3
AACGTTACAGGTAACA,3
AACGTTACATTAAGGG,3
AACGTTATCTAACTAA,3
AACGTTTATATCACAA,3
AACTAAGTGATAAATA,3
AACTAATGTAACTAAG,3
AACTAATTAATAAGTC,3
AACTACAAAGAAAAAA,3
AACTACCCCCAGAAAG,3
AACTACGATAGAATAG,3
AACTATGCATCACTAT,3
AACTCAAGTCTCAAAG,3
AACTCACTACCGCCGA,3
AACTCATAGACCACCT,3
AACTCCTATCCCATCA,3
AACTCTGCACAAAATT,3
AACTGTGGGAGAACAA,3
AACTTACCGTTCGACT,3
AACTTACTCTCGCACC,3
AACTTAGTAAATTCGG,3
AACTTAGTCGACTCAA,3
AACTTGAATGCACGGA,3
AACTTGCTCATGACTG,3
AACTTGTGCGTGACAA,3
AACTTTAATTCTACCA,3
AACTTTCACAGAAAGA,3
AAGAAAAGAAGACGGT,3
AAGAAAGACGAAAAAA,3
AAGAACAACAGGAACG,3
AAGAACAACCTGAACG,3
AAGAACACAAATGACA,3
AAGAACCTAATGTGTT,3
AAGAACGCAACACCCT,3
AAGAACGCTTAAACCC,3
AAGAACTCGAGGATCA,3
AAGAACTTGATGTAGC,3
AAGAAGATAAGAAACA,3
AAGAAGGATCCTCCGT,3
AAGACAAAACTACCTA,3
AAGACATATAAGTTGT,3
AAGACATTGGTAACTC,3
AAGACCAGGAATTAAT,3
AAGACCCACAAATGTC,3
AAGACCCAGTTAATCG,3
AAGACGGCGGGATTAA,3
AAGACTACTCCGGACT,3
AAGAGAAGCTGTTAAT,3
AAGAGAGCTCACGATA,3
AAGAGATCTTATCGTA,3
AAGAGCCTAGAATCAA,3
AAGAGCGATACAACCT,3
AAGAGGGGAATGATCC,3
AAGAGGTAACTGTGGT,3
AAGAGTACCAGAATCA,3
AAGAGTATCAAAAGCG,3
AAGAGTCTAATATGTT,3
AAGAGTGGGTTTCCGA,3
AAGATAATTTATGAGG,3
AAGATATCACCAAGTC,3
AAGATCCTACTCTGAC,3
AAGATCCTCCTCTTAC,3
AAGATGTATAAACGAT,3
AAGATTACCCGAATCA,3
AAGATTCCCCAACAAA,3
AAGCAACCATGAGCTT,3
AAGCAACCCTGATCTT,3
AAGCACCAAATCAGCA,3
AAGCACTTAATCATGC,3
AAGCAGAGAGTACAAC,3
AAGCAGATCCAACAAA,3
AAGCATATTCAGTAAC,3
AAGCCGAGATTACAAC,3
AAGCCTACGTGCACCT,3
AAGCGACAGAGTCAAA,3
AAGCGAGTAAATCAAA,3
AAGCGCCTATTCTTGA,3
AAGCGGATTATGAAAA,3
AAGCGTACCCGTGACG,3
AAGCTAAGCCACCATC,3
AAGCTAAGTTCCAATT,3
AAGCTAGCTTCTTATT,3
AAGCTCACCATCATTC,3
AAGCTCATTAAGACAA,3
AAGCTCTAGTTGTACA,3
AAGCTGATTCTTGAAT,3
AAGCTGCCCGCCCATC,3
AAGCTGTCAGCATAGA,3
AAGCTTGACGATAGGG,3
AAGGATAGTTCAGAAG,3
AAGGATATTCACACCA,3
AAGGATTAGTCAGGCC,3
AAGGCCTCTAATGAAC,3
AAGGCCTTGGCGATCT,3
AAGGCGTTTGCATGAC,3
AAGGGAAATGACTAAG,3
AAGGGAATCACCATAT,3
AAGGGAGGAAAATGGA,3
AAGGGATACTACCGCT,3
AAGGGTAAGAATGTTG,3
AAGGGTATGAAATATG,3
AAGGGTCAACTTACAA,3
AAGGTATAGGTGTAGT,3
AAGGTCCGGAGACATT,3
AAGGTCCTATAGAAAT,3
AAGGTGATAGACCAGC,3
AAGGTGCGCAATCCAC,3
AAGGTTAAAGCAAATC,3
AAGGTTGCGCACTGTC,3
AAGGTTTAGTTTAAAC,3
AAGTAAAACAAACAGA,3
AAGTAAATTGGAGTAT,3
AAGTAAGGTAGACAAG,3
AAGTACATGCTAAACA,3
AAGTAGAATCAAGCTC,3
AAGTCAGAAGGAATCA,3
AAGTCAGAGATCGACT,3
AAGTCTGGTTCAACCA,3
AAGTGAACCCCAAAAT,3
AAGTGACCCAAATACA,3
AAGTGACTTAAACACA,3
AAGTGCAAGTATTTGA,3
AAGTGCATACGGAGAG,3
AAGTGCATTGATTACC,3
AAGTGCCAAGTATTAA,3
AAGTGCGTAAATCAAA,3
AAGTGCTCAGCTGTTA,3
AAGTGGAACATGTATG,3
AAGTGGCCATGGCCGA,3
AAGTGGCCTCATCCCA,3
AAGTGGCCTCATCCCC,3
AAGTGTATTATAAAAC,3
AAGTGTCCGGGCGGCC,3
AAGTGTGACCGTCCGT,3
AAGTTAAACATTACGT,3
AAGTTGAGCTACTATA,3
AATAAAAATCGTAACG,3
AATAAAACATCTCAAA,3
AATAAAACCGTGACAA,3
AATAAACAATATAATA,3
AATAAACGACTTTACA,3
AATAAATATTACAATT,3
AATAAATTTGGAAGTG,3
AATAACCTCGGTCATC,3
AATAACTAACCACCCT,3
AATAAGATACACTCTA,3
AATAAGCATGACAGAC,3
AATAAGCTACACTATA,3
AATAAGGATGTGACGA,3
AATAAGTCAGAGATGC,3
AATAATAAGCCATAGA,3
AATAATAGGATTTAAT,3
AATAATCAGGAGTGGG,3
AATAATGAATCATACA,3
AATAATTGATAGGGAC,3
AATACACTATGCGATC,3
AATACAGCACATCTCG,3
AATACAGCCAATCTCG,3
AATACAGCCCATCTCA,3
AATACAGCCCCCACCA,3
AATACATTCCATTCAC,3
AATACCACGCCTTATA,3
AATACGTTGTACTCAT,3
AATACTAATACGAGAC,3
AATACTATACGGTAAA,3
AATACTATGACCTATG,3
AATACTGAGCCCAGCA,3
AATACTGGTATTTTGA,3
AATAGAAAAGGATAAA,3
AATAGAAAGGTGCTAC,3
AATAGAACTCGAAGAT,3
AATAGAATGCGCCAGC,3
AATAGAGTAAATAAGA,3
AATAGCAAAAAGACTT,3
AATAGCGTTTAATCGT,3
AATAGCTAAAGAACTT,3
AATAGTCTAGTATTAC,3
AATATAAGCACATTCA,3
AATATACCACAGTTGT,3
AATATACCAGTGGTAT,3
AATATATAAAAAAATT,3
AATATGCAAGAGGTTA,3
AATATTCCATTAAGAT,3
AATCAAAAAACCCCTA,3
AATCAAAACAAGTACT,3
AATCAAAGAGAAAACT,3
AATCAAATTTCTAGAC,3
AATCAACTCGGCGTCC,3
AATCAAGACTCCAAAT,3
AATCAATGTCGATTAC,3
AATCACAAACTCACCA,3
AATCACAATGTTTCCG,3
AATCACATAACATTAA,3
AATCAGATCCCACGAG,3
AATCATAACATGGTGC,3
AATCATTTCATATCTC,3
AATCCAGAACATCAAC,3
AATCCATTTGAAATTG,3
AATCCCATCGGGGGAT,3
AATCCCTAAACTCTTC,3
AATCCGAAAAAGAATA,3
AATCCGGAAACGTCCG,3
AATCCTCAAAAAAACT,3
AATCCTCGAGGCTACA,3
AATCGAAACGCTAATG,3
AATCGAAATGTTTCCG,3
AATCGAATAGGGGAAG,3
AATCGCCCAACAACAG,3
AATCGCCCTCAGACAG,3
AATCGCTATTAATAAC,3
AATCGTATAATAGCAG,3
AATCGTTGCGAGTTGT,3
AATCTATGTAATTGAG,3
AATCTGTCAGCATAGC,3
AATCTTATGATAGCAG,3
AATCTTGAGATTCCGA,3
AATCTTGCAACTCGGC,3
AATGAATACACTTCTA,3
AATGAGATTCGGGGAT,3
AATGATATCAGGAAAA,3
AATGATCTTGATGAAA,3
AATGATGGTTCTGAAG,3
AATGATGTGGGGTAGT,3
AATGCAAATAAAACCA,3
AATGCAATTATCATTT,3
AATGCAGAGGAATCGC,3
AATGCATATATAAGGA,3
AATGCATGAAGTGCGA,3
AATGCCAAGCCCAGTT,3
AATGCGACGAATTACA,3
AATGCGATTTGACACT,3
AATGCGGTAAATAAGA,3
AATGCTGTATCCTGGC,3
AATGGAAACAATGCCC,3
AATGGAACAATGTCAG,3
AATGGCAAAGGTACCA,3
AATGGCCATCGATGTC,3
AATGGGAGGTAGAAAA,3
AATGGGCACATGATTC,3
AATGGTCTAAGAAAGA,3
AATGGTCTGTATCATT,3
AATGGTTATAAAGTGT,3
AATGGTTTAATAATGC,3
AATGTAAAAAAGACTA,3
AATGTACTGCTTCCCA,3
AATGTCAAAAATACCT,3
AATGTCCCGTCAGTCG,3
AATGTCCGAAGGCGTA,3
AATGTTCAGCTCAGTA,3
AATTAAAAAAAATCAT,3
AATTAAAAACAAGTGC,3
AATTAAAACATGCAAA,3
AATTAAAGACAAATAT,3
AATTAAGAAAAAAAGA,3
AATTAAGCGAACGGTG,3
AATTAATGAGCGGGTA,3
AATTACAGCCACTTAC,3
AATTACATCCCATTAT,3
AATTACCTCTTGCAAA,3
AATTAGATCCTAACCA,3
AATTAGCTCTACAAAC,3
AATTAGGTCCCACCGG,3
AATTAGTTTAATAACC,3
AATTCAATCCCTTGCT,3
AATTCATACAGAAGGA,3
AATTCATCGAGAAGGA,3
AATTCTCACCGCATCT,3
AATTCTCGAAAGCGTG,3
AATTGAAGACATGAAA,3
AATTGCAGGACCATCC,3
AATTGCGAAAGTTAAA,3
AATTGGAATCGCTAAG,3
AATTGGCCTCATCCCG,3
AATTGGGAGCCACAAT,3
AATTGGTATTAACATA,3
AATTGGTTTAAAAGCA,3
AATTGGTTTAAACGAA,3
AATTGGTTTAAACGCG,3
AATTGGTTTTCCGCCC,3
AATTGTGGCCTAAGAC,3
AATTTAATATTACAGT,3
AATTTCAGAAGTTATC,3
AATTTCAGTCGCCCCC,3
AATTTGTAGCATCTCA,3
AATTTTAAAAGTTTAT,3
AATTTTGAATCCGTCA,3
AATTTTTAGTTTTGAA,3
ACAAAAAAAAATGGTC,3
ACAAAAAAAATTCATT,3
ACAAAAAAACTAAGCT,3
ACAAAAAAATGGAGGC,3
ACAAAAGAAGCTACAA,3
ACAAAAGACTCACAAT,3
ACAAACATTGGAACGA,3
ACAAACCCGCTTATGT,3
ACAAACGATCAACACT,3
ACAAACGATGTTGTAA,3
ACAAAGAAGTTAACCA,3
ACAAATACACATAACA,3
ACAAATAGTGTAGCCC,3
ACAAATGAAATAACAT,3
ACAAATGCACCCTACA,3
ACAAATGTCCTTCCCA,3
ACAAATTAAAGAAAAC,3
ACAAATTACCATTAGA,3
ACAAATTCTCTCTCAA,3
ACAACAATTGAAAATT,3
ACAACAGATCCGCCTC,3
ACAACAGTGACTGGAA,3
ACAACCAACCTCCTAA,3
ACAACCCAACCGAACA,3
ACAACCCAGACCCAAA,3
ACAACCGCAATACACC,3
ACAACGCCAGTTGATT,3
ACAACGCGTCAAACTC,3
ACAACGGAGTACGATA,3
ACAACTAAAATATCAT,3
ACAACTACATATAAAT,3
ACAACTACGAAACACT,3
ACAACTAGGGATGGAT,3
ACAACTGAAATATCTT,3
ACAACTTGCTGAGGAA,3
ACAAGAACCTTACTCA,3
ACAAGAATGATCCTAT,3
ACAAGAATTTTAGCTC,3
ACAAGAGTGAACTTCA,3
ACAAGCAGACTTATTT,3
ACAAGCCAAGAGAATG,3
ACAAGCCTGCGCCTTG,3
ACAAGCTAGGCCGAAG,3
ACAAGCTGCCCGACGA,3
ACAAGGACTTACATAA,3
ACAAGGGGGATAGTTA,3
ACAAGTAAGTTGACCG,3
ACAAGTAGAACACAAG,3
ACAAGTAGATACGACT,3
ACAAGTATCCGCATCC,3
ACAAGTCGTAGTCACT,3
ACAAGTTAGCGGTGCT,3
ACAATAAAGATCTCCC,3
ACAATAAGATATGAAT,3
ACAATACAAAATTCAA,3
ACAATACATACAACAA,3
ACAATATATGGCACAT,3
ACAATATCGGTAACGG,3
ACAATATGCAACATCT,3
ACAATCAAAAAATTCG,3
ACAATCATAAACCACT,3
ACAATCCCATTTGTTC,3
ACAATCGCAGTGATTC,3
ACAATCTTAACAGATT,3
ACAATCTTGAAGAAGC,3
ACAATGAAAAACCAGG,3
ACAATGACCCTGTGAA,3
ACAATGCGGCATTCAT,3
ACAATGGCGAGCACCG,3
ACAATGTACTTTATGG,3
ACAATTGAGAGAGCGA,3
ACAATTTACACATTAC,3
ACAATTTAGGGAGCGA,3
ACACAACCACACTTCA,3
ACACACAACATGAAAA,3
ACACACACACGAAGTT,3
ACACACGGATTAGTAA,3
ACACACTGATCTTAAG,3
ACACAGGAATGATGAT,3
ACACAGTAACCGGAAA,3
ACACAGTAACTAACCA,3
ACACATCGAAAAGTAC,3
ACACATTGATAACCAT,3
ACACCAACTAAGAGAA,3
ACACCAGTAACATGAA,3
ACACCATAAGATACCA,3
ACACCCCCAAAAATCT,3
ACACCCTGGAACTCAA,3
ACACCGATAGCAGTAC,3
ACACCGGTTGACATAA,3
ACACCGTCTAGCCACC,3
ACACGCAGAAATACGT,3
ACACGCATGGCGCGTT,3
ACACGCCCGCGCCTTG,3
ACACGCCTGCGACTTG,3
ACACGTAGACTCTAGA,3
ACACGTCCTTTTTCAA,3
ACACTATAAACTTATA,3
ACACTATGACACGTCA,3
ACACTCTAGGAAGCGT,3
ACACTGTTTACAGAGT,3
ACACTTAGACGCTAGA,3
ACACTTTGCCGGAAAA,3
ACAGAAAGCTAGGAAG,3
ACAGAACAGCCATTCA,3
ACAGAACATCCATTAA,3
ACAGAATATACTAACT,3
ACAGAATCCCAAAATT,3
ACAGAATGGTCGTTTA,3
ACAGACAGCATGCATA,3
ACAGACATAATACACT,3
ACAGAGTTGAATAACA,3
ACAGATAGCTCAGGAC,3
ACAGATCAGGTTCTAC,3
ACAGATGCATCCTTCG,3
ACAGATGTATCTGGTT,3
ACAGATTATTAAAAAT,3
ACAGATTCGTTAATGC,3
ACAGCGGCACCCCTCT,3
ACAGCTCAAGACCGAA,3
ACAGGAACATATCACG,3
ACAGGACACAGATTAA,3
ACAGGACTCCGCAAAA,3
ACAGGAGAAGTATCAA,3
ACAGGCAAAGCCATTA,3
ACAGGCCACCAGTCGC,3
ACAGGCTCCCGCTCAT,3
ACAGGCTTAATATTGG,3
ACAGGCTTTTGTATGA,3
ACAGGTAGGAAATCAT,3
ACAGGTCCTTTTGGAG,3
ACAGGTGAACCCTTGG,3
ACAGGTGTCATGAAAG,3
ACAGTAAAGAATCTGC,3
ACAGTAAAGCATCTTC,3
ACAGTAAGAGGCTCGA,3
ACAGTGCATGATCGCC,3
ACAGTTACATAAACAC,3
ACAGTTGTGACACTCT,3
ACAGTTTAATGTAGGT,3
ACATAATACAAATCCA,3
ACATAATAGACGATCA,3
ACATAATGATATTAGA,3
ACATACATCACACGGG,3
ACATACCCCCGTTTTC,3
ACATACCTTTCGTGAC,3
ACATACTTGAAAACGA,3
ACATAGATGCCTCGAT,3
ACATAGCACCAAAGAC,3
ACATAGCCACCCATAA,3
ACATAGTCGAATCTAG,3
ACATATAATACCCCTT,3
ACATATCCTGCGGACA,3
ACATATTTGACAAGCC,3
ACATCAATAAGGCTGC,3
ACATCAGTACGGAACA,3
ACATCCTACTAATGCT,3
ACATCGTACTCCGGTG,3
ACATCTCACAATCACG,3
ACATCTGACAGCTGCA,3
ACATCTGACCGATGCA,3
ACATCTGACCGCTTCA,3
ACATCTGAGCATCAGA,3
ACATCTGCAATTGCGA,3
ACATCTGGGAAGCATC,3
ACATCTTTTCTAGATG,3
ACATGACCCAAAGTCG,3
ACATGAGTGGAGTCAT,3
ACATGATAATAGGATA,3
ACATGCATCCATAATA,3
ACATGCCTAAGCACAA,3
ACATGCTCTAACGAAG,3
ACATGTATTCCTCAGG,3
ACATGTCGAAGCACAA,3
ACATTCTAGGTGTGAT,3
ACATTTCGCTGGATTT,3
ACATTTTTGATTATGA,3
ACCAAAGTACGAATTC,3
ACCAAATTAGGTAACG,3
ACCAACAGGGACCTCT,3
ACCAACCCTACCCCGA,3
ACCAACTAAATCAGTC,3
ACCAAGCCATTAAATA,3
ACCAATGTTATTCTAC,3
ACCAATTTTGAACCTA,3
ACCACAAGGCCCTTCT,3
ACCACACCACACTTTC,3
ACCACAGTAGTACCCA,3
ACCACAGTATTCTCAA,3
ACCACATAATTCCGTG,3
ACCACCATAAGTAAGA,3
ACCACGCCCTATTCCG,3
ACCACTACGGAGAGAG,3
ACCACTCACGGCGGTG,3
ACCAGCCAACATACTA,3
ACCAGCCGATGGACGA,3
ACCAGCCTCATTCCTC,3
ACCAGGAAATCTTATG,3
ACCAGTAAAATCACAG,3
ACCATAAAAACTGGAG,3
ACCATAACCCTGTGAA,3
ACCATAAGAACAGCCG,3
ACCATACACTCACAAC,3
ACCATAGTGCTTAACT,3
ACCATATAAGCACACT,3
ACCATCCCAACCCCGG,3
ACCATCGCTCAAGATG,3
ACCATCGGCCAGAGCT,3
ACCATGAACCTGTGAA,3
ACCATGCTCTATGTTT,3
ACCATGGAGACATAAA,3
ACCATTACCCTGTGAA,3
ACCATTGATTAAATGA,3
ACCCAAAGATCAGACC,3
ACCCAATCCGCTCTAA,3
ACCCACATCAACCACC,3
ACCCAGCCAGTGAGAG,3
ACCCAGGCCTCAGTCC,3
ACCCAGGGTGTACCAA,3
ACCCATAGCACCTAAA,3
ACCCATCTATTGGGAA,3
ACCCATGTGACCCACC,3
ACCCCAAGGCATGTAG,3
ACCCCCAAATATCAGG,3
ACCCCCACATATAAGG,3
ACCCCCGGCCAGGATT,3
ACCCCCGTCCCGGATT,3
ACCCCGAGGTAACGAT,3
ACCCCTCACCCACACG,3
ACCCCTTAGCTAACCA,3
ACCCGAGAGGCAAATA,3
ACCCTAAGAATAGCGT,3
ACCCTAATAGAGAACT,3
ACCCTCAACTTATTAA,3
ACCCTCATTTAACCTT,3
ACCCTCCAAAAACGAG,3
ACCCTCCATGACAAAA,3
ACCCTTACGATGACAG,3
ACCCTTATGTAAGCGA,3
ACCCTTCTTTAGATCT,3
ACCCTTGGGTACCTCA,3
ACCCTTTGCGAAACAG,3
ACCGAAATTCAATCAT,3
ACCGAAGATCAATTCT,3
ACCGAATCCAAGTCAG,3
ACCGACAAAAGCTGCA,3
ACCGACACTTGTACAC,3
ACCGAGGTTCTCACAA,3
ACCGAGTCATCTTTAT,3
ACCGAGTCCCTGTGGT,3
ACCGATACGGCCCACA,3
ACCGATAGATAAAAAA,3
ACCGATCATCTATAAG,3
ACCGCACGCTTGCAAA,3
ACCGCACTGGCTACGT,3
ACCGCCTCACGGGACA,3
ACCGCTATGCATCAAA,3
ACCGGCTACCGCTCAT,3
ACCGTCACGAGCCCAT,3
ACCGTCCTTATGAATA,3
ACCGTGAAACAACCAA,3
ACCGTTCAAAGTAGCG,3
ACCTAAAAAAAATCCT,3
ACCTAAAGATGCGCAC,3
ACCTAATTAAACCTTC,3
ACCTACAAAGCGAGCG,3
ACCTACACGTGACCCC,3
ACCTACACTATATACC,3
ACCTACATAGCAAATT,3
ACCTACCTAAACTATG,3
ACCTACTTTCAGTAAC,3
ACCTAGGCGGTAGCTA,3
ACCTAGTCCCCGTGCT,3
ACCTATCAGAACTACA,3
ACCTCAGAACTAACAT,3
ACCTCCCCCGAAAGTA,3
ACCTCGAAGCCAACGC,3
ACCTCGGTTTAGCCTT,3
ACCTCTCTTACAAACG,3
ACCTCTTTAACCCTTG,3
ACCTGACCAAATGAGA,3
ACCTGGAAGTTTAAAA,3
ACCTGTGTGAGTGCCC,3
ACCTGTTCATGGACCT,3
ACCTGTTTCTTACACA,3
ACCTTAAAGCATGAAC,3
ACCTTAACTGTGCACA,3
ACCTTAGCTTCTTAAT,3
ACCTTATAAAACTAAG,3
ACCTTCCAACAAAAGT,3
ACCTTGGGGATCATTC,3
ACCTTTAACGCAATAT,3
ACCTTTAGGGAAGAAG,3
ACCTTTGCATTGATTT,3
ACCTTTGCCCTTCTAA,3
ACGAAACCCATATCCT,3
ACGAAATAACTACATC,3
ACGAAATATAATTAGC,3
ACGAACATTAAACAAA,3
ACGAACCGGGATTTGG,3
ACGAACCTTTCTAAAA,3
ACGAAGCTCAAAGTAG,3
ACGAATATCGACCTTG,3
ACGAATCACATCTACG,3
ACGACACTGATGAAAA,3
ACGACAGCCTGACAAT,3
ACGACCAGCTCTACAC,3
ACGACCGCCGACCTAA,3
ACGACCTCGATATGAA,3
ACGAGACGTCAGAAAT,3
ACGAGCACAATAAAAT,3
ACGAGGCGGCGGCTTA,3
ACGAGTAAAATCGAGA,3
ACGAGTTTATGCACCA,3
ACGATCCCTTGCCGAC,3
ACGATGACAATAGAAT,3
ACGATGCCCGGCCCCA,3
ACGATTATCAAAAGCG,3
ACGATTGCAAATTTCG,3
ACGATTTCGCAACAAC,3
ACGCAAACAGTGGTAT,3
ACGCAACAATGGACAG,3
ACGCAACACCCTACCG,3
ACGCAAGCAAAGTGTA,3
ACGCAAGTAGGGAGCG,3
ACGCAATGAAGATAAA,3
ACGCATCTATAATGTG,3
ACGCATGTAAAGCGGA,3
ACGCCAAAATTATTAT,3
ACGCCAATTGCATGTA,3
ACGCCAGAAGAATTAC,3
ACGCCGGCGGTAGCCG,3
ACGCCTATTATTCCAA,3
ACGCCTTTACGAGTAC,3
ACGCTAGTTTTACCCC,3
ACGCTTAACAAAAACC,3
ACGCTTAAGACTCATT,3
ACGCTTGAAGCAAGAT,3
ACGGAAAAACGTAATT,3
ACGGAAGGCCTGCCTC,3
ACGGAATAATCGGTCA,3
ACGGACCAGAAGTCCG,3
ACGGACTAACCGGTAC,3
ACGGACTGGGGTAAAA,3
ACGGAGAACCCCTCCG,3
ACGGATATCACTTAAA,3
ACGGATCACTTATAGG,3
ACGGCAATAACCATCA,3
ACGGCAGGACTGCCTC,3
ACGGCATAATTCAATT,3
ACGGCCCAAGGTTAAT,3
ACGGCGCAGTCCTCAA,3
ACGGCTACGAACGACT,3
ACGGGACTAAATATAA,3
ACGGGCAGACATGCAG,3
ACGGGCATAATGGCTT,3
ACGGGCCAATCTGGTC,3
ACGGGTATGTAATCCG,3
ACGGTATACAATAGGA,3
ACGGTGCCGCCGATAA,3
ACGTAAAGGCCATTTT,3
ACGTAAGAAGGATACA,3
ACGTAATATGCAGATG,3
ACGTAATATGGCTCTG,3
ACGTACAAAATTGATT,3
ACGTACACCATCAAAA,3
ACGTACTATTGCTCTG,3
ACGTACTTTTCACACA,3
ACGTAGACAAATTTCC,3
ACGTAGACCTACAAAA,3
ACGTATAACTTCCGCA,3
ACGTCATGAGTTGAGC,3
ACGTGAAAAGTTTTCG,3
ACGTGCACCTCGTTTT,3
ACGTGTGACCGTTCGT,3
ACGTTATCTACCAATT,3
ACGTTCGACCATTAGA,3
ACGTTCGCACTCAATA,3
ACGTTGAGGGTCCCAA,3
ACGTTTAATGCTGATA,3
ACGTTTCGAGACCTAT,3
ACTAAAAAGATCATTC,3
ACTAAATGTTATCTCC,3
ACTAACTGCTACAATC,3
ACTAACTTTATATAAT,3
ACTAAGCAAACTCGGG,3
ACTAATAAGATATTGG,3
ACTAATTTGGAAATGA,3
ACTACACACCTCACGA,3
ACTACATAGAAACATA,3
ACTACCCGGACGGGTA,3
ACTACCCGGGACTATT,3
ACTACCGTGAGGATCA,3
ACTACCTAATTATGAA,3
ACTACCTGCCACAATC,3
ACTACTGACCAAACCC,3
ACTACTGAGTCATTCG,3
ACTAGGACGCTCGTAA,3
ACTAGGCACTGACTTT,3
ACTAGTAAGAACGATA,3
ACTAGTTATCTCTGTA,3
ACTATACCCTATTGTT,3
ACTATATTGACAGTTT,3
ACTATCCAAACTTCAA,3
ACTATGATCTAACTCT,3
ACTATGTTTTACCTCA,3
ACTATTCACACCAAAT,3
ACTCACAGTCTTGTAC,3
ACTCCAGGGTGTGACA,3
ACTCCCATCCATAATG,3
ACTCCCCTGAACTATG,3
ACTCCCGACTAAAATA,3
ACTCCCGGTTGTGACA,3
ACTCGAACCAATCTGT,3
ACTCGAATGTCCCACC,3
ACTCGAGCCTGTCAGG,3
ACTCGGATGCTCGTAA,3
ACTCGTGTTGAACAAC,3
ACTCTAAGGATGACTT,3
ACTCTAATCAGACTGT,3
ACTCTACAGACATACA,3
ACTCTCTTGACGCAAA,3
ACTCTGACCGGGCCGC,3
ACTCTGGATTTGTGAC,3
ACTCTTAACCAATAGG,3
ACTCTTAATATAGTTA,3
ACTCTTCAGTACAGTT,3
ACTCTTCTATAACCCC,3
ACTCTTTCGATTGCGT,3
ACTGAAATAATCTACC,3
ACTGAAATTAGTCACC,3
ACTGAAGCTAATGCCG,3
ACTGAAGCTTAAACTC,3
ACTGAATCTAAAAGCT,3
ACTGAATGAGCTGTAC,3
ACTGAATGCTAAAGAA,3
ACTGAATGCTAAATCA,3
ACTGAATGTAAGGCCT,3
ACTGACAAACAACACA,3
ACTGACAAGGACTCCC,3
ACTGACAAGGGCTTCC,3
ACTGAGAAACAAAGTT,3
ACTGAGATAAACATAT,3
ACTGCACATATGGGCA,3
ACTGCTGAAGGGGCAC,3
ACTGCTGAGTGCCATA,3
ACTGGAAACAATTCCC,3
ACTGGAAATGCATACG,3
ACTGGAGTTATTAAAA,3
ACTGGCGATCGCCAGG,3
ACTGGCGATCTCTCTC,3
ACTGGCTCCCGCTCAT,3
ACTGGGCATGCGACGA,3
ACTGGTCGCCACCTAA,3
ACTGGTGAACCCTTGC,3
ACTGGTGGACGGGAAG,3
ACTGTCTGAAGATCAA,3
ACTGTGACCGATTTAC,3
ACTGTTTATTATAGAC,3
ACTTAAATAATCTGCC,3
ACTTAATCTGGCTTGG,3
ACTTACAAGGGCTCCC,3
ACTTATCGAAACCAGT,3
ACTTATGTATCCTGGG,3
ACTTCAGCAACTAATC,3
ACTTCCAAACCCATAG,3
ACTTCCCCCATAGCAA,3
ACTTCCCGACATTCAT,3
ACTTCTGAAACCATCA,3
ACTTGAGAGTACACAC,3
ACTTGAGCGATTAGTA,3
ACTTGCAAAGATGAAA,3
ACTTGCACTCATTCCC,3
ACTTTAAATGTAATTC,3
ACTTTACTTAGAACTG,3
ACTTTCTGTTCGTTAA,3
AGAAAAACGAACAGTG,3
AGAAAAATGCCCTATT,3
AGAAAACACCCTTATT,3
AGAAAATATTAATTAT,3
AGAAAATCAATTACAG,3
AGAAAATCTCAAGCAG,3
AGAAACAATTCGACAC,3
AGAAACCGCTGAAAGC,3
AGAAACTACAAATGAA,3
AGAAACTTTAACTTAA,3
AGAAAGCCTCATTTAT,3
AGAAAGGTAATTAAAC,3
AGAAATATCCATCGTC,3
AGAAATGCCTTATATA,3
AGAAATGGAGAGGTAC,3
AGAAATTAGACCAACA,3
AGAACAGAATCGTGCA,3
AGAACAGGGGCATATA,3
AGAACCAACGATTAAA,3
AGAACCAGCATACACA,3
AGAACCGCTACTGAAA,3
AGAACGATAACTAGCG,3
AGAACGTATCAGCAAC,3
AGAACTTAAAACCAAC,3
AGAAGAATGATCCTAG,3
AGAAGACAATTGAAAG,3
AGAAGAGGAATAGAAA,3
AGAAGGTCTCGAGGAA,3
AGAAGTAATATTTTAG,3
AGAAGTATTTGGTTAA,3
AGAAGTCAACAAAAAG,3
AGAAGTTGGTCTGGAT,3
AGAATACGAGGGGCTA,3
AGAATAGACAACAAGT,3
AGAATGCTTAATCATC,3
AGAATTAACCTAATTG,3
AGAATTGCTTACATAG,3
AGAATTTATAACTCCC,3
AGACAAAAGATAACTG,3
AGACAACTTGAGGAAT,3
AGACAAGGGACACCAT,3
AGACAATCATATCTGG,3
AGACACAACGATCACA,3
AGACACTTGACGAAAC,3
AGACAGAAGTGGATCA,3
AGACAGAATACCACAA,3
AGACATGTATACAAAA,3
AGACATTATTTCATAT,3
AGACATTGCAGGTCCT,3
AGACCCTGGCAAACGA,3
AGACCCTGTCAAACTA,3
AGACCCTTTCAAACGA,3
AGACCGAGGTGTACAC,3
AGACCTGATCTCACCC,3
AGACGAACGCCCTCGG,3
AGACGATATCAGACCT,3
AGACGCCTATCGGCCT,3
AGACGGGTAATCACTG,3
AGACGTGTGAACTTGT,3
AGACTAACGTAACTAT,3
AGACTAACTGTTACTA,3
AGACTAGGTTTCCAAG,3
AGACTATCATTAACAA,3
AGACTCCACAAGTTTT,3
AGAGAAAATTCCCACT,3
AGAGAAACTTCACACT,3
AGAGAAATCTATGATC,3
AGAGACCTACCACCTT,3
AGAGAGCCAAGTCCCT,3
AGAGAGGGATTCAGTT,3
AGAGATACTCAATTCC,3
AGAGATCAACACTGCT,3
AGAGCATAGCCGCAAG,3
AGAGCATCGCCTCAAG,3
AGAGCCGGACTTACCC,3
AGAGCGGAAACTGGCG,3
AGAGCTATAATCTGCA,3
AGAGCTCCTTCATATC,3
AGAGCTGATCACGGCT,3
AGAGGAACTAAAGGAG,3
AGAGGACGCAAAATCA,3
AGAGGATACTATAAGT,3
AGAGGGAGCCAATGTA,3
AGAGGGATACAATTAA,3
AGAGGGCTTTTGGTAA,3
AGAGGTATACCATTAA,3
AGAGGTCGCGGTGTTA,3
AGAGGTTTACAGAAAT,3
AGAGTAACAACCAGCA,3
AGAGTATCACCAAGAC,3
AGAGTCTGGGGAATTA,3
AGAGTGGATGATCAGG,3
AGAGTGGCTTATCAGG,3
AGAGTTACAAGTTAAC,3
AGAGTTTTTTGTAACT,3
AGATAAAAATTAACTG,3
AGATAAAAGTTACATC,3
AGATAAAGAAAAAATA,3
AGATAAAGAAGATAAA,3
AGATAATGCTCTCAGA,3
AGATACCTCCCACCTT,3
AGATACGCTTGTAGCA,3
AGATAGAGAATGTTGC,3
AGATATAAGTGGTAAA,3
AGATATATCATAGCTT,3
AGATCAACCAAAAGAT,3
AGATCACATAGTTTGT,3
AGATCACCTTCGGTTT,3
AGATCAGACCTAGTAA,3
AGATCAGATAGAAAGA,3
AGATCCCACATGAGAA,3
AGATCTGGCGATAAAC,3
AGATGAAAAACAACCC,3
AGATGACCACCCACCT,3
AGATGATATTTTCCCA,3
AGATGATGCCTAATTA,3
AGATGCTAACATAAGA,3
AGATGCTCTCACCACA,3
AGATGGCCGCATTTTA,3
AGATGTCCACATTTTA,3
AGATTAACAACACCTG,3
AGATTAAGAGATACGT,3
AGATTACCATTCGGCG,3
AGATTAGAAGTACACG,3
AGATTCGAACCGCGGC,3
AGATTCTTTAGAGCAG,3
AGATTGAGCTAAAAAT,3
AGATTTGGATAGTAAG,3
AGCAAAAACTTCAGAC,3
AGCAAAAACTTCATCC,3
AGCAAAGCCCACCTAT,3
AGCAACACATGCACCA,3
AGCAACTCATGTAGCC,3
AGCAATAATAGACCGA,3
AGCACAAAACGTCCCA,3
AGCACAAACTTTTCTT,3
AGCACAAAGTTTTCGT,3
AGCACAACCTAATGAC,3
AGCACATAACCTTTGG,3
AGCACCACCTGTATCC,3
AGCACCCCTCTACCAC,3
AGCAGCTGGCCTGGAA,3
AGCAGCTTAAAAATTA,3
AGCAGGAGACCGATTG,3
AGCAGTGTCCACCAAC,3
AGCATAACAATTAGAG,3
AGCATACTACCAATTT,3
AGCATCGTCCTGCAGT,3
AGCATGAATTTGGCTT,3
AGCATGGAACACGCAA,3
AGCATTACGTTATGAG,3
AGCCAATCGATAAATC,3
AGCCAATCGTCATGAT,3
AGCCAATTTAGAAAAC,3
AGCCACATATAGTAAA,3
AGCCACGGCATCCCCA,3
AGCCATTTAAGCCCAA,3
AGCCCCAGAAATAGCC,3
AGCCGAATAACAATCT,3
AGCCGACCATAAGAGC,3
AGCCGACTAGTATGAC,3
AGCCGTCCTAATGACG,3
AGCCTAACAATTATAG,3
AGCCTAGACGATTTGC,3
AGCCTAGAGTTCTCTG,3
AGCCTTAGAAACTCTG,3
AGCGAAGCTGGATAGC,3
AGCGAGAATTCCCATT,3
AGCGAGTAAATATAGA,3
AGCGATAGAACAACCA,3
AGCGCAACACCAATCC,3
AGCGCATGTTACTGTA,3
AGCGCGTTACACTTTA,3
AGCGCTTATACTCAAT,3
AGCGGCACTTAAACTT,3
AGCGGCTCATGAACGC,3
AGCGTCATACGACGTA,3
AGCGTCTAATCCCACA,3
AGCGTGAAACAAACAA,3
AGCGTTATCACCAACG,3
AGCTAACATAATGGCA,3
AGCTAATAAAAGCCAT,3
AGCTAGCATCTGCCAC,3
AGCTATAACTACCGAA,3
AGCTATACAACTAAGT,3
AGCTATATTCCATGAG,3
AGCTATCGAGAGTGCG,3
AGCTATCGCAAAGGAA,3
AGCTCACGCAACTAAG,3
AGCTCCCCACAAAACA,3
AGCTCCGTACTATCGA,3
AGCTCCTCTTGGACGA,3
AGCTCGGCCTAAAACG,3
AGCTTACCAAGGCACC,3
AGCTTGAAACAACCAA,3
AGCTTGGCGGGGCCTA,3
AGCTTTCACAAAAGTA,3
AGCTTTCTTTATAACT,3
AGCTTTTGGCACATGT,3
AGGAAGATTCCACATC,3
AGGACAAAATAAGCGG,3
AGGACACACACCCGAG,3
AGGACACAGATTGCTA,3
AGGACACCCACCAGAG,3
AGGACCCAAAAACTAT,3
AGGACCCCATAAGGCG,3
AGGACTATTCGTAAAA,3
AGGAGAACTGACCCTA,3
AGGAGACTCCCTCCAT,3
AGGAGCACCCTACGTA,3
AGGAGGCAAACTTACC,3
AGGAGTACTGCCATAC,3
AGGAGTATAGAATTAG,3
AGGATAATACTGCATA,3
AGGATAGTATTAGCCG,3
AGGATATAAAAATCAG,3
AGGATATATTCTCTTC,3
AGGATGGCCGAGTTTG,3
AGGATTAGGCACAAGA,3
AGGATTCAAAACAGTA,3
AGGCAACCGACTAAGA,3
AGGCAACTGTCAGCTG,3
AGGCAATGTAGAAGTT,3
AGGCACAAATCCTAAT,3
AGGCACCATACACAGC,3
AGGCAGCCTCCGATCG,3
AGGCAGCTTGACTATA,3
AGGCCAAAACGTGGGA,3
AGGCCAAAATAGTCGT,3
AGGCCGAACTACTCCC,3
AGGCGAACAAATAATA,3
AGGCGTCAGATTAAAC,3
AGGCGTCGTTAATAAG,3
AGGCTAAAAGCCGACT,3
AGGCTAATTTCCAATG,3
AGGCTCGGAGGAAGAC,3
AGGCTGACCAACAGAT,3
AGGCTTGACCAGAAAT,3
AGGGAAACGTTCAGTT,3
AGGGAAACTTCCCACT,3
AGGGACAACAGCTAAA,3
AGGGACACAGTACAAG,3
AGGGAGCGTGTCTATA,3
AGGGCACCCACCCGAG,3
AGGGCCAAAAGCTAAA,3
AGGGCCTGACTCGTCC,3
AGGGCTAACACTACCC,3
AGGGCTCAGAGCATAG,3
AGGGGAACCCATGAAC,3
AGGGGAATTTAACGAA,3
AGGGGTAAAAATGTTG,3
AGGGGTTAACACTGAG,3
AGGGTCCGCTTAGACA,3
AGGGTGAGAACGAGAC,3
AGGGTGATATCTAAAT,3
AGGGTTTATCGCAGAG,3
AGGTAAAAAAATACAT,3
AGGTAAAATATCAATA,3
AGGTACTATGGCTCTG,3
AGGTAGTAATCCCCTA,3
AGGTATTATTCTAACC,3
AGGTCATATTATCAGA,3
AGGTCGATGCGTACTG,3
AGGTCTGATGGTCTTA,3
AGGTCTTTCCTCACCC,3
AGGTGAACAATTACTA,3
AGGTGAGTAGTACTCT,3
AGGTGCTCAGCTTCTC,3
AGGTGCTGCCGAGAAC,3
AGGTGGAAATTCAACG,3
AGGTGTAACCAACCGA,3
AGGTGTCATGCTAACA,3
AGGTGTTAAGATCCTT,3
AGGTTAATTCAGGAAC,3
AGGTTCATTACGTAAC,3
AGTAAAATCTACTAAA,3
AGTAAACTCCCTCCAT,3
AGTAAATGCAGTGTGG,3
AGTAAATTGATTTCCC,3
AGTAACGGGAGAACTA,3
AGTAACGTTTCACATT,3
AGTAACTAGCTGTGAA,3
AGTAAGCCATTAATCA,3
AGTAAGTATGAACACA,3
AGTAAGTCGCTTGGCC,3
AGTAATGAGACCCAAC,3
AGTACAAGATACACTA,3
AGTACAGCCGTCCGTA,3
AGTACCATAACATTGT,3
AGTACCATAACCACCC,3
AGTACCATGAAAAAAT,3
AGTACCCAGCTCTAAC,3
AGTACCCGTAAATGTA,3
AGTACCTATCGCTACT,3
AGTAGACTCCCTGCAT,3
AGTAGACTCGCTCCAT,3
AGTAGTACAGATGGCA,3
AGTATAGTAGTAGTTT,3
AGTATCATAGACTCAC,3
AGTATGACCAAGCAAG,3
AGTATTCATAAAAAAG,3
AGTATTTTGACAGCCA,3
AGTCAAAGCATTACCC,3
AGTCACATATTCATCC,3
AGTCACTATAAGAATC,3
AGTCAGACCGCGACCA,3
AGTCAGACTAACACGG,3
AGTCATAAGCCAGAAC,3
AGTCATAAGGAAACAC,3
AGTCATAGTGCCTTTT,3
AGTCCGCATCTCTATG,3
AGTCCTAAGGAAAAAC,3
AGTCGAGTAACGACCC,3
AGTCGGTTCACTCATT,3
AGTCTACCCATAGTTA,3
AGTCTGTACACCCCGG,3
AGTCTTTCGCAAGATC,3
AGTGAAAAGGGTCACA,3
AGTGAAACTATCCACA,3
AGTGAATAGGTCCATA,3
AGTGACATCGAACGCC,3
AGTGACTCACGGTAAA,3
AGTGAGTATACTATCT,3
AGTGATACGAAGACTC,3
AGTGATAGCTTAGTCT,3
AGTGCACATTTGACGA,3
AGTGCACTGAAGCTGG,3
AGTGGCTACTATTATT,3
AGTGGGACTGTATGTA,3
AGTGGGAGTTTCCCAA,3
AGTGGTGCCATCAAAT,3
AGTGTTATGAATCCCA,3
AGTGTTGGACAGCATC,3
AGTTAAAGAATCCACA,3
AGTTAAGAAACCACGC,3
AGTTAATGAACTTTTT,3
AGTTAGGATTCCAACC,3
AGTTATATGGTAACCC,3
AGTTCAAAACATTTAA,3
AGTTCAGGCATTTACC,3
AGTTCCCTCTTGAGAC,3
AGTTCCGTCATTTACC,3
AGTTCGAATAGTAGGA,3
AGTTCGCTGCCCGTAG,3
AGTTCTGAAACCGTCA,3
AGTTCTGCATCCCTTT,3
AGTTGCAACCATACCG,3
AGTTGGAAATATCCCT,3
AGTTGTACTTCTACAT,3
AGTTGTTGGTCGTAAA,3
AGTTTATGTGGGCAGT,3
AGTTTCAAAACAGCCC,3
AGTTTCTACCCTAAAT,3
ATAAAAAACACCAAGT,3
ATAAAAAATTCAAAAA,3
ATAAAAACAAACAGTG,3
ATAAAAACACTGGACA,3
ATAAAATATTCTTTAA,3
ATAAAATTACCTATCA,3
ATAAACAAAATGAAAT,3
ATAAACCATTCGACAC,3
ATAAAGACAACGACCT,3
ATAAAGACACGTGACC,3
ATAAAGATAATAATTT,3
ATAAATAAAACCTAAA,3
ATAAATACCTGAGTCA,3
ATAAATGAGGAAAAAT,3
ATAAATTAAAGACATT,3
ATAAATTGGCACCGAA,3
ATAACAACTAATGAAC,3
ATAACAAGAACACTCA,3
ATAACAAGATGGACCC,3
ATAACAATACCTTCCG,3
ATAACACACCAACTAC,3
ATAACAGGATGTAAAC,3
ATAACATAGAAAACAA,3
ATAACATTATAAATAT,3
ATAACCAGAGACCCTT,3
ATAACCCAACAAAACA,3
ATAACCCGCAAAAACT,3
ATAACGAGGGACAAAC,3
ATAACGCTAAGCATTG,3
ATAACGGAAAGCAGCT,3
ATAACGTTCTTACTAC,3
ATAACTAAAAGCAAAC,3
ATAACTAAGACAACGG,3
ATAACTAGGGCCAAAC,3
ATAAGAAAACTCAAAA,3
ATAAGAACAAGGGGTG,3
ATAAGAATATAACATA,3
ATAAGATCACCCGCTC,3
ATAAGATTGACACAAT,3
ATAAGATTTACACACT,3
ATAAGCCGCCGGCTCT,3
ATAAGGTGCTCAGAAT,3
ATAAGTAAGGTAATCT,3
ATAAGTATAGAGACTA,3
ATAAGTGTGTAAGACT,3
ATAAGTTTCTATATAT,3
ATAATAACCAGGGGTG,3
ATAATAAGATTTAACA,3
ATAATAAGCACCTTAG,3
ATAATCAAGGGCAACA,3
ATAATCAATGTTCAAG,3
ATAATGAATGCCAGAA,3
ATAATGATAATATCTA,3
ATAATGATTCGAGACC,3
ATAATGCAACTATTTG,3
ATAATGGCCGGATTAG,3
ATAATGTTAGAACAAA,3
ATAATGTTGATTTACA,3
ATAATTGGTCTAGACT,3
ATAATTGGTTCGCATC,3
ATAATTGTAGTCTGAG,3
ATACAAGACCACTTCC,3
ATACAAGCTCTATCCT,3
ATACAAGGTCAATCTA,3
ATACAATTGTGATATG,3
ATACAATTTTCAGGGT,3
ATACACTATTCCGTGA,3
ATACAGACACGTGACC,3
ATACAGGTTCTATAGA,3
ATACATATAAAAATAA,3
ATACATATAATAATTT,3
ATACATCAAAAGATTT,3
ATACATGTTATCAAAC,3
ATACATTGCTTATGAG,3
ATACCAAGACAGTCAC,3
ATACCAAGTACTCGTC,3
ATACCAATCCCAGAGA,3
ATACCCACAGCGATTA,3
ATACCCAGCTAATTCC,3
ATACCCCCGTTGACGT,3
ATACCCCCTCGTGGGA,3
ATACCTCAACAATCTT,3
ATACCTCATATGATGC,3
ATACCTCTTGTGACCA,3
ATACCTGAAGTTCACA,3
ATACGAAAATGACCTA,3
ATACGAACATTACCAC,3
ATACGCCCATAGGAAA,3
ATACGCCCCTCGATCA,3
ATACGGACGACTCCCG,3
ATACGGGAACTTACCA,3
ATACGTATTCTCGCTG,3
ATACGTCCAAACAACA,3
ATACTAGTAATATAGA,3
ATACTATTGACATATC,3
ATACTATTTACACATC,3
ATACTCAAAACAGAAA,3
ATACTCATTAAGACAA,3
ATACTCTCCCATAATG,3
ATACTGACGTTTTGAG,3
ATACTGTATTCATTTG,3
ATACTTAATAGAGGAG,3
ATACTTACATCATAAG,3
ATACTTTCCAGGCAAC,3
ATAGAAATCACGACAG,3
ATAGAACAAAAATGTC,3
ATAGAAGGGTCAAATT,3
ATAGACACTCCACCAA,3
ATAGACATCATACGTC,3
ATAGACGACTCACCAC,3
ATAGACGGCTAACCAC,3
ATAGAGATTAAAAGGA,3
ATAGAGGAATGTGCAA,3
ATAGAGTCGCGTTGTA,3
ATAGATCATGCATAAA,3
ATAGATGATAGAAAGG,3
ATAGATTATAAACCAT,3
ATAGATTGGTACGTTA,3
ATAGCACACCAACTGC,3
ATAGCACCCCGACATA,3
ATAGCATAAAGAGCTC,3
ATAGCCACTCACTGAA,3
ATAGCCAGTAGAGGAG,3
ATAGCTAAGGTGACTT,3
ATAGCTCCAAACCGCA,3
ATAGCTTCAGATCAAT,3
ATAGGAAAGCGGGGTT,3
ATAGGAACTAGCTGCG,3
ATAGGACAAAAAGATA,3
ATAGGCACGTTAATGA,3
ATAGGCACTAGGAATG,3
ATAGGCTCATTACCTG,3
ATAGGTAAGTCGGATG,3
ATAGGTGATCATATGC,3
ATAGTAACTACGCTGC,3
ATAGTATGACCACCCA,3
ATAGTGACAGTTTTCC,3
ATATAACATTCAAACC,3
ATATAACCGAATCAAA,3
ATATAACTACAGAGGG,3
ATATAATAGCAAAATG,3
ATATACCTGGTCCTGA,3
ATATACTGGATCACAC,3
ATATAGAACGTCTCGT,3
ATATAGACACGCGACC,3
ATATAGACTTCGTACG,3
ATATAGAGCTGCACTA,3
ATATAGCGTCCGAACC,3
ATATATAGAGAAGGTT,3
ATATATTGTGTGGTGA,3
ATATCACATGAAAACA,3
ATATCAGTGCAACCGC,3
ATATCATCCTGTAATG,3
ATATCATTGAATTACA,3
ATATCCTACAACCCCA,3
ATATCGTCCTGTAATT,3
ATATCTAGTGGCTAGG,3
ATATCTATAACTGATA,3
ATATCTATGAACATTT,3
ATATCTGGAATGAGAT,3
ATATCTTCATAGTGCT,3
ATATCTTGGTAGTGAT,3
ATATGAAAGAAAAATC,3
ATATGAGACGTCCACT,3
ATATGATTCGTCCAGA,3
ATATGCAGACATCATG,3
ATATGGACTGTTATCT,3
ATATGGCCACATTTTA,3
ATATGTATACGTAAGG,3
ATATGTCTTCAAGACA,3
ATATGTTAGCAGTACC,3
ATATTAAAGATACCCT,3
ATATTACACTCCAGTA,3
ATATTACAGCCGAACG,3
ATATTATTACTATCCA,3
ATATTCAACAGGCGAA,3
ATATTCATGTCAGTTT,3
ATATTGCACGGAGGGA,3
ATATTGCTTGAAAATT,3
ATCAAACACAATACAT,3
ATCAAATGGCCATCGG,3
ATCAACATATAGATCG,3
ATCAACATGCAGGGAG,3
ATCAACCAATCCAAAT,3
ATCAACCAGAATCACC,3
ATCAACCCGAATAACC,3
ATCAACCCGAATCAAC,3
ATCAACCTATCACAGT,3
ATCAACCTCACGACAG,3
ATCAATGGGGAGATGT,3
ATCAATTCCCGAAGCA,3
ATCAATTTACCCAGCA,3
ATCAATTTGAACAAAC,3
ATCACCCGTGTGTATC,3
ATCACGGTATCTCTCA,3
ATCACTACCAACTTGC,3
ATCAGTTAAAAGCTAC,3
ATCATAATCCAGACTT,3
ATCATAGACATCAAAT,3
ATCATGTTGATTTATA,3
ATCATTAAAGAGAATA,3
ATCATTGTGTAAACGC,3
ATCATTTATAGTAAAA,3
ATCATTTTGATTTACA,3
ATCCAACCTTCCACCA,3
ATCCAACTGAAACTGA,3
ATCCACCTTATGAATA,3
ATCCAGAAAGACGCGC,3
ATCCAGTAAGACGCGC,3
ATCCATTGACCAATGT,3
ATCCCAAACATGGAAC,3
ATCCCAAATTACAACA,3
ATCCCATCCGGTACCT,3
ATCCGAAATCAAAATT,3
ATCCGACAATCTCGTA,3
ATCCGACTCCCTTCCC,3
ATCCGAGCCTGGAAAA,3
ATCCGATAAAACACAA,3
ATCCGATAAAGCACAC,3
ATCCGGACCTGATATG,3
ATCCGGCAACAAACCA,3
ATCCGTCCCTCCGTGA,3
ATCCTACCGCTCACAG,3
ATCCTACGGAACGTCT,3
ATCCTAGAAACCGGAT,3
ATCCTAGTCAACTATT,3
ATCCTATTAATAGAGG,3
ATCCTCGTCGATACTC,3
ATCCTGCCACAAACCA,3
ATCCTTAAAAATTTAC,3
ATCGAAAATAAACCAT,3
ATCGAAGATTAGCAAG,3
ATCGACATCGTGACGG,3
ATCGACCCTAGAGCTG,3
ATCGACCGAAACTTAT,3
ATCGATCACAGTCCCA,3
ATCGATGTGACTTAAA,3
ATCGCAACTAGTTCCA,3
ATCGCCCACAATATGT,3
ATCGCCTCATGGGACA,3
ATCGCTGTACTCTCCT,3
ATCGCTGTTACTTAAA,3
ATCGCTTGCCAGGTTA,3
ATCGGATTCGGAATAA,3
ATCGGCACATTAGGTG,3
ATCGGGCGGAAGGCGA,3
ATCGGGGCTATCCAAC,3
ATCGTAATGACCTATG,3
ATCGTGAAACAACCAA,3
ATCGTGCAATGCTGGG,3
ATCTAAAACATGGAAC,3
ATCTAAATGGTATAAA,3
ATCTAATACGAAGGTC,3
ATCTACACTACCATAA,3
ATCTATGACCTGACAT,3
ATCTCAAAAATGGAAC,3
ATCTCAAATGATTACT,3
ATCTCAGTGCACATGC,3
ATCTCCCTCATAGGCC,3
ATCTGAACTTATGAAG,3
ATCTGATAGTGATCAT,3
ATCTGCAGTTACCAAT,3
ATCTGCATGAAAATGC,3
ATCTGTTTACGATGAG,3
ATCTTACCACCATACC,3
ATCTTACGGGTCCAAA,3
ATCTTAGTTCAGCCCA,3
ATCTTATTGTGATGCC,3
ATCTTCAATCAATGAT,3
ATCTTCGTCTGAAATT,3
ATCTTTACAAGTCGGG,3
ATCTTTATAAGTTCAA,3
ATGAAAATAATATTAG,3
ATGAAACACTCGCAAG,3
ATGAAATTAAAACAAT,3
ATGAACAAGCTCCTAA,3
ATGAACTCATTAAAGG,3
ATGAAGTCAGAAAAGC,3
ATGAATCCACACACTG,3
ATGAATCTACACACTT,3
ATGAATTCACTGTATA,3
ATGACACCCACCCGAG,3
ATGACACTAAAAGAGA,3
ATGACACTATTATGGC,3
ATGACACTGAGAAGGC,3
ATGACACTGGGAAAGC,3
ATGACACTTATGCAGA,3
ATGACATAGCAGGCTG,3
ATGACATGTAGGGTGA,3
ATGACCATCCGAAGCA,3
ATGACGTCAGCTGAAA,3
ATGACTAACCTGAACG,3
ATGACTATAAAAATAT,3
ATGACTTGAGAAAGAT,3
ATGAGAATGTTTGGCT,3
ATGAGATATAGAGGGA,3
ATGAGCACAATAACAT,3
ATGAGCCGAGCGTTGC,3
ATGAGGCTAGTAATTA,3
ATGAGTCAATGCTATT,3
ATGATACAAAGAGTAG,3
ATGATCAGCGTTTGTG,3
ATGATCATTAAGACAA,3
ATGATCCGCCAATGAA,3
ATGATGACCGGCCCCA,3
ATGATGACTCGACGAA,3
ATGATGATTTAACGAT,3
ATGATGCCCGGCCCCT,3
ATGATTAGCGGTAATA,3
ATGATTAGGGGTGTTC,3
ATGCAAACACTGGACA,3
ATGCAAATATTCTGCC,3
ATGCAAATTCGTGTTA,3
ATGCAAGCTATCCAAA,3
ATGCAATAACTGAGAA,3
ATGCACCATTTTATTT,3
ATGCCATAGGTCCCGT,3
ATGCCCATTGGGGTTA,3
ATGCCGAACATGACCT,3
ATGCCGAGAGTACAAC,3
ATGCCGTGGTAATCGT,3
ATGCCTACCAGTGAGC,3
ATGCGACTATTCATCA,3
ATGCGATCTAATTACA,3
ATGCGCAACCTTCCTG,3
ATGCGCCTGTGGAACA,3
ATGCGGAGGTCAGTAC,3
ATGCTATAGGCATGAA,3
ATGCTGCACGTGGAAA,3
ATGCTTGAGCCAGAAG,3
ATGGAAAAACAACTTA,3
ATGGAATATCAAATGT,3
ATGGAGCCCCATTTTT,3
ATGGATACATAAAAAA,3
ATGGATGAAGTCTATT,3
ATGGATTCATGAAAAA,3
ATGGCCATAGGCGCAG,3
ATGGCGGTAGAATGTA,3
ATGGGATGAAACTTAA,3
ATGGGCCTAACTAATG,3
ATGGGCTTACTACCAT,3
ATGGGGACTGACAGTT,3
ATGGGGGTTTAAAAAG,3
ATGGGTTTTAGTATCA,3
ATGGTAAATGACTAAG,3
ATGGTATAAAATGAAC,3
ATGGTATGATCCAGAA,3
ATGGTCTGTCTCGGCT,3
ATGGTGCTGCCGATAA,3
ATGGTGTCGCCGATAA,3
ATGGTTAAAGTCAATA,3
ATGTAAAGCCACCATC,3
ATGTAAGACATGACCA,3
ATGTAATTCATATCCT,3
ATGTACTTCCCTATGG,3
ATGTAGAAACTGAGAA,3
ATGTATATCACTAACT,3
ATGTATCGTTACGGGA,3
ATGTATTCGTACCCGC,3
ATGTCAAGATTGACCC,3
ATGTCCATAAAAGGAC,3
ATGTCTTAGAGTCCCA,3
ATGTGGATAACCGATA,3
ATGTGGCCTACGACAC,3
ATGTGGCTGACCGATA,3
ATGTGGGATAATTGGG,3
ATGTGGGATTGAAAAA,3
ATGTGTGATAATGGGG,3
ATGTTAACGCTCTCAA,3
ATGTTACCCATGCGAA,3
ATGTTCACACGCTGAT,3
ATGTTCCGATAAGAAC,3
ATGTTGCCGCCGATAA,3
ATGTTGGAATTTCATA,3
ATGTTGGTCACTAAAC,3
ATGTTTCTACCAATCC,3
ATTAAAAATGATTGAA,3
ATTAAAAGATAGAATA,3
ATTAAACAAGGGACTG,3
ATTAAAGCAGGTGCAA,3
ATTAACAAATAAGGTA,3
ATTAACCTGGGCACAA,3
ATTAACTCCACCTCTG,3
ATTAAGAGCTAAGGAT,3
ATTAAGGACTCCGGGT,3
ATTAATACGGGATATT,3
ATTAATATGATATCTA,3
ATTAATTACACACACC,3
ATTACACTCACAGTTA,3
ATTACATAATTTTACA,3
ATTACATTCACCACAA,3
ATTACCCCCACATAAA,3
ATTACCGTAACCGCAA,3
ATTACCTAATTGATAA,3
ATTACGACTACAAAGC,3
ATTACGTCTAAACCAC,3
ATTACTAGGAGATACG,3
ATTAGCAGAAAAAGAA,3
ATTAGGATAGAACCTA,3
ATTAGTAATACTTGGA,3
ATTAGTGTGATAATAA,3
ATTATACAAAAAGGGC,3
ATTATAGTACTTAATG,3
ATTATATCTCGATTTA,3
ATTATATGGAGCTCGT,3
ATTATCTAAAACCCCC,3
ATTATCTCTGATTCAA,3
ATTCAAATATTCTAAA,3
ATTCAAGAGGTGAAGA,3
ATTCAAGCCCCATAAT,3
ATTCAAGTGGTCCCAA,3
ATTCAATAGCACCCAG,3
ATTCACCTGGGTGTCA,3
ATTCATACATAAAAAG,3
ATTCCAATCAAAAAAC,3
ATTCCCACAACCCAAA,3
ATTCCCGTATACTGGA,3
ATTCCTCAGACTAGTC,3
ATTCCTTACTACTTAA,3
ATTCGATAAAACACAC,3
ATTCGCCCACCCTATT,3
ATTCGGAGGATTTACA,3
ATTCGGAGGTCAGTCC,3
ATTCTACCCAAGCTGA,3
ATTCTACCGCAGCTGA,3
ATTCTCACAACATCAA,3
ATTGAAACAGGATGTG,3
ATTGAACCTGAGCGTC,3
ATTGACAAACGCTCAT,3
ATTGACTCACCGTCCA,3
ATTGAGACTCTTGGTG,3
ATTGAGAGAAAAACTA,3
ATTGAGTAAAATTCAA,3
ATTGATACACACGACG,3
ATTGCAGCAGGTGCAA,3
ATTGCCAGCCAAGGTC,3
ATTGCCCAATCATTTC,3
ATTGGAACGTTAATGA,3
ATTGGAAGCCAAAATT,3
ATTGGAATAGGGATTG,3
ATTGGATGGAAACAAT,3
ATTGGCGAGGACTACC,3
ATTGGCGTAACACCCT,3
ATTGGCTATTTGAAGC,3
ATTGTAAAGTTGTCAC,3
ATTGTCATCGGTGAAT,3
ATTGTCATCTGTGACT,3
ATTGTCCCAATGCTAA,3
ATTGTGTCGAAAAAAT,3
ATTGTTAAACTTTAGT,3
ATTTAAAAAATCCCTA,3
ATTTAAAACATGAAAA,3
ATTTAAACATGCTTAA,3
ATTTAACAATTAACAG,3
ATTTACAAACATTGTT,3
ATTTACCCATACACAC,3
ATTTACCCTTGATTGA,3
ATTTACCGGTCGGACT,3
ATTTACCGGTCTGACC,3
ATTTACGCCTGATATA,3
ATTTAGCCATATTGTA,3
ATTTATGTAAGTTGCT,3
ATTTATGTCAGTTGAT,3
ATTTATTTAGCATGTA,3
ATTTCAAAATATAATG,3
ATTTCAAGTTAAGCTC,3
ATTTCAGGTCAATCAA,3
ATTTCATAAGTCTAGA,3
ATTTCATTTTGATAAA,3
ATTTCCTGGCTATTTA,3
ATTTCGCATTCATAAC,3
ATTTCGGACAACAGAC,3
ATTTGAACACTGAAAA,3
ATTTGATCCAAGTCAC,3
ATTTGGTTTAAACGCA,3
ATTTTAAGGTTTCTAA,3
ATTTTAAGTAATTAAA,3
ATTTTACACGATACAC,3
ATTTTAGTTACTACAA,3
ATTTTATCAATAACTT,3
ATTTTATGTTGGAGCA,3
ATTTTCCCTGGTATCA,3
ATTTTTAAGATAGCCA,3
CAAAAACTTCCCAACA,3
CAAAAATAGTAAAATG,3
CAAAAATGATCTGAAC,3
CAAAACACGAGGCCAA,3
CAAAACATACATTCCA,3
CAAAACCACACTCTGT,3
CAAAACCAGAAAAAAA,3
CAAAACGATATAATAG,3
CAAAACGTATCTATAA,3
CAAAAGAAGGGAGCAC,3
CAAAAGATGGGCGCAC,3
CAAAAGCCGTCCTCCT,3
CAAAATAAGACCACGA,3
CAAAATGATCAAACAT,3
CAAACAACTCTAACCC,3
CAAACAGCACAGCACA,3
CAAACATCTGGAGCAA,3
CAAACATCTGTCGCAA,3
CAAACCAATTGATGAA,3
CAAACCTCTAACCCTA,3
CAAACGATCTCCTGTC,3
CAAACTGACGGTCCTT,3
CAAAGAAATGATCGTC,3
CAAAGAATTTTAGCTC,3
CAAAGCACCGCTAAAC,3
CAAAGGGAAGTTCCTA,3
CAAAGTCCGACTTAAA,3
CAAAGTGTGACAATTT,3
CAAATAAGAAAGAATT,3
CAAATACACATCACAA,3
CAAATAGAAAGGAAGC,3
CAAATAGAATGTCTAT,3
CAAATATAGGGATTAA,3
CAAATATCTGGCGCAA,3
CAAATCTACCGACAGC,3
CAAATCTGAAAGGGGA,3
CAAATGCTCGGGGTAG,3
CAAATGCTTGAAAATT,3
CAAATTCAATCCACTC,3
CAACAAAATCGGAATA,3
CAACAAAGATATCGAT,3
CAACAAAGGTCCCAAA,3
CAACAAATATACGGTG,3
CAACAACGGTCCAAAA,3
CAACAAGAATGATAAC,3
CAACAATCGCAGTTGT,3
CAACAATTATCAAATC,3
CAACACAAAAGAAGGG,3
CAACACAAGAGAGCGC,3
CAACACACAAAGGTAC,3
CAACATTTCATAGTAC,3
CAACCAAAACACTGAT,3
CAACCAATACCAGGCT,3
CAACCACTAGGTCTTG,3
CAACCATCATAGTCAA,3
CAACCATGAGCCTCTA,3
CAACCCAATAAGGTCT,3
CAACCCACGACAGAAG,3
CAACCCACTACGCACG,3
CAACCCCTTGAATAAG,3
CAACCCTACCACATAG,3
CAACCCTCGCGATGCT,3
CAACCGAAGAATCCAA,3
CAACCGATGGCAGGCG,3
CAACCGTGGCTCACCA,3
CAACGAAGATATCGGC,3
CAACGAATGCAGAACA,3
CAACGCGCCTAATGCT,3
CAACGGACATTTCACT,3
CAACGGATGCGCGACA,3
CAACGGTTAAATATCA,3
CAACGTGGCCCAGGAC,3
CAACGTTATGTAAAAG,3
CAACGTTCAAGACAAG,3
CAACTCATAGCGACCC,3
CAACTCCACTAATACC,3
CAACTGAAAGATCGCG,3
CAACTGACCTGGAAAA,3
CAACTGGAAGAAAGGA,3
CAACTTAAAGAACTTA,3
CAACTTCAACAATCAT,3
CAACTTTTACTACAAC,3
CAAGAAGAAAATGCCA,3
CAAGAATAGACGTGTT,3
CAAGAATATACACGCT,3
CAAGACAACCTAGCAG,3
CAAGACAGTTAGTACG,3
CAAGACGTCGTTTAAA,3
CAAGAGAAAAAGCACA,3
CAAGAGGGAACAATAT,3
CAAGAGGGACCTAAAA,3
CAAGAGGGCTCACACA,3
CAAGATACTAATTCTG,3
CAAGATTATAATAAGA,3
CAAGCACGTAAAATAC,3
CAAGCGACCTGCTTCC,3
CAAGCTTCCCTTACGA,3
CAAGGAATACAAACAA,3
CAAGGACATTGAAACC,3
CAAGGAGCAGTCGGAT,3
CAAGGCAACGATGCAG,3
CAAGGGAACGCAAGTT,3
CAAGGGATAACTTTAT,3
CAAGGTAAACTTCTAT,3
CAAGGTTGAACCATAC,3
CAAGTATTGTATTACC,3
CAAGTCGCACATCTCA,3
CAAGTCTATTCGCCTG,3
CAAGTGGCAATGAATA,3
CAAGTGTACCACACTA,3
CAAGTGTCAAAACATT,3
CAAGTTCGTTAAAGTG,3
CAATAAACGAGCACAC,3
CAATAACCATACTTAA,3
CAATAAGCATATTGGC,3
CAATAATAACGTGCCT,3
CAATACAACATCCGTT,3
CAATACAATGATTATC,3
CAATACACGGAGACTC,3
CAATACATCGGATTAA,3
CAATACCGTACATACA,3
CAATACTGAAGAATTA,3
CAATAGAATAGTAACG,3
CAATAGCAGTCAGCTA,3
CAATAGCGGCAATCGC,3
CAATAGCTTAACCCTT,3
CAATAGGTGCAGGCCG,3
CAATATAAAAACAATA,3
CAATATAATCCTATGA,3
CAATATCCCAACATAG,3
CAATATCGGCCATCTC,3
CAATATCTACTCCACC,3
CAATCACAATGATACA,3
CAATCACCAAGGTGTC,3
CAATCCAAAGATTGCG,3
CAATCCAAGATTCTAC,3
CAATCCAGGCTACACC,3
CAATCCAGTAACTCTT,3
CAATCCCAGGATCAAC,3
CAATCGCTTTGCATCC,3
CAATCGGATACATCGA,3
CAATCGTGGATTAATT,3
CAATCTACATTTCCCA,3
CAATGAAAGTCTAGGT,3
CAATGAAGATCAGTAA,3
CAATGAGGAAAGCAAA,3
CAATGATTAATGACAC,3
CAATGATTGTGAAAAA,3
CAATGCAGCAATTCTC,3
CAATGGAAAGCTCCAA,3
CAATGGCTCCTATTAT,3
CAATGTCAAGCTTAGG,3
CAATGTTTAATACGGC,3
CAATTACTAGACACAA,3
CAATTAGAAATAGTGA,3
CAATTAGTTCGTGACC,3
CAATTATGGAAGTTCT,3
CAATTCATACCGCCAC,3
CAATTCCGGAACGATG,3
CAATTGCAAAGTATTC,3
CAATTGTAGAAACAAC,3
CAATTGTCCCACACTA,3
CAATTTATCGGCACGA,3
CAATTTCATTAGGAGG,3
CAATTTCCAGCCCCCC,3
CACAAAAAATACCACA,3
CACAAAAGACAGTTAC,3
CACAACATAACACCAC,3
CACAACCCATTTGAGG,3
CACAACTATCACGTCT,3
CACAAGATAAAAAAAA,3
CACAATCCAAACAACT,3
CACAATCGTTCCATAG,3
CACAATCTTAGCCCTA,3
CACAATCTTCACACCC,3
CACAATTCCAATCCTA,3
CACACAACTCTACCAC,3
CACACACAGAGAGTAC,3
CACACACCCACTCTTA,3
CACACATAAAGTTCAA,3
CACACCAGGTTAGCGA,3
CACACCCAAAACCATT,3
CACACCTAACCGCTAA,3
CACACTAGGAGTAAGC,3
CACACTCAAGTATAGA,3
CACACTTCTCTCCTTC,3
CACAGAAAGCAAGCTG,3
CACAGCGACATTTGTA,3
CACAGCTAGGCAGCTG,3
CACAGCTCACCACATA,3
CACAGCTTAAAGACTT,3
CACAGGAGGTGCTTTA,3
CACATAAAGTAATCAC,3
CACATAAGACCCTACT,3
CACATAATGCCCTTAA,3
CACATAATTGGGCCTA,3
CACATCAAGAGCTCCC,3
CACATGCAATCTTCTC,3
CACATGTTCCAACCAA,3
CACATTAAAAGAAGTA,3
CACATTAAAATTGGAC,3
CACATTAAGTATGCAA,3
CACATTCAATACAACA,3
CACCAACTGTCATATA,3
CACCAGTCAGGGCACA,3
CACCAGTTCCTACCTG,3
CACCATCCAAACAACC,3
CACCATGCCTCTTAAC,3
CACCATGTAAGCTCGG,3
CACCCAAGTCACGCAC,3
CACCCAGCACTAAATA,3
CACCCGTTAATAGATG,3
CACCGAACCTTCTTAC,3
CACCGAGAAGTCCTAG,3
CACCGCGCCAAGAACA,3
CACCGCTTGATAGTTA,3
CACCGTCCTATAGTAC,3
CACCGTCTTCTAGGCC,3
CACCGTTCACAAAAAC,3
CACCTAACATTAATAA,3
CACCTAACCTTCTGAC,3
CACCTAGCTCTAGCAT,3
CACCTCTGACATCTTA,3
CACCTGGCGCGACGTA,3
CACGAAAAGATTAACA,3
CACGCCATTGGATTGA,3
CACGCCCCAAACCATT,3
CACGGACACCATTGAG,3
CACGGACTCTCGTATT,3
CACGGATTTCCGCTTC,3
CACGGGATATGACTTG,3
CACGTCTACACTAGCA,3
CACTAAAAAAATTAAA,3
CACTACCTACAGATGT,3
CACTACGGAAGGCTCT,3
CACTAGCTGAACTGTA,3
CACTAGCTGTGCACTA,3
CACTATCGCAAAGGAA,3
CACTATTAACCGAAGC,3
CACTATTAACCGCAGA,3
CACTCATTCCCACAAT,3
CACTCCATGAGTTAAG,3
CACTCCATTAATTACA,3
CACTCCCAAAACCATT,3
CACTCCCGTAGGTACT,3
CACTCGAAAAATCGAT,3
CACTCTAGACCCTGAG,3
CACTGATCCCAAAAAC,3
CACTGCCCTGAGCAAT,3
CACTGCCGCTGATAGT,3
CACTGGCAGCCATAAC,3
CACTGTGTTTACTGAC,3
CACTTAATTAGATACC,3
CACTTCTCCCAAAAAC,3
CACTTGGAAAATCATG,3
CACTTTCGAGGAAAGG,3
CAGAAAATCAAAACTT,3
CAGAAAATCGGCGTAG,3
CAGAAAATTTAGTTAG,3
CAGAAATCGCAACCGA,3
CAGAACGAAGAATTAT,3
CAGAACGGCAAGTGTA,3
CAGAACTCACATGAAT,3
CAGAAGAAATCTTAAA,3
CAGAAGGTAGCTTCAA,3
CAGAAGTCAAGGGCAC,3
CAGAATCCTTGACATT,3
CAGAATCTAACGTTCT,3
CAGACACAAATTAACT,3
CAGACACACAAATGTC,3
CAGACAGTTCGGGTGT,3
CAGACCTGAAAGTTGG,3
CAGACGGTTTACTAAC,3
CAGACTAATCCGGACT,3
CAGACTACTACGGACT,3
CAGACTACTCCGTACT,3
CAGACTACTCCTGACT,3
CAGACTCTCGATCTCT,3
CAGAGAACGAATTCCA,3
CAGAGAATCAAAACTG,3
CAGAGAGCTACGAGAC,3
CAGAGATACCTGGTAG,3
CAGAGATTGTTGGAGG,3
CAGAGCAAGAATATAG,3
CAGAGCAGACAAAGTC,3
CAGAGGTCACGAATAG,3
CAGAGTAAGCTCTCCC,3
CAGATATGCTCGTCCA,3
CAGATCAATACATCGA,3
CAGATTAAGGTAAACA,3
CAGATTACCAACGTCA,3
CAGATTAGGGTGATAA,3
CAGCATAAAACGAAGT,3
CAGCATAAAACTACTC,3
CAGCATAAGACGCGTA,3
CAGCATTAGTCCAAGC,3
CAGCCAATTAAACCGA,3
CAGCCACTCGGCTTTT,3
CAGCCGACCTTTATAA,3
CAGCCTATCGAAAGCT,3
CAGCCTCTCGAAATCT,3
CAGCCTGAATGTAGAG,3
CAGCCTGCATGGATAT,3
CAGCGTAACTGAAAAG,3
CAGCGTATAGACAACA,3
CAGCGTTTCCAAACTA,3
CAGCTCCCAGTCTCAA,3
CAGGAAACATTTCCGA,3
CAGGAAGCCTTATTCG,3
CAGGACAATACCTTAA,3
CAGGAGATCGAATATA,3
CAGGAGATTAACATTT,3
CAGGATAAATAGCCAA,3
CAGGATAAGAACAAAA,3
CAGGATCTTTATGAAA,3
CAGGGAAAAGCAAATA,3
CAGGTATAATACCCCT,3
CAGGTCCCCCAGGAGC,3
CAGTAAGGGCACATCC,3
CAGTACACTAAAAAAC,3
CAGTACGGTTATACAT,3
CAGTAGCAAGCCCCTT,3
CAGTATATCACGAAAG,3
CAGTATCCAATCATTA,3
CAGTATTAAATCATTA,3
CAGTATTGTCAAACAT,3
CAGTCATCATAAAAAA,3
CAGTCATGATGTACGT,3
CAGTCGAACACACGAC,3
CAGTCGAACGCCCGAC,3
CAGTCGAATACCCGAC,3
CAGTCTGGTTCAAACA,3
CAGTGAAAAGTTTTCG,3
CAGTGAATCAAAGCCT,3
CAGTGAATGCGCAACG,3
CAGTGCACTAGAAAAT,3
CAGTGGCGGAACCAGC,3
CAGTGGCGTAACCATC,3
CAGTGTAATTTCAATG,3
CAGTGTCTACCCTTAT,3
CAGTTAATGCCCATAG,3
CAGTTCTACCTATCTA,3
CAGTTGAACAATAGCC,3
CATAAAAAACCTGAAA,3
CATAAAAGCACAATTA,3
CATAAAATTAGCGCCA,3
CATAAACAAGGACTGG,3
CATAAATAACCAGGTT,3
CATAACAATGACTTAA,3
CATAACACGCAGGGGA,3
CATAACATAGCACAAA,3
CATAACCAGCATAAAT,3
CATAACTCATACTAAA,3
CATAAGAACTAGCCAA,3
CATAAGGGATTGAGTC,3
CATAAGGTCACAAGTC,3
CATAAGTATTCTGCTA,3
CATAATATAACAATAA,3
CATAATATTGCTTCAA,3
CATAATGGACCTCTAA,3
CATAATTTATAGGGAC,3
CATACAAAAGATTCTC,3
CATACAATATAGTTTT,3
CATACAATGTAAAGAC,3
CATACAATGTAGAGCC,3
CATACACCTTACTCCT,3
CATACAGCATGCCCCC,3
CATACAGCTTACTAAA,3
CATACAGTACGCTGTC,3
CATACATAATAATTAA,3
CATACATATAAGTTGT,3
CATACATATCCGTACT,3
CATACATGAAAAATCT,3
CATACCTAATTATGAA,3
CATACCTTCAGAGACA,3
CATACTACCACAGCCG,3
CATACTCCTATATTAG,3
CATACTTTCCAAAACC,3
CATAGAAAGAAGATAG,3
CATAGCAAAGGCTCAA,3
CATAGCAAGGCACCCA,3
CATAGCCAGGATTTCC,3
CATAGCGAAGCTCTGA,3
CATAGCGAGCAACACA,3
CATAGGGGGGAGGGCG,3
CATAGTAAAGCCAGGC,3
CATAGTATAACCCCTT,3
CATAGTCAATACTACT,3
CATAGTTCTCTAATAC,3
CATATAACTGAGAAGA,3
CATATAAGGAAGTAGA,3
CATATACCGGTTCTGG,3
CATATACTAGAAGCAA,3
CATATATAACCTGGCA,3
CATATCCATCGAGGTA,3
CATATCGTGAGCTCGT,3
CATATGCACTTAAAAG,3
CATATTATAACAATAA,3
CATATTCCAACTTACG,3
CATATTGCGGCAGTTT,3
CATATTTAAAACGCTT,3
CATCACCTTAAATCAA,3
CATCACTATTAATAAC,3
CATCAGCCTGAGCAAT,3
CATCAGGATTAACTTG,3
CATCATCCAAACAACT,3
CATCATGTAAGCTCGT,3
CATCATGTATAATATT,3
CATCCAAAAATTGTAT,3
CATCCATCCAACGTTG,3
CATCCCAGCAATATTT,3
CATCCGCCACTAGACC,3
CATCCTTGAGTAACAC,3
CATCGACAACACACCT,3
CATCGAGATATCCTAT,3
CATCGTTATCGTAATG,3
CATCGTTTATAATATT,3
CATCTATATATCAGAC,3
CATCTGACCAGTGTCC,3
CATCTGACCCGTTTCC,3
CATCTGATATTTAACC,3
CATCTTTATCGGAATG,3
CATGAAACACACAATA,3
CATGAAGAAGGCCGAT,3
CATGAATTGTGTACTT,3
CATGACAATCGTACCT,3
CATGAGATTCTGAGCT,3
CATGATCCGAACACAT,3
CATGATGTGGGTTAGT,3
CATGCAATCAAGGCGA,3
CATGCACACCACCTTC,3
CATGCATACACATTAA,3
CATGCCCGATCGAACT,3
CATGCCGTGCTACCCC,3
CATGGATTTGGTACAA,3
CATGGCTAGTGGAAAC,3
CATGGCTGACAAGTCA,3
CATGGTGAGTAGTTAC,3
CATGGTGCAATCTAAG,3
CATGGTTCTACAAAGA,3
CATGGTTTTGTGGACA,3
CATGTAAGGTACAAAC,3
CATGTACATAAGAAGC,3
CATGTACCGGAATGCA,3
CATGTCATACTAATAG,3
CATGTCCAAACCAAGT,3
CATGTCCTTGGAGGCG,3
CATGTCCTTTAAGGCG,3
CATGTGCACTCAAAAG,3
CATGTGTTAACCCGCG,3
CATTAAATGACGCACC,3
CATTAACTAAGATTAA,3
CATTAACTCCCGCGTG,3
CATTAAGCATAGGTGA,3
CATTACAATGCGTAAC,3
CATTACATGATTCCCG,3
CATTACCTAATAGGAC,3
CATTACCTCTTTCAAA,3
CATTACGATGTACGCA,3
CATTACTATGCCAAAA,3
CATTACTCATGCCAAG,3
CATTAGAATTTAAAGC,3
CATTAGATAGCAATAT,3
CATTAGGTATTCGACT,3
CATTAGTGAGGTCCGA,3
CATTATCGAAACTTTT,3
CATTCAGTGACGCACC,3
CATTCATTCCAATAAC,3
CATTCCCACACCTATA,3
CATTCGAACACCCGAC,3
CATTCGGAAAGAACAC,3
CATTCGGGTAACTGTA,3
CATTCGGTAACCATCG,3
CATTCTGGTTCAACCA,3
CATTCTTAACTGACAG,3
CATTGAGCTTAGTAAT,3
CATTGCACAATCCAAA,3
CATTGCCAATACATTA,3
CATTGGAATAGAACTT,3
CATTGGCGGCTGACAC,3
CATTGTACATTAAGTC,3
CATTGTTCAGATAACA,3
CATTTACCCATAAACA,3
CATTTCATATCTCATA,3
CATTTCATCCGACTAG,3
CATTTGTAAAGACACC,3
CCAAAAAATCCGCCCT,3
CCAAAAGAAGTAGCCA,3
CCAAAAGAAGTATCTT,3
CCAAAATACTTTTAAT,3
CCAAACCATAGTCACA,3
CCAAACTCTAACTGAA,3
CCAAATAAAGCATTGC,3
CCAAATACAATATCTA,3
CCAAATCAGACACTTA,3
CCAAATGATCTTATAC,3
CCAAATGCATGCCGAG,3
CCAAATTCCACAACAC,3
CCAAATTGGCTACATG,3
CCAACAGTATTCTCAA,3
CCAACCCAAACCCAAA,3
CCAACCGCCGGCACCT,3
CCAACGACAGTTGATT,3
CCAACGCAAGTTGATT,3
CCAACGCAGACAAATT,3
CCAACGCCAGTTTATT,3
CCAACGGCGATCGTAT,3
CCAACTAAGATTTTCA,3
CCAACTAATAAATAAT,3
CCAACTTAGAGCACCA,3
CCAAGAAATATAGTTA,3
CCAAGAACCTTACTCG,3
CCAAGAATTGTACCCA,3
CCAAGAATTTTAGATC,3
CCAAGAATTTTATCTC,3
CCAAGCAAATACAACA,3
CCAAGCATGGTACCCA,3
CCAAGCATTGTACACA,3
CCAAGGCCCGTAGAAC,3
CCAATACAAAGAGCGT,3
CCAATAGACATGACTC,3
CCAATCAAAGACAATT,3
CCAATCTGCCCGACGA,3
CCAATGGTTTGCTCGA,3
CCACAAATCCTTTTAA,3
CCACAACTACTTAGAA,3
CCACAATTAAAGAAGT,3
CCACACAAGTGTTTGT,3
CCACACGTCGTCCATT,3
CCACAGACCATCGACC,3
CCACATCACATAGAAC,3
CCACATTGGTTTATCC,3
CCACCCCAAAAAATCT,3
CCACCCCCAAAAATTT,3
CCACCGTCAGTCACCC,3
CCACCTACAATATTCA,3
CCACCTGACCTCACAA,3
CCACGAAACAATTCAT,3
CCACGAGAATATAATT,3
CCACGCGAATTAATGT,3
CCACGGTCTACGGGGT,3
CCACGTTTTTCCTAAT,3
CCACTAACATAAAAAC,3
CCACTAAGCACCGATG,3
CCACTCATATCGACCC,3
CCACTTAAATGCTTAT,3
CCACTTAAGTGAATCG,3
CCACTTAGTTAATTTA,3
CCACTTGACTTATATG,3
CCAGAAACTATAGCAA,3
CCAGAATTTGTTCATT,3
CCAGACACGTTAAAAA,3
CCAGAGAAATAAAATG,3
CCAGAGGTATCTAAGG,3
CCAGATAAATCCTCCC,3
CCAGATAGGAGGTTCA,3
CCAGATCTACGGGATC,3
CCAGCAAACCACCAGA,3
CCAGCACACATTGCAC,3
CCAGCCGCTCCAATAA,3
CCAGCCTTGCCTGAAG,3
CCAGGAAAAGCCATTA,3
CCAGGATTTGGCCCGA,3
CCAGGGTCAAAAAGGG,3
CCAGTCAACGATGCAG,3
CCAGTGATTGTAGACC,3
CCAGTGCGTGATGCAG,3
CCAGTGTCTAGTGAAT,3
CCAGTTGTGAAACTCT,3
CCAGTTTTGTCGGTCA,3
CCATAACCTACTTGGA,3
CCATAAGACACTGGTC,3
CCATAAGTGCAGCCTG,3
CCATAATCGGCATACT,3
CCATACAACTACATAC,3
CCATAGCCTATGTGCA,3
CCATAGCGAATGTGAC,3
CCATAGGAAGAAGTCC,3
CCATAGTCTGAATCGC,3
CCATATACACCACCTA,3
CCATCAAAATGCTTTG,3
CCATCAAGTGGCTAGG,3
CCATCAGGCCCTGCAT,3
CCATCCCACTACGATC,3
CCATCGTCTGAGGATG,3
CCATCTACCCGCTTGA,3
CCATCTACTGGCTAGG,3
CCATCTAGTGGCTTGG,3
CCATGACTATCACACT,3
CCATGACTGACATAAT,3
CCATGATGGCGATCTA,3
CCATGGACTCAGTGCT,3
CCATGGACTCGGCGCT,3
CCATGGCCATAAATTT,3
CCATGGGTGAAATACT,3
CCATTAAAAAAGTCGA,3
CCATTAAAACAGTCTA,3
CCATTCAGTATCTTTA,3
CCATTCGATGGCCCTA,3
CCATTCTCGACGCTAT,3
CCATTCTTAACACAAA,3
CCATTGTGCATCTTAA,3
CCATTTACCAGCCGTA,3
CCCAAAAAGGCCCGTA,3
CCCAAAACCATACTGT,3
CCCAAACCAGACATTC,3
CCCAAACCATTCATTA,3
CCCAACTCCTTTTCAA,3
CCCAATCCACGAGCAA,3
CCCAATCTCTATTTGA,3
CCCAATTAGAGGCAAT,3
CCCACACCAAACTTGG,3
CCCACAGTATGTCGAA,3
CCCACCACATGTTTGC,3
CCCACTACCGATTATC,3
CCCAGATACACAGACC,3
CCCAGCCTATAAACAA,3
CCCAGGAACTCGCACA,3
CCCAGGCCGGCCCGGA,3
CCCAGTAAAAAATTTT,3
CCCAGTATAAGACAAT,3
CCCATAAAGATTACTC,3
CCCATAGTCTCAGCAA,3
CCCATGCCAAGCTCGG,3
CCCATGGGTACCGTGA,3
CCCATTATTCCGACAC,3
CCCATTGAAAGAAACA,3
CCCATTGCGAGAAACA,3
CCCATTGGAATTCGAT,3
CCCCAAGATACGTGTC,3
CCCCAAGTTTAACGGC,3
CCCCAATCTCATTCCA,3
CCCCACATCTGATGAA,3
CCCCACCACTTTGCGC,3
CCCCAGACAATCGACC,3
CCCCATGTTATCCAAA,3
CCCCATTCCGATAAAT,3
CCCCCAAATGATGCGA,3
CCCCCAAGTCACTCAC,3
CCCCCATTTCCGAAAG,3
CCCCCCAACATACCCG,3
CCCCCCATTCTTAAAT,3
CCCCCCTAACGAAACC,3
CCCCCCTAATCAAACC,3
CCCCCCTCTAACCAAC,3
CCCCCCTGATGAAACC,3
CCCCCCTTATGAAACC,3
CCCCCGCAGCACCCGA,3
CCCCCTCAACAATTTG,3
CCCCTCTTCCACCATT,3
CCCCTTAGCACCCTGA,3
CCCCTTATCTAAACAA,3
CCCGAACTCAACATTG,3
CCCGACAGGACTCAAA,3
CCCGAGTCTCACACCC,3
CCCGATAAGGCCCACA,3
CCCGATACGGCACACA,3
CCCGATTGGTGACATA,3
CCCGCACTCCTATCTG,3
CCCGCCAACCTCCCAA,3
CCCGCTCAGATAACCG,3
CCCGCTGCACGTTTGT,3
CCCGCTGCTGATCTTA,3
CCCGGATCGTTCACCA,3
CCCGGCACCCAACTCA,3
CCCGGCTGACGACTCA,3
CCCGGGAATCACTAAC,3
CCCGTCTTACATTGTT,3
CCCGTGAATGGATAGT,3
CCCTACAGCCAGCTCA,3
CCCTACGCGGCCTCCT,3
CCCTACGGTGAGAATA,3
CCCTAGTCGAGTCAGG,3
CCCTATACGGCCCACA,3
CCCTCAATACCAAATG,3
CCCTCAGCCACCCTCT,3
CCCTCTATACCCTGAG,3
CCCTGAAAGCACCAAT,3
CCCTGATCATAGCACC,3
CCCTGCATACCGGGCA,3
CCCTGTACGAAATGGA,3
CCCTTACATTAAGTGA,3
CCCTTACCATAGCACC,3
CCCTTATCCCCGGCGA,3
CCCTTTAAGAGCTCAA,3
CCCTTTGCTCTACATC,3
CCGAAAGCCAGCCAAC,3
CCGAAAGTCAATGCGA,3
CCGAACACAGATCTCT,3
CCGACAACGACGGCCT,3
CCGACAACGACGTCCA,3
CCGACATACCAACTAA,3
CCGACATATAGAACAA,3
CCGACATTTCGGTCTA,3
CCGACCCACTTATCCC,3
CCGACCGACATCAATC,3
CCGACGCCAAAGAGAT,3
CCGAGACCGCATTACC,3
CCGAGATGATAAGTGC,3
CCGAGCTTATAAGTGC,3
CCGAGTCAAATATCAT,3
CCGAGTCGTACTGTAG,3
CCGAGTTAAATATCCT,3
CCGATAGTCAATCTTC,3
CCGATGAACTATACAA,3
CCGATGATCGAATTAA,3
CCGATTGGTTCGCAAG,3
CCGCAACACCCTACAG,3
CCGCAACACCCTACCC,3
CCGCACAACTAGTTGT,3
CCGCACCAACCAGGAA,3
CCGCAGGATTAAGTTA,3
CCGCATACTTACATCC,3
CCGCGGCGTATGCACG,3
CCGGATAAAAAATTTA,3
CCGGATAAGTAGCCAA,3
CCGGATAAGTCGGTTT,3
CCGGATCTCACCTTCA,3
CCGGATTCAACCGGTA,3
CCGGCAAAAATCACCG,3
CCGGCAGCTCAACAAT,3
CCGGCCATATTTGTCT,3
CCGGGACTAGTTCTAC,3
CCGGGCGGTGAACATA,3
CCGGGGTCAAAAAAGG,3
CCGGTCTAGATTCTGG,3
CCGGTGAGTGAAGTTT,3
CCGTAACAAAACCATA,3
CCGTACAAAAATAGTA,3
CCGTACTTGCGGTCCA,3
CCGTAGAAGTTTCATG,3
CCGTAGTCAATCTGAC,3
CCGTATTTTACTGTGG,3
CCGTCGTACTGAACTG,3
CCGTGAAAATTTTTCG,3
CCGTGAATGAGCAACG,3
CCGTGAATGCTCAACG,3
CCGTGAATTTCAAGGC,3
CCGTGCAACAGCTTCA,3
CCTAAAAACAATCACC,3
CCTAAAATAATAATAA,3
CCTAAACCAGACACAC,3
CCTAAACTTCTCTGCT,3
CCTAACAAGACGAACA,3
CCTAACGCCGATCGAG,3
CCTAAGCAGTAATGCA,3
CCTAAGTACGTGTTCT,3
CCTAATAACGACTAAC,3
CCTAATAGTCGTGCAA,3
CCTAATCTTGAAGTTA,3
CCTAATGGAAGCGCTT,3
CCTACCGTCCCCCCCT,3
CCTACTACCACAGACG,3
CCTACTTGATAGAAAC,3
CCTAGAAAACATCATT,3
CCTAGAATCTGATCTA,3
CCTAGACCTCTGTCCA,3
CCTAGACCTCTTGCCA,3
CCTAGATACCTTAACT,3
CCTAGCGTGCCGTCCA,3
CCTAGTTTAAATCCAC,3
CCTATAATATTCAACT,3
CCTATAGTGACTAAAC,3
CCTATCCAAAGGAAAC,3
CCTATTTCGACAAACA,3
CCTCAAGCATCCGCAA,3
CCTCAATAACGTTATA,3
CCTCACAGCAATATTT,3
CCTCCAACAAACGTAG,3
CCTCCAAGCAATATTT,3
CCTCCACGCCAATAAC,3
CCTCCCAGAAATATTT,3
CCTCCCAGGGCGAACA,3
CCTCCGACTCAGGTTT,3
CCTCGAAATATTTGTA,3
CCTCGAAATGTAACCG,3
CCTCTCATACGGCCTG,3
CCTCTCATATGGCTTG,3
CCTCTCGTACTTGGCA,3
CCTCTGACGTAGACTA,3
CCTCTGTAATCAACCT,3
CCTCTTAATTACGAAA,3
CCTCTTCACCCAATCC,3
CCTCTTCATTGTTCCC,3
CCTCTTTCGGCCGTAA,3
CCTGAAAAGTCGGACT,3
CCTGAACAATCGCCAA,3
CCTGAAGATAAGTGTG,3
CCTGAATAAGGGCTTT,3
CCTGAATACAAATCGC,3
CCTGACCAACGACCCG,3
CCTGACCTGGAACAAA,3
CCTGAGAAATACACAT,3
CCTGAGCATAAACATA,3
CCTGCAAGTAACACAA,3
CCTGCACATGGATACA,3
CCTGCCCAACGAACCG,3
CCTGCCCAACGACACG,3
CCTGCCCAACTACCCG,3
CCTGCCCATTAGACCT,3
CCTGGAATATTTATGC,3
CCTGGCCGATTGTCAA,3
CCTGGCGTAATTACAA,3
CCTGGGTAAATCATGA,3
CCTGGTTTTGTGTACA,3
CCTGTAAAGTCCCACA,3
CCTGTATACAATAGGA,3
CCTGTGATATAAAGGG,3
CCTGTTATGCCTCAAC,3
CCTTAATTCGAATCAT,3
CCTTACAGTAATACTA,3
CCTTACCTGCCAGATA,3
CCTTATGCAATTTAAC,3
CCTTCAAAGCACAAGG,3
CCTTCATGAACAAATG,3
CCTTCCCCAGAGAACA,3
CCTTGATAATCTCTTT,3
CCTTGGAATACAAAAT,3
CCTTGGTTAGCATATC,3
CCTTTAACTGAACAGT,3
CGAAAAACCTACATAA,3
CGAAAAATGGATTACA,3
CGAAAACAAAATGTTG,3
CGAAAACTTATAGGAA,3
CGAAAAGATAAAACCC,3
CGAAACTAATTTTAAC,3
CGAAACTACATCGCTC,3
CGAAAGAGAATTAAAG,3
CGAAAGCGAATTAAAT,3
CGAAAGCTCTAGCCAC,3
CGAAATGAACCCCGAT,3
CGAAATGAGAATGGCA,3
CGAACAACAAACGTGT,3
CGAACAACGACCGTGT,3
CGAACAAGAGCCTACA,3
CGAACACAACAAGATT,3
CGAACAGGATTTAAAA,3
CGAACAGTGTTGTATC,3
CGAACCAGGATACACA,3
CGAACGACAAGCTCAC,3
CGAACTCGAGACATGA,3
CGAAGACAATGGAAAA,3
CGAAGACGTACGAACC,3
CGAAGAGACTCGACCC,3
CGAAGATATACGGCAC,3
CGAATAGTTCCTATCA,3
CGAATATAAAGCTACA,3
CGAATTCCAGCGGCCA,3
CGAATTTAAGAGAACG,3
CGAATTTCAGCGCCGT,3
CGAATTTCGAATTACT,3
CGACAAATTTGTACGA,3
CGACAATCTTTATTAA,3
CGACACTTGAAGAAAC,3
CGACACTTGACTAAAC,3
CGACATGAGCCTTGAT,3
CGACCAACAAAAATAT,3
CGACCAGGGATTCAGC,3
CGACCATGGATTCCGC,3
CGACCCCCTTAAAACA,3
CGACCCTCAACTCGAT,3
CGACCTAAACACAGCA,3
CGACCTAACAAGAGAT,3
CGACCTTCAAGCTACA,3
CGACCTTGGCAGCGCG,3
CGACCTTTATACAGCA,3
CGACGAATGAGATACA,3
CGACGATCTGAGTGTT,3
CGACGGTAGCAACTAA,3
CGACGTCCATGCAAAC,3
CGACTCTGAACCAATT,3
CGACTCTTGGAATATA,3
CGACTTTTCCTAATCA,3
CGAGAAACATATCGCG,3
CGAGAAACCTACAACA,3
CGAGAGGACACCCGAG,3
CGAGATTAACACACTG,3
CGAGCAGATTAACCCA,3
CGAGCTATATCCACTT,3
CGAGGAAGTTTATAAT,3
CGAGTAAGCGAATGCT,3
CGAGTGAATTGACAAC,3
CGAGTGCATCAAAGTG,3
CGATAAATTAACCACA,3
CGATAACGAGACGGTA,3
CGATAACGTTGCCAAC,3
CGATAACTTACAAATC,3
CGATACTATAGACGGG,3
CGATAGACATAAAATA,3
CGATAGTTTTAGGTCG,3
CGATATGAGCAGAGTA,3
CGATATTCGCCTGCGG,3
CGATCACATATTTTGT,3
CGATCACTGAAAACCC,3
CGATCATAGATCTAGA,3
CGATCTGAATTCGAGG,3
CGATGACAAGCTACTC,3
CGATGAGCGTGGCATA,3
CGATGAGGAAAGTCGG,3
CGATGAGGATACCAGT,3
CGATGATAATTCAGAG,3
CGATGCTGGCACCGAT,3
CGATGGTAACAGAACG,3
CGATGGTACCATAACG,3
CGATGTCAACATCAAG,3
CGATGTTACCAGAACG,3
CGATTATTTTATTGTC,3
CGATTTCCCAAAGCTC,3
CGATTTTGTGAATCCC,3
CGCAAAACATGATAGT,3
CGCAAAAGGCTTAGGC,3
CGCAAAGAAAAACATG,3
CGCAACAATACCGATT,3
CGCAACATTAAGATAT,3
CGCAACCGTTCCCGGG,3
CGCAAGAAACTCTGAA,3
CGCAAGTATGAACACA,3
CGCAAGTGGACAATAC,3
CGCACGACTTGCCTCG,3
CGCACGAGCGCCCCAC,3
CGCACTAGAATTCAAA,3
CGCACTATATCATTGA,3
CGCACTCGCATATAGC,3
CGCACTTGTACAAACA,3
CGCATACTGCCTAAAA,3
CGCATAGCATCCAGCG,3
CGCATTAAACGCAACC,3
CGCCAGAAGACTGAAC,3
CGCCAGACCATCGACC,3
CGCCATATCATTACAG,3
CGCCATGTCTATATCA,3
CGCCCAAACACGTCAC,3
CGCCCATGGAACATAA,3
CGCCCCACCGTATCTA,3
CGCCCCACGGTAGCTA,3
CGCCCGAAGACTGAAA,3
CGCCCGAAGACTTAAC,3
CGCCCGACGTGCCTCG,3
CGCCCGACTTGCATCG,3
CGCCCGACTTGCCTCA,3
CGCCCGACTTGCCTCT,3
CGCCCGGCTTGCCTCG,3
CGCCCTAAACACAGTA,3
CGCCCTTGTCAGCGCG,3
CGCCGACTAGTATGGC,3
CGCCGATTGATAGTTA,3
CGCCGTACGACTCAAC,3
CGCCTCAAATTGAGAA,3
CGCCTCTTACATATGG,3
CGCCTTCATAGCGAAA,3
CGCGAAGGATGTTACA,3
CGCGAATGATGGTACA,3
CGCGATATTTAAGCGA,3
CGCGCGCAAAACTCGA,3
CGCGCTAAAGCAGACA,3
CGCGGTAGATTGAACC,3
CGCGTGTGCGAAGAGC,3
CGCTAAACCACGACTA,3
CGCTAAGCATGTATCT,3
CGCTAATGTACTGAAG,3
CGCTAGAAAGTTTTTG,3
CGCTATCACAAAGGAA,3
CGCTATCACATGATTC,3
CGCTATCTCAAAGGAA,3
CGCTCAATAAGGATAC,3
CGCTCTATACTCTACA,3
CGCTTAAACCCTGGTG,3
CGCTTACCAAGGCACA,3
CGCTTACCGTTTTGCC,3
CGCTTACCTTTTTACC,3
CGCTTGAACCCATGAA,3
CGCTTTACAAGCTTTC,3
CGCTTTGGGGGACAAC,3
CGGAAAGCAAATCTCA,3
CGGAACCCCGATCAAC,3
CGGAACCTCCCTGAAA,3
CGGAATGAAATAGTTG,3
CGGACACCCACCCGAG,3
CGGACATAACAACTAA,3
CGGACCACGGACTCAT,3
CGGACCCACAAATGTC,3
CGGAGAGCTCACGATA,3
CGGAGATGGCACAATG,3
CGGAGTCAAATATCCT,3
CGGATACTAACGACTC,3
CGGATACTATGACACC,3
CGGATCATATTAGAGA,3
CGGATGAGAAATAAAT,3
CGGATGCCAGCAAAGG,3
CGGATTATTCCAACAA,3
CGGCAACGAATCATAT,3
CGGCAATGTAGGTACA,3
CGGCAATTGGAACTAG,3
CGGCACATCATTCGCC,3
CGGCCTTACTGCTACA,3
CGGCGCATAATAGACT,3
CGGCTGTATCGGCTAG,3
CGGGAATGTACTGGAA,3
CGGGACACAAAAAAAC,3
CGGGACCATGTACCCG,3
CGGGAGCCAATCCGCA,3
CGGGATCTCCACGTAA,3
CGGGATCTCCACTGAA,3
CGGGATGACCAAATAG,3
CGGGCGGGAAAATCCA,3
CGGGGCACAACCTTAT,3
CGGGGTATCCAATATT,3
CGGGTCTAGATTTAAT,3
CGGTAAGTCCCGTAAA,3
CGGTCCGTTATGCTAC,3
CGGTCGAACAATAAGT,3
CGGTCGATTACTGCGC,3
CGGTGAATGCGCAACG,3
CGGTTAAGCTGAAACT,3
CGGTTCATGCCTTTCT,3
CGGTTTTCCAACAGAC,3
CGGTTTTGAAACACGG,3
CGTAACAGATCGAAAC,3
CGTAACTTTAACCAAG,3
CGTAAGTATGAAAACA,3
CGTAATACTAACATAC,3
CGTAATCATCTCACAG,3
CGTAATGCTCTAAAAA,3
CGTACAAAGCACCATT,3
CGTACACCAGAATGCA,3
CGTACCAATCAAAAAA,3
CGTACTCAAACTTCAA,3
CGTACTCTAAACCAAA,3
CGTAGAGTTGAAGGCT,3
CGTAGAGTTGCAGGAT,3
CGTAGAGTTGCGGGCT,3
CGTAGATCCAGTCCGG,3
CGTAGATCCTACAACT,3
CGTAGCCCCTAGAGCG,3
CGTAGGTGAGGTTTAT,3
CGTAGTTCATCTGAAA,3
CGTATAACCCCTATAC,3
CGTATCTGGGTCTCCG,3
CGTATGTTTCGGGTCT,3
CGTCAATCAAAAATAT,3
CGTCAGTCGGTATATA,3
CGTCATAATCCAGAAC,3
CGTCATACTTTGGTCA,3
CGTCATGGGACTTAAA,3
CGTCATGTAAGCTCGG,3
CGTCCAACATCATAAG,3
CGTCGATCAGATCAAA,3
CGTCGCTTCACTACAC,3
CGTCTCTAATCACCAG,3
CGTGAAACGGCCAAAC,3
CGTGACCAAATCATTT,3
CGTGAGATTATGAGCT,3
CGTGATAAGAACCTGA,3
CGTGATATAGCAACTG,3
CGTGATATTTTACAAC,3
CGTGATGTGTCCTATA,3
CGTGCATATCCAACAA,3
CGTGCATCATGGATGG,3
CGTGCCGTTTACACTA,3
CGTGCCTCTGTTTCCA,3
CGTGGCCTTTACACTA,3
CGTGGCGTTTACTCTA,3
CGTGGGACATGGAAGC,3
CGTGGGACATTAAAGC,3
CGTGGGTTCCCTCTGC,3
CGTGTGTCTAAAGGGT,3
CGTTAAAAATAAAAAA,3
CGTTAAAACAAATGGT,3
CGTTACCTCTTGCAAA,3
CGTTACGTATACATAT,3
CGTTACTTTCTAGGTT,3
CGTTATATCTAAGCGA,3
CGTTCGAGTTACATTG,3
CGTTCTGGATAAAACA,3
CGTTGGTTCAGTAGAC,3
CGTTGTAACCGCACTT,3
CTAAAAAAGCATATCA,3
CTAAAAGCAAGTATAA,3
CTAAAATTGTCCTTAT,3
CTAAACAAAAAATGAA,3
CTAAACAATATACGCC,3
CTAAACCCCTATCTGA,3
CTAAACGTTATCTGCC,3
CTAAACTGTACTTTAA,3
CTAAAGGAGACGGTAT,3
CTAAAGGTGTTGTATC,3
CTAAATATGTTAACTA,3
CTAAATTACCTTACCT,3
CTAACAATGCCCTTCC,3
CTAACAGCCGTCACAA,3
CTAACATATACATAAT,3
CTAACTCTTATTACAC,3
CTAAGACAAATATGAT,3
CTAAGACCAGATTAGT,3
CTAAGATGTAAGTTAT,3
CTAAGATTAACAGGGA,3
CTAAGCAACTTACAAG,3
CTAAGCAAGCAAGTCT,3
CTAAGCATGAGCAACA,3
CTAAGTTGCCAAGCCT,3
CTAATAACAACACAGG,3
CTAATACAAAAACACA,3
CTAATATCTATATGTG,3
CTAATATTCTACTGTT,3
CTAATCCACGGAACCT,3
CTAATCTCAGAATCGA,3
CTAATGCACTGATATG,3
CTAATGTGAGATCGGA,3
CTAATTATGTCGGGAG,3
CTAATTGAACCAGCTA,3
CTACAAAACTGTGATA,3
CTACAAACTGGTCAAT,3
CTACAAACTTCGCTTA,3
CTACACGTTAATCTTC,3
CTACACTGAAATCGCA,3
CTACATACCTATTAAC,3
CTACATCCGCAAACTT,3
CTACATCTACTATCCA,3
CTACATGGACGGGCAC,3
CTACCAATTGATAGCG,3
CTACCCCAAACTACCG,3
CTACCCCACATAACTC,3
CTACCTATCTGAGTGC,3
CTACGACTACAATGAG,3
CTACGAGGAAGCTGAA,3
CTACGCTCACCGCATG,3
CTACGGTAGAGAACGA,3
CTACGTCCAGACGCTC,3
CTACGTGCCTTCGCAA,3
CTACTAACTGTAACAC,3
CTACTAGCCTTTATCA,3
CTACTATACTCAAAGC,3
CTACTATGTTGCATAA,3
CTACTCCTACAATGAG,3
CTACTGAAAGTAGTAC,3
CTACTGAAAGTATTCC,3
CTACTGTTAAATATCA,3
CTACTTAAAAGCCACA,3
CTACTTCTTGCTCGGA,3
CTACTTTAGATACAAT,3
CTAGACAACTTCGTTA,3
CTAGACCCTAGAGCTG,3
CTAGAGTGTTCCCATT,3
CTAGAGTTTTAGGTCG,3
CTAGATGCGTAACAAC,3
CTAGCACACATTACAC,3
CTAGCCCACCCTAAAC,3
CTAGCTCACATGCTTC,3
CTAGGCGGGATAAGGG,3
CTAGGGCGGAAGGCGA,3
CTAGTAGCATTGTGAG,3
CTAGTGAATGAGCGGA,3
CTAGTTGTGCATAGAA,3
CTATAAAAAGCTTGGC,3
CTATAACAAAAATGTC,3
CTATCAGTTACATTCA,3
CTATCCAGACTACACC,3
CTATCCATACAGTATA,3
CTATCTGAATCAAAAT,3
CTATCTGTCCCTCCTT,3
CTATCTTAGATTCCCC,3
CTATGAAAACCGATCT,3
CTATGAAAACCTAACT,3
CTATGAAGAAGACAAA,3
CTATGATTACATCTAA,3
CTATTAAAGTAAAGTA,3
CTATTACACCCATCGT,3
CTATTAGAAAATAGCC,3
CTATTCCGATAAAAAT,3
CTATTCTAAAGAATTC,3
CTATTGTAGAGTACCA,3
CTATTTACCATCCGTA,3
CTCAAACAGAGATTCC,3
CTCAAATGGACATCGG,3
CTCAAATGGCAATCGG,3
CTCAACCAGCTGGGGA,3
CTCAAGAGCACATCTA,3
CTCAATAGAAGAAGTT,3
CTCAATTAGAATAGAG,3
CTCAATTTACCCATCA,3
CTCACAACGCAAGGAG,3
CTCACAATTAATACAA,3
CTCACACGAAAATAAA,3
CTCACACTTCCCAACA,3
CTCACATTACAAGCAA,3
CTCACCCCGACCCCTC,3
CTCACGACACTCCCTT,3
CTCACTACAACAGTTC,3
CTCACTGTGCATCATA,3
CTCAGAAACTTACAAG,3
CTCAGCCCATAAACAA,3
CTCAGCCTATAAATAA,3
CTCAGCGTCCGTGGGA,3
CTCAGTAAAATAACAA,3
CTCAGTTTACACAATA,3
CTCATATTGGTGACTA,3
CTCATCAAACCTCCGT,3
CTCATCAACTTACAAG,3
CTCATCCTATAAACAA,3
CTCATGACGAGTCAAT,3
CTCATTCCAGTATGCT,3
CTCCAAGTGAAGTGGT,3
CTCCAATCATACGTCA,3
CTCCACAATTTCAGAA,3
CTCCACATATGATGAA,3
CTCCAGGCAGGGCACA,3
CTCCATAAAAGTAGAA,3
CTCCATCTAAACAAAA,3
CTCCCAACGATGACCA,3
CTCCCAACTCACTAAA,3
CTCCCAATGGAACTGT,3
CTCCCACGGCTAGGTT,3
CTCCCATGAGCATTAT,3
CTCCCGAACATCCAAC,3
CTCCCGGTACAAGGAC,3
CTCCGACTAGTATGAC,3
CTCCTAAGATATGCCG,3
CTCCTCTGACATCTTA,3
CTCCTTTATGATAGGG,3
CTCGAAATTGGAGCTA,3
CTCGACCCCAGAGCTG,3
CTCGCATACCATAATA,3
CTCGGACCGAAGATGT,3
CTCGGCCGTGCGTGAA,3
CTCGTATATGCATGAG,3
CTCGTGCTAAATCGAA,3
CTCGTTAATAGTCTAT,3
CTCGTTACACAACTAA,3
CTCGTTAGACTTTAAA,3
CTCGTTATCTTTAAAA,3
CTCGTTGTTGAACGAC,3
CTCTAAAATTCCGGAA,3
CTCTAAACCATCAAAA,3
CTCTACACGCGGACCA,3
CTCTACTTCTTACAAG,3
CTCTAGATTTAACCTC,3
CTCTCCGTATATACAG,3
CTCTCTGGCTTCCATA,3
CTCTGAAAATACAAAA,3
CTCTGAATGAAAATGC,3
CTCTGACCCTAAGATT,3
CTCTGATACGCGGGAC,3
CTCTGGCGGAAGGCGA,3
CTCTTACCCAGTAACC,3
CTCTTCGTTCATCGAG,3
CTCTTCTTGGGAGAGC,3
CTCTTGATAGCATGCG,3
CTGAAAAGGTTTGTGT,3
CTGAAACATCCCCGCA,3
CTGAAAGTCACTCCAA,3
CTGAAATACATAAATA,3
CTGAAATCCCTCAACT,3
CTGAAATTACCATCAA,3
CTGAACCACACAAAAA,3
CTGAACCTCACCTACT,3
CTGAACGACTGCGAAA,3
CTGAATCGTATCCGAC,3
CTGAATTACGATACAG,3
CTGAATTGCGAGACAT,3
CTGACATGCAGAGCAT,3
CTGACCAAACACGAAA,3
CTGACCAATAGTTGTT,3
CTGACCCGTACGATCG,3
CTGACCGAAACTCGAT,3
CTGACGAAAAAAATTT,3
CTGACGTCGTCCAAAA,3
CTGACTCAAAAAATTT,3
CTGACTCGGCTCCATC,3
CTGAGACAAAGACAGT,3
CTGAGAGAGCCCATAC,3
CTGAGAGTCCAGTAAA,3
CTGAGTAACAAACATA,3
CTGAGTAGGAGGGATA,3
CTGAGTCAAATATCCT,3
CTGAGTGTTCGACGCT,3
CTGATATGCTACCATC,3
CTGATATGGATAATAC,3
CTGATTCCTAGACCCC,3
CTGCAACAATCCTTAC,3
CTGCAAGGTATCCTAA,3
CTGCAATCCGAACCGG,3
CTGCACGCGCTTTAAG,3
CTGCAGTAGTAAAGTA,3
CTGCAGTATAAGCTAA,3
CTGCATGCGAAAATGT,3
CTGCCACCCCATGGAT,3
CTGCCCCACACTACCG,3
CTGCGATGGCACAATG,3
CTGCGTTCGATCTGAA,3
CTGCTAAAATTGGAAA,3
CTGCTAAGCTTTTACG,3
CTGGAAAAACCTGAAG,3
CTGGAAAAACCTGCAA,3
CTGGAAATGGTGTCTT,3
CTGGAGGAATAGGTGA,3
CTGGATATATTGGATA,3
CTGGCCATTCCCACAA,3
CTGGGGAAGTAAGCAA,3
CTGGTAAGGTATTAAT,3
CTGGTTACCTGGCCTA,3
CTGTAAAACTAGGGTC,3
CTGTAATACCACATAA,3
CTGTATCGCAGTTCGT,3
CTGTCTAAAATTATGT,3
CTGTCTGTGAAACTAA,3
CTGTGTTATGGACAAT,3
CTGTTAACTGAATAAG,3
CTGTTCAGAATACAAA,3
CTTAAAAACGGGAGGG,3
CTTAAAACAGGGAGGG,3
CTTAAAACGCTGACGA,3
CTTAAGACTTTAAGGA,3
CTTAAGCAGCTAGACA,3
CTTAAGTACTACATTA,3
CTTAATGGTCTGGTAA,3
CTTACAAGTCCAGATA,3
CTTACAGAAAGCCTCG,3
CTTACTCCATTCTACA,3
CTTAGACCCCTTTGAT,3
CTTAGCCAGGAGGATT,3
CTTAGCTATTAATTCA,3
CTTAGCTCTAATACCA,3
CTTAGTCGTACTGTAG,3
CTTAGTTAAAGTAACA,3
CTTATAGAACAATACC,3
CTTATGAACCTAACTA,3
CTTATGTTTCAGGTCT,3
CTTATTATATCGACAA,3
CTTATTCGTGTGCCAA,3
CTTCAAACTATCTAAT,3
CTTCAACTTTGTGCGC,3
CTTCACCTGGGTGTCT,3
CTTCACGCTTCGTATC,3
CTTCACGTAAATAGAT,3
CTTCATGCTACACCAT,3
CTTCATGTAAGCTCGG,3
CTTCCACCCAATAGTT,3
CTTCCACTATCAAGGG,3
CTTCCAGACGAGACCA,3
CTTCCCACACGATAAG,3
CTTCCCCATCCTCGAC,3
CTTCCCTTATTTAACA,3
CTTCCTCAAAATTAAA,3
CTTCCTTAGCTCATTA,3
CTTCGCATCCCATTCA,3
CTTCGCCGCGAGAAAT,3
CTTCGTGGACCCAGGA,3
CTTCGTGGACCCCGTA,3
CTTCTAGACTGATCCG,3
CTTCTATGGCACAAGG,3
CTTCTCACTACATTGA,3
CTTCTTCTGATGGAAA,3
CTTGAAGAAGATAAAG,3
CTTGAGAGGAAAACTA,3
CTTGCATCCGTCCGAC,3
CTTGCGGACAATGTAT,3
CTTGCTAGGTGTCCCA,3
CTTGGATAGATAACTA,3
CTTGGCAATTATATTA,3
CTTGGCCTTAGAACTG,3
CTTGGGCGGAAGGCGA,3
CTTGGTAAAAGGTTGT,3
CTTGTAATGTAAGGAG,3
CTTGTACATAATGAGC,3
CTTGTACCCAAAAATC,3
CTTGTATAGATAACTA,3
CTTGTGGTATGACTCT,3
CTTGTGTTAATATAAT,3
CTTGTTGTTGAACTAC,3
CTTGTTTGTGGGATAC,3
CTTTAAGCCAATTATT,3
CTTTACAAATGGAACC,3
CTTTAGCCGAGGCCAG,3
CTTTCCAAGAACAGAA,3
CTTTCCACTGAGGGAA,3
CTTTCCAGCTCGAATT,3
CTTTCCGTATACATAT,3
CTTTGCATTCCCCAAA,3
CTTTTGACACATAGTA,3
CTTTTTCGTAGAGCGT,3
GAAAAAACGCTATAGG,3
GAAAAAATAAAAGGAA,3
GAAAAACACCCAGACC,3
GAAAAACGTGGAATTC,3
GAAAAAGAGCAGTAAC,3
GAAAAATAACACTCGT,3
GAAAAATAGATAGAGT,3
GAAAACCCCGAAAGCG,3
GAAAACGGACACATAT,3
GAAAACGTTTATCACA,3
GAAAAGAATCCACAAG,3
GAAAAGACCAGTGTGT,3
GAAAAGGCGCACGCCT,3
GAAAAGGCGTAAAAAT,3
GAAAATAAGAAAACCA,3
GAAAATATAAAATAGA,3
GAAAATATGCGACTAT,3
GAAAATCTCCTAATAG,3
GAAAATTAATCTTTTG,3
GAAAATTTACATACTA,3
GAAACAAGCAGTATTG,3
GAAACAATTCGACAAG,3
GAAACCCTTTCGCCTT,3
GAAACCTTAAGCGCGT,3
GAAACGCACAGATACC,3
GAAACGCTAAGCATTG,3
GAAACTAAGAAAACAA,3
GAAACTAAGAAAACTA,3
GAAACTGCACGAATCT,3
GAAACTGTACTAAAAA,3
GAAACTTGAGGCATAC,3
GAAAGAAAATTGAGGA,3
GAAAGAAACAGTAAGA,3
GAAAGAATTTTAACTT,3
GAAAGATATATATTCG,3
GAAAGCATCCATCTAG,3
GAAAGCTATGAGATGA,3
GAAAGCTGTGATGCAG,3
GAAAGGAAACCTCGCA,3
GAAAGGAACATCCTCA,3
GAAAGGCTTCTATATA,3
GAAAGTAGCGCGAAAA,3
GAAAGTCATACTATCA,3
GAAATAAAAACAACAG,3
GAAATACTTAATCACT,3
GAAATATACTGAAGAG,3
GAAATATTCAGATTCA,3
GAAATCCCTTAAATTA,3
GAAATGTAATGGAATT,3
GAAATTACAATCAGCA,3
GAAATTATGACAACTT,3
GAAATTGCGCCTACAA,3
GAACAAATGCTCCGAT,3
GAACAACTTGATAACT,3
GAACAATGTATGAGAT,3
GAACAATTTTATCGCA,3
GAACACCAACACTCAG,3
GAACACCTTGACCTCT,3
GAACACGAAAAGAGGA,3
GAACACTAGTACCTTG,3
GAACACTATCCGGTGC,3
GAACACTTCGGACACG,3
GAACAGATCGGAACAA,3
GAACAGCAACATCATT,3
GAACAGCCGAACAACG,3
GAACATCCGAAAAACA,3
GAACATGATATATGAC,3
GAACATGCCCAGGCTC,3
GAACCAACGAAATCTA,3
GAACCAAGCTAAGGGA,3
GAACCAGCCAAGTATC,3
GAACCAGGTTCTCACA,3
GAACCAGTGGCTTAAA,3
GAACCATAAGATACCA,3
GAACCATTAGCTTAAA,3
GAACCATTATCGCGAT,3
GAACCCTTCTGACACG,3
GAACCGATGTAGAGCC,3
GAACCGTGTGGCGCAG,3
GAACCTCACTCACGAC,3
GAACCTTTGCCATTAA,3
GAACGAAAAATAGACA,3
GAACGAAAACCCACCC,3
GAACGAACCTCGATGA,3
GAACGACTAGTATCTT,3
GAACGCAAGTAAACCA,3
GAACGCCCGCCTAAGT,3
GAACGGATCTACAATA,3
GAACGGCAGAATTTAC,3
GAACGTCAGATAGAAC,3
GAACTAAATGTCTGAA,3
GAACTACAAATAGAGA,3
GAACTACTGGATAACA,3
GAACTCAAAAGAGTCG,3
GAACTCCACAAGTTTT,3
GAACTGGAATTCTGAG,3
GAACTGTCACGATTTT,3
GAACTGTTACCAGCTT,3
GAACTTCACATAGAAC,3
GAACTTTTAAAAATGA,3
GAAGAAGACCAAGCCT,3
GAAGACATCATTACTT,3
GAAGACTGTATAAAGA,3
GAAGACTTCCAGCTCA,3
GAAGAGAACCCGCTAC,3
GAAGATCTAAGATTAG,3
GAAGCAATGCCGTACG,3
GAAGCATCATCCAACT,3
GAAGCCCCCAAAAGTA,3
GAAGCGACATCCTGTA,3
GAAGCGACTTTGTACT,3
GAAGCTTCTGTTGACT,3
GAAGGAGTATACGGCT,3
GAAGGCACATGAGGTC,3
GAAGGTAATTAACACA,3
GAAGGTTGAACCGTAC,3
GAAGTAACTTAGCATA,3
GAAGTCTTTGAAATCC,3
GAAGTGCTAAGACTTT,3
GAAGTGGGTGACCCCA,3
GAATAACTCTAATGGA,3
GAATACAAGACACAAA,3
GAATACGGGATCCAGG,3
GAATACTTCTACTCCC,3
GAATAGAAGAGACAGA,3
GAATAGATACCATCTA,3
GAATAGGATATCACAA,3
GAATAGGGATACTCGA,3
GAATAGGTCGTCCTGC,3
GAATAGTCGATCATAA,3
GAATAGTCTAATCCGA,3
GAATATGACCGGCTCA,3
GAATCAATACCATCTA,3
GAATCAGACAAATGTA,3
GAATCAGGTGCTTGTA,3
GAATCATACCAATGTA,3
GAATCCAAGAAACAAA,3
GAATCCACGAGTAGAA,3
GAATCGACCAGACGAA,3
GAATCGAGGACGATAA,3
GAATCGATACAATCTA,3
GAATCGATTTAAGCTA,3
GAATCTATACCATCTA,3
GAATCTTAGTCTACCA,3
GAATGACCCAAAGTCG,3
GAATGACTCAGCGAAC,3
GAATGGTAGTTAAGCA,3
GAATGTATTGATCAAC,3
GAATGTGATCATTCAA,3
GAATGTGCTAATTCAA,3
GAATTAAAATAATTAA,3
GAATTAAATTATTCGC,3
GAATTAATACGTGGAG,3
GAATTACAAGGTGCTG,3
GAATTACACAATAGAT,3
GAATTACGTATCCAAT,3
GAATTATAAGCATCCG,3
GAATTCATTAAATCCA,3
GAATTCATTTAACATA,3
GAATTCCCTACATGAC,3
GAATTGAATATGAAAA,3
GAATTGCAAGAGCTCC,3
GAATTTCCGGACTGTA,3
GAATTTGAAAAGGCTA,3
GAATTTGCATTAGCTC,3
GAATTTGGAGAAGGGT,3
GACAAAAGCTAAACGA,3
GACAACAACATAGGTC,3
GACAATCCTAGTTAAA,3
GACACAGAGACCTTTG,3
GACACAGGTTTCAATA,3
GACACATCTCCTCCAT,3
GACACCAACAAGCTGC,3
GACACCACGCGAAAAA,3
GACACCCTTGACAACG,3
GACACGTAACAAAACG,3
GACACTAAGGTCGCGT,3
GACACTAATGAACTCC,3
GACACTCAGTTGTTTA,3
GACAGATGTAATTGAG,3
GACAGCCAGTACACTA,3
GACAGCTATTATTCAA,3
GACAGGTAACTGCATA,3
GACAGGTGGAAGATGA,3
GACATAACAACAAATA,3
GACATAATTCACTAGA,3
GACATAGCCAAGAAAA,3
GACATATCTAATACCA,3
GACATATGAGTCAGAG,3
GACATATTAACCAGTT,3
GACATCAATCAACTTA,3
GACATCGAACATTGAA,3
GACATCTCTGGGAAGC,3
GACCAAATAATATCTA,3
GACCAAATGTAAAACA,3
GACCAATGCATTATTA,3
GACCACAACATAGGTA,3
GACCACAACATGGGTC,3
GACCAGATACATAAAG,3
GACCAGATGAACCACT,3
GACCATAACGCAGGAA,3
GACCATTGATAGTATC,3
GACCATTGCTATTATC,3
GACCCAATCAGGGAAA,3
GACCCATGGATACGAT,3
GACCCCAAACAACACC,3
GACCCCACCCTAATCC,3
GACCCCAGATACCATT,3
GACCCTCTATTAGTTG,3
GACCGACACTTAAATT,3
GACCTAATGCTAATCT,3
GACCTCCTTCACCTGA,3
GACCTGCAGAATTTAC,3
GACCTGGGATAAACGA,3
GACCTTGGTCATGGTA,3
GACGAAACTACACATA,3
GACGAAAGGAATAAAA,3
GACGAACTACTTCAAC,3
GACGACCTAAATTTAT,3
GACGACTTCGCTGACT,3
GACGATATGAGAAAAC,3
GACGATTCTACCTGAG,3
GACGCATTATATTTGC,3
GACGGGAACGCATTCC,3
GACGGTACATCTCCTA,3
GACGGTACTTACATCA,3
GACGGTACTTACCTCT,3
GACGTATAGCTGACTT,3
GACGTCGCAATGGTCC,3
GACGTCTCCATCCTAC,3
GACGTGAGACGAACTC,3
GACGTGCGAAATTGTT,3
GACGTGCGAAGTTGTG,3
GACGTGCGGAATTGTG,3
GACGTGGATAACGATC,3
GACTAAAAGGCACGAT,3
GACTAAACTCAGGAGT,3
GACTAATAACGAGAAG,3
GACTACGAGCAACTAA,3
GACTACTCTGTAGCGA,3
GACTAGGTCAGTACCA,3
GACTATCTGAATGTAT,3
GACTCACATTAATGTT,3
GACTCACCATTTGCCA,3
GACTCTAACTATTCAA,3
GACTCTGTACTTAACC,3
GACTCTTAAGTTAATA,3
GACTCTTGAATGTGTC,3
GACTGACCCACACACG,3
GACTGAGAAGCTCAAA,3
GACTGATTTAACAAAA,3
GACTGGATTTGTAGCG,3
GACTGGCTTTTTAGCG,3
GACTGGTGCGTGACAA,3
GACTGTCCTATTTTCC,3
GACTGTTCTGAGTCCA,3
GACTTCCAGGGTAGAA,3
GACTTTCATATACACT,3
GACTTTGTGCACGATA,3
GACTTTTACACGATTG,3
GACTTTTACCCGATTT,3
GAGAAAAGATTTCAAA,3
GAGAAACTAGGGAAGG,3
GAGAACACGCAGGGGA,3
GAGAACCCCCGGCATA,3
GAGAACTTGGTAAGCC,3
GAGAAGACCAAGTAAC,3
GAGAAGGTAAAAGCAA,3
GAGAATGACTTTCAGA,3
GAGAATTTAATTGAAC,3
GAGACACAAAGATTCA,3
GAGACACACACTCTGT,3
GAGACATCCAGTTCCT,3
GAGACGTAAACTGCAT,3
GAGAGCCAGTGTGATT,3
GAGAGGTATGAAAATA,3
GAGAGTACCCCGAAAT,3
GAGAGTACCCGAATCA,3
GAGAGTTAATGCCTAG,3
GAGATCCTAGACAATC,3
GAGATCTAGCGAAGAG,3
GAGATGCGGATTATGT,3
GAGATTAGGGTGATCA,3
GAGCAAACTACACCGA,3
GAGCACCGGTATCATG,3
GAGCACCTGAAACTAT,3
GAGCACTCTTAACTCA,3
GAGCACTTGCTACCCC,3
GAGCCAAAACGTGGGA,3
GAGCCAGCTCGCAACC,3
GAGCCCAGAGTCCATC,3
GAGCCCCGATTCCATC,3
GAGCCGAGAGTACAAC,3
GAGCCGATTGACAGTT,3
GAGCCGTATTCCAAAT,3
GAGCGATAGCTTGATG,3
GAGCGATCCACACCAC,3
GAGCGCGAAAGTTAAA,3
GAGCTAATAAATGTAG,3
GAGCTCACATGAAAGA,3
GAGCTGATGTGAGCAT,3
GAGCTGATGTGAGCCC,3
GAGCTGATGTGATCCT,3
GAGCTGTAGAAATGTG,3
GAGCTTAAGAGACCAA,3
GAGCTTAATAGAACAA,3
GAGGAACGTAAAGCCT,3
GAGGACACCGAAATTT,3
GAGGACCACTGACTCT,3
GAGGACGAATATCAGT,3
GAGGAGTGGACTTGTC,3
GAGGATAACAGCGATA,3
GAGGATATAAAAATAT,3
GAGGATCCATGCACCA,3
GAGGCATTAGTCTTTG,3
GAGGCCCGAATCCAGA,3
GAGGCTCTACATACTA,3
GAGGGAAAATGGAAGC,3
GAGGGAACATAAAAAA,3
GAGGGAACTAGCAACG,3
GAGGGACAAGGAACGT,3
GAGGGCACTAACTATG,3
GAGGGCGCCTAACACG,3
GAGGGTGCGGCACCAT,3
GAGGTCACCGCATGCA,3
GAGGTCCAAAAGGAGA,3
GAGGTTACACTGTACC,3
GAGTAACGATTCTTTT,3
GAGTAATAAAGCCTAA,3
GAGTACAGCCGTGTGG,3
GAGTAGACCGGTAATA,3
GAGTCAAAAATCGCAC,3
GAGTCAACCTAAAAAA,3
GAGTCACATTGCGACC,3
GAGTCACTAAGTTGAC,3
GAGTGCTTCTACCTCC,3
GAGTGGATCGGCATGA,3
GAGTGTCAAAATATAG,3
GAGTGTGATTTGAAAC,3
GAGTTAGATCTCCAAT,3
GAGTTCAGGTCGCATA,3
GAGTTCTAAAATATCA,3
GAGTTCTAGTAAAGTT,3
GAGTTGGTCACCTAAG,3
GAGTTTCAAAGTACCA,3
GAGTTTCAGATGCAGA,3
GAGTTTCCGTATAGCC,3
GATAAACACGTTTTGA,3
GATAAAGATATTAACA,3
GATAACACGCGGGGGA,3
GATAACGCGCAGGGGA,3
GATAACTTAGTAAGCC,3
GATAAGTTTTGCAGAA,3
GATAATAGTACGGAAG,3
GATAATTGTGCAAACA,3
GATACACATCTATAAT,3
GATACAGCAGTATGGG,3
GATACATAATCAAAAA,3
GATACGAGCGAAAACT,3
GATAGAAGTGACTACG,3
GATAGACACAACAAGG,3
GATAGCACGGTAAAAA,3
GATAGGAAAAAATCAC,3
GATAGGTGTTAAAAGC,3
GATAGTACATCGGGTA,3
GATATAAACCTCTAAT,3
GATATAAAGATACTTG,3
GATATAATTTTATCGC,3
GATATACAGAACCTAC,3
GATATACCTACGGGAT,3
GATATCCAGATTGACC,3
GATATCCATAAGTCAC,3
GATATGTAATTAACGG,3
GATATGTGAGAAAAAT,3
GATATTTAATGCCCCC,3
GATCAGCGGCTAGCAG,3
GATCAGGTGGCATAAC,3
GATCATAATGGACTTC,3
GATCATACGATCTGTA,3
GATCATAGATATGTCA,3
GATCCGAACTCTTCAT,3
GATCCGCGCAGCAATT,3
GATCCGTCCTGGGCCG,3
GATCGAGTAAAATAAA,3
GATCGCTACGACTACT,3
GATCGGAATGAGTTAC,3
GATCGTTACCATTATA,3
GATCTACGTTTGTAAT,3
GATCTCCGTCCATCCC,3
GATCTGCACCCAATAA,3
GATCTTCGGCACGCAA,3
GATCTTTTAAGATTAT,3
GATGAAGTATTGATGA,3
GATGAATCATGTCCCA,3
GATGAATGGCTTTAGC,3
GATGAATTATGTATCA,3
GATGACACGCAGGGGA,3
GATGACCCATGAGATA,3
GATGAGTGTGTCAGTA,3
GATGATCTAAGCATAA,3
GATGATCTAAGTAAAG,3
GATGATGAACTAACTC,3
GATGCAACAATAGCGA,3
GATGCATAGGAATCGC,3
GATGCATTCTTGGTTA,3
GATGCCTTGAGTTAGA,3
GATGCGTCGATGTCTC,3
GATGCGTCTATGTCGC,3
GATGGAAAATTTGTAT,3
GATGGAAATTATGTAT,3
GATGGACGATGCTGAT,3
GATGGCACGTACAGAC,3
GATGGTTTACGACTGT,3
GATGTACAACAAAGAA,3
GATGTATGAATATATT,3
GATGTCCAGTCAGTCG,3
GATGTCCCATCAGTCG,3
GATGTGCAGTTGTCAG,3
GATGTTCCCCACTGTC,3
GATGTTTCCCACATTA,3
GATGTTTTGGATTTAC,3
GATTAAAGGGACCATG,3
GATTAACAAACAAACA,3
GATTAACACTAGACAA,3
GATTAAGTCATTAAGG,3
GATTAATTACGTTTCG,3
GATTACCATAGTGCTC,3
GATTATAAAAAGGACC,3
GATTATAGCTAACACT,3
GATTATTGAATGACTG,3
GATTATTGGACTAACT,3
GATTATTTTTTCATCA,3
GATTCACCCGTCAGAA,3
GATTCCAAGTATGCAT,3
GATTCGACACCGTATA,3
GATTCGTACAGCGTAA,3
GATTCTCATACACTGA,3
GATTGACAATTACTTT,3
GATTGGAGCTTGTGGT,3
GATTTAACTCAATTAA,3
GATTTTAACCACCGTA,3
GATTTTTGAAAGCTTT,3
GCAAAAATTACATAAT,3
GCAAAAGTTTATCACA,3
GCAAACATACCCCAGA,3
GCAAAGCGTAAGTCTT,3
GCAAAGTATTATCTTA,3
GCAAATATAACAGATT,3
GCAAATCAGTATGAGA,3
GCAAATTCGCTGAAAC,3
GCAACAGGGCATAATA,3
GCAACATTCTGAGGCT,3
GCAACGAAAAGTTGAT,3
GCAAGCCGGCTACGAG,3
GCAAGGCTCTATGAAG,3
GCAAGTACCCATCAAA,3
GCAAGTCCTTAACGTG,3
GCAATAAACCCATGAT,3
GCAATACATGTTAACA,3
GCAATATAGACGAACC,3
GCAATGACAGAGCCCA,3
GCAATTAATGAGATAC,3
GCAATTACTGATATAC,3
GCAATTAGTCCCATGC,3
GCAATTGCGCCAGCCC,3
GCACAAAATGAACACA,3
GCACAAAGCCGTCCAA,3
GCACAAATTCGGCTTA,3
GCACAACAATCTTGAT,3
GCACAATACATACTGT,3
GCACAATATAAGTTAA,3
GCACACGCCATACACA,3
GCACACGTAATACACA,3
GCACACGTGTGTTATC,3
GCACATGCATTTACTC,3
GCACATGGGTTGTGGC,3
GCACATGTCTCCCTCT,3
GCACCAATTCTGCTTA,3
GCACCACCAGCTATCT,3
GCACCATCACTACCTA,3
GCACCCGGAACACGAA,3
GCACCGCGGGCACCTA,3
GCACCTACGCCCTTCA,3
GCACGAGGCATCACAA,3
GCACGCAAACAATAAG,3
GCACGGACATCCGGGA,3
GCACGTTAATGAGAAT,3
GCACTAAATAAGGACA,3
GCACTCCCTGGTTCAA,3
GCACTCTTTCCAGGCA,3
GCACTGCAAACCCGAT,3
GCACTGTCTATTTAAC,3
GCACTTCAGCAGAAGG,3
GCAGAACACCTAGAGA,3
GCAGAACCTCAAGGAT,3
GCAGAAGAGGAATTCT,3
GCAGACGCGCATTTAG,3
GCAGAGGCATCCTTCG,3
GCAGATACCTATATTC,3
GCAGATATAAAGGGAA,3
GCAGCACCGACGAAAG,3
GCAGCCAGGAACCCAG,3
GCAGCCGAACCAATTT,3
GCAGCCTACGCCCAGC,3
GCAGCGGAACCCCTCT,3
GCAGCTCAACTTAATG,3
GCAGGACGAATATGTA,3
GCAGGCTCCCACGATA,3
GCAGTAAGAGGATCGA,3
GCAGTATAATAATTAC,3
GCAGTCAGTAGAGAAA,3
GCAGTCGGGAAGGTAC,3
GCAGTCTTTGAAATAC,3
GCAGTGATGTGCATAG,3
GCAGTGCACGCGATAA,3
GCAGTGTGCTTGTTTG,3
GCAGTTCCTTATCCTA,3
GCAGTTCGCTATCACA,3
GCATAAACCCACAGAA,3
GCATAAATCGAACTGG,3
GCATAATACTTTGCAC,3
GCATAGGCCTTACCCG,3
GCATATATGTCTTAAA,3
GCATATGTCTCAAACT,3
GCATATTCAGTTGTGC,3
GCATCCGTAAGTAAAG,3
GCATCTGACCGCTGCA,3
GCATGACCCAAAGTCT,3
GCATGCCGAAGCACAA,3
GCATTCAGAGACCTTT,3
GCATTGATGAATATGG,3
GCCAAAACAACAGATA,3
GCCAAGACCATGATAC,3
GCCAAGATCACACCAT,3
GCCAATCAACATAGCT,3
GCCAATCGGATACGTC,3
GCCAATGGTATTCTAC,3
GCCAGAAGATAATTCC,3
GCCAGAGTCCAACTCT,3
GCCAGGAATAAGCAAT,3
GCCATATGTAGCAAGC,3
GCCATCGTACGAGGTT,3
GCCATGAAAAACCAGG,3
GCCATTCAAATGCCTT,3
GCCCAAGAAAAATGAT,3
GCCCAATTCATCTGGA,3
GCCCACTCTAGTTCGC,3
GCCCAGAGCACCCCGC,3
GCCCCACGGTTATGCT,3
GCCCCCCAACGGATAT,3
GCCCGAAAAAAGCATT,3
GCCCGATCCTAGCACT,3
GCCCTCCTGATAGCTC,3
GCCCTCGAGTCCGTAA,3
GCCGAAATCCGTTCAC,3
GCCGACTAGGTACTCT,3
GCCGAGCATCGTCTAA,3
GCCGAGTCAGAACGAA,3
GCCGATACGGCCCACA,3
GCCGCCCTGAATGGAT,3
GCCGCGATAACAACCG,3
GCCGCGCATCATCTAA,3
GCCGGAAAAGCCTCAG,3
GCCGTATCCTCACATT,3
GCCGTCTACAAAAAAT,3
GCCTAAATAAAACCAA,3
GCCTAAGGAATATAAC,3
GCCTACATAGAGTCCT,3
GCCTACCATAAAAGAC,3
GCCTCAGATGTGTCAA,3
GCCTCAGGCGTAAGTT,3
GCCTGACCAAACGAGA,3
GCCTGATAGAAATACA,3
GCCTTAATTGAAAACA,3
GCCTTCACATGAAGTA,3
GCCTTTGCCCCATTAT,3
GCGAATGGTGAATACA,3
GCGACACAATGTCATC,3
GCGACAGAAGGCTTCA,3
GCGACCGCCATCAATC,3
GCGACGCGAAAAACAT,3
GCGACTTAAGTCATAA,3
GCGAGACAGTGCCCGT,3
GCGAGCAGGGGTAAAA,3
GCGAGGTAACACAGGG,3
GCGATAAACACACTAG,3
GCGATAATCGAGTAAA,3
GCGATACCCGCCGGAC,3
GCGATCTTAAGATAAG,3
GCGATGGACAATCTTG,3
GCGATGTTAACACATT,3
GCGCAGTCAGTTCAAC,3
GCGCCTAGCCTTCAAT,3
GCGCGAAATGTATCAG,3
GCGCGACAACAATACG,3
GCGCGCAACTCCAAAA,3
GCGCTCAAACAATGAC,3
GCGCTTCACGGGCGTA,3
GCGGAATTTAATGGGA,3
GCGGCCCGAATCTAGA,3
GCGGCTGGAACCTGCA,3
GCGGGATGAATGTACG,3
GCGGGATGGAGCATTG,3
GCGGGCCCTGACTCGA,3
GCGGGCCTGCACGAGG,3
GCGGTAACTACACTTT,3
GCGGTAATAAACGTTA,3
GCGTAGTAAGGATATG,3
GCGTCACAATCGGCAA,3
GCGTCACAATCGTCCA,3
GCGTGAAAGTAATCAC,3
GCGTGCCGGATGGGCA,3
GCGTTAACTACACTGT,3
GCGTTAGTAAGCTCAA,3
GCGTTCGTCTCACTAT,3
GCGTTCTCGTTATTGC,3
GCGTTCTTTAAAACAT,3
GCTAAAAACCACGACG,3
GCTAAAAACCACTCCG,3
GCTAAAACATCCAACT,3
GCTAAAGGGGCCAACA,3
GCTAAAGGTGGGTCAG,3
GCTAAAGTCGCATCAG,3
GCTAAATAGAATGCTA,3
GCTAACTTAGGTTTAT,3
GCTAATAACTTACAAA,3
GCTAATACTCGTTAAA,3
GCTAATGGGTTAGCCT,3
GCTACAAGGCAGTAAA,3
GCTACATATCCAAATT,3
GCTACCTTACGCACAA,3
GCTACGCCGGAATCTC,3
GCTACGTGCATATCCT,3
GCTACTCGTTGATACA,3
GCTAGACACTACAATC,3
GCTAGCAGACTGGTAA,3
GCTAGGGTTACCAGAG,3
GCTAGTCAAATAAAAC,3
GCTATAATAGATTAAC,3
GCTATAGCGCCGTAAC,3
GCTATCAATGAAGAGT,3
GCTATCCGTTCACAAA,3
GCTATGCATATACCGT,3
GCTCAAATGAGGAGTT,3
GCTCAACATGCGCCCA,3
GCTCAACCCATGAAAG,3
GCTCAAGTAGCCATTT,3
GCTCAATGTTCAAGAT,3
GCTCATTTAGGTCGCT,3
GCTCCAAAAAATTCTT,3
GCTCCATAGTACCATC,3
GCTCCCTGTGCAGTAA,3
GCTCCTAATCCAGAAT,3
GCTCGAATACAATAAC,3
GCTCGCGCCTTACAGC,3
GCTCGTTAATCTGAAT,3
GCTCTAAGGTATAATC,3
GCTCTAATATTAGCTA,3
GCTCTAATATTATCTC,3
GCTCTACTGCGTAACC,3
GCTCTCAATGACCATC,3
GCTCTCGCTCCCAGAG,3
GCTCTGAGCAATTGTC,3
GCTGAAACTATAACAA,3
GCTGAACTCCGTACGG,3
GCTGACCCACTCCTTG,3
GCTGACTAAAGCGAAA,3
GCTGAGCACCCACGCA,3
GCTGATTCGCTTCGCG,3
GCTGCCCCCATAGCAA,3
GCTGCCTGGATCCCCC,3
GCTGGTTGAACGCAAA,3
GCTGTAACTAACTGAT,3
GCTGTACCAAAATTTC,3
GCTGTCCATGTAATTG,3
GCTTAAAGTACAATAT,3
GCTTAATTTGCACGCA,3
GCTTACTTTTCACGCA,3
GCTTCTCAGACACTGA,3
GCTTGGGACAAAAGAC,3
GCTTTAAGAAACATTT,3
GCTTTCTTCGCCAACT,3
GGAAAAAATTTCAGTA,3
GGAAAACTAAATGGAA,3
GGAAAATATAATTATA,3
GGAAAATATTCACGCG,3
GGAAACAATCTATAGG,3
GGAAACACGATTCATT,3
GGAAACACTTGGACTA,3
GGAAAGCCCATCTAAT,3
GGAAATAGAGCAATAA,3
GGAAATCATGTTCCGC,3
GGAAATTTAGCCGTTA,3
GGAACAATACCGTAAA,3
GGAACACCACGCGACG,3
GGAACATGACAGTAAA,3
GGAACCATCAGCTTTT,3
GGAACCGTGGACATAC,3
GGAACTGATATGTATG,3
GGAAGAATTTTAGCTC,3
GGAAGACCCCGCATTG,3
GGAAGAGCGCACAATG,3
GGAAGATTAAAACGTT,3
GGAAGCGGTGAACATG,3
GGAAGTCCAAACAAAT,3
GGAAGTGGAACTGAAT,3
GGAATCCCGCCAATGT,3
GGAATGACTAAAATCA,3
GGAATTTAATGGCCCA,3
GGAATTTAGAAGCTTT,3
GGACAATATAGACGAA,3
GGACACATATTCCCAC,3
GGACACTTGTTCGAAT,3
GGACATAAACCAAAAA,3
GGACATTAAATATAGT,3
GGACCCAGTCAAGGAC,3
GGACCGAACAAGAGAT,3
GGACCGTGGTTGAACT,3
GGACGAGCGCATACGG,3
GGACGATAGCCTCAAT,3
GGACGGGAAGACACCT,3
GGACGTAACTCTACAA,3
GGACGTTAAACTCGGG,3
GGACTCACTCTCTTAT,3
GGACTCCATTAATAAA,3
GGACTTATAATACGAG,3
GGACTTCAGATCCATG,3
GGAGAAAAGAACCCTC,3
GGAGAATACTTAGCAA,3
GGAGACCGAGCGGTAT,3
GGAGACGGGTTCTAAG,3
GGAGACGGTTTCTCAG,3
GGAGACGTGTTCTCAG,3
GGAGACTGGTTCTCAG,3
GGAGAGTTTTAGGTCG,3
GGAGATGTCCTAAGTA,3
GGAGCAAATCCTGCGA,3
GGAGCAACGACTCTGA,3
GGAGCCAACCGCTTCG,3
GGAGCCAATGGAAACG,3
GGAGCTTCCGTGCCAC,3
GGAGGACGCAAAATAA,3
GGAGGACGCAAAATCG,3
GGAGGACGGAAAATCA,3
GGAGGCATAATTGGCT,3
GGAGGGGCACTCCCAC,3
GGAGGGTCAAAAAAGG,3
GGAGTACCATCATATT,3
GGAGTCCTAGATATTA,3
GGAGTCTCTGACCCTA,3
GGAGTGATACCTATGA,3
GGAGTTACAAGTTAAC,3
GGATAAAATGTATAAA,3
GGATAAATAATGATAC,3
GGATACTGCAGGTCGA,3
GGATAGGCCTTATACA,3
GGATAGTAGTCCTTAG,3
GGATATAATGTAGTAC,3
GGATATCAAGTACCCA,3
GGATCAGCGATAGGAG,3
GGATCAGTATCCAGCA,3
GGATCATGACAAATGA,3
GGATCATTACTGAAAG,3
GGATCGAGGCGTCTAG,3
GGATCGCCCCGCGAAG,3
GGATGAAAAACACCCC,3
GGATGCTACAAGAACA,3
GGATGGTACCAGAACG,3
GGATGTCTCTTCTGGC,3
GGATGTGTAAACCTGG,3
GGATTAGTCCAACCCC,3
GGATTTAGCAGCCTAA,3
GGCAAAAAACCAAGGA,3
GGCAAAATTGACTCTA,3
GGCAAACCAGACATTG,3
GGCAAATATCTAGAAG,3
GGCAAATCAAATCGAA,3
GGCAAGCTAAGTTGGC,3
GGCAAGCTGATGGGGA,3
GGCAATGTATTCCATT,3
GGCAATTGTTAATCTG,3
GGCACAAGGTAGTTGA,3
GGCACTTATCGAGTAA,3
GGCAGAAATCTTACAC,3
GGCAGACCCCACATTG,3
GGCAGGCGGGATTTTG,3
GGCAGTAACAGCAAGA,3
GGCATATTTCTCCACC,3
GGCATGCGGTCTATCA,3
GGCATTGTAAGAACCA,3
GGCCAAAAATTGGGAA,3
GGCCAACTACAGCATT,3
GGCCACCATTTCCCGG,3
GGCCATCTAAACAAAA,3
GGCCATTAACCGGGCG,3
GGCCATTATTGCTGAT,3
GGCCCAAAACGTGGGA,3
GGCCCACCGTATTGTA,3
GGCCCACTCTTGTCGC,3
GGCCCATGAGTGAAAA,3
GGCCCTTCCCCTTACA,3
GGCCGAGCAACTCGTA,3
GGCCGCAGTTTAACAC,3
GGCGAAAAGAACACTC,3
GGCGGAAACTAATAAT,3
GGCGGATCAAATTCAT,3
GGCGTCATGAACATAT,3
GGCGTCCCCTGATAAG,3
GGCGTTACGTCGTGAA,3
GGCGTTTACCAGCCCC,3
GGCTAAAAAAGCATTA,3
GGCTACATGTTAAGGT,3
GGCTAGAAACGTCATG,3
GGCTAGGCATTATACA,3
GGCTATTAGACACAAT,3
GGCTCCGGAAAAAGTA,3
GGCTCTTAGTAGTCAA,3
GGCTGAAGATGCTCAA,3
GGCTGACGATGCTAAA,3
GGCTGACGGTGCTCAA,3
GGCTGCACTAAATAAT,3
GGCTGTCTCTTCTGAC,3
GGCTGTCTCTTCTGGA,3
GGCTTAACTAACAATT,3
GGCTTAATATTACACT,3
GGCTTCCCACTTTAAT,3
GGCTTCTATAAAAGAA,3
GGCTTGACGCACACTG,3
GGGAACCCCCCACGTC,3
GGGAACTTAAAAAGGG,3
GGGAAGCAACAGCTTC,3
GGGAATACGAACTTCA,3
GGGAATGTCCACAGTC,3
GGGACCCAAGCTACGT,3
GGGACCTGACTAACTA,3
GGGACTAAAAAGTAAA,3
GGGAGAACGTCAAAAG,3
GGGCACAAGCTGAAAC,3
GGGCACATACATGCGC,3
GGGCAGTATGAGACAA,3
GGGCCAAAGCGTGGGA,3
GGGCCCACAGTCAAGG,3
GGGCGAGGATTCGAAT,3
GGGCGTGATTAGAAGA,3
GGGCTAAAATCAGACC,3
GGGCTATTTGCTACAT,3
GGGCTGTAACTTTCAA,3
GGGGACGAGTTTCTCG,3
GGGGCTCCTAACGCGC,3
GGGGGAACAGAAAAAA,3
GGGGGTAATAATGTAA,3
GGGGTAACTACACTGT,3
GGGGTATGCCAGCCAC,3
GGGGTATGCCGGACAC,3
GGGTAAGCGATGAAAC,3
GGGTAAGTCATGGTCT,3
GGGTACGTGTCCACGA,3
GGGTACTTCGCCAAGA,3
GGGTAGACAAATTTCC,3
GGGTATAATTCATTAA,3
GGGTATCAACCCCACA,3
GGGTCACGCCTCATGG,3
GGGTCGAGGTCTATTC,3
GGGTGAATACGATTAC,3
GGGTGTCTCCTCAATC,3
GGGTTAGTCTGAAATC,3
GGGTTATACACGGTAT,3
GGGTTTAGACTATCCT,3
GGGTTTAGACTCTACT,3
GGTAAACACTGTCCAT,3
GGTAACCGAACAGTTA,3
GGTAACGGGAGAAATA,3
GGTAAGAAATGCCACT,3
GGTACAAACATGAGAT,3
GGTACATAGAAGGATT,3
GGTATACTGTTTAGCG,3
GGTATCACATAACAGT,3
GGTATCCCGTAACAGT,3
GGTATGAATAAAACAA,3
GGTATGTTTCAGGTCT,3
GGTATTAGGCACGCTG,3
GGTCAAAAGTCCTACT,3
GGTCAAATTAAACACC,3
GGTCAATAAACTAGAA,3
GGTCAATTAACAATCA,3
GGTCAGCCTCGTTATC,3
GGTCATCCTAGGTACT,3
GGTCATGGATACCCCA,3
GGTCATGGCAAAGGAT,3
GGTCCAATCTGAGGCA,3
GGTCCCAGCAATATTT,3
GGTCCCCATATTGACC,3
GGTCCCCATCTTGAAC,3
GGTCCCCATCTTTACC,3
GGTCCCGGATACCCCA,3
GGTCCTGGATACCCCT,3
GGTCCTGGGTACCCCA,3
GGTCCTTGATACCCCA,3
GGTCGAAACCAATCAC,3
GGTCGATGGAAGGAGT,3
GGTCTACCATCTTAAG,3
GGTCTGATGAGACCGT,3
GGTCTGCATTGCTTCT,3
GGTCTGCATTTCTTCC,3
GGTGAAAACACTTTTT,3
GGTGAAAACTCCGCCT,3
GGTGAATAAGTCCATA,3
GGTGAGTCAGAAAACG,3
GGTGATAAAGCGAAAC,3
GGTGCATTAGTCCGAA,3
GGTGCCCAACGACCCG,3
GGTGCCCAGAGATGCT,3
GGTGCCGACCCCGCTA,3
GGTGGATAAAGGAAAG,3
GGTGGATGCAACCTGC,3
GGTGGGCGACAGTCTA,3
GGTGGGCGACCTTCTA,3
GGTGGGTGACCAGGGG,3
GGTGTGTACGATAGCA,3
GGTTACAACCTAAAGG,3
GGTTACACCAAGATTT,3
GGTTATCACGGGACAT,3
GGTTCAACTCGAATAC,3
GGTTCAAGAATACGTA,3
GGTTCAGAATGAAACA,3
GGTTCAGATCCCGCTT,3
GGTTCATAATGAAGCA,3
GGTTGAAATAATTAGA,3
GGTTGAAATCATTAAA,3
GGTTGCAAAAGGTTAG,3
GGTTGGCGACCGTCTA,3
GGTTTAAATCATTAGA,3
GGTTTACAGCCGTCCT,3
GTAAAAAGAAGTGATA,3
GTAAAAGACATGAATA,3
GTAAACAGTAGACCCA,3
GTAAACTACTTTCGAC,3
GTAAAGGCCATAAGAG,3
GTAAAGGCGACGGTAT,3
GTAAAGTTGGAGTTCA,3
GTAAATAAAAAGCTAA,3
GTAAATACCGTTACAA,3
GTAAATGCTATATGAA,3
GTAAATTACTGCTGAC,3
GTAACACAAATGGAAA,3
GTAACACATAATAAGG,3
GTAACATAAAACTTTA,3
GTAACATGGCCGCAAG,3
GTAACCAAAATAACCG,3
GTAACCACAGAATATC,3
GTAACCGACCCATAAG,3
GTAACTGATATGTAGG,3
GTAACTTTTAATTAGC,3
GTAAGAGATCCACAGA,3
GTAAGAGATGCTACAA,3
GTAAGGGCACGAATCG,3
GTAATAAAACTAACAG,3
GTAATAATTTAAGTTT,3
GTAATACTTAAGCACT,3
GTACAAATCTTTACTC,3
GTACAACAAAATTACT,3
GTACAACGCTATTTGA,3
GTACAAGAAGCGGCGA,3
GTACAATATGTTGCCA,3
GTACAATCACTAAGAT,3
GTACAATGCCCCTAAC,3
GTACAATGTATGAGAT,3
GTACAATTATCAAAGC,3
GTACACGTCATACACA,3
GTACATAATCAGAATC,3
GTACCAATGATAGTTT,3
GTACCCATGTCGAGGT,3
GTACCCTTGACATAAA,3
GTACCTCCAGACCGAC,3
GTACCTCGTTCGACCT,3
GTACGATGGAGTAGAG,3
GTACGCACGCTTACGA,3
GTACGCATAAAGGTGG,3
GTACGCGCACTTAAAC,3
GTACGGGGATTCTACA,3
GTACGGTCATTTTGTC,3
GTACTAACCTGTGAGA,3
GTACTAACTAAATTTT,3
GTACTAACTGTAACCC,3
GTACTACTTGGAAAGC,3
GTACTCAGAAACTTGA,3
GTACTCCACAAGTTTT,3
GTACTCTGTATATCGA,3
GTACTGAATACATAAA,3
GTACTGACCTGGAACA,3
GTACTTCAAGACCAAT,3
GTAGAACTCTGTCCAT,3
GTAGAAGTAAAACAAG,3
GTAGAGACTCAAATTT,3
GTAGAGGCATATAGCT,3
GTAGATATCCAAAGTG,3
GTAGCAACAAGGTAAT,3
GTAGCATCCAACAAGT,3
GTAGCCGTCCCAACAC,3
GTAGGAAATAAGACAT,3
GTAGGACGCAAAATCA,3
GTAGGAGTACGGCAAC,3
GTAGGTGATCATATTC,3
GTAGTGAGGTAGACTA,3
GTAGTGCTGTGCATAG,3
GTAGTGGCTATGGGAG,3
GTAGTTACAAAACCAT,3
GTAGTTTAATAGTTCA,3
GTATAAAAGACATTAC,3
GTATAACACTTGGAAA,3
GTATAACCACCCATTG,3
GTATAACGGAATGGTA,3
GTATAGATATCATCCC,3
GTATATAACGTTAAGA,3
GTATATAGCCTTGGCT,3
GTATATAGGTTATGTA,3
GTATATGTTAAACAAG,3
GTATATTGATTGAGCT,3
GTATATTGCTATCTAA,3
GTATCAAGACGACCTC,3
GTATCAATCAGGCCCA,3
GTATCAGACCAATGTA,3
GTATCAGTAACAGACA,3
GTATCAGTGGGTATAA,3
GTATCCAAGACACAAA,3
GTATCCCAGTCTAATG,3
GTATCCTTACCCTATA,3
GTATCGATTTAAGCTA,3
GTATCGCAGTGCTCAC,3
GTATCTAGAAAAGGCA,3
GTATCTGATAAAAGCA,3
GTATCTTAATCTACCA,3
GTATGAGAACATCATA,3
GTATGTCTTACTTTGA,3
GTATGTTAAAAAAATC,3
GTATTAAAGTTTAATG,3
GTATTAAGAGACAGAA,3
GTATTACACCGATAAA,3
GTATTACCTCATCAGG,3
GTATTAGCTGGGTAAT,3
GTATTATTATTACTAG,3
GTATTCTTTGTATATT,3
GTATTGACTAATGATC,3
GTATTGGATGTGTGAA,3
GTCAAACTTAAAGTCG,3
GTCAACAACCTCACGG,3
GTCAACATAACGGCTA,3
GTCAACCTCTCAGTAA,3
GTCAAGACCCTGATAC,3
GTCAAGAGATCATATC,3
GTCAATATAATCGTGG,3
GTCAATCGGAATCAGA,3
GTCACAGCTTTAGTAC,3
GTCACATTATGGGAAG,3
GTCACCCCCAAAGTTC,3
GTCACCTATAGACCTT,3
GTCACCTGTTTATGAA,3
GTCACGAAGCCACATC,3
GTCACTAGTAGGAAAA,3
GTCACTATTATCTGAC,3
GTCACTTATTACAAGG,3
GTCACTTGGTTATGAA,3
GTCAGAAATTACGAGC,3
GTCAGCAGACAACTGG,3
GTCAGCCCCTCGGAAT,3
GTCAGCTAACTCAACT,3
GTCAGCTGTAATTGAG,3
GTCAGGGAACAGAACT,3
GTCATAAGCAACTTCT,3
GTCATACTAGAGATGG,3
GTCATCTATTGTAACT,3
GTCATGCATGGTTAAA,3
GTCATTAAATCTGATT,3
GTCCAAAACCTTGCAC,3
GTCCAAATGAGGTGGG,3
GTCCAAGAATATGCTT,3
GTCCACAGTTCATTAA,3
GTCCACGCAACCAAAA,3
GTCCACGTTCACTTAC,3
GTCCATCCAAACATCA,3
GTCCCACAAATCCAAG,3
GTCCCAGAAGATCATA,3
GTCCCATGCATTATTA,3
GTCCCGTCAAAAATAT,3
GTCCCTTCGTATATCT,3
GTCCGCATTTGATTAA,3
GTCCTACCGCTCACAG,3
GTCCTATGGAGTAGAG,3
GTCCTCAGTTTAAAAA,3
GTCCTGACGCCTATAG,3
GTCCTGCACAAGAGGA,3
GTCGAAATCCGTTCAA,3
GTCGAGAGCTCCTCCC,3
GTCGAGTCGGCGTGAC,3
GTCGCCGACTCCCGCG,3
GTCGCGAGCTCATCCC,3
GTCGCGAGCTTCTCCC,3
GTCGGAAAACAAAAAG,3
GTCGGAACAACGGGTG,3
GTCGGACTTTAAGACT,3
GTCGGAGATTTTGCGT,3
GTCGGAGTAAACCTTT,3
GTCGGTACTTACCTCA,3
GTCGGTTAACGGACTG,3
GTCGTAGCGTGAGTCA,3
GTCGTATATGTATGAG,3
GTCGTCACCACACAGA,3
GTCTAAACCCAGGAGT,3
GTCTAAATCCGTTCAC,3
GTCTACGACGCAAATC,3
GTCTACGGATTGGTGC,3
GTCTACTAAATGCAAG,3
GTCTATCTACAATAGA,3
GTCTATCTTTGTATGA,3
GTCTATTGAAAGGATT,3
GTCTCCAATAATACAT,3
GTCTCCCGGATGTTGC,3
GTCTCTGAAAAAAGCA,3
GTCTTAAAAATAGAGC,3
GTCTTACATCCTTTCC,3
GTCTTCAGCTGTGAAT,3
GTCTTCATCATATAGC,3
GTCTTCTGGGACCCAA,3
GTCTTTTACCCGATTG,3
GTGAAAAGTCTTGGGT,3
GTGAAACAAGATGAAA,3
GTGAAATACTGTCTGT,3
GTGAACAAAAGCGGGC,3
GTGAACATGAACTCTC,3
GTGAACTTACTTAACA,3
GTGAATCGCATATGTT,3
GTGACCACTGTTGCAA,3
GTGACCGTGGAGTAAA,3
GTGACGCAAAAAATTT,3
GTGACTATACTTATCT,3
GTGACTGAAGACGATC,3
GTGAGCACCATTCACA,3
GTGAGCCTCCAGTGGT,3
GTGAGCTTTTCCACCT,3
GTGAGGAGTGGGGTAA,3
GTGAGTCGTACTGTAG,3
GTGATACTGCGACACG,3
GTGATCAAAACTATAC,3
GTGATCATACTTGGAC,3
GTGATGACATTGACAA,3
GTGATGACCCCCCGTA,3
GTGATGCCGTTGACAA,3
GTGATTTAAACACGCA,3
GTGCAAGGTAGCCTAA,3
GTGCAGCAGTAAAGTA,3
GTGCAGTAGAAAAGTA,3
GTGCAGTAGCAAAGTA,3
GTGCAGTAGTAATGTA,3
GTGCCCAACAGGAGAA,3
GTGCCCGGTACATACG,3
GTGCTCCGCAAGACCA,3
GTGCTTAATTCATCTG,3
GTGGACAACATAAGAA,3
GTGGACCACTGACTCG,3
GTGGAGAAAAAAAAAA,3
GTGGAGCCCGACAATC,3
GTGGCAACCTAAAAAA,3
GTGGCCCAATCATTTC,3
GTGGGAAATGACTAAG,3
GTGGGCTCCACATATC,3
GTGGGCTTCTCGAGAC,3
GTGGGTAGAAATACGC,3
GTGGTAAAATAATTAC,3
GTGGTACATATAATTT,3
GTGGTAGTAAATAAGA,3
GTGGTATGAATAAAAT,3
GTGGTCCAGCAATTCA,3
GTGGTCCGGGAATTCA,3
GTGGTCCGTCAATTCA,3
GTGTAATGCCTAGCAT,3
GTGTACCATAGACTGA,3
GTGTAGTACTACTTTA,3
GTGTCAACAACGAACC,3
GTGTCACAGTACTTAA,3
GTGTCTTACAACAGAA,3
GTGTGAAGCCCATCCT,3
GTGTGACAACGATTGC,3
GTGTGATAGAAGAAGG,3
GTGTTACATAGAATTT,3
GTGTTACATCAATTAA,3
GTGTTATTTTAGAACA,3
GTGTTCACTCCTAAAT,3
GTGTTCCCCAACTTCA,3
GTGTTCCTTCAAAAAT,3
GTGTTGTATAAAAGAC,3
GTGTTTCTCAACTTCA,3
GTGTTTGTTTTAACAT,3
GTTAACACCTATTTAA,3
GTTAACGGGAGAACTA,3
GTTAAGAAACATACTG,3
GTTAAGCAAAGTATTA,3
GTTAAGGGCTTGAGTC,3
GTTAAGTCCAACTATA,3
GTTAATCTAAAGCCCC,3
GTTAATCTAAAGGCTC,3
GTTAATCTGAAGGCCC,3
GTTAATTAAAAATACA,3
GTTAATTGCAAGCCAG,3
GTTACAAACTCCTTCA,3
GTTACAATTCCGAAAC,3
GTTACACCTCCCGCCT,3
GTTACAGCACACGGAG,3
GTTACCAGCGGTGGGC,3
GTTACCCCAACCGTTT,3
GTTACGCCTGTGAGTT,3
GTTAGAAAAATCAATA,3
GTTAGCGAATCAACTG,3
GTTAGGGTTGCCCAAA,3
GTTAGTTTGTCGGATC,3
GTTATAGGCATCAACA,3
GTTATCGGAAACCGTA,3
GTTATGCCCCCTTGTT,3
GTTATTACACACCCAG,3
GTTCAAATATGCCTTA,3
GTTCAATGTCGATTAC,3
GTTCACAAATGGAAAA,3
GTTCACTACCAACATG,3
GTTCAGTGAATAGCCA,3
GTTCCACTCCAGGCCA,3
GTTCCAGTCGCCATCC,3
GTTCCCAAAGGTAGTT,3
GTTCCCACACGCTAAG,3
GTTCCCCATCTTGACC,3
GTTCCCCGAAGTATAT,3
GTTCCTTGCGCCGTGA,3
GTTCGAAAAACACGTT,3
GTTCGATCGACAACAA,3
GTTCGGGATCCTACAC,3
GTTCGTATCTACACTC,3
GTTCTAAGCAGACGAC,3
GTTCTCAATTTGAGAC,3
GTTCTGCACCCAATGA,3
GTTCTGCACCCAATTA,3
GTTCTGCACCTAATAA,3
GTTCTGCATCCAATAA,3
GTTCTTGACGAATGAA,3
GTTCTTGATCATAAAA,3
GTTCTTGCAGAATGAA,3
GTTCTTGCCGAATTAA,3
GTTGACGAGTCTGTGA,3
GTTGACTTCTTCTGTT,3
GTTGAGTGAGTCTTTA,3
GTTGATAAAATGATAA,3
GTTGATGTGGGGTAGT,3
GTTGCACCGATTAATT,3
GTTGCCCCTCACAGCA,3
GTTGGAAGGATCCACG,3
GTTGGATCTGAAACGT,3
GTTGTACTGAAAAAGC,3
GTTGTTGTTGAACGAC,3
GTTGTTTCTTGCACTA,3
GTTTAAGGAAGTAGAT,3
GTTTAGTCAAATACTC,3
GTTTCAAAATTAGTTA,3
GTTTCACCATTGAAAA,3
GTTTCACCCGGCCCGA,3
GTTTCATCATTCACCA,3
GTTTCCATCGAAACGA,3
GTTTCCGGCTTACGAT,3
GTTTCCGGGTTCCGAT,3
GTTTCCTGCTTCCGAT,3
GTTTCCTTAAGTCACG,3
GTTTCGAAACGCCCGT,3
GTTTCGCCAATTTAAA,3
GTTTCTAGATGTTCGT,3
GTTTCTCATTTATGCA,3
GTTTCTCTAGGTCGTA,3
GTTTGAAAACTTTAGT,3
GTTTGAGTTTTCCACA,3
GTTTGATGATTGACAT,3
GTTTGGGAAAAGCGTA,3
GTTTGTCCCACGAACT,3
GTTTTAACCTAAATAT,3
GTTTTAACGCCCCCGA,3
GTTTTAACGGATAATT,3
GTTTTAACTTTTCTGT,3
GTTTTAATAAGGAATA,3
GTTTTCAAGGATAATT,3
GTTTTCATAGCTCATA,3
GTTTTGTCCACTAAGT,3
TAAAAAAAAAGAACAT,3
TAAAAAAGTAAACAAA,3
TAAAAACAACAATCTA,3
TAAAAACACTTCAACC,3
TAAAAACCTACTTGGA,3
TAAAAACTTAAGATCC,3
TAAAAAGCGTCGGCAC,3
TAAAACAAGAAATACC,3
TAAAACATTATGAGGC,3
TAAAACCTTTTCTAGA,3
TAAAACTATGCGCACC,3
TAAAAGAATCGTGGAC,3
TAAAAGAGCTTGGTAC,3
TAAAAGAGGAAACATC,3
TAAAAGCAAATCATAG,3
TAAAATATTAAGAAGC,3
TAAAATCGGCCTGGGA,3
TAAAATCGGTCTCGCC,3
TAAAATTAAGCCAAAT,3
TAAAATTTAGGACGCG,3
TAAACAAAAATGGGAG,3
TAAACACTGTGGGGGC,3
TAAACCAAGTCTCCAT,3
TAAACGTATAACGCTG,3
TAAAGATGAATGAAAA,3
TAAAGCCAAGTAAAGT,3
TAAAGCCGCCTCAGAT,3
TAAAGGATAGTCTTTT,3
TAAAGTTATGAGAATA,3
TAAATACCACTTATCA,3
TAAATATATATGCTCA,3
TAAATATATTGTAGGA,3
TAAATCAAAGTATTGA,3
TAAATCATCACTAACA,3
TAAATGAATATTACTG,3
TAAATGGCCAATGACC,3
TAAATGTAAAGCAAAG,3
TAAATTACTCCTACTT,3
TAAATTCCTTTCTCCG,3
TAAATTTTACCAGTAT,3
TAACAAAAAGAACATA,3
TAACAAATCGGATGCC,3
TAACACGGGTAAGCGT,3
TAACAGGTATACGGTC,3
TAACAGTAGGTCATAT,3
TAACATAAATTTATGG,3
TAACATCATCGCAATG,3
TAACATCGTTGCGCAG,3
TAACATTAATAAAGAG,3
TAACCACAGAGAATGG,3
TAACCACTTGCTAACA,3
TAACCAGGCCAAAACA,3
TAACCATAACTGTCGG,3
TAACCATACAGTAACT,3
TAACCATTCTATGACA,3
TAACCGAGTGCTGACA,3
TAACCGCCAAAACTCA,3
TAACCGGTTAACACAC,3
TAACCTAAATAACTAT,3
TAACCTAAGACTAATG,3
TAACCTAATACTAAGG,3
TAACCTACAAACAACC,3
TAACCTGGAGGAACGA,3
TAACGAAGGTTAGGAC,3
TAACGAAGGTTTGGAC,3
TAACGAATATCATTGT,3
TAACGCAATACTAAAT,3
TAACGCAATTTGTAAG,3
TAACGCCCGCCTAAGA,3
TAACGCGAAACAAGAG,3
TAACGCTTCAAGACCC,3
TAACGGAGTTACCAAA,3
TAACGGTTAAACCCCC,3
TAACGGTTAAGGCCAG,3
TAACTAAACCTGTGAG,3
TAACTAAATGATGACT,3
TAACTAACATTAAACA,3
TAACTAATTTAACAAC,3
TAACTAGGTCGTAGAC,3
TAACTATGGGTCAATT,3
TAACTCTACGTTTGAC,3
TAACTGAATGGGCACA,3
TAACTGCCAAAACGCA,3
TAACTGGTATCATAGT,3
TAACTTTAATCTCCTG,3
TAAGAAAATTGGTAAA,3
TAAGAAAGATAGCTTC,3
TAAGAACAAAATTTAC,3
TAAGAACAATAAGCTA,3
TAAGAACGATAGATTC,3
TAAGAACGTATGTTAT,3
TAAGAAGTCTTATTAA,3
TAAGAATGAAGGTTCC,3
TAAGACCTATACACCC,3
TAAGACGGATAAGATC,3
TAAGACGTCATCAGAC,3
TAAGAGGGATTCTATC,3
TAAGATCCTTGGAGCA,3
TAAGATCTGCTTGCAA,3
TAAGCCAACGTATTAC,3
TAAGCCCTAAATTTCC,3
TAAGCCGCTATTTACC,3
TAAGCGGAAAAAGAAT,3
TAAGCTAGGAGACCAA,3
TAAGCTATGTTAGATC,3
TAAGCTTATAGGGAAT,3
TAAGGAAAATCCAACC,3
TAAGGAAATCTTTGAG,3
TAAGGAACTAGATTTA,3
TAAGGAAGACTGGAAT,3
TAAGGCACCCACACCA,3
TAAGGGAATAAGCCAA,3
TAAGGGAGAATAAATG,3
TAAGGGTTGACAAACA,3
TAAGGTGTGATGACAG,3
TAAGTAACATCATAAA,3
TAAGTATATAGAGCTG,3
TAAGTGAATCACAAGA,3
TAATAAAGCGAAAAGC,3
TAATAACATCGCCCAC,3
TAATAACCCGGTAAAA,3
TAATAATAATCAAACA,3
TAATACAATGTATGGT,3
TAATACAGGGATAAAA,3
TAATACCAACAAACCC,3
TAATACGAATAAGACT,3
TAATACTAGAAACATA,3
TAATATATACAGACGT,3
TAATATCTTCAAATCA,3
TAATATTTTACGCCAC,3
TAATCACTGCGACACT,3
TAATCAGACCAATGTA,3
TAATCATGATCAGGAT,3
TAATCCAAACAGTCGA,3
TAATCGATATACATCT,3
TAATCTAAAAAGATGC,3
TAATCTCCCTCCATGC,3
TAATCTGCGACAAATC,3
TAATCTTAATCTACCA,3
TAATCTTTAACTTTTC,3
TAATGAAAGAAACCAA,3
TAATGAATTAGAAATG,3
TAATGAGATGTGATTA,3
TAATGAGGAAAGCCAA,3
TAATGATTGACTGAAG,3
TAATGCAACAGTAATA,3
TAATGTGAAACAGGTC,3
TAATTCACAGGTACCA,3
TAATTCACCCACTGTC,3
TAATTCCACCACTTTT,3
TAATTGAAATCTGAAA,3
TAATTGAAGTCTGAAC,3
TAATTGAATGACCCAA,3
TAATTGCTCCCCATTT,3
TAATTGTTTACAAGGG,3
TAATTTAAGTTATCTT,3
TAATTTAGACAGTCAC,3
TACAACAAGATCCCAC,3
TACAACACGAAAGCAT,3
TACAACGACTATTGAG,3
TACAACGCCGGCAATC,3
TACAACTCAGGTGGTT,3
TACAACTCGAGGATCA,3
TACAAGCACCTACCCG,3
TACAAGCCAATGATTT,3
TACAATCGTGATAGGT,3
TACAATGACATGGAGA,3
TACACACATACAGAAC,3
TACACATCAAACGAAG,3
TACACATCAATAACAG,3
TACACATTACTCCAAC,3
TACACCAACTAAGTTG,3
TACACCACCAATAAAG,3
TACACCACGAATACAG,3
TACACCCAAGGATCCT,3
TACACCCACAGTACAC,3
TACACGATTCTCCATC,3
TACACGTAACTGGCTT,3
TACACTAGGAGTAATC,3
TACACTATGAGTAAGC,3
TACACTCCGGTAGACC,3
TACACTGATAAATCCC,3
TACACTGGGGTTCTAG,3
TACAGACAAATTTCTT,3
TACAGAGAGACGCTCA,3
TACAGATAAACACCCA,3
TACAGCATTAAGATTA,3
TACAGCTCTCAATCCA,3
TACAGGTTCTAATCAT,3
TACAGTACATCATTCA,3
TACAGTATAGACTAAC,3
TACATAAACCCAAAAA,3
TACATACCGAGTGGGA,3
TACATCACACACCGCT,3
TACATCTTATACCCTT,3
TACATGACGCTTACCA,3
TACATGCGAATTTCGC,3
TACATTTATTTATGCA,3
TACCACAAGGGTAGAT,3
TACCACTACTATTGAG,3
TACCATAAGTTTATGG,3
TACCATCCAAACAACT,3
TACCATGGTACCCTTA,3
TACCATGTTATTTTGG,3
TACCATTAGAAAATAA,3
TACCATTGCCTGATAA,3
TACCCAAAAGATGGAA,3
TACCCAACGCTAACAG,3
TACCCAAGGATACGAT,3
TACCCAAGTGGCCCCG,3
TACCCAAGTTGCCCTG,3
TACCCCAAAACTGAAT,3
TACCCCATCTTATGGA,3
TACCCCTAGCACCCGC,3
TACCCGCTTACGATAC,3
TACCCTTGACTACCAC,3
TACCGAACCTTCTGAC,3
TACCGAAGTGTCCTCC,3
TACCGACCTAGACGGG,3
TACCGCCACTCACGCT,3
TACCGCCCGCAATCCA,3
TACCGTATAAAGGTTT,3
TACCTATCACGGCTAC,3
TACCTATCGAAGAACA,3
TACCTCCAAGAGCGTA,3
TACCTTATATATACAT,3
TACCTTCAGGGACTAT,3
TACCTTCCTCCTAACC,3
TACCTTCGGCATATCT,3
TACCTTGGAATTAAGA,3
TACGAAATGAAGTAAT,3
TACGACAACTAACATA,3
TACGACACCATAGAAT,3
TACGACCGTTCACTCA,3
TACGACGCAATGGTCC,3
TACGAGAAAATTTGCA,3
TACGAGAACATAGCAT,3
TACGAGGGACATAATG,3
TACGATTATCAAATGG,3
TACGCACAAAACTGTA,3
TACGCATAAAATTTCG,3
TACGCCACAATAGAAT,3
TACGCCACCAATACAG,3
TACGCCGTAGCGTAAC,3
TACGCGTCAATCCGAA,3
TACGCTACAGGTAACA,3
TACGCTTAAAAGCGAT,3
TACGGACGAATACTCC,3
TACGGATCACCGGCCA,3
TACGGCCCCGTTTTTC,3
TACGGTACTTACCTCA,3
TACGTAAGTCAGATGC,3
TACGTACTGTAAACAT,3
TACGTCAACGGACTGA,3
TACGTCGCAATAGTAC,3
TACGTTCGAATTTCGC,3
TACGTTTACTCTTTTA,3
TACGTTTGGCGACCAA,3
TACTAAAACAGCCTAA,3
TACTAACTTCTTTTAG,3
TACTAAGTGTATTATT,3
TACTACCTCACTGTTT,3
TACTAGAGGGTTCTAA,3
TACTAGTCCTTAATCT,3
TACTATATGCTTCAGA,3
TACTATCATGCACACC,3
TACTATTGTGACATCA,3
TACTCAAAAAAACCAA,3
TACTCAAAAAATTTTA,3
TACTCCAAGGGTGAAA,3
TACTCCCCATCGTCGA,3
TACTCCTGCGCCACCG,3
TACTCGTCGTAGTAGC,3
TACTGTCTGGCTTGGA,3
TACTGTTACCCCTATA,3
TACTTAAAAAGTCACG,3
TACTTAACACCCAACA,3
TACTTAGATCACCTCG,3
TACTTCTTGCAAAACA,3
TACTTTAATAACCTCT,3
TACTTTCACAGAAAGC,3
TAGAAAACCCACTGAA,3
TAGAAAGACGAAGAGT,3
TAGAAAGATTCAACTT,3
TAGAAATACTTTCCGA,3
TAGAACAATTTAGAAC,3
TAGAACCGGGTAAGGT,3
TAGAAGGCAAGGGCAC,3
TAGAATGAAAACTGTG,3
TAGAATGAAATAGTTG,3
TAGAATGAAGACTGTT,3
TAGACACTCATATCCG,3
TAGACAGAGAGACAAT,3
TAGACATTAAATGGCA,3
TAGACCCGCCCCAAGT,3
TAGACCCGGCACGTCT,3
TAGACGGAGGCGCTAC,3
TAGACGGTGCAAGTGC,3
TAGACGTTCAGATGCG,3
TAGACTACTCCGGACT,3
TAGACTCCAGCGCATT,3
TAGACTCCTTTAGATT,3
TAGAGAGCTCACGATA,3
TAGAGCACCTCTAACG,3
TAGAGCGTAAAATTAC,3
TAGAGGAAGTCTCGAT,3
TAGAGGAGATAGTACA,3
TAGAGTAAATTTGTAT,3
TAGATAATTGGTTACA,3
TAGATACTAACGACTC,3
TAGATAGAGACAAAGA,3
TAGATCCCAAACGAAA,3
TAGATCGAGCAATTTC,3
TAGATCGCGCCCAAAG,3
TAGATGGATACACAGT,3
TAGATGTTTTTGATAG,3
TAGATTATGTTATCTG,3
TAGATTGACTAACGCT,3
TAGCAAAAAAAGATCC,3
TAGCAAAAAGATTAGC,3
TAGCAACCCCACTCAA,3
TAGCAGAGGAAACTCA,3
TAGCAGGTGCAAGTGC,3
TAGCATGTGCATATAC,3
TAGCCCAAAGCGAGAC,3
TAGCCCGGTACATACG,3
TAGCCGAATAGTGAAG,3
TAGCCGGTGAAAGTGC,3
TAGCCTCTAGAATACC,3
TAGCGAAAAAAGGCCT,3
TAGCGGTTGAAGACCA,3
TAGCGTTTTCTATGGT,3
TAGCTACAATCTCTGA,3
TAGCTAGAAATACCTT,3
TAGCTAGCTCGGTGAA,3
TAGCTCCAGAAATCAA,3
TAGCTCCCCACATCAA,3
TAGCTGGTGATCCATT,3
TAGCTGTTTAGGAACA,3
TAGGACCATGTACCCG,3
TAGGACGTACGAAGGC,3
TAGGAGCAAAGTGAGT,3
TAGGATAACAACAAAA,3
TAGGCTAGAGCTAATC,3
TAGGCTTAATCACAGA,3
TAGGGTAAAAGATCAA,3
TAGGGTTAAGCCCGCC,3
TAGGTCCGTCGACTAG,3
TAGGTCGAACGGGGAA,3
TAGGTCGCAATGGTCC,3
TAGGTCGCCAGCAAAA,3
TAGGTCTGCTACCTAA,3
TAGGTGAAGCCGTTTA,3
TAGGTTTTGGAGCAAA,3
TAGTAAATAATAAGGA,3
TAGTAACGACAAGCAG,3
TAGTAACTATCTTCGT,3
TAGTAATATCACTTAT,3
TAGTACCTATGACTGT,3
TAGTCACCCAAACGAT,3
TAGTCTTAACTGACAG,3
TAGTGAGAGACAACAA,3
TAGTGATACACTAGCG,3
TAGTTAAAATTAGGCC,3
TAGTTAAAGAAAGTCT,3
TAGTTGTACCCAGAAT,3
TATAAAATACGGGCAG,3
TATAAAATTATGAGCA,3
TATAAACACTACACCA,3
TATAAACATCTGAGGC,3
TATAAACTCACCCAGG,3
TATAAAGATCCATATC,3
TATAACCTAAGATGAA,3
TATAACCTGTTGGAAA,3
TATAACGAATGACAAG,3
TATAACTGGCTAATAA,3
TATAACTTTAATACAA,3
TATAAGAAGACTGGTG,3
TATAAGACCCAATACA,3
TATAAGCGAACCCCTG,3
TATAAGTAATTGGAGT,3
TATAAGTTGCACAATA,3
TATAATAGACAACGGA,3
TATAATGCCGTAAGTA,3
TATAATGCGCCACAAT,3
TATAATTAAAGACCCA,3
TATAATTAGAATCTTC,3
TATACAATGCGCTAAG,3
TATACACTAGAAGCAA,3
TATACCCCAAGAACAC,3
TATACCGGTCCCAAAC,3
TATACCGTACGCTGTC,3
TATACGCAATCTAACC,3
TATAGAATAGTGTGTA,3
TATAGCAATATCAGCA,3
TATAGCACGTCGAAAG,3
TATAGCAGCTAAATAC,3
TATAGCCCATTTTCAA,3
TATAGCTGGATTTATC,3
TATAGCTTTTAATCGT,3
TATAGGAACCAGGCCA,3
TATATACACCTCTAAT,3
TATATCAGACCTGACC,3
TATATCAGGCCGACAC,3
TATATCGTTTAATCGT,3
TATATGAACGATTCAA,3
TATATGCCATCTATAA,3
TATCAAAAAGACGCAA,3
TATCAACAACAAGACA,3
TATCAAGTACCGAAAC,3
TATCAATTTAGGAACA,3
TATCACCCACAAGCCA,3
TATCACCGAATCTGGA,3
TATCACCTCCGATAAC,3
TATCACGATCAGCATT,3
TATCAGATAACAGTAC,3
TATCCACGTACAGTGC,3
TATCCATAACAGTCAG,3
TATCCGATACTATGAA,3
TATCCGCATAAGCCAT,3
TATCCGGTGCAAGTGC,3
TATCCGTATAAGCCAA,3
TATCCTTAGTCCTAAG,3
TATCGAATGTATCGCC,3
TATCGAGATAACGATT,3
TATCGCCCGAACTGCA,3
TATCGGGATGTTCCTA,3
TATCGGGTCTCACGCT,3
TATCGTAAGTAACGGC,3
TATCGTAGGCACATGG,3
TATCGTATATATCCGA,3
TATCTAACTAATTTAG,3
TATCTATAAATGTGTA,3
TATCTCACCACCATCA,3
TATCTCATCAGAGTAA,3
TATCTTAACTATAGTT,3
TATCTTCCTTCCTACA,3
TATGAAGTAGTGCCCA,3
TATGACAAAAACAACC,3
TATGACTCTATAACAG,3
TATGAGATCCACAACA,3
TATGAGCATTAGGCAA,3
TATGAGGTTCTAAAAA,3
TATGATAACGGTAGTT,3
TATGATATGTAGCACC,3
TATGCAACACACCAAC,3
TATGCATGCGGAAATC,3
TATGCCAATACACAGG,3
TATGCCGGAAGCCGAA,3
TATGGAACAATGTAAG,3
TATGGATTCAAGAATC,3
TATGGGTGCAATACCA,3
TATGTAAGGTACAAAG,3
TATGTATGGTACAAAC,3
TATGTCCAAAGCCAAG,3
TATGTCGCTAGCAAAA,3
TATGTGAAGAACACTT,3
TATGTGAGGTACAAAC,3
TATGTTATAAACGCAA,3
TATGTTTTGATTTTCA,3
TATTAACACAAAAGTC,3
TATTACACGTACGAAA,3
TATTACATAGCAAGCT,3
TATTACCCCCCACACA,3
TATTACCTCTTGCAAA,3
TATTACGGCTTCATGA,3
TATTACGTTAAATAAC,3
TATTATAAGATTCTAT,3
TATTATCGCTAACACT,3
TATTATTTAATTACCA,3
TATTCATCGTGTGAGT,3
TATTCCAACTTGAAAC,3
TATTCCGATTGTAATT,3
TATTCCTCTAATGAAA,3
TATTCGCGGGAAACTT,3
TATTCTCACGCAGCAA,3
TATTCTGAAAAAAAGT,3
TATTCTTAACCGACAG,3
TATTCTTAACTCACAG,3
TATTCTTAACTGACGG,3
TATTCTTAACTGAGAG,3
TATTCTTAAGGTAGAC,3
TATTGAAAGATCGGCT,3
TATTGATTCAAACATT,3
TATTGCACCCTATTAT,3
TATTGCCATGCTATGT,3
TATTGGAAACGTCGCA,3
TATTGGTAGATATGTT,3
TATTGTCACCAATGAC,3
TATTTAAGGATGACCA,3
TATTTAATAAACAGAA,3
TATTTCATACCATTTA,3
TATTTCCAACCCTAGA,3
TATTTTCTTGTAATAG,3
TATTTTTAACTGACAG,3
TCAAAAAAACAAGTAC,3
TCAAAACTACTGCGGC,3
TCAAACATACACGAAG,3
TCAAACCCGCTTATGG,3
TCAAATATAGTCACCT,3
TCAAATCCAGAAAAAT,3
TCAAATCGCACCAGGA,3
TCAAATTTAGGACGAG,3
TCAAATTTAGGATGCG,3
TCAAATTTATTCACTT,3
TCAACAACGTCTTAAA,3
TCAACAAGAATTCAGC,3
TCAACAAGATATACTG,3
TCAACAAGATGCACTA,3
TCAACACTATTCTTTG,3
TCAACATTTAGAATTA,3
TCAACCACATAAAGTT,3
TCAACCATTTCTGAAT,3
TCAACCCGGGTCATTG,3
TCAACCTCCGCTATGC,3
TCAACGTGCCATTCTA,3
TCAACTTACCGGAGGA,3
TCAACTTACCGGATGC,3
TCAACTTAGCGTTCCT,3
TCAAGCCAAAACCTCA,3
TCAAGCCGAATCTCTA,3
TCAAGCTGATGGCCGG,3
TCAAGCTTAATTGTAT,3
TCAAGGAGAACCCCTT,3
TCAAGTAGATCAAAAA,3
TCAAGTAGCATCACAA,3
TCAATAAACATGCACC,3
TCAATAATACTGGAGC,3
TCAATAGCATACCCCT,3
TCAATATTAGGCAGAC,3
TCAATCCCACGCAATC,3
TCAATCTAGCTGCCAT,3
TCAATCTATCTTCCAT,3
TCAATGAAAGACAACG,3
TCAATGACTAATATCA,3
TCAATGTCTAGACAAT,3
TCAATGTTTATGAAGT,3
TCAATTAAACCATGCC,3
TCAATTACAAATGATC,3
TCAATTACCAACAGAG,3
TCAATTGCTCTTCTCT,3
TCACAAATATAGATAA,3
TCACAAGCTATACACG,3
TCACAGGCGTAACACA,3
TCACAGTGAGTAAGAC,3
TCACATAAGGAGGCCG,3
TCACATATTTCCACTT,3
TCACATCAATTGATGG,3
TCACATTCATAACGAA,3
TCACCATAAGATACCA,3
TCACCCTTCTCGTAAA,3
TCACCGTAACACGGAA,3
TCACCTGTAGAAACAG,3
TCACCTGTAGTACACA,3
TCACCTTCTGTTTCCA,3
TCACGAAAATGCACCG,3
TCACGAGCCAACCTCA,3
TCACGGATAGATCCAG,3
TCACTAGGTCGTATAC,3
TCACTCACCAACGCCT,3
TCACTGATAACGACCT,3
TCACTGGCAACAACTA,3
TCACTGTCAGTATGCA,3
TCACTGTCTAGTTAAA,3
TCACTTTGCAATCACT,3
TCAGAAATTCTGGATT,3
TCAGAACCGTGATCCT,3
TCAGACCGAACAGACT,3
TCAGACTAGGCAGTTA,3
TCAGATATGCAGGTCC,3
TCAGATCCCTATAAAA,3
TCAGCAACAAATAGCG,3
TCAGCAAGACACTAAT,3
TCAGCAGTAATCTTAA,3
TCAGCATCCAAAATTC,3
TCAGCCCCTATCGCAC,3
TCAGCTCTTTATCCTA,3
TCAGGAACCCACACCA,3
TCAGGCCTACAGACGT,3
TCAGGGAAACGAAATA,3
TCAGGTCAGCGTTTCG,3
TCAGTCTTACTTCAGT,3
TCAGTTAACCTTAATC,3
TCAGTTCCACCGTCAC,3
TCAGTTGTTCAGAGAT,3
TCATAAAGAAAATGTT,3
TCATACAATGATGACC,3
TCATACCTAATATGAA,3
TCATACCTCCAAATTT,3
TCATACGTTTCGAGAG,3
TCATACTCAATAGATT,3
TCATAGCGGGCGTTGA,3
TCATAGTAATGAATCT,3
TCATAGTGAGTAAGCC,3
TCATATAATACAGTCC,3
TCATATAGATTGTCGT,3
TCATATCAGATCTTAA,3
TCATATGTATGGACTA,3
TCATCATAATAGGACC,3
TCATCCCACAAGAAAA,3
TCATCCCATGGCACAG,3
TCATCCGATTGACACA,3
TCATCCTGAATTGTAG,3
TCATCTGGGCAAGGAC,3
TCATCTTTGTCAGTTA,3
TCATGACTGTATGTTC,3
TCATGGGTGAAGTACT,3
TCATTACCCACTATTT,3
TCATTAGCGTACCCTC,3
TCATTGAATCAACAAT,3
TCATTGGCTCAAAGTT,3
TCCAAAACAGTGCTGA,3
TCCAAAATACGGGCAG,3
TCCAAATCTGGTAAGC,3
TCCAACATTGTAGGTA,3
TCCAACCACGCACAAT,3
TCCAAGCGGATAAGCC,3
TCCAAGTATTTATTGC,3
TCCACAAATATAAAAA,3
TCCACACAACTTGAAG,3
TCCACACCACCAACCT,3
TCCACCTCACAGCCGC,3
TCCAGAGTGAGAGCAT,3
TCCAGATCGAAGGTGC,3
TCCAGCCTTTAAAATA,3
TCCAGGACGCCTAAAC,3
TCCAGGGGTGAATAAT,3
TCCATACACTAACAAC,3
TCCATAGATTAGAACG,3
TCCATCACATGTACTA,3
TCCATCCCTTATTGCA,3
TCCATGAGCTTGAAGG,3
TCCATGTCCTATCAGA,3
TCCATTCATAAACCCC,3
TCCATTGCGTCTACAG,3
TCCCAAGCACTGTCGT,3
TCCCAATATTCCACAG,3
TCCCAGGAGTGACCTA,3
TCCCATACCACATGCT,3
TCCCATACCCAATGCT,3
TCCCCACACTTAGATG,3
TCCCCACTTTGGGCAC,3
TCCCCATGAGTGAAAA,3
TCCCCGGAGTTACCTA,3
TCCCCGTACTGAGTTT,3
TCCCCTACAGCCATCG,3
TCCCCTGAGTGACCTA,3
TCCCCTTAAAAAACTA,3
TCCCGAAGTGAGATGT,3
TCCCGCACCCCTGGCA,3
TCCCTAGGCTTTATCT,3
TCCCTATATCAAATTT,3
TCCCTCGAATCCGTAA,3
TCCCTCTGATATAACA,3
TCCGAAAAATTTCAAG,3
TCCGAAATTCAATAAT,3
TCCGAATATACCGATA,3
TCCGAATATCTAACAG,3
TCCGATCAACAAACGT,3
TCCGATGTCAGATTGG,3
TCCGATTTACTAACTT,3
TCCGATTTCCAGTTGC,3
TCCGCACGACTGCAGT,3
TCCGCGACCTCCCATT,3
TCCGCGCGCTAAGTAT,3
TCCGGCCCTGATTTCA,3
TCCGTCCAATGAGACC,3
TCCGTGATTGTAGACC,3
TCCTAAAACTTTCAAG,3
TCCTACTCAAAACAAA,3
TCCTACTTACGGCCAT,3
TCCTATCAGAAATACA,3
TCCTCACTTTCAGAAC,3
TCCTCTCTCTTCGGGT,3
TCCTGACCATGCAAGA,3
TCCTGACCTGTACTGA,3
TCCTGGAAAAACAAAC,3
TCCTGGCCAACGTTAA,3
TCCTGTCAATGTGGTA,3
TCCTTAATCCCATAAT,3
TCCTTCCCACTTTAAT,3
TCCTTTCAACAAATAT,3
TCGAAATCATCTCTCC,3
TCGAATTCCTCCTACA,3
TCGACCGCGTTAAAAG,3
TCGACCTACCCCCATC,3
TCGACGAAGTGACGGA,3
TCGACTAGGAAATATG,3
TCGACTTCATGCATTA,3
TCGAGCAACAAAACCT,3
TCGATAATTAGTTACA,3
TCGATACAGCCCATCA,3
TCGATATAATAGGAAG,3
TCGATATTATATCCCA,3
TCGATCCCGCCAGTCA,3
TCGATGGCACGAAGGA,3
TCGCAATATTTAAGCC,3
TCGCACAACAAGAACA,3
TCGCACGCAGGATCTA,3
TCGCAGTGGTACTGAT,3
TCGCATAACATACCTC,3
TCGCCCCCAAGAATGC,3
TCGCCGATGGACTAAC,3
TCGCCTATAGAATACC,3
TCGCTATCGAAATAAC,3
TCGGACACGTAGAAAG,3
TCGGATCTCCGTTTAG,3
TCGGCAAAATATGTAG,3
TCGGCAGGGGAAACCC,3
TCGGCATCAATCCATT,3
TCGGCCAGACACTAAT,3
TCGGCTAGGGCCGAGG,3
TCGGTAATGCGTAACG,3
TCGGTCGAGATTCTTA,3
TCGTAAAGTTGGTGGG,3
TCGTAAGGTGACAAGA,3
TCGTATAATTATAATT,3
TCGTATACATCTATAG,3
TCGTATCTCCCAGTGT,3
TCGTCACACACCGGCC,3
TCGTCACCAAGATAGA,3
TCGTGCAGACATGCAG,3
TCGTTGATAATGGAAA,3
TCGTTTACACAAAGTA,3
TCTAAACAGGATAAAA,3
TCTAAGTAAGTCGAAA,3
TCTAATAGGAAACCAC,3
TCTAATGATCGACTTA,3
TCTACATTAAGGTCTG,3
TCTACCTCATTAAGTT,3
TCTACGCCTGTGAGTT,3
TCTACGTACTTTGGTC,3
TCTAGACTGAGCGCAA,3
TCTAGAGTAGGCAGAT,3
TCTAGATAATGAACGA,3
TCTAGATAGCAAGGCA,3
TCTAGATCATAGACAG,3
TCTAGCGATGTCACGG,3
TCTAGCGTCCTCGAAA,3
TCTAGCGTGCTCCGCT,3
TCTAGCTGATATATCT,3
TCTAGCTGGTAGATCT,3
TCTAGCTTATAGATCT,3
TCTAGTTCATCGTTAC,3
TCTATAACCACGACTA,3
TCTATACTTGAATACG,3
TCTATCGATTGTGGCA,3
TCTATTGGGAGATCAC,3
TCTCAAACAGGTAAAA,3
TCTCAATGTATGTAAC,3
TCTCACGCCTCCGTCA,3
TCTCAGACACTATCCA,3
TCTCAGAGCCCCATCT,3
TCTCCAAAATTGGACA,3
TCTCCAATTAGGCTGA,3
TCTCCCAACGTGTCGC,3
TCTCCCCAAAACACAG,3
TCTCCTCTAGAATACC,3
TCTCGAAGAAAGCAAA,3
TCTCGAGCCTCCGTCA,3
TCTCGTAACGTCCCTC,3
TCTCTCGACTATATCT,3
TCTCTCGCCTCCGTCA,3
TCTCTCTCCTCAATGC,3
TCTCTGGACAAAACGA,3
TCTCTTGAAAAACTCG,3
TCTGAAAAGTAGAGCT,3
TCTGAAATTAACGCCC,3
TCTGAGCCGATAATAC,3
TCTGAGCTGGAGAAGA,3
TCTGAGGGATAAGCTA,3
TCTGATTTCCGACGAT,3
TCTGGAATGACGAAAA,3
TCTGGGACTTTCCTCC,3
TCTGGGGCATTCAGTT,3
TCTGTAGAGCCGCGCC,3
TCTGTCAGTTAAAAAT,3
TCTGTGACTGATACCG,3
TCTGTTCTCAAGCGAT,3
TCTTAAAGAAGAATAA,3
TCTTAAGACGATCAAA,3
TCTTAAGGAGAAGAAC,3
TCTTACAAGCCGAAAG,3
TCTTACCAACTTCCTA,3
TCTTACTGTGGCCACA,3
TCTTATATGGTGGACA,3
TCTTATCGTAAAAACC,3
TCTTCATTCTGACCGA,3
TCTTCCAAGTTGAAAC,3
TCTTCTAAAATGGAGC,3
TCTTGAACGAGGGCCC,3
TCTTGCCAGAAAACAG,3
TCTTGTCAGAAAACCG,3
TCTTTTTCATGGCAAA,3
TGAAAAACAAACAGTG,3
TGAAAAACCGATTATA,3
TGAAAAAGATTGGCCG,3
TGAAAAATTGGGGGTG,3
TGAAAATAAGGACGTA,3
TGAAAATCACAACGTA,3
TGAAAATCTATAATGA,3
TGAAAATGTTACTAAT,3
TGAAAATTGTCCGTAA,3
TGAAACTCCAGATCAT,3
TGAAAGATATAGAGTT,3
TGAAATCGTAACAGTG,3
TGAAATGCCTTATATG,3
TGAACAACAAAAAGAG,3
TGAACACTATTCTTGG,3
TGAACATTTCAAACGA,3
TGAACCTAACACATTC,3
TGAACCTGCAGGCCAA,3
TGAACTATTGAACTAA,3
TGAACTCCCAATAAAC,3
TGAAGAAATATATCTA,3
TGAAGACCTTTGGCCT,3
TGAAGATTTGGCTGAG,3
TGAAGCTTATCTTTCC,3
TGAAGTCTGATACCTA,3
TGAAGTTATCAACCCA,3
TGAATAAAAACAGATA,3
TGAATACAAGCGCACT,3
TGAATACCAACCATTT,3
TGAATACGAGAGCACG,3
TGAATACTCGTACACA,3
TGAATCAATCGTGCAC,3
TGAATGCCAACAATTT,3
TGAATGGTTCGTGGTC,3
TGAATGTTCCCGATGT,3
TGAATTAAATAATCAT,3
TGAATTCGTTATATGC,3
TGAATTGCTGGTTCCA,3
TGAATTTACGAGGACA,3
TGAATTTCTGAGACAA,3
TGAATTTTACCTAACG,3
TGACAAATTGCAGCGC,3
TGACAAGGACACCAAA,3
TGACAATTTGGCCGCG,3
TGACACATTAAGAGCG,3
TGACACTTCATCTAGT,3
TGACAGTCGTAACAAG,3
TGACAGTTGGCGAACA,3
TGACATCCTCAACAGC,3
TGACATGGAATCGCCC,3
TGACATTGATAACCAG,3
TGACATTGTTATGACA,3
TGACCAACCATGACCA,3
TGACCAAGTGAGTATA,3
TGACCACAAGAACTAA,3
TGACCGAGTGCTTACA,3
TGACCGCCAATTGGAA,3
TGACCGTCCAAAGATC,3
TGACGGATGCAAAGAA,3
TGACGGCGGAATAATG,3
TGACGGTAATTTAAGT,3
TGACGGTTAAACCCCC,3
TGACGTAAACTCGAAT,3
TGACGTGACAAAAAGT,3
TGACTAATAACTTATT,3
TGACTAGGGTATATAG,3
TGACTATGAGATACGG,3
TGACTCAACAAGGGCT,3
TGACTCATACCCAGCA,3
TGACTCCTCGTACTAA,3
TGACTCGTGCTCACAA,3
TGACTCTACGAGAGCT,3
TGACTTAGACCCTATT,3
TGACTTGATCTCCAAC,3
TGACTTTCAAGCTCAC,3
TGAGAAGTCACACCAG,3
TGAGAATGAAGTATTG,3
TGAGACAACCCCACAC,3
TGAGATATTGACGGAT,3
TGAGATTGCTCGAGAG,3
TGAGCAACGACTCCGA,3
TGAGCCACAGCGATTG,3
TGAGCCCCAGCTACCT,3
TGAGCCCTGCAACACC,3
TGAGCGCTGTACGTCT,3
TGAGCGTGTATAAACA,3
TGAGCTACATTATGGG,3
TGAGCTTGTAACGAAG,3
TGAGGCATTCCACTTC,3
TGAGGGAACCGAAATA,3
TGAGGGATACCATTAA,3
TGAGTATATAAAACCA,3
TGAGTATGAAGTACCC,3
TGAGTCAAGCATCATT,3
TGAGTGAAATCTCAGG,3
TGAGTTGACCTAAGTG,3
TGATAAAAACAGACAC,3
TGATAACTCCTACCAC,3
TGATAGTTTAAAAAAC,3
TGATATAATATAGCTA,3
TGATATAATGTGTGTG,3
TGATATCAATATCAGA,3
TGATCAAGTTTGATGA,3
TGATCACCAGCGAAAA,3
TGATCCAACTGAACTA,3
TGATGAATATAAATGA,3
TGATGAGGCCCTAAGA,3
TGATGATGGCAACGCA,3
TGATGTCAGAAAATAT,3
TGATTACCAATCCGCC,3
TGATTCACAGATGCCT,3
TGATTGAAATTTCTCA,3
TGATTGAGACCGAAAT,3
TGATTTAATGTTATGC,3
TGATTTATTGCAAGTG,3
TGATTTCGTGATGTCT,3
TGATTTGAACAAACAT,3
TGCAAAAATGATTTCT,3
TGCAACCACTCAAGAT,3
TGCAACGATGTTGTAA,3
TGCAACGTAATAGCAC,3
TGCAAGAAGGTAATCG,3
TGCACAAACTTTTCGT,3
TGCACAATCATGTCCT,3
TGCACACCAATGGTCA,3
TGCACACTAATTGTCA,3
TGCACAGGAAATTCAT,3
TGCACCCGAAAACCGA,3
TGCACCTACTGACCCA,3
TGCACCTTTAGTCGCC,3
TGCACGACGAGGACCT,3
TGCACGTCCAAAGATC,3
TGCACTACGACCATTT,3
TGCACTACGCAACGTG,3
TGCACTAGACTGATTT,3
TGCACTAGGAATATCC,3
TGCAGAAAGCTAACCA,3
TGCAGAGAATAGGCTT,3
TGCAGATATCTAACCA,3
TGCAGGACGCTTAAAC,3
TGCAGTACTGTTCTAT,3
TGCATATTGTAAGTGT,3
TGCATCCCAAACTAAA,3
TGCATCGTCCTGCCGT,3
TGCATCTCAAGTATAC,3
TGCATCTTGACTGAAA,3
TGCATGAATTATGTAT,3
TGCATGTCAAGAATAG,3
TGCATGTTACGGGAAA,3
TGCATTGGGTATACTC,3
TGCCAAAAATAAGGCT,3
TGCCAAATACAATATT,3
TGCCAACATACGCCAT,3
TGCCAATTTAGCAAAC,3
TGCCACATAAAAACCA,3
TGCCAGGCTCTTTACC,3
TGCCAGTAGCCTAAAG,3
TGCCAGTCCAAAGATC,3
TGCCCACCTAATACAT,3
TGCCCACTCTTGCCGC,3
TGCCCCACCGTAGCTA,3
TGCCCGGACTGAGTTT,3
TGCCCTATATAAGAAG,3
TGCCGACCTGGGTTTA,3
TGCCGACCTTTAAAAT,3
TGCCGCGGTCGCCTGA,3
TGCCGCTCAGTAACGC,3
TGCCGCTTAACTGGGT,3
TGCCGTACACAGAATA,3
TGCCTCACGGAAAACA,3
TGCCTGCGCTCAGATC,3
TGCCTGTAACTTGAAT,3
TGCGACCCTACCGACA,3
TGCGACCCTGTGAGGA,3
TGCGATCTTAAGACAT,3
TGCGATGGAAGATTGT,3
TGCGCAGCGTACTAGA,3
TGCGGTACTGTGCTAT,3
TGCGGTTAGAACTTGA,3
TGCGTAAGCGAATGCT,3
TGCGTACAACGAGTTG,3
TGCTACCAACACAAAA,3
TGCTATCTGCCCTGGC,3
TGCTCACACCACCTCC,3
TGCTCCAACGTACCAG,3
TGCTCTTACCTTACAA,3
TGCTGACATCAAAACT,3
TGCTGACGATGCTCAA,3
TGCTGCATTCAATACC,3
TGCTTAGAAACCAATG,3
TGCTTAGCAAGTGTCA,3
TGCTTATTGACTTCAC,3
TGCTTTTCCCACCAAA,3
TGCTTTTCGCCCCAAA,3
TGGAAAGAATAAGTCG,3
TGGAAAGCAAGTAACG,3
TGGAACACATCAAACA,3
TGGAACATCAGATTCC,3
TGGAACGTCATAGGCG,3
TGGAAGGATAACTACT,3
TGGAAGTAAGTAGTAA,3
TGGAATGATCGTGTCT,3
TGGACAACAGACCAAA,3
TGGACAAGTTACTACA,3
TGGACATTGTACCAAA,3
TGGACCAAACCAAAAG,3
TGGACCATCCCGAAAC,3
TGGACCTGGGCTACCT,3
TGGACCTTAAAAAGGG,3
TGGACTAGTAAAAAAT,3
TGGAGCAACTTTAAAC,3
TGGAGGAAACTCAGAA,3
TGGAGGCCTATTTCCT,3
TGGAGTTAATGCCTAG,3
TGGATAATACTGCATC,3
TGGATACCATAACAAA,3
TGGATATGAGCGTACA,3
TGGATCGATAACTATT,3
TGGATGCCAATAGAAT,3
TGGATGCCAGCTTATG,3
TGGCACAAATCCTAAT,3
TGGCACGCAGGCGATA,3
TGGCAGTCCTTCGGCT,3
TGGCCACGTGAATAGA,3
TGGCCCAAAAACATTT,3
TGGCCCACAGTCAAGG,3
TGGCCCGATTACTTGC,3
TGGCCCTGGAATCCCG,3
TGGCCTGTACGAGTAC,3
TGGCGAAATGAAACCA,3
TGGCGATGGCTATTCG,3
TGGCGCCGTCATAGAA,3
TGGCGGATATCAGCAC,3
TGGCGGCAATTGTTGC,3
TGGCGGTGACGAGAGT,3
TGGCTGTTGTAGATTC,3
TGGCTTTTGAAGAGAG,3
TGGGAAAAAATTCTAC,3
TGGGACAAAGAGAAAA,3
TGGGACACGTTCAGTT,3
TGGGAGCACAACCCTA,3
TGGGATATTTAAGCGA,3
TGGGATCAAAAGAAAA,3
TGGGCGAGAAAATCCA,3
TGGGGAAACATACAAT,3
TGGGGAATACATTTGT,3
TGGGGCCAAAGCCACG,3
TGGGGCTCCACATATC,3
TGGGGGCCTGACCTTA,3
TGGGGTATACCAACAA,3
TGGGGTGGACCAACAA,3
TGGGGTTTCCTTTCTA,3
TGGGTAACACTTATTA,3
TGGGTACATAAAAACA,3
TGGTAAACAAATACAT,3
TGGTAAGAATAACTGG,3
TGGTACCGACAATGTT,3
TGGTACCTCGGCTGAA,3
TGGTACTATGGCTCTG,3
TGGTAGTCTAGAGAGT,3
TGGTATGTACATACAC,3
TGGTCGATACGTACTG,3
TGGTCGATACGTGTAA,3
TGGTCGCGTTAATAGG,3
TGGTGACTCCTACCAC,3
TGGTGCACTACAAACA,3
TGGTGCTCGGCTTCTC,3
TGGTGGGCTTGCACCA,3
TGGTGTTCGGGCATGA,3
TGGTTACAGGCCTTAC,3
TGGTTCAAAAATCATC,3
TGGTTGTCCGCAACTC,3
TGTAAAGAACTATGTA,3
TGTAACACAGTAGTAT,3
TGTAACATCATACAGA,3
TGTAACCAAGTCCCAG,3
TGTAACCCTGGCAAAA,3
TGTAACTTTAACAAAG,3
TGTAAGATCGCCACAA,3
TGTAAGCCCCGATATC,3
TGTAATCCCAGTTAAA,3
TGTACAATTGGACCTA,3
TGTACACAAGGTATCA,3
TGTACCTAGCCGATTT,3
TGTACTCTTAAGCAAA,3
TGTAGAAATGATAATG,3
TGTAGACCCACAACCG,3
TGTAGACTTGAAAAAA,3
TGTAGCTCACAACTGC,3
TGTAGGAACCCCTGAA,3
TGTATAAGTTCAACGA,3
TGTATGAAGATATTGG,3
TGTATGTATCCAAACT,3
TGTATTCCAAAAAATA,3
TGTATTCGGAGGATCA,3
TGTATTCTGTTAACTT,3
TGTCACATCAATTAGA,3
TGTCAGAATAAGATTG,3
TGTCAGTAACTAAAGT,3
TGTCATATATAAGAAG,3
TGTCCAAAGCTCTATA,3
TGTCCAAATGTTAACC,3
TGTCCAACTCATTAGC,3
TGTCCATCTCTGGTTG,3
TGTCCTAAGGAAACAC,3
TGTCCTAGCCTATGGA,3
TGTCCTATATAATAAG,3
TGTCCTATATGAGAAG,3
TGTCGACCGTGAAACA,3
TGTCGACCTCGAAACA,3
TGTCGACTCAACACAC,3
TGTCGAGTATGTATAT,3
TGTCGATACAGAACTA,3
TGTCGCCAATCCCATT,3
TGTCGCGGAGATTCAA,3
TGTCTCAATAGTCTAC,3
TGTCTCTCCTCAAGGC,3
TGTCTGACACAAATGA,3
TGTGCAGATGAAAATA,3
TGTGCCAACTACGTGA,3
TGTGCGAGTGGCATGC,3
TGTGCTACCACGATCT,3
TGTGCTTTTTCCTTAA,3
TGTGCTTTTTCCTTCT,3
TGTGGAATCTTTTAGA,3
TGTGGACACAGCAGAT,3
TGTGGCCCCTATTTCA,3
TGTGGTATTTTACCAA,3
TGTGTACACACATAAT,3
TGTGTATAAACGAACT,3
TGTGTCGAAGGGATTT,3
TGTGTGCATACTGCCT,3
TGTGTGCATACTTCCC,3
TGTGTGTACCGATAGA,3
TGTGTGTATACTGCCC,3
TGTTAACCAAAACAAC,3
TGTTAATAACATAGAA,3
TGTTAATAGAATGTAA,3
TGTTACAGAGAACACT,3
TGTTACCTTAGTTCCT,3
TGTTATAAAAGAAAAG,3
TGTTATAAACTTCCTA,3
TGTTCATAATACCAAC,3
TGTTCATTGAGAACCG,3
TGTTCGGCCTAGGAAC,3
TGTTCTACCACGATAT,3
TGTTCTAGATGTTCGT,3
TGTTGATCTTGATTGG,3
TGTTGCAGTGTCCATA,3
TGTTTAATAAAGTAAA,3
TGTTTCCAAAGCAGCG,3
TGTTTCGACCCTAAAT,3
TGTTTGGGTGCCGCAT,3
TGTTTGTTGTCAGCCA,3
TTAAAAAAAAGGAAAA,3
TTAAAAACACTTTTTT,3
TTAAAAATCATCTATG,3
TTAAAACAAGGACCGT,3
TTAAAACTAACCATTT,3
TTAAAATCCATAACGT,3
TTAAACAGGTAATAGA,3
TTAAACCATACTAAAA,3
TTAAACCCCCTTGACA,3
TTAAACGTTAACAATG,3
TTAAACTCTGAACCAC,3
TTAAAGCATAAAACAA,3
TTAAAGGATAGGAATC,3
TTAAAGTGATCATAGT,3
TTAAATAGCCTGATTA,3
TTAAATATTTTCTTAT,3
TTAAATGAGATTCAAA,3
TTAAATGCTCTTAGAA,3
TTAAATTGAGTAGCTA,3
TTAAATTGATATAAAT,3
TTAACACCGGGATAAT,3
TTAACAGATGGCATAT,3
TTAACATTTAGACGAC,3
TTAACCGAACAATCTT,3
TTAACCTCGCAACACA,3
TTAACTGAGGCAGTCT,3
TTAACTGGTTTGAATC,3
TTAAGAAACCAATATC,3
TTAAGAAAGGTGGACC,3
TTAAGACATGTATCAA,3
TTAAGACCCAACTATC,3
TTAAGATTATAATTGC,3
TTAAGATTCCTGACGG,3
TTAAGCACATGTCCTA,3
TTAAGCTGTACCTCAA,3
TTAAGGTCTTTAAGCG,3
TTAAGTGAACTAGCCT,3
TTAAGTGAACTATCCG,3
TTAAGTGAGCTAGCCG,3
TTAATAACCTATATTT,3
TTAATAACTAAGCCCT,3
TTAATATAACTAAACG,3
TTAATATGGCTGAAAA,3
TTAATGTCTGCGAGAC,3
TTAATTATAGTGGAAA,3
TTAATTATGATCAACC,3
TTAATTCACATAGTAC,3
TTACAAAACGCCTCGT,3
TTACAAATGTAGAGGC,3
TTACAATCTGACGTCC,3
TTACACAGATGCGTAG,3
TTACACGATCACCCTC,3
TTACACTAATAAATTA,3
TTACACTCCCATCGAT,3
TTACATCCAACTAATA,3
TTACATGAACAATACA,3
TTACCATGAAAATCCA,3
TTACCCCAGACTAACT,3
TTACCCTTACCTCACA,3
TTACCGCTCCACCAAG,3
TTACCTGCATATCGTA,3
TTACCTTGATCAAAAT,3
TTACCTTGTCTCAATC,3
TTACGTAATACTAAAT,3
TTACTCACCCCTTAGA,3
TTAGAAAAATCCGTAG,3
TTAGAAATAGCTCATA,3
TTAGAACCCAGCACAT,3
TTAGAATCCACCATCG,3
TTAGACGAGTACAGCA,3
TTAGACGTTTTTATCA,3
TTAGCACAAAAACTAA,3
TTAGCATCCACCATCT,3
TTAGCATCGACCATCG,3
TTAGCATGGGGTACAG,3
TTAGCATTGAGTCAGA,3
TTAGCATTTAGTTTAC,3
TTAGCCATGTACTGAG,3
TTAGCCTACAGTTGAC,3
TTAGCCTACCATTGAC,3
TTAGCCTACCGTTGAA,3
TTAGCCTATTATTAAT,3
TTAGCCTATTATTGGT,3
TTAGCGACTCTTGATG,3
TTAGCGATATACATCT,3
TTAGCGTTCGCACGAT,3
TTAGCTTATAGGGACT,3
TTAGGAGGAAACCCAA,3
TTAGGAGGGGAGTCAC,3
TTAGGCACCCACACCA,3
TTAGGCGATATATGCA,3
TTAGGTCCCTACAGTA,3
TTAGTAGGACCAAGTT,3
TTAGTCCAGATACTGT,3
TTAGTCCATTGATTGC,3
TTATAAAATCGAGTGA,3
TTATAAAGTGAAAACT,3
TTATAAATGCTAAAAT,3
TTATAACTTAAAATCA,3
TTATAATTGGCTGAGA,3
TTATACATGTACTGCC,3
TTATACGAACAGTCAG,3
TTATAGCACTACGTGG,3
TTATAGCAGATAAAAA,3
TTATATACACCTGATC,3
TTATATAGGACCGTCG,3
TTATATCCAGTATCCC,3
TTATCAATAAAAATAG,3
TTATCACCTCACAGTT,3
TTATCAGCGCATACAT,3
TTATCAGTGTAGTATC,3
TTATCAGTTTCGTAGT,3
TTATCATTCCAAGTCC,3
TTATCATTTGAATGAC,3
TTATCCGTATGTACAG,3
TTATCGTTATAGACCT,3
TTATCTATATTATAGC,3
TTATCTCTTTTTACAC,3
TTATGAAAAAATCACA,3
TTATGAAACTATGCGT,3
TTATGTTGCCATCGAT,3
TTATTATCCACAACAG,3
TTATTCCGCATATACC,3
TTATTGGAACTACAAC,3
TTATTGGCTTTGAATA,3
TTATTGTCTACCTAGT,3
TTATTGTCTTTATCCA,3
TTATTTAACATCCCAA,3
TTATTTTCCTTTAAAT,3
TTCAAAAAATATTTAC,3
TTCAAACACTCAACCC,3
TTCAAAGCCGATTCTC,3
TTCAACTGGAACGTAT,3
TTCAACTTGCACGTAT,3
TTCAAGATAGGTTGAC,3
TTCAATTCGGGTTGGT,3
TTCAATTGGTGCATAC,3
TTCACAATCAAACTCG,3
TTCACACCAAGTGCAA,3
TTCACACTAATGGTCA,3
TTCACAGAATAAACTA,3
TTCACCCAAGTTCAGG,3
TTCACCGGCTGTTCAA,3
TTCACGAACCCAAGTG,3
TTCACGAGTTTTAAAA,3
TTCACTAAAGGTATTT,3
TTCACTCAACAAGGAT,3
TTCAGAAATGCAATTG,3
TTCAGAGTATAGCTAC,3
TTCAGCTATGATTAAA,3
TTCAGCTCGCAGTGGA,3
TTCATACCCTCAAGCG,3
TTCATAGTCTTACTCG,3
TTCATATACACACCTA,3
TTCATATAGGAAAATA,3
TTCATCCAGGAAATCA,3
TTCATGTTATCGTAAA,3
TTCATTTCGATATTAG,3
TTCCAAAATTCACTGT,3
TTCCAAGTAGCTTTAC,3
TTCCACAAAAAAACCG,3
TTCCACATTCGGAACA,3
TTCCACGGTCGCCTGA,3
TTCCACTACTATCCTT,3
TTCCAGCGCGAAGTTT,3
TTCCATGTCCATTCCC,3
TTCCCACCAAATTCAA,3
TTCCCACGTCTAGGTT,3
TTCCCCGTCCTGATTT,3
TTCCCGCCCGCATGGA,3
TTCCCGTTTTACCAGG,3
TTCCCTGTGCTAACAC,3
TTCCGACCTAAAGGAC,3
TTCCGAGAAAGTGATA,3
TTCCGATTCTAGTCGT,3
TTCCGCACGTACCAGT,3
TTCCGGCCGACAAACT,3
TTCCGTATGAAACATC,3
TTCCGTTCAATTAACT,3
TTCCTAAAGATTAACC,3
TTCCTAAGAACCTATT,3
TTCCTAGAAGATTGAA,3
TTCCTAGTAGTATGAT,3
TTCCTATGCTACAATT,3
TTCCTCAACAATCCAC,3
TTCCTGAACCATCCAA,3
TTCCTGAATAAACTAG,3
TTCCTGATATGACACA,3
TTCCTGCAAGAACGAA,3
TTCCTGCACGATTTAC,3
TTCCTTACTAAACTAG,3
TTCCTTATAAAGTACC,3
TTCGAAACTTAACCAT,3
TTCGAAAGATCGATAG,3
TTCGAAATCCGTTCAC,3
TTCGAAATGAAAAAGG,3
TTCGAACATCGCACAA,3
TTCGAACATCTCACAC,3
TTCGAATGTGTGTCAC,3
TTCGACACGCTTAAAA,3
TTCGACATTTGATATT,3
TTCGACGAAAGATAGC,3
TTCGATAAAATAAAAT,3
TTCGATAATTCAGGAC,3
TTCGCCCCGGTATAGC,3
TTCGCTCTGGTATAGC,3
TTCGCTTTACTTGAAT,3
TTCGGCTACGACATTA,3
TTCGTAATCCCATAAT,3
TTCGTAGGACCTACCC,3
TTCGTAGGTAGAAAAA,3
TTCGTCAAATATGAAC,3
TTCGTCCTTCGAAACG,3
TTCGTCGTCTGATATC,3
TTCGTTAGATACACAC,3
TTCGTTCAAATCTTAA,3
TTCGTTGAACTCTGAC,3
TTCTAACGCAGAAAAT,3
TTCTACTTATGCGGAC,3
TTCTAGCAGGAGGATA,3
TTCTAGTCCTTCATCT,3
TTCTATATAATATACA,3
TTCTCAAACATGGAAC,3
TTCTCCATGTACTGAG,3
TTCTCCGTTCCTTGAA,3
TTCTGAACCATCATCA,3
TTCTGCAAGCAAAAGC,3
TTCTGCTAATCTAAAA,3
TTCTGTTTCGGAAAGG,3
TTCTGTTTCTGAACGG,3
TTCTTAAATAATCAGA,3
TTCTTAATCTCACACA,3
TTCTTCTCCGAATAAT,3
TTCTTGAATGCCCACT,3
TTCTTGATAGTGAACA,3
TTCTTGCCACACCTAA,3
TTCTTGCTGTTAATAC,3
TTCTTTGCTATCCCCA,3
TTCTTTGGCCATCATA,3
TTGAAAATCTGTGAGA,3
TTGAAAATCTGTTAGC,3
TTGAAACTCGAAAACA,3
TTGAACACACAACAAA,3
TTGAACTGATTGACTC,3
TTGAACTTCATGTAGC,3
TTGAAGCGTATGCTTT,3
TTGAAGGACCAACACC,3
TTGAAGTATCTTGGCG,3
TTGAATGAAGACTGTG,3
TTGAATGAATGAATCA,3
TTGAATGCGCTTAATC,3
TTGAATGGTGAGAAGT,3
TTGAATGTGAAAGTCA,3
TTGAATTATAGCTTAT,3
TTGACATAATATGACC,3
TTGACTCAACGAGGTA,3
TTGAGAAAGTACCTAA,3
TTGAGAGAAAGGACTG,3
TTGAGCAGGATCAAAT,3
TTGAGCCCTTGGGTAT,3
TTGAGGTAACTGTGGT,3
TTGAGTTTATTGATTA,3
TTGATAAATTTGCTCT,3
TTGATAGGCTACAACG,3
TTGATATCCACACACA,3
TTGATCACATTATTTT,3
TTGATCAGAATCAAAT,3
TTGATCCCAGCACGGT,3
TTGATCCCAGCGGGGT,3
TTGATCCTCCAATGAA,3
TTGATGTACGGCTCCA,3
TTGATTCAAAACGTAA,3
TTGATTCACGCGTTGG,3
TTGATTCCGTGAAAAA,3
TTGATTTTAGCAGAAA,3
TTGCAAAAAGAGTAGC,3
TTGCAACATGAATATT,3
TTGCAATAGGTTCTAA,3
TTGCACACAACTTAGA,3
TTGCACACCAGTGAAG,3
TTGCACGGGGAGAATC,3
TTGCAGCGACCCAAGC,3
TTGCATATTAAATGAC,3
TTGCATTCTACATCAG,3
TTGCCAAAGATACTAC,3
TTGCCAATTCTCGATG,3
TTGCCAGCCCCAGCAC,3
TTGCCCTTAGCATCTT,3
TTGCCCTTTCAACCCA,3
TTGCCTATGTATCACC,3
TTGCCTTCATATCGTA,3
TTGCGACACCTTAGAT,3
TTGCGTCGACCCAAGC,3
TTGCTGAAACTATCAG,3
TTGCTGTCAGCATAGC,3
TTGCTTACACTGGATA,3
TTGCTTCCTAGACCCC,3
TTGCTTGCTTTTCCAC,3
TTGGAACATCGCACAC,3
TTGGACTTCGCCATAC,3
TTGGACTTCGCCATCA,3
TTGGAGACTTGTCTAA,3
TTGGCAAATGCTAAAA,3
TTGGCACATATATCCG,3
TTGGCACCGTAACACA,3
TTGGCATCCACCATCG,3
TTGGGCAAAGGTACCA,3
TTGGGCGTTCACTTTA,3
TTGGGGCACAAGTGTA,3
TTGGGTGATAGAGTTT,3
TTGGGTTAGAACAACG,3
TTGGGTTCACGCGCTG,3
TTGGTAGGCATGAGAA,3
TTGGTATGATACAGAA,3
TTGTAAGCATACATAA,3
TTGTACAGAGACCTAA,3
TTGTACCCAGACTCTC,3
TTGTAGTCTTAGCTTG,3
TTGTATACTATCATAA,3
TTGTCCAAACGGGAGG,3
TTGTCCAACCTGGAGG,3
TTGTCGACCGAAATTA,3
TTGTCGCCTTTTTTCC,3
TTGTGATTCTGACTGA,3
TTGTGCAAGTCGACTT,3
TTGTGCGTAATATTTA,3
TTGTGGGATAATGGGG,3
TTGTGTGACACACACA,3
TTGTGTTCATACAACC,3
TTGTGTTGCAACTTTA,3
TTGTTAACGCTCGCAA,3
TTGTTACGTCATTGAA,3
TTGTTCATTGTTGAGT,3
TTGTTGAAACGATCAG,3
TTGTTGTCCTTTGTAG,3
TTGTTTCAAGAAGACT,3
TTGTTTTGAATAACGA,3
TTTAAAATCCAGTTAT,3
TTTAACTCCCGCATCC,3
TTTAAGAGCTCAGGAT,3
TTTAAGGACAACGGAC,3
TTTAAGGACAATGGAA,3
TTTAAGGTAACAAAGT,3
TTTAATAGATCGCACG,3
TTTACAGAGGAAATGG,3
TTTACATTTATCAGAA,3
TTTACCCCCGTATAAA,3
TTTACGCATCCGGCAT,3
TTTACGGAACATTACA,3
TTTACTCATCTTTGAG,3
TTTACTCTTCCCGGGA,3
TTTAGAGTACTCGGTG,3
TTTAGATAACAGATGT,3
TTTAGCGGAAACCGTA,3
TTTAGGCAGATTGACT,3
TTTATAACAGAAAAAA,3
TTTATCACATTATTTG,3
TTTATCTAATGTCAGA,3
TTTATGTCTGCGAGAC,3
TTTCAAAAACAAAAAA,3
TTTCAAAACAGTAATA,3
TTTCAAATGTAAAACC,3
TTTCAACGCGCAGAGT,3
TTTCACACAACTTGGA,3
TTTCACCCTATGAGTA,3
TTTCAGTAGATTCCCT,3
TTTCATTTCACATTAC,3
TTTCCACCACCGTCTA,3
TTTCCATAGGTTAAAA,3
TTTCCATTTACGGAGT,3
TTTCCCGTCCTTCAGA,3
TTTCCCTTCCGTCAGA,3
TTTCCGCAGGAGCAGA,3
TTTCCGCATAAGCCAA,3
TTTCCGGACACACCCA,3
TTTCCTGTCGCCATAC,3
TTTCGACTGATACTTC,3
TTTCGTAAACCGTTCG,3
TTTCTACCCCAGCTGA,3
TTTCTAGACGCTCTGC,3
TTTCTCTCATTCCATT,3
TTTCTTTCCACAAGTA,3
TTTGAAAGGTTTAACC,3
TTTGAAGGAAGTAGAT,3
TTTGACGATTTATTAC,3
TTTGACGGTATAGTGA,3
TTTGACTTACAAAAGA,3
TTTGAGCCTAGGTACA,3
TTTGATTACTCCGCCT,3
TTTGCCCAATCATTTG,3
TTTGCGGCCTAGCAAA,3
TTTGCTTGCTAAAGCA,3
TTTGGAAGTAACGGTC,3
TTTGGATACAAGGTGC,3
TTTGGCAGTAACTGTC,3
TTTGGCATTAACGGTC,3
TTTGGGAGACACATGA,3
TTTGGTACGCCTCTAC,3
TTTGGTGTAAGTAATA,3
TTTGTATGGTCGTGCC,3
TTTGTCAGGAAGCTTA,3
TTTGTCATACGCCGGA,3
TTTGTGCTTATACACA,3
TTTGTTCGGATCACCG,3
TTTTAAAACCAAAAAA,3
TTTTAATACTCAGTGG,3
TTTTACATCGAGTAAT,3
TTTTACCGAGACGCTC,3
TTTTACCGAGCCGCTA,3
TTTTACCTAGCCGCTC,3
TTTTATTCTGGAAAGT,3
TTTTCCACCTTCAAAC,3
TTTTGTGCCCTCCCCC,3
TTTTTCCTGACCCGTC,3
TTTTTGATACCCCTCT,3
TTTTTGCCCACTAAGT,3
TTTTTTCACAGTGTGG,3
AAAAAAAACAATCGGA,2
AAAAAAAATTGAGGCT,2
AAAAAAAATTTTACCT,2
AAAAAAACATTGATAT,2
AAAAAAACGAAAACGA,2
AAAAAAAGGTTGTCTC,2
AAAAAAATAATGTACC,2
AAAAAAATCATGAATT,2
AAAAAAATCATTTACC,2
AAAAAAATTCCATTTG,2
AAAAAACAGCATTTAG,2
AAAAAACAGGTTTGCG,2
AAAAAACATCTGTGGA,2
AAAAAACCATGTCTAC,2
AAAAAACCTCTTTGGA,2
AAAAAACGACTGTAAA,2
AAAAAACTTTACGCAA,2
AAAAAAGTTAGGAGAT,2
AAAAAATACAGGAAGA,2
AAAAAATACATTAGTA,2
AAAAAATACTCCCAGA,2
AAAAAATCGATCGCTC,2
AAAAAATCTAAATACT,2
AAAAAATGAATCCCAG,2
AAAAAATGACCAATGC,2
AAAAAATTAAACAAAA,2
AAAAAATTCAAAGAGA,2
AAAAAATTCAAAGGCA,2
AAAAAATTGAGATGCG,2
AAAAAATTTCCACTCA,2
AAAAACAAAAATCTAT,2
AAAAACAAAGATTCAG,2
AAAAACAACGTAGAGG,2
AAAAACAACTTGTAAT,2
AAAAACAATTGCTTGC,2
AAAAACAATTTCACCT,2
AAAAACAATTTTACAT,2
AAAAACATAAGTGCTT,2
AAAAACATCGGATCAT,2
AAAAACATTAGCCTAT,2
AAAAACCAGGTTCTTT,2
AAAAACCCCTTTCTAG,2
AAAAACCGGCGCCTAT,2
AAAAACCGTGGTAAAA,2
AAAAACCTTGTATTAT,2
AAAAACGATTAATAAG,2
AAAAACGCCTTATTTC,2
AAAAACGGATAAGATC,2
AAAAACGTCTAACCAG,2
AAAAACTAGAATAAAG,2
AAAAACTAGGAAAGCT,2
AAAAAGAAAAGAGATA,2
AAAAAGAATAGCGTAA,2
AAAAAGCACATAACCC,2
AAAAAGCACCTAAGCC,2
AAAAAGCTGTGCTATA,2
AAAAAGCTTACAAGAT,2
AAAAAGGAAACAAACG,2
AAAAAGGGGGCCAAAG,2
AAAAAGGTAGCCAAAG,2
AAAAAGGTCGCACGAC,2
AAAAAGGTCGGCGGCG,2
AAAAAGTAAACAACAA,2
AAAAAGTAAACGAATG,2
AAAAAGTCTAACGACT,2
AAAAAGTTTCACTAAA,2
AAAAAGTTTCCTCCGC,2
AAAAATAACAACAGGT,2
AAAAATAACACTAACG,2
AAAAATAATATAAAAG,2
AAAAATAATATTTATG,2
AAAAATACGACTAGGA,2
AAAAATACTCCAAATT,2
AAAAATACTGGACGCT,2
AAAAATACTGTCTTAG,2
AAAAATAGGTCGGGGC,2
AAAAATATAACAGATT,2
AAAAATATACTCTACA,2
AAAAATATAGACTTCT,2
AAAAATATCGAAGGAA,2
AAAAATATTCCAAAAA,2
AAAAATCAAACACCAC,2
AAAAATCAATACAACG,2
AAAAATCCAAAATATA,2
AAAAATCCCACTTATT,2
AAAAATCCCGTCTTAG,2
AAAAATCTAACTTCAA,2
AAAAATCTCAGAGCTA,2
AAAAATGACATGTTAG,2
AAAAATGATTCATAAG,2
AAAAATGCAGACGGAT,2
AAAAATGCTACCAATT,2
AAAAATGCTTTGGGGG,2
AAAAATGGATACATAG,2
AAAAATTAAAATCCAA,2
AAAAATTAATATCTCC,2
AAAAATTCATATCTCA,2
AAAAATTGATTCCTTA,2
AAAAATTGATTGTTCC,2
AAAAATTTAAGTGACC,2
AAAAATTTCGTGACAA,2
AAAACAAAAAGGTAAG,2
AAAACAAAGGTCAAAT,2
AAAACAAGATGAGGAT,2
AAAACACAGAGTGTTT,2
AAAACACCCAAATAAA,2
AAAACACGATGGTAAC,2
AAAACAGAAACGTTTC,2
AAAACAGAAAGGACAT,2
AAAACAGATATTAATA,2
AAAACATAAAAACACT,2
AAAACATAGGACTGCC,2
AAAACATCCCCCTAGT,2
AAAACATCGTCGATCC,2
AAAACATGCAAAGCTT,2
AAAACCAAGGTGATTT,2
AAAACCAATTGCTTGA,2
AAAACCAATTTCTTGC,2
AAAACCACAGTATATG,2
AAAACCACAGTGATTT,2
AAAACCAGAAAAGTAC,2
AAAACCCATGTACGTA,2
AAAACCCGACGGAACG,2
AAAACCCTCACATCGC,2
AAAACCGCTATAGGTG,2
AAAACCTAATCCAATA,2
AAAACCTACGGAATAC,2
AAAACCTCAAATAAGA,2
AAAACCTCGAATCCTA,2
AAAACCTGAGAATCAT,2
AAAACCTGATCTGACC,2
AAAACCTGTAATGACA,2
AAAACCTTTGTAAACA,2
AAAACGAAAACGCTCA,2
AAAACGAAGTACCGAT,2
AAAACGATAAGCATTG,2
AAAACGCAGACGCTCA,2
AAAACGCTAAGCACTG,2
AAAACGCTAAGCATCG,2
AAAACGGCATGAGTAA,2
AAAACGGTACCTTTGA,2
AAAACGTAAAATTCCT,2
AAAACGTATTGGGTGC,2
AAAACGTTTAACTAAA,2
AAAACTAAAGCTCACA,2
AAAACTAAGAAAACCA,2
AAAACTACATCCTGAC,2
AAAACTACGTTATCTA,2
AAAACTAGTTAATACC,2
AAAACTATAAAACATA,2
AAAACTATATTGGACA,2
AAAACTATGACGGAAC,2
AAAACTATTATCATGC,2
AAAACTCACATCCCTC,2
AAAACTCCAAAGGTAG,2
AAAACTGTTGTGTCAA,2
AAAACTTAAGCTGGAC,2
AAAACTTACTTTCCCA,2
AAAACTTTGCTCCACC,2
AAAAGAAAACCCTGAT,2
AAAAGAAAATTCCAAA,2
AAAAGAAATAGCCACA,2
AAAAGAACTAGAAACG,2
AAAAGAACTATCAACG,2
AAAAGAACTTTCAAGA,2
AAAAGAATTGTTTACG,2
AAAAGACGATGCATAA,2
AAAAGACTCTTAGTAA,2
AAAAGACTTTCAAATT,2
AAAAGAGTAACCACGG,2
AAAAGAGTGAACTGCA,2
AAAAGATCCCGCAAAA,2
AAAAGCAACAAAAATC,2
AAAAGCAACCCAATAG,2
AAAAGCACGTAGCTAG,2
AAAAGCAGATGTTTCT,2
AAAAGCCCATATCTAA,2
AAAAGCTATTATGCGG,2
AAAAGCTCTATTGAGT,2
AAAAGCTTCGAATGAC,2
AAAAGGAGTGTTTCTT,2
AAAAGGATCAATAGGC,2
AAAAGGTAACCGGAGT,2
AAAAGTAATCTAACAT,2
AAAAGTCATCAATAAG,2
AAAAGTCCAAAGCTAA,2
AAAAGTCCTTAACCTA,2
AAAAGTCGCAAAGCAA,2
AAAAGTCTCTAGAGTG,2
AAAAGTTAGTGGGACC,2
AAAAGTTTGTATAAAA,2
AAAATAAAATTTCAAA,2
AAAATAAAGAAGTTGA,2
AAAATAAATCCTAATA,2
AAAATAAATTCAACAG,2
AAAATAAGACCCGAAA,2
AAAATAATCACCAAAA,2
AAAATAATTATGCTGG,2
AAAATACAGAAGTCAA,2
AAAATACAGGTAGTAG,2
AAAATACATTCGCACA,2
AAAATACGTAGTACCG,2
AAAATACGTCAGACAG,2
AAAATACTTAAGCACT,2
AAAATAGAACACAACC,2
AAAATAGAAGAGGGAG,2
AAAATAGCACGTAAAA,2
AAAATAGTGACTAATA,2
AAAATATGATAGGTAT,2
AAAATATTTCTCCTGC,2
AAAATCAAGACATCTA,2
AAAATCAGATACCGAC,2
AAAATCATTGCCTTAC,2
AAAATCATTTATCACC,2
AAAATCCCGCACACAC,2
AAAATCCGGTACACAA,2
AAAATCGAACCATGTA,2
AAAATCGCTTGACCAG,2
AAAATCGTTGGACTAG,2
AAAATCTAAAGTATAA,2
AAAATCTAGCTAAAAA,2
AAAATCTTGAAAATTA,2
AAAATGAACGGAAGCT,2
AAAATGAATCCATACT,2
AAAATGCCAGAACTAT,2
AAAATGCCGAATGCAC,2
AAAATGCGGATGATCA,2
AAAATGGACACAACTT,2
AAAATGGCAACCATGG,2
AAAATGTTATACTAAC,2
AAAATGTTATCAAGAC,2
AAAATGTTCCACGATA,2
AAAATGTTCCATGACA,2
AAAATTCAACAAATTT,2
AAAATTCTAAAGAATT,2
AAAATTCTAGCAGGAC,2
AAAATTGAAATTTGGG,2
AAAATTGGCCCTACTG,2
AAAATTTAAAAAATTT,2
AAAATTTAGTGGAAAG,2
AAAATTTCCTAACAAC,2
AAAATTTTATGTCTCG,2
AAAATTTTATGTTTCA,2
AAAATTTTGCCCCCAA,2
AAACAAAAAGGCAGAA,2
AAACAAAGCTATTGCG,2
AAACAACTCTGCACTT,2
AAACAAGAAGAATGCG,2
AAACAAGTCTCTAATG,2
AAACAATATACGGTGT,2
AAACAATTATCAAAGC,2
AAACACAGGCATAATT,2
AAACACAGTCATCATT,2
AAACACCCCTTTCTAT,2
AAACACCTACATATCA,2
AAACACGAGGCCAAAC,2
AAACACGGATTCGAAC,2
AAACAGAAAAACTGAT,2
AAACAGACAGCATAGT,2
AAACAGAGAAGGGACG,2
AAACAGCAAAACTGAA,2
AAACAGCAACCAGTTC,2
AAACAGCTAAAATAAC,2
AAACAGGTGACTCATC,2
AAACATAAAAAGAATG,2
AAACATAATACTACAA,2
AAACATAGGAGTATTT,2
AAACATCCAGATTGAT,2
AAACATCCCAACCTGT,2
AAACATCCCAGTATAA,2
AAACATGAAACGTCAC,2
AAACATGTAACTCATC,2
AAACATTGCAGACGAT,2
AAACATTTAAGAAGCC,2
AAACCAAGGACAGCAA,2
AAACCACCTCTTACAG,2
AAACCACTTTTCAGAT,2
AAACCAGTAGCTTAAA,2
AAACCATAAGGACACA,2
AAACCATTTGGAGCCT,2
AAACCCAAAAAATGAC,2
AAACCCAGATATTTGC,2
AAACCCCCTACGCTGT,2
AAACCCCTGGTAGTAA,2
AAACCGAAAAAAAAAT,2
AAACCGAAGACTCCAA,2
AAACCGAATAGATGGT,2
AAACCGCGTCTTAATT,2
AAACCGGATATGCCAT,2
AAACCGGTAGTTTCAT,2
AAACCGTGATCAATAA,2
AAACCGTTAATAACGA,2
AAACCGTTGTCATGCC,2
AAACCTAATTAACATT,2
AAACCTAGTCTTCCTA,2
AAACCTCAGGGAATGC,2
AAACCTCTAAGGTAGC,2
AAACCTGATAGTCGTA,2
AAACCTGATATTTGTA,2
AAACCTGCTTTACTGA,2
AAACCTGGAGAACACA,2
AAACCTTAACAAACTC,2
AAACCTTTATCAGTGA,2
AAACCTTTCACTGGAC,2
AAACGAAATATCTTTG,2
AAACGAGGCATGTCCC,2
AAACGATCACCATCCT,2
AAACGATGGCTATTAC,2
AAACGATGGCTTTTAC,2
AAACGATTTCAATCAC,2
AAACGCAACATCTTTC,2
AAACGCCTGCGCCTTG,2
AAACGCGGAAATGGAA,2
AAACGCTAGCAACAAT,2
AAACGCTGGAAAGTCG,2
AAACGCTTAAAAGTCG,2
AAACGGAACCCAATAG,2
AAACGGAATCCTACCG,2
AAACGGAGAGTTTCTT,2
AAACGGCTCGAGATTT,2
AAACGGGGAAACCCAG,2
AAACGGTCGTCTCCCT,2
AAACGTAAAACCGCTC,2
AAACGTCAGAGAGCAC,2
AAACGTCAGAGCACAC,2
AAACGTGCGAAATACA,2
AAACGTTAGTATTAAA,2
AAACGTTGACAAGCTA,2
AAACGTTGCATGCTTT,2
AAACTAAAGTGTCATG,2
AAACTACGGCTCGTAG,2
AAACTAGAACGCTGCA,2
AAACTATAAAACCGAA,2
AAACTATAGGTTGTCC,2
AAACTCAATGTCTGAA,2
AAACTCAGCATTCAAT,2
AAACTCGGTAACCAGA,2
AAACTCTTCCATTACC,2
AAACTGCTATGTGGAC,2
AAACTGCTTTGGATCG,2
AAACTGGTGATACAGG,2
AAACTGTAGCCTAGAA,2
AAACTTAAGTTACAGA,2
AAACTTACAGAAAAAA,2
AAACTTCGCCTGGCAT,2
AAACTTGACACAACTT,2
AAACTTGGATTTAGCC,2
AAACTTTAATATTAAA,2
AAACTTTCCTAACATC,2
AAACTTTGTAAAAACC,2
AAAGAAAACCCCTGAT,2
AAAGAAAAGAGCTAGC,2
AAAGAAACACTCACGT,2
AAAGAACCTCAACTGC,2
AAAGAACTTGCATTAG,2
AAAGAAGACAATGAGA,2
AAAGAAGGCAGGACAT,2
AAAGAATTAATTTAGC,2
AAAGACAACACAAAAA,2
AAAGACAGGAATATTG,2
AAAGACCCAAGTGATG,2
AAAGACCCCTTACGCT,2
AAAGACCTCACCATAG,2
AAAGACGACATAGATG,2
AAAGACGAGCCGACCC,2
AAAGACGGAGTACCTT,2
AAAGACTCCAATAACA,2
AAAGACTGCCTAACTA,2
AAAGACTTTAGACCAG,2
AAAGACTTTTACTGTC,2
AAAGAGAAAAGTCCAT,2
AAAGAGATAACACATA,2
AAAGAGCCGGTAAAGC,2
AAAGAGCTATATAAAA,2
AAAGAGCTTAAAGTTT,2
AAAGAGTCAAATAGTA,2
AAAGAGTCCACGTCAG,2
AAAGAGTGCGAATACA,2
AAAGATAAAGCAAGAT,2
AAAGATAAGACAAGAG,2
AAAGATACAAGCAAAA,2
AAAGATAGGCACTCTA,2
AAAGATCCATCATCAA,2
AAAGATCGGTAAATCC,2
AAAGATGAAATTCTGG,2
AAAGATGGAAATTCAC,2
AAAGATTAACGAGTTC,2
AAAGATTCACTTGGCG,2
AAAGATTGAGTTACGA,2
AAAGCAATCTTTAAAG,2
AAAGCAGAATTAACAT,2
AAAGCAGCTCCTTGTG,2
AAAGCAGTTCGGTGCA,2
AAAGCATCCAATTTGG,2
AAAGCATGCGATTGGG,2
AAAGCCAATGCTTATC,2
AAAGCCAATTTAACAG,2
AAAGCCATCTCGCTTA,2
AAAGCCCTCTCTCTTA,2
AAAGCCGGGCACCAGC,2
AAAGCCTCCTAATGTC,2
AAAGCCTTTGTCGGTT,2
AAAGCGACCGGCTTCC,2
AAAGCGACGTACTCAC,2
AAAGCGACTTAGACTT,2
AAAGCGCAACCCTTGC,2
AAAGCGCTGCAATAGT,2
AAAGCGCTGCCCCTAT,2
AAAGCTACAGGTAACA,2
AAAGCTACCAACGACT,2
AAAGCTATTTAACGGA,2
AAAGCTCCTAAACGGC,2
AAAGCTCGTGACGTGT,2
AAAGCTGACGCTTTTG,2
AAAGCTGATCTAGTGA,2
AAAGCTGCATACCACC,2
AAAGCTTATCTATTAA,2
AAAGCTTATTGTCACA,2
AAAGCTTGTCACTGAC,2
AAAGCTTTAAGTTCTT,2
AAAGCTTTCACTATAT,2
AAAGCTTTTTAATGGA,2
AAAGGAAATATGCGAA,2
AAAGGAACACTATATA,2
AAAGGAATACTAGACT,2
AAAGGACTCGCGACGA,2
AAAGGAGCGGTGGCAA,2
AAAGGATCACATAGCC,2
AAAGGATGAGAGTCTA,2
AAAGGATTGACCCAAG,2
AAAGGCAAAGGTACCA,2
AAAGGCAACTAACACA,2
AAAGGCATCTCACAAA,2
AAAGGCCAGAGACGAA,2
AAAGGCCATTGAAACC,2
AAAGGCTATATCTCAT,2
AAAGGCTCTTACTTTT,2
AAAGGGAAGTATGAAT,2
AAAGGGCCAACATACT,2
AAAGGTACGGGGGTAA,2
AAAGGTAGAAAATCAT,2
AAAGGTCGTTCTAAAC,2
AAAGGTCTGACAAGAG,2
AAAGGTCTTACATATT,2
AAAGGTGACCAAGACT,2
AAAGGTGATCGCACCT,2
AAAGGTTACTCTCCCC,2
AAAGTACTTGGACCCA,2
AAAGTAGAGCACAGAG,2
AAAGTAGCCATTACTT,2
AAAGTAGCTGTCTGAT,2
AAAGTATACTCATCTA,2
AAAGTATGTGATCGCC,2
AAAGTATTTACAAAAC,2
AAAGTCAAACGCTAAC,2
AAAGTCAGCCACCAGC,2
AAAGTCCCAAGCGCAG,2
AAAGTCCTTATAGAGA,2
AAAGTCTCTCAAGCCC,2
AAAGTCTGACTACCTG,2
AAAGTGAGTTAAGCAG,2
AAAGTGCAAGTGGCCT,2
AAAGTGGAAGTCTTTT,2
AAAGTGGCTAGCATTC,2
AAAGTGTCACAACATT,2
AAAGTGTCCCAAATCG,2
AAAGTGTCCCACACTA,2
AAAGTTATTTAATGGA,2
AAAGTTCATTAACTTC,2
AAAGTTCCCCTACTAG,2
AAAGTTGAAAACAGAG,2
AAAGTTTAAAAAAAAA,2
AAAGTTTAACAACTGG,2
AAATAAAAATGGATAA,2
AAATAAAACTTTGGCA,2
AAATAAAATACCTCAA,2
AAATAAAATAGCCTAA,2
AAATAAACATCCGAAA,2
AAATAACAAATTAATC,2
AAATAACAGCATGTAG,2
AAATAACAGCATTTAA,2
AAATAACAGTAATGCA,2
AAATAACCAGAAACCA,2
AAATAACCTCAACTAC,2
AAATAACGTAGGGAGA,2
AAATAACTGGGCCTAT,2
AAATAACTTCTTCATA,2
AAATAAGCAAAAATAC,2
AAATAAGCTAACAAAA,2
AAATAAGGAGCTTACA,2
AAATAAGGATTATAGA,2
AAATAAGTACACGCAA,2
AAATAAGTCCACCCAA,2
AAATAAGTCCACTCAA,2
AAATAATAAACACCTT,2
AAATAATAACTCGGCA,2
AAATAATAATCACTTG,2
AAATAATACACAAAAA,2
AAATAATACGTTGCCT,2
AAATAATCTAACTGGA,2
AAATAATGCGAAAGGG,2
AAATAATTAATACCAA,2
AAATAATTATCCTATA,2
AAATAATTCTACTATT,2
AAATACAAACAGCTAA,2
AAATACAAGAAGCATG,2
AAATACATGCTTGTTT,2
AAATACCAATAAGACA,2
AAATACCATGCGCTCA,2
AAATACCCATACTTGA,2
AAATACCCGATGACCA,2
AAATACGGGAGCCAGG,2
AAATACGTAGGTCCAA,2
AAATACTGCCATTTCG,2
AAATACTTTCGAATCC,2
AAATACTTTCTAACAT,2
AAATAGACAATTTGAC,2
AAATAGAGCTGCACTA,2
AAATAGCAATTAACGA,2
AAATAGCAATTCCTAT,2
AAATAGCATCTCGACA,2
AAATAGCCAAAACAGA,2
AAATAGCTTTGCACCA,2
AAATAGGTCGTCCGGC,2
AAATAGTGGTTGAATC,2
AAATATAACCGGCTCA,2
AAATATAAGCATGCGG,2
AAATATAGTCCCTACC,2
AAATATCAATATCAGA,2
AAATATCATCATGCGG,2
AAATATCATGCGATCA,2
AAATATCGAAATTGAA,2
AAATATCGAAGACTGC,2
AAATATCGATCAACCG,2
AAATATCGTGCGCTCA,2
AAATATGAAATTCGGG,2
AAATATGACCGGCTAA,2
AAATATGACTGGCTCA,2
AAATATGAGCGGCTCA,2
AAATATGAGGGAATAA,2
AAATATGATTCCTTAC,2
AAATATGGTATGCCAC,2
AAATATTAAAGTACAA,2
AAATATTCGAGAATTA,2
AAATATTGCTTTGGGA,2
AAATATTTAAGTAGAC,2
AAATCAAAGGAAATCA,2
AAATCAAAGGCACATA,2
AAATCAACTAACCATC,2
AAATCAAGTAGACTCG,2
AAATCAATCGCCAATA,2
AAATCAATGATGATCT,2
AAATCAATGCTGGCTC,2
AAATCACAACCAGAGC,2
AAATCACATTAAACTG,2
AAATCACTCTCTAGCT,2
AAATCAGAACCGACTG,2
AAATCAGCTAGGTCAA,2
AAATCAGCTAGGTCAC,2
AAATCAGGATGTGTTT,2
AAATCAGGCGTGACCT,2
AAATCATAAAAAACCC,2
AAATCATCCAAAACAG,2
AAATCATTCCACATCT,2
AAATCCAAACAGTAGA,2
AAATCCAAACAGTCAA,2
AAATCCAAACAGTCGG,2
AAATCCAAAGCTTGCG,2
AAATCCAAATAGTCGA,2
AAATCCAAGACACAAA,2
AAATCCATATAATACG,2
AAATCCCACTCTGAAA,2
AAATCCCCAAGGAGAC,2
AAATCCCCCTTATCCC,2
AAATCCCGATCTGAAA,2
AAATCCCGGTCTGAAA,2
AAATCCCTCTCGCTTA,2
AAATCCTACAGTTAAT,2
AAATCCTATACTCTTG,2
AAATCGAATGGCCCCA,2
AAATCGAGAAAGTCAA,2
AAATCGGGAATCGGCA,2
AAATCGGTAATAGACA,2
AAATCGGTGTCATCCT,2
AAATCGTATATTAATG,2
AAATCGTCCTGTAATG,2
AAATCGTGAGAAATAG,2
AAATCGTTGGATGGGC,2
AAATCTACACTTAATG,2
AAATCTACACTTACTC,2
AAATCTACGCTTACTG,2
AAATCTAGCAACTCAA,2
AAATCTGACTTATAAT,2
AAATCTGATGGAATAA,2
AAATCTTGATGAATGA,2
AAATGAAAGAAGCATG,2
AAATGAAATTTCAGGC,2
AAATGAACACACGTAG,2
AAATGAACAGTTCCAC,2
AAATGAACTCAAGTGG,2
AAATGAAGGGATCACT,2
AAATGAAGTGCTGTAG,2
AAATGAATAATACAAT,2
AAATGAATAGATGAGC,2
AAATGACAAGCTAAGG,2
AAATGACACACGGAGA,2
AAATGACAGTAATCAT,2
AAATGACAGTTTACGT,2
AAATGACATACATCAG,2
AAATGACCACCCACCT,2
AAATGACGGAGGACAA,2
AAATGACTGAGATCTG,2
AAATGAGAAGTGATGT,2
AAATGAGCTTCTACGA,2
AAATGAGTGGTATACA,2
AAATGATACATGAACC,2
AAATGATCACTGACCA,2
AAATGATGTACCCTGT,2
AAATGATGTCCCTTGT,2
AAATGATTAATGACCC,2
AAATGATTTCCCCTGT,2
AAATGCAATCGGTCCG,2
AAATGCCAACGCATTC,2
AAATGCCTACCAGTAC,2
AAATGCGACTCAGGAC,2
AAATGGAAAATTGGAC,2
AAATGGAGTGTTTCTT,2
AAATGGATCCTGTCAG,2
AAATGGCCACATTTTA,2
AAATGGGAACAACACT,2
AAATGGGAGGTCCACC,2
AAATGGGTTTGCTTCC,2
AAATGGTCCATAGTTT,2
AAATGGTGAGAACCAC,2
AAATGGTGGACTAAAA,2
AAATGGTGGTGGCTTT,2
AAATGTAAGAAGTAAC,2
AAATGTAGAGGCAGCC,2
AAATGTATGGAACGCT,2
AAATGTCGTTAAAAAT,2
AAATGTGACTCGCGTC,2
AAATGTGTAACATCCT,2
AAATTAACAGAAGAAA,2
AAATTAAGTAGCCAAC,2
AAATTAATGTGTCATA,2
AAATTACAAACCTTGC,2
AAATTACCATCCGGCG,2
AAATTACCATTCGGAG,2
AAATTACCATTCGGCT,2
AAATTACCATTCTGCG,2
AAATTACCATTGGGCG,2
AAATTACCGGCTCCAC,2
AAATTACGTCCATAAA,2
AAATTACTCGACACAA,2
AAATTAGAACAATTCG,2
AAATTAGTCATGATAA,2
AAATTATAAACATTCA,2
AAATTATACGCATTCA,2
AAATTATACGTTGATG,2
AAATTATACTCGTTAG,2
AAATTATCACAACAAA,2
AAATTATGATTAGATG,2
AAATTCCCTAACTTCA,2
AAATTCCGATGAGAAG,2
AAATTCGTGGAAAATA,2
AAATTCTGTTAATGCC,2
AAATTCTTTTCTCAAA,2
AAATTGAAACATTGTA,2
AAATTGCCTACTAGTG,2
AAATTGGATAACCCAT,2
AAATTGTCACAGAGCC,2
AAATTGTCCAGAGTTT,2
AAATTGTCTAACCCAT,2
AAATTTAACTATCAAA,2
AAATTTAATTTATACA,2
AAATTTACAGGTTAAC,2
AAATTTAGAAACCAAG,2
AAATTTCACAGAAAGC,2
AAATTTCATAAGTGGA,2
AAATTTCATCACACAA,2
AAATTTCCAATTGTAA,2
AACAAAAAAATACTAC,2
AACAAAAAATACCACA,2
AACAAAAAATGGTAAA,2
AACAAAAAGATCCCAC,2
AACAAAACCTACAACG,2
AACAAAACGGTCAATA,2
AACAAAAGCTTAACCC,2
AACAAAATGAAATCCA,2
AACAAACAGGTTTGCT,2
AACAAACCAAAGCATA,2
AACAAACTGAGATCCA,2
AACAAAGCCCACATAT,2
AACAAAGCGATACATA,2
AACAAAGGTGTACAAA,2
AACAAAGTATTATCCA,2
AACAAATAATAACACC,2
AACAAATAATGCTAAG,2
AACAAATACTCCCAGC,2
AACAAATAGATAACGG,2
AACAAATCCCACCTAT,2
AACAAATTGACTGTTG,2
AACAACAAGAGTCGTA,2
AACAACAATAACATCA,2
AACAACACAATCTACT,2
AACAACACATCCGCGG,2
AACAACCCATCCGCGG,2
AACAACCTGGAGTTTG,2
AACAACGACTCCTACC,2
AACAACGAGAACCCAA,2
AACAACGGTCCACCCT,2
AACAACTAAAAGAACC,2
AACAACTACCGGAAGA,2
AACAACTACCGGATGA,2
AACAACTCATACGCGG,2
AACAACTCATCCGGGG,2
AACAACTCTAGGATCA,2
AACAACTGCAAAATTT,2
AACAACTTAAGTAGAA,2
AACAACTTAATTCGAA,2
AACAACTTGTGTATCA,2
AACAACTTTTTAGGAT,2
AACAAGAATAGATACA,2
AACAAGACTTTCTCTA,2
AACAAGATTAAAATAT,2
AACAAGCAGAACTAGT,2
AACAAGCATGAACAAT,2
AACAAGCCAACATAAA,2
AACAAGCCTTTTTCTA,2
AACAAGGCAGAACTTA,2
AACAAGGGTAATACTC,2
AACAAGGTCACACGAC,2
AACAAGGTGAACCAAT,2
AACAAGTACCTGCGGA,2
AACAATAAATAGTTGT,2
AACAATACAATACGGA,2
AACAATAGGGATAAAA,2
AACAATATTTGGATCT,2
AACAATATTTTCGGCA,2
AACAATCATAGATACA,2
AACAATCCCCGCGGCT,2
AACAATCGCTGAGCAC,2
AACAATTGAACCAATT,2
AACAATTGGAAGTTTT,2
AACAATTGTCACGCAA,2
AACAATTTGGAGTTTT,2
AACACAAGGTGAGGAT,2
AACACAAGGTTATAAG,2
AACACACAACACGAGG,2
AACACACAATAAATAT,2
AACACACAGTAAATAT,2
AACACACATAACGACA,2
AACACACCATGAAGCA,2
AACACACTGCGACACA,2
AACACAGCTCTGACGC,2
AACACCAAGTCTCACG,2
AACACCACCTGTATCA,2
AACACCACCTGTATCT,2
AACACCAGAATGAAGA,2
AACACCAGACGGAACG,2
AACACCATCTGTATCC,2
AACACCCACGGGAACG,2
AACACCCAGATCGACG,2
AACACCTCCGTCAAAA,2
AACACCTCTATAGAAA,2
AACACGAAAAACATCT,2
AACACGATACAATATC,2
AACACGTGATCTTTCG,2
AACACGTTCCGAATTA,2
AACACTAAAACACGCT,2
AACACTAACTTGAAAG,2
AACACTAGGAGTAAGC,2
AACACTATCAAACTAT,2
AACACTATGTCCTAAA,2
AACACTATTTAAATCA,2
AACACTGATATTAGTA,2
AACACTTTCCGCATTA,2
AACAGAAAAAAAGATT,2
AACAGAAAAATATTCA,2
AACAGAAAGCCAGCTG,2
AACAGACACGATAAAA,2
AACAGACCATTCCATC,2
AACAGAGATGTTGCTA,2
AACAGAGCCCACCTAT,2
AACAGATGGGCTCAGG,2
AACAGCAACATATTGT,2
AACAGCAACCCGAAAG,2
AACAGCAAGCGTCGCA,2
AACAGCCGACTTCTAT,2
AACAGCCTTACGCTCT,2
AACAGCTCCAAGCTAA,2
AACAGGACTAAATGTA,2
AACAGGCTCATACAGT,2
AACAGGTTCCGCATTA,2
AACAGTAAATACTTCC,2
AACAGTCCACGTGACC,2
AACAGTGAGCCCAACC,2
AACAGTTATAACAACG,2
AACAGTTCAAATCAGC,2
AACAGTTCGGAATACT,2
AACATAAACTACCTTG,2
AACATAACAAGGAAAC,2
AACATAACCCCACAAG,2
AACATAAGACCCTACT,2
AACATAAGCTGGCCCG,2
AACATAATACATAAAG,2
AACATACCACCTAATA,2
AACATACCCACACAAG,2
AACATACCGCCACAAG,2
AACATACGAAACCATA,2
AACATACGAGAGTAAA,2
AACATACTAAGCCCTA,2
AACATACTAGTTCCTC,2
AACATACTCTTCCATG,2
AACATACTGGTTCCTT,2
AACATACTTTGCTCCA,2
AACATAGAATTTAGGG,2
AACATATAAATTGCTG,2
AACATATAATCTATTC,2
AACATATTTCTCCTTC,2
AACATCAAATTCAGCA,2
AACATCAACTCCTTTT,2
AACATCAATTGGCCAA,2
AACATCAGTTCTTTCT,2
AACATCCATATGATAA,2
AACATCGGGAGAAAGA,2
AACATCTAAGATAGAA,2
AACATCTATACAAGCT,2
AACATCTATATGATAT,2
AACATCTCTAATACCA,2
AACATGAACGTTAAAT,2
AACATGAGGAAACAAC,2
AACATGATTAGCTACT,2
AACATGCCGATCAAGA,2
AACATGTACTGAATCC,2
AACATGTAGCATTTCC,2
AACATGTATACCTAAC,2
AACATTAGCTTTATAG,2
AACATTATCCGCCGAG,2
AACATTGAGGACAATA,2
AACATTGCAAAAATTT,2
AACATTGCAAGTACCG,2
AACATTTCGGGATCTT,2
AACATTTGCCATACAG,2
AACCAAAAGTATAAGA,2
AACCAAACTTCCACCA,2
AACCAAAGATTAGCTT,2
AACCAAATATCACCCT,2
AACCAACCCCTCTAGT,2
AACCAACCGTCCACCA,2
AACCAACCTTCAACCA,2
AACCAATGTCTTTAAA,2
AACCAATTTAGCAAAC,2
AACCAATTTGCAGATA,2
AACCACAGATACCATT,2
AACCACAGCTTAAGCA,2
AACCACTCACATTAAA,2
AACCACTGATTATAAT,2
AACCACTGCCCGCAGG,2
AACCAGACAATAAGAG,2
AACCAGAGAAAGGTAA,2
AACCAGAGGCGTAATC,2
AACCAGATAACCTGCT,2
AACCAGATCAACCACT,2
AACCAGGTAAAAAATA,2
AACCAGTAATGTCCAA,2
AACCAGTAGATGGGTA,2
AACCAGTAGGCATAAT,2
AACCAGTAGTATTCGC,2
AACCAGTATTCCGTGG,2
AACCAGTCAATATACA,2
AACCAGTCACCTGGCC,2
AACCAGTTGTCATGCC,2
AACCAGTTTGATATTA,2
AACCATCAATATCAAT,2
AACCATCTATTGAACT,2
AACCATGGCTATAAAC,2
AACCATGTAACAAATA,2
AACCATTAGTCTTCGC,2
AACCCAAACTTGCGAG,2
AACCCAACCACTAGCC,2
AACCCAACCAGTGGCA,2
AACCCAACTCGCTCAC,2
AACCCACCAATTCATG,2
AACCCACCAGAATGAT,2
AACCCACGACTACTAT,2
AACCCACGCATACTAT,2
AACCCACTCCTACTAT,2
AACCCAGAAACACATG,2
AACCCAGTAAGGAAAA,2
AACCCAGTACTTGAAT,2
AACCCATACACTAAAT,2
AACCCATCACTATACA,2
AACCCATTACTTCAAT,2
AACCCATTCCATAAAA,2
AACCCATTGGTCTCAA,2
AACCCCAGAAACATTA,2
AACCCCATATACCATT,2
AACCCCATCTACAATT,2
AACCCCCAAGAGCGTA,2
AACCCCGGATACCATT,2
AACCCCGGCCCGGATT,2
AACCCCTAGGATAACA,2
AACCCCTCCGGATGTC,2
AACCCGTACTTGCGAG,2
AACCCGTAGTAGCCAA,2
AACCCGTCTATCCACT,2
AACCCTAGTAACGATT,2
AACCCTCACACAGACA,2
AACCCTCTTCGTCCCC,2
AACCCTGAATTCTATA,2
AACCCTGAGCACCGCG,2
AACCCTGTAAGGAAAA,2
AACCGAACCAGTGTCA,2
AACCGAACCTTCTGAC,2
AACCGAACTATACTAG,2
AACCGACGCAATTCCG,2
AACCGACTTAGGGCAC,2
AACCGACTTATGACAC,2
AACCGAGCCCGCGAGG,2
AACCGAGCTAATACCA,2
AACCGATGGTGATCCG,2
AACCGCAGGTAACGTT,2
AACCGCATAAGTAATA,2
AACCGCCCAACACACC,2
AACCGCCTCCTGTATT,2
AACCGCGATTAATGGT,2
AACCGCGCGTACAACA,2
AACCGGAGGTTCATAC,2
AACCGGTCAAGATTGT,2
AACCGTAAGTTCATAC,2
AACCTAAGTACACACT,2
AACCTAATAGTATGAT,2
AACCTACCTGATATAA,2
AACCTACTTAGGACAC,2
AACCTAGATGACCCTC,2
AACCTAGCATCATGAG,2
AACCTAGTAGCATGAT,2
AACCTAGTAGTATTAT,2
AACCTAGTGGTATGAT,2
AACCTATAGTGTTAAG,2
AACCTCAAAGAGCGTA,2
AACCTCATGTTTCTTC,2
AACCTCATTGTAGTCC,2
AACCTCATTGTCGTCA,2
AACCTCCAAGATCGTA,2
AACCTCCACAATATGG,2
AACCTCTAACATAATC,2
AACCTCTCCAAGCTAA,2
AACCTCTCTTTCGGTA,2
AACCTGGCCCAACACT,2
AACCTGGGATACCTAC,2
AACCTTAAGCATAAGA,2
AACCTTACTCCTAACC,2
AACCTTATCCGTACCA,2
AACCTTCAATATAAGT,2
AACCTTCACAACACCA,2
AACCTTCACATCCATG,2
AACCTTCATCCTAACC,2
AACCTTCCTCCCAACC,2
AACCTTCCTCCTAACA,2
AACCTTCCTCCTGACC,2
AACCTTCTAGATACTA,2
AACCTTGATCAGCAGA,2
AACCTTGGGTCCCTCA,2
AACCTTTGGTAACCTT,2
AACGAAAAAAATCTTC,2
AACGAAACATCTAAAA,2
AACGAAACTGAAAACT,2
AACGAAAGAAACTCTA,2
AACGAAATGGACAAAA,2
AACGAACAAAAACCGT,2
AACGAACGGACACAAT,2
AACGAACGGCATGGCC,2
AACGAAGCGCTACATA,2
AACGAAGGAATGTACC,2
AACGAAGGCGAGGACT,2
AACGAATGCTGCATCC,2
AACGAATTACTCATAC,2
AACGACAAGGCAAGAT,2
AACGACAGAATGAAGA,2
AACGACAGAGTATATT,2
AACGACATTCCACATG,2
AACGACATTCTCAATT,2
AACGACCAGAATTCTG,2
AACGACCCCCACGCAA,2
AACGACCCTTTCCAGC,2
AACGACCGAAAGCTTA,2
AACGACGGATACAGAA,2
AACGACGGATGCGGAA,2
AACGAGAGGAAGAAAC,2
AACGAGCAACTGCATC,2
AACGAGCATAAAAAAA,2
AACGAGTGAAACTCAA,2
AACGAGTGGGTCAAAT,2
AACGATAAAGCCTAAT,2
AACGATAATGGGCAGT,2
AACGATCACATACATA,2
AACGATCATACAATAT,2
AACGATCATACACTGA,2
AACGATCTAGTCACAT,2
AACGATTCAGAACGAT,2
AACGCAATCTCGGGAT,2
AACGCACGAACAAATG,2
AACGCACTGCAAAGCT,2
AACGCAGCTATGACGC,2
AACGCATATTTATACT,2
AACGCATGAGTGTATA,2
AACGCCACCATACTCA,2
AACGCCACCATAGAAT,2
AACGCCAGCAACATTA,2
AACGCCAGGATGAAGA,2
AACGCCGACACTTCAA,2
AACGCCTTCTCGTGCT,2
AACGCGCTACCTGTTC,2
AACGCGCTCATAATCC,2
AACGCTAACTATAATT,2
AACGCTACAGTTAACA,2
AACGCTACGGGTAACA,2
AACGCTAGATAAAAAT,2
AACGCTGAATAGATCT,2
AACGCTTACGCTTTTG,2
AACGCTTCGGAGTATA,2
AACGGAACTTGATTAA,2
AACGGAAGCGTGCCAA,2
AACGGATTCGGAATAA,2
AACGGCTCATTACCTG,2
AACGGGAATCGATAGC,2
AACGGGCAGCGGAAAA,2
AACGGGCTTTTCAAAA,2
AACGGTACCAGAATAA,2
AACGGTGGATCACGTT,2
AACGGTTATTTATCCA,2
AACGTAAAAAAACTTC,2
AACGTAAAAAACTCAC,2
AACGTAAACAACCTGT,2
AACGTAAGATGCCCCC,2
AACGTAATAAATACAA,2
AACGTAATCCAGCTAG,2
AACGTAATTGGAAAAG,2
AACGTACAGCACTTCA,2
AACGTACTCCCCAGAC,2
AACGTATCAACAGACC,2
AACGTCAATGATAAAT,2
AACGTCAATTTTAAAA,2
AACGTCGGCGTCGGTG,2
AACGTGAAAAATCAAG,2
AACGTGAAACAATGAG,2
AACGTGAACCTTGGTT,2
AACGTGAGCGTAACCA,2
AACGTGATTCGATCCG,2
AACGTGCATCCCAAGG,2
AACGTGCGAAATTGTG,2
AACGTGCTTCTATCCG,2
AACGTGTTTAATAGAA,2
AACGTGTTTGTTGTGC,2
AACGTTACATTGACAT,2
AACGTTCAAGGAATCA,2
AACGTTCTTCGATCCG,2
AACGTTGATAGGGCAC,2
AACGTTTCACCTCTTA,2
AACTAAACAACCGATA,2
AACTAAACAGTTCCAC,2
AACTAAACCCAGGAGT,2
AACTAAACTACACATA,2
AACTAACGACTATCAC,2
AACTAAGGCCCACTAC,2
AACTAAGGGATATATA,2
AACTAATAGATCCGCC,2
AACTAATATCACTGAG,2
AACTAATTATTGAGTA,2
AACTAATTTAATTTCC,2
AACTACAAGCGCGTAT,2
AACTACACTAATATTT,2
AACTACAGAATTTGTA,2
AACTACAGTTATTTTA,2
AACTACCAGCGAGTAT,2
AACTACCAGGAAAAAC,2
AACTACCATATCGAAT,2
AACTACCATATCTAAG,2
AACTACCTAAACGATG,2
AACTACTCTCAACATC,2
AACTACTTACTCATAC,2
AACTACTTCTTGGACA,2
AACTAGGAGGAGAACC,2
AACTAGGTGTTGTTCC,2
AACTAGTAATGAAGAC,2
AACTAGTGGCCAACTT,2
AACTATAAGTCCGAAA,2
AACTATACTCTCGCCA,2
AACTATAGGATTAGCT,2
AACTATCTGCACAAAC,2
AACTATCTTTACACTA,2
AACTATGCGCTAACTG,2
AACTATGTTAAATGAA,2
AACTATTAGGATCAAA,2
AACTATTATAACCTAA,2
AACTATTCTACCTGAG,2
AACTATTGCATCACCT,2
AACTCACAAACTAGCG,2
AACTCAGATTACTGTT,2
AACTCAGTACTTCAAT,2
AACTCATAACTCATAC,2
AACTCATAAGGATACC,2
AACTCATAGTTCACTA,2
AACTCCAGTCATGCGA,2
AACTCCCGTCCGCCCA,2
AACTCCGGTTCGGCAA,2
AACTCCTGAACCATCC,2
AACTCGAAAAAAAGGT,2
AACTCGAAACTTTGAA,2
AACTCGCAAAAAATGG,2
AACTCGCACACTACAT,2
AACTCGTGGACAAGTA,2
AACTCGTTCAGACGAA,2
AACTCTAAGTTAAGAT,2
AACTCTATATTCTCTG,2
AACTCTGAACCCTTAG,2
AACTGAACAGTTCAAC,2
AACTGAAGAAATACCA,2
AACTGACACTAAGCAC,2
AACTGACGGTAAGCCC,2
AACTGATACATCACTC,2
AACTGATAGCCTAGTC,2
AACTGATAGCGATGCT,2
AACTGATAGTACATCC,2
AACTGATATGAGGAGA,2
AACTGATATTGATTAA,2
AACTGATGTGATTTTC,2
AACTGATTCTCGAACC,2
AACTGCAAATCAGATC,2
AACTGCAGGAAGATAA,2
AACTGCCACGCCGTCT,2
AACTGCCACGCTGTCC,2
AACTGCCACTCCGTCC,2
AACTGCCCTTAGGCGA,2
AACTGCTCCCAAAAAC,2
AACTGGAACAGGCCCA,2
AACTGGAACCCATCAA,2
AACTGGAATAAGGACT,2
AACTGGACCTAACTTA,2
AACTGGAGGTGCGCCT,2
AACTGGTAAAGTGATG,2
AACTGGTGCGTAACAA,2
AACTGGTGCGTGACAG,2
AACTGGTGCGTGACGA,2
AACTGGTTCGTGACAA,2
AACTGTCAAGAGGCAA,2
AACTGTGCCTACTTTC,2
AACTGTTGCGTGACAA,2
AACTTAAACAAACCAG,2
AACTTAAATCATTACC,2
AACTTAAATTTCAGGC,2
AACTTACAGTGAATAC,2
AACTTACAGTTCCACA,2
AACTTACCAGTAGGAG,2
AACTTACTTGTAATAC,2
AACTTAGATGAACGCA,2
AACTTAGTAGCCTAGA,2
AACTTAGTTTATCATC,2
AACTTATAACGATGCT,2
AACTTATACACCAGAA,2
AACTTATATATCCGCC,2
AACTTATCAAAAAAAA,2
AACTTATCTGTGCCAA,2
AACTTATGTACTATTG,2
AACTTATGTGATATTG,2
AACTTATGTTCTATTG,2
AACTTATTTAAAAAAA,2
AACTTATTTCTCCTGC,2
AACTTCAAAATAGCCA,2
AACTTCAAGCGCAGAT,2
AACTTCAATGCTAAAT,2
AACTTCAGCTGTGAAT,2
AACTTCAGTCATGAGA,2
AACTTCCCGGACTGGA,2
AACTTCGGGGATCGTG,2
AACTTGAAAACCAATC,2
AACTTGAGTGGATTAA,2
AACTTGCACGATTGCA,2
AACTTGTCTCACGCAA,2
AACTTTAAATATCTGT,2
AACTTTACCAGTTCTA,2
AACTTTCACAGAAATC,2
AACTTTGACATGAGAC,2
AACTTTGAGGAAGTTT,2
AAGAAAAACTGGTTAG,2
AAGAAAAAGATTAATT,2
AAGAAAAATAAATAAA,2
AAGAAAAATACTGATT,2
AAGAAAACCGAATGGT,2
AAGAAAATATGTAAAT,2
AAGAAAATCTTTCTCA,2
AAGAAACCCCCCTTGC,2
AAGAAACCCTGAGCTT,2
AAGAAACGCGGTTATT,2
AAGAAAGCTACAAATC,2
AAGAAAGGTGCCATGA,2
AAGAAATCTAACCCCC,2
AAGAAATCTATTAATC,2
AAGAAATTCATGTAGC,2
AAGAACAAATATCACA,2
AAGAACAACCACTTTA,2
AAGAACAACCGGAGCG,2
AAGAACAACCGTAATC,2
AAGAACAAGGCCAGAC,2
AAGAACCAAACCTCTG,2
AAGAACCGAGGCAGTA,2
AAGAACCTCAAGGAGC,2
AAGAACCTCATGTAGC,2
AAGAACTTAGAAAAGA,2
AAGAACTTCATGTAGT,2
AAGAAGAAAAAACACC,2
AAGAAGCTCCAACAAA,2
AAGAAGCTTGTGTTGT,2
AAGAAGTTTCCTACGT,2
AAGAATAAATTACACC,2
AAGAATAACACTAAGG,2
AAGAATACAAAACCAG,2
AAGAATAGGCCAATTA,2
AAGAATATTGCACATT,2
AAGAATCTTATAAGAC,2
AAGAATGCAAGCATAC,2
AAGAATTTACTCAAGC,2
AAGAATTTATAGATCG,2
AAGAATTTGAGATATA,2
AAGACAAAACATATAA,2
AAGACAAAACCTGACA,2
AAGACAAATTATCGAT,2
AAGACAACCATATTGT,2
AAGACAAGCTCGGATT,2
AAGACAATTACAGAAT,2
AAGACACTAACGATAG,2
AAGACACTCATAGCCG,2
AAGACAGTATTATGTA,2
AAGACATAATATAAGT,2
AAGACATTACACCCAG,2
AAGACCAAGTCTCACA,2
AAGACCAGGATATCTG,2
AAGACCCAGTGAATCT,2
AAGACCCCGCAGCATC,2
AAGACCCTGTCATACC,2
AAGACCGAAACACACA,2
AAGACCTTGAAAGAGT,2
AAGACGACAAAAATCC,2
AAGACGAGAGCTTCGC,2
AAGACGCATGTAAGCA,2
AAGACGCCGGACTGAT,2
AAGACGGACATCACTA,2
AAGACGGCGAGATTAA,2
AAGACGTAGAGTCCTC,2
AAGACGTCGCGATTAA,2
AAGACGTTGGGGAGTG,2
AAGACTAATAAAATCT,2
AAGACTACAACCAGAG,2
AAGACTCAGCCTTTAA,2
AAGACTCCCTGGTTAC,2
AAGACTGGCCTCCACT,2
AAGACTGTAACGCGTA,2
AAGACTGTCCAAAGGC,2
AAGACTGTCCCAAGTC,2
AAGACTGTCCCAATGC,2
AAGAGAAGCCTGGAGA,2
AAGAGACAATAAGACC,2
AAGAGACAATACGATC,2
AAGAGACACAGTCACA,2
AAGAGACAGTGCCCGT,2
AAGAGACTTATCAGGT,2
AAGAGATCGCAATACA,2
AAGAGATTGATTTCTT,2
AAGAGATTTGAACCGC,2
AAGAGCACCATTCACA,2
AAGAGCAGTTGTCTAG,2
AAGAGCATCTGTTAAT,2
AAGAGCCATACATACA,2
AAGAGCCGAGCGTTGT,2
AAGAGCCTCGAATGAC,2
AAGAGCGGGTAGATCT,2
AAGAGGCCTTGGGTGT,2
AAGAGGTGGATTACAC,2
AAGAGTAAAGTGTTTC,2
AAGAGTAAGCACCTCA,2
AAGAGTATAACCCCTT,2
AAGAGTATCACTGAAA,2
AAGAGTCAAATATCCT,2
AAGAGTCACACGTCGA,2
AAGAGTCCAAGGCCCT,2
AAGAGTCCATGTTCAT,2
AAGAGTCGAACTGACA,2
AAGAGTGCTGTAGACC,2
AAGAGTTAAATCCATT,2
AAGAGTTATGTGGTAG,2
AAGAGTTGCATATAAA,2
AAGATAACTACCCGGC,2
AAGATAACTCTCATTT,2
AAGATAATATAAGGGC,2
AAGATACAGAGACTTT,2
AAGATATAACACTCCT,2
AAGATATACGCGCACT,2
AAGATATCCACCCATA,2
AAGATCCTCCTTTGAC,2
AAGATCGTGTTAAAAA,2
AAGATCTAACGAAGAG,2
AAGATCTATTTACCAT,2
AAGATCTGTGCGCCAA,2
AAGATGACCAATTCGA,2
AAGATGCCATCTTTTA,2
AAGATGGCTAATTGAT,2
AAGATGTCAGCATAGC,2
AAGATTAACTTACCGG,2
AAGATTAAGGCAGTAG,2
AAGATTAATTTACAAA,2
AAGATTACTGACAGGA,2
AAGATTATAGTCTTAA,2
AAGATTCACTGATGCT,2
AAGATTGCCAACGTCA,2
AAGATTTAATACGACT,2
AAGATTTACACTCTAT,2
AAGCAAAAAGAGTAGC,2
AAGCAAAACTTGTTAG,2
AAGCAAATAGATCACC,2
AAGCAACAAATTGCAT,2
AAGCAACACTGAGCTT,2
AAGCAACCCTTAGCTT,2
AAGCAACCTTCCACCA,2
AAGCAAGAAACTCAAT,2
AAGCAAGAGCAGCAAT,2
AAGCAATAATTACGAC,2
AAGCAATATGATGGAA,2
AAGCAATATGATTAAA,2
AAGCAATATTATGAAA,2
AAGCAATCTCTCTGAC,2
AAGCACAGGCATCATT,2
AAGCACCACTGTATCA,2
AAGCACGCACAATTCC,2
AAGCACGCGACACCCT,2
AAGCACTAATAGAGCA,2
AAGCACTGATGAACAT,2
AAGCACTTAGCATCTT,2
AAGCAGAAAATATTGA,2
AAGCAGACATGTACGG,2
AAGCAGATAGCTCGCG,2
AAGCAGATAGTCCGAA,2
AAGCAGCCCTCATCCA,2
AAGCAGCTAGCTAGCG,2
AAGCAGTAATCCCGAG,2
AAGCATAAAACTTCTA,2
AAGCATACTATGATTT,2
AAGCATCTACATAACT,2
AAGCATCTTAACCAAA,2
AAGCATGCAACACCCT,2
AAGCATGTGTTATTCT,2
AAGCATTCCAAGAAAA,2
AAGCCAAAAAAGGCAA,2
AAGCCAAAACCTACGA,2
AAGCCAACACCTTAAA,2
AAGCCAACCCCTCAAA,2
AAGCCAACCCTTTAAA,2
AAGCCAATTACATAAT,2
AAGCCACTAAGTTTAA,2
AAGCCATACTGTGACA,2
AAGCCCCACGGCTCAA,2
AAGCCCCCAGGACAGC,2
AAGCCCGTCCATGTGC,2
AAGCCCTTAGAATCTT,2
AAGCCCTTATCATCTT,2
AAGCCGAGGGTACAAC,2
AAGCCGATAAAACCTA,2
AAGCCGCAGAGAATAA,2
AAGCCGCATATCTCAC,2
AAGCCGGAACATGATT,2
AAGCCTACAAATGGAA,2
AAGCCTCCACCAGTTC,2
AAGCCTCGAGAAGAAG,2
AAGCCTCGAGAATCAG,2
AAGCCTGTACGAGTAC,2
AAGCGAAAAAACTTAT,2
AAGCGAAAATTCGCAG,2
AAGCGAAAGAGTCCAA,2
AAGCGAATACCCTGAT,2
AAGCGAATAGCATTAA,2
AAGCGAATGCGGTTGA,2
AAGCGACAGAGTACAA,2
AAGCGACCCTAACAGC,2
AAGCGACTTAGACAGA,2
AAGCGCGTAAATAAAA,2
AAGCGGAGGTCAGTCC,2
AAGCGGGCGCATTAAC,2
AAGCGTATAGCCAACA,2
AAGCGTATCAATGAAA,2
AAGCGTCTAGATACTA,2
AAGCTAAACTCTCATC,2
AAGCTAAATGAAACGA,2
AAGCTACCCATAGCGA,2
AAGCTACCCTAAACGA,2
AAGCTACCGGTGTCAT,2
AAGCTATACAATGAAT,2
AAGCTATCAAACACAC,2
AAGCTATCTAGAGCCG,2
AAGCTATTGTTGAATA,2
AAGCTCCCCAACGACT,2
AAGCTCGACATAACAA,2
AAGCTCGTAAATCAAA,2
AAGCTCGTCTTAAAAA,2
AAGCTCTCCATCATTA,2
AAGCTGAATAATCGGA,2
AAGCTGTAAGCATAGC,2
AAGCTGTCAGCATATC,2
AAGCTGTCATCATAGC,2
AAGCTGTGCCCAGAAT,2
AAGCTTCAGCACTTAC,2
AAGCTTGAGGTTCCGA,2
AAGCTTTCAGACAGAG,2
AAGGAAAAATGTAACA,2
AAGGAAAATCAGTCCA,2
AAGGAAACAATTAGGG,2
AAGGAAATTTAACAAA,2
AAGGAACATTACACCG,2
AAGGAACATTGCTCAG,2
AAGGAACCGTAACACA,2
AAGGAACGGACCTGGT,2
AAGGAAGACCATATTT,2
AAGGAATGCGCTTATA,2
AAGGAATTTTTACGTC,2
AAGGACAAATACTTTC,2
AAGGACACGATTAGGG,2
AAGGACACGCTTCATC,2
AAGGACAGCACATACG,2
AAGGACATTCTTTAAA,2
AAGGACCACTGACTCG,2
AAGGACCCATTCTCAA,2
AAGGACCGCTTTCTGA,2
AAGGACGCTATGGGGC,2
AAGGACGCTTCTAGCT,2
AAGGACGTAAGCTTAG,2
AAGGACTCTCGGGATT,2
AAGGACTGGTTATGAA,2
AAGGACTTATGGAAAA,2
AAGGAGAAACCCAATC,2
AAGGAGAGGAATACCA,2
AAGGAGAGTAATCCCA,2
AAGGAGCAAAGTGATT,2
AAGGAGGAACCCACGT,2
AAGGAGGTAAGTCCCA,2
AAGGAGTCTTCCAATG,2
AAGGATAAAAAGAAAT,2
AAGGATAACTTGGAAT,2
AAGGATAGGAATCCCA,2
AAGGATCGTCACCATC,2
AAGGATGAAGCGGGAA,2
AAGGATGATTCTGAAG,2
AAGGATGGTTATGAAG,2
AAGGATGTCACTTCAG,2
AAGGATTAATGCATGT,2
AAGGATTGTTCTGAAG,2
AAGGCAAATCACTAAT,2
AAGGCAACTTTGCTCG,2
AAGGCAATAACTATCA,2
AAGGCAATCTCGGATT,2
AAGGCAATTAAAGATG,2
AAGGCACCATAACACA,2
AAGGCACCATCAGTGT,2
AAGGCAGCCTCCCTCA,2
AAGGCAGGCCTGCCTC,2
AAGGCAGTAATCGTCC,2
AAGGCAGTACAGCCCG,2
AAGGCATTCATCGAAT,2
AAGGCCATAACATATG,2
AAGGCCATGACGCGCA,2
AAGGCCGACACTCGAT,2
AAGGCCGGTTTCATCT,2
AAGGCCTATGTGTAAA,2
AAGGCCTGTGTCATCT,2
AAGGCGTTCGCACGAT,2
AAGGCTATAGTTTTGT,2
AAGGCTATCCGACACG,2
AAGGCTTATAGACCTA,2
AAGGCTTGGCTACTAT,2
AAGGGAACACGTCAAA,2
AAGGGAACAGAAAAAA,2
AAGGGAAGAGTGTCGA,2
AAGGGAATAGGGATTG,2
AAGGGAGCTAACAGCA,2
AAGGGATAATATGTCC,2
AAGGGATAGCCAAGCA,2
AAGGGATCACACATAA,2
AAGGGCAAAGGCACCA,2
AAGGGCAAAGGTAACA,2
AAGGGCAAAGGTACCG,2
AAGGGCAAAGGTACCT,2
AAGGGCAAAGGTACTA,2
AAGGGCAAAGTTACCA,2
AAGGGCAACGGTACCA,2
AAGGGCAAGGGTACCA,2
AAGGGCATAACTGCCA,2
AAGGGCGTACTACCAT,2
AAGGGTACTGAAAGTC,2
AAGGGTGAATAAAGTT,2
AAGGGTGGATGATTCA,2
AAGGGTTCTACAAAGA,2
AAGGTAAAACACAATG,2
AAGGTAAAGCATATGG,2
AAGGTAGGAATAACCA,2
AAGGTATAATGGTCTA,2
AAGGTATGGCTATAAT,2
AAGGTCAGCTTCCATA,2
AAGGTGAAGCCGTTTA,2
AAGGTGCCAAACTCGC,2
AAGGTGTAAAGCAACT,2
AAGGTGTATTGGTTCA,2
AAGGTTCAATCAAATC,2
AAGGTTCCCGGGAATC,2
AAGGTTGACCACTGTC,2
AAGTAAAAACTCTTTT,2
AAGTAAAAGTTTACCC,2
AAGTAAAATAAAGCTA,2
AAGTAAAATGTCTAGA,2
AAGTAAACCATTCAAA,2
AAGTAAAGACAAATAG,2
AAGTAACATATCTCTG,2
AAGTAACATGACAAGC,2
AAGTAACCAGATATCA,2
AAGTAACTGAACTGGA,2
AAGTAACTGTTTTAAC,2
AAGTAAGAAATATGTC,2
AAGTAAGACAACAATT,2
AAGTAATAATAATTTA,2
AAGTAATACTAAAAAA,2
AAGTAATAGATTCAAT,2
AAGTAATATGATGAAA,2
AAGTAATGACTAGACC,2
AAGTAATGACTATCCC,2
AAGTAATGTTCCTAAG,2
AAGTACAATGTCTCAA,2
AAGTACAATGTTTTTT,2
AAGTACCGCAGTAAGC,2
AAGTACGTATAACATC,2
AAGTACTAACTAAGAG,2
AAGTACTTGAACCAGA,2
AAGTAGAACCTAAAAC,2
AAGTAGACTCAACCAA,2
AAGTAGCAGAAAAAAG,2
AAGTAGCATGTGGTCA,2
AAGTATAACCAAGGTT,2
AAGTATAAGATCCGCG,2
AAGTATATGCCAAGAG,2
AAGTATATTAATTAGA,2
AAGTATCAATTCCACT,2
AAGTATCCACAGCGCG,2
AAGTATGCAATGATCA,2
AAGTATGCGGCATGTA,2
AAGTATTAACCACTTA,2
AAGTATTAGCAAATAG,2
AAGTCAAGTACCCAAA,2
AAGTCACAACGCCGAA,2
AAGTCACAACTCCGCA,2
AAGTCACAGAATAAGT,2
AAGTCACAGTCAAACA,2
AAGTCAGCATAAAAAA,2
AAGTCAGTACATCGAG,2
AAGTCATGCGTTGAGC,2
AAGTCATTTTCAATCT,2
AAGTCCCACCTATGCA,2
AAGTCCCCAATTGCAC,2
AAGTCCCTTTTATTAC,2
AAGTCCGCACAAAATG,2
AAGTCCGGGATGGCAT,2
AAGTCCTATTGACTCT,2
AAGTCTGAACTCTTGA,2
AAGTCTGGTCAGTGTA,2
AAGTCTTATAACGAGG,2
AAGTGAAGCCCATGGA,2
AAGTGACAAGTGCTCA,2
AAGTGACCAGCCGCAT,2
AAGTGACCATACAGTG,2
AAGTGACCTCAATATA,2
AAGTGACGCACATGGA,2
AAGTGACGCCCATGGG,2
AAGTGACTCCCATGGA,2
AAGTGAGTAAAAAGAC,2
AAGTGAGTAGTACGCT,2
AAGTGATGCTGAGCAA,2
AAGTGCCCAAGAAAAA,2
AAGTGCTAGTAAACAA,2
AAGTGCTTTCGCCCAC,2
AAGTGGAGCAAAAACA,2
AAGTGGCCTCATCACG,2
AAGTGGCCTCATCCCT,2
AAGTGGGAGGCCTAGG,2
AAGTGGGCCAAATCTC,2
AAGTGGGCCCAATGTC,2
AAGTGGTAAATGCAAT,2
AAGTGGTCTCATCCCG,2
AAGTGTAAAAACAGAA,2
AAGTGTACACTAGGCA,2
AAGTGTATCACTGAAA,2
AAGTTAAAACTACAGC,2
AAGTTAACAATAAATC,2
AAGTTAACCCACACGA,2
AAGTTAAGGGTACAAA,2
AAGTTAATACTAAGGA,2
AAGTTAGAGTCTGTAT,2
AAGTTAGGAGTACACA,2
AAGTTATAAACCTGAT,2
AAGTTATTAACACCAT,2
AAGTTCAAGTCCGAAG,2
AAGTTCACAACAATAA,2
AAGTTGACTAATCAAA,2
AAGTTGAGGGTCCCCA,2
AAGTTTAATTGTATGT,2
AAGTTTATAACCCGCG,2
AATAAAAACAAGGGGG,2
AATAAAAAGCATTATA,2
AATAAAAATACGAATG,2
AATAAAAATGGTTCGC,2
AATAAAACAAAGAAAT,2
AATAAAACCACCCAGC,2
AATAAAACGGCCTCAA,2
AATAAAACTATTGTTA,2
AATAAAACTTAATAGC,2
AATAAAAGAGTAACAA,2
AATAAAAGCTTTGATT,2
AATAAAATAGCTTAAC,2
AATAAAATGCTAAACT,2
AATAAAATTTTGCTAG,2
AATAAACCAACGTAAA,2
AATAAACCGATAGGTC,2
AATAAACGAGTTCGGG,2
AATAAACGGCGACTTT,2
AATAAACTGAGAGACG,2
AATAAAGAAGCTCGCC,2
AATAAAGGGTATTATT,2
AATAAAGTATAAACCA,2
AATAAAGTATTGCCGT,2
AATAAATCATTTGATA,2
AATAACAATACGAATT,2
AATAACAATACTAATG,2
AATAACACCGAATGGT,2
AATAACATCAGAGGAT,2
AATAACATGGTGCGAC,2
AATAACCGATATAGAA,2
AATAACCTGTCCCCAG,2
AATAACGACCGTAAAG,2
AATAACGGCACCCACT,2
AATAACGGCGCAATAT,2
AATAACTACTGGAATT,2
AATAACTCCCTAAATA,2
AATAACTCGATGCCTC,2
AATAAGAAGAATCTCA,2
AATAAGATACCCCCCA,2
AATAAGATCCCACGCG,2
AATAAGATTGCCATTC,2
AATAAGCACCTGTAGC,2
AATAAGCATAAAAAGT,2
AATAAGTATATCTCCC,2
AATAAGTATGCTGCTA,2
AATAAGTCATTCAAAT,2
AATAAGTCGCTCAAAT,2
AATAATACAACCTAAG,2
AATAATACAGCACAGA,2
AATAATAGACTGATCA,2
AATAATCATATCTGTC,2
AATAATCTACTGAAAT,2
AATAATCTCTTACAAC,2
AATAATGATCCGACTG,2
AATAATGATTCCCACC,2
AATAATTAAATCTCTT,2
AATAATTCCTTGCTAT,2
AATAATTGCAAGCCAG,2
AATAATTTCAGCCTTG,2
AATACAAAAAAGAAAT,2
AATACAACAAATCCTC,2
AATACAATATGAGTCG,2
AATACAATGCAGAGAA,2
AATACAATTCCACACG,2
AATACACAAAAACAAC,2
AATACACATAAGCAGA,2
AATACACCATGCCGTG,2
AATACACCTAAACACC,2
AATACAGAAGAGCATT,2
AATACAGAGTAGTAAA,2
AATACATAGAAACATC,2
AATACATATGAAAACC,2
AATACATATGGCCGGT,2
AATACATCCACGATTC,2
AATACATCCCATCTCG,2
AATACATCTTACCCAC,2
AATACCACTGTTTCCT,2
AATACCACTTGCCCAA,2
AATACCATATTTAAAT,2
AATACCATGAGTCCCC,2
AATACCATTTGATAGA,2
AATACCCAGTGAATCG,2
AATACCGTTCCTGAAA,2
AATACCTAGGTGAAAC,2
AATACCTTAATAGAAG,2
AATACCTTTATATAAT,2
AATACGACACCCGTAG,2
AATACGATAAAATGAG,2
AATACGATAGACTCAT,2
AATACGTGTGCAAGGG,2
AATACGTTCTAATCAT,2
AATACTAAAGCCACCA,2
AATACTAATTAAGTCG,2
AATACTAATTTAGTAG,2
AATACTAGCTTCTGGA,2
AATACTATAACAATAA,2
AATACTATTACCAGTA,2
AATACTTACTTGACAA,2
AATACTTGACAGCGTG,2
AATACTTGATACCTGC,2
AATACTTGGATTTTGA,2
AATAGACACCTCTGAA,2
AATAGACCCGATAAAA,2
AATAGACCTATTCTCA,2
AATAGACTTAATTGAA,2
AATAGAGAAAATAAGA,2
AATAGAGAAAATAATC,2
AATAGAGAGAATAAGC,2
AATAGAGGAAGCAAAA,2
AATAGATAAACCATGT,2
AATAGATCTTCCAGGA,2
AATAGATGAGATAGCA,2
AATAGATGGTAAATCA,2
AATAGCAAAAAATAGC,2
AATAGCAACGAGTGAC,2
AATAGCAATGTTTCCG,2
AATAGCACAACAGGCA,2
AATAGCACATCAGGCA,2
AATAGCACTATCATGA,2
AATAGCCTGAAGGATA,2
AATAGCGGGAAGCTAA,2
AATAGCGTCCCAACAC,2
AATAGGCATGAAAATT,2
AATAGGGTTTTAACTG,2
AATAGGTAATCCGTTC,2
AATAGGTGGAAGATGA,2
AATAGTACCCGAATCA,2
AATAGTACTATGGGCG,2
AATAGTAGGATTTACA,2
AATAGTATCAACATAA,2
AATAGTATGTATTTAC,2
AATAGTCATATGTAAC,2
AATAGTCTGACCGGTA,2
AATAGTTACATGCTAT,2
AATAGTTAGCAAAACC,2
AATAGTTAGGATAATA,2
AATAGTTCAGATAATA,2
AATAGTTTATAAAAGA,2
AATAGTTTATAAAATC,2
AATATAAAAAAAAACG,2
AATATAAAAAATCCAG,2
AATATAAAAGGTTAAA,2
AATATAAAGAGCGAAA,2
AATATAAAGAGGTCTT,2
AATATAAAGAGTATAA,2
AATATAATAAGCCGGT,2
AATATAATACTTGAAA,2
AATATAATCAATAATA,2
AATATAATGACCGCTT,2
AATATAATTTGCTCAA,2
AATATACAAGATACAT,2
AATATACCATGTTGTC,2
AATATACTAATGGTGA,2
AATATAGCACGACATT,2
AATATAGGAACATCGA,2
AATATAGGGCTTATAT,2
AATATATAAGTTTAGC,2
AATATATCAGTTTAGA,2
AATATATCAGTTTATC,2
AATATCAAAATAGACA,2
AATATCACAGCAGGCA,2
AATATCAGCATTACCC,2
AATATCATCATTGCCC,2
AATATCCATTTAGTGG,2
AATATCCGATTGGGAG,2
AATATCGCTCAAACCA,2
AATATCGTAGAAGATG,2
AATATCTACAACGGAT,2
AATATGACGAGGATAT,2
AATATGATGACCACAT,2
AATATGCGGGCACATG,2
AATATGCTACCCCAAC,2
AATATGGTACGTTATC,2
AATATGGTTCATGTCT,2
AATATGTAAAGCTCGA,2
AATATGTAAATCTCAA,2
AATATTAAAGCGATGA,2
AATATTATATCGACAA,2
AATATTCATTCCGAAA,2
AATATTCGATAAATAT,2
AATATTGAATTATAGA,2
AATATTGATCTTAGTG,2
AATATTGTCCTATACC,2
AATATTTACCCCTTGA,2
AATATTTATCATAGTG,2
AATATTTCATAGTCAT,2
AATATTTCTGGAAAGG,2
AATCAACACCGTTATC,2
AATCAACACCTCTATT,2
AATCAACTTAACGAAA,2
AATCAAGACCGTCGAA,2
AATCAAGCTGATAGCA,2
AATCAAGTACTATACC,2
AATCAATAAATAGCAG,2
AATCAATCCAAACCCA,2
AATCAATCGAAACCTA,2
AATCAATTTACACAAG,2
AATCACAAGCCCCGTG,2
AATCACATCGGCTAAT,2
AATCACCAGCACCGTG,2
AATCACCAGCCACGTG,2
AATCACCCAGACGGTC,2
AATCACCTCAGGACCT,2
AATCACTATTACTAGT,2
AATCAGATACCACGCG,2
AATCAGATAGAACAAC,2
AATCAGCACCTTTAGC,2
AATCAGGAGCTTCCGC,2
AATCAGGGGACGACTG,2
AATCAGGGGCTGCATA,2
AATCAGTACGGGTAAT,2
AATCATAACTCAGTGG,2
AATCATAAGAACACGA,2
AATCATAAGAGGTACA,2
AATCATAATCTCTAAC,2
AATCATACTTATACCA,2
AATCATCCTACCCGAA,2
AATCATCTAATCATCT,2
AATCATGAATTGTTAT,2
AATCATTAAATGAACG,2
AATCATTACTTGACAA,2
AATCATTCAGAAATCA,2
AATCCAAGGGCATCCC,2
AATCCACCGGAGTTCT,2
AATCCAGTAAGAGCGA,2
AATCCAGTCCAAAAAG,2
AATCCCCATTAAGAAA,2
AATCCCTAGACTCTGC,2
AATCCCTATCAGATAA,2
AATCCCTGAGCCGGCA,2
AATCCCTTAGCATCTT,2
AATCCCTTCATACCCC,2
AATCCGAAAAAAAACT,2
AATCCGAAACCTCGAC,2
AATCCGACAGAACTTC,2
AATCCGCAACCGAATC,2
AATCCTAACATCACCA,2
AATCCTAGTTATCACT,2
AATCCTCGAGAAGCAG,2
AATCCTGCTACACCTC,2
AATCCTTACTCGACAA,2
AATCCTTACTTGACAG,2
AATCCTTACTTTACAA,2
AATCCTTGAGTCACAC,2
AATCGAAAATTGTGAA,2
AATCGCAATTTTTCCG,2
AATCGCCCAAGACAAT,2
AATCGCCCATTACACT,2
AATCGCTCGGCGTTCC,2
AATCGCTGACAAGGAT,2
AATCGGACAAATAAGT,2
AATCGGACGCTCGTAA,2
AATCGGAGGATTAACT,2
AATCGGCCTGTTGTCA,2
AATCGGCGAGATATTT,2
AATCGGGCCCTTAATT,2
AATCGGTTACAACCAA,2
AATCGTTGCACGAAAC,2
AATCTAAGTCAGGGTT,2
AATCTACCCCAGCTGA,2
AATCTACCGAAATACT,2
AATCTATAAACTTCTT,2
AATCTCAGATGTTACC,2
AATCTCTCCATCATTC,2
AATCTCTGGATCCGTT,2
AATCTGAACGTTGCGA,2
AATCTGAAGAAATAGC,2
AATCTGAATGAGGTCT,2
AATCTGACAAGAGTTA,2
AATCTGACTGAGGTAT,2
AATCTGCGGGATATTA,2
AATCTGCTGAGCTCTA,2
AATCTGGAAGGAAAAA,2
AATCTGGAAGGCAATA,2
AATCTGGAAGTCAAAA,2
AATCTGGAATGCAAAA,2
AATCTGGACAGAATTC,2
AATCTGGGAGGCAAAA,2
AATCTGGGGGCTTAAG,2
AATCTTAAAAACCGAG,2
AATCTTAACTAAAAAA,2
AATCTTCATTCCGAGA,2
AATCTTCCTCCTAACC,2
AATCTTTAACGTTATC,2
AATCTTTCGACAAGTA,2
AATGAAAATAATCTAT,2
AATGAAACATGACCTA,2
AATGAAAGAAAGCCAC,2
AATGAACCAGGAGTCA,2
AATGAACCTATCCCTA,2
AATGAACCTGCTTATG,2
AATGAAGAAAAAAAAA,2
AATGAAGACCTTCATC,2
AATGAATCTTACCTAT,2
AATGAATGCGTCGTAA,2
AATGAATGCTAAAGCA,2
AATGACAAAAAATAGC,2
AATGACAAAGTCAACT,2
AATGACACTGGAAATA,2
AATGACATACTATATT,2
AATGACCCATTCGCAA,2
AATGACCCGCAGCTCA,2
AATGACCGACGGTAAA,2
AATGACCGGTGTATTA,2
AATGACCTGACAAGTA,2
AATGACGAACCGACCC,2
AATGACGCCGAACAGC,2
AATGACTTACTCATAC,2
AATGAGAGTACCAGAA,2
AATGAGTAACGGAGGA,2
AATGAGTAGGCACTCT,2
AATGATAAAACCACTG,2
AATGATAGGCCCATGC,2
AATGATCATCCAATAT,2
AATGATGCGATCATAA,2
AATGCAAACTTTGGGT,2
AATGCAACCAAACTAA,2
AATGCAATGAGATGAC,2
AATGCACAATACAAGA,2
AATGCACACCAGGCCT,2
AATGCACAGTAGAAGA,2
AATGCATACTTTCTCG,2
AATGCATCGATAAGGA,2
AATGCCACGCTTCATC,2
AATGCCACTAAAGAAT,2
AATGCCAGTATTAAAA,2
AATGCCCATACTTTTA,2
AATGCCCGATAAGTCA,2
AATGCCTAACTGTCAT,2
AATGCGAAGATGATTC,2
AATGCGAATTTACATG,2
AATGCGACTTGCCGGA,2
AATGCGCACAAGGCGT,2
AATGCGCGATATGTCC,2
AATGCGCTACCGGTTC,2
AATGCGGGGTCTTACA,2
AATGCGGTCCCAACGA,2
AATGCGTACAGTAAAA,2
AATGCTAAACACAAAT,2
AATGCTACATGTACAA,2
AATGCTAGACGGGCTT,2
AATGCTTTAAAGCAAT,2
AATGGAAAAAAATAGC,2
AATGGAACGAGCTAAG,2
AATGGAAGGAGAAAAA,2
AATGGACAATCGATGT,2
AATGGAGCTTCATATC,2
AATGGAGTAACAATAA,2
AATGGATACAACGAAC,2
AATGGATATATGGGTA,2
AATGGATCCGAACAAT,2
AATGGCTACGGATAGA,2
AATGGCTACTACCGCT,2
AATGGGAAGTATAGTA,2
AATGGGAATTAGATCA,2
AATGGGACTCGTGAAT,2
AATGGTAATCGAATAT,2
AATGGTCCATTAGCAA,2
AATGGTGAAGAAAGAA,2
AATGGTGAGTAGTTCC,2
AATGGTTAAACCACGA,2
AATGGTTAATACCTAG,2
AATGGTTTTAAGACTG,2
AATGTAACTTCCTAAA,2
AATGTACAAACACTAG,2
AATGTACAAAGGATAA,2
AATGTACAGACCGTCC,2
AATGTACCCTCGTTAT,2
AATGTAGAGATTATGG,2
AATGTAGAGATTCTGT,2
AATGTAGAGTAACCCT,2
AATGTAGATTAATCCT,2
AATGTATAATCAGTAA,2
AATGTCACCATGTCGC,2
AATGTCACCCGCTGAT,2
AATGTCCTGCCGAAAG,2
AATGTGAAAGTGGCCT,2
AATGTGCAAAAAAAAA,2
AATGTGCCAATGAGAT,2
AATGTGTAAGCAGTAA,2
AATGTTACGATCGTAT,2
AATGTTCAGGCCGCCC,2
AATGTTCCCCACGGTC,2
AATGTTCCCCGTAACA,2
AATGTTGTGCACGAAA,2
AATTAAAAATTCATTC,2
AATTAAACGTAAAGAT,2
AATTAAAGGTTATGTA,2
AATTAACCTGGTCTAT,2
AATTAAGCCAGATAAA,2
AATTAAGCTAATAAAC,2
AATTAAGGCCCTAAAG,2
AATTAAGGCGAAGAAC,2
AATTAATAGAACATTG,2
AATTAATGAATTGAGA,2
AATTACAATACTTTAG,2
AATTACACCAATTAAG,2
AATTACACGAGAAATG,2
AATTACAGAAGGAATG,2
AATTACATCCGTGATT,2
AATTACATGCGGGATT,2
AATTACATTGCTAATT,2
AATTACGAGAGGTATA,2
AATTACGTCTTCATGA,2
AATTACTCTACATCGT,2
AATTACTCTGCCAAAA,2
AATTAGAAAACATGGA,2
AATTAGAACGTAAATT,2
AATTAGACTTGCAATG,2
AATTAGCCTAAAAAAT,2
AATTAGGAGGAGACCC,2
AATTAGGTCAAGCAAA,2
AATTATAAAGTCTGAA,2
AATTATAACAATGACG,2
AATTATACTAATACAA,2
AATTATAGGGCTAAAT,2
AATTATCGACATACCA,2
AATTATTAACGAAATT,2
AATTATTATTCTTTAA,2
AATTATTTAAGCAATC,2
AATTCAAATGTTGACT,2
AATTCAAATTTAAAGT,2
AATTCAATGACGCACC,2
AATTCACGTTAACATT,2
AATTCACTTCACTACC,2
AATTCATAAATACCAT,2
AATTCCAACCCCATAG,2
AATTCCACGCAACGGA,2
AATTCCCACGAATCAC,2
AATTCCCGTCTACCTA,2
AATTCCTAGCTCCCAA,2
AATTCCTCATTAATAG,2
AATTCGAAGCATGGCT,2
AATTCGGGTAGTAATG,2
AATTCTAAACGATGAA,2
AATTCTGAGCACAAGT,2
AATTCTTAACTGACAG,2
AATTCTTATGGATTAC,2
AATTCTTATGGCCTAC,2
AATTCTTATGGCTTAT,2
AATTCTTATGTCTTAC,2
AATTGAAGACGAAAGT,2
AATTGACATAACTAAT,2
AATTGACCTGATATAA,2
AATTGACGTCTTTATA,2
AATTGACTCAGCGAAC,2
AATTGATTAACTTACA,2
AATTGATTTCGAACTA,2
AATTGCAAGTTAACCA,2
AATTGCACCACATCTA,2
AATTGCCATACAATTT,2
AATTGCCCCCACACCT,2
AATTGCGGAAGATCAG,2
AATTGCGGAGTTAAAT,2
AATTGCTCTTATACTA,2
AATTGCTTTAAACGCA,2
AATTGGAAACTGCCAG,2
AATTGGAAGTCAAGTC,2
AATTGGAGCAACATTT,2
AATTGGGATAACCAAG,2
AATTGGTGCGTGACAA,2
AATTGGTTGGTCATAG,2
AATTGGTTTAAATGCA,2
AATTGTAAAGAAGACT,2
AATTGTAAATCAGACT,2
AATTGTGCCTAGATTA,2
AATTGTTCTTATGACT,2
AATTGTTTGTCTCATG,2
AATTGTTTTAAACGCA,2
AATTTAAATACACTCA,2
AATTTAACGATCTTTT,2
AATTTACACACAAAAC,2
AATTTACTAACGCTCC,2
AATTTATAAAGGTTTT,2
AATTTATAACGCATTT,2
AATTTATATACAAATT,2
AATTTATCTGCATCTT,2
AATTTCAAAACAAGGT,2
AATTTCAGTCTCTCCC,2
AATTTCCCACAAAACG,2
AATTTCTCGAAATACG,2
AATTTCTTATAAGGCT,2
AATTTGAGCAGACTAT,2
AATTTGCAACAACAAC,2
AATTTGGGGTGAATAA,2
AATTTGTGAAAGTCAT,2
AATTTTACGATAGCCA,2
AATTTTACGATATAAT,2
AATTTTATAATTGGGT,2
AATTTTCAGTCAAAGC,2
AATTTTCATCAGTCGT,2
AATTTTGACATGGCTT,2
AATTTTGACCTGGATT,2
AATTTTTACACGAAAT,2
AATTTTTATTATTATT,2
ACAAAAAAAATTTGTC,2
ACAAAAAAGAGAATGA,2
ACAAAAACAACCGCAC,2
ACAAAAACAGCTTGTC,2
ACAAAAACTAAGTTTT,2
ACAAAAATCATAAACA,2
ACAAAAATGCATAGTT,2
ACAAAAATTGCAAATT,2
ACAAAAATTGGCACGA,2
ACAAAACACTAAGCCA,2
ACAAAACAGCTTGAGG,2
ACAAAACGTTATCTCA,2
ACAAAACTTTCAGAGG,2
ACAAAAGACAAATACA,2
ACAAAAGACATGCCTC,2
ACAAAAGAGCTACAAT,2
ACAAAATATTGTAAGG,2
ACAAAATCTCAAGAAG,2
ACAAAATGATTTACAA,2
ACAAAATGTTGATTTA,2
ACAAAATTGTACGTAA,2
ACAAAATTTCTCGACC,2
ACAAACAAAGAACGTC,2
ACAAACAAAGCACGTA,2
ACAAACAAATCACGTC,2
ACAAACAAGTGCACTC,2
ACAAACACAGCGGCTA,2
ACAAACAGGTATTCAC,2
ACAAACAGTATGCCCT,2
ACAAACATTGGCAAGA,2
ACAAACATTGGCACTA,2
ACAAACATTGTCACGA,2
ACAAACCAACAACATA,2
ACAAACCCAGAGGCTA,2
ACAAACCTGCACATGA,2
ACAAACTGGATGCCTC,2
ACAAAGAACTTTTTGA,2
ACAAAGAATAACAATA,2
ACAAAGACTAGTGCAA,2
ACAAAGAGAAGAGATA,2
ACAAAGAGGCCCCAAA,2
ACAAAGATTCCCGAAA,2
ACAAAGCGTCAAACGC,2
ACAAAGGCATGATGAT,2
ACAAAGGTGAGATGCA,2
ACAAAGTAAACGGATA,2
ACAAAGTCTTACCCAA,2
ACAAAGTGGTAGAAAA,2
ACAAAGTTAAATCTGA,2
ACAAAGTTAATACCGG,2
ACAAATAACTAGCCCG,2
ACAAATAACTGGAATA,2
ACAAATAAGTATAGTT,2
ACAAATAATTGAAGAG,2
ACAAATACAGCTAAGT,2
ACAAATACGGAGAAAC,2
ACAAATAGCCATAAAC,2
ACAAATAGCCCTGAAC,2
ACAAATATGAAATCTG,2
ACAAATCAAACACTTA,2
ACAAATCAAGCATTGC,2
ACAAATCACCCCATTT,2
ACAAATCATCAGAACT,2
ACAAATCCATTTTATA,2
ACAAATCTCCTAATAG,2
ACAAATGAAATATCTG,2
ACAAATGCACATGAAC,2
ACAAATGCATCAATAA,2
ACAAATGGTATTCTAC,2
ACAAATGTACGTCCCA,2
ACAAATGTCTGTCCCA,2
ACAAATTAGAGCGCAA,2
ACAAATTCACTCTCAA,2
ACAAATTCATAGCCAT,2
ACAACAAACCTTCATA,2
ACAACAAGAATTATGG,2
ACAACACTAAGAGATC,2
ACAACAGAGACGTTTC,2
ACAACAGGAAGATAAG,2
ACAACAGGCCTTGAAC,2
ACAACAGTCAGATCCA,2
ACAACATTCTGCGGCT,2
ACAACCAAAACCCAAA,2
ACAACCAAACTGCAAT,2
ACAACCCAAAACCAAA,2
ACAACCCTTTCGGCAT,2
ACAACCGTGGCAGACA,2
ACAACCTACCAGATAA,2
ACAACGAAGTAGCTCA,2
ACAACGATCAATCGAA,2
ACAACGATTATCACAA,2
ACAACGCTCTGCATAC,2
ACAACGCTGCCCAAAG,2
ACAACGGATACCGCAT,2
ACAACGGCATGAGTGA,2
ACAACGGGGTACCGTA,2
ACAACGTTATACAGCT,2
ACAACTAAACGCACAC,2
ACAACTAATGCTGAGC,2
ACAACTACTTGTTCAA,2
ACAACTAGCAACTATG,2
ACAACTAGGACTACAG,2
ACAACTAGTCTGACCA,2
ACAACTATTCTCACAA,2
ACAACTCCGCTTTCGT,2
ACAACTGCATGAGTAA,2
ACAACTTACTTAACCA,2
ACAACTTAGCACCGTT,2
ACAAGAAATTCCTGAG,2
ACAAGAAGAAGTAGGG,2
ACAAGAAGAAGTTGGG,2
ACAAGAATAAGTCGGG,2
ACAAGAATGAACTGCA,2
ACAAGACCCAACTATC,2
ACAAGACGGCGCCAAG,2
ACAAGACTTAAAATCA,2
ACAAGAGCGGGAACAA,2
ACAAGAGTGAAATGCA,2
ACAAGAGTGTTAAGAT,2
ACAAGCAAAGACTCAT,2
ACAAGCATTGTACCCA,2
ACAAGCCAGGCACCCC,2
ACAAGCCTGACTAAAG,2
ACAAGCCTTTCTTAAA,2
ACAAGCGAACTGTAAA,2
ACAAGCTAAACAGCAT,2
ACAAGCTCCAACGTGC,2
ACAAGGACTACATTGG,2
ACAAGGAGCATCGACA,2
ACAAGGGTATGAATAT,2
ACAAGTAAGTTAGCCG,2
ACAAGTAAGTTGGCCT,2
ACAAGTAAGTTGTCCG,2
ACAAGTAAGTTTGCCG,2
ACAAGTGTCATGGTCT,2
ACAAGTTAAGACCGGC,2
ACAAGTTGGACAATAC,2
ACAATAAAAATGATCT,2
ACAATAAAACTATTCC,2
ACAATAAACTGAACAC,2
ACAATAAAGAAAAGGA,2
ACAATACCATACACCC,2
ACAATAGAGAGACCAA,2
ACAATATATAGCACAC,2
ACAATATCAAATAACT,2
ACAATATCCGTTTCCA,2
ACAATCAAGGGACCGC,2
ACAATCAGATAGAATT,2
ACAATCATAGTTTGAG,2
ACAATCCACAAAACGG,2
ACAATCCTAACAACTA,2
ACAATCCTAATGTCCA,2
ACAATCTTACGTAGCC,2
ACAATCTTAGCAGCAA,2
ACAATGAAAGTCACAA,2
ACAATGGAAAGACTGA,2
ACAATGGCTCAGTCAA,2
ACAATTACATAGATAG,2
ACAATTATACGAAGTT,2
ACAATTCAGGCTACCA,2
ACAATTCGCGCCGTGC,2
ACAATTCTGCCCTTGC,2
ACAATTGAGGGAGGGA,2
ACAATTGAGTGCTTGA,2
ACAATTGATTAAGAGG,2
ACAATTGCGACAGCCC,2
ACAATTGTATAAACCC,2
ACAATTGTCCTGGTCT,2
ACAATTGTGAAAACTG,2
ACAATTTAAAGCTCCC,2
ACAATTTAAGCGTCTT,2
ACAATTTAATGGCCCA,2
ACAATTTGTGACATAG,2
ACACAAACAGCCTTCA,2
ACACAAACCCACCCCG,2
ACACAAACGGTAAATC,2
ACACAAATATAAAAGA,2
ACACAACATCTTGGGT,2
ACACAACCACGCTATT,2
ACACAACCGCCAACAG,2
ACACAACGCAATCACA,2
ACACAACTCCTCAAAG,2
ACACAAGAAATAATTC,2
ACACAAGAACACTCCC,2
ACACAAGTGAGTTCGA,2
ACACACACGCAAAGTT,2
ACACACACGGCCCTGA,2
ACACACCAGCAACATA,2
ACACACCCCAAGAAAC,2
ACACACCGAGTGTTCG,2
ACACACCGCACTAGTC,2
ACACACCTAAAATCAT,2
ACACACTAGCTAAACT,2
ACACACTTACAGCTGT,2
ACACAGAGCCGTCCAA,2
ACACAGAGTAAGAAAC,2
ACACAGATGCAATACA,2
ACACAGGGCCCGCGTT,2
ACACAGTCCAACCTTA,2
ACACAGTTAATACCGC,2
ACACATAACATTACTG,2
ACACATACTGCAGATC,2
ACACATATTTATTAAT,2
ACACATCACATCGAAC,2
ACACATCCAACCTACC,2
ACACATCTAAATATGG,2
ACACATCTACAAGTAC,2
ACACATTCATACCGAA,2
ACACATTTAATATACG,2
ACACATTTATAACAGA,2
ACACCAACATCGCGCA,2
ACACCAAGATAACTGA,2
ACACCAAGTGCAACCA,2
ACACCAGTACACAAAA,2
ACACCATTCAGTCTGT,2
ACACCATTTTTTCATG,2
ACACCCAAAAACAAGG,2
ACACCCAAACATGTCT,2
ACACCCAATACAATGA,2
ACACCCATATAACTGA,2
ACACCCGAGCCCCTAC,2
ACACCCGATATATAAC,2
ACACCCTGATATTAAG,2
ACACCCTGTCAAACGA,2
ACACCCTTCTTGTAAA,2
ACACCCTTTGCACAGC,2
ACACCGACTGTCACGC,2
ACACCGATATCGAAAG,2
ACACCGATGATAATAA,2
ACACCGCAACCCCCAA,2
ACACCGCCGCCTGCCA,2
ACACCGCGTAAACCAT,2
ACACCGGAAGTAAAAA,2
ACACCTAATGGAAGTG,2
ACACCTACAGAAAGCG,2
ACACCTAGTCAACGAC,2
ACACCTCCACTCACCT,2
ACACCTGTGTTTAACA,2
ACACCTTCCAGCATGG,2
ACACGACTGCGCCTTG,2
ACACGAGGGATTGTGT,2
ACACGAGTGAACTGCA,2
ACACGATAGAACGTCC,2
ACACGATCTGAAAGCT,2
ACACGCAAGATACATA,2
ACACGCAGACGCTAGA,2
ACACGCCATGGTAAAA,2
ACACGCCATTACAAGA,2
ACACGCCTAACTAAAG,2
ACACGCCTGCGCCTCG,2
ACACGCCTTCGCCTTG,2
ACACGGAACGGTGCCG,2
ACACGGAATCATACCG,2
ACACGGGTAAACTATT,2
ACACGGGTAAGGTCAA,2
ACACGGGTCAGACAGG,2
ACACGGTCCTCTAACC,2
ACACGGTGCAGACCCA,2
ACACGGTTGGAGTCGA,2
ACACGTAAAGATATAA,2
ACACGTAGACCCTAGA,2
ACACGTAGCATCGACA,2
ACACGTCAGCTAAACC,2
ACACGTGCCATTGCTT,2
ACACGTTACATAAAAC,2
ACACTAAACTTCGAAT,2
ACACTAAAGTTCATAA,2
ACACTAACATAAATTA,2
ACACTAACCTGTTAAA,2
ACACTACCTGATATAA,2
ACACTACGACAATACC,2
ACACTAGGTCGTAGAC,2
ACACTATAAGAAGCGT,2
ACACTATGATAATCGA,2
ACACTATGTGCTAACC,2
ACACTCAAAGGACCGC,2
ACACTCAAGGGAACGC,2
ACACTCAAGGGACAGC,2
ACACTCAAGTGACCGC,2
ACACTCACAATAAACG,2
ACACTCACTGATGGGT,2
ACACTCACTTAGGGGT,2
ACACTCAGGAAACCGT,2
ACACTCAGGGCAACGA,2
ACACTCTAAGAAGAGT,2
ACACTCTAATAAGCGT,2
ACACTGAAAATCACCT,2
ACACTGAATTCATGGT,2
ACACTGTAATAGTAAG,2
ACACTTAGACCCTATT,2
ACACTTAGATGGATGC,2
ACACTTAGGAGATTAG,2
ACACTTATATCCGCCA,2
ACACTTGACCACATGA,2
ACACTTTACGTAACTT,2
ACACTTTATTTTAGCG,2
ACAGAAAACATCGAAT,2
ACAGAAACACTCACTT,2
ACAGAAAGTTCATCAT,2
ACAGAACATACATTCA,2
ACAGAACATCCATTCT,2
ACAGAACCAGGACTAC,2
ACAGAACTAGCCCACG,2
ACAGAATGCGCTTATA,2
ACAGAATTAACATCAG,2
ACAGACACTTTTCCTA,2
ACAGACAGGAGGAATA,2
ACAGACCTAAGCCAAA,2
ACAGACCTAGCACACG,2
ACAGACCTAGCCAACG,2
ACAGACCTCTGGGTAT,2
ACAGACTCAATAGATT,2
ACAGACTCTGTGTTCA,2
ACAGAGAAAACCATTA,2
ACAGAGACAAAAATAA,2
ACAGAGACAACACCGT,2
ACAGAGACTTAAAGTT,2
ACAGAGCGTGTCATGA,2
ACAGAGTACTCTATCT,2
ACAGAGTTGCCCACAC,2
ACAGATACAAGCCCTC,2
ACAGATACCACGCTAA,2
ACAGATATAACAGATT,2
ACAGATCACATCTAAT,2
ACAGATCAGAACTCCC,2
ACAGATCGACAAGTAC,2
ACAGATTGAGTTACGG,2
ACAGCAAAAAAATCAA,2
ACAGCAAACATAACCA,2
ACAGCAACTTTCATGT,2
ACAGCAATAACTATCA,2
ACAGCAATACCCTAAA,2
ACAGCATATTAACTAG,2
ACAGCATTTTAGCTAC,2
ACAGCCAATCTGCCTA,2
ACAGCCGAATTATAAA,2
ACAGCCGAGAAGATCA,2
ACAGCCTACGCCAAGC,2
ACAGCCTGAGAACAGA,2
ACAGCGCACAGAGGTG,2
ACAGCGCCCGATATCT,2
ACAGCGGAAAAAGAAT,2
ACAGCGTGTCAAATCC,2
ACAGCTAATTATATCG,2
ACAGCTAGAATATGTA,2
ACAGCTATATACATCC,2
ACAGCTGAGTGCCACA,2
ACAGCTGATACTGTAT,2
ACAGCTTAATAGACAC,2
ACAGGAAAGTGACACT,2
ACAGGAACATATACCG,2
ACAGGAACCAACTTAA,2
ACAGGAAGAGAATAAA,2
ACAGGACAAAGCTTAA,2
ACAGGACATATGTTTG,2
ACAGGACTGCGCTGCC,2
ACAGGAGTTTTAATCA,2
ACAGGATGTCATCAAC,2
ACAGGCAATCATACAA,2
ACAGGCACCCACACCA,2
ACAGGGGAACAGTAAA,2
ACAGGGGAAGAGTAAT,2
ACAGGTAAACTTCTAT,2
ACAGGTGATGAATCTA,2
ACAGGTTCACACACAA,2
ACAGTAAACTTTCCGG,2
ACAGTAACCTTTCCTG,2
ACAGTACAATTAGATC,2
ACAGTACCAAATGTTG,2
ACAGTAGCGTACCCTC,2
ACAGTAGGTCCCTAGA,2
ACAGTATACAAGGTAC,2
ACAGTATTTGGCCGCC,2
ACAGTCAGCAGAGAAA,2
ACAGTCATACTCGATT,2
ACAGTCCAAACACAGC,2
ACAGTCCAGAATTTTC,2
ACAGTCTTTCAAGCCC,2
ACAGTGAGTACCACTA,2
ACAGTGCACAAACTAA,2
ACAGTGCGGACCACTA,2
ACAGTGGAAATTATGT,2
ACAGTTAGCTTTCACT,2
ACAGTTATACACCCGT,2
ACAGTTCCGTCACAAA,2
ACAGTTCTTGCATCAA,2
ACAGTTGAAAAAGCTA,2
ACAGTTGAATCCATCT,2
ACAGTTGATTATGTTC,2
ACAGTTTCTAAGTATC,2
ACATAAAAACTATAGT,2
ACATAAAATTCCGCGA,2
ACATAAAGCCATATAT,2
ACATAAAGGCCTATAT,2
ACATAAAGTAAAATCC,2
ACATAAAGTTCGTAAC,2
ACATAAAGTTGACCCA,2
ACATAAATTATGACAG,2
ACATAACGGGGGTTCA,2
ACATAACTAACATAGT,2
ACATAAGCATCAGAAT,2
ACATAATCTTTAACCA,2
ACATAATGGCATGGGT,2
ACATAATTGTACTCAC,2
ACATACACACGACAGT,2
ACATACCCAATCAGTA,2
ACATACCCGAAACCCA,2
ACATACCCGGGCCTAA,2
ACATACGACTACATAC,2
ACATACGAGCGAAGTA,2
ACATACGTAAAAACAG,2
ACATACTAGCGAAGTC,2
ACATACTATGGCTCTG,2
ACATACTTTATTTACA,2
ACATACTTTGTTTCCA,2
ACATAGAACCCGCCTT,2
ACATAGACACCCATAC,2
ACATAGACCATCAGTA,2
ACATAGCATAAAGAAA,2
ACATAGCCACACATAC,2
ACATAGCCCAACCCGA,2
ACATAGCTATAATTGC,2
ACATAGGACTCCGGTG,2
ACATAGGCCTCCCCGA,2
ACATAGGTCTGTAATT,2
ACATATAGGGACCATG,2
ACATATAGTTACCTTA,2
ACATATAGTTGCCTCA,2
ACATATCATGTTCTAC,2
ACATATCTGCCCTGGC,2
ACATATGAGATTAAGA,2
ACATATGCCATCCACC,2
ACATATTACAGTACAT,2
ACATCAAGCACGGCCT,2
ACATCAATACAAATAT,2
ACATCACAGGTGACCC,2
ACATCACTCGCTAAGC,2
ACATCAGAACAGACTG,2
ACATCAGAACCTACTG,2
ACATCAGTACCATATA,2
ACATCATAACTCATAC,2
ACATCATACCCAGTGC,2
ACATCATATCTTTCCC,2
ACATCATATGTCACCT,2
ACATCCAAATTATAAA,2
ACATCCAAGAACATGC,2
ACATCCACACGCCATT,2
ACATCCATGGTGATAT,2
ACATCCCACAAGAAAA,2
ACATCCCAGTTGACCC,2
ACATCCGCGTGAGGCT,2
ACATCCTTGTAACCAT,2
ACATCGAAGATAATTC,2
ACATCGCACAACATTC,2
ACATCGCAGGAACATC,2
ACATCGCTGAGACCCT,2
ACATCGGACCGCAACT,2
ACATCGTGGATTAATT,2
ACATCTAACCGCTGCA,2
ACATCTATTCAATAAA,2
ACATCTCAATTTTGGT,2
ACATCTCCGTTCCCCG,2
ACATCTGAAAATCAGA,2
ACATCTGAACATCGGA,2
ACATCTGAGACAAAGG,2
ACATCTGAGCGCTGCA,2
ACATCTTAAGAAAAAA,2
ACATCTTAATCCCACA,2
ACATCTTACCGCTGCA,2
ACATCTTTTGGAGATG,2
ACATGAAACCAAGCAA,2
ACATGAACGAGGGTTA,2
ACATGAATAATGTCAC,2
ACATGAATCAAATCCT,2
ACATGAATCAGTACAC,2
ACATGACCTGTACCGA,2
ACATGAGACTTGTAGC,2
ACATGAGGCCGATTAA,2
ACATGAGGCCTATTAC,2
ACATGATAGTAGGATA,2
ACATGATATAGTCGTA,2
ACATGATCAAACCGCA,2
ACATGATCAAAGAGGA,2
ACATGATGACATTTAT,2
ACATGCGGGGTCCCAG,2
ACATGCGTCAAACAAA,2
ACATGCTAACAAAGCG,2
ACATGCTAAGGCTTAC,2
ACATGCTGGTTATATA,2
ACATGGCCGATTCATC,2
ACATGGGAAATTTAAT,2
ACATGGGTGAAATACT,2
ACATGGTCGAATATAG,2
ACATGGTTTGCTAACC,2
ACATGTAATAAAGTGG,2
ACATGTACTAATCCTA,2
ACATGTAGAAGCCATA,2
ACATGTAGCTCTTATG,2
ACATGTCAACCGGTAA,2
ACATGTCCCGAAGTTT,2
ACATGTGACAATAGCG,2
ACATGTGCGAATAACG,2
ACATGTGCTTATATAA,2
ACATGTTATCACTCCA,2
ACATGTTATCACTCCT,2
ACATTAAACCACGACC,2
ACATTAAGCTTTCTAA,2
ACATTACTTGAACGAA,2
ACATTAGAGAAAAACG,2
ACATTAGGACGTTATT,2
ACATTATCGCGCGAGC,2
ACATTATGTGAGCATC,2
ACATTATTAAGCAAAT,2
ACATTCCCTACCCGCC,2
ACATTCGGTTCACAAT,2
ACATTCGTGTTGACAT,2
ACATTCTTATCGCAAT,2
ACATTGAATGACTGTA,2
ACATTGAGTCGATGAT,2
ACATTGGACTCCGGTG,2
ACATTGGATGGCCTTA,2
ACATTGTGTATCTGTT,2
ACATTGTGTTTATGTT,2
ACATTTACCTAAAAGT,2
ACATTTCCACCCCACA,2
ACATTTCGTGCAATAC,2
ACATTTCTAAATTATC,2
ACATTTTAGACCAGAG,2
ACATTTTATATGGCCA,2
ACATTTTATATTATTC,2
ACATTTTCGAGCCGTG,2
ACATTTTTGATTCTAA,2
ACCAAAAAGGCGCTCG,2
ACCAAAAGGCAGGTGT,2
ACCAAAATACAATATT,2
ACCAAAATATTCTAAA,2
ACCAAAATTGCAATAG,2
ACCAAACCTCTTAACG,2
ACCAAACGCCGAGGTA,2
ACCAAAGAAGTATCTT,2
ACCAAATACGGACCAC,2
ACCAAATAGATGATAC,2
ACCAAATAGCGCTGAA,2
ACCAAATAGGTTACTA,2
ACCAAATCCCTTTCCA,2
ACCAAATTCACAAATT,2
ACCAACACGTGATTTA,2
ACCAACAGTGAATAGT,2
ACCAACATAGGGAAAC,2
ACCAACATCTAAATAA,2
ACCAACCAAAGACCAA,2
ACCAACCAAGCGACAA,2
ACCAACCCGAATCACC,2
ACCAACCGGAAAAACA,2
ACCAACGAACGGAAGC,2
ACCAAGAAAAGTCAAA,2
ACCAAGCCTCTTGCTG,2
ACCAAGCTGAATTCGC,2
ACCAAGCTGTACTACT,2
ACCAAGCTTAATTAGC,2
ACCAAGCTTAATTCGA,2
ACCAAGGAACCAACGA,2
ACCAAGGGGCGAATCT,2
ACCAAGTATGCGTCAA,2
ACCAAGTTGCAACGAA,2
ACCAATACACTTCACT,2
ACCAATAGCCTAACCT,2
ACCAATAGTAACCGCT,2
ACCAATAGTGCATGGT,2
ACCAATATCAGTACCA,2
ACCAATATGACCTAAC,2
ACCAATCGATGAGCAC,2
ACCAATCTCTGAGCAC,2
ACCAATGGCGTGGACA,2
ACCAATGGGATTCTAC,2
ACCAATGGTATTATAC,2
ACCAATGTGCCATCTC,2
ACCAATTATCACTCTA,2
ACCAATTGTATTCTAC,2
ACCAATTTACACCAGA,2
ACCAATTTTTGTGTGT,2
ACCACAAAGATCAAAG,2
ACCACACCAATAAGTA,2
ACCACACGCTCAAAAC,2
ACCACAGAAACTACCT,2
ACCACATACATTGACT,2
ACCACATCTTAAAAAG,2
ACCACCAGTGTTACGC,2
ACCACCCCTACGGTGC,2
ACCACCGAACCCAAGC,2
ACCACCGTGGGCTCAA,2
ACCACCTGAGCCTTGT,2
ACCACGAACCCTAAAG,2
ACCACGGATTCAGTTC,2
ACCACGGCATGTTAGG,2
ACCACGGTAATGAGGC,2
ACCACGTAACGATCAA,2
ACCACGTAATAAGTAC,2
ACCACGTTAGAGATGG,2
ACCACGTTGCCAACTA,2
ACCACTAACACACGCT,2
ACCACTAACATGATCA,2
ACCACTCCACACCGAT,2
ACCACTCTTTCCCGGA,2
ACCACTTTCCCCTCGA,2
ACCAGAAAAAGGGTAA,2
ACCAGAAACCAATCAC,2
ACCAGAACCTCTCGTG,2
ACCAGACAAATAAATA,2
ACCAGACCTGTCACAA,2
ACCAGACTCAGTAAAT,2
ACCAGACTGGTTATAA,2
ACCAGAGTCGCCAAAT,2
ACCAGCAATTAGGTGA,2
ACCAGCCAAGCGAAAA,2
ACCAGCCTAATGAGTC,2
ACCAGGCCAAACAATG,2
ACCAGGGATGAGTAGC,2
ACCAGGTTAATTTGAC,2
ACCAGTAGATAAGACT,2
ACCAGTATATACGACT,2
ACCATAAAGTAATCAC,2
ACCATAAATCTAACCT,2
ACCATAACAGGACAAC,2
ACCATAATATCGCCCT,2
ACCATACAAAGCAAAA,2
ACCATACAAATCAATA,2
ACCATACAACGAAAAA,2
ACCATACAATTAGATC,2
ACCATACCACGATCAT,2
ACCATACCTGATATAA,2
ACCATCAATGTTTCCG,2
ACCATCAGAGAACAAG,2
ACCATCATCACCTTCG,2
ACCATCCTGAAAGCGC,2
ACCATCTAAATCGAAG,2
ACCATCTAACTGAAGG,2
ACCATGACAAGATTTC,2
ACCATGACACAGATAT,2
ACCATGACCTAAAGGC,2
ACCATGACCTTCAGTA,2
ACCATGACGTTGCACA,2
ACCATGAGATCGATCT,2
ACCATGATGAAACCAA,2
ACCATGCTGGCCCTCA,2
ACCATGGTATTAGGAA,2
ACCATGTAAGACCACC,2
ACCATGTCGCCATGTA,2
ACCATTAAAAACCAGG,2
ACCATTAGACTAATGT,2
ACCATTCGCAACTTTC,2
ACCATTGAACCTCGTC,2
ACCATTGACACTAAGT,2
ACCATTGAGCAACCCT,2
ACCATTGGTATTCTAC,2
ACCATTTTTGGAATAC,2
ACCCAAAAAACTTTTA,2
ACCCAAAAATCTGGAA,2
ACCCAAAGTTCTGATG,2
ACCCAAATTATGTGCT,2
ACCCAAATTCTGTCCT,2
ACCCAAATTCTGTTCT,2
ACCCAACAACCAAGCT,2
ACCCAACACTGTGCTT,2
ACCCAACATCTTAACG,2
ACCCAACCGAAACTGA,2
ACCCAACCGGTCCCTA,2
ACCCAAGAAATAGCGA,2
ACCCAAGATGAAATCT,2
ACCCACACGGATAAAA,2
ACCCACAGATGGAAAC,2
ACCCACATCCAACGAC,2
ACCCACGGAAACGGGA,2
ACCCACTGCTTACACC,2
ACCCACTTGAAGAAAT,2
ACCCAGACCATCGACC,2
ACCCAGTACGTATCAG,2
ACCCATAAAGTTAGCC,2
ACCCATACCCTTCCGC,2
ACCCATATGCAGTTTA,2
ACCCATCCTAGACACA,2
ACCCATGTAAAGCGAA,2
ACCCATTTTATAGCTC,2
ACCCCAATGATCAAGC,2
ACCCCACAAACAGATA,2
ACCCCACCTGATATAA,2
ACCCCAGCGAGCCTCA,2
ACCCCATACCAGCTAA,2
ACCCCATACCATCTAC,2
ACCCCCAACAGACCCG,2
ACCCCCAACTCATCTC,2
ACCCCCACATATCATG,2
ACCCCCCCCGAAAGTC,2
ACCCCCCCGAATGTAC,2
ACCCCCCTATTTTCAA,2
ACCCCCGAATTCGCTG,2
ACCCCCGACTTAGCTG,2
ACCCCCGGCACGGATT,2
ACCCCCGGCCCGTATT,2
ACCCCCGGCCCTGATT,2
ACCCCGACAGACAGGT,2
ACCCCGACTCAGAAGC,2
ACCCCTAAAAACATCA,2
ACCCCTACAGAACACA,2
ACCCCTCAACAATGTG,2
ACCCCTGGAGACACAA,2
ACCCCTGTGACATTAA,2
ACCCGACTAAGCCTAC,2
ACCCGACTAAGTCGAC,2
ACCCGACTAGCACCAT,2
ACCCGCAACCACGTCC,2
ACCCGCAACCCTGTTT,2
ACCCGCAATTTGTACC,2
ACCCGCGAGGAAGGCT,2
ACCCGCTACAGGTGGA,2
ACCCGGAACTCGCACA,2
ACCCGGCCGAACAATG,2
ACCCGTATTCCTCAGG,2
ACCCGTCAAATGCGAG,2
ACCCGTCTGGGCTAAA,2
ACCCTACAGTGTATCT,2
ACCCTACCAGATATAA,2
ACCCTACCCGATATAA,2
ACCCTACGAATAGAGT,2
ACCCTACTAAGCCGAC,2
ACCCTCACTCCCAATG,2
ACCCTCCAAATTTTAC,2
ACCCTCCAAGACCAAA,2
ACCCTCCACGACCAAA,2
ACCCTCCATGACCTAA,2
ACCCTCCATTACCAAA,2
ACCCTCGAATCCGTAA,2
ACCCTCGCCAGTAACA,2
ACCCTCTACTCCTTTC,2
ACCCTCTATGACCAAA,2
ACCCTCTCCTACACGG,2
ACCCTGAATCACGCAT,2
ACCCTGCACCAACACT,2
ACCCTGCCAAACAATG,2
ACCCTGTCGAAATCTC,2
ACCCTTAAACCAGATA,2
ACCCTTACAAGATTTC,2
ACCCTTCCGGGCTAAA,2
ACCCTTCCTTGGTATG,2
ACCCTTGCCAAAATAA,2
ACCCTTGGTAACATCT,2
ACCGAAAACTTTCAAG,2
ACCGAAAATATTACCA,2
ACCGAAACGAGTGACA,2
ACCGAAACTAGGCAAG,2
ACCGAAAGATCAAATT,2
ACCGAAAGCGGAGTAC,2
ACCGAAATGATAGTCC,2
ACCGAAATTACATACA,2
ACCGAAGAGTCCGCCG,2
ACCGAAGGTGTTACTA,2
ACCGAATCCCAATCAT,2
ACCGACACAATAAGAC,2
ACCGACATCCAGCGTT,2
ACCGACGAACGAAATT,2
ACCGACGAGTACATCA,2
ACCGACTAAAGCGAAA,2
ACCGACTACTTTCCAG,2
ACCGAGAATTATACCG,2
ACCGAGCAGACCATAA,2
ACCGAGCATCTAACAT,2
ACCGAGTATCCCGTAG,2
ACCGATAAACATATAG,2
ACCGATGTCAAACAAC,2
ACCGATTGCAGACCGA,2
ACCGCAACAAAAGCAA,2
ACCGCAACGTCCCTAT,2
ACCGCAAGCTGACTGG,2
ACCGCATCTACAAGGT,2
ACCGCCAACCTCCCAC,2
ACCGCCACATGGGACA,2
ACCGCCCCATGGGACA,2
ACCGCCTCATAGGACA,2
ACCGCCTCATGGGAAA,2
ACCGCCTCATGGGACG,2
ACCGCCTCGTGGGACA,2
ACCGCCTGGTTCAGAA,2
ACCGCCTTATATATTT,2
ACCGCTGAAAACTCCA,2
ACCGCTGTAAATATAA,2
ACCGCTTGGTTTAATA,2
ACCGCTTGGTTTACTT,2
ACCGCTTGTTTTACTG,2
ACCGCTTTGTTTACTG,2
ACCGGAATACTTTATA,2
ACCGGAATGTGCCAAT,2
ACCGGAGATGACGTAA,2
ACCGGCCAAGTTAAAA,2
ACCGGCTCCCACTCAT,2
ACCGGGAACCTCCACT,2
ACCGGGATCGCACACC,2
ACCGGGTTCTGTATCG,2
ACCGGTCTGTATAATT,2
ACCGGTTTAAATAACC,2
ACCGGTTTCACTAACA,2
ACCGTAAATCATGAAC,2
ACCGTAAGCAAGCCGA,2
ACCGTATAGTCACATA,2
ACCGTCAAATCCGAAG,2
ACCGTCACATGAAGTA,2
ACCGTCGAAAAAGGTG,2
ACCGTCTCCCGCTCAT,2
ACCGTGACCGTAGCGA,2
ACCGTGACCTCAAATG,2
ACCGTGATTGTAGACC,2
ACCGTGCTCCCACAGA,2
ACCGTTTAGCCAGTAT,2
ACCGTTTTATTCAATT,2
ACCTAAAAAGACTTGC,2
ACCTAAAAATGATGGA,2
ACCTAAATGATCAAGC,2
ACCTAACCGCCCCGGA,2
ACCTAACCGTCCGGTC,2
ACCTAACCTCACCGGA,2
ACCTAAGCCTCGATGT,2
ACCTAAGGACTCTGAA,2
ACCTAAGTAGGAACTG,2
ACCTAATAACCTGGGT,2
ACCTAATCAGGAGCTA,2
ACCTAATGCATTGAAG,2
ACCTACAATTGCCATC,2
ACCTACACATTACCCC,2
ACCTACATTATAGGAT,2
ACCTACCATCAAAACA,2
ACCTACCCGAAAACCA,2
ACCTACCCGAAACCCT,2
ACCTACCCTAAACCCA,2
ACCTACCGACTGACGT,2
ACCTACTGGTAGCGGA,2
ACCTACTTAAGATGAG,2
ACCTAGACATCTAGAA,2
ACCTAGGCCCCATGCT,2
ACCTAGGCCCCGTTCT,2
ACCTAGTACGATAAGA,2
ACCTAGTTAAAAGGTA,2
ACCTATAAAACAAAGG,2
ACCTATAATCACAAGA,2
ACCTATATGCCCTGGC,2
ACCTATCTCTTCACCT,2
ACCTATCTGCACTGGC,2
ACCTATCTGCCCTGAC,2
ACCTATCTGCCCTTGC,2
ACCTATCTGCCGTGGC,2
ACCTCAATGATTAAGC,2
ACCTCACCTACAAGGT,2
ACCTCACCTCTACCCT,2
ACCTCACGTGTACTTA,2
ACCTCAGCGTTGCCAG,2
ACCTCCCACGAAAGTC,2
ACCTCCCCGGAAAGTC,2
ACCTCCGTATACCTTT,2
ACCTCGAATTCGTACT,2
ACCTCTATAGAATTTA,2
ACCTCTCAATAGGCAG,2
ACCTCTCAATCTGCAG,2
ACCTCTCATAAAAAGA,2
ACCTGAATCATTACAC,2
ACCTGAATTTGGCCTC,2
ACCTGACACAGCCAAA,2
ACCTGACCATAGCACC,2
ACCTGAGCACTATGAG,2
ACCTGATCGGATGCTC,2
ACCTGATTAAAAGAAT,2
ACCTGATTTGTTCTAT,2
ACCTGCCTACGGGTAT,2
ACCTGGAGAAGTGTAA,2
ACCTGGGGCAATAGCT,2
ACCTGTATAATAAATA,2
ACCTGTATGCCTCAGG,2
ACCTGTCAATCTGTTC,2
ACCTGTCACGAGTAGT,2
ACCTGTCATGCAATTG,2
ACCTGTCCCTGGACCT,2
ACCTGTCTAACCGTAA,2
ACCTGTGTTCCTCAGG,2
ACCTGTTACTGGACCT,2
ACCTGTTCCTGGGCCT,2
ACCTTAACGATTTCCA,2
ACCTTAACTGTGCTCA,2
ACCTTAACTTTGCCCA,2
ACCTTAATCAGTAATC,2
ACCTTAATGGACTTTA,2
ACCTTAGTTTCTGAGC,2
ACCTTATAACCAATAA,2
ACCTTATAACGAGTGA,2
ACCTTATCTGATGCTC,2
ACCTTCAACAGCTCAA,2
ACCTTCAATATTTAAA,2
ACCTTCCTTTGATAAT,2
ACCTTCGATTATTGCA,2
ACCTTCTAATACAAAA,2
ACCTTCTACAGTTTTG,2
ACCTTGCAAACTACCT,2
ACCTTGCACTCAACGA,2
ACCTTGCAGTAGAAAT,2
ACCTTTAAAGAAACAG,2
ACCTTTAGATGTAGAC,2
ACCTTTCAGTAGGTAC,2
ACCTTTCATAGTGTTC,2
ACCTTTTATGCATTAC,2
ACCTTTTCTTCTGGGT,2
ACGAAAATTGACACTG,2
ACGAAACGGCATAGCG,2
ACGAAAGGCCCAACAT,2
ACGAAATAATCTACGT,2
ACGAACAAAAAACAAT,2
ACGAACATCCCCCACC,2
ACGAACATGCCGCACC,2
ACGAACCCTGACAGCT,2
ACGAACCTAATTTGTT,2
ACGAACTATTATACTA,2
ACGAACTTCATAGGCG,2
ACGAAGACTGAGCATC,2
ACGAAGATTCAATTCA,2
ACGAAGCAAGTGTAAT,2
ACGAAGGGTATACGAA,2
ACGAAGGGTTTCCCCC,2
ACGAATACATTCCTCA,2
ACGAATACCAGCAAAC,2
ACGAATACTTATCATA,2
ACGAATGATAAAAAAT,2
ACGAATTCTGACGAAC,2
ACGAATTGAAAAACTC,2
ACGAATTGAATGGCTG,2
ACGACAAAATCATTTA,2
ACGACAAAGTCAGTTA,2
ACGACAACGACGGCCA,2
ACGACAATCCCCAGCA,2
ACGACACAGAACGTAA,2
ACGACAGATCGGTAAA,2
ACGACCAAAAATGATC,2
ACGACCAATTGCTATT,2
ACGACCCACCCGTAAC,2
ACGACCGCCGGCACCT,2
ACGACCGGGCTCCAAT,2
ACGACCGTCTCTGGGA,2
ACGACCTATGTGTAAA,2
ACGACCTGAGCGCACT,2
ACGACGATTGCATTAT,2
ACGACGGAGATAGTTT,2
ACGACGTCATCTGAAA,2
ACGACGTCCTATTTAC,2
ACGACGTCGGCTGAAA,2
ACGACTACCGCTATGA,2
ACGACTATCATTTCTT,2
ACGACTCAAAGGATTC,2
ACGACTCAACTCGTAT,2
ACGACTCGAAAGTCAA,2
ACGACTGCATGCATTA,2
ACGACTTCAGCTGAAA,2
ACGAGAATAAGTATCG,2
ACGAGACAAGAGAATG,2
ACGAGACAGTGCCCTT,2
ACGAGACAGTGTCCGT,2
ACGAGACCTTAAACTC,2
ACGAGAGATACTACGA,2
ACGAGATAGGTACCTA,2
ACGAGCACGATAACAT,2
ACGAGCAGGGCGGCTG,2
ACGAGCAGGTGTAAAA,2
ACGAGCCAAGAGAACG,2
ACGAGCCAAGATAATG,2
ACGAGCGTGTTGTATA,2
ACGAGCTGATAAGTGC,2
ACGAGCTGTGTGATAT,2
ACGAGGAAGAACACAT,2
ACGAGGACGATCAAAT,2
ACGAGGACTATAAAAT,2
ACGAGGCCCTTATTGT,2
ACGAGTAGAACTGACA,2
ACGAGTCAATGAGACT,2
ACGAGTCTAACTGACA,2
ACGAGTCTCTTCTCAG,2
ACGATAAAATTTCCAT,2
ACGATAATATAAGGCT,2
ACGATACATCGTGATC,2
ACGATACCACGACTTT,2
ACGATACCATTACAAG,2
ACGATACCATTACTAG,2
ACGATACGGACCTTTG,2
ACGATACTAGGTAGAC,2
ACGATATAAACTTATA,2
ACGATATTGTTGAATA,2
ACGATATTTTTCACCA,2
ACGATCATGGTTTGAG,2
ACGATCCTGGTCGGTA,2
ACGATGAAAGACAGCG,2
ACGATGAAGGCAACAG,2
ACGATGAATCATAAAC,2
ACGATGATCGTCTATT,2
ACGATGATGCGACCTT,2
ACGATGATTATACGTA,2
ACGATGCCAATATAAT,2
ACGATTACATCTTACA,2
ACGCAACACCAGTCAT,2
ACGCAACATGTACCAC,2
ACGCAAGTTCGTCAGA,2
ACGCAATGGTTAAAAT,2
ACGCACAACCTTGACG,2
ACGCACCAGCCCCGCG,2
ACGCACGTTAACTCGA,2
ACGCACTAAATCTTGC,2
ACGCAGACATGTAAGG,2
ACGCAGACTGCACTAG,2
ACGCAGCCCTCAGTAT,2
ACGCAGGGTGTTACAC,2
ACGCAGTCACTTCAAC,2
ACGCATACGTACATCC,2
ACGCATAGCTATCAAA,2
ACGCATCGTAACGCAC,2
ACGCATGTACGAGTAC,2
ACGCCATATTCGCACT,2
ACGCCATCATAATCTT,2
ACGCCCAAATGATCTT,2
ACGCCCAGACAGAAAG,2
ACGCCCAGAGTTTCCC,2
ACGCCGAAAACTGGCC,2
ACGCCGGTGATGAAAC,2
ACGCCTAACCGAGTGT,2
ACGCCTAAGTCTCAGC,2
ACGCCTCAAGGGATTC,2
ACGCCTCTAATTAGGC,2
ACGCCTGTGCGAGTAC,2
ACGCGAAATCGACATC,2
ACGCGAACGGGAGCTC,2
ACGCGAACTTTACTAG,2
ACGCGAGAGCAAAAAA,2
ACGCGCCAGCTCCGCC,2
ACGCGCGGACTCATCG,2
ACGCGCTTAGAAAATT,2
ACGCGGATCCAAAAAC,2
ACGCTAAATATTCATG,2
ACGCTATCTAATTTCT,2
ACGCTCAAGGGACCGC,2
ACGCTCCTGGAGAGGT,2
ACGCTTGATCCCATAT,2
ACGCTTTCATACATCG,2
ACGGAAAAGACTGTCC,2
ACGGAAAATCAGTCCT,2
ACGGAAAATCAGTCTA,2
ACGGAACAGAGTGCAT,2
ACGGAAGAAATCGAAT,2
ACGGAAGCTTATTAAT,2
ACGGAAGGTTTAAAAA,2
ACGGAATATAATCAAA,2
ACGGAATATCAAATGA,2
ACGGAATATCAAGTGT,2
ACGGACAAATACTTTA,2
ACGGACAAATACTTTT,2
ACGGACATAACGCGCA,2
ACGGACCTGTTTCAAA,2
ACGGAGAACCACGCCG,2
ACGGAGACCCATAACA,2
ACGGAGCACAGGCATG,2
ACGGAGGTCGGTGACA,2
ACGGATAACCCCGCCG,2
ACGGATATCACTAAAA,2
ACGGATATCCCACTAG,2
ACGGATGCTAAAGAAT,2
ACGGATTACAAACCAC,2
ACGGCACAACTACAAA,2
ACGGCACGACGGTAAT,2
ACGGCAGCCCTGCCTC,2
ACGGCAGGCCTGACTC,2
ACGGCAGTAATTCGAA,2
ACGGCATTAAGATAAG,2
ACGGCCATTAACCCAA,2
ACGGCGAAACACCTAT,2
ACGGCGTCCCACCCTC,2
ACGGCTATGTCCAGGA,2
ACGGCTTGGCTAATAT,2
ACGGCTTGGCTACAAT,2
ACGGGAAAAGGACATA,2
ACGGGAACATATCCCG,2
ACGGGAATAAATATAC,2
ACGGGAGGATACAACC,2
ACGGGATCAAGGTAAA,2
ACGGGATTCCGCCCAT,2
ACGGGCAGGCACACCT,2
ACGGGCGGCCAAGTCC,2
ACGGGCTAAGATGCGA,2
ACGGGTAACAAAGACT,2
ACGGGTATAAGATTGC,2
ACGGGTATTATAATCA,2
ACGGGTTTATAGTAAG,2
ACGGTAAAATGAAGAC,2
ACGGTAAAGTGACGAC,2
ACGGTACAAGTTCCAC,2
ACGGTATCAACGAGCC,2
ACGGTATCAGAACGTT,2
ACGGTATGAAGTAAAA,2
ACGGTGAAACACCTCT,2
ACGGTGAAGGCAGACC,2
ACGGTTAGAGATTAAT,2
ACGGTTATAAACCGGG,2
ACGGTTATAAGGTGAT,2
ACGTAAAGACCATTTT,2
ACGTAAATAGGTTTCA,2
ACGTAAATCACGAATG,2
ACGTAAATGCGCAACG,2
ACGTAACAACAACACC,2
ACGTAAGCGTAATTCT,2
ACGTAATAAAAACTAG,2
ACGTAATCTGAGAATA,2
ACGTACAAACTTGACG,2
ACGTACAAATTTTACG,2
ACGTACAACCTTGACT,2
ACGTACCTAACCTATT,2
ACGTACTAGGGCTCTG,2
ACGTACTATAACAGAT,2
ACGTACTATGGCTCCG,2
ACGTACTATGGCTCTA,2
ACGTACTATGGCTCTT,2
ACGTAGACATACACAA,2
ACGTATAAAATGAAAT,2
ACGTATAACTTTAAAC,2
ACGTATTAAACCGCCA,2
ACGTATTAAGGAAGTC,2
ACGTATTATGGCTCTG,2
ACGTATTCTCTACTAA,2
ACGTCAAAAACGAGTG,2
ACGTCAATAAGGCTGT,2
ACGTCACGCAAAATGT,2
ACGTCAGGCCTGCCTC,2
ACGTCATCCCACAAGA,2
ACGTCATCCCGAAAGA,2
ACGTCATGCGTTTAGC,2
ACGTCCCGTTACTACT,2
ACGTCGAGAACAGGAG,2
ACGTCGGAATATGTGT,2
ACGTCTAGTGGCTAGG,2
ACGTCTTGGCTACTAT,2
ACGTGAAATAGAAGAG,2
ACGTGAAGCAGGTCCA,2
ACGTGAATACATTTGT,2
ACGTGACTAACTGTTT,2
ACGTGAGCATCACAAA,2
ACGTGATAGTTCAGTC,2
ACGTGCACAGAACTGA,2
ACGTGCACGCAAAATC,2
ACGTGCCTCGACAGAG,2
ACGTGCGAAGGATGGA,2
ACGTGCTCTGATGATG,2
ACGTGGACATCATTTA,2
ACGTGGATCAAAAACA,2
ACGTGTCCATAACTGA,2
ACGTGTGACCGTCCGC,2
ACGTGTGGAGTGTTGC,2
ACGTGTTAAGACATCG,2
ACGTGTTATGTCTATG,2
ACGTTACAACCCGGGA,2
ACGTTACCATACATAT,2
ACGTTAGGAGTACAAA,2
ACGTTCAAGGGAATGT,2
ACGTTCATCTGGATCG,2
ACGTTCATCTTGCTCG,2
ACGTTCGCCCCCAATA,2
ACGTTCTAAGATATCA,2
ACGTTCTATAAGCAAG,2
ACGTTCTATAGAAGAA,2
ACGTTGAATCGTTAAA,2
ACGTTGAGTGTCCCCA,2
ACGTTGCATTGCGAAT,2
ACGTTGCTGCATTAGT,2
ACGTTGGCTAATCATA,2
ACGTTGGCTAGTAACC,2
ACGTTGGGGGTCCCCA,2
ACGTTGTTTGACCATG,2
ACGTTTACGCAGCCCG,2
ACGTTTCAAATAATGT,2
ACGTTTCTACATTAGT,2
ACGTTTTAAGCGTCCT,2
ACTAAAAAATGTTTCA,2
ACTAAAAGGAAACGAC,2
ACTAAAATAGCATTAT,2
ACTAAAATATAAGATT,2
ACTAAACGTGGACAAC,2
ACTAAACTCAGATGGG,2
ACTAAAGAGCTCAACT,2
ACTAAATAGAAACATC,2
ACTAAATTAAGGAGCC,2
ACTAAATTAATTACCA,2
ACTAACAAAAAGTCTG,2
ACTAACAAAGTTATAC,2
ACTAACAACGAAGAAA,2
ACTAACAAGCCGAACA,2
ACTAACACTAGTCATA,2
ACTAACAGTAAAATAA,2
ACTAACATGGCATTAT,2
ACTAACCATCTCCTAC,2
ACTAACCTAATGTGTT,2
ACTAACTAGAAAAGGA,2
ACTAACTCATACGGCA,2
ACTAACTTAGGTTGAT,2
ACTAACTTTAAGCGGC,2
ACTAAGAACACAAATA,2
ACTAAGAACTGAATCG,2
ACTAAGAAGTACGTTG,2
ACTAAGACACAACATG,2
ACTAAGAGCGTTCAGC,2
ACTAAGCGCCTTTACC,2
ACTAAGGCAGTTCTGT,2
ACTAAGTACGTGTTCC,2
ACTAAGTGATTCCCAT,2
ACTAATAAATGGCAAC,2
ACTAATAACCAAAATT,2
ACTAATAAGGAGCCTC,2
ACTAATAAGGATCCCC,2
ACTAATACCTTCCTCA,2
ACTAATAGAAACGCTA,2
ACTAATATACCAAGAA,2
ACTAATATATCAGTGA,2
ACTAATATGTAACAGC,2
ACTAATCTTGGCCGGC,2
ACTAATGAACAATCAA,2
ACTAATGTATATTAGG,2
ACTACAATTGCAAATT,2
ACTACACGCCTACACA,2
ACTACAGAGACACCTA,2
ACTACAGAGATTAAAC,2
ACTACAGGATAGATAA,2
ACTACCACATGTCCCG,2
ACTACCATTTGCCTTT,2
ACTACCCGCTACAATC,2
ACTACCCTCCGGGCCG,2
ACTACCTACTACAATC,2
ACTACCTTAAAAGTCA,2
ACTACCTTTAAGCTGC,2
ACTACGAACCACACTA,2
ACTACGCAGACTCGGG,2
ACTACGCATCAGGTCC,2
ACTACTCAAAACCAAG,2
ACTACTCCACAAACAG,2
ACTACTGACCCTCACA,2
ACTACTGAGTGCCACA,2
ACTACTTTTGCAGCAA,2
ACTAGAAATACCATAC,2
ACTAGAAATGAATCCA,2
ACTAGAACCATAGCAA,2
ACTAGAACGAGCGCAT,2
ACTAGAATATAACAGA,2
ACTAGACTGCCCATGC,2
ACTAGAGAGCGCATCG,2
ACTAGATAAGAAATCA,2
ACTAGCCAAGAGAATG,2
ACTAGCCCCAACCCGT,2
ACTAGCTAACTGAACT,2
ACTAGGTGTCGAGACA,2
ACTAGGTTTTATTAGA,2
ACTAGTGTGTACAAAC,2
ACTAGTTAACAAGCCA,2
ACTAGTTACGCTACAC,2
ACTATAAAACAGAACC,2
ACTATAACCTCGAATT,2
ACTATAAGAGGGGTTG,2
ACTATACCAAACGTTT,2
ACTATAGATAAGAACA,2
ACTATAGTATCAACAA,2
ACTATCACAGCGGTTT,2
ACTATCCCAGAAGGGA,2
ACTATCCCCGAAGGTA,2
ACTATCCCCGAAGTGA,2
ACTATCCTGAAACAAA,2
ACTATCGCAACGATAA,2
ACTATCGCCCAATAGT,2
ACTATCGGAGTAACGC,2
ACTATCTGCTTCTGTT,2
ACTATGATGCCTAGTT,2
ACTATGCCACACATAC,2
ACTATGCCACGCATTC,2
ACTATGCCGAAGCACA,2
ACTATGGATAACTACA,2
ACTATGTTATGGGCGG,2
ACTATGTTTACCTAAC,2
ACTATTAAACAGATCC,2
ACTATTAATGCACAAG,2
ACTATTACCCTTTCGG,2
ACTATTCTAAGCTGAT,2
ACTATTGCCCATTCGG,2
ACTATTGGGCAATCAC,2
ACTATTTGGCCTATCG,2
ACTCAAACGGTAGACT,2
ACTCAAAGAAGTGATG,2
ACTCAAATGTCCTACC,2
ACTCAAGGACTTATGG,2
ACTCAATAGATCGATT,2
ACTCAATCTACAGTCA,2
ACTCACGAACTACTAA,2
ACTCACGAGAACTAAG,2
ACTCACGTCTTGCCAT,2
ACTCACTCCCTGCTGC,2
ACTCAGAACAGTACCT,2
ACTCAGCGACTTTACC,2
ACTCAGGCTTATACAC,2
ACTCAGTAAGATTTGG,2
ACTCAGTCTAGGGTAT,2
ACTCAGTGATTACCAT,2
ACTCAGTGCCTTTACC,2
ACTCAGTTACCAGATA,2
ACTCATCGCCTTTACC,2
ACTCATGGACTATACT,2
ACTCATTGATTCCCAT,2
ACTCCAAAATCTTATG,2
ACTCCAACCCAAACGC,2
ACTCCACAAAGACTGG,2
ACTCCACATCCATTGT,2
ACTCCACCTTCTGTTT,2
ACTCCACTGACGCAAC,2
ACTCCAGAAAAGTCAA,2
ACTCCATCGTATGGAG,2
ACTCCCAATCTCACCG,2
ACTCCCAATTAAGAAA,2
ACTCCCGAGTGTGACA,2
ACTCCCGGGTGTTACA,2
ACTCCCTACTGAAACT,2
ACTCCCTTCCATGAGA,2
ACTCCGATTATTCCAA,2
ACTCCGTGCTAATGTA,2
ACTCCTACCGGGTAAC,2
ACTCCTGAAAAAAAAC,2
ACTCCTGCTTTATATG,2
ACTCCTGTACGAGTAC,2
ACTCCTTACACCAAGG,2
ACTCCTTGGACATTTG,2
ACTCGAATAGTGATCC,2
ACTCGAATCTGTGAAA,2
ACTCGAATTATGTATA,2
ACTCGACGTATAAAAA,2
ACTCGATCGGTCTGGC,2
ACTCGCAATGACCATC,2
ACTCGGACAATGAAAA,2
ACTCGGACGCTCTTAA,2
ACTCGGATATTAAAGT,2
ACTCTAAATGGTTCGC,2
ACTCTAACCAAGCTGT,2
ACTCTAGCCTTATCAC,2
ACTCTAGGACTTCTGG,2
ACTCTCATGAACACTT,2
ACTCTCATTTAATACC,2
ACTCTCCATAGCAGAT,2
ACTCTCGTCAATGGGT,2
ACTCTCTGAGTATGAT,2
ACTCTGAAAAGTCAGC,2
ACTCTGAGACGTACAA,2
ACTCTGGGGTCTTAAG,2
ACTCTGTTAGATTCAT,2
ACTCTTAGTAATGAAC,2
ACTCTTATGTGCAACA,2
ACTCTTCTTCGCACTC,2
ACTCTTGAAAATCACC,2
ACTCTTGAGAGCAGAA,2
ACTCTTGAGAGGAAAA,2
ACTCTTTGAGATTCAT,2
ACTGAAAACTAAATCG,2
ACTGAAAACTCAATAG,2
ACTGAAATGATCTGCC,2
ACTGAACGGTAAGACC,2
ACTGAATAGTGAGTAT,2
ACTGAATTCACGGGGA,2
ACTGAATTCTAAAGCA,2
ACTGACAAGGGCTACC,2
ACTGACGAGTATACGA,2
ACTGACTAAAAGGTTC,2
ACTGACTCTATAGGAC,2
ACTGAGAATGGGCTTC,2
ACTGAGATCGATCTCT,2
ACTGAGCAGGCAACGT,2
ACTGAGCTATACTAAA,2
ACTGAGTATACTATCG,2
ACTGATAATTGAAAAT,2
ACTGATACACACGAAG,2
ACTGATAGTAACACGA,2
ACTGATATAGCCTTAA,2
ACTGATCTTGATGAAA,2
ACTGATGAACCCTTGG,2
ACTGATGAGTGCCACA,2
ACTGATTAAGGAAGTC,2
ACTGATTCTAATGTCA,2
ACTGCAAGGAACACAA,2
ACTGCACATAACTTAA,2
ACTGCAGCAACTAATA,2
ACTGCCATTTCGCTAC,2
ACTGCCCCCATATCAA,2
ACTGCCCCTCAAACTT,2
ACTGCCTATGTGTAAA,2
ACTGCCTTAAATTACC,2
ACTGCGTCAAACCATA,2
ACTGCTAAAGAACTAA,2
ACTGCTCAGGTTCCAC,2
ACTGCTGAGTTCCACA,2
ACTGCTTAACGACTGT,2
ACTGGAAAAAATGCCC,2
ACTGGACATCGACCAT,2
ACTGGACTAAATATAC,2
ACTGGAGGAGCAGGAG,2
ACTGGCAAAAGAACTG,2
ACTGGCATAACGAGAA,2
ACTGGCGAACCCTTGG,2
ACTGGCGTACCGCCTC,2
ACTGGGAACAATGCCC,2
ACTGGGAAGGAAACAC,2
ACTGGGACCTAAGAGC,2
ACTGGGGTACAATAAC,2
ACTGGTAAAAATCTGG,2
ACTGGTACGTGGAGTA,2
ACTGGTATAACCACTA,2
ACTGGTGAACCCTTAG,2
ACTGGTTTATTAAGCT,2
ACTGGTTTTGTGGACA,2
ACTGTAAAGTCCTACA,2
ACTGTAAGCCATAACA,2
ACTGTAAGCCATCGCA,2
ACTGTAGCCTCTGGGT,2
ACTGTCAGCCCTAAAA,2
ACTGTCATTGTAATGA,2
ACTGTCTCAGTTATAT,2
ACTGTGACAGATTTCC,2
ACTGTGACATGTGTGT,2
ACTGTTATACGGTGAT,2
ACTGTTCACGATTTAA,2
ACTGTTTAAAAGTTAA,2
ACTTAAATACAGGACA,2
ACTTAACGTTGTCATA,2
ACTTAACTTTGTCCTA,2
ACTTAAGTCATTAAGG,2
ACTTAAGTGTAGTCTA,2
ACTTAATTACACGGCA,2
ACTTACAAATTCTTAC,2
ACTTACAACCCCATAG,2
ACTTACAGCAATCATC,2
ACTTACAGGAATCCCA,2
ACTTACCAATGTAAGG,2
ACTTACGAGTCACGAA,2
ACTTACTAGCCAACTT,2
ACTTACTATCCATCCG,2
ACTTACTATGGCTTGG,2
ACTTAGAACTAAGTAT,2
ACTTAGGCCTCCCCGA,2
ACTTAGGGACTCTGAA,2
ACTTATAAACGCTTGG,2
ACTTATAAGCACGATC,2
ACTTATGAACTGTTAA,2
ACTTATTAAAGTAATC,2
ACTTATTCCTTAACTA,2
ACTTCAAACATTAAAA,2
ACTTCAATACTAAACT,2
ACTTCACACACATTAC,2
ACTTCACTTCATGACT,2
ACTTCATCTGAACGCA,2
ACTTCCAACACCATAG,2
ACTTCCAGAGGGCACG,2
ACTTCCATAAAGCAAC,2
ACTTCCCCCGAGAACA,2
ACTTCCTCTGATAAGA,2
ACTTCCTTACCGCCAC,2
ACTTCGCTTAGAACCA,2
ACTTCGGGAATCTGAA,2
ACTTCTCAGCGCCTCG,2
ACTTCTGAAAACGTCA,2
ACTTCTGTGGGATTCA,2
ACTTCTTGATCCATAA,2
ACTTGAACAGATGCCA,2
ACTTGAAGGCATGGAA,2
ACTTGAATGTCCTACC,2
ACTTGACCAGTCATTA,2
ACTTGAGCCATTATTA,2
ACTTGATGGATCATTG,2
ACTTGCATACCAGCCA,2
ACTTGCCGGAGACATC,2
ACTTGGATTTGAATGA,2
ACTTGGGTATTATATA,2
ACTTGTCGGAGACATA,2
ACTTGTCGTAGACATC,2
ACTTGTCTGCTAATAA,2
ACTTGTCTGGTTTAAA,2
ACTTGTGATTGTAGTC,2
ACTTTAAAACAAATAA,2
ACTTTAAAATATTCCA,2
ACTTTAAACTATTACA,2
ACTTTAAACTTTTCCA,2
ACTTTAAAGTATTCCA,2
ACTTTAACGTGATTAA,2
ACTTTAATGGACTTTG,2
ACTTTACCACATAAGT,2
ACTTTATATAATTACA,2
ACTTTCAGTACGTCAA,2
ACTTTCATCTGGCTCG,2
ACTTTCATTCCTGCCA,2
ACTTTCTAGCAAAAGT,2
ACTTTCTATGTGCCAA,2
ACTTTGAGGGTCCCCA,2
ACTTTGGACTCTCAAT,2
ACTTTGGAGGCTCAAT,2
ACTTTGGCCCTACAAA,2
ACTTTGTACTTTCCTG,2
ACTTTGTGGCAAAAAT,2
ACTTTTCCATATGAAT,2
ACTTTTCCATATGACC,2
ACTTTTTACTGTCCTG,2
AGAAAAAAAATTACAT,2
AGAAAAACAAAAAGTG,2
AGAAAAACAAACATTC,2
AGAAAAACAAGACCAT,2
AGAAAAAGCACCATTA,2
AGAAAAATAAAGGCAT,2
AGAAAACAGACTGACC,2
AGAAAACCAGGAATGT,2
AGAAAACTGATAGGAA,2
AGAAAAGACTGTTTAA,2
AGAAAAGCAATTAATT,2
AGAAAAGGCAATTTCG,2
AGAAAATAAACTGACC,2
AGAAAATAATAACCAG,2
AGAAAATATTTACCTT,2
AGAAAATCAGAGCGAT,2
AGAAAATCTTACCCAA,2
AGAAAATGATCAAACC,2
AGAAAATTGTCCGTAA,2
AGAAAATTTTACCCCA,2
AGAAACAAACGGGCGA,2
AGAAACACGAATTTCA,2
AGAAACACTTGGACTA,2
AGAAACCATAGAGCAC,2
AGAAACGCAAGCCTAA,2
AGAAACGCAATCCGAA,2
AGAAACTAAGGATATA,2
AGAAAGAAAAGAGATA,2
AGAAAGAAAGTAACAA,2
AGAAAGAAGGTCACAA,2
AGAAAGATACCATAAT,2
AGAAAGCCCCAAAGAT,2
AGAAAGCTCGCAAAGT,2
AGAAAGCTCTACGATA,2
AGAAAGGAAAGGTTTG,2
AGAAAGTAGGACAAAA,2
AGAAAGTCTCAAAATC,2
AGAAAGTGGTCTACCC,2
AGAAATAAGTCTGAAC,2
AGAAATAATAGGATAT,2
AGAAATAGAACAAATA,2
AGAAATATCCATAGGC,2
AGAAATCCTAGAAGCA,2
AGAAATCGGAACGGCT,2
AGAAATGAGAATGACA,2
AGAAATGAGCACATCC,2
AGAAATGCGTTATATG,2
AGAAATTAGACGGTCT,2
AGAAATTGCTTCCCCG,2
AGAACAAAATGCTTTG,2
AGAACAATGTTTTTCT,2
AGAACAATTTCCGAAA,2
AGAACACAACACACCC,2
AGAACACAAGAACTAA,2
AGAACACAGCAAGTAC,2
AGAACATCAACATCAC,2
AGAACATGAAAGCTAA,2
AGAACCAAATGTAACT,2
AGAACCCAAACCCAAA,2
AGAACCTAGAAGATAA,2
AGAACGAATCTTCAAC,2
AGAACGTAACAACGAA,2
AGAACGTCTGACGGTT,2
AGAACGTTAGAGAATC,2
AGAACGTTGATTAACA,2
AGAACTCAAAATGTAC,2
AGAACTGCATATAATG,2
AGAACTTGACGACGCA,2
AGAAGAAATAACATGA,2
AGAAGAAATATAGACA,2
AGAAGAATCGTGGTTA,2
AGAAGAATCTAGAGCG,2
AGAAGACCTGTGTGAT,2
AGAAGACTCCCAGCTC,2
AGAAGAGATACGGCAC,2
AGAAGAGTAATTACTC,2
AGAAGATATCCAAACC,2
AGAAGATTATAAGTTC,2
AGAAGATTGGGCTGAG,2
AGAAGATTTAAATGAC,2
AGAAGATTTTCAAAAT,2
AGAAGCAAGGGATAAA,2
AGAAGCCAAAACATAA,2
AGAAGCCAGATCTTCA,2
AGAAGCCCTGAGGTCT,2
AGAAGCCTATAGCCAA,2
AGAAGGCATCTAATGA,2
AGAAGGCTTGATTCAC,2
AGAAGGGCCAACTGGA,2
AGAAGTCAATAACGGC,2
AGAAGTTGGTCTTGCT,2
AGAAGTTTGTATTTGT,2
AGAATAACCCGTTTAC,2
AGAATACAATCTACGC,2
AGAATACATACACCAA,2
AGAATACCCTCAAAAT,2
AGAATACCGACTGTAC,2
AGAATACCTGAGGAGG,2
AGAATACGCCGAAAGA,2
AGAATAGAATTTAGGG,2
AGAATAGATACTAATC,2
AGAATAGTACAAGGAC,2
AGAATAGTACAATCAT,2
AGAATATATTAAGAAA,2
AGAATATCTCTACAAC,2
AGAATCAACCAAGCAA,2
AGAATCAATCGTTCAC,2
AGAATCACTTCATTTA,2
AGAATGAAAGACTATG,2
AGAATGACGTCCTTAG,2
AGAATGAGACATTAGC,2
AGAATGATACGGTCCT,2
AGAATGATGTAGAACT,2
AGAATGCAAAGCAAGA,2
AGAATGCACGAACCCG,2
AGAATGGTAGTGATCC,2
AGAATGTGGACTGACA,2
AGAATGTTAGAAAAAA,2
AGAATTCAGTGATTTT,2
AGAATTCCAGTGACGG,2
AGAATTCTAAAATACA,2
AGAATTGACGATATAC,2
AGAATTGCGGATATAC,2
AGAATTGTCTCTACGA,2
AGAATTTACGAGGACA,2
AGAATTTGGTCTGGCT,2
AGACAAAACAGTCTAT,2
AGACAAACAAAATTAC,2
AGACAAAGGCCATAAA,2
AGACAAATAGCAAGCA,2
AGACAAGCGTCATGAT,2
AGACAAGGAATCATTC,2
AGACAATCTCCAAGCC,2
AGACAATGGATCATTC,2
AGACAATGTAGAATAT,2
AGACAATTTAGCAAAC,2
AGACACACACAAAGTT,2
AGACACACGCTCATAG,2
AGACACGTACTTCACT,2
AGACAGATATTTCGTA,2
AGACAGGTAATCACTT,2
AGACATAACAACTTAA,2
AGACATAGTAATTTAA,2
AGACATATTAGATAAA,2
AGACATGATTCAAGTC,2
AGACATGCCTCAAAGA,2
AGACATTAAGAATAAG,2
AGACATTACCCAAAAG,2
AGACATTGATAACCAG,2
AGACCAAAAGTACCCC,2
AGACCAAACACCAACA,2
AGACCAACATGTGTAA,2
AGACCAATCAAGAGAG,2
AGACCAATCTTGAGAA,2
AGACCAATTAGACAAC,2
AGACCACATCAGCGTG,2
AGACCACCGTGATCAA,2
AGACCACTATCTAACT,2
AGACCACTTTTTCCCT,2
AGACCAGGGATTCCGC,2
AGACCATACAGAGCGA,2
AGACCCAAGATAGGGC,2
AGACCCAATATATGGC,2
AGACCCCGTCAAACGA,2
AGACCCGGCAGCTGCG,2
AGACCCTATCAAACGA,2
AGACCCTCAAAGACAG,2
AGACCCTGATCTTAAG,2
AGACCGAGTGCTGACA,2
AGACCGTCTGACGTTT,2
AGACCGTCTTACGGTT,2
AGACCGTGCATAAAGA,2
AGACCTAAGAAAAGTT,2
AGACCTACCTCAAAGA,2
AGACCTCTTAGCCTTG,2
AGACCTGACTCAAAGA,2
AGACCTTCTGACGGTT,2
AGACGAACAATTTAAC,2
AGACGAATGACGTGTA,2
AGACGAATGAGATACC,2
AGACGACACAACTACA,2
AGACGACCCACTATTA,2
AGACGAGATCCTTCAA,2
AGACGATACAAAAATC,2
AGACGATAGTAATATT,2
AGACGCGCTCCGTGCC,2
AGACGGACTAGAAAAT,2
AGACGGCAATTTAAGT,2
AGACGGGTATAATACC,2
AGACGGTAATAGTAAG,2
AGACGTCACTTAGCTA,2
AGACGTGAACTGCAGT,2
AGACGTTAATATTTAC,2
AGACTAACATCACATG,2
AGACTAACTAACAACA,2
AGACTAACTGGTTTTA,2
AGACTACACAGGACTG,2
AGACTACATGCCTTTT,2
AGACTACTCCCATTAC,2
AGACTAGAACATCAAC,2
AGACTAGGTAATCTAT,2
AGACTATCAGTATACG,2
AGACTATGATGCATAA,2
AGACTCCAACACCATG,2
AGACTCCACGACCCGA,2
AGACTCGAACATAAAC,2
AGACTCGGCAATATCG,2
AGACTCTAATATCATC,2
AGACTCTAATGCAACT,2
AGACTGAACAAAATAA,2
AGACTGCCGACGAATC,2
AGACTTAAAAACCTAA,2
AGACTTATTACTAATT,2
AGACTTTATATGAATT,2
AGAGAAAATGGCGATC,2
AGAGAAAATGTGAAAC,2
AGAGAAACCTATCGCG,2
AGAGAAACTTCCCAAT,2
AGAGAAACTTCCCACC,2
AGAGAACCCATGAGGC,2
AGAGAATACGGACCGC,2
AGAGAATAGATATTGG,2
AGAGAATCGCCGCAAG,2
AGAGACAAATCAAGAT,2
AGAGACAAATGATCTA,2
AGAGACACTCAAGGAT,2
AGAGACATAGGAAAAT,2
AGAGACCGAGCGTTAT,2
AGAGACCTCCAACCTT,2
AGAGACCTCCCATCTT,2
AGAGACGAGATATAGA,2
AGAGACGGGCGGAACC,2
AGAGAGACAGTGGAAA,2
AGAGAGAGACAATAAC,2
AGAGAGTGTGACACTC,2
AGAGATAACAAAATTA,2
AGAGATAACCCCAACT,2
AGAGATAACGAATCAC,2
AGAGATAATGGATACA,2
AGAGATCGAACCCTCA,2
AGAGATCGATTCCAAA,2
AGAGATGAATTAGAAT,2
AGAGATTCACACACTG,2
AGAGATTCCGGGTTTC,2
AGAGATTCCTTGCACA,2
AGAGATTGCACCCTCA,2
AGAGCAAGAAGTTAAG,2
AGAGCACACATTCAAA,2
AGAGCACTAATCCGAA,2
AGAGCAGAATTAACGT,2
AGAGCAGCAGCTAAAA,2
AGAGCATATAAAACCA,2
AGAGCATCGCCGAAAG,2
AGAGCATCGCCGTAAG,2
AGAGCATCGCTGCAAG,2
AGAGCATCTCAAAATA,2
AGAGCATCTCCGCAAG,2
AGAGCCAATTTAGGAC,2
AGAGCCAGACAGGAAA,2
AGAGCCATTGAACAAT,2
AGAGCCCTGCTACAAT,2
AGAGCCTCCTACGCCA,2
AGAGCGACTAGAATTC,2
AGAGCGATACCATTAA,2
AGAGCGCCCCGCGAAG,2
AGAGCGGCAACTACCG,2
AGAGCGTCTGGGCTAG,2
AGAGCTAACCGGCTAT,2
AGAGCTAGGCTGTGTG,2
AGAGCTCAGCAATCAA,2
AGAGCTTAACCACAAT,2
AGAGGAAAAGATACAA,2
AGAGGAAAGCCAAATG,2
AGAGGAAATGACGTTA,2
AGAGGAACTTCCCACT,2
AGAGGAATCATCACAA,2
AGAGGACATATATTCA,2
AGAGGCAGAAGAGTTT,2
AGAGGCCATGTTGGAT,2
AGAGGGAGCTCACCAA,2
AGAGGGCCTCGAATGC,2
AGAGGGCTGAATCGCC,2
AGAGGGGAACAGTAAT,2
AGAGGTTTAATCCCTT,2
AGAGTAAACTTCTATT,2
AGAGTAAGCTGGATAA,2
AGAGTACAGAGACAAT,2
AGAGTACCAACCAGAA,2
AGAGTATATCAAATGG,2
AGAGTATCAAGCATTA,2
AGAGTATCGCCGCAAG,2
AGAGTCAACCGATTCG,2
AGAGTCAGTTCATCAA,2
AGAGTCGAATACACTT,2
AGAGTCTAATTCCACA,2
AGAGTCTCAAGAATTA,2
AGAGTCTGAGTATGCA,2
AGAGTGAAAAGAAAAG,2
AGAGTGAAGAATACTT,2
AGAGTGATACCATTAA,2
AGAGTGGAATACATAA,2
AGAGTGGACCACTGCT,2
AGAGTGGCTGATCATG,2
AGAGTTAGCTATCCCA,2
AGAGTTCATCTACCGT,2
AGAGTTGACCTAAGTG,2
AGAGTTTAAAATTCAT,2
AGAGTTTACAAATATA,2
AGAGTTTTGTGGAACT,2
AGAGTTTTTTGGAAAT,2
AGATAAAAATGATATT,2
AGATAACACATTCTCC,2
AGATAACAGTCAAATC,2
AGATACATTAATTAGC,2
AGATACCGTATTGACA,2
AGATACGACTACATAC,2
AGATACTACCAAAACA,2
AGATAGACACGTGACC,2
AGATAGCAAACAAGTC,2
AGATAGCCACATTTTA,2
AGATAGCGAATGTTGA,2
AGATAGTACACGAGAA,2
AGATAGTCCATCCAAA,2
AGATAGTGAATGTTGC,2
AGATATAACTCTAGAC,2
AGATATAATAAGCTTT,2
AGATATACGTGGTAAG,2
AGATATAGCCCCTAGT,2
AGATATAGGCTAGTAA,2
AGATATATATTCAGGC,2
AGATATATTATCTCTA,2
AGATATATTGCTGATG,2
AGATATCAGCATGCGG,2
AGATATCCCATACTAA,2
AGATATTCAAGTAGCA,2
AGATATTTCGGACAAC,2
AGATATTTTCGATTAT,2
AGATCAAAGTTAACAA,2
AGATCACACATATTTC,2
AGATCACGGAAGACCA,2
AGATCAGAACCGACTG,2
AGATCATGCGGCGCAA,2
AGATCCGTTAATCGAG,2
AGATCGATTGAAACTA,2
AGATCGTATATAAAAA,2
AGATCGTATCATGTAT,2
AGATCTATGAACCTGA,2
AGATCTCAGGAATCCT,2
AGATCTGACCGCTGCA,2
AGATCTTAAGAAACAA,2
AGATCTTGTAATCAGA,2
AGATGAAAAACACACC,2
AGATGAAAAACACCAC,2
AGATGAAAAACACGCC,2
AGATGAAAAACGCCCC,2
AGATGAAAAATCTAGA,2
AGATGAAAAGCACCCC,2
AGATGAAGAAAGCGTT,2
AGATGACAAGAGACAA,2
AGATGACCACATTTTA,2
AGATGACGCCAAGCAA,2
AGATGATACAATTGTC,2
AGATGATATTGTACCA,2
AGATGATGCCTAATGG,2
AGATGATGTAAGCGAT,2
AGATGCCCACATTTTA,2
AGATGCGACTCAGCAT,2
AGATGCTCACGGCCAG,2
AGATGCTTTCCCCAAA,2
AGATGGACACATTTTA,2
AGATGGATACCATTAA,2
AGATGGCCACATTTTT,2
AGATGGCTGTAGCCTT,2
AGATGGTAAAATCAAC,2
AGATGTATGCGTGTCA,2
AGATGTCCAAATAGAT,2
AGATGTGAAATATCAT,2
AGATGTTAAGAGCTTC,2
AGATGTTAGAAATATA,2
AGATGTTTACGATGAG,2
AGATGTTTATATTAAA,2
AGATTAAACTATTTTA,2
AGATTAAAGTACGTCC,2
AGATTAACACCTCGCT,2
AGATTACCAAGCTCGT,2
AGATTACTTACGGGCA,2
AGATTAGAGCTTCAAG,2
AGATTATATGACAATA,2
AGATTATTCTGAAAAC,2
AGATTCAGAGATAAGT,2
AGATTCATGCTGATTA,2
AGATTCCAAACTATAT,2
AGATTCCCCATCTGTC,2
AGATTCCGCCTCTTTG,2
AGATTCTCAAATACGG,2
AGATTGAACCATGCGT,2
AGATTGATCCTCTGTT,2
AGATTTAGAAGCCTAA,2
AGATTTAGCATCCTAA,2
AGATTTATCAGCCTAA,2
AGATTTCGGCATAATT,2
AGATTTCTAAAAGCGA,2
AGATTTGGCAGCCTAA,2
AGATTTTCCAGCCGTG,2
AGATTTTTAAAAGAAA,2
AGCAAAAAAATGGCAA,2
AGCAAAAAATTCAGCC,2
AGCAAAAACTTCGGCC,2
AGCAAAAAGGCGCTTA,2
AGCAAAACCCCTACAG,2
AGCAAAAGACCAAATA,2
AGCAAACACCTCGCCT,2
AGCAAACCAAGAGACA,2
AGCAAAGTAAGGGTAC,2
AGCAAATCTACTCACT,2
AGCAACAATTAGATCC,2
AGCAACACAATATTAG,2
AGCAACATGTGACAAT,2
AGCAACCATAGATCAC,2
AGCAACCATCCTAGGG,2
AGCAACGGCCTCCCCA,2
AGCAACTAATTTTAAC,2
AGCAACTATATCATAA,2
AGCAACTGAGAGAGAC,2
AGCAAGCTTAAAAATG,2
AGCAAGTATCTCTGTC,2
AGCAATATCATAACAG,2
AGCAATCAACCTAATT,2
AGCAATCTAAATCCTC,2
AGCAATGGAGGCAGTT,2
AGCAATTATAAGAGAA,2
AGCACAAGATACCCTA,2
AGCACAAGTCCTATTG,2
AGCACAATAAACGATC,2
AGCACACCGTATTGTA,2
AGCACAGAGTAATAAG,2
AGCACCAACACAACAG,2
AGCACCAAGGTTAAAA,2
AGCACCACAACGAGAG,2
AGCACCCACACTCTAC,2
AGCACCCCTTATCGGG,2
AGCACCTATTCAAAAC,2
AGCACCTCCAGGCTCC,2
AGCACCTCCGAGTACT,2
AGCACGAATCTTCAAA,2
AGCACTACTGCCATTC,2
AGCACTATGAAAAAGG,2
AGCACTCTGGTCCAAG,2
AGCACTGCCGAGTACT,2
AGCAGAAATCAAAATT,2
AGCAGAACTGAAAACT,2
AGCAGACAAAAACCAA,2
AGCAGACCCCGCATTG,2
AGCAGACTGTCTAACT,2
AGCAGAGTAATAGAAA,2
AGCAGAGTTCTGTATT,2
AGCAGCAATTCGTAGA,2
AGCAGCACTGACCAGC,2
AGCAGCCTGAATATAT,2
AGCAGCCTGAGTATAT,2
AGCAGGCGGGCTTTTG,2
AGCAGTAAAACCATCC,2
AGCATAAAATATTACA,2
AGCATACCCCGATCAT,2
AGCATACTAGTAATAA,2
AGCATAGTCCTGCCGT,2
AGCATCAACAATAATT,2
AGCATCACATATGATA,2
AGCATCATAACCATAC,2
AGCATCATATAGACGC,2
AGCATCCCCAGATTAA,2
AGCATCCGAAACAGAC,2
AGCATCGTACTGCCGT,2
AGCATCGTATCCAAAA,2
AGCATCGTCATGCCGT,2
AGCATCGTCCTGCCAT,2
AGCATCGTCCTGTCGT,2
AGCATCGTGCTGCCGT,2
AGCATTCCTGTCCATA,2
AGCATTCTCTGACGAC,2
AGCATTGGTCATGAGC,2
AGCATTGTTAAACTTT,2
AGCATTTGATGCGGAC,2
AGCCAAAAAGTCCACA,2
AGCCAAACTCTATTGA,2
AGCCAAATCTATCACG,2
AGCCAACTCTAGAATG,2
AGCCAACTGTAAAAAA,2
AGCCAAGAATATGCTT,2
AGCCAAGCGTCACGAT,2
AGCCACATCAGCTCAA,2
AGCCACCGAGCTCCAA,2
AGCCACCGTATTGAAG,2
AGCCACGGACTCCCCA,2
AGCCAGGCTTAAGCCC,2
AGCCAGTTAAATATAC,2
AGCCATAACAATACCA,2
AGCCATACGACGTTTA,2
AGCCATACGATTACAC,2
AGCCATAGCCAATCTT,2
AGCCATCCCGTATTGA,2
AGCCATTCCACCGATA,2
AGCCCAAAATATTCTA,2
AGCCCAACGAAGGCCA,2
AGCCCAACTAAGTCCA,2
AGCCCACCTCTTACAG,2
AGCCCACTCTCGCGAC,2
AGCCCATCGCTAACTG,2
AGCCCATTCGCCCACA,2
AGCCCATTCGTAATCA,2
AGCCCATTCGTCATCT,2
AGCCCATTCTCCTACA,2
AGCCCCGACAAGAGGG,2
AGCCCCGTTAACCAAC,2
AGCCCCTCACGTGTAG,2
AGCCCGTAACTTGAAT,2
AGCCCGTCCAAAGATC,2
AGCCCTAACTTCTCCT,2
AGCCCTCCCCACCACC,2
AGCCCTCGAATAAGGC,2
AGCCCTTACATGCCAA,2
AGCCGAAAGAGTTGAA,2
AGCCGACGATTCCTCC,2
AGCCGACTAAGCCGAC,2
AGCCGATTTGCCAGAA,2
AGCCGCTCAGTAACGC,2
AGCCGGAAAATTCAAC,2
AGCCGGAAGTAGGTCC,2
AGCCGGTAGCGAGCGA,2
AGCCGTAACACACACA,2
AGCCGTAGACGTAACA,2
AGCCGTATCCTACGAT,2
AGCCGTCCAACCTTTG,2
AGCCGTCGACGTAACG,2
AGCCGTTACAGATTAT,2
AGCCTAAAAATTAGAG,2
AGCCTAAACAGAAAAC,2
AGCCTAAGCTAAGAAA,2
AGCCTACATAGTAATT,2
AGCCTACCTGATATAA,2
AGCCTATAACTTGAAT,2
AGCCTCAAGTTTAGCA,2
AGCCTCCAAGAGCGTA,2
AGCCTCCACGACCCAA,2
AGCCTCCCAGGCACTA,2
AGCCTCTATATAACTA,2
AGCCTCTGACATCTTA,2
AGCCTGAAGTCCGCCA,2
AGCCTGAGACCTGCAC,2
AGCCTGCCATATACTA,2
AGCCTGCCATATCCCA,2
AGCCTGGTTATCGTAT,2
AGCCTGTATTTAGATT,2
AGCCTGTTACGGGAAA,2
AGCCTTAAGTGACCTA,2
AGCCTTACTACCTACA,2
AGCCTTATACCAAATA,2
AGCCTTATACTAAAGA,2
AGCCTTCATCTCTGAC,2
AGCCTTGCAAATGACT,2
AGCCTTTAACTTGAAT,2
AGCGAACCCCCAACAG,2
AGCGAACTAACATGGA,2
AGCGAACTACAATGGA,2
AGCGAAGATCAATGCT,2
AGCGAAGATGGCTAGC,2
AGCGAATACATAATAT,2
AGCGACACACGCTGAA,2
AGCGACTTTTATCCCC,2
AGCGAGAAAGTGGAAA,2
AGCGAGAGTTACACCA,2
AGCGAGCCAATATTAA,2
AGCGAGTAAAACTAAG,2
AGCGATGCCTTCCAAC,2
AGCGCAACTAAAGGAG,2
AGCGCACATTCGTTGC,2
AGCGCACCCCCTAGAA,2
AGCGCCTTGGAGGCCA,2
AGCGCGGAGGATCTAA,2
AGCGCTACGCAGTAAT,2
AGCGCTCTGAGTCATT,2
AGCGCTTATCCCCAAT,2
AGCGGAACTAAAGTAG,2
AGCGGAATGGCTAGAG,2
AGCGGACGTCAGACGC,2
AGCGGATTAGGAATAA,2
AGCGGCTCCCGCTCAT,2
AGCGGGAGTAGCACTA,2
AGCGGGATGAATCGCC,2
AGCGGGCTGAATCGAC,2
AGCGGGCTTCTAATGC,2
AGCGGTTTTACTAACA,2
AGCGTAAAACAACCAA,2
AGCGTAAGCGAATGCT,2
AGCGTATAGTAGATAG,2
AGCGTCGTCCTGCCGT,2
AGCGTCTTGAAATCTC,2
AGCGTGAAACAACAAA,2
AGCGTGAAACAACCTA,2
AGCGTGAAACAACTAA,2
AGCGTGAAGCAACCAA,2
AGCGTGATTAGGCCCA,2
AGCGTGCTGAATCGCC,2
AGCGTGTCCGAAATAC,2
AGCGTTATTCAAGTTG,2
AGCGTTGTAACAGTAC,2
AGCGTTTCATCCGAAC,2
AGCTAAACCAACATGC,2
AGCTAAACTAACAACC,2
AGCTAACAGTAAAACC,2
AGCTAACATATCTCAT,2
AGCTAACCATACCTAA,2
AGCTAACTGGGATAAA,2
AGCTAGCGAGTCTGAG,2
AGCTAGGATAATATAG,2
AGCTAGTTTAAATACC,2
AGCTATAACTAATCTT,2
AGCTATACGGTACCAT,2
AGCTATTCGATAGTAA,2
AGCTATTTTAAATACG,2
AGCTCACAGATATTTC,2
AGCTCAGGTGAATTCA,2
AGCTCAGTATGATTTA,2
AGCTCAGTATGTTTTA,2
AGCTCATTATGCTTTA,2
AGCTCCAATGCACTGG,2
AGCTCCAGTTACGGAA,2
AGCTCCATAGCAATGA,2
AGCTCGAGACTACTTG,2
AGCTCGGCCTAAACCT,2
AGCTCGGGTCAAGACT,2
AGCTCTAAATACCGAA,2
AGCTCTAACAACCGAA,2
AGCTCTAACTACTGAA,2
AGCTCTAGTGGGAAAA,2
AGCTCTTAAGACACAT,2
AGCTCTTCGATGTTAA,2
AGCTGCAATGCTGGAA,2
AGCTGCACTTAAAATC,2
AGCTGGATAACCATCT,2
AGCTGTATTCCTCAGG,2
AGCTGTCTCTTCTGGC,2
AGCTTAATTCAACCTA,2
AGCTTCATATAACATC,2
AGCTTCCTAGGTTAAT,2
AGCTTCGTAGACTAGC,2
AGCTTGAAGTTTAGGA,2
AGCTTGCTAATGACTG,2
AGCTTGGCGGGGACGA,2
AGCTTGGGCGTAAGGA,2
AGCTTTCCTAGAGACC,2
AGCTTTCTATACTAAC,2
AGCTTTGACACGCCGA,2
AGGAAAAATCGATTCA,2
AGGAAAAATCTGACGA,2
AGGAAAACATGAAAGA,2
AGGAAAATATAAAGTA,2
AGGAAAATCGATGCCA,2
AGGAAAATTGACATAA,2
AGGAAACACGAGAGAC,2
AGGAAACCGTCCTCGA,2
AGGAAACGCAATACAG,2
AGGAAACTAGAGAAAT,2
AGGAAAGCAAAAACTT,2
AGGAAAGTCAACAGAA,2
AGGAAAGTGACGAGCT,2
AGGAAATGATAAAGAC,2
AGGAACAGCAACATGT,2
AGGAACAGCGTATGAG,2
AGGAACCCAAACAAAT,2
AGGAACCGAAAACTAT,2
AGGAACGAGTGCATCA,2
AGGAACTAAACCGGCG,2
AGGAACTGAAATGACA,2
AGGAACTTCATGTAGC,2
AGGAACTTGACGAACA,2
AGGAAGCTTGACTATC,2
AGGAAGGATTGACCTA,2
AGGAAGGGAGTCTGAA,2
AGGAAGGGATTTGAAA,2
AGGAAGTAGCTTGGCC,2
AGGAAGTCGCTTTGCC,2
AGGAATACTAACATAC,2
AGGAATAGATAAACCA,2
AGGAATAGTCTTAAAC,2
AGGAATCCCAATCCCA,2
AGGAATGAAGTATAGC,2
AGGAATTAATTAACTA,2
AGGAATTCACCGTAAT,2
AGGAATTGTATCCCTG,2
AGGACAACTATTCAAT,2
AGGACAATTGAAGACA,2
AGGACACCCAACCGAG,2
AGGACACCCACCCTAG,2
AGGACACCCAGCCGAG,2
AGGACACCTTTAGCCG,2
AGGACACGAAAACTAT,2
AGGACAGCTGTTACCA,2
AGGACATCCGGAACAC,2
AGGACCACAAGCCATA,2
AGGACCCGAAAACTAG,2
AGGACCCTAAAACTAT,2
AGGACCCTGCCTGAAA,2
AGGACGAAATATGATC,2
AGGACGACATCTGTAC,2
AGGACGCAGCGCATTC,2
AGGACGCAGTCAAAAT,2
AGGACGTATCAAACTC,2
AGGACTTGCAAATCCT,2
AGGAGAAAGGAGTATA,2
AGGAGACAATATCCTA,2
AGGAGACCCTATTTTG,2
AGGAGAGTAGTGAGAC,2
AGGAGCCAGGTCAAAC,2
AGGAGCTAAGGATATG,2
AGGAGGACCGTATCCA,2
AGGATAAAACACAGCA,2
AGGATAAAATTGGCTT,2
AGGATAACTTCTCTAA,2
AGGATAAGTTCCTGAC,2
AGGATAATACTGAATC,2
AGGATAATACTTCATC,2
AGGATACAACACAGCG,2
AGGATACCCATCAGAT,2
AGGATACGCGAGAAAT,2
AGGATACTACTGGAGA,2
AGGATCAACTCAGGAA,2
AGGATCAAGTCAGCCA,2
AGGATCATATTCGAGA,2
AGGATCGTCAAAATGC,2
AGGATCTATCTTAACT,2
AGGATCTGACGAGAGA,2
AGGATGCAGAAATCCA,2
AGGATGCATATCCTAC,2
AGGATGTATTTAAATG,2
AGGATGTGCCCATATC,2
AGGATTTAAGGAATCA,2
AGGATTTCCCACCGTT,2
AGGCAAAGGCAATAAA,2
AGGCAATTATTGATCT,2
AGGCACAATTCTGGCT,2
AGGCACAATTCTGGTG,2
AGGCACAGAGAAGAGA,2
AGGCACCCAAAACATC,2
AGGCACTAAACCAGCG,2
AGGCACTTCAGACAGA,2
AGGCACTTTTCTTACC,2
AGGCAGAGTATCAAAT,2
AGGCAGCAAACGAAGG,2
AGGCAGCGATGGAACT,2
AGGCAGCTTTACTATC,2
AGGCAGTCACAGACTG,2
AGGCATAAAGTATCTT,2
AGGCATAAATCATCTT,2
AGGCATGAAATAACTG,2
AGGCATGAAATAATCG,2
AGGCATGGAATATCCC,2
AGGCATGGAATCTCAC,2
AGGCCAAGAAGGACAA,2
AGGCCACCGATGACAA,2
AGGCCCAAACATTCAG,2
AGGCCGAAGTCCGTGG,2
AGGCCGAGAGTACAAC,2
AGGCCGATACAGGAAA,2
AGGCCGATTATTCCAA,2
AGGCCTGTACGAGTAC,2
AGGCCTGTTCGTAAAA,2
AGGCCTTCAAAGAGTA,2
AGGCGAACTTTGGATT,2
AGGCGACAGAGTCCAA,2
AGGCGAGGGACCGATC,2
AGGCGTAAGACATAAA,2
AGGCGTATAGAAAACA,2
AGGCGTATCCCGAACC,2
AGGCGTATGCATCAAA,2
AGGCGTCCATTAATTT,2
AGGCGTCTCTACTTCT,2
AGGCGTGGCAAAAGCC,2
AGGCGTTGAATTAACC,2
AGGCTAGGTCATCTAT,2
AGGCTATAATCTGACA,2
AGGCTATCTAAATCTA,2
AGGCTATCTAATGTCT,2
AGGCTCTACAAAGGTC,2
AGGCTTCTACAATCCG,2
AGGCTTGACACCGTTT,2
AGGCTTGAGAGCTCGA,2
AGGCTTGCCTAGAAAT,2
AGGCTTTAGCCGTCTA,2
AGGGAACCGCGACGTC,2
AGGGAAGATCATATGA,2
AGGGACAAAGAGAAAA,2
AGGGACAGACGCAACT,2
AGGGACGACCATCGCG,2
AGGGACTCGGAGAATA,2
AGGGACTCTAGTGTGG,2
AGGGACTTTGCAAGTA,2
AGGGAGCGTGCCCATA,2
AGGGAGGGTACCAAGC,2
AGGGATACTATTCGAT,2
AGGGATATCTAAGCGG,2
AGGGATATTTAAGCGA,2
AGGGCAGACTGAGGAG,2
AGGGCATTTGCAAGTA,2
AGGGCCAGAAGTTGTA,2
AGGGCCAGACGCAAAT,2
AGGGCCCGAAAACTAT,2
AGGGCCTTTGAAAGTA,2
AGGGCCTTTGAGGCCA,2
AGGGCGAGAAAATCCA,2
AGGGCGCCCACACTAA,2
AGGGCGGCCCCCACAG,2
AGGGCTAAGACCTAGT,2
AGGGGATACCTAACAA,2
AGGGGATACTTTGTGA,2
AGGGGCACCCCAAATC,2
AGGGGCCAGTTTTTAC,2
AGGGGCTATTCGTGGG,2
AGGGGCTCTGGACTAG,2
AGGGGGACCCTGAGTG,2
AGGGGGATAATAGAAA,2
AGGGGTGACGAACCCG,2
AGGGGTTAATTCTTAA,2
AGGGTAACAATTTAAA,2
AGGGTAGAACAGCCAA,2
AGGGTAGAAGTGGATA,2
AGGGTATGCATGAGGG,2
AGGGTATGCCGGCCAC,2
AGGGTATTTAAAAAGA,2
AGGGTCCAGTTTGTAC,2
AGGGTCTTTGCAAGTA,2
AGGGTGGGAAATACCG,2
AGGGTTATACTTCGAC,2
AGGGTTGATATAAACA,2
AGGGTTGGAACTTCGA,2
AGGGTTGTCACACAAT,2
AGGTAAAGGAAGATAA,2
AGGTAACGAAACAGGA,2
AGGTAACTGTTATAAT,2
AGGTAAGCTGAATAAG,2
AGGTAAGGACACAACC,2
AGGTAATAACATAGAA,2
AGGTAATTCAGGTGTC,2
AGGTAATTGACTCCCC,2
AGGTAATTGCCTCCAC,2
AGGTACAATTTGACTA,2
AGGTACCATAGACTGA,2
AGGTACTATTCGAACC,2
AGGTACTTCCACTTCC,2
AGGTACTTGGGACGGT,2
AGGTAGCACTAAGATC,2
AGGTAGTGAGTGATAT,2
AGGTATTAGTCGAACC,2
AGGTATTATTAGAACC,2
AGGTATTATTCGAATC,2
AGGTATTTACATGTTA,2
AGGTCATGCCAGCGGT,2
AGGTCATTTTACTTTA,2
AGGTCCGTAAGGCAGT,2
AGGTCCTTTGCAAGTA,2
AGGTCGATTACTTCGC,2
AGGTCGGGGGCTAGAG,2
AGGTCGGTACGTACTG,2
AGGTCTCATCCTGACT,2
AGGTGATGCAACTTTA,2
AGGTGATGTGTAGACA,2
AGGTGCACGACAAACA,2
AGGTGCACTACAAAAA,2
AGGTGCACTACAAATA,2
AGGTGCATAAAAACTA,2
AGGTGGCAGTTCAACG,2
AGGTGGGTAGTACGCT,2
AGGTGTAAGATCTCTT,2
AGGTGTCAATTCAACG,2
AGGTGTTGAAGCAGAC,2
AGGTGTTGATTTTATA,2
AGGTTAACTCGTAAGG,2
AGGTTCAATACTGACA,2
AGGTTCCAACTCACAA,2
AGGTTCCTACTTGCCC,2
AGGTTCCTCTCCGATG,2
AGGTTCCTGTAATGTA,2
AGGTTGACTAATCGAG,2
AGGTTGCGATACCGCA,2
AGGTTGCGATACGGCT,2
AGGTTTCGATACCGCT,2
AGGTTTCTACCAAATT,2
AGGTTTCTGATAATAA,2
AGTAAAAACGATGCCT,2
AGTAAAAACTATTGCT,2
AGTAAACTAAACCGAC,2
AGTAAATGTTTCATTT,2
AGTAACAAATATGGCC,2
AGTAACATCCGAAGAA,2
AGTAACCACAATACCC,2
AGTAACCTCAAGAATT,2
AGTAACGCCCACCGGC,2
AGTAACTCCCATCGGC,2
AGTAAGCAAGACCGTC,2
AGTAAGCCGGTAATCA,2
AGTAAGCTAAATCGAT,2
AGTAAGGATGTGATGA,2
AGTAATAAACAATCAA,2
AGTAATAAGTAAATTA,2
AGTAATAATTCATAAA,2
AGTAATAGGCGAAGCC,2
AGTAATATAATGTCAA,2
AGTAATCAATCCTTAT,2
AGTAATCCTGACTTAT,2
AGTAATCGATACAACA,2
AGTAATCGCCGCCTAC,2
AGTAATCTAGTCCACA,2
AGTAATGCTGAACACG,2
AGTAATGTAAATAGAT,2
AGTAATTGACTTTCAA,2
AGTAATTTTAAAGCCC,2
AGTAATTTTATCCGAT,2
AGTACACACACACCCT,2
AGTACACCTAACCACC,2
AGTACAGCCGACAGAA,2
AGTACAGGACAATCTC,2
AGTACATGAAAACTCT,2
AGTACATGCAAACGAA,2
AGTACATGCCAAAGAC,2
AGTACCAAATAGACCC,2
AGTACCAACTAGAACC,2
AGTACCAACTGGACCC,2
AGTACCAGATACAGGA,2
AGTACCAGATGGGCTC,2
AGTACCCCTTGCCCAA,2
AGTACCGAAAAGTTTT,2
AGTACCTGTCAGATCT,2
AGTACGACCCACCATG,2
AGTACGCCAGATATCA,2
AGTACTAAGAGAGGTT,2
AGTACTAAGGAAACAC,2
AGTACTAAGTCACATT,2
AGTACTCATAGAAACA,2
AGTACTCTACTCGGCC,2
AGTAGAACCCGGAATG,2
AGTAGAATGCAGTATA,2
AGTAGACTAAATGATA,2
AGTAGACTACCTACAT,2
AGTAGACTCCGTCCAT,2
AGTAGACTTGAAAAAA,2
AGTAGAGACCATGACA,2
AGTAGAGATGTAACCC,2
AGTAGAGCAACATTAA,2
AGTAGAGTACCGACCC,2
AGTAGAGTTGCAGGCT,2
AGTAGATGAAGGTATA,2
AGTAGCAACAGTTAAC,2
AGTAGCACGCTAGTAA,2
AGTAGCACTTAGAGCA,2
AGTAGCCCCATCGGAT,2
AGTAGCCTATCTAGCG,2
AGTAGCCTGACTATAT,2
AGTAGCGTTTACACTA,2
AGTAGGGCGCACAGTA,2
AGTAGGTATCCTGACT,2
AGTAGTAACATGAACA,2
AGTATAAACATCACAC,2
AGTATAAAGCACTATT,2
AGTATAAAGTGACTGA,2
AGTATAACTGCTCTAA,2
AGTATAAGGTACTGAC,2
AGTATAAGTTCCTGCC,2
AGTATAATACTGCATC,2
AGTATACTCCCAGCGT,2
AGTATAGCATGGCACT,2
AGTATAGCGTTATGCA,2
AGTATCAAGTATACTC,2
AGTATCTAAATTCTAT,2
AGTATCTGCGCCCATT,2
AGTATCTTTTTCGAGC,2
AGTATGAACCATACAG,2
AGTATGAATAATTCAC,2
AGTATGCAGTCCCACG,2
AGTATGCCACGCATAC,2
AGTATGTATCCAAACT,2
AGTATTCAACATAACG,2
AGTATTGCATGGCACT,2
AGTCAAAAGGAGAATG,2
AGTCAAACCTGGTTAC,2
AGTCAACGCAATACAG,2
AGTCAAGATGAAGCCC,2
AGTCAATGAACGAATA,2
AGTCAATTTAAAGGGA,2
AGTCACAAACTTTTAA,2
AGTCACAACCGCAAGA,2
AGTCACAACTCTTGTG,2
AGTCACAATTAAAACA,2
AGTCACATATGAATCC,2
AGTCACATGTGCATCC,2
AGTCACCAACATCCTT,2
AGTCACCAAGCTAATG,2
AGTCACGATACTCTAG,2
AGTCACGCTGGATGAC,2
AGTCACGGCCTCCCCA,2
AGTCACGTACACTGAT,2
AGTCACTAAGGAAGCT,2
AGTCAGATGCAAATCT,2
AGTCAGCGCATGAAAA,2
AGTCAGTTCTAGATAG,2
AGTCATAAAAGCGCTG,2
AGTCATAAAGCATCTT,2
AGTCATCTTGAGGCAA,2
AGTCATTACAGTGTAG,2
AGTCCAAAACACACTT,2
AGTCCAAAGTACACTT,2
AGTCCAATGATGTGGA,2
AGTCCCCATCTTGACC,2
AGTCCCCCATAATAGG,2
AGTCCGACACACCATG,2
AGTCCGCGATCTCAAA,2
AGTCCGTAGCAATAAA,2
AGTCCTACCCACCATG,2
AGTCCTACCTCAAACC,2
AGTCCTATAAGGCAAG,2
AGTCCTCGTCTCTATG,2
AGTCCTGAGCAATAAA,2
AGTCCTGGACCTAAAT,2
AGTCGAACCAAGCTGT,2
AGTCGAACTTAATCCA,2
AGTCGACGCAATGACC,2
AGTCGAGTACCGATCC,2
AGTCGATGGCAGGAGG,2
AGTCGATTTTAATCCC,2
AGTCGCTCCAGACCCC,2
AGTCGGAAACTCCTAA,2
AGTCGGCCCGTGACTT,2
AGTCGGTAGACGCCTC,2
AGTCGGTATATTAGAC,2
AGTCGTATTGACAACT,2
AGTCGTCCCCTGCAAC,2
AGTCTACACACATACA,2
AGTCTATATACCGGCA,2
AGTCTCAATATTCTAC,2
AGTCTCCCGTGTTAAA,2
AGTCTGAAACATTCCG,2
AGTCTGAATCATTCTC,2
AGTCTGATATCGAATG,2
AGTCTGATTAAAAAGG,2
AGTCTGCTCACGCTTG,2
AGTCTTAAACAAAACA,2
AGTCTTAGAAGAAATC,2
AGTCTTATACACCTCA,2
AGTCTTATACCACTCA,2
AGTCTTCAGAAATCGT,2
AGTCTTTCACAAGACC,2
AGTCTTTCTGCATATG,2
AGTGAAATAATCTGCC,2
AGTGAACCTTGGATCG,2
AGTGAAGAATGGGAAT,2
AGTGAATATGCAATGG,2
AGTGACATAAAGTATT,2
AGTGACCACCTCGTCC,2
AGTGACCGATATTGAT,2
AGTGACCTGCTATCGA,2
AGTGACTTAGCCGTTG,2
AGTGAGATTCTGAGCT,2
AGTGAGCGATCGAAAA,2
AGTGAGTATACTATAG,2
AGTGATAAATCTTGCT,2
AGTGATAACTATTGCT,2
AGTGATAAGTCTTGCT,2
AGTGATACCAAGATCT,2
AGTGATCCATCTCTTA,2
AGTGATCTACCACATG,2
AGTGATTGCTAGCCAA,2
AGTGCATTTATTTCTG,2
AGTGCCCCACCAACAG,2
AGTGCCGTAAATAAAA,2
AGTGCCTCTAAACATT,2
AGTGCGGTCGCAACGA,2
AGTGCTAATTGAAAAT,2
AGTGGAAACAATGCCC,2
AGTGGAAGAGAAGTTC,2
AGTGGACCCACAATGC,2
AGTGGAGCAGGGCCCA,2
AGTGGATAATCAAATA,2
AGTGGATTCGGAATAA,2
AGTGGGACATGAAAGC,2
AGTGGGCGACCGTCTA,2
AGTGGGTTCGAAGTTA,2
AGTGGTAAAGAAAGAA,2
AGTGGTGTAATTAGAT,2
AGTGTGCTCTTTGGTC,2
AGTGTGTGCGTTCGCA,2
AGTGTTAATAACAAGA,2
AGTGTTGACCGAACAG,2
AGTGTTGCAAGCCCGG,2
AGTTAAAACAAAACAG,2
AGTTAAAACACGTCTT,2
AGTTAAAGAATCCATA,2
AGTTAAGTTGCGAAGC,2
AGTTAATTGGACCATG,2
AGTTACACGAAGCAAA,2
AGTTACCATGCCCCCG,2
AGTTACCTGTACCTAA,2
AGTTACCTTTTAAGGA,2
AGTTACTCTGGCTTGG,2
AGTTATACACAGAAAA,2
AGTTATACATAATTAC,2
AGTTATACTGAAACGT,2
AGTTATAGCAAGCACA,2
AGTTATCTGTTTTATG,2
AGTTATTAAGATCTCT,2
AGTTATTGAAGAAGAC,2
AGTTATTGAAGCATAC,2
AGTTATTGAAGCGGAC,2
AGTTCAAAAACGTCTT,2
AGTTCAAAATACACTT,2
AGTTCAAATACGTCTT,2
AGTTCAAGAATACACA,2
AGTTCAAGAATCAACA,2
AGTTCAGACTATGTTA,2
AGTTCAGATACTATGA,2
AGTTCATCGCAGTGGT,2
AGTTCATCTAAGTGGT,2
AGTTCATCTCAGTGGC,2
AGTTCATCTCAGTGTT,2
AGTTCCAATATCTACT,2
AGTTCCCAAGAAAATA,2
AGTTCCCTCGAATCAC,2
AGTTCCGTATACATAT,2
AGTTCCTCTAGGCCTA,2
AGTTCGAAAAATACGT,2
AGTTCGAATATATAGC,2
AGTTCGACACGCTCAA,2
AGTTCGATACGTACTG,2
AGTTCGTAACGCCACA,2
AGTTCGTTGTGATAAC,2
AGTTCTCTTGAAGAAG,2
AGTTCTGGCATTTACC,2
AGTTGAAAATATCGCT,2
AGTTGAACATATCGAT,2
AGTTGAACATATCTCT,2
AGTTGAACATCTAAAA,2
AGTTGAGAGTAATCAA,2
AGTTGAGATGAAAAAA,2
AGTTGAGTCGACTGAT,2
AGTTGATACATCGATA,2
AGTTGCCAATGCTATC,2
AGTTGCCTGAGGGACA,2
AGTTGCTAAAACAGCA,2
AGTTGGACATATACCT,2
AGTTGGACATATCCAT,2
AGTTGGCTTTGAATGA,2
AGTTGGTCCCTGGTCG,2
AGTTTAATCACAGGTC,2
AGTTTAATTGCCAGTT,2
AGTTTACCCGACTACC,2
AGTTTACCCTACCCAT,2
AGTTTACTCACAGGTA,2
AGTTTAGCCCAAGCAG,2
AGTTTATGGAGTTGGT,2
AGTTTCAAAGCCTTCT,2
AGTTTCAATGCAACCA,2
AGTTTCATTTCTACCA,2
AGTTTCGTACTATTAT,2
AGTTTCTACTGCACAC,2
AGTTTGCACCACCGAA,2
AGTTTGGACGCTCAAT,2
AGTTTTATATGACATA,2
AGTTTTTATGGTATAC,2
ATAAAAAAAATGTTCG,2
ATAAAAAAATCCAGAC,2
ATAAAAAACCCATCCC,2
ATAAAAAACTTTCCCT,2
ATAAAAACAAAATAAA,2
ATAAAAACAAGATTGC,2
ATAAAAACCAGGGGTG,2
ATAAAAAGAAAAAATC,2
ATAAAAAGAAAAGTTG,2
ATAAAAAGGCGATAAA,2
ATAAAAATGTCAAGTC,2
ATAAAACACCCTGATT,2
ATAAAACCAGGGACTG,2
ATAAAACCTAGGCATT,2
ATAAAACTACACATAA,2
ATAAAACTACGCAAAA,2
ATAAAACTACGTACAA,2
ATAAAAGAAAGTGTGT,2
ATAAAAGCAACACAAG,2
ATAAAAGGAGGATTTG,2
ATAAAAGTACCTTCAA,2
ATAAAAGTCCCTTAAA,2
ATAAAAGTGCCTTCAA,2
ATAAAATAAATGCAAT,2
ATAAAATATAGTTTAT,2
ATAAAATATCCTCACA,2
ATAAAATGATTCTAAC,2
ATAAAATGGGACCGTA,2
ATAAAATTAACATCTT,2
ATAAAATTCCCTTCAA,2
ATAAAATTGATGATTT,2
ATAAAATTGTCACCGA,2
ATAAAATTTTACAAAC,2
ATAAACAACATTTAGA,2
ATAAACAATAACAGTA,2
ATAAACAATATCGGTA,2
ATAAACAGAAATGAAA,2
ATAAACAGATAACAAG,2
ATAAACAGTTCCTCTT,2
ATAAACATGGACCTCT,2
ATAAACCAAACAGCAT,2
ATAAACCAAATTACAC,2
ATAAACCACTTTCCAA,2
ATAAACCCCTAAAAAA,2
ATAAACCCTAAGCCGC,2
ATAAACCGCAGCGTAT,2
ATAAACCGGTTCGGAT,2
ATAAACCTGAGAAGTT,2
ATAAACGAGCCAATCA,2
ATAAACGGAAACCCCA,2
ATAAACGTCCCAAGTG,2
ATAAACTACTTTCGAC,2
ATAAAGAAGAAACACA,2
ATAAAGACAGACCACC,2
ATAAAGACCAACCAAG,2
ATAAAGATGTCTGAAT,2
ATAAAGCACCTAACCC,2
ATAAAGGCCATATGGC,2
ATAAAGGCTCTTTTAC,2
ATAAAGTAAATTTAGC,2
ATAAAGTGAACATTCT,2
ATAAAGTGGACCGTAA,2
ATAAAGTTTGAGGAAC,2
ATAAAGTTTGGAGAAG,2
ATAAATAACATTAAAA,2
ATAAATAACATTGAAG,2
ATAAATAACTAGAGGG,2
ATAAATAAGATTGAAA,2
ATAAATAATCTAAAAG,2
ATAAATACATCGAGTC,2
ATAAATACCCCTTGTT,2
ATAAATAGAGGCCCGC,2
ATAAATAGCACCGGGT,2
ATAAATAGGTTGTTTG,2
ATAAATCAAAAACCGG,2
ATAAATCAAATCAAAC,2
ATAAATCATTAATTCA,2
ATAAATCGCGTATACA,2
ATAAATCTGATAAGTT,2
ATAAATGACTAAGCAT,2
ATAAATGCTCTTAGCA,2
ATAAATGCTGAACATG,2
ATAAATGTAAGTTTAA,2
ATAAATGTCTAAAGAA,2
ATAAATTACTTTCCCA,2
ATAAATTGAGTAGATA,2
ATAACAAATAAGCCTG,2
ATAACAAATTTCGTGT,2
ATAACAAGACAGCCAC,2
ATAACAATGAATTAGT,2
ATAACACAACAACTGC,2
ATAACACACAAACTGC,2
ATAACACAGCAACTGC,2
ATAACACATATTACTA,2
ATAACACATATTCATA,2
ATAACACATCTAACCC,2
ATAACAGGAGTACCCT,2
ATAACATAAAAGCGAA,2
ATAACATAATGACAAG,2
ATAACATCCAACGTTT,2
ATAACATCGAATTACG,2
ATAACATTGTTATACA,2
ATAACCCGACGGCTCT,2
ATAACCCGCAGGCTCT,2
ATAACCTAAGAGAAGA,2
ATAACCTAGAAGATAA,2
ATAACCTATCAAAAAA,2
ATAACCTATTAGGACT,2
ATAACCTCGGGGAGAG,2
ATAACCTTCACACGAT,2
ATAACGAATATACCTC,2
ATAACGAGGGCAAAAC,2
ATAACGCCGCTTTCGT,2
ATAACGCGTGAAGGTA,2
ATAACGGACCCTCCCC,2
ATAACGGACCCTTCAC,2
ATAACGGACCCTTCCA,2
ATAACGGTGAGTCCGA,2
ATAACGTACCCTTCCC,2
ATAACGTACTTACTAC,2
ATAACGTGACCTTGAG,2
ATAACGTGATCTATTA,2
ATAACGTGATTACTAC,2
ATAACGTGCTTAATAC,2
ATAACGTGCTTACTAA,2
ATAACGTGGAACGTTG,2
ATAACTAAAAGTACAA,2
ATAACTACGAGTACAA,2
ATAACTAGACTCTACA,2
ATAACTATACCTCACC,2
ATAACTGAATGAACTA,2
ATAACTTACTTTCCTA,2
ATAACTTTACGTCAGA,2
ATAAGAAAATCGAGCA,2
ATAAGAAACAGGGGTG,2
ATAAGAAACCTTTACA,2
ATAAGAACCAGTGGTG,2
ATAAGAACCATGGGTG,2
ATAAGACACACGTAAA,2
ATAAGACCCAAGTATC,2
ATAAGACCCTTTTATC,2
ATAAGACTACACAGTA,2
ATAAGAGCCATACAAA,2
ATAAGAGTCAATTCCC,2
ATAAGATCCTCGCTGT,2
ATAAGATCGACACACT,2
ATAAGATTCAAGACCC,2
ATAAGATTGAAACACT,2
ATAAGATTGACGCACT,2
ATAAGATTGGCACACT,2
ATAAGCAAGTGGTCGA,2
ATAAGCAATAACCAAA,2
ATAAGCCACTTTTATC,2
ATAAGCCCAAACACAG,2
ATAAGCCCCCTTTATC,2
ATAAGCCCTATCGATG,2
ATAAGCCGTCACAACA,2
ATAAGCCTCGAATGAC,2
ATAAGCGACGAGACGG,2
ATAAGCGCCGAGACTG,2
ATAAGCTCTTCAACAC,2
ATAAGCTGTAACTCAA,2
ATAAGCTGTACATCAA,2
ATAAGCTGTACCTAAA,2
ATAAGCTGTTTAAGGT,2
ATAAGCTTTACCTCAA,2
ATAAGGAAATCGTATA,2
ATAAGGAATTAATTGT,2
ATAAGGAGATTTACGA,2
ATAAGGCCTCCAGATT,2
ATAAGGGCGGATGCCA,2
ATAAGGGGTAATATGG,2
ATAAGGTAAGTATATC,2
ATAAGGTGACGCGGGT,2
ATAAGGTTTTTTATTG,2
ATAAGTATAACAAAAA,2
ATAAGTATGCTCGCTG,2
ATAAGTCAGAATCAAA,2
ATAAGTGCATGAGGAT,2
ATAAGTGCCATCGCAA,2
ATAAGTGTCCTGGTCT,2
ATAAGTTAGATAGATT,2
ATAAGTTATGGAAAAT,2
ATAAGTTGGTTCAGAT,2
ATAAGTTTCACCAAGC,2
ATAATAAATGTTCACG,2
ATAATAACTGGGCACC,2
ATAATAAGAAGCATAC,2
ATAATAAGTCAATTGC,2
ATAATACTCAATATTT,2
ATAATAGACAATCCAC,2
ATAATAGCAAATGTAA,2
ATAATAGTCAATGTAA,2
ATAATATAAGAATCTG,2
ATAATATCGAGAATGA,2
ATAATATCGCACTCGA,2
ATAATATTTTATCACA,2
ATAATCAATATTAATA,2
ATAATCAATGTTCACT,2
ATAATCATACATACAT,2
ATAATCCAACTCTGAA,2
ATAATCCAGCAGATGA,2
ATAATCCCCAACCGAA,2
ATAATCCCCTTTTATC,2
ATAATCTAATCTCCCG,2
ATAATCTTAAGTCTAC,2
ATAATGAATCGCAAGT,2
ATAATGACGCTGTCAC,2
ATAATGACTTGTGAAC,2
ATAATGAGTCGCGCAA,2
ATAATGATCCTAGAGC,2
ATAATGATTACCCACA,2
ATAATGATTACCCCCG,2
ATAATGGAATGCAATG,2
ATAATGGATAATTGCG,2
ATAATGGTAATGAATG,2
ATAATGGTAATGAGTC,2
ATAATGTATCATCACT,2
ATAATGTGCAGCATAG,2
ATAATGTTGATGGGAC,2
ATAATTAAACCCACAT,2
ATAATTAAAGTTCCGC,2
ATAATTAAGGGGTAAA,2
ATAATTAATACCACAT,2
ATAATTCAAGCTACCA,2
ATAATTCATGTTAACT,2
ATAATTGAATGCTTCC,2
ATAATTGCAGATATTA,2
ATAATTGTGCAAACGC,2
ATAATTTTGCTGTAAT,2
ATAATTTTTCTGGAAT,2
ATAATTTTTTATACTA,2
ATACAAACACTGGAAA,2
ATACAAACACTGTACA,2
ATACAAATGTTAGTAA,2
ATACAACAAGAAAGCA,2
ATACAACACATTCCAG,2
ATACAACACCAAGCAA,2
ATACAACTACACTTGT,2
ATACAAGCCAATATTC,2
ATACAAGCGCATATTC,2
ATACAATAAAAAAGAG,2
ATACAATACTGCCTAT,2
ATACAATTATGGTCTG,2
ATACACACACAAAGTT,2
ATACACACTTCGCCAT,2
ATACACAGGCATCATT,2
ATACACCAAAACTCAG,2
ATACACCAACAATCAG,2
ATACACCAACACTCAT,2
ATACACCCCAATACCC,2
ATACACCCTTAGCTCC,2
ATACACGAGTACGCAA,2
ATACACTTGGACAATA,2
ATACAGAAAAGATAAA,2
ATACAGAGCCGTCCAA,2
ATACAGAGGATATCCT,2
ATACAGAGGATCGATG,2
ATACAGATACTTGGAA,2
ATACAGATGTCCGAAT,2
ATACAGATGTCTTAAT,2
ATACAGCAAAGATAGA,2
ATACAGCAGAGATAAA,2
ATACAGCCTCACTTTA,2
ATACAGGAATCCCCTT,2
ATACAGGTAACTCATC,2
ATACAGGTGTCTGAAT,2
ATACAGTAAACGACAG,2
ATACAGTACATTTACC,2
ATACAGTTATCACCCA,2
ATACATAACTGTATAC,2
ATACATAATCCGAATC,2
ATACATAGGCTAAAAG,2
ATACATATAAAGAACG,2
ATACATCAAAGATAAA,2
ATACATCCAAAAGATC,2
ATACATCCAATAAAGA,2
ATACATGATACCCTCT,2
ATACATGCTGGTAGGC,2
ATACATTAAACACATA,2
ATACCAAACAAAAACA,2
ATACCAAATCTAGAAA,2
ATACCAAGACATCCAC,2
ATACCAAGCATGATGT,2
ATACCAAGTCCTGTCA,2
ATACCAATTAGACACC,2
ATACCACGCCACGTAA,2
ATACCACGTATTAGAC,2
ATACCACGTCACCAAA,2
ATACCAGTGCATACAC,2
ATACCATCCTTGAATG,2
ATACCCAATATCAGGC,2
ATACCCCAGCCCGTGA,2
ATACCCCATCAAGCAC,2
ATACCCCATCACCAAA,2
ATACCCGTACCTCACA,2
ATACCCTACAACTTCT,2
ATACCCTACCATGATG,2
ATACCCTGATATCCCA,2
ATACCCTGTCAAACGA,2
ATACCGAGACTTGACA,2
ATACCGAGATCAATAA,2
ATACCGAGGTTGATTC,2
ATACCGATCGCCAAAA,2
ATACCGCAGTCCTTGT,2
ATACCTAAAGTTGTAG,2
ATACCTAACTTACTCC,2
ATACCTAAGTTCTGGA,2
ATACCTAGAAAAAAAC,2
ATACCTATACACCAGA,2
ATACCTCGAATCCATT,2
ATACCTTGATATCCCT,2
ATACCTTGATATCTCA,2
ATACGAAAATAGAGCA,2
ATACGAAACGGTGTGA,2
ATACGAAGATAAGGTG,2
ATACGAAGTAACAGAT,2
ATACGAATTATCAATC,2
ATACGACAAGAAAGAA,2
ATACGACAAGAAAGCG,2
ATACGACAATTTCTGC,2
ATACGACATGCGGACA,2
ATACGACTAAATGAAC,2
ATACGACTACTGGGAT,2
ATACGATATAGCGAGC,2
ATACGCGAACCCAATA,2
ATACGCTAATAATCAT,2
ATACGCTCACGGAACT,2
ATACGGAAATCCATGC,2
ATACGGAATCTTAATC,2
ATACGGAGGCTAGCTA,2
ATACGGAGTGTTTCTT,2
ATACGGCAGCCCATCA,2
ATACGGCCACAAACCA,2
ATACGGTGAAGCGGGT,2
ATACGGTGACGCGAGT,2
ATACGGTGACTCGGGT,2
ATACGGTGATGCGGGT,2
ATACGGTGGCGCGGGT,2
ATACGTAACGGAGGCC,2
ATACGTAGACGATAAG,2
ATACGTATGATCGCTG,2
ATACGTCCGCAAAGTG,2
ATACGTCGTCGTTAGC,2
ATACGTTAACCGTTAT,2
ATACGTTCCAATATAC,2
ATACTAAATAGACCTA,2
ATACTAAATTATGGTG,2
ATACTAACATCAAATG,2
ATACTAACGGAGAACA,2
ATACTAACTGTAACCC,2
ATACTAATTAATTGAC,2
ATACTAATTCCGTGAC,2
ATACTACACGGAGGGA,2
ATACTACGGCACGTCT,2
ATACTATTTACATATA,2
ATACTCAACAGCAAAG,2
ATACTCCAAAGCAAAG,2
ATACTCCAAATAAGAG,2
ATACTCCACATCAAAG,2
ATACTCCGGATGCGTA,2
ATACTCCTGATGCGTC,2
ATACTCGCCCATGCCG,2
ATACTCTGTAGCATTT,2
ATACTGAGTAATATAG,2
ATACTGAGTGGGTGCT,2
ATACTGATAAGCTAGT,2
ATACTGGACACAACTT,2
ATACTGGTAGAAACGG,2
ATACTTACAGCTCACC,2
ATACTTATTGCAACCC,2
ATACTTCATTGTATAG,2
ATACTTCCCATCTACT,2
ATACTTCGTCTACACA,2
ATACTTTATATTAAAT,2
ATAGAAAATCGATAGC,2
ATAGAAACATAAGTCC,2
ATAGAACATTTTCTTC,2
ATAGAACCAACCCCTA,2
ATAGAACCTACATGTA,2
ATAGAACCTGAGCAGA,2
ATAGAACGACCTCTAA,2
ATAGAACTTGCAAATC,2
ATAGAAGGCTCACTAC,2
ATAGAATAACCACACA,2
ATAGAATATCAAATCA,2
ATAGAATCCCACAATC,2
ATAGAATCCGAGCATC,2
ATAGACAAATTAACTC,2
ATAGACATAAATAAGC,2
ATAGACATGTACGATA,2
ATAGACCGAATAGGTA,2
ATAGACCGACCGTCTA,2
ATAGACCTACCGTCGA,2
ATAGACCTTCGCTTTA,2
ATAGACGGCTCACCAA,2
ATAGACGTCCCAACAC,2
ATAGACGTCTCACCAC,2
ATAGACTGCCCAACTA,2
ATAGAGATGACGCCTG,2
ATAGAGATGAGCACGA,2
ATAGAGCCGAAAACAT,2
ATAGAGCTATTCAACC,2
ATAGAGGAAAGAAGCA,2
ATAGAGGAATATAAGA,2
ATAGAGGACAAGGCTA,2
ATAGAGGACTTTGCAA,2
ATAGAGTAATCGGCCA,2
ATAGAGTACGATGATA,2
ATAGAGTCACATTGTA,2
ATAGAGTCTTTCTTAA,2
ATAGATACAATACGCA,2
ATAGATAGAGATTGGG,2
ATAGATAGCGATTGTG,2
ATAGATAGTGATTGGG,2
ATAGATGCAAGATACC,2
ATAGATGCGTAATTAC,2
ATAGATGGCGATTGGG,2
ATAGATTACAACATCA,2
ATAGATTAGAACAGCA,2
ATAGATTATTGATAAG,2
ATAGATTCACGTTGTA,2
ATAGATTGTACTACCA,2
ATAGCAAACAGCAGCA,2
ATAGCAAATATATTGC,2
ATAGCACCTACGGAAT,2
ATAGCACTGCCCTTAC,2
ATAGCAGGAATTACAA,2
ATAGCCATACCGAGAT,2
ATAGCCATGGTAGTAC,2
ATAGCCGTAAAGCATC,2
ATAGCCTACTCAAATG,2
ATAGCCTATCTAGTCC,2
ATAGCGCTACAATAGT,2
ATAGCGTCACGCCTTG,2
ATAGCTACGCACTGAA,2
ATAGCTCCTGACCTGA,2
ATAGCTCTGAACCAGG,2
ATAGCTTATAAACAAT,2
ATAGGAAGAAAACACC,2
ATAGGAAGGGTTGCAC,2
ATAGGAATACGAGACT,2
ATAGGAATCTTTTTAT,2
ATAGGACACAGCTTAA,2
ATAGGACCTAAATCTC,2
ATAGGACTCTGCAAAA,2
ATAGGACTTAATTACT,2
ATAGGAGCAAATCAAT,2
ATAGGATAGCTCTAAA,2
ATAGGATTCAATATAC,2
ATAGGCAATAAGTATT,2
ATAGGCGGAAACCCAA,2
ATAGGGAAGTGTGAAT,2
ATAGGGATACCATTAA,2
ATAGGGCCTACATGTA,2
ATAGGGGACTAACCGG,2
ATAGGGGTCACAGAAC,2
ATAGGGTAAATTCATG,2
ATAGGTAGAAAATCAT,2
ATAGGTGCTCAAATAG,2
ATAGGTGGGTGAGACG,2
ATAGTAAAAATAGAGA,2
ATAGTAAAACAGCCTA,2
ATAGTAAAGCTCATTT,2
ATAGTAAAGTAGATTA,2
ATAGTAACATAGAAGG,2
ATAGTAACTATTAGCG,2
ATAGTAAGATCCCAAT,2
ATAGTAATAGCGACCA,2
ATAGTACACATAGGGA,2
ATAGTACACTCGCAAG,2
ATAGTACACTTGACCT,2
ATAGTATAACAGAATG,2
ATAGTCAAGAGTATCC,2
ATAGTCCCAATTTACC,2
ATAGTCCTTGCCAAAA,2
ATAGTCGCTCCAGATA,2
ATAGTGACGTCAGGCA,2
ATAGTGACTTAAGGCA,2
ATAGTGACTTCATGCA,2
ATAGTGACTTCGGGCA,2
ATAGTGAGCCTCGTCA,2
ATAGTGATTAACCGTT,2
ATAGTGCAAAAGCACG,2
ATAGTGCAACAGAACG,2
ATAGTGCAGGAGGGCA,2
ATAGTGCCAATTCAAA,2
ATAGTGCCGCCGATAA,2
ATAGTGGGATGCACCC,2
ATAGTTACAAATATCC,2
ATAGTTACATGACACT,2
ATAGTTACTTCAGGCA,2
ATAGTTATATTCATAC,2
ATAGTTGAAAGTCGGT,2
ATAGTTGATTATGTGC,2
ATAGTTTACGGTCAAA,2
ATAGTTTCAAACAGGC,2
ATAGTTTTAACCACTA,2
ATATAAAAAGCCTGAC,2
ATATAAAAGCCTGCCG,2
ATATAAAATTAACTAA,2
ATATAAACAGCCCGAC,2
ATATAAACTCCTTGCC,2
ATATAAAGGCACCAAA,2
ATATAAATGCTCAAAT,2
ATATAAATTTGAATTA,2
ATATAACCAAAACGTG,2
ATATAACCAGTTTTTC,2
ATATAAGCCTAATAAT,2
ATATAAGGGATATATC,2
ATATAAGTGATATCTC,2
ATATAATATAATGATC,2
ATATAATCAGGCAGAT,2
ATATAATCATCTATTA,2
ATATAATTGTCTTGTC,2
ATATACACACGTGACC,2
ATATACAGCCCTGCAA,2
ATATACATGGATTCCG,2
ATATACATTAACATAA,2
ATATACCAGAACCTAC,2
ATATACCGACCGTCGA,2
ATATACCGCACTATGA,2
ATATACGCCAAATTCC,2
ATATACTACTCGGATG,2
ATATACTCGAATTTTC,2
ATATACTGGTAGTCGA,2
ATATACTTTATTTCCA,2
ATATAGAACAATTTGA,2
ATATAGACACGTCACC,2
ATATAGATACGTGACA,2
ATATAGCCAAACCAGA,2
ATATAGCTAATAGCTG,2
ATATAGGCGACGGTAT,2
ATATAGTACCAGGAAC,2
ATATAGTAGCACCTCG,2
ATATATAATTAAAAAA,2
ATATATAATTGGTCCC,2
ATATATACACAAGGAT,2
ATATATCAGGATTCAC,2
ATATATCCCATAAAGT,2
ATATATCCTAATGAAA,2
ATATATGACTACAGAT,2
ATATATGAGGATAACC,2
ATATATTCATAACCTC,2
ATATATTCGAGCATTA,2
ATATCAAACATGGAAC,2
ATATCACCTAATCAAA,2
ATATCATCTACTCAAA,2
ATATCCAAACAGTCGA,2
ATATCCATAAGCTTAA,2
ATATCCCCTTTTAAAG,2
ATATCCGGCGCTCACG,2
ATATCCGTCTAATTGA,2
ATATCGACCCCTACTT,2
ATATCGAGACACATGC,2
ATATCGCGTCATTATC,2
ATATCGGCTCTACGCC,2
ATATCGTATTATTGAC,2
ATATCGTCATAAGAGT,2
ATATCTAATGAAAGCT,2
ATATCTCAACGACTTA,2
ATATCTTGTCACCGTA,2
ATATGAACAGAACGGG,2
ATATGAATTAGAAAGC,2
ATATGATAACTCGAAA,2
ATATGCCGCAGTTATA,2
ATATGCTGCGACCCAA,2
ATATGCTGCGCACCAA,2
ATATGGACACATGACC,2
ATATGGACTGTGATAT,2
ATATGGCTCACAGTAA,2
ATATGGGTTAACGCGG,2
ATATGTACTGTGATCT,2
ATATGTGAAATACCCT,2
ATATGTTTAGGGATCG,2
ATATGTTTTGGACAGT,2
ATATGTTTTGGTCAGT,2
ATATTAACAAATGTTA,2
ATATTAACGATCTCTA,2
ATATTAAGATCCTAAT,2
ATATTAATAAGAACTC,2
ATATTAATAAGAGAAC,2
ATATTACATGCTACTT,2
ATATTACCACCCAGAC,2
ATATTAGAAAATAACC,2
ATATTAGGAACTATGT,2
ATATTAGTGCAATGCA,2
ATATTATAAACCAACT,2
ATATTATAACTGCACC,2
ATATTATATAAAGTGA,2
ATATTATCTACCATTA,2
ATATTATTCGCCAATC,2
ATATTCAACCCCCGGA,2
ATATTCAATGTCTAAT,2
ATATTCAGAGATACGT,2
ATATTCATACCATAAA,2
ATATTCATCTGCTTAC,2
ATATTCATCTGCTTCA,2
ATATTCATGTCCTCAT,2
ATATTCGGAAATGGAT,2
ATATTCTGAGATTCTG,2
ATATTGAAAGTTACCC,2
ATATTGACAAAAGCAG,2
ATATTGACAAATGTGA,2
ATATTGCGCTGGATTT,2
ATATTGCTGTTGAAGA,2
ATATTGTAAGTGCAGT,2
ATATTGTAGAGTCCCA,2
ATATTGTGAGAACTGC,2
ATATTTCACAGGCAAA,2
ATATTTCCCAAAAGGC,2
ATATTTCGCGACTGGC,2
ATATTTGACCCACGAG,2
ATATTTGATAGAGACG,2
ATATTTTAAAACCCGT,2
ATATTTTAAAATGTTA,2
ATATTTTCAAACACGT,2
ATATTTTTACAATCCC,2
ATCAAAAAATAAAACT,2
ATCAAAAAGTTTGAAC,2
ATCAAAAATTGAGGAT,2
ATCAAAAGACTATCTT,2
ATCAAAATAGACAAAA,2
ATCAAACCATCTCCTT,2
ATCAAACTAAACAGTC,2
ATCAAATTACTCATGA,2
ATCAACAAATCCTAGC,2
ATCAACAACTATAAAA,2
ATCAACAAGTTCATAC,2
ATCAACACACACATAC,2
ATCAACACGAATCACC,2
ATCAACAGCTCATAAT,2
ATCAACCAGATCAATC,2
ATCAACGAACTAATAC,2
ATCAACGCTCAACTAA,2
ATCAACTAAAATATAA,2
ATCAACTCGCACATAT,2
ATCAACTGACAAAAGG,2
ATCAACTTCACACGAT,2
ATCAAGCAAGACGCGC,2
ATCAAGGGGGAATACT,2
ATCAAGGGTTTCACGA,2
ATCAAGTAACAAGATA,2
ATCAAGTCTAATCTCG,2
ATCAATAAAATTTTAA,2
ATCAATAAGTGAAGAC,2
ATCAATACGAACACAG,2
ATCAATAGAACGGAGA,2
ATCAATAGGCCTGACC,2
ATCAATCAAAAGTGTA,2
ATCAATGTAATTTGCA,2
ATCAATTACTGGCATA,2
ATCACAAAAAAATTAA,2
ATCACAACATGAAGCA,2
ATCACAATGCCCATGA,2
ATCACACCATGAATCA,2
ATCACACCATGCCGCC,2
ATCACACGTTAGACAA,2
ATCACACTGGCCCACC,2
ATCACATATCATGAAT,2
ATCACCCTGGTGTATC,2
ATCACCTTGACACGAT,2
ATCACGCCAGGCATGT,2
ATCACGTACTTAGTTA,2
ATCACTAATGCATACC,2
ATCACTACTTTAGAGA,2
ATCACTCGAATCCATT,2
ATCACTTTAAGAAAGT,2
ATCACTTTCATTGATA,2
ATCAGAACACACTAAT,2
ATCAGAACAGGTTATA,2
ATCAGAACTTGACTAA,2
ATCAGAAGCATGACTG,2
ATCAGACCCTAATCCC,2
ATCAGACCTACAATAT,2
ATCAGAGTAAAACTGG,2
ATCAGATATATCATAA,2
ATCAGATCACCCGTAA,2
ATCAGATTGACACACT,2
ATCAGCAAATAAAACC,2
ATCAGCAAGAGTCGCA,2
ATCAGCAAGCGTAGCA,2
ATCAGCAAGCGTCGAA,2
ATCAGCCGCTGATAAA,2
ATCAGCCTTTCCCATG,2
ATCAGGACTAGATCAT,2
ATCAGGCCAAGAACCT,2
ATCAGGGAATGGGATA,2
ATCAGGTTAGATTCAA,2
ATCAGTAAACAGTATT,2
ATCAGTAAGCGTTTTT,2
ATCAGTCAGATTACCA,2
ATCAGTCTACCCCAGG,2
ATCAGTCTTGTCCTAA,2
ATCATAAGTTTACTTT,2
ATCATACACCGGTACG,2
ATCATACAGTTCCATC,2
ATCATATAGATGGTAC,2
ATCATATCACCCGCTC,2
ATCATATGCCAAGAAA,2
ATCATATTAAGACAGA,2
ATCATATTGAATATAC,2
ATCATCAAGCGTCGCA,2
ATCATCACATGAAGAA,2
ATCATCATACATGTCT,2
ATCATCCCTAATTGAT,2
ATCATCTTACCGCTGC,2
ATCATGACCTGGCTAA,2
ATCATGATAATATATA,2
ATCATGCCCGGCCCCA,2
ATCATGGAGATGGTAC,2
ATCATGTTGCCCGCAA,2
ATCATGTTTATTTACA,2
ATCATTAACAATGGAA,2
ATCATTATATGGAAAT,2
ATCATTATCCACGATA,2
ATCATTATGGATTCAA,2
ATCATTCTAGCTAAGA,2
ATCATTCTCAGATAGT,2
ATCATTGGTCCGGAGC,2
ATCATTTAAACATCGT,2
ATCATTTAATGGGTAT,2
ATCATTTGGTGTGTCG,2
ATCATTTTAATTCCTA,2
ATCCAAAACAAACCGA,2
ATCCAAGGCCTAACCC,2
ATCCAAGTGTTGCATT,2
ATCCAATCTTGTATCG,2
ATCCAATGAATTCTGC,2
ATCCAATTACGGTTCG,2
ATCCACAAAATGAATA,2
ATCCACATGTAGTAAA,2
ATCCACCAACACTATA,2
ATCCACCAATCTCAAT,2
ATCCACCCCAATACCA,2
ATCCACCTAATCATGA,2
ATCCACGTGCACTTAC,2
ATCCACTCCACGGATC,2
ATCCACTGAATTCTGA,2
ATCCACTGGATTCTGC,2
ATCCAGAGGAATTAAC,2
ATCCAGATGCAAATCT,2
ATCCAGCCAGATGGAT,2
ATCCAGTACCGGTGTG,2
ATCCAGTTATTACTAG,2
ATCCATAAAACCCTGA,2
ATCCATAATGAATGCA,2
ATCCATGAATGCAACA,2
ATCCATTACCGGCATA,2
ATCCATTAGCTAAACT,2
ATCCATTCCGCTAGTT,2
ATCCATTCCTGTTCCA,2
ATCCATTTAGTCTAAA,2
ATCCCAACTGGATAAT,2
ATCCCAAGAGTCTCGC,2
ATCCCACCTGCAACCA,2
ATCCCACGGCTAGGTT,2
ATCCCAGCGTACCTGA,2
ATCCCAGGGATCATGA,2
ATCCCCGAAGCAATCC,2
ATCCCCTAAATGTCAT,2
ATCCCGCATACGTAAT,2
ATCCCTTACGTTGAAT,2
ATCCCTTCGAACCAAC,2
ATCCGAATCTTAAGAC,2
ATCCGACATCATAAAA,2
ATCCGATAAAACACAT,2
ATCCGATAAAACGCAC,2
ATCCGCACATAATGTG,2
ATCCGCATGATGGATC,2
ATCCGCCACATAACCA,2
ATCCGCGGTAAATGCT,2
ATCCGGTCTGCCTCCA,2
ATCCGTCCACAAACCA,2
ATCCGTTAACGCTGCT,2
ATCCGTTCCTGAGCAT,2
ATCCTAAAAATGACAT,2
ATCCTAAGGAGAAGGC,2
ATCCTAAGTACAGGAA,2
ATCCTACGGCACGTCA,2
ATCCTACTGCACGTCT,2
ATCCTCAACATCCCGC,2
ATCCTCATCTGAGAAA,2
ATCCTCCACGACCCGA,2
ATCCTCCTTCAAATAT,2
ATCCTCTAGGGTAGAA,2
ATCCTTAACATATAGT,2
ATCCTTCATCATTGCG,2
ATCCTTCCAGCTATTT,2
ATCCTTGCACGAAGTA,2
ATCCTTTATGAATGGA,2
ATCCTTTGAGGTACAA,2
ATCGAAAAAAGCACAT,2
ATCGAACCTATACCTA,2
ATCGAACTACCATGGA,2
ATCGAAGCTGGCTAGC,2
ATCGAAGTATCAATTG,2
ATCGAATATTAACCCC,2
ATCGAATATTGTTATA,2
ATCGAATGAGCAGCCA,2
ATCGAATGAGCCACCA,2
ATCGAATGATCCGCCA,2
ATCGAATTTAATAAAA,2
ATCGACAGTAACATTA,2
ATCGACATTACCTAGC,2
ATCGACCTGACGCATG,2
ATCGACGGATGCAGAA,2
ATCGACTCATTACCTG,2
ATCGACTCCATTAGTT,2
ATCGACTTACTCATAC,2
ATCGAGATTGTAAGAG,2
ATCGAGGTTCACACGA,2
ATCGATACGTTGATAG,2
ATCGATTCATAAAAAA,2
ATCGCAGCGAAGCCCC,2
ATCGCAGCGGTCGCAT,2
ATCGCAGCTACAGAAC,2
ATCGCATATTCACATA,2
ATCGCATCCGTCGCAT,2
ATCGCCATAACAATAT,2
ATCGCCATAGAAGATA,2
ATCGCCCATCCGATCC,2
ATCGCCCCTACAGCCA,2
ATCGCCGAATCTGGGC,2
ATCGCCGACACTTCAA,2
ATCGCCGATGCCGAAA,2
ATCGCGTTGACAATTA,2
ATCGCTACCAATTTCC,2
ATCGCTCGGAGTCATT,2
ATCGCTGTGAGTTAAA,2
ATCGGACGACAAACAT,2
ATCGGAGCTGTACGAA,2
ATCGGATAAAGTGGTG,2
ATCGGATCAATCGAAA,2
ATCGGCATACTTAACC,2
ATCGGCGAAATTGTGG,2
ATCGGCTCATTACCTA,2
ATCGGCTCATTACCTC,2
ATCGGGCAGCATAAAT,2
ATCGGGTCTAAGATTC,2
ATCGGTAACAACTGGC,2
ATCGGTGCCATCGCAA,2
ATCGTAAAAACTAGTA,2
ATCGTAACCGTTAGGC,2
ATCGTAGATAACCATG,2
ATCGTCAAAAACACGA,2
ATCGTCCAATGACATT,2
ATCGTCCAATTCCATT,2
ATCGTCTCTCCAGATA,2
ATCGTGCCAAATTCCA,2
ATCGTGCTCCAACAGA,2
ATCGTGGAACTAAAAA,2
ATCGTGTTAAGAGAGA,2
ATCGTGTTATGAGAGA,2
ATCGTGTTGATTTACA,2
ATCGTTAAAACAAATG,2
ATCGTTAACGATCGAA,2
ATCGTTAATTCAAACC,2
ATCGTTGCACAACTAA,2
ATCGTTGGATGCACCC,2
ATCGTTTGTACATATA,2
ATCTAAAAATACACAA,2
ATCTAAAATACTAACA,2
ATCTAAACTTACGCAA,2
ATCTAACATAAGTTAA,2
ATCTAACATAGCTCAT,2
ATCTAACCGCGCCAAA,2
ATCTAACGGAATGGTA,2
ATCTAAGCATTCCCAT,2
ATCTAATAGGACGGTC,2
ATCTAATGATCTTCTG,2
ATCTACACAACTACTG,2
ATCTACAGATACGCAA,2
ATCTACATTTTTGCAA,2
ATCTACCTGGTCCTTA,2
ATCTACGCCTATAATA,2
ATCTACTACTATCCTT,2
ATCTACTGGAGTTGTA,2
ATCTAGAAGGATACGA,2
ATCTAGACACGTGACC,2
ATCTAGCTGAAGAGGG,2
ATCTAGGTAAATAACC,2
ATCTAGTCGATCAGTT,2
ATCTATATATTAATTC,2
ATCTATCAGGCAAATT,2
ATCTATCCACTATCTT,2
ATCTATCCAGCAAATT,2
ATCTATCTACGTATAT,2
ATCTATGGCCTCCGCG,2
ATCTCAAAGATGGAAC,2
ATCTCAAATAACATGC,2
ATCTCAGATACTAACA,2
ATCTCAGGGCTAACAT,2
ATCTCATGAAGGACCT,2
ATCTCCAAATATATTA,2
ATCTCCAAATATGTCA,2
ATCTCCCTAGTAAACT,2
ATCTCCCTCTTACCAC,2
ATCTCCTTGTTACTGA,2
ATCTCGGAAAAATCAC,2
ATCTCGTACAATCTAC,2
ATCTCTAACTACCGAA,2
ATCTCTACCTCAACTC,2
ATCTCTCTAGTTATAC,2
ATCTCTGAACTCGAGT,2
ATCTCTGTGACTTAAA,2
ATCTGAACAGTTCCAC,2
ATCTGACACACACCAA,2
ATCTGAGAAGATATTC,2
ATCTGCAAGTTAACCA,2
ATCTGGAGAAAAAAGG,2
ATCTGGAGGTAAAGCA,2
ATCTGGCCACAAACCA,2
ATCTGTCTGGACTATA,2
ATCTGTGAAACTACTA,2
ATCTGTGATTGGATTC,2
ATCTGTGCGACCCTAA,2
ATCTGTTAATTAAGAA,2
ATCTGTTTACCCACTC,2
ATCTTAACGAGTAATG,2
ATCTTAAGGGGCCAAA,2
ATCTTAATCCTCTAAC,2
ATCTTACCATAAATTT,2
ATCTTCAAAGATAATA,2
ATCTTCAGATTCCCAT,2
ATCTTCCAATGCCATT,2
ATCTTCGACGCCCGTC,2
ATCTTGCTCCCACAGA,2
ATCTTGGGACGATAAG,2
ATCTTTAAAACCAAAC,2
ATCTTTAAGAAATAAT,2
ATCTTTAATTGCAACT,2
ATCTTTCCGCAACAGA,2
ATGAAAAATCTACACA,2
ATGAAAACAGTTAACA,2
ATGAAAACGCCAGATT,2
ATGAAAAGCTTACCCA,2
ATGAAACTATTCTGGC,2
ATGAAAGATTTCATCT,2
ATGAACAAACCGTTCT,2
ATGAACATATAATCAG,2
ATGAACATATGCTCTT,2
ATGAACATCCCGCACC,2
ATGAACCCGAATCACC,2
ATGAACGTCATAGGCG,2
ATGAACTGACCATTGT,2
ATGAACTGACTGACGC,2
ATGAACTGATCCCGGC,2
ATGAACTTCGCTGTAT,2
ATGAAGAACTACAGAG,2
ATGAAGACAGACCACA,2
ATGAAGAGGACATCGA,2
ATGAAGCGTAGCTAAC,2
ATGAAGCTCGCTAAGA,2
ATGAAGGAACGAGCGT,2
ATGAATAAACCATCCC,2
ATGAATACAGACCACC,2
ATGAATATACACACTG,2
ATGAATCAAAGACCAA,2
ATGAATCTACACAATG,2
ATGAATCTTTTCCCCA,2
ATGAATGTAACTATTA,2
ATGAATGTTCCAAGGT,2
ATGAATTATGATGACA,2
ATGAATTCTACATCAG,2
ATGAATTTAAATTATC,2
ATGACAAAAACGCTTG,2
ATGACAAATACTGATT,2
ATGACACACCAACTGC,2
ATGACACCACGTGAAG,2
ATGACAGCATGACAAT,2
ATGACAGGGCATAGAG,2
ATGACAGTACCCGACC,2
ATGACATAATACCCAT,2
ATGACATAGGGAAATC,2
ATGACATTAGCAAGAC,2
ATGACATTCAATACGA,2
ATGACCAAAAATTTTG,2
ATGACCAATATCAAAA,2
ATGACCCAGCCATTTC,2
ATGACCCGAAAACTAT,2
ATGACCCGAGACCCAC,2
ATGACCGCCAAAAGCT,2
ATGACCTCGTAACCTA,2
ATGACCTTAAAACAAA,2
ATGACGATAGAATTCG,2
ATGACGGCGCGATTAA,2
ATGACTACAGAATGAT,2
ATGACTTGAGAAATCT,2
ATGACTTGATAAAAAT,2
ATGACTTGGGAAAGCT,2
ATGAGAAATCACTATA,2
ATGAGAACAAGCGCCC,2
ATGAGAAGCCCAACGA,2
ATGAGACACTATGACC,2
ATGAGACCCAACTATC,2
ATGAGAGGTCTTGTGA,2
ATGAGCCGATCGTTGT,2
ATGAGCTGTGAAGCCT,2
ATGAGCTGTGAATAAA,2
ATGAGCTTCGTGCATA,2
ATGAGGACTGGACATA,2
ATGAGGATGAAAATAG,2
ATGAGGCAATGTTACT,2
ATGAGGTAAGGCGTTC,2
ATGAGGTAGACTCTTT,2
ATGAGTAATGAAAGCT,2
ATGAGTACCCGAATCA,2
ATGAGTCGAGCGTTGT,2
ATGAGTTGAGCAAAAT,2
ATGATAATCTCAATAG,2
ATGATAATTAAACAAC,2
ATGATAATTTTCTGTA,2
ATGATACCATACTACG,2
ATGATACGCCAACATA,2
ATGATAGATAACCATT,2
ATGATATACCTCGACA,2
ATGATATCCACACAAA,2
ATGATCATCCAAAACT,2
ATGATCCATATCATTG,2
ATGATCCGCAATCAAT,2
ATGATCCTCAAGACGA,2
ATGATCGTGTCACTCT,2
ATGATCTATCTGAACT,2
ATGATCTCAATGGACG,2
ATGATCTCTCGATGCA,2
ATGATCTGGATAATAC,2
ATGATGAAACGCTCTC,2
ATGATGAACATGAAAA,2
ATGATGACTCAGGATC,2
ATGATGCACCAGAAAA,2
ATGATGCCCGGACCCA,2
ATGATTAATTATGCCT,2
ATGATTATAGGATTTC,2
ATGATTCCCATTCCTC,2
ATGATTGCATACACGA,2
ATGATTTCACAGGCAC,2
ATGCAAACCAGTTCAT,2
ATGCAAAGATTATGCC,2
ATGCAAATTCTTGTTC,2
ATGCAACGAATCATAG,2
ATGCAAGGAGTCATAC,2
ATGCAATAACACGGCC,2
ATGCAATTAACAACTA,2
ATGCACACAAAACATC,2
ATGCACCAACACTCAG,2
ATGCACCTATACTACA,2
ATGCAGAAAAACAGCT,2
ATGCAGCGTCCTAAAA,2
ATGCAGCTTGCCACCA,2
ATGCAGTATCCTGTAA,2
ATGCAGTGATAAATCA,2
ATGCATAACCCCGGAG,2
ATGCATTCTACATAAG,2
ATGCATTCTTTGAGAA,2
ATGCATTTTCCAAGGT,2
ATGCCAAGGTCAATGT,2
ATGCCACATAGTACTT,2
ATGCCACCCGTACCTA,2
ATGCCAGCTAACAATT,2
ATGCCATACGAGCATG,2
ATGCCATGAATGTGCA,2
ATGCCATTGGACGAAA,2
ATGCCCAAGATCTCAT,2
ATGCCCGAATCAAGCA,2
ATGCCCTTAGCATCTT,2
ATGCCCTTATTTAACA,2
ATGCCGCCTGACTAAA,2
ATGCCGCGTACAACAA,2
ATGCCGTGTGAATCGT,2
ATGCCGTTCCTCGGAT,2
ATGCCGTTCTGTCAAC,2
ATGCCTACTTTTTAAA,2
ATGCCTCTGGTTCCCA,2
ATGCGAATAGGGATTG,2
ATGCGATCACTCACAC,2
ATGCGATCGAACTACA,2
ATGCGATTTAAAATCA,2
ATGCGCCTCAATCCAG,2
ATGCGGAATAACTCGC,2
ATGCGGAATACAAAGA,2
ATGCGGGGGTCAGTCC,2
ATGCGTATCACTGAAA,2
ATGCGTCAATGATATT,2
ATGCGTCAATTCTATT,2
ATGCGTCTGAGATAAA,2
ATGCGTTCAATCTGAA,2
ATGCGTTTGCAGAAGT,2
ATGCTAACTTTCAATA,2
ATGCTAAGAAAAGTGA,2
ATGCTAATCATAGTTG,2
ATGCTAATCCAAAACT,2
ATGCTAATTAAGACAA,2
ATGCTATAAACAACTA,2
ATGCTATCGAATTACA,2
ATGCTATTATAAAAAT,2
ATGCTCAACTAAATAA,2
ATGCTCATGAAGACAA,2
ATGCTCCGACCCCAAA,2
ATGCTGAAACGATCAG,2
ATGCTGAACAGATGAC,2
ATGCTGACCAAAACAT,2
ATGCTGAGGTCAGTCC,2
ATGCTGATAAATGAAG,2
ATGCTGCAAGCGGAAA,2
ATGCTGTGATATCTAC,2
ATGCTTTCCCATTGAA,2
ATGGAACAAGGGACTG,2
ATGGAACACTTCCTAA,2
ATGGAACAGAACAGAG,2
ATGGAACCTAAATTCC,2
ATGGAACTGCTAAAAA,2
ATGGAACTTACTAAAG,2
ATGGAAGAACCATTAA,2
ATGGAAGCCCATCCAG,2
ATGGAAGGCGTCATAC,2
ATGGAATCCCTACCAA,2
ATGGACAAATACTTTC,2
ATGGACAACCTTGCGT,2
ATGGACAAGAAAAGAA,2
ATGGACAAGGACAAAT,2
ATGGACAGTTAAAATA,2
ATGGACATCCGACGTC,2
ATGGACATCGTAACGC,2
ATGGACTACTCGCAAT,2
ATGGACTCAGGTATAT,2
ATGGACTGATAATCGG,2
ATGGACTGATCATCAG,2
ATGGACTTACCATTGT,2
ATGGAGAAACGCTCAT,2
ATGGAGCCCGACAATA,2
ATGGAGGGATCCCAAT,2
ATGGATAGCAATGTGT,2
ATGGATATATGTAAAA,2
ATGGATATATTGGATC,2
ATGGATCAAACCTTAG,2
ATGGATCAATACATAG,2
ATGGATCAGAGAGCAG,2
ATGGATCTAACCTTAG,2
ATGGATGATCCAAAGA,2
ATGGATGGGTAGGCCA,2
ATGGATTAATACAATG,2
ATGGATTATAAGACTA,2
ATGGATTCACAAAAAA,2
ATGGATTCATAAAAGA,2
ATGGATTCATAAAGAA,2
ATGGATTCATAGAAAA,2
ATGGATTCCTCCTACA,2
ATGGCACCCCATATTA,2
ATGGCCAAGCTCTCAT,2
ATGGCCACGCACTGAA,2
ATGGCCTCACGTGTGT,2
ATGGCCTTTGCAAGTA,2
ATGGCGACAACGTGTG,2
ATGGCGAGGAATAATT,2
ATGGCTACGTCGCACA,2
ATGGCTGTGACTTAAA,2
ATGGGAAAGACTGTCC,2
ATGGGAAATGAATAAG,2
ATGGGAAATGACTAAT,2
ATGGGAAATGGCTAAG,2
ATGGGAACGCTGTATA,2
ATGGGAATCTAACTAC,2
ATGGGACTAAGAACAG,2
ATGGGAGGAAACCGGA,2
ATGGGAGGCGCGTAAT,2
ATGGGATACCTAGCCA,2
ATGGGCAAAAGAACTG,2
ATGGGCATACGATGTT,2
ATGGGGAGGTCAGTCC,2
ATGGGGTCCACATGAT,2
ATGGGTATAGTTCCTG,2
ATGGGTCTAGTTCCTT,2
ATGGGTTAAACTATGG,2
ATGGGTTCTTTGCACG,2
ATGGTACACATAGGTA,2
ATGGTACTCCCCAAAC,2
ATGGTAGAACCAAGAC,2
ATGGTAGAAGTGGATA,2
ATGGTAGACGGGTTAA,2
ATGGTCACTCCATGCT,2
ATGGTCATTAAGACAA,2
ATGGTCCGGCAATTCA,2
ATGGTCCTTTACGCCA,2
ATGGTCTAGTTATGTC,2
ATGGTCTGTCCATTGC,2
ATGGTGACGCCGATAA,2
ATGGTGAGCAATGAGG,2
ATGGTGCCGACGATAA,2
ATGGTGCCGCCAATAA,2
ATGGTGCCGCCGATAG,2
ATGGTGCCGCCGATCT,2
ATGGTTCAAAACGGTA,2
ATGTAAAAATGTTGGA,2
ATGTAAAAATTTAAAT,2
ATGTAAAAGAAAACCC,2
ATGTAAACACGCCAGA,2
ATGTAACCTAAACCCT,2
ATGTAATAAACAACAT,2
ATGTAATAACAATACT,2
ATGTAATAATCCCATC,2
ATGTAATATGGACATT,2
ATGTAATTATTGGGTT,2
ATGTACAAAAAATTTT,2
ATGTACAACGCTACAT,2
ATGTACATAATTGGAA,2
ATGTACATATATGTAG,2
ATGTACATGATTGGAC,2
ATGTACCAAAAACCAA,2
ATGTACCATTAGACCG,2
ATGTACGTCGGTGTTT,2
ATGTACTACCCTATGG,2
ATGTACTAGTTTATAT,2
ATGTACTGTCCTATGG,2
ATGTAGAAGAAAAAAG,2
ATGTAGCAAGCTACAC,2
ATGTAGTTAGCACTAG,2
ATGTATAGCAATACTG,2
ATGTATATACAGCATG,2
ATGTATATGGGAGCCT,2
ATGTATCACCTCATAA,2
ATGTATCATCACATGC,2
ATGTATCGAAATACTG,2
ATGTATGACCCTACCT,2
ATGTATGTCGATCTAA,2
ATGTATTATTCGAACC,2
ATGTATTTACCAAAGT,2
ATGTATTTACCAACAT,2
ATGTCAATACACAAAG,2
ATGTCAATGTATTAAG,2
ATGTCACCGAAACCCT,2
ATGTCACCGAGAAAGA,2
ATGTCAGGGCGCACAT,2
ATGTCAGTAATAGACG,2
ATGTCATAAGTGGGAA,2
ATGTCATGCGTTGAGC,2
ATGTCCGGCATACTAT,2
ATGTCCGTCGGTTTTT,2
ATGTCCGTTGGTGTTT,2
ATGTCCTTCGGTGTTT,2
ATGTCGATTTAGCCAA,2
ATGTCGTTCCTCACCC,2
ATGTCTAGCAGGCAGG,2
ATGTCTCATAACGAGG,2
ATGTCTGATCGGAGAA,2
ATGTGAACAAAGCAAC,2
ATGTGACTACAGTAGA,2
ATGTGAGGATTAAAGT,2
ATGTGATCGAATTACA,2
ATGTGCGGATTAAATT,2
ATGTGCTCCTTATGGA,2
ATGTGGACTTCTTGTT,2
ATGTGGCTAACAGATA,2
ATGTGGCTATTGACTA,2
ATGTGGGATAATGTGG,2
ATGTGGTTACGGTTGT,2
ATGTGTCAATGCTATT,2
ATGTGTGGATTAAAGT,2
ATGTTAACTATTAAAA,2
ATGTTACACCATACAC,2
ATGTTAGGTTAAACTT,2
ATGTTATAGACCAACT,2
ATGTTCACACGCTGCC,2
ATGTTCCACTATCTTA,2
ATGTTCGCCCTCAATA,2
ATGTTCGGATTAAAGT,2
ATGTTCTTAAAGCGAC,2
ATGTTGATAAGTACGT,2
ATGTTGATCAAAGAGA,2
ATGTTGCAGGATACCT,2
ATGTTGGAGGGAATAA,2
ATGTTTAACTACTTAT,2
ATGTTTATCATAAAAA,2
ATGTTTCAAGCAGACT,2
ATGTTTCCATAGGACT,2
ATGTTTCTGAAGAAAG,2
ATGTTTGAGATATCAA,2
ATGTTTTAGCATGTCG,2
ATGTTTTAGTTTTAAG,2
ATGTTTTCAATGAGAC,2
ATGTTTTGAATAACGC,2
ATGTTTTTACTAGACT,2
ATTAAAAAAACATAGA,2
ATTAAAAACAATAGAA,2
ATTAAAAATTGCCCAA,2
ATTAAAACCGGGAGGG,2
ATTAAAAGCTCATAAT,2
ATTAAAATCAGGGAAG,2
ATTAAAATTCATATAC,2
ATTAAAGTGTCACACA,2
ATTAAATAAGAGTGCT,2
ATTAAATCGAGGTCAC,2
ATTAAATGTTGAGCAG,2
ATTAAATTAGCTGGGA,2
ATTAAATTTAAAGTTA,2
ATTAAATTTATTTCCC,2
ATTAACAATACAATTT,2
ATTAACAGAAGCAAAA,2
ATTAACAGCACGAAAA,2
ATTAACAGCCCATAAT,2
ATTAACAGTAAGTCAA,2
ATTAACATGGAGCCGA,2
ATTAACCAACCGGAAG,2
ATTAACCATTGCATCA,2
ATTAACCTGTCTCCAG,2
ATTAACGCACAAGTAA,2
ATTAACGGCTGTTGTC,2
ATTAAGACATATATAA,2
ATTAAGAGACGGGGCT,2
ATTAAGAGATCAGGAT,2
ATTAAGAGCTCATGAT,2
ATTAAGAGCTCCGGAT,2
ATTAAGCACAACTCTT,2
ATTAAGCAGCAGGGTC,2
ATTAAGGACATGCAGA,2
ATTAAGTACCCTATAG,2
ATTAAGTTTAATTACA,2
ATTAATAAGACTCCTA,2
ATTAATATGCCATTAG,2
ATTAATCCTGGATATT,2
ATTAATCTACCATTAT,2
ATTAATGCCTTATTTT,2
ATTAATGGCTTCTTAC,2
ATTAATGTAGGATAAC,2
ATTAATGTTTGAAAAA,2
ATTAATTCAAATAGAT,2
ATTACAAACACTCCCG,2
ATTACAACTCCGAATC,2
ATTACAAGAGTGACAT,2
ATTACAAGCATTAGCG,2
ATTACACACCAACTGC,2
ATTACACATACTATAA,2
ATTACACTAACCGTTA,2
ATTACACTATTCTGGC,2
ATTACAGCATGTGCAA,2
ATTACAGTAATTATTC,2
ATTACATAATTTGGCA,2
ATTACATAGAAACATC,2
ATTACATGAGGTAACG,2
ATTACATTAGCAAGCC,2
ATTACCACATAGCCTA,2
ATTACCACATTGAACA,2
ATTACCAGAGTTACAT,2
ATTACCAGCAGGAATA,2
ATTACCAGTAAGCATT,2
ATTACCCTAACTATAC,2
ATTACGAACCCAGTCC,2
ATTACGATACTTAGTA,2
ATTACGGAACACCACG,2
ATTACGGAGACACGGA,2
ATTACGTGAGTACTAG,2
ATTACTAACTGGGATC,2
ATTACTAGAATGTTCT,2
ATTACTATGACACATA,2
ATTACTCAAAAGACCA,2
ATTACTCAATTCATGC,2
ATTACTCGATTAATGC,2
ATTACTCGGTTCATGC,2
ATTACTCGTTTGACGG,2
ATTACTCGTTTGATGT,2
ATTACTCTCTACTTTG,2
ATTACTGTAACCTCAA,2
ATTACTTACATGGGAG,2
ATTACTTAGATAGGAG,2
ATTACTTCACGTTATC,2
ATTAGAACACTGAAAA,2
ATTAGAACTAGACCAG,2
ATTAGACAATCCAAGT,2
ATTAGACAGTCTTTAG,2
ATTAGCAGTGCCTTAA,2
ATTAGCCAAAGACACA,2
ATTAGCCATTCCTGCA,2
ATTAGCCGTAGATAAT,2
ATTAGCGTGAATTAGC,2
ATTAGCTCTGATACAA,2
ATTAGCTCTTGAAGTA,2
ATTAGGCACCCAAATA,2
ATTAGGCGCATTATTG,2
ATTAGGTTGTCCTAAA,2
ATTAGTCAAGCCTTTT,2
ATTAGTCGTGCACGGT,2
ATTAGTGTCGCATGTT,2
ATTAGTTAACAAGCCC,2
ATTATAATATCAAAAC,2
ATTATACAGTCTTTCG,2
ATTATACGCGGGCAAG,2
ATTATACGGAGCTCAT,2
ATTATACGGAGCTCTT,2
ATTATACGGATCTCGT,2
ATTATAGACAATGATA,2
ATTATAGATCATAATA,2
ATTATAGCCAGAGCGC,2
ATTATAGGAATCCCGC,2
ATTATAGGAGACTAAC,2
ATTATAGTGAAGTACC,2
ATTATATGACACAATT,2
ATTATCAAATTAAAGC,2
ATTATCCACACTGCAA,2
ATTATCCTGATCCGGA,2
ATTATCTGAATTTCGC,2
ATTATGACTACATGAG,2
ATTATGCAAACGCGTA,2
ATTATGCAGGTCCTTT,2
ATTATGCGTGCAGAAA,2
ATTATGTTAATCAGAA,2
ATTATGTTCTAAAATG,2
ATTATTAAAACTACCT,2
ATTATTCCCTCCAATC,2
ATTATTCTTACAGAAG,2
ATTATTTTTACCTAAC,2
ATTCAAACCTCGGGTG,2
ATTCAAATAATCAATT,2
ATTCAAATGGAATGGT,2
ATTCAAATTCTTCCGT,2
ATTCAACATAATGGAA,2
ATTCAAGCTATCTCAA,2
ATTCAAGGCGTCATAC,2
ATTCAATAATACTCGA,2
ATTCAATAGGTCATCA,2
ATTCAATCAAACAAGA,2
ATTCACAAGCCCATAT,2
ATTCACCGACTTGTAT,2
ATTCACCGGGGTAACT,2
ATTCACCTACTTCAAT,2
ATTCACGACATGCAGA,2
ATTCACGCAACCCAAA,2
ATTCACGCTCAATCCA,2
ATTCACTAATTAGGCA,2
ATTCACTCAAACGGTG,2
ATTCAGAAAGTGTAAG,2
ATTCAGACGGAGATTC,2
ATTCAGATTTAACTCG,2
ATTCAGCAGCTAGACA,2
ATTCAGCCAATGCGCC,2
ATTCAGGAAATGCAGA,2
ATTCAGGAATTGAGAC,2
ATTCAGGACATGCATA,2
ATTCAGGACATGTAGA,2
ATTCAGGACGTGCAGA,2
ATTCAGGTAGCCCAAT,2
ATTCAGTAATCGAAAT,2
ATTCAGTACATGCAGA,2
ATTCATCCATTTAAAA,2
ATTCATCCTAGAATTC,2
ATTCATCTAATGATTC,2
ATTCATTGGACTGTAT,2
ATTCCAAAAATTCATA,2
ATTCCAAAATACACTT,2
ATTCCAAGTCACGGTA,2
ATTCCAGCAACCCAAA,2
ATTCCATAACTGTTAC,2
ATTCCATGGCCAACGA,2
ATTCCCAAACTACACC,2
ATTCCCAAGCTCTCAT,2
ATTCCCACAGGCACCA,2
ATTCCCCACTTTAACC,2
ATTCCCCTCTTACCAC,2
ATTCCCGCGACCCAAA,2
ATTCCCTTATTCAAAT,2
ATTCCCTTGGACGAAA,2
ATTCCGACAACGTGTG,2
ATTCCGACTTTGACAC,2
ATTCCGAGTGACGCGA,2
ATTCCGGAAACATAAC,2
ATTCCTAAGGAAACAC,2
ATTCCTACACATGTCC,2
ATTCCTACAGTGAAAC,2
ATTCCTGATAGAAACT,2
ATTCCTTGGTAAAACA,2
ATTCCTTTAAAGCCGG,2
ATTCCTTTCAATGTTC,2
ATTCGAACACCGAAAA,2
ATTCGAAGTGCCTTAA,2
ATTCGACGCTGCATCC,2
ATTCGACTAACAAGTC,2
ATTCGAGCTTGCCGTC,2
ATTCGAGTACTAATGC,2
ATTCGATCGAATTACA,2
ATTCGATCTTATCCCA,2
ATTCGCAGTGCCCTAA,2
ATTCGCAGTTCCTTAA,2
ATTCGCCCACCAGATT,2
ATTCGCGCTTAAACAA,2
ATTCGGACGCTCGTAA,2
ATTCGGAGGAATTACA,2
ATTCGGAGGACTTAAA,2
ATTCGGGGGACTTACA,2
ATTCGGTACACAGAAA,2
ATTCGTACTATACGAC,2
ATTCGTGAAAGCATGA,2
ATTCGTGTACTTTGGT,2
ATTCTAAAAGAATAAA,2
ATTCTAAGCCCCGAAA,2
ATTCTACACCAGCTGA,2
ATTCTACCCCAGCTTA,2
ATTCTCAGTGGGATTT,2
ATTCTCGAGAAAACTC,2
ATTCTCTAACTGACTC,2
ATTCTCTGAGAACAAA,2
ATTCTGATCGTGGTGT,2
ATTCTGTTCGGGACAA,2
ATTCTTATAGGATTTC,2
ATTCTTATCTGAGACA,2
ATTCTTATGGGTTTCA,2
ATTCTTATGTAAACAA,2
ATTCTTTTTACGGTAG,2
ATTGAAAACTAGAAGA,2
ATTGAACACGCGATCA,2
ATTGAACGAGGAACCT,2
ATTGAAGAATACTACA,2
ATTGAAGAATAGAAGA,2
ATTGAAGGAAGTAGAT,2
ATTGAAGTAACGGCCC,2
ATTGAATACTAGAAGA,2
ATTGACAAACGCATAA,2
ATTGACAACATCGACC,2
ATTGACACGATAAGGT,2
ATTGACCCAATCCGCC,2
ATTGACCGGCATCTAC,2
ATTGAGAAACCCTACT,2
ATTGAGAAAGTGAACC,2
ATTGAGAACTACATCT,2
ATTGAGCCCTAATAAA,2
ATTGAGCGTAAGGGAT,2
ATTGAGGATAACTACT,2
ATTGAGTAGACTTCAA,2
ATTGATCCAACCTTAG,2
ATTGATCTCGATGAAA,2
ATTGATCTTTTCCGGC,2
ATTGATTTATAGGGCA,2
ATTGCAAAAAGCATGC,2
ATTGCAAAAGAAGATT,2
ATTGCAACATGCTATT,2
ATTGCAAGTTGAAATA,2
ATTGCAGCTGTCATAT,2
ATTGCCCACTGAATTA,2
ATTGCCCGACTGGATC,2
ATTGCCGAAATATGTA,2
ATTGCCGAACGTTCCT,2
ATTGCCGCACGTTACT,2
ATTGCCGGCAAAAACT,2
ATTGCCTACCTATGGC,2
ATTGCCTCATTTTTAA,2
ATTGCGAAGTGTTAAT,2
ATTGCGATCAAGCTGC,2
ATTGCGTCTGACAACA,2
ATTGCTCATCATAGAA,2
ATTGCTGGATAAAAAG,2
ATTGCTGTGACTTAAA,2
ATTGGAAATGACTAAG,2
ATTGGAGAATCGTAAT,2
ATTGGAGATCTAGTCA,2
ATTGGAGATTAAAAAA,2
ATTGGATCTAATACAT,2
ATTGGCACGTTAATCA,2
ATTGGCATCTACTTTA,2
ATTGGCCTGTACTTTA,2
ATTGGCTTCTACTTTA,2
ATTGGGACGGACAGTT,2
ATTGGGCACATGTGAT,2
ATTGGGCATACGTGAA,2
ATTGGTACGTTAATGA,2
ATTGGTACTAAATATA,2
ATTGGTATGCTATGCA,2
ATTGGTTAACTTCAAG,2
ATTGGTTAGAATACCC,2
ATTGGTTCTAAGACAT,2
ATTGGTTTTAAGATTG,2
ATTGTAAAATCATTAC,2
ATTGTAAATCTCTGTG,2
ATTGTAATAATGCCTT,2
ATTGTACAACATATCC,2
ATTGTACTCTACACCT,2
ATTGTCACTCCATGCT,2
ATTGTCATCGGTGACA,2
ATTGTCATCGGTGGCT,2
ATTGTCATCGGTTACT,2
ATTGTCGTATATAAAG,2
ATTGTGTCAGCAGTAA,2
ATTGTTAAAATGTAGT,2
ATTGTTACAAGAAGTT,2
ATTGTTCGGATCAACG,2
ATTGTTCGGATCACCA,2
ATTGTTTGTGTCGATA,2
ATTTAAAAAAAAGCAG,2
ATTTAAATATCTGAAT,2
ATTTAACACTACCGCA,2
ATTTAACGATTTACCA,2
ATTTAAGATATTGTGC,2
ATTTAAGCAGATTCAA,2
ATTTAAGCGTATAGAC,2
ATTTAAGCGTTAATGC,2
ATTTAAGGACCAAAAG,2
ATTTAAGTGGGTGCTA,2
ATTTAATATTACTTCT,2
ATTTAATCTACAATAT,2
ATTTAATGTAACGATG,2
ATTTAATTGCTCATTA,2
ATTTACAAAGCAGACT,2
ATTTACACTACGCAGG,2
ATTTACACTCGATGCC,2
ATTTACATATCATGAC,2
ATTTACCAAAATAGAC,2
ATTTACCCAATCCCTA,2
ATTTACCCCGTGGATA,2
ATTTACCCTAGCAGGG,2
ATTTACTAGCTAGATA,2
ATTTACTCAACTTAGA,2
ATTTACTCACCGGCCA,2
ATTTACTGAAATAGCG,2
ATTTAGAAGCGGAACA,2
ATTTAGACACGTGACC,2
ATTTAGATGAAACAGG,2
ATTTAGATTTCACATA,2
ATTTAGCCGAGGCCGG,2
ATTTAGGACATGCAGA,2
ATTTAGGTAGAGAATA,2
ATTTAGTATTAATGAA,2
ATTTAGTCAATTTCAC,2
ATTTAGTCGGGCACCA,2
ATTTATAAAATCCGCT,2
ATTTATACGTCAAAAC,2
ATTTATAGGGGACTGT,2
ATTTATAGTGAGTTGA,2
ATTTATATCAACTGTT,2
ATTTATCCGAATAAAG,2
ATTTATCTGCCAAGAG,2
ATTTATGTCAGTTTCT,2
ATTTATTTCAAGTTCC,2
ATTTCAAAGCATCCCT,2
ATTTCACTAAATTGCA,2
ATTTCATAACTCTCAT,2
ATTTCATCAAATACAA,2
ATTTCATCCAGCCGTA,2
ATTTCATTGCAAGGAA,2
ATTTCCAACGACTAGC,2
ATTTCCAGCTCGAAGT,2
ATTTCCCTTTATTCGT,2
ATTTCCGCAATCGAAA,2
ATTTCCTTAGCGACCC,2
ATTTCGCCAAAAATGT,2
ATTTCGGAACACCAGG,2
ATTTCGGAACTGTGTC,2
ATTTCGGCAGATTCAA,2
ATTTCGGGATGGCTTA,2
ATTTCGGTCGAACCAT,2
ATTTCGTATTGAAAGG,2
ATTTCTAATAGAATTT,2
ATTTCTACATCTGATA,2
ATTTCTACCTATGATT,2
ATTTCTAGGCCTAAGA,2
ATTTCTTCTTGAAGAG,2
ATTTGAAAAGAACGGG,2
ATTTGAAAGTTAACCA,2
ATTTGAAATTAAGGCT,2
ATTTGAAGTAGCACAA,2
ATTTGAATACAAACAA,2
ATTTGACTGTATTGAA,2
ATTTGAGTTATTACAA,2
ATTTGATCATTGTTAT,2
ATTTGATGAGTATCTT,2
ATTTGCAAATTAACCA,2
ATTTGCAAGTTAATCA,2
ATTTGCACGTTAATGA,2
ATTTGCAGGTCAATTT,2
ATTTGCAGGTTAACCA,2
ATTTGCCTTTACACAA,2
ATTTGCGCTTAGTAAT,2
ATTTGCTGCTGTAGAA,2
ATTTGGACACATAGTA,2
ATTTGGACTACTGCCT,2
ATTTGGAGCCCTCTGT,2
ATTTGGAGGACTTACA,2
ATTTGGCTACCGGCTG,2
ATTTGGGTAAAACAAG,2
ATTTGGTTTTCAGCCC,2
ATTTGGTTTTCCGCCA,2
ATTTGTAACTGGCTCT,2
ATTTGTAAGTTAACCA,2
ATTTGTACAACAGTAT,2
ATTTGTACTTAAGTTG,2
ATTTGTCGTGAATCCA,2
ATTTGTTTTAAACAAG,2
ATTTTACCGGACAGCA,2
ATTTTACCTCGACAAC,2
ATTTTACGGATATGAT,2
ATTTTACTGACCATAT,2
ATTTTACTGACTAGTG,2
ATTTTAGGTTTTCTAA,2
ATTTTATAAATCACTT,2
ATTTTATAACGCTTCG,2
ATTTTATAACTCTGCG,2
ATTTTATGCAATAGAA,2
ATTTTCCAGGACAGCA,2
ATTTTCCCAAGACCAT,2
ATTTTCCCGGACAGAA,2
ATTTTCCTAACTCTCC,2
ATTTTCGATGAAGGGC,2
ATTTTCTAGAAGTCAT,2
ATTTTCTGTTGGATCA,2
ATTTTGAGGTGAAAAC,2
ATTTTGCCTTACCTTT,2
ATTTTGCTGACCATCT,2
ATTTTGGTGTTGATGG,2
ATTTTGTTTTCCGCCC,2
ATTTTTAAAACAAATG,2
ATTTTTACCATAGCCA,2
ATTTTTACGATAGACA,2
ATTTTTACGATAGCCT,2
ATTTTTATAGAAATAA,2
ATTTTTGTGTTGAGGG,2
ATTTTTTAGTTTTGAG,2
ATTTTTTTTAAACACG,2
CAAAAAAACCACGACT,2
CAAAAAAATATAAAAC,2
CAAAAAAATATTCGTT,2
CAAAAAAATTCGTTCA,2
CAAAAAACTCAATCAA,2
CAAAAAAGACCATACT,2
CAAAAAAGATAACAAA,2
CAAAAAATAAGATTCA,2
CAAAAAATCCTAAGCC,2
CAAAAAATTAAACCAA,2
CAAAAACAAATATAAG,2
CAAAAACAATGAAGTC,2
CAAAAACATCAATGAG,2
CAAAAACATGGACACA,2
CAAAAACCGGAAACCC,2
CAAAAACCTAGTAATA,2
CAAAAACTAACAACAA,2
CAAAAACTACTGGGAG,2
CAAAAACTGGAACAAC,2
CAAAAAGAAACTTACG,2
CAAAAAGAATGTAGGA,2
CAAAAAGTGGGATCTG,2
CAAAAAGTGTAGAAAC,2
CAAAAATACCTTTTGT,2
CAAAAATATTTCATAA,2
CAAAAATCAAGCAATA,2
CAAAAATCTTCCACTT,2
CAAAAATGTGACAAAG,2
CAAAAATTGCTAATCC,2
CAAAAATTGTGAGGTA,2
CAAAAATTTATAACCT,2
CAAAACAAACATATTA,2
CAAAACAACATTTGAA,2
CAAAACAATGAGTGCG,2
CAAAACAGACGCCATA,2
CAAAACAGACTTCCAG,2
CAAAACAGGCGCCTAT,2
CAAAACATACTGCCAG,2
CAAAACCAAATCGCCC,2
CAAAACCCATTGGACT,2
CAAAACCGGCAAGTTA,2
CAAAACCTTGTAGCGT,2
CAAAACCTTTACGAAA,2
CAAAACGAAAATTTAC,2
CAAAACGCACCAATCA,2
CAAAACTCATCGAGAC,2
CAAAACTGGCAAACCT,2
CAAAACTTCTCGAAAT,2
CAAAAGAAAATTAACA,2
CAAAAGAAACTATGAG,2
CAAAAGAAGAACCTCA,2
CAAAAGAAGGTCGCAC,2
CAAAAGAGGAAAAAAA,2
CAAAAGCCCCACTACT,2
CAAAAGCCGACAATGT,2
CAAAAGCTGCTATTTT,2
CAAAAGGAAATAAGTG,2
CAAAAGTACTGATTCA,2
CAAAAGTATTCATTTT,2
CAAAAGTCAGAGAACT,2
CAAAATAAGACCATGC,2
CAAAATACATAGACTA,2
CAAAATACCAGCAAAA,2
CAAAATTATAAACTAG,2
CAAAATTTGATGCAAG,2
CAAACAACTCGACCAC,2
CAAACAAGATCCTAAA,2
CAAACAATACATAACA,2
CAAACAATCAACAGAA,2
CAAACAATCTTGCGTG,2
CAAACACCAAAATTTT,2
CAAACACCTCGCGTAG,2
CAAACACTGAGGACCT,2
CAAACATATGGCTTAA,2
CAAACCAAACAAGGCA,2
CAAACCCAAGCCCTAG,2
CAAACCGCGCCTTACA,2
CAAACCTCTAATCCCA,2
CAAACGAAGCACATAC,2
CAAACGACAAGGAATT,2
CAAACTAAAACGCTTA,2
CAAACTAAGCGATTGA,2
CAAACTATAACATCTC,2
CAAACTATGACAGCTC,2
CAAACTATGTAAAAAA,2
CAAACTTGACCAAAAA,2
CAAAGAAAATTACCAA,2
CAAAGAAAGCACGATA,2
CAAAGAAAGCCCTATA,2
CAAAGAACGTAGCTAG,2
CAAAGAAGACTGGAAT,2
CAAAGAAGGAACGCAA,2
CAAAGAATAAACATCA,2
CAAAGAATAATGCCTT,2
CAAAGAATCTTAGTAA,2
CAAAGAGACATCTTCC,2
CAAAGAGGCGAAGCAT,2
CAAAGAGTCTGGAGTA,2
CAAAGATAAAATCATT,2
CAAAGATAGAAGGGTA,2
CAAAGATATGCAACAC,2
CAAAGATCAAAGAAGT,2
CAAAGATCCCACAAAA,2
CAAAGATCTCCCTAAG,2
CAAAGATGGTGAAGGT,2
CAAAGCACGTTACAAG,2
CAAAGCCACTTAAATG,2
CAAAGCCTGTTTTACA,2
CAAAGGAGCATACAGA,2
CAAAGGCTAGTCTTTT,2
CAAAGGGGTAAAAAGC,2
CAAAGTAAAGACAACC,2
CAAAGTATATTCACAA,2
CAAAGTCAAGTTTCAC,2
CAAAGTCCAACTTAAA,2
CAAAGTCCCGTGAATG,2
CAAAGTTGATTTACGG,2
CAAATAAAAAGCTTTC,2
CAAATAAAACAAAGAA,2
CAAATAAAGGGAGGAT,2
CAAATAAATGCTGCCA,2
CAAATAATATACCCAT,2
CAAATAATGTACTACA,2
CAAATACAAGGGCGTG,2
CAAATAGAACGGAAGA,2
CAAATAGATTGGTTAC,2
CAAATAGCATTAGAAA,2
CAAATAGTACATCAAG,2
CAAATAGTTAACCTGT,2
CAAATATAGTTGTTAC,2
CAAATCAACACCCAAA,2
CAAATCAACTGGAGTT,2
CAAATCCCTGAAAGTA,2
CAAATCTTACTGAGGG,2
CAAATCTTGTGACCCC,2
CAAATGAAGAAAAAGT,2
CAAATGACCATAATTA,2
CAAATGCAAGATCGCG,2
CAAATGTATAAGATAG,2
CAAATGTGCCAACCAA,2
CAAATTAAAACCATAT,2
CAAATTAACGCTGAAA,2
CAAATTACAATTTTAA,2
CAAATTAGAAGAAATG,2
CAAATTAGTAACACTC,2
CAAATTATACGAAGTT,2
CAAATTATGGTGAATG,2
CAAATTGACTTTTCGG,2
CAAATTGTCCCTACTG,2
CAAATTTACAAAGCAG,2
CAAATTTCACTAAGTG,2
CAACAAAACGGCGAAA,2
CAACAAAAGCGGCATA,2
CAACAAAATTCCCTTT,2
CAACAAAGTTAAAACT,2
CAACAAATATATTCTT,2
CAACAAATTTGCACGA,2
CAACAACAACTTTAAC,2
CAACAACCAACGTCGA,2
CAACAACTATACTGTG,2
CAACAATCTTAGCGTC,2
CAACAATGAAAGAAGT,2
CAACAATTCACCATAA,2
CAACACAGTAACGACA,2
CAACACCGTCTGACCT,2
CAACACTGACAATATT,2
CAACAGAAAAAGGTCT,2
CAACAGAAAGATACCT,2
CAACAGAAATAGACGT,2
CAACAGCTAAACTTGC,2
CAACAGCTCAACTTGA,2
CAACAGCTCACTGAAT,2
CAACAGCTCCCGTCCA,2
CAACATAACAACAATA,2
CAACATAAGTAATGCT,2
CAACATACTAACAATA,2
CAACATCACATAGCAA,2
CAACATCCAAACCGTT,2
CAACATCCCAGGAGCT,2
CAACATCGAACACTCA,2
CAACATCTCAACTTGC,2
CAACATGGCCTCCCCC,2
CAACATGTACTTAAGT,2
CAACATTCAAACTTTC,2
CAACCAAGACGAGGCA,2
CAACCAAGCCGATTTT,2
CAACCAAGTCTCCAAT,2
CAACCAATATATGCAA,2
CAACCACAAGATACCC,2
CAACCACCTCAAAAAA,2
CAACCAGATATGCCAG,2
CAACCAGTAGGGATCA,2
CAACCATAACGACTGT,2
CAACCATAAGTATTTG,2
CAACCATAGTAACAGC,2
CAACCATCTTATCGTC,2
CAACCATGTTCAGGTA,2
CAACCCCCAAAAATCT,2
CAACCCTAAAACGCCC,2
CAACCCTAAACCACCC,2
CAACCCTAAACCGACC,2
CAACCCTAAACCGCCA,2
CAACCCTAGACCGCCC,2
CAACCCTAGTTTGATC,2
CAACCGAAGACTACAA,2
CAACCGACTCCGCCTA,2
CAACCGCTATTTATTG,2
CAACCGTATTAGAAGA,2
CAACCGTCTTATTAGT,2
CAACCGTTACTCACCA,2
CAACCTAAAAGGACCC,2
CAACCTAAATCGGGCA,2
CAACCTAAATGGAACC,2
CAACCTAAATGGACTC,2
CAACCTAAATGTACCC,2
CAACCTAACCCCTGAT,2
CAACCTAAGACTAAGG,2
CAACCTACCCGCATAG,2
CAACCTCATCACCAAT,2
CAACCTCCGAAAGACG,2
CAACCTCGAGCTTTTA,2
CAACCTCTCGAAAGCT,2
CAACCTGAACTCATAG,2
CAACCTGAGGTAGGCC,2
CAACCTGGTCTGCAAC,2
CAACCTTCGGTAGGCC,2
CAACCTTGGTAGGCCA,2
CAACGAACCACAATAA,2
CAACGAACCTTCTGAC,2
CAACGAAGATTTACTC,2
CAACGAAGATTTCCAC,2
CAACGAATTGTACGAA,2
CAACGACTCGTGTAAT,2
CAACGACTGTCGAGAA,2
CAACGATGTGAAGAAA,2
CAACGCACCACCCATG,2
CAACGCCGCAGAATCC,2
CAACGCGCATAATGCA,2
CAACGCGCCTAATCCA,2
CAACGCGTTGTACGAA,2
CAACGCTGCTGACCCA,2
CAACGCTGCTGAGCCC,2
CAACGCTTTGACGGAT,2
CAACGGAAAATAAATG,2
CAACGGAAAGGTCATA,2
CAACGGAACGCAAGTG,2
CAACGGCGTAGACTAG,2
CAACGTAACTACACAA,2
CAACGTGACTGGCAAC,2
CAACGTGAGAAATACA,2
CAACGTGCGAAATACG,2
CAACGTGGCATAGGAC,2
CAACGTGGGAGTATAT,2
CAACGTGTATAATATT,2
CAACGTTAGAATGTTC,2
CAACGTTCGAAATACA,2
CAACGTTGCTGATCCA,2
CAACTAAACATATGAT,2
CAACTAAATAAATTTT,2
CAACTAAATTCCCCTG,2
CAACTAACCTGGAACA,2
CAACTAACGAAATTTT,2
CAACTAATCCATCTAT,2
CAACTACAAGAGACCC,2
CAACTACAAGATCGCG,2
CAACTACTACGAGCAT,2
CAACTAGACCGGACCA,2
CAACTATCTTAAATCT,2
CAACTATTTCGAAAAA,2
CAACTCAACCAGAAAC,2
CAACTCAGCACCGATG,2
CAACTCATGGAGTACA,2
CAACTCCAAGAAAAGA,2
CAACTCGGACAAAAGC,2
CAACTCTCCACGAACT,2
CAACTCTCCGCGAAAT,2
CAACTCTCCGCGATCT,2
CAACTCTCTAGAGATT,2
CAACTCTCTGCGAACT,2
CAACTCTGAAAACACG,2
CAACTGAAGCTCAAAA,2
CAACTGACCTGTAACA,2
CAACTGCAGGATCGCG,2
CAACTGCATTAATCCT,2
CAACTGCCTTAATCAT,2
CAACTGTAAGATCGCG,2
CAACTTACTAAATTTT,2
CAACTTTAGCGCATAG,2
CAAGAAAATATCTTTT,2
CAAGAAAATCCAACTT,2
CAAGAAACAATGCAGT,2
CAAGAAACCTATCGCG,2
CAAGAAACGATTCAGT,2
CAAGAAACTGTAGGGT,2
CAAGAAATAAATACAA,2
CAAGAAATTGCTAAAT,2
CAAGAAATTGGAGCTA,2
CAAGAACCAAGTGATG,2
CAAGAACGGATCGACA,2
CAAGAACTCCGATACT,2
CAAGAAGAGTAATCGT,2
CAAGAAGAGTACGGAA,2
CAAGACAAAACCCGGA,2
CAAGACAACATATCAA,2
CAAGACCCTGAAATGG,2
CAAGACGAAAGTCTAA,2
CAAGACTGCTAATTTA,2
CAAGAGATTAAAGTTT,2
CAAGAGCGATATGACG,2
CAAGAGGTATACAATT,2
CAAGAGTTGACAACTT,2
CAAGAGTTTACTAACA,2
CAAGATAACGGTATAC,2
CAAGATGACGATGTCC,2
CAAGATGCCTATGTCC,2
CAAGATGCGATACACA,2
CAAGATTAAAAGGTCA,2
CAAGATTAATGCGGCT,2
CAAGATTGCTAATTGA,2
CAAGCAAAGAACGTTT,2
CAAGCAAATTGAACAA,2
CAAGCAACCGCGAAGG,2
CAAGCAACCGGCTTCC,2
CAAGCAACGGGGAGTC,2
CAAGCAATAGGGTTGT,2
CAAGCACACATTGCAC,2
CAAGCACATAACTTGC,2
CAAGCACGGCCCCGAA,2
CAAGCATCATCCAAAT,2
CAAGCATCGCCATCGT,2
CAAGCATTTTCCCTAA,2
CAAGCCACGCACGAGA,2
CAAGCCCAAAACCATT,2
CAAGCGAACGGCTTCC,2
CAAGCTACATTTCACA,2
CAAGCTGATAGACGTC,2
CAAGCTTAACAATTAA,2
CAAGGAAGGCTGGAAT,2
CAAGGAATTTGAGGAC,2
CAAGGAGAATATACGA,2
CAAGGAGACTGGATGA,2
CAAGGCATCTCGTTTC,2
CAAGGCGTTGTCTTGA,2
CAAGGGAACGAAAGTG,2
CAAGGGATTTCTCTAA,2
CAAGGGCACCCTAACG,2
CAAGGGCTACGATAGC,2
CAAGGGGTTAACACCG,2
CAAGGGTGCAGTACAT,2
CAAGGTACAAGGTTTC,2
CAAGGTCAGAACTAAA,2
CAAGGTGCGGAATGAA,2
CAAGGTTCGTAACTCG,2
CAAGTAATCGTAATCA,2
CAAGTACCCGAGACAA,2
CAAGTACCGAGTGAAA,2
CAAGTACCTTATACTA,2
CAAGTACGCTAGAGAC,2
CAAGTACTAAGTGCCG,2
CAAGTACTAAGTGCTA,2
CAAGTAGCTAACTAGA,2
CAAGTAGGGAACTAGA,2
CAAGTAGTCAATTACA,2
CAAGTCAAGATCACAA,2
CAAGTCCGATAGAGAC,2
CAAGTCCGGCGATGTT,2
CAAGTCTCAGATTCAT,2
CAAGTGATTGCCGTAT,2
CAAGTGCATTGGCAGT,2
CAAGTGTAAACCATTG,2
CAAGTGTCACACACTA,2
CAAGTGTCCAACACTA,2
CAAGTGTTCACTATAC,2
CAAGTGTTCCACACTA,2
CAAGTTGTGACACTCT,2
CAAGTTGTTTGTTACC,2
CAATAAAACCACGGTT,2
CAATAAAATAGCCTAA,2
CAATAAACACAACAAC,2
CAATAAACGCAACAAC,2
CAATAACACTCTTACT,2
CAATAACAGCCTGTGT,2
CAATAACATGATTCTT,2
CAATAACGACAATTTA,2
CAATAAGATACCATCT,2
CAATAAGCGAACACTA,2
CAATAATACTTATTAG,2
CAATAATATAGAAAAC,2
CAATAATCTGTGATAA,2
CAATAATGCACAAGAT,2
CAATAATGGGTGCGAG,2
CAATACAAAGAGACTC,2
CAATACAACCGAGCAG,2
CAATACACTGTTAATC,2
CAATACAGACTACACC,2
CAATACAGTGTCTCAT,2
CAATACATAAAGCCTA,2
CAATACATAGAAACTT,2
CAATACATTTGATGAA,2
CAATACCCAAGTGATG,2
CAATACCTGACTCCAT,2
CAATACCTTGCTATAA,2
CAATACTAAATGAATG,2
CAATACTTAAACATCT,2
CAATAGAACAGTAAAG,2
CAATAGAAGTCGAACT,2
CAATAGAGAATAACTT,2
CAATAGAGATGCACTA,2
CAATAGAGCCGCACTA,2
CAATAGAGCTTCACTA,2
CAATAGATATTATCCC,2
CAATAGATTTAAGCTA,2
CAATAGCTAATTAAAG,2
CAATAGCTGCTAACAA,2
CAATAGTAAATATTAT,2
CAATAGTCGAAAAACC,2
CAATAGTGGTCATGCA,2
CAATATACAGTCAAAA,2
CAATATAGATTGTAAA,2
CAATATAGGGCGGCTT,2
CAATATAGTATGCGTG,2
CAATATATAAAAATTC,2
CAATATATGTGATCGT,2
CAATATCCCGTTGACC,2
CAATATCTGTTATTCA,2
CAATATCTTAGCAAAC,2
CAATATGATGGGCCAG,2
CAATATGCCGATGTCC,2
CAATATGGGCCATCTC,2
CAATATTAGTACAACG,2
CAATATTGACCCGGAG,2
CAATATTTCTAAGTGA,2
CAATCAAAAAATAACA,2
CAATCAATGAAGCGTC,2
CAATCACTCGTAATTA,2
CAATCACTGCTTCATC,2
CAATCAGCATAAACTC,2
CAATCATAAAGAACTA,2
CAATCATACACCCATG,2
CAATCATCGGGCGAAA,2
CAATCATGAGCCGATT,2
CAATCCAAATAAGTGC,2
CAATCCAAGGCTTGCG,2
CAATCCAATACAGATA,2
CAATCCACCTAAACAA,2
CAATCCAGACCACGTT,2
CAATCCAGACTACACA,2
CAATCCATACAGTTTA,2
CAATCCCCTTCCATAA,2
CAATCCTAAAATTACT,2
CAATCCTAAAGAAATA,2
CAATCCTATTGTGCTG,2
CAATCGAAAAAGCACA,2
CAATCGAACTTAATAC,2
CAATCGACCGAAAAGT,2
CAATCGACTTCTTACA,2
CAATCGATAAACCAAG,2
CAATCGATCTAAGCTA,2
CAATCGATGTCTCCCA,2
CAATCTAAAAAAGGCA,2
CAATCTAAATAAGTGG,2
CAATCTAAATAAGTTC,2
CAATCTACCAATTAAT,2
CAATCTAGAAAAGTCA,2
CAATCTAGAAAATGCA,2
CAATCTATGTTTAGCT,2
CAATCTATTTAAGCTA,2
CAATCTCCGTTGTAAA,2
CAATCTCTAAAGATGC,2
CAATCTCTAGGGTACA,2
CAATCTCTGTAACATA,2
CAATCTGAATTCAATG,2
CAATCTTAACAATGAA,2
CAATCTTAATCAAAAT,2
CAATCTTACTTTGAAT,2
CAATCTTCTGGTATCT,2
CAATGAAAAGCCTAAT,2
CAATGAAGACTGGAAT,2
CAATGACGAATTCGTT,2
CAATGAGCTTTGTAAC,2
CAATGAGGAAAGTCAA,2
CAATGAGGAAGGCCAA,2
CAATGATCAACTATTT,2
CAATGATTAATGACCA,2
CAATGATTAATTACCC,2
CAATGCACCGAGCTGA,2
CAATGCTCTCCAGCAA,2
CAATGGCCTCATAAGA,2
CAATGGCCTTAAATTT,2
CAATGGGTTTGATTCC,2
CAATGGGTTTGCTTAC,2
CAATGGGTTTGCTTCA,2
CAATGGTACCAGAACG,2
CAATGGTCTGGAACGT,2
CAATGTAATAAATTAA,2
CAATGTACTAATCCTA,2
CAATGTGTCGTGCTCA,2
CAATGTTTGTAATACT,2
CAATTAAAAGTACATT,2
CAATTAAGATGGATTG,2
CAATTAAGGTCCATCA,2
CAATTAATGAGAAGAC,2
CAATTACAGTATCTTA,2
CAATTACCCCACAAAT,2
CAATTACCTCACGCGT,2
CAATTACTCGAAACAA,2
CAATTAGTGCAAATAA,2
CAATTATAAGGTCCGG,2
CAATTATTTCTGGCCT,2
CAATTCAAACAATGAT,2
CAATTCAAACTGATTA,2
CAATTCACTAAACAAT,2
CAATTCACTCTGCCTA,2
CAATTCAGATACAGAA,2
CAATTCCAAAAGAGTT,2
CAATTCCCGGATAGTG,2
CAATTCCGATAAAAAT,2
CAATTCCGCTCAATGA,2
CAATTCGACCACAAGA,2
CAATTGAATCTGTATG,2
CAATTGAATTTTAGAT,2
CAATTGACATACCATA,2
CAATTGACCATTTATG,2
CAATTGCTGCGTCGAA,2
CAATTTACAATCTCTT,2
CAATTTATAATAGCGC,2
CAATTTATACACATGA,2
CAATTTCATTACAATT,2
CAATTTTCAATAGAGT,2
CACAAAAATTATTTAT,2
CACAAAATGGGTGTAA,2
CACAAACATGGAAACA,2
CACAAACCTACTATAC,2
CACAAATACGTAAAGT,2
CACAACAATATCACGT,2
CACAACATTTCACGGA,2
CACAACCCCTGAATAT,2
CACAACCCGGACCGCT,2
CACAACGAAATCGAGT,2
CACAAGACCCACCAAT,2
CACAAGATCACCCCGT,2
CACAAGCCCAAACTGC,2
CACAAGCTTAACTATC,2
CACAATAAAATGTTAT,2
CACAATAAGTATGGAC,2
CACAATACAGATTGGA,2
CACAATACATCGGTAA,2
CACAATACCAAGAAGA,2
CACAATACTGATTGGT,2
CACAATACTTATTGGA,2
CACAATATTAGCCCCA,2
CACAATCAATAACTCC,2
CACAATCCATAGCTCC,2
CACAATCTTAGCCACA,2
CACAATCTTAGCCTCA,2
CACAATGTAGTCCATA,2
CACAATTATAGGTAAA,2
CACAATTCATATAAAT,2
CACAATTGTAACGCAA,2
CACAATTTTCACGCAA,2
CACACAAAACACAAAC,2
CACACAACAACTAACA,2
CACACAACTCGACCGC,2
CACACAAGAAGAAAAA,2
CACACAATAATAGTCA,2
CACACAATATATCACG,2
CACACAATATTGCAAA,2
CACACACAAACTGAAG,2
CACACACGACCGGTCA,2
CACACACTAGAAGCAA,2
CACACACTTCCCAACA,2
CACACAGAACATTACA,2
CACACAGATAATCCCA,2
CACACATATAAGTTGT,2
CACACATCCACCCCAT,2
CACACATTTTCTCCAG,2
CACACCAACTAAGTTT,2
CACACCAACTAATTTG,2
CACACCACAACGAGAG,2
CACACCAGCACTATCT,2
CACACCATCACCCCCA,2
CACACCCAAAACCCCC,2
CACACCGATTTGCTAG,2
CACACCGCATCCGAAT,2
CACACCTAAATTTCAA,2
CACACCTGAACTATCT,2
CACACCTTCACTATCT,2
CACACGAACTTGCCTC,2
CACACGATTGAAAGTA,2
CACACGCCCGTACCCA,2
CACACGGACTCCTGGA,2
CACACGTACATCGACT,2
CACACTACAAGACAAT,2
CACACTATCCAACTTC,2
CACACTGAACTGAAGA,2
CACACTTCACCCACAG,2
CACACTTCACTCCTTC,2
CACACTTTACACAATA,2
CACACTTTTCATAGAA,2
CACACTTTTCTTACAC,2
CACAGAGAGCCAGCTG,2
CACAGAGCTGGAATGA,2
CACAGAGTAGTAAACT,2
CACAGATATCTTGTGT,2
CACAGATTACAATCAA,2
CACAGCCTACTTCTAT,2
CACAGGAGAACCCATA,2
CACAGGCACAGACGCT,2
CACAGGTGTCGCTTAC,2
CACAGTATACGACAAT,2
CACAGTGACCATCCCA,2
CACAGTGCTTGAGGCT,2
CACAGTGTGTCCTTCA,2
CACAGTGTTATCTAAC,2
CACAGTGTTTACTGAC,2
CACAGTTATAGAGAAA,2
CACATAAGACCTAAAA,2
CACATACTTGACATCT,2
CACATATATTGGCTTA,2
CACATATTCAGCCCAT,2
CACATCAAAGCCAGCC,2
CACATCACGGACGATT,2
CACATCACGTTACAAG,2
CACATCCCAAAATAAC,2
CACATCTCTTTCGGTA,2
CACATCTTTCATACAC,2
CACATGACAACAACTT,2
CACATGACAAGAGAAC,2
CACATGGCTATTCTGG,2
CACATGGCTTTGGAGA,2
CACATGTACCAACCAA,2
CACATTGCCCACAGTT,2
CACATTGCCCAGGTAC,2
CACATTGGAATTCGCT,2
CACATTGTATCATTCT,2
CACATTGTCTAAGAAA,2
CACATTTTACACAATA,2
CACCAAAAAACTTATG,2
CACCAAAACTAATTAA,2
CACCAAAATACAGAGC,2
CACCAAACTAGTCAAT,2
CACCAACCGTGAAGGA,2
CACCAACGATAAATCA,2
CACCAATCACCCAAAG,2
CACCAATTACGGTTCG,2
CACCACCCGGAATCCA,2
CACCACCTGAAATCAA,2
CACCACCTGTTTTTTG,2
CACCACGGATATCACG,2
CACCACGTTCCAAACA,2
CACCACTGCCCGCAGG,2
CACCAGACCATCGACC,2
CACCAGATAGAGAGGA,2
CACCAGATGATCTTGA,2
CACCAGGAAGGGCACA,2
CACCAGGCAGGGAACA,2
CACCAGGTAGGGCACA,2
CACCATAAAAAATGGG,2
CACCATATTTGACACC,2
CACCATCAAAACAACT,2
CACCATCCAAACAGCT,2
CACCATCCAAACATCT,2
CACCATCCAATTCTTC,2
CACCATCTAAACAAAA,2
CACCATGAATCAAATC,2
CACCATGAGCAACTCA,2
CACCATTCCCCGACCT,2
CACCCAAAATGGGTAC,2
CACCCAAATATCACAA,2
CACCCAACGCTAAAAG,2
CACCCAAGTATCCAAT,2
CACCCAGAACGGAACG,2
CACCCATACCCCAACA,2
CACCCATGACCCAACA,2
CACCCATTTGGCATTA,2
CACCCCAACAGACCCG,2
CACCCCCATTAGTTTG,2
CACCCCTAGCACCCGA,2
CACCCCTATAGAGCAC,2
CACCCCTATCGTCGAG,2
CACCCGAAGTACCATG,2
CACCCGACATCTGAGA,2
CACCCGACTTTGCTAA,2
CACCCGTAATTAAAAA,2
CACCCTACAGGTATAG,2
CACCCTACCTCTAGCT,2
CACCCTAGAAAGCGGT,2
CACCCTATTAGCATTT,2
CACCCTCAATACGATA,2
CACCCTGAACCGAAGA,2
CACCCTTCACCCATAC,2
CACCCTTGCTCGACAT,2
CACCGAACCTTATGAC,2
CACCGAATATAAACTC,2
CACCGACAGATGTATA,2
CACCGACTGCAGAACA,2
CACCGATTACCACGCT,2
CACCGCCCCCGTCCAT,2
CACCGCGAATCTCTGC,2
CACCGGAAAGGTAATA,2
CACCGGACCAAAAACG,2
CACCGTAAGAAATGGG,2
CACCGTCAAGGCCGCC,2
CACCGTCACGGACGCC,2
CACCGTCACGTCCGCC,2
CACCGTCCAAACAACT,2
CACCGTCTTATTGGCC,2
CACCGTGAATGGCAAC,2
CACCGTTACTGGCAAC,2
CACCTAATATCACATT,2
CACCTAATCCTGATAA,2
CACCTACCCGACAAAA,2
CACCTAGTCTTATAGA,2
CACCTATAAATTATGC,2
CACCTCAGAAGTAACT,2
CACCTCCAACGGGTAC,2
CACCTCCAGCGTTGAC,2
CACCTCCTGTTCCGAG,2
CACCTCGTGTTATAGA,2
CACCTCTACATGACAC,2
CACCTCTGCAAGTTTG,2
CACCTCTTCGTGACCC,2
CACCTCTTTTTCGGTA,2
CACCTTCAGTCTCGAC,2
CACCTTGGTTAGTAAA,2
CACCTTTAAGGTACAA,2
CACCTTTCGGTATTAC,2
CACGAAAAAAACTAAA,2
CACGAAAGGTTGGCCC,2
CACGAAATACTAGGTT,2
CACGAACAGTGGCACA,2
CACGAACTGTATAACA,2
CACGAATTATTATACT,2
CACGACATATTATAAT,2
CACGACATTGGATGGA,2
CACGACCCGTGTCTCA,2
CACGACCTTCGACACA,2
CACGACTAAATACACG,2
CACGACTAGAGAATCT,2
CACGACTGGTTTGGCA,2
CACGAGAATTGATCGT,2
CACGAGACAAGTAATT,2
CACGAGCCGCAAGTCG,2
CACGAGCGTCCATATA,2
CACGATTCTACCTGAG,2
CACGATTGTCACGCAA,2
CACGCAACCGCGAAAG,2
CACGCAACGACTAACA,2
CACGCAAGAGGTGGAA,2
CACGCAGTTCAACTTT,2
CACGCATAAAAAAAAC,2
CACGCATAAAAAAACA,2
CACGCATAAAAAAACT,2
CACGCATAAGTTGCAT,2
CACGCATAGGTCGCAT,2
CACGCCTTAACACTAC,2
CACGCGCCACTGTAAT,2
CACGCTGTATACCGAT,2
CACGGAACAGCATATT,2
CACGGAGTGCAACTTT,2
CACGGCTCGACTATAA,2
CACGGCTGTTACCGGG,2
CACGGCTTTGACTAAT,2
CACGGGGAAAAAACTG,2
CACGGTCACGGCCGCC,2
CACGGTGAACGACGAG,2
CACGTAAACAACCTTT,2
CACGTAGAATAAAGCA,2
CACGTAGATCATCGCC,2
CACGTAGTTTAAAATA,2
CACGTATCTCATCGCC,2
CACGTCATCTGTTCAC,2
CACGTCATGACTTGAG,2
CACGTCCCAGAGTTTA,2
CACGTCGAATTTGATA,2
CACGTGATAGGAGGTG,2
CACGTGCGTCAACAAA,2
CACGTGGATGGCATGC,2
CACGTGTATCCAGTAG,2
CACGTGTGACTCAAAC,2
CACGTTAACCGGATTA,2
CACGTTTATTATCACC,2
CACTAAAACAAAAGCT,2
CACTAAAAGCTCTAGT,2
CACTAAATTGGAGCTA,2
CACTAAATTTAAACAA,2
CACTAAATTTCGCAAT,2
CACTAACCAGTTCTTG,2
CACTAACTAAGAATAT,2
CACTAACTGGTTAAAT,2
CACTAACTTAACACAG,2
CACTAAGAGGAGAACA,2
CACTAATCGCTATATA,2
CACTAATCGGTATCCT,2
CACTAATTGTGAAACA,2
CACTACAAAAAGTCAT,2
CACTACCAAATTAGTA,2
CACTACCACACACCCC,2
CACTACTACACCGATG,2
CACTAGCACATACTCC,2
CACTAGCCGTGCCCTA,2
CACTAGCGTCAATCGC,2
CACTAGCTTTGCCCTA,2
CACTAGGAGATCTCAT,2
CACTAGTACCGTGAAA,2
CACTATCCAATTATAC,2
CACTATGCCAGTAAAA,2
CACTATTAGCCGCAGC,2
CACTCAAAACTGGACA,2
CACTCAAACCTTGACA,2
CACTCAAAGATTCTAC,2
CACTCAAAGCTGGACA,2
CACTCAAAGTCTCGAC,2
CACTCATAAAAAAACC,2
CACTCATACATTTACG,2
CACTCATATAACACGA,2
CACTCATGATGAAACC,2
CACTCATTAATATTAA,2
CACTCATTCCCGGAAT,2
CACTCCAAGATTATAC,2
CACTCCAAGCGTTAAG,2
CACTCCACGTCGGTTT,2
CACTCCATTGGATGGA,2
CACTCCCTGACCTACC,2
CACTCCGAACCCTTAG,2
CACTCCGAATTTGATA,2
CACTCCTTGATGCTAT,2
CACTCGAAAAAAAGGT,2
CACTCGACTTCCGAAT,2
CACTCGAGACTTTGAA,2
CACTCGATGACAACCA,2
CACTCGGAAAACAATA,2
CACTCTAAAAAGACGA,2
CACTCTATTACGGGCA,2
CACTCTATTCAGGGCA,2
CACTCTATTCCGGTCA,2
CACTCTATTCCTGGCA,2
CACTCTCCAATCATAC,2
CACTGAAAAATAACAC,2
CACTGAAACCCAATTA,2
CACTGAAACTCAATGA,2
CACTGAATGTGGTTCG,2
CACTGACCATAGCACC,2
CACTGAGTCATTCATA,2
CACTGATTGCGAGTTT,2
CACTGCAGAAATCACC,2
CACTGCATCAATCACC,2
CACTGCCGACAATTAC,2
CACTGCGTTATTAAGC,2
CACTGCTACCAAAAAC,2
CACTGCTCCAAAAAAC,2
CACTGGAACAACGGAA,2
CACTGGCCCCCCCGAC,2
CACTGGCCCGCCCTAC,2
CACTGTAAAAAATAGT,2
CACTTAAAATTTTTCT,2
CACTTAAACCCAATGA,2
CACTTAACTGAAACAA,2
CACTTAAGTCCACATA,2
CACTTAATTTATACTG,2
CACTTACCTTCCGCAT,2
CACTTACTAACGCTCC,2
CACTTACTTTAGTCCC,2
CACTTAGTATTACATA,2
CACTTATCTTACTGAT,2
CACTTATTCAGCGCAA,2
CACTTCAAACTTATTA,2
CACTTCACTCTATTGG,2
CACTTCAGCAGACGAT,2
CACTTCATGGATACGC,2
CACTTCATTAGATACT,2
CACTTCCGGAAAACGA,2
CACTTCTGATAGAAAC,2
CACTTGAGGAAGAGCT,2
CACTTTGCCTAGCAAA,2
CACTTTGGTTGAGTGA,2
CACTTTTATCTACGAA,2
CACTTTTGTCTTATTA,2
CACTTTTTAACAGTAA,2
CAGAAAATAGGTGTAG,2
CAGAAACCCGATCAAC,2
CAGAAACCCGCCAGTT,2
CAGAAACTCCTCCGTA,2
CAGAAACTCCTCCTTC,2
CAGAAACTGCTCCGTC,2
CAGAAACTTATTACCA,2
CAGAAAGACTAAGCCA,2
CAGAAAGTAAGAATTA,2
CAGAAATAAGGAATAG,2
CAGAAATATAAGTTGT,2
CAGAAATGAAATTTTA,2
CAGAAATTCTATGACC,2
CAGAAATTGATCCAAG,2
CAGAACAAAAAACAAT,2
CAGAACAAAAATGACA,2
CAGAACAAATCAAACC,2
CAGAACAACAGAGAAC,2
CAGAACACTCGGGAAA,2
CAGAACATATGACAAC,2
CAGAACCCCGACCAAC,2
CAGAACCGAGGTAGTA,2
CAGAAGAAGCAATACA,2
CAGAAGAATATCTCGG,2
CAGAAGCCCTACAGAG,2
CAGAAGTAGCATTCCC,2
CAGAAGTGATCTAATA,2
CAGAAGTGGTGCCTCA,2
CAGAATACTCCGGACT,2
CAGAATACTGAAGGTT,2
CAGAATCTTGTAAGAC,2
CAGAATGCTCTAAAAA,2
CAGAATGGTAGCCAAA,2
CAGAATTAACAAGCTC,2
CAGAATTCGGAGACCC,2
CAGACAAAAGGTTCGT,2
CAGACAAAAGTGAGCT,2
CAGACAAAATATCCAA,2
CAGACAAAGGGGTTAA,2
CAGACAAGAGCAAACT,2
CAGACAAGTACCTTGA,2
CAGACAAGTCAATTCC,2
CAGACAATTAATAACT,2
CAGACACATAAAAAAT,2
CAGACACTGTCTACAT,2
CAGACACTTGCTAAAG,2
CAGACAGACTAAGCAA,2
CAGACAGACTGAGCCA,2
CAGACAGGGGGTGGAG,2
CAGACAGTAACCAACA,2
CAGACATACTAAGCCA,2
CAGACCAATAATAATG,2
CAGACCATATTTCTAG,2
CAGACCCAAAAATGTC,2
CAGACCCACAAATTTC,2
CAGACCCCAATAGGCA,2
CAGACCCTCCCTGAAA,2
CAGACCGCACCTCATC,2
CAGACGATACCTACAC,2
CAGACGGCGCGATTAA,2
CAGACGGCTGTTAAAT,2
CAGACGGTTAATAAAA,2
CAGACTACTCCGGGCT,2
CAGACTAGAACATTAA,2
CAGACTCACATAGTCA,2
CAGACTCAGGGTCTGG,2
CAGACTCGAAAAATAT,2
CAGACTCTTCTCCGTT,2
CAGAGAAATCATATTT,2
CAGAGAAATGAAGGCA,2
CAGAGAAGGACGACTC,2
CAGAGAATAATATCGT,2
CAGAGAATTCAAACTA,2
CAGAGACCGCGTAATG,2
CAGAGAGATACTACGA,2
CAGAGAGCTACGATCC,2
CAGAGAGCTACTAGCC,2
CAGAGAGTGAGCAGTT,2
CAGAGCACCATTTACA,2
CAGAGCATAATAGACT,2
CAGAGCGAATAGGAGA,2
CAGAGGCCGCGATAAC,2
CAGAGGCTTACGGTGA,2
CAGAGGGCTACGAGCC,2
CAGAGTAACTAACCTG,2
CAGAGTTTCCAAACGA,2
CAGATAAGGCTCTAGT,2
CAGATAATGTATAATG,2
CAGATACTAGGAAACT,2
CAGATAGCAAAAACAA,2
CAGATATAACTCTAGT,2
CAGATATAATCGCATC,2
CAGATATATAACTAAT,2
CAGATATTGATTTCTT,2
CAGATCACGGTGAAAA,2
CAGATGTAACAGGCAA,2
CAGATGTACACTAATT,2
CAGATGTGGATTACAC,2
CAGATTAAGCAGATAA,2
CAGATTCGATCGAAAA,2
CAGATTGAAATACTCT,2
CAGATTGAACTATAAA,2
CAGATTGTCAACGTCA,2
CAGATTTAAAACGTAA,2
CAGCAAAAAGAGTAGC,2
CAGCAAAGAACCCCAA,2
CAGCAACACCCTACCG,2
CAGCAACATATCCCAG,2
CAGCAACCTTTATTAG,2
CAGCAACTATTACTAC,2
CAGCAACTTAGAGCAC,2
CAGCAAGCAACGAGTT,2
CAGCAATAACAATTTC,2
CAGCAATAACGATCTC,2
CAGCAATAACGATTTA,2
CAGCAATCGAACAAGA,2
CAGCACCTGAGGTTAT,2
CAGCACTATGTTTACG,2
CAGCACTCACAGCTAG,2
CAGCAGCACAACATTG,2
CAGCAGCTAAGAACTA,2
CAGCAGTAGCCAAGAA,2
CAGCATACACTAAGTA,2
CAGCCAAAGTCAACTA,2
CAGCCAACCTTTATCG,2
CAGCCAACTGAAGCCA,2
CAGCCACGCGAGTACT,2
CAGCCACTACACACGC,2
CAGCCACTCTGCTTTG,2
CAGCCATACATATTAT,2
CAGCCATGAGAATCAA,2
CAGCCCATTCCGAGAT,2
CAGCCCCAACCAGGAA,2
CAGCCGGGGTGACAGG,2
CAGCCGGGGTTAATGA,2
CAGCCGTCAATCCATG,2
CAGCCTATAAGTGACA,2
CAGCCTCTTGCACGAA,2
CAGCCTTAGAGCAAAG,2
CAGCCTTGATCGAAAT,2
CAGCGACATTGGCTAT,2
CAGCGACCTTTCCGAT,2
CAGCGATAGCACCATA,2
CAGCGCCCTTACAGGA,2
CAGCGCTTTCGTGCTA,2
CAGCGTAACTGACAAA,2
CAGCGTATAGCAAACA,2
CAGCGTGAAGCCGCCC,2
CAGCGTTCCTATGGAA,2
CAGCGTTTCAAAACGA,2
CAGCTAAACTCTTTGG,2
CAGCTAACCCCGAAAA,2
CAGCTAACTAGTCTAT,2
CAGCTACCGATACAAG,2
CAGCTAGAAAAATTGA,2
CAGCTAGAAAACTCGA,2
CAGCTCACTATCCTAT,2
CAGCTCCCCAATGACT,2
CAGCTCCCCAATTACT,2
CAGCTCGGCATCATAG,2
CAGCTCTCTGGACCAT,2
CAGCTGAACCACCGAA,2
CAGCTGCATATCTCAC,2
CAGCTGGTACCACAAA,2
CAGGAATATTTAAAAT,2
CAGGAATGACCTGACA,2
CAGGACACAGTACAAG,2
CAGGACATGCATCTAT,2
CAGGACCATGTAACCG,2
CAGGACCGCATGCAGC,2
CAGGACCTTATCGTGG,2
CAGGACCTTCAAGACC,2
CAGGACCTTCAATCCC,2
CAGGACGTTATGGATA,2
CAGGACTCTAGGGATT,2
CAGGAGTCAGCAAACC,2
CAGGATAAAAGAACAA,2
CAGGATAACAGAACAT,2
CAGGATAACATAACAA,2
CAGGATTAAGCGCGAG,2
CAGGATTGTAAAAATG,2
CAGGCAAGTTCGGGTA,2
CAGGCACCAACAAAAG,2
CAGGCACGACCCCGAA,2
CAGGCAGTATATGTAC,2
CAGGCATCTCATGGAT,2
CAGGCATGCGTACCAA,2
CAGGCCACCAAGTGGA,2
CAGGCCGCTTGTCAAT,2
CAGGCGAGTGCCTTAC,2
CAGGCGTCAGACTGAG,2
CAGGCTAAACCTCCAG,2
CAGGCTCTCGAAAGCT,2
CAGGCTGACGAAAACA,2
CAGGGACGGTCAGCAA,2
CAGGGAGTAAAGCTAC,2
CAGGGATATAACCGAC,2
CAGGGCCGGTAAGCAA,2
CAGGGCTAGAGAGTTC,2
CAGGGCTTAGCCTTTG,2
CAGGGGACATGACGAT,2
CAGGGTTAAACCACGA,2
CAGGGTTCCACAAAGA,2
CAGGTAAGTATGGCTA,2
CAGGTAGTGAGACAAC,2
CAGGTATGCAGACTCG,2
CAGGTATGCAGCCCCG,2
CAGGTATGTAGCCTCG,2
CAGGTCCAACTTTAAA,2
CAGGTCCTCGTGTCCA,2
CAGGTTAATGCACTGG,2
CAGGTTGTATCATCAG,2
CAGTAAAACCACTAAC,2
CAGTAAAACCATCCTG,2
CAGTAAAATGTCTATA,2
CAGTAACAATTCAACC,2
CAGTAACAGAATAAGT,2
CAGTAACAGTACTTAA,2
CAGTAAGCCTGATTCG,2
CAGTAATAATCCGGAC,2
CAGTAATGATGTAAAG,2
CAGTACATTGATTACC,2
CAGTACCATGCTTCAA,2
CAGTACCTAGCAAAAT,2
CAGTAGAAAATATTGA,2
CAGTAGACATCATCAT,2
CAGTAGCAGAAGCAGT,2
CAGTAGCGTAACCAGC,2
CAGTAGCTGATCAGTA,2
CAGTAGTCGTGTACCT,2
CAGTATAACAACAAAA,2
CAGTATAACTCCTGCA,2
CAGTATAGTTCATGAA,2
CAGTATGAATCCCTAT,2
CAGTATGCGATGATCA,2
CAGTCACACCTTGGGG,2
CAGTCACCAGAAAGTA,2
CAGTCACTGTGACAGC,2
CAGTCAGGGCATATCC,2
CAGTCAGGTCACATCC,2
CAGTCAGGTCTGGCTA,2
CAGTCAGTGCACATCC,2
CAGTCATAGTACTTAA,2
CAGTCATGTACAGTCC,2
CAGTCCAAAAGACAAA,2
CAGTCCCCTGCAGCGA,2
CAGTCCTCAACCTGGT,2
CAGTCGAACACCCGAA,2
CAGTCGCCAGATTAGA,2
CAGTCGGTTTAACCGA,2
CAGTCTCTACAAGGAA,2
CAGTCTGACAATGCCT,2
CAGTCTGATTTGACGA,2
CAGTCTGATTTGGTGA,2
CAGTCTGGGTCAACCA,2
CAGTGAGCACAAATAT,2
CAGTGAGTACCCTAAA,2
CAGTGATAAATATCAT,2
CAGTGCATTGATTACT,2
CAGTGCCAAAATAGTC,2
CAGTGCCAAACCAGTC,2
CAGTGGACAAGGACGA,2
CAGTGGAGTAACCAGC,2
CAGTGGCGTAACCAGA,2
CAGTGGTGTAACCAGC,2
CAGTGTATTCAAGAAT,2
CAGTGTCGTAACCAGC,2
CAGTGTCTAAGGTAAG,2
CAGTGTTGTAATAATG,2
CAGTTAGGTTTTGAGA,2
CAGTTATAAAATATCA,2
CAGTTATGTATATACG,2
CAGTTCACGATCCTAT,2
CAGTTCACTATACTAT,2
CAGTTCACTATCATAT,2
CAGTTCACTATCCCAT,2
CAGTTCACTATCCTGT,2
CAGTTCACTATCGTAT,2
CAGTTCCCGTCACATA,2
CAGTTCCGACCCAAGA,2
CAGTTCGCTATCCTAT,2
CAGTTCTATAACCAAA,2
CAGTTGAAATAGGATA,2
CAGTTGCATGCTGATT,2
CAGTTGCGAATTGATG,2
CAGTTGGCCCTCTCCT,2
CAGTTGTCCTAAGACG,2
CAGTTGTGGACGCCTA,2
CAGTTTAATATGCAGC,2
CAGTTTACTATCCTAT,2
CAGTTTAGTCATGATA,2
CAGTTTATCTCTACCA,2
CAGTTTGCACAATCCA,2
CATAAAATACAAAGGG,2
CATAAAATTTTAATCA,2
CATAAACGACTGTGAC,2
CATAAAGGATAAAAAA,2
CATAAATGGATTGTAG,2
CATAAATTAGAATGTC,2
CATAACAAGAAAATAA,2
CATAACAAGCATAAAG,2
CATAACACAAATGACA,2
CATAACACACAAACAG,2
CATAACCAACTAATCT,2
CATAACCACGCATGAG,2
CATAACCTATCACCAG,2
CATAACGACCTGCCCC,2
CATAACGCTGATGCAT,2
CATAACGTATAATATT,2
CATAAGATGAATTACC,2
CATAAGCTCTAGCCAA,2
CATAAGGGCTTGAGTA,2
CATAAGTATATCTACC,2
CATAAGTGTTAACCGA,2
CATAATAAACCAGTAA,2
CATAATAGCCACAATC,2
CATAATAGTTTCTATA,2
CATAATATGTAAATCC,2
CATAATCAACTGCCAA,2
CATAATCATACCACTA,2
CATAATCCCATAAAAA,2
CATAATGGAACAATAA,2
CATAATTGACAGGGAC,2
CATAATTGGTAGGGAC,2
CATACAAAATATCCCA,2
CATACAAAGGGGGTAA,2
CATACAACCCATGAAA,2
CATACAACTCAAGAAG,2
CATACAATATATGAAT,2
CATACACCCTCAGCGG,2
CATACATAACAAGATA,2
CATACCATTCTCAGAG,2
CATACCGTACGCTGTA,2
CATACCGTACTCTGTC,2
CATACCTACGTAAAAC,2
CATACCTTTAGAAATC,2
CATACGACAGACGAAG,2
CATACGACTATATTAG,2
CATACGCAATACTAAG,2
CATACGGACAAATTAC,2
CATACGGCAATAGAAT,2
CATACTACTCCCGGAT,2
CATACTATGACAATAA,2
CATACTGATACCCGAG,2
CATAGAACACGAAAAC,2
CATAGAATACCTCATG,2
CATAGACAGCCAGAAA,2
CATAGACATGTAACGC,2
CATAGAGAATCATAAT,2
CATAGAGTTGCAGGCT,2
CATAGATGTAGACAAA,2
CATAGATTGATTTCTT,2
CATAGCACAGCTTAAA,2
CATAGCACGTTACAAG,2
CATAGCATGGAAATCT,2
CATAGCCATAGAGGTA,2
CATAGCCTGATAGGTT,2
CATAGCCTTGTTTTAA,2
CATAGCGAACCATTCT,2
CATAGCTACGGAACAC,2
CATAGCTATTAATAAC,2
CATAGGCCTTTCCGCA,2
CATAGGCGCGAAACCA,2
CATAGGTTCGTCTGTA,2
CATAGTAAACACACCC,2
CATAGTCACTTATACC,2
CATAGTCATAGTAAAT,2
CATAGTCTAGGACACA,2
CATAGTCTATGACCCA,2
CATAGTGGAGAAGTAA,2
CATAGTTTACACAATA,2
CATATAAAAACTTAAA,2
CATATAAACAGATCCT,2
CATATAACGACAAAAG,2
CATATAACGAGGAAAG,2
CATATAACTATCTGAC,2
CATATAAGAATGAAAT,2
CATATACACTGAATGT,2
CATATACAGAAAACTT,2
CATATACCACCCAACC,2
CATATACTAACACTTC,2
CATATAGAACTTAACA,2
CATATAGCGACGAAAG,2
CATATAGGACACCGTG,2
CATATATATTGTCTTA,2
CATATATGTAATGCCC,2
CATATCAACGTAAAAG,2
CATATCAAGATACTAC,2
CATATGACTCGCTACT,2
CATATGAGACCTAACC,2
CATATGCGACCGTCTG,2
CATATGGATGATTCAT,2
CATATGGATTTGGAGA,2
CATATGGCTAAAAAAT,2
CATATGTTTCAGGTCT,2
CATATTAGGAAAGATG,2
CATATTATATCTACAA,2
CATATTTAAACAAAGA,2
CATATTTAACTACGCT,2
CATATTTCTCCCTACC,2
CATCAAAAGCTTGCGC,2
CATCAAAGAACAGATT,2
CATCAACCTTTTAACG,2
CATCAAGCTTCCGTAA,2
CATCAATAACGATTTC,2
CATCAATACAAATATA,2
CATCAATCTATTTGCA,2
CATCACAACCGGCTTA,2
CATCACAATAGAATAG,2
CATCACATAAATAGAT,2
CATCACCATCAAAAAG,2
CATCACCCGAAATCAA,2
CATCACGTAAGCTCGG,2
CATCAGAAAATATTGA,2
CATCAGTTGCGAGCTC,2
CATCATATCATCCCCA,2
CATCATATTGCCTCAA,2
CATCATATTTAAAACA,2
CATCATCACAAACCTT,2
CATCATCAGACATTAG,2
CATCATCATAACACGT,2
CATCATCATGGCCTAT,2
CATCATCCAGTTGGTG,2
CATCATCTGATACATT,2
CATCATCTTTAAAAAA,2
CATCATGTAAGCTCAG,2
CATCATGTAAGCTCGC,2
CATCATTCACACAACA,2
CATCATTCGGTATAAC,2
CATCATTTCATGGCTT,2
CATCATTTGATGGCTT,2
CATCCAAGTTTGCCTA,2
CATCCAATAGCTCTAC,2
CATCCACTCAAGATAC,2
CATCCACTCAAGGCCA,2
CATCCACTCCAGGACA,2
CATCCACTCGGCTTTG,2
CATCCAGGAATTATCC,2
CATCCATAAAAAAAGT,2
CATCCATAAAGAAAGT,2
CATCCATAAAGAACTT,2
CATCCATACGTAATTA,2
CATCCATAGAACTCCC,2
CATCCATCAATCAACC,2
CATCCATCCTGAAAAT,2
CATCCATCGTCTTCCT,2
CATCCATGAAGAACGT,2
CATCCATGTTAAATCC,2
CATCCCACACGCAAAA,2
CATCCCCAAAAAAACC,2
CATCCGACCCGTGTCC,2
CATCCGGGCCACTATT,2
CATCCTAAAAATTAGA,2
CATCCTACAGAAGAAC,2
CATCCTCCTATTACAT,2
CATCCTGAAACCTACT,2
CATCCTGAAACTTAAT,2
CATCGAAAAGATAGCC,2
CATCGAAGCCTATCTA,2
CATCGACACGAATAAT,2
CATCGACCCCAGGTCC,2
CATCGACTACTTAATG,2
CATCGATATTAATAAC,2
CATCGATTGCTTAGAA,2
CATCGCAACGCCTTGA,2
CATCGCATATTCAAGA,2
CATCGCCACACTCCCA,2
CATCGCTAACGGCTTG,2
CATCGGCAATTAAAGT,2
CATCGGCAATTACAAT,2
CATCGTCATGAAACAG,2
CATCGTCTTATAATAA,2
CATCGTCTTTAAAACA,2
CATCGTGACTATGCCA,2
CATCGTGCATAATATT,2
CATCGTGTAAGCTCGG,2
CATCGTGTGTAATATT,2
CATCTAAAATACTGCA,2
CATCTAACTTATACGA,2
CATCTAATAGTCTTCA,2
CATCTACGGCTAACAT,2
CATCTAGTATAGACAT,2
CATCTCAACAAATAAT,2
CATCTCAGGCTTGAAC,2
CATCTCATCAAGCAGA,2
CATCTCCGGCTTGAAA,2
CATCTCCTATTTAACC,2
CATCTCCTTAATACCC,2
CATCTCGATCTTTCAA,2
CATCTCTCACGGCTTG,2
CATCTCTGAACCTATT,2
CATCTGACCAAGAAAC,2
CATCTGACCCGTGTCA,2
CATCTGACCCTTGTCC,2
CATCTGCTCCTATAAA,2
CATCTTACTACCCTAA,2
CATCTTATAGAGGTGG,2
CATCTTCACTATAAGC,2
CATCTTCTGATGGAAG,2
CATCTTCTTATGGAAA,2
CATCTTGTATAATATT,2
CATCTTTAATCTTATC,2
CATCTTTATGACATCG,2
CATGAAATGCTAACTA,2
CATGAACATAATTTGC,2
CATGAACCGGCTTATG,2
CATGAACCTGCTTATA,2
CATGAACGAGACGTTT,2
CATGAAGCACTTGACC,2
CATGAATAAAAACCCA,2
CATGAATAGCCAAATC,2
CATGAATAGTGAGTAT,2
CATGAATATACTATTA,2
CATGAATGATCATAAG,2
CATGAATTTTACTCTG,2
CATGACAAATTCTATC,2
CATGACACCCAAAAGC,2
CATGACATTCTAACTA,2
CATGACCGGACCAAGC,2
CATGACTCTACGTACC,2
CATGAGAACGGGAATA,2
CATGAGAGTACCATAA,2
CATGAGATGGTCCAGA,2
CATGAGATTTTCCTAA,2
CATGAGCGATCCAAGC,2
CATGAGCGGAACAATG,2
CATGAGCTGTACGATC,2
CATGAGTAGTCCATAT,2
CATGATGGGTCAACAC,2
CATGATTAGATGAAAA,2
CATGCAAAAACCTAAA,2
CATGCAACAACTAACA,2
CATGCAAGGGTCAAAC,2
CATGCAATCGGGTCAG,2
CATGCACGGACTTTAG,2
CATGCAGACTACAACC,2
CATGCAGAGACATTTC,2
CATGCATTAGTTAAAG,2
CATGCCATTTTCCGTT,2
CATGCCCAACGACCCG,2
CATGCCCTTACCGAGG,2
CATGCTAAAAACAAAT,2
CATGCTAAAATGCTTT,2
CATGCTAGACTACCAT,2
CATGCTCAGGTTCCAC,2
CATGGAAAAGTATCTT,2
CATGGAACATGACGAT,2
CATGGAGAAAATTAAA,2
CATGGAGCACCTAGAG,2
CATGGCACACGAACCA,2
CATGGCCACCTATATC,2
CATGGCGTAATTACAC,2
CATGGCTTGAGAACTC,2
CATGGCTTTGTTACAA,2
CATGGTAGTCGATCTA,2
CATGGTATAATCTAAG,2
CATGGTCCCACGATGC,2
CATGGTGTAATCTAAA,2
CATGGTGTAATCTAGG,2
CATGGTTAAAACACGA,2
CATGGTTTCTGGAACA,2
CATGTAAAGTCCTACA,2
CATGTAACCGTCGGGT,2
CATGTACTGGCCTATT,2
CATGTAGACTGCAACC,2
CATGTAGATACATTTC,2
CATGTATCAATAGGCC,2
CATGTATCCATAGTCC,2
CATGTATCCATATGCC,2
CATGTATTACCGTCAT,2
CATGTCAAACTTTCCT,2
CATGTGAAGCCCTTTC,2
CATGTGCCAATGAAAT,2
CATGTGCGTATCCGTG,2
CATGTGCTTCATACGA,2
CATGTGGAAACCTGCA,2
CATGTGGTTTGACAAA,2
CATGTTACGGTACAGA,2
CATGTTACTAAGATTA,2
CATGTTCTTAAAAATA,2
CATGTTTAGCACTACC,2
CATTAAAAAAGCTTCC,2
CATTAAAAACTGTGAT,2
CATTAAATCAGATATA,2
CATTAACCTGCTTATG,2
CATTAACGGCTTTTAG,2
CATTAATCAAAACCCA,2
CATTAATCAATTAGGA,2
CATTACAAAAACGGCC,2
CATTACAATACCAACA,2
CATTACACTTCATCCT,2
CATTACACTTTCCAAA,2
CATTACCCCTTGCAAA,2
CATTACCTCCTGCAAA,2
CATTACCTCTTGCAGA,2
CATTACGCACGCCAAG,2
CATTACGCCCCACATA,2
CATTACTAAAGTAACT,2
CATTACTTACGGATAG,2
CATTAGAACCGAAAAC,2
CATTAGACATCACAGT,2
CATTAGCAATACCTGT,2
CATTAGCGGTATATCG,2
CATTAGTAGTCCAGAT,2
CATTAGTTATTCCCAC,2
CATTATAACACACGTA,2
CATTATAATATCTGTT,2
CATTATACTACATTAG,2
CATTATAGACAATATG,2
CATTATCTAAAAACTA,2
CATTATCTCTACTTTG,2
CATTATGTGGGGTAGT,2
CATTCAAAAAACGGCC,2
CATTCAAATATTTCCG,2
CATTCAACTCTCATAA,2
CATTCAATGACGAACC,2
CATTCAATGACTCACC,2
CATTCAATTACGCACC,2
CATTCACGTACAGTCC,2
CATTCACTGAGTACTT,2
CATTCAGAAAATACGG,2
CATTCAGAAACCCAAA,2
CATTCAGCCCGAGTTC,2
CATTCATCATCTTCCT,2
CATTCCAAAAAAGGCC,2
CATTCCAAAAACGGAC,2
CATTCCAATCAATAAA,2
CATTCCAGGCCAAGAA,2
CATTCCATATACCAGC,2
CATTCCGAAAACGGCC,2
CATTCCTGGAAGGTTC,2
CATTCGAAAGGGGCGG,2
CATTCGTGAGGTCAGA,2
CATTCTAAACACAAAT,2
CATTCTACCCTTATAG,2
CATTCTATGTGTATCT,2
CATTCTGAGCACAATT,2
CATTCTTAAGGTAGCC,2
CATTGAAAATCCAAGA,2
CATTGAATTAAGATCT,2
CATTGACATATACCCG,2
CATTGACGATAGCTTG,2
CATTGAGGTATACTTT,2
CATTGAGGTCGATGAG,2
CATTGATAAACTATCA,2
CATTGATAGAACAGCT,2
CATTGATCAAAAGCAT,2
CATTGATCTAAATTCA,2
CATTGATGCGATTATT,2
CATTGCCGAATCAATC,2
CATTGCTCACGGCTTG,2
CATTGCTCTGCCAAAA,2
CATTGGAATTGACAAT,2
CATTGGCACCGTGACA,2
CATTGGCGATACCTGT,2
CATTGGGATGATGAAA,2
CATTGTAGACGTGTCC,2
CATTGTCTGATAATTA,2
CATTGTGTCCAAGCAT,2
CATTTAAATGGTCTCG,2
CATTTAACGAGTAATG,2
CATTTAACGTTTAAGG,2
CATTTAACGTTTCATG,2
CATTTAATAACGCTCC,2
CATTTAATCATTGTCC,2
CATTTAATTAGGAGAA,2
CATTTACTAACGATCC,2
CATTTAGTTCCAAATT,2
CATTTATATCGCTGGC,2
CATTTATGTACAAATT,2
CATTTATTAGCAACTA,2
CATTTATTGGCAACTA,2
CATTTCACCTGCCGCT,2
CATTTCATAGATCATA,2
CATTTCATAGTCAAGC,2
CATTTCATGGCTCATA,2
CATTTCGCTTAGTAAT,2
CATTTCTAGAAATACG,2
CATTTCTCAAAATACG,2
CATTTGACCCCTATTT,2
CATTTGAGCCCACACA,2
CATTTGCCCATTCTAG,2
CATTTGTAACAACACC,2
CATTTGTAACGAAACC,2
CATTTGTAACTAGTTA,2
CATTTGTGACGACACC,2
CATTTGTTTCCTTCGT,2
CATTTTACGTTCGAAG,2
CATTTTACTTTCGACG,2
CATTTTAGCCCCAAAA,2
CATTTTTAGAGCGCAA,2
CATTTTTAGTTTTTAA,2
CATTTTTATTATAACA,2
CCAAAAAACATACTGT,2
CCAAAAAGTAAGTGAC,2
CCAAAAAGTACGTGAT,2
CCAAAAATATACTACT,2
CCAAAAATCGCAAAGT,2
CCAAAAATTAGTAGAC,2
CCAAAACACTAATCCA,2
CCAAAACATCTTGAGG,2
CCAAAACTAACAACAT,2
CCAAAAGACATGCATC,2
CCAAAAGACCTGTTCT,2
CCAAAAGGGCGATCAC,2
CCAAAAGTATAATACC,2
CCAAAAGTTGTTAATT,2
CCAAAATAAACCTACA,2
CCAAAATCGCTCGTGG,2
CCAAACCTTATGCATT,2
CCAAACCTTTACGATC,2
CCAAACTATTCTTCCC,2
CCAAACTGTCAAACCT,2
CCAAAGAAAAACTACT,2
CCAAAGATACCGTAAA,2
CCAAAGGACAGTAAAT,2
CCAAAGTCCACTGATA,2
CCAAAGTCCCCTTATA,2
CCAAATAAACGAGACT,2
CCAAATATACGGGATC,2
CCAAATATGTATGCTC,2
CCAAATCAAGAATTGC,2
CCAAATCAAGCACTTA,2
CCAAATCCAACCTACC,2
CCAAATCTAAATATAG,2
CCAAATCTACGTGATC,2
CCAAATGTTAGGGTAG,2
CCAAATTATGAACTAG,2
CCAAATTTGGAATAAT,2
CCAACAAATTAGACAA,2
CCAACAATACCATAAA,2
CCAACAATGGGTTGAT,2
CCAACACAGCCATACA,2
CCAACAGCCTACTCAA,2
CCAACAGGACGATTAT,2
CCAACAGGCTCATAAA,2
CCAACAGGTAGTAAAT,2
CCAACATTTTGTGCAT,2
CCAACCAATCTCATCA,2
CCAACCCAAGCAGTGC,2
CCAACCCTGAGGATAG,2
CCAACCCTGCGGATAT,2
CCAACCCTGCTTACAC,2
CCAACCCTTCGGATAG,2
CCAACGGCAGTTGATT,2
CCAACGGTCATTGAAT,2
CCAACGTCACGATAAT,2
CCAACGTGAGGTACAA,2
CCAACGTGTCCAATCT,2
CCAACGTTAGGGTGAG,2
CCAACTAAGATGTTAA,2
CCAACTATTAACATAG,2
CCAACTCCAGTTGATT,2
CCAACTCGCATATAGC,2
CCAACTGCACATGAAC,2
CCAACTGTACATCAAA,2
CCAACTTATCTTGTTT,2
CCAACTTCTACCAATG,2
CCAACTTGCGATCCAC,2
CCAAGAAACAATTCAG,2
CCAAGAAACACTGACA,2
CCAAGAACATTACTCA,2
CCAAGAAGCGTGTATT,2
CCAAGAAGTAATTTCG,2
CCAAGAGATACTACGA,2
CCAAGATAAGGCGAAT,2
CCAAGATCATCAGTTA,2
CCAAGATTCTATTAGA,2
CCAAGCATTGTAACCA,2
CCAAGCATTGTACCAA,2
CCAAGCATTTTACCCA,2
CCAAGCTTCCCGACGA,2
CCAAGGGCAACTGAAA,2
CCAAGGTCAAAAAAGG,2
CCAAGGTTTACATGAT,2
CCAAGTAACCGCCTCA,2
CCAAGTATGAATTAAG,2
CCAAGTGTTCTGACCA,2
CCAATAAAGCCTCAAT,2
CCAATACAACAGTACA,2
CCAATACTGCAACAAC,2
CCAATATAGGTCTGGC,2
CCAATATGTTGCAAAA,2
CCAATCAATTATAGTC,2
CCAATCAGAAGTGTGA,2
CCAATCCGGCATCAAA,2
CCAATCTAAAGTTACT,2
CCAATCTAACGGACAT,2
CCAATGCCTACACCAA,2
CCAATGGACGTTAACC,2
CCAATGTGAGCCATTA,2
CCAATGTTAAATTAAT,2
CCAATTAAATGCTGTA,2
CCAATTACGTAATTCA,2
CCAATTACTATCCAAA,2
CCAATTATACTAAGTT,2
CCAATTATGAAAATAA,2
CCAATTCATAGTTTTA,2
CCAATTTCGGTCTGAC,2
CCACAAATACAAAATA,2
CCACAAGTTTTATTTC,2
CCACAATCTTTATTAC,2
CCACAATGGAAGAAGT,2
CCACACAATACTGCTC,2
CCACACAGGAGAAAAC,2
CCACACAGTAAAGACA,2
CCACACCCAAAAATCT,2
CCACACCTCCCTGATT,2
CCACACTATAATGACC,2
CCACACTGACGACCCG,2
CCACAGGACAATAATC,2
CCACAGGCAGTCACCC,2
CCACAGTATCACATAC,2
CCACAGTCACTGCGCC,2
CCACAGTCTAACCTAC,2
CCACATACATCATTAT,2
CCACATCCATTTTAGA,2
CCACATGAAGACAGTG,2
CCACATGTACATCAAA,2
CCACCAAAAAAGACAT,2
CCACCAAAAGTGACAT,2
CCACCACCGAATAACA,2
CCACCAGAGGACTAGT,2
CCACCATTTGCACAGC,2
CCACCCCAACCAGGAA,2
CCACCCCCAAAAATAT,2
CCACCCCCCAAAATCT,2
CCACCCCTAGTGAAGT,2
CCACCCGTCCCATAAT,2
CCACCCTAGGGGGGTG,2
CCACCCTTTGCAAAGC,2
CCACCCTTTGCACAGA,2
CCACCCTTTGCACATC,2
CCACCGACAGTCACCC,2
CCACCGAGGTAACGAT,2
CCACCGATTGTCCCAC,2
CCACCGGCAGTCACCA,2
CCACCTATCGTTAAAC,2
CCACCTGATAGATACA,2
CCACCTGCACATCAAA,2
CCACCTTCTAAAAATT,2
CCACGAAAAAATTCAG,2
CCACGAAACAATTAAG,2
CCACGAAGGTTTGGAC,2
CCACGACAGCGACTGC,2
CCACGACCTAACATCA,2
CCACGATAAAAGACGT,2
CCACGCAAAAAGCTTT,2
CCACGCATGGCTCGTT,2
CCACGCGAGACAGGTA,2
CCACGCGAGTTAAATC,2
CCACGGAACTCGCACA,2
CCACGGCCATAGTATA,2
CCACGGGTAAGGTCAT,2
CCACTAATAGCGACCC,2
CCACTATGTACTAACC,2
CCACTATGTGCTAACA,2
CCACTCAATCGTTCAC,2
CCACTCACTCGAAAAA,2
CCACTCAGCACCTATG,2
CCACTCATAGAGACCC,2
CCACTCATAGCGACCA,2
CCACTCATAGTGACCC,2
CCACTCCGAGGATACG,2
CCACTCGTTGGATCCA,2
CCACTCTTGGTGAACC,2
CCACTGGCAACTGAAA,2
CCACTTATACCGATAT,2
CCACTTATCCCTAAGG,2
CCACTTCTCACGACAA,2
CCAGAAAACATCTAAT,2
CCAGAAAAGAAATGAC,2
CCAGAAAATATCGAAT,2
CCAGAAATGTCTTGAC,2
CCAGAAATTTCGTGAC,2
CCAGAACATCATCGCT,2
CCAGAAGACATCGAAT,2
CCAGAATATAATAACT,2
CCAGAATCTATTAACA,2
CCAGACCACCCAGCGT,2
CCAGACGATAGTTATA,2
CCAGACGCTTGCATGA,2
CCAGAGAAAAACCCCC,2
CCAGAGGCCAGCATTA,2
CCAGAGTAACAACATA,2
CCAGAGTCAAAAAAGG,2
CCAGAGTGCGGTATAG,2
CCAGATACATCGAAAA,2
CCAGATACGGCAGTGC,2
CCAGATGTAACTTCAA,2
CCAGCACATTCCAGAG,2
CCAGCCAACCTCCCAC,2
CCAGCCCAATCACCAA,2
CCAGCCTAATTAATTC,2
CCAGCTTTAAAAGAAG,2
CCAGGACTAATAGAAC,2
CCAGGATCGTGCACCA,2
CCAGGATTTTCTGACC,2
CCAGGGCGTAAAATAT,2
CCAGGGTAAAAAAAGG,2
CCAGGGTCAAAAAAAG,2
CCAGGGTCGAAAAAGG,2
CCAGGTCTGCGGCCCA,2
CCAGGTTCAAAAAAGG,2
CCAGGTTCGTAACTCT,2
CCAGTACAATTCAATT,2
CCAGTACCCACGTTAT,2
CCAGTATATCGATAAA,2
CCAGTCAAAATGCCGA,2
CCAGTCATTACGAGTA,2
CCAGTCTTACTTCAGG,2
CCAGTGACAATTCTCT,2
CCAGTTATTCCGACAC,2
CCAGTTTTCCATGCCC,2
CCATAAAAGAATAGCA,2
CCATAAAATTACACCA,2
CCATAAACGAAAATTA,2
CCATAAATAAGTCATC,2
CCATAAATCGGATTAA,2
CCATAAATGTCGTGAC,2
CCATAACATACACATT,2
CCATAACATAGATGAT,2
CCATAACCAATACCAA,2
CCATAACCGCAAAAGA,2
CCATAACTAACTAGAT,2
CCATAATGTTAATATT,2
CCATACAAAGTAGGTA,2
CCATACCTACTGTTCA,2
CCATACCTGAGGTTTC,2
CCATACTACAGTACAG,2
CCATACTAGTGGTGTC,2
CCATAGAGATCAGCAC,2
CCATAGCACTTACCCA,2
CCATAGCTTAACCCTC,2
CCATAGGCCTCCCCGA,2
CCATAGGTACTGTCTC,2
CCATAGTGGATTAATT,2
CCATATAAAGTCCAAG,2
CCATATATCTTTTAAA,2
CCATATCCGAAAAATG,2
CCATATGCAAAAAATG,2
CCATCAAACCAAACAG,2
CCATCAAAGCAGCTAA,2
CCATCAAATACAGTGA,2
CCATCAAATTTGAATG,2
CCATCAACGCTACCCT,2
CCATCACCTATAAACC,2
CCATCACTAATGTACA,2
CCATCAGCATAAACTA,2
CCATCATCCTCGAAAC,2
CCATCATCCTGATCAA,2
CCATCCAAAATTACGA,2
CCATCCACGGGAAAAG,2
CCATCCGTCTGGTCCC,2
CCATCCTCATGATCAA,2
CCATCCTGAGTAACCC,2
CCATCCTTCTGATCAA,2
CCATCGACTTCCGAAT,2
CCATCGGATTGAGTAC,2
CCATCGTGAACCGCTA,2
CCATCGTTGATTAATT,2
CCATCTAGTGGCAAGG,2
CCATCTAGTGGCTCGG,2
CCATCTCTGAAGAATT,2
CCATCTCTTTGCATCC,2
CCATCTGTGCCTCCTT,2
CCATGAAAACGTACAC,2
CCATGAAAGCGCACAC,2
CCATGAATGCGCAACG,2
CCATGACCATAGCACC,2
CCATGACCGCGACTGC,2
CCATGAGATAGGAATC,2
CCATGATATACCAAAA,2
CCATGCAAAGCCATTA,2
CCATGCAGAAGCAACC,2
CCATGCATCAGCAACC,2
CCATGCCTCCGTGGAT,2
CCATGCGCCTAATCAA,2
CCATGCGGTATTTCAT,2
CCATGCTGGCCTAAGC,2
CCATGGACTTAAATTT,2
CCATGGTGAAGGAAGT,2
CCATGGTTTACACCAG,2
CCATGTACCAATCCTA,2
CCATGTACTAACCCTA,2
CCATGTACTAATCCCA,2
CCATGTGTGATGTCTA,2
CCATGTTAAATATGCG,2
CCATGTTAATGAAGTG,2
CCATTAAAACAGTTGA,2
CCATTAAAGAAACTCG,2
CCATTAAAGCAGTCGA,2
CCATTAAATGGGAAAC,2
CCATTAAGTGCATGGC,2
CCATTACCCACTAATA,2
CCATTATGCATGCAAT,2
CCATTATGCATTCCAT,2
CCATTCACGATCAAAC,2
CCATTCATGGGCGTAA,2
CCATTGAAATAATCAG,2
CCATTGACAAAAGGTT,2
CCATTGATGATTCTAA,2
CCATTGGAGGAGTATG,2
CCATTTACACCCCACA,2
CCATTTACGCCTTTAA,2
CCATTTCCGCCCCACA,2
CCATTTGAACAAAGAT,2
CCATTTTAATCCCCAA,2
CCCAAAAACTGATGCA,2
CCCAAAAAGCATTGCC,2
CCCAAAACAGACATTG,2
CCCAAACCAAACATTG,2
CCCAAACCGGACATTG,2
CCCAAACTAAATCCTT,2
CCCAAAGAAATATGAT,2
CCCAAAGACATGCCTC,2
CCCAAAGACTCGTCCA,2
CCCAAAGTATTCTCAA,2
CCCAAATCAGACATTG,2
CCCAAATCCGAAATCC,2
CCCAAATTAAACCTAT,2
CCCAACAGCATAGACA,2
CCCAACAGGATGAACA,2
CCCAACGACATTCCAA,2
CCCAACGAGATTTCAA,2
CCCAACTACACGCAGA,2
CCCAACTTACACCTAT,2
CCCAAGGCTAGTTCAA,2
CCCAATAATACCATTA,2
CCCAATCAATTAAAAG,2
CCCAATCCACCAATTA,2
CCCAATTACAAAGAAC,2
CCCAATTGACTACATG,2
CCCAATTGCTAAAAGG,2
CCCAATTGGATACATG,2
CCCAATTGTCTACATG,2
CCCACAAATTGTCTTA,2
CCCACAAGTCACGCAC,2
CCCACAAGTTTCTGGA,2
CCCACAATCTTTAACT,2
CCCACAGGAACGCGCA,2
CCCACAGGCACGAGCA,2
CCCACAGGCACTCGCA,2
CCCACAGTATTCTAAA,2
CCCACATCAAGCGCAC,2
CCCACATGAAACTCAA,2
CCCACCAACCACCATT,2
CCCACCCACCAACTCC,2
CCCACCCCCTAGCTGC,2
CCCACCGTTTAAAATG,2
CCCACCTCGGTAAGCA,2
CCCACCTTTAGACACA,2
CCCACGCACCTCTGCA,2
CCCACGCCAGTAAGAC,2
CCCACGGTGCACGTCC,2
CCCACTAACTTACTAA,2
CCCACTAGCATATAGC,2
CCCAGAAAATACGACT,2
CCCAGAAGGAACTAAG,2
CCCAGACCATTAGAGC,2
CCCAGAGTTGCAAGAG,2
CCCAGATAACCGATTA,2
CCCAGATATGATGAAA,2
CCCAGATTAGTAACGT,2
CCCAGCAACACCCGCC,2
CCCAGCAATTAAACAA,2
CCCAGCTAGGCAGATG,2
CCCAGGACTATTCCAA,2
CCCAGGTCCCTCTTAT,2
CCCAGTAATTTGGAAT,2
CCCAGTATACGAAAAT,2
CCCAGTGAATATCTCA,2
CCCATAAAGTAATAAC,2
CCCATAACCACGGGAA,2
CCCATAACGACTGATT,2
CCCATACAAGGCACAA,2
CCCATACCGTTCTTCG,2
CCCATACCTACAGGTA,2
CCCATACGTACCGTAT,2
CCCATACTTGTTTCGC,2
CCCATAGGATTGAAAA,2
CCCATATTGTAAGTGT,2
CCCATCCAAAGACCAG,2
CCCATCGCACACCACT,2
CCCATGAATTATGTAT,2
CCCATGAGATAAAAAT,2
CCCATGTCACAGTTGA,2
CCCATGTTATCACTGA,2
CCCATTAAAATTGGAA,2
CCCATTAAAATTGTAC,2
CCCATTACCATCATTG,2
CCCATTACCATCGTGG,2
CCCATTATGGTATCAA,2
CCCATTCAGAGAACAG,2
CCCATTGAACCCCGTC,2
CCCATTGCATCTACAG,2
CCCATTGCTTCTACAG,2
CCCATTTAAAGCTTGT,2
CCCATTTACGATAACA,2
CCCATTTAGAATCTAT,2
CCCATTTCGTCTACAG,2
CCCCAACGCCAAAAAT,2
CCCCAAGGAACAACTG,2
CCCCAATTGCCGAAAG,2
CCCCACAACCGGCTTA,2
CCCCACCGCATGGACG,2
CCCCACTAATAAAAAA,2
CCCCAGACCATAGACC,2
CCCCAGACCATCGACA,2
CCCCAGACTTATGGGT,2
CCCCAGTGGAAAAACC,2
CCCCAGTGGCAAAATC,2
CCCCAGTTGCAAAACC,2
CCCCATCAGCTGTCAC,2
CCCCATCTTCAAAGAA,2
CCCCATTCCGTAAATT,2
CCCCATTGATAAAAGT,2
CCCCCAAATCACTCTA,2
CCCCCAAATGCCGCCG,2
CCCCCAAGTCACGAAC,2
CCCCCACAAAGACCAA,2
CCCCCACTGCCGAAAG,2
CCCCCACTGGATAAAT,2
CCCCCACTGGCCACTA,2
CCCCCACTGTATCAAT,2
CCCCCAGCGACGCCTG,2
CCCCCATTGCAGAAAG,2
CCCCCATTTACCAGGG,2
CCCCCCAAAAGACCCG,2
CCCCCCAACAGACCCT,2
CCCCCCAATCTTTGAA,2
CCCCCCAGTCATCGTC,2
CCCCCCCAACCAGTTA,2
CCCCCCGGTCGGACCA,2
CCCCCCTAATGAAACG,2
CCCCCGAGGTAATGAT,2
CCCCCGAGTTAACGAT,2
CCCCCGATCTACGGGT,2
CCCCCGGAGCTGATTG,2
CCCCCGTAATGAAACC,2
CCCCCGTATTAAAGCC,2
CCCCCTAACCCCTGAT,2
CCCCCTAAGGAACCAT,2
CCCCCTAGAATATCGG,2
CCCCCTAGGTAACGAT,2
CCCCCTCAACAATGTT,2
CCCCCTCAACAGTGTG,2
CCCCCTGTATAATTAG,2
CCCCCTTAATTGACTG,2
CCCCGAAATGTGTTTG,2
CCCCGAATTCCAGCCA,2
CCCCGACGTAGATTAT,2
CCCCGAGCCGAATCAG,2
CCCCGCCCATCGATAT,2
CCCCGCGGATGGACCC,2
CCCCGGAACTCTCACA,2
CCCCGGACCATCGACC,2
CCCCGGAGGTAACGAT,2
CCCCGGTTGAGGCGCT,2
CCCCGTAACTCGCACA,2
CCCCGTAATTGAAACC,2
CCCCTAAACTTTTCAT,2
CCCCTACCAAACGTAC,2
CCCCTATAACATCTAA,2
CCCCTCTAATGAAACC,2
CCCCTCTGTAAGAAAT,2
CCCCTCTGTAAGGACA,2
CCCCTGATAAAGTTTT,2
CCCCTGTTCCATTTAT,2
CCCCTTCCTATTAAGA,2
CCCCTTGCGTCTACAG,2
CCCCTTTGGACCAAAA,2
CCCCTTTGTTCAGGTT,2
CCCCTTTTTACCAAAA,2
CCCGAAAACCGCACTT,2
CCCGAAAAGATTACCA,2
CCCGAAATGCTAGCTG,2
CCCGAACACCGTTTAA,2
CCCGAACCTAATGATG,2
CCCGAACTACTTTAGT,2
CCCGAACTTGCCGAAA,2
CCCGACCAAAAGATCA,2
CCCGACTCTCTTCCTA,2
CCCGACTGGGGTAAAA,2
CCCGAGAATTCTGTTC,2
CCCGAGTCATCAACAT,2
CCCGAGTGAGTACACC,2
CCCGATAGTCCGGCGA,2
CCCGATCCACGAGAAT,2
CCCGCCAAACTCCCAC,2
CCCGCCAACCCCCCAC,2
CCCGCCAACCTCCTAC,2
CCCGCCATCGATGCAT,2
CCCGCCGGAACTACAA,2
CCCGCCTAATGAAACC,2
CCCGCCTCATGGGACA,2
CCCGCCTTGCGTAAAC,2
CCCGCGCTGGTGGAAG,2
CCCGCGCTGTCGGAAG,2
CCCGCTTTAGACGTTC,2
CCCGCTTTGGACGTGC,2
CCCGGAAGACAGTATG,2
CCCGGAATACAGTCTG,2
CCCGGAGACATGAAAA,2
CCCGGATCTACTAGAA,2
CCCGGCAACCAACTAA,2
CCCGGCACTGAGAGTT,2
CCCGGCGACCGAAATT,2
CCCGGCTTTACTAGAA,2
CCCGGCTTTGCTAGTG,2
CCCGGGCTTCTCCTAC,2
CCCGTCACCAAGAGTG,2
CCCGTCACGCACAGCA,2
CCCGTCACTCACAGAA,2
CCCGTCACTCACATCA,2
CCCGTCAGTCGACATG,2
CCCGTCGTCCAATCAC,2
CCCGTGTAACTCAAAC,2
CCCGTTAAACTGGGCC,2
CCCGTTATTACGACAC,2
CCCGTTATTCTGACAC,2
CCCGTTATTGTAGACC,2
CCCGTTCAAGTGAACC,2
CCCGTTTAAGTCTGCA,2
CCCGTTTTAGACGTGC,2
CCCGTTTTTGTTCTAC,2
CCCTAAAAAGCTTGGC,2
CCCTAAAATATTACCA,2
CCCTAAAATTCCAGAA,2
CCCTAAATTAAAGAGC,2
CCCTAACTAAATTGAA,2
CCCTAAGAATCCACAA,2
CCCTAAGGTGAGCATA,2
CCCTAAGTTGCCCTTC,2
CCCTAATCTCATTCTA,2
CCCTACAACCAAACTA,2
CCCTACAATATAAGAT,2
CCCTACCCAAATGAGC,2
CCCTACGCCGCATCCT,2
CCCTACGCTGCCTCCT,2
CCCTACGGTTAGCATA,2
CCCTACTCCGCCTCCT,2
CCCTATAAAGTAACTA,2
CCCTATAGACCCTGAG,2
CCCTATGCTCATTATC,2
CCCTATTGATGTAGCA,2
CCCTATTTCTGTAGCA,2
CCCTCAACTTCCGAAT,2
CCCTCAATTGCCCTTC,2
CCCTCATAGTAAGTAC,2
CCCTCCCAACCAGTTA,2
CCCTCCCCAACGTACC,2
CCCTCCCGCGTACATA,2
CCCTCGACTTCCTAAT,2
CCCTCTACTTCCGAAT,2
CCCTCTATGAATTACA,2
CCCTCTCAAAATATCA,2
CCCTGAACTATAATAA,2
CCCTGACGAGTTAAAA,2
CCCTGAGATGTGCAAA,2
CCCTGAGTTGGATTTA,2
CCCTGATCGTGCACCA,2
CCCTGCTAGCCCGGTA,2
CCCTGCTCTACTAGAA,2
CCCTGGCTAGTTACAA,2
CCCTGGTAGAGAAACT,2
CCCTGTAAACCCTTAA,2
CCCTGTACGACATTGA,2
CCCTGTTAAATATGAG,2
CCCTGTTTAAATAACC,2
CCCTTAGGGGTAAACC,2
CCCTTATACAGACCCA,2
CCCTTCATTATCTTTA,2
CCCTTCCTTTATACTT,2
CCCTTCGGGCCACCAA,2
CCCTTGTGATCGAACA,2
CCCTTGTGCCGAATTC,2
CCCTTTAAGAGAGCAA,2
CCCTTTAAGAGCGAAA,2
CCCTTTAAGATCGCAA,2
CCCTTTCGCCGAATTC,2
CCCTTTCTGAAGTGGC,2
CCCTTTTCCAGATACA,2
CCCTTTTGTAAAAAAA,2
CCGAAAAAAAAACAAT,2
CCGAAAAGGTGGCATC,2
CCGAAAAGTGGGATCA,2
CCGAAACTACTCCTTT,2
CCGAAATAATCTTTTA,2
CCGAAATTCGATAGAA,2
CCGAACAGCTCGACCG,2
CCGAACATACGCACAT,2
CCGAACCTACAGTATG,2
CCGAACCTATAGATCT,2
CCGAACTGTACCATGG,2
CCGAAGAACAGTTTTC,2
CCGAAGCTAAGACTGA,2
CCGAAGGTAGCCTCAA,2
CCGAAGTACAGGCCAA,2
CCGAAGTATCATTCCC,2
CCGAAGTCCCCTGATA,2
CCGAATACGTACATCC,2
CCGAATCAAATATCCT,2
CCGAATCTCACATTGA,2
CCGAATGAAATACTAC,2
CCGAATGCACGGGAGA,2
CCGAATGGTTTCCAAA,2
CCGACAAAGACGGCCA,2
CCGACAACCCTGTTTT,2
CCGACAACGACGGACA,2
CCGACACACTGATCCC,2
CCGACATAAACGGTTT,2
CCGACATCTCAGATTT,2
CCGACATGCCACAAGA,2
CCGACATGCGGTCCTT,2
CCGACCACCATCAATC,2
CCGACCCACTGATACC,2
CCGACCGCCGTCACCT,2
CCGACCTCCGGCACCT,2
CCGACGAGAAAAATAA,2
CCGACGCACCTCCGCC,2
CCGACGCATTCTGACC,2
CCGACGTACGGGAACA,2
CCGACTAAGACCTCCA,2
CCGACTCAAATATCCT,2
CCGAGAACCATGACTC,2
CCGAGAACCCATTACC,2
CCGAGAATACGTATCG,2
CCGAGACGACAACATG,2
CCGAGATCCCTTTCTG,2
CCGAGATGTACCGGGA,2
CCGAGCCGATAAGTGC,2
CCGAGCTGATAAGTGA,2
CCGAGCTGATAAGTGT,2
CCGAGCTGATAAGTTC,2
CCGAGGAAAAACACAT,2
CCGAGGCGGCGGATTA,2
CCGAGGTAATATATTC,2
CCGAGTACAGCCACGT,2
CCGAGTATAGCGTGGA,2
CCGAGTATCTTTGACT,2
CCGAGTCAAATATCTT,2
CCGAGTCAGATATCCT,2
CCGAGTTGTTGTCCCA,2
CCGAGTTTATACACCA,2
CCGAGTTTATTCACCA,2
CCGATAAGTCTATCAA,2
CCGATAATCGGAACCT,2
CCGATAATGCGTTGCC,2
CCGATACAGTCATTAT,2
CCGATACAGTTGCGGG,2
CCGATACTGACCTTTG,2
CCGATAGATGAAGGTC,2
CCGATAGTCAATCGTA,2
CCGATATTCAATCGTC,2
CCGATCAGCAGTGGTG,2
CCGATCCACTAAGCTA,2
CCGATCTGATAAGTGC,2
CCGATTAAAGAGATTA,2
CCGATTGACTCGGTAC,2
CCGATTGATCCCATAT,2
CCGATTGCATAAGCCT,2
CCGATTTTATATGAAA,2
CCGCAAAAAGTGGTAT,2
CCGCAACACCGCCACC,2
CCGCAACGCCAATAAC,2
CCGCAACTAACGAATC,2
CCGCAATGTATGTAAC,2
CCGCACATTCGGCGGG,2
CCGCACCTTAGGTTAT,2
CCGCAGGCGGTAGCCG,2
CCGCAGTGCACATGAT,2
CCGCAGTGCACATTCT,2
CCGCATACGTACATCT,2
CCGCATAGCATTTTGT,2
CCGCATGGGACGAGAT,2
CCGCCACACCAATAAC,2
CCGCCATATTCTCACT,2
CCGCCCCAAACAGGAA,2
CCGCCCCAACAAGGAA,2
CCGCCCCAACCAGTAA,2
CCGCCCCGTAGATAAC,2
CCGCCCGATCCGACAA,2
CCGCCCGATCTGACAT,2
CCGCCCTAATGAAACC,2
CCGCCGAAAAATGGCC,2
CCGCCGAAAACTGGAC,2
CCGCCGAAGACTGGCC,2
CCGCCGCAGTCCTCTT,2
CCGCCGGAGGTAGCCG,2
CCGCCGGCGGTAGACG,2
CCGCCGGGAATCCCAG,2
CCGCCGGGAATCCCCA,2
CCGCCGGGAATCCCCT,2
CCGCCGTCTTTTATAC,2
CCGCCTATCTCAAAAG,2
CCGCCTCCAACGAACT,2
CCGCCTGCGGTAGCCG,2
CCGCGAACACTGGCAA,2
CCGCGAAGTACTAGAC,2
CCGCGACACCCTACCG,2
CCGCGACGTACTCAAT,2
CCGCGCAGACAGAACC,2
CCGCGCAGACGGGGTC,2
CCGCGCATACGCCATG,2
CCGCGTATCAACCACA,2
CCGCGTGGCGTGAAGA,2
CCGCGTTGTTGTCCCT,2
CCGCTACTTATGTTGA,2
CCGCTCCATTAACCTT,2
CCGCTCCATTACCATT,2
CCGCTCTAATCCCATA,2
CCGCTGCCCCCCAATT,2
CCGCTGGCACATTTAC,2
CCGCTGGTATACTGAA,2
CCGCTTAGTCATGATA,2
CCGCTTCCACATTTAC,2
CCGCTTGCACAAGGAC,2
CCGCTTTATCCCATAT,2
CCGGAAAAACCTGCAG,2
CCGGAAAACATCGAAT,2
CCGGAACTGGCAAACT,2
CCGGACAAAGAGAAAA,2
CCGGAGATAGCATGCG,2
CCGGAGATTACATGAA,2
CCGGATAAATAGACAA,2
CCGGATAAATATCCAA,2
CCGGCAAGTTCGTCGA,2
CCGGCACACTAATAAA,2
CCGGCCATCACTAGCG,2
CCGGCGATATCATGCG,2
CCGGCGTTCATGCAAA,2
CCGGGAGAAAAACTCC,2
CCGGGATCGTGCACCA,2
CCGGGATTAAACATAC,2
CCGGGATTGTCTGACC,2
CCGGGATTTTATGACC,2
CCGGGATTTTCTTACC,2
CCGGGCCGTAATCGGG,2
CCGGTACACCAAAATT,2
CCGGTATACAATAGGG,2
CCGGTATACAATAGTA,2
CCGGTATACAATATGA,2
CCGGTCTCCTACTAAT,2
CCGTAAAACCATCCTA,2
CCGTACAACTTAAACT,2
CCGTACTTTCCATAAG,2
CCGTAGACAAATTTAC,2
CCGTAGACAAATTTCA,2
CCGTAGACTCAAAGAA,2
CCGTAGATTAAAAATC,2
CCGTAGCAACGCATGT,2
CCGTAGCAAGGTTGGG,2
CCGTAGCAGTTCCTAA,2
CCGTAGCCTCAAATAA,2
CCGTAGTCCATATGAC,2
CCGTATAAAGATACCG,2
CCGTATACAAATTTCC,2
CCGTCAGAAGATTTGT,2
CCGTCATCCGATCTAC,2
CCGTCCTACTCTTTCT,2
CCGTCCTCAACAATGA,2
CCGTCGATATTTTTAC,2
CCGTCGATTTAGCCAA,2
CCGTCGCTGAATCAAT,2
CCGTCGGCCATGACAG,2
CCGTCGTCAATCCATG,2
CCGTCTACTGTGTTAT,2
CCGTCTATTCGGAACG,2
CCGTCTCATATATCGG,2
CCGTCTCGACCAAGAT,2
CCGTCTCTAATCAATG,2
CCGTCTTAACATATCC,2
CCGTGAAAGGTTTTCG,2
CCGTGAAGAGTTTTCG,2
CCGTGAATCAATCTTC,2
CCGTGCCTGATATAAC,2
CCGTTAAAAAAAAAAA,2
CCGTTTAAAGCCCTGT,2
CCGTTTAATCCTATAA,2
CCGTTTAGTCATTATA,2
CCTAAAAAGTGTTTCA,2
CCTAAAACACCTTTCA,2
CCTAAACGTGGACAAT,2
CCTAAAGAAAAAAGGT,2
CCTAAAGAATCAAAAT,2
CCTAAAGCCTCATCTT,2
CCTAAAGTACTGGTTT,2
CCTAAAGTTTATATTA,2
CCTAAATAATCAAATG,2
CCTAAATAGGGCTGGA,2
CCTAAATTGTCACCAG,2
CCTAAATTTGATATTG,2
CCTAACAAGCCAAACA,2
CCTAACAAGCCGAAAA,2
CCTAACAAGCCGAATA,2
CCTAACCTTAATCATA,2
CCTAACTCACGGAGAC,2
CCTAAGAACCTTATTT,2
CCTAAGCCAGAAGTAT,2
CCTAAGCTCCAATGTA,2
CCTAAGGTAAACAATT,2
CCTAATAGGCGTTCAA,2
CCTAATCAATTATCCT,2
CCTAATCAGCCTACCT,2
CCTAATCCAGTTCACA,2
CCTAATCGATTATCCA,2
CCTAATTACGTGTTCC,2
CCTAATTATATCACAG,2
CCTAATTGCAGAGAAT,2
CCTACAAGTGGTCCAC,2
CCTACACAATAATACT,2
CCTACATCAATAGAGC,2
CCTACCAACACGAAAA,2
CCTACCAATTTGTAAT,2
CCTACCAGGAAAAAGG,2
CCTACCCCCTAGCTGA,2
CCTACCCCCTATCTGC,2
CCTACCCTCTAGCTGC,2
CCTACCTAATTATTAA,2
CCTACCTACGGATTCG,2
CCTACCTAGTTATGAA,2
CCTACGGACAGGCTGA,2
CCTACTACCACAGCCT,2
CCTACTACCACCGCCG,2
CCTACTATGTCATGAC,2
CCTACTTTGAATTGGG,2
CCTAGAAAGGTAAATC,2
CCTAGAACGATAGCAA,2
CCTAGACCCCATTACC,2
CCTAGAGAAACCACAA,2
CCTAGAGCTTATTACG,2
CCTAGCATTCCCGCAG,2
CCTAGCGTAATTACAC,2
CCTAGCTACAATATAT,2
CCTAGCTGATAAGTGC,2
CCTAGGTATTAACAAG,2
CCTAGGTCCCCCTTAT,2
CCTAGTGCGTCAAACT,2
CCTAGTTTATGCACCA,2
CCTATAACGGTGGACG,2
CCTATAATAGAACCAG,2
CCTATAATATCCACCT,2
CCTATAATCCATAGCA,2
CCTATACAATGAATGT,2
CCTATACAGTAGACCA,2
CCTATACAGTGAATGT,2
CCTATACCAGTGGACG,2
CCTATAGAACGGTAGC,2
CCTATATATCCAGCCG,2
CCTATCAAGATCCCAA,2
CCTATCAGGAGGCAGA,2
CCTATCATTCAATCAA,2
CCTATCCTGTGAAATG,2
CCTATCTCCTACTAAT,2
CCTATTAGTGCACAAT,2
CCTATTCATTGGTCCC,2
CCTATTCCACGATTCA,2
CCTATTTTGTTCCCAT,2
CCTCAAATCACAAATT,2
CCTCAATCGAACAAGA,2
CCTCAATCTAATACTA,2
CCTCACAACCGGCCTA,2
CCTCACCAGTGCCTAC,2
CCTCACCGTTACACTC,2
CCTCAGAGGACTAGGC,2
CCTCAGCAACTACTAG,2
CCTCAGCAGCTAGACA,2
CCTCATAATCGTGAGT,2
CCTCATCACTAGAAAC,2
CCTCATCCAAAGTTTA,2
CCTCATCTGCCCCTCC,2
CCTCATGTTGGTAAGG,2
CCTCATTACTAAATCT,2
CCTCATTTCACAAGAG,2
CCTCCAAGGGCGAACC,2
CCTCCATAATGTCCTC,2
CCTCCATATTCGCACT,2
CCTCCCACGAGGTAAG,2
CCTCCCAGGAAAAATG,2
CCTCCCATAGTGGCTA,2
CCTCCCATCAATATTT,2
CCTCCCCAACCAGGAA,2
CCTCCCCGCAAAATGA,2
CCTCCCGACTAAAATA,2
CCTCCGGAAGAAGGCC,2
CCTCCGGCGGTAGCCG,2
CCTCCGTCAATCCATG,2
CCTCCTAAACCTATGC,2
CCTCCTAAACCTGTCA,2
CCTCCTAGCAATATTT,2
CCTCCTTAAAAAAACC,2
CCTCGAGGTACTAGAC,2
CCTCGATGAATTAAAA,2
CCTCGCTCGCTCAGAA,2
CCTCGGCATGCTACTT,2
CCTCGGTGCTGTAGAA,2
CCTCTAGCTCACAATT,2
CCTCTCATAAGGCTTG,2
CCTCTCATACGGATTG,2
CCTCTCATACGTCTTG,2
CCTCTCGGTATAAGGG,2
CCTCTCTTTTACCATC,2
CCTCTGTATCTCCGGT,2
CCTCTTCAGTGGTCCC,2
CCTCTTGCACGAGGAC,2
CCTGAAAAACAACTCA,2
CCTGAAAAGCTCTAAG,2
CCTGAAAAGTCCCACG,2
CCTGAACACTGCATAT,2
CCTGAATCAGGGATTT,2
CCTGAATCGGGGCTTT,2
CCTGACGCCTCTCAGT,2
CCTGAGAACTTGTACG,2
CCTGAGCCATTCCGAA,2
CCTGAGTCAGGGCTTT,2
CCTGATAGTCTACATA,2
CCTGATCAGGTTCCAC,2
CCTGATGATAGTGGAA,2
CCTGCAAGTTAAGAAG,2
CCTGCACCGTCTCCGG,2
CCTGCATAGACATTAA,2
CCTGCATCAAATGTTA,2
CCTGCATTACAATAAA,2
CCTGCCCAACGACCGG,2
CCTGCCCAGCGACCCG,2
CCTGCCTATATGCAAA,2
CCTGCGAAACAATTAC,2
CCTGCGAATAACACTG,2
CCTGCTAAGATAACCG,2
CCTGCTCAGTTTCCAC,2
CCTGCTCATGTTCCAC,2
CCTGGAGTAATTACAC,2
CCTGGATTCCACCTTT,2
CCTGGCGATCGCCAGT,2
CCTGGCGATCGCCATG,2
CCTGGGACGTTCCTCC,2
CCTGGTGTACAATAAC,2
CCTGTAAAGTACTACA,2
CCTGTAATCGAACTCT,2
CCTGTAATGTAAGGCG,2
CCTGTACCGAATGGAT,2
CCTGTACCGAATGTCT,2
CCTGTTATAACGGGCC,2
CCTGTTCGATTTAGAT,2
CCTTAACAGCTGTAGA,2
CCTTAACATAGGAAAA,2
CCTTAAGTCATTAAGG,2
CCTTACCACCGAACTG,2
CCTTACCATGAGTTAG,2
CCTTACGTTTGTCCTT,2
CCTTACTCTAAAGTTT,2
CCTTACTGCGACGGCA,2
CCTTAGAACATAGCTA,2
CCTTAGACAAATTTCC,2
CCTTAGGATGGTTTAG,2
CCTTAGTCCTTAATTA,2
CCTTAGTGAACTCTAA,2
CCTTAGTTTTATCCGA,2
CCTTATGCCGAAGATT,2
CCTTCAAAAAACGTAG,2
CCTTCAACATACTCAA,2
CCTTCCAGGAGGCAAT,2
CCTTCCGGTTTCTTAG,2
CCTTCCTACACAGCCA,2
CCTTCCTGATCCTCTG,2
CCTTCCTGGATCCGTG,2
CCTTCTAAGTAACACA,2
CCTTCTACCATTATAG,2
CCTTCTACCCCTATAG,2
CCTTCTACGCTTATAG,2
CCTTCTGATTAACCAA,2
CCTTGAATAAAAACAA,2
CCTTGCAAAAACTATT,2
CCTTGCAAGAACGATT,2
CCTTGCTTCCACCTTT,2
CCTTGCTTGATAGGAA,2
CCTTGGATAGAAACTA,2
CCTTGGGTACAATAAC,2
CCTTGGTAGATCCCGG,2
CCTTGTGGTTTGAGTC,2
CCTTGTTTTGTGGACA,2
CCTTTAAATCCACAAT,2
CCTTTAACGAGTAATG,2
CCTTTACAACTGACTT,2
CCTTTACCCTTAACAT,2
CCTTTCAAGGGAATGT,2
CCTTTCGATCAGTCAA,2
CCTTTCGCGACTCACA,2
CCTTTGAATAGACCGT,2
CCTTTGTGAAGCATAT,2
CCTTTGTGGAGCATAT,2
CCTTTTCCACAGGTCT,2
CCTTTTCCATTATTCG,2
CCTTTTTCCATATACA,2
CGAAAAAACATAACTA,2
CGAAAAAAGAACAAGA,2
CGAAAAAATTCGGTCA,2
CGAAAAAGAGCTGACA,2
CGAAAAATAACCCCAT,2
CGAAAACTATCGTCCC,2
CGAAAAGCAAATGCAG,2
CGAAAAGCGCGAACAC,2
CGAAAAGTAACTTGAA,2
CGAAAATGATAATAAG,2
CGAAAATGATCTGGAG,2
CGAAAATTGAGTAAGC,2
CGAAAATTGATTCAGC,2
CGAAACAACGATTAAA,2
CGAAACACTGTTGAAA,2
CGAAACAGTCTTCAGC,2
CGAAACATAGATGGTA,2
CGAAACCACGAGAGTA,2
CGAAACCACGAGATTC,2
CGAAACCTATGGGGAA,2
CGAAACGGAAAAGTGA,2
CGAAACTAAACCAATT,2
CGAAACTAAGAAAGAT,2
CGAAACTGGCAAACCT,2
CGAAAGAAATTAGGTC,2
CGAAAGAGTAAAAAAC,2
CGAAAGCACCTGTACA,2
CGAAAGCCTATGGCAA,2
CGAAAGGCGTAGTTCC,2
CGAAAGGCTAACCAAT,2
CGAAAGTCATAGGTCC,2
CGAAAGTCCCCTGATA,2
CGAAATAAGTTCTGAA,2
CGAAATAGTCTTAAAC,2
CGAAATCAAGCGAGGT,2
CGAAATCTGATAGTGC,2
CGAAATGAAACATAGT,2
CGAAATGAAATAACAT,2
CGAAATGAGAATGAAA,2
CGAAATGATAATGACA,2
CGAAATTAATCCATCT,2
CGAACAAACGATTAAA,2
CGAACAAAGCAAGTAC,2
CGAACAACAACCATGT,2
CGAACAACAATCGTGT,2
CGAACAACTGTTCCTT,2
CGAACACCTTTGCGCG,2
CGAACAGAAGACATAG,2
CGAACAGACTCTAAAC,2
CGAACAGAGAATCCTG,2
CGAACAGATACCAGAA,2
CGAACAGCGGTCACAA,2
CGAACAGTCAAAGAGT,2
CGAACAGTCAAATCGT,2
CGAACATCAACTAAAA,2
CGAACCAAAGATTAAA,2
CGAACCAGAATACACA,2
CGAACCCTCCCTGAAA,2
CGAACCTACCACGCAA,2
CGAACCTTATTACTGT,2
CGAACGAACAAGAGAT,2
CGAACGCAAAGTCACT,2
CGAACTGACGTTCTGC,2
CGAAGAAATTAATCTC,2
CGAAGAACCTTACTCA,2
CGAAGAACGATAGTCC,2
CGAAGAACTCCTAGTA,2
CGAAGAACTGACCCTA,2
CGAAGAGACCCAGAGA,2
CGAAGAGACTCAACAC,2
CGAAGCATCACAAAGA,2
CGAAGCCTGGTTTACA,2
CGAAGCGATAAGCAGC,2
CGAAGGCCTTTTAATA,2
CGAAGTAGAAAAATTA,2
CGAAGTATAACAATAT,2
CGAAGTATGACAATCT,2
CGAAGTCCGATACCTA,2
CGAAGTTATCATACCA,2
CGAAGTTGTCCGAACA,2
CGAATAGTTCCGATCT,2
CGAATATATACTAGAC,2
CGAATATATGACTTCG,2
CGAATCATGTGACGGA,2
CGAATCCGTACACGAT,2
CGAATCGGGCCTACCT,2
CGAATGTATCTGATAA,2
CGAATTAACATAATTG,2
CGAATTAACCTAATTT,2
CGAATTACACAGACCA,2
CGAATTACCTTGTAAT,2
CGAATTACGCAGACCA,2
CGAATTATATATCAAA,2
CGAATTCAATCTAAAT,2
CGAATTCAGAATAGAT,2
CGAATTGGGTCCGATC,2
CGAATTGTACTTACAA,2
CGAATTTAGTCACACA,2
CGAATTTTGACGAAGA,2
CGACAAAAACCGGGCA,2
CGACAAAAGGGTCTTA,2
CGACAAACTTTACCCT,2
CGACAACAATATTTAA,2
CGACAACTGAATTAGC,2
CGACAAGGAGACTTAC,2
CGACAAGGGATTCCGC,2
CGACAAGTAGTCAAGA,2
CGACAAGTGGGCAAGA,2
CGACAATAACTAACGG,2
CGACAATAAGATTGGC,2
CGACAATAGATATATC,2
CGACAATCATTATTAC,2
CGACAATCTAGAATAT,2
CGACAATGACCATGAG,2
CGACAATGAGGAACTT,2
CGACACACATGAATCT,2
CGACACACGAGCTTCT,2
CGACACATCCTGAAAT,2
CGACACCACGAAAATT,2
CGACACGAAATGTACC,2
CGACACTTGACGAAAT,2
CGACACTTTAACAGAA,2
CGACACTTTGATGGCC,2
CGACAGCATATCAATC,2
CGACAGTGACAAGCCA,2
CGACATAAAGAGGCAA,2
CGACATATGCCCGAAC,2
CGACATGACAATAGCT,2
CGACATGCACAATTAA,2
CGACCAAAGGAGTTTA,2
CGACCAATGGAACTGT,2
CGACCACCAAAATTAC,2
CGACCAGCCCATGAGT,2
CGACCAGGGATTACGC,2
CGACCATCAACTCTAG,2
CGACCATTTGGCATTA,2
CGACCCCCAAAAATCT,2
CGACCCTAAACCGCCC,2
CGACCCTCCTCAGAAC,2
CGACCCTTTGCACAGC,2
CGACCGAAGACTGAAC,2
CGACCTGGCAACCCTT,2
CGACCTTTCTACAGAA,2
CGACGAAAATTAGCAG,2
CGACGAATGATATACC,2
CGACGACCGTGCGGAA,2
CGACGACTATCGAGAA,2
CGACGATATCCTTCAA,2
CGACGATGAGTCAAAA,2
CGACGCACACGGCCAA,2
CGACGCATGACATTCA,2
CGACGCATTATTAATT,2
CGACGCTGATGGTAAC,2
CGACGCTTGATAGTTA,2
CGACGGCCAAGCAAAC,2
CGACGGCCATACAAAC,2
CGACGGCCATTCAAAC,2
CGACGGGACACAAATC,2
CGACGTAACGTTACAT,2
CGACTAACACAGGTGC,2
CGACTAAGAATTAGAA,2
CGACTAAGTCCTAATA,2
CGACTAATTAACGTAT,2
CGACTACACTCAATGA,2
CGACTACCGTACCTCT,2
CGACTATAACCCCTAG,2
CGACTCACAAAACGAA,2
CGACTCAGAAGGAACA,2
CGACTCCAACGAAGAA,2
CGACTCCTCAACCCAC,2
CGACTCGGCAATAACT,2
CGACTGCCATGCAAAC,2
CGACTGTAGAAGGGAA,2
CGACTGTTCCTAATAA,2
CGACTTACACTTTGAG,2
CGACTTCCAAGCAACA,2
CGACTTGAGACCTCGT,2
CGAGAAACACAATGAA,2
CGAGAAACCTATCGAG,2
CGAGAAACCTATCGCA,2
CGAGAAACCTATCTCG,2
CGAGAAACCTATTGCG,2
CGAGAAACGTATCGCG,2
CGAGAAACTTCCCACT,2
CGAGAACAAAATTTAC,2
CGAGAACAGATCACAT,2
CGAGAAGAGCTACTCA,2
CGAGAAGCATATGATT,2
CGAGAAGCTAACCAAA,2
CGAGAAGTCGGTCGCA,2
CGAGAAGTTATATGGC,2
CGAGAATACAATACAA,2
CGAGACGGAGAACGAG,2
CGAGACTGACGTAATG,2
CGAGACTGTTGAGAGC,2
CGAGAGAAAAGTCCAT,2
CGAGAGACAAAAGTTG,2
CGAGAGACGCTGAATT,2
CGAGAGCAATCATATT,2
CGAGAGTTTTAGGTCT,2
CGAGAGTTTTATGTCG,2
CGAGATAAACCCCCCC,2
CGAGATTATACCTGCC,2
CGAGATTCGCACACTG,2
CGAGATTGTGTCGTAG,2
CGAGATTTACCCATAC,2
CGAGATTTTTAGGTCG,2
CGAGCAAAAAGGTAAA,2
CGAGCAAAACAATGAA,2
CGAGCAACACAATTAA,2
CGAGCATCATCCAACT,2
CGAGCCAATACATTGA,2
CGAGCCAGTCTCGTTC,2
CGAGCCTTATCGTGCT,2
CGAGCTAATTAAATTA,2
CGAGCTAGAATGCGCC,2
CGAGCTATACCCACTG,2
CGAGCTCACCGACCTC,2
CGAGGCAGCCGAACCC,2
CGAGGCTAAAACGGCC,2
CGAGGCTGATATAAAA,2
CGAGGGAACCAATGTA,2
CGAGGGAGACAATGTA,2
CGAGGGAGCCAATTTA,2
CGAGGGAGCTAATGTA,2
CGAGGGATCGTGTACA,2
CGAGGGCGAAAGACTA,2
CGAGGGGGCCAATGTA,2
CGAGGTCATAAAAGTT,2
CGAGTAAAAATCCAAA,2
CGAGTAACACGATCCT,2
CGAGTACCAAGATGAA,2
CGAGTATACCAATCTT,2
CGAGTCACAAGTTAAC,2
CGAGTGACGATTCTGC,2
CGAGTGCTTTCCGACA,2
CGAGTTAAAAGTTAAC,2
CGAGTTAACCTAATTG,2
CGAGTTACAATTTAAC,2
CGATAAAAAGCTTGGC,2
CGATAAACCCAACAAC,2
CGATAAATAGGACACC,2
CGATAAATCCCTTCAT,2
CGATAAATCTATCATG,2
CGATAACAATAATTAC,2
CGATAACTACCTTCAT,2
CGATAAGAGTTACATC,2
CGATAAGGAAGTGCTG,2
CGATAATGAGCCGATT,2
CGATACATTGCTATAA,2
CGATACCGAAAGACAC,2
CGATACCTGATATACA,2
CGATACGAGGAAAGCA,2
CGATACGCATACCAAT,2
CGATACGGAAGTGATG,2
CGATACGTGAGCAGGT,2
CGATAGAAATACAATA,2
CGATAGACATGCAATA,2
CGATAGACGTACAATA,2
CGATAGATTGAATAGT,2
CGATAGCAGAAGTACC,2
CGATAGCAGTCCTTAG,2
CGATAGGATATACCAA,2
CGATAGGCATTGTTGT,2
CGATAGGTATGAGGTT,2
CGATAGTAGTCCTTAT,2
CGATATCGCAAAGGAA,2
CGATATGAGAAGCGTA,2
CGATATTAATTGCAAA,2
CGATCAAAACCCCGAT,2
CGATCAAATAGTTTGT,2
CGATCAAATGACACAC,2
CGATCAAGTGAGAACA,2
CGATCACATCTTGAAT,2
CGATCATGATCCGATT,2
CGATCCAAGTAGATCG,2
CGATCGAAATTACCGT,2
CGATCGGAATTAGAGG,2
CGATCGGGCTTAGAGT,2
CGATCTACTCCAAGTA,2
CGATCTGCTGCTCTCC,2
CGATCTTCTAACTATT,2
CGATCTTCTATTAACT,2
CGATGAAATGGCCTAG,2
CGATGAGATGGTTTCA,2
CGATGAGGTAGCCCTG,2
CGATGCATTTATTCAC,2
CGATGCTTTTGGGGTA,2
CGATGGACATACAATA,2
CGATGGAGCTCACCAA,2
CGATGGTACAAGAACG,2
CGATGGTACCAGAACC,2
CGATGGTGAGACAGGT,2
CGATGTACAGCCCAAT,2
CGATGTCAGAACAGGC,2
CGATGTCGCGGTGTTA,2
CGATGTGATGCTCAAA,2
CGATGTGTAATGATAG,2
CGATGTTACATTCCAA,2
CGATGTTCCACTCCAA,2
CGATGTTCCATTACAA,2
CGATGTTCGATTCCAA,2
CGATTAACCGCCAAGC,2
CGATTACAAATTAATT,2
CGATTACATTACCCGA,2
CGATTACCCTCCAAGC,2
CGATTACTTTATCATA,2
CGATTATGTCACCATA,2
CGATTCAGATAAAAAT,2
CGATTCGATACGCAAA,2
CGATTCTCTTATCGCG,2
CGATTTCGGGATGTCT,2
CGATTTGACTAAGCTT,2
CGATTTTCCATTCCAA,2
CGATTTTGCATCGTAA,2
CGCAAAAAACGAAAAA,2
CGCAAAAAATGAGAGT,2
CGCAAAAATGATTGCT,2
CGCAAAATGGGTTTAA,2
CGCAAACCAGACATTG,2
CGCAAATGATCTAAAA,2
CGCAACACTATTCAAA,2
CGCAACATGTGGCAAT,2
CGCAACGCATTTGTAG,2
CGCAACGTACTAGCAC,2
CGCAATATTTGACACC,2
CGCAATCGATGTAAAT,2
CGCAATGCATTATACG,2
CGCAATTCAAGGCATG,2
CGCAATTCAATACAGT,2
CGCAATTGTATGACCT,2
CGCACAAAAGAGAGGT,2
CGCACAACATTCAATT,2
CGCACAGGACGTCCCT,2
CGCACAGTCACATATC,2
CGCACATGAGTACGAC,2
CGCACATGGCAGTAAC,2
CGCACATTAGCAAGCA,2
CGCACCAGTTATCCTA,2
CGCACGAAAACAGATA,2
CGCACGAAGACTGAAC,2
CGCACGCTCAGACATC,2
CGCACGTTAACCCATA,2
CGCACTAAGCTAATGT,2
CGCACTCTGACTTAAG,2
CGCACTCTTCATAAAA,2
CGCAGAAGCGTGTATT,2
CGCAGAGATCCCCACT,2
CGCAGCAAAAGGAGCG,2
CGCAGGATAACTTACA,2
CGCAGGGATACTGACT,2
CGCAGTAAAGATTAAC,2
CGCAGTAAAGATTGAC,2
CGCAGTAACGGTTAGA,2
CGCAGTAAGGATTCAC,2
CGCAGTCACTAGTCCT,2
CGCAGTGAATGCAACG,2
CGCATAAATTCAACTA,2
CGCATAATGTCACCGA,2
CGCATACCGCGAATTG,2
CGCATACTTGTTTCAC,2
CGCATATCTAGACAAT,2
CGCATCAAAAGCAAAG,2
CGCATCAAACTTTCCA,2
CGCATCATATATACGC,2
CGCATCCAGCGTTGAC,2
CGCATCCATGCCTACG,2
CGCATCCGAAACGGAC,2
CGCATCTATGACTACG,2
CGCATCTTACGGCCTG,2
CGCATGAAGTCCCGCG,2
CGCATGACGTCCCGAG,2
CGCCAAAAGATGTCAA,2
CGCCAAATGGAACTGT,2
CGCCAATGCGCCCCAT,2
CGCCAATGGAGCTAAG,2
CGCCACATCTACAGAG,2
CGCCACCTTCATTCGA,2
CGCCACTACGTTACTC,2
CGCCAGGAACTAAGTA,2
CGCCAGTGGCAAAACC,2
CGCCATAAGCTAATGT,2
CGCCATATAAACAAAA,2
CGCCATATATAGTCAG,2
CGCCATCCAAACAACT,2
CGCCATCGAATAAGGC,2
CGCCATTGGACAATAC,2
CGCCATTGGCAGCGCG,2
CGCCCAACGCTAACAG,2
CGCCCAGAGCCTAGGA,2
CGCCCAGGGATTCCGC,2
CGCCCCAACGGGGACA,2
CGCCCCTCTTAACCGC,2
CGCCCGAACATATCGA,2
CGCCCGAGGTAACGAT,2
CGCCCGTGTTAGCCAA,2
CGCCCTAAACACATCA,2
CGCCCTAGAATAAGGC,2
CGCCCTCAACAATGTG,2
CGCCCTCTATGACTGA,2
CGCCCTTAAGCACATC,2
CGCCCTTGGCAGAGCG,2
CGCCCTTGGCATCGCG,2
CGCCCTTGGTAGCGCG,2
CGCCGAACCTTCTGAC,2
CGCCGAGGATAGACCC,2
CGCCGTATTTCATACG,2
CGCCTAAGCAAACAAA,2
CGCCTACCGCTCACAG,2
CGCCTAGAGATGAGGT,2
CGCCTATAACCGCTAG,2
CGCCTATAGCCCCTAG,2
CGCCTATTGACATATG,2
CGCCTATTTGTATGAG,2
CGCCTCAACAAGAAAA,2
CGCCTCACCTTTAAGC,2
CGCCTCCAGCATTGAC,2
CGCCTCCAGCTTTGAC,2
CGCCTCTGACATCTTG,2
CGCCTGATATAATCTG,2
CGCCTTACACTCTGAG,2
CGCCTTGTTGGACCCA,2
CGCCTTTTGTAATAGT,2
CGCGAAAAGGCCAAAC,2
CGCGAAACGGCCAAAT,2
CGCGAAATCTACGTAT,2
CGCGAAATTGGAGCTA,2
CGCGAAGCCCTCCCGA,2
CGCGAATGTACTGGCA,2
CGCGACCCCTTTAGGG,2
CGCGAGACCGGGGTAC,2
CGCGAGTGTGATTTTA,2
CGCGATAACGACAACC,2
CGCGATCTTCCGTGTA,2
CGCGATTAAAAAAGGG,2
CGCGCATCTGTTTCCA,2
CGCGCCAAGTAATGAA,2
CGCGCCAGGGCCAACG,2
CGCGCCGAATTTGATA,2
CGCGCCTCTATTTCCA,2
CGCGCCTCTGTTTCCT,2
CGCGCGTGTCACCAAA,2
CGCGGACCAGACCTCA,2
CGCGGATTGACATACT,2
CGCGGGTCCACAAAAA,2
CGCGTAAGAGAATGCT,2
CGCGTAATCGAATGCT,2
CGCGTGCAAAACTCGT,2
CGCGTTACGGCCGACA,2
CGCGTTCAAAACTCGA,2
CGCGTTGTGAACCATT,2
CGCTAAAACGTTACCT,2
CGCTAAACTCTATTAG,2
CGCTAATACCATTTAC,2
CGCTACAAGCAACGTA,2
CGCTACACGCGGAACA,2
CGCTACAGGGGAAGCC,2
CGCTACATGTTAAGAT,2
CGCTACCTAGGATTGA,2
CGCTACTGAGCATGTC,2
CGCTACTTTTCCACTG,2
CGCTAGGAACACGGCA,2
CGCTATACGTGTCGGC,2
CGCTATCCTGTGTCGC,2
CGCTATCGCAAAGAAA,2
CGCTATCGCAAAGTAA,2
CGCTATCGCAAATGAA,2
CGCTATGTCTATATCG,2
CGCTCACACGAAAATA,2
CGCTCAGAAAACTAAC,2
CGCTCCAAGCGTTCAA,2
CGCTCCAGCACTTGTC,2
CGCTCCCTTACCTACC,2
CGCTCCTCTGTTTCCA,2
CGCTCGACTTGCCTCG,2
CGCTCTAAATTAAAAA,2
CGCTCTATCCTCAAAA,2
CGCTGAGACCCTCTCA,2
CGCTGAGAGCCGCTCA,2
CGCTGATACATTCCTA,2
CGCTGATATAACATTT,2
CGCTGTCGGAAGAAGA,2
CGCTTAAAACATTTAG,2
CGCTTAACAAGGCACC,2
CGCTTAACCTTAATTG,2
CGCTTAACGTTAATGG,2
CGCTTACCAAGTCACC,2
CGCTTACCAATGCACC,2
CGCTTACCAGGGCACC,2
CGCTTACCGTTTTACA,2
CGCTTCTAACATCGGA,2
CGCTTCTTTTGGGGTA,2
CGCTTGACACACAAGG,2
CGCTTGACGCGCAAGG,2
CGCTTGGCACGCAAGG,2
CGCTTTATTGACATGC,2
CGCTTTTTTGACATGC,2
CGGAAAATCTATGCCA,2
CGGAAACAAACCCAGA,2
CGGAAACATTTACAAA,2
CGGAAACTGCCTAGGC,2
CGGAAAGCTGTAGTAC,2
CGGAAAGTTCTACACC,2
CGGAACAATTCTGTTT,2
CGGAACACAGAAACAA,2
CGGAACCAAAACAAAT,2
CGGAACGCACATGAAT,2
CGGAAGAGCATATTAT,2
CGGAAGGTAGCTTCAA,2
CGGAAGTAAGGACACT,2
CGGAATAGTCTTAAAG,2
CGGAATCACGATCTAT,2
CGGAATCCACCACATC,2
CGGAATGATCTAAAAA,2
CGGAATGCTCCAAAAA,2
CGGAATTCCCGATAGA,2
CGGAATTCTCTAAAAA,2
CGGACAACAACCGTGT,2
CGGACAAGCGCAAACT,2
CGGACAATTGGAGACA,2
CGGACCCGAAAACTAT,2
CGGACCCTCCCTTAAA,2
CGGACCCTCTCTGAAA,2
CGGACCGACGTGAGAG,2
CGGACGCAGCGAATTC,2
CGGACGCAGCGCGTTC,2
CGGACGGCAATAGAAT,2
CGGACGTACGGGAACC,2
CGGACTAATAAGTGAT,2
CGGACTACATCTGTAC,2
CGGACTACCGCTATGA,2
CGGACTACTCCGGACT,2
CGGACTAGAGAACGTA,2
CGGACTATAATACAAT,2
CGGACTCCGATTGCAA,2
CGGAGAAATGACCCTA,2
CGGAGAACTGACACTA,2
CGGAGAACTGACCCCA,2
CGGAGAACTGATCCTA,2
CGGAGAGAATAAAACA,2
CGGAGAGGTAAAATCC,2
CGGAGATTGATTTCTT,2
CGGAGCAAAGCTATGA,2
CGGAGCCATGGGTGAA,2
CGGAGTGATTGGGAGG,2
CGGATAAGGCATTCAG,2
CGGATAATTTTCCCAT,2
CGGATAGTCAATCGTC,2
CGGATATACCAACTAA,2
CGGATATGTACAACAG,2
CGGATCAGCAGTGGGG,2
CGGATCAGTCATTCAG,2
CGGATCGGGCATTCAG,2
CGGATCTGAGGTGAGA,2
CGGATGGACGAGTTTG,2
CGGATTAGGAAAGCGT,2
CGGATTGCCAACGTCA,2
CGGATTGCCGAGTTTG,2
CGGCAAAATGGAGATA,2
CGGCAACCTCCTAGTA,2
CGGCAATAAGCATAAC,2
CGGCACATCCTTAGCC,2
CGGCACATCCTTCGAC,2
CGGCACATGCTTCGCC,2
CGGCAGGAATCCGATC,2
CGGCAGTGGAGCATAA,2
CGGCATATTTAACTAG,2
CGGCATATTTAAGCGA,2
CGGCCAATGTACAAGA,2
CGGCCACCCCGAATCC,2
CGGCCACTCGGCTTTG,2
CGGCCCGAAATAGAAC,2
CGGCCCTCTCATCAGA,2
CGGCCGGGGGGTGGAA,2
CGGCCTAACAATAAGT,2
CGGCCTCATACTACCA,2
CGGCCTCCCAAAGTAT,2
CGGCCTGTTGCTTAGT,2
CGGCGAAGCACTAACT,2
CGGCGAATTTCTTAGA,2
CGGCGACCCCAAAACC,2
CGGCGAGGTAAAATAC,2
CGGCGATGCCACAATG,2
CGGCGATTGCTATTCG,2
CGGCGCAACACTTACC,2
CGGCGGATCTAAGTTC,2
CGGCTAATAGTCTTCA,2
CGGCTATGGCACAATG,2
CGGCTCAACAGTGTTA,2
CGGCTCAGTAGTATGA,2
CGGCTCCCCAACGACT,2
CGGCTCTACTACTTAA,2
CGGGAAAAACCTGCAG,2
CGGGAAATCAACACAA,2
CGGGAATCTACTGGTT,2
CGGGAATGTACTGTCA,2
CGGGACAAAGAGAGAA,2
CGGGACAAAGATAAAA,2
CGGGACAAATAGAAAA,2
CGGGACCTAAGATTGG,2
CGGGACGGTATGGATA,2
CGGGACGTTCTAGTTA,2
CGGGACTCTAGTGCGG,2
CGGGACTCTCGGGATT,2
CGGGACTGGCGAATAC,2
CGGGAGGGTAACAAGC,2
CGGGAGGGTACCAATC,2
CGGGATAAATAGCCAA,2
CGGGATATGTAAGCGA,2
CGGGATATTTAATCGA,2
CGGGATCTAAAGTCTG,2
CGGGATTATGAAATCA,2
CGGGCATACCAACTAA,2
CGGGCCAATGCACCTA,2
CGGGCCATCCCCACAA,2
CGGGCCATGCCCACAA,2
CGGGCCATTCACACAA,2
CGGGCCCAAGCACTCA,2
CGGGCCCAATGAGTCA,2
CGGGCCTGACTCTTCC,2
CGGGCTCGCAATAAAT,2
CGGGGAAGAAATTTCT,2
CGGGGACGACTGGACA,2
CGGGGAGAAAATTAAA,2
CGGGGCACACAAAACA,2
CGGGTATGCCGGCCAC,2
CGGGTATTCGAGATTC,2
CGGGTCCTATAGAAAT,2
CGGGTCTGGCGGTTAG,2
CGGGTGATATAAAGGG,2
CGGGTTCACCCCAGAC,2
CGGGTTGCCTGACTAC,2
CGGGTTTAGTGACAGA,2
CGGGTTTATCTCAGAG,2
CGGGTTTCTCACCGGG,2
CGGTAACTCCCTTCAT,2
CGGTACGATTCGATGG,2
CGGTAGAAGAGCTTAT,2
CGGTAGAAGGGCCTCC,2
CGGTAGTATTGATCTC,2
CGGTATACAGCTTAAA,2
CGGTCAAATAATAGGA,2
CGGTCACCGGTCCAAA,2
CGGTCATGGGAATGCG,2
CGGTCCTCCGACATTT,2
CGGTCGAACACCCGAC,2
CGGTCGACACAACATC,2
CGGTCGATTGATGCGC,2
CGGTCTATTGCTGCGC,2
CGGTCTTTCAAGTCAA,2
CGGTGACCCAAAAACC,2
CGGTGGAGGGACGAGT,2
CGGTGGCGTAACCAGC,2
CGGTGGGCAGACTACT,2
CGGTGTAAAGTCGATG,2
CGGTGTCAAGGAAACA,2
CGGTGTCATTAAACCG,2
CGGTTAAGTCGAATCA,2
CGGTTAATAGTAGCCT,2
CGGTTAGTTAACATAC,2
CGGTTATCTAAACAGA,2
CGGTTCAAGGTCCAGT,2
CGGTTCTATAAACAGA,2
CGGTTGATCAGTATCA,2
CGGTTGATGACAGACC,2
CGGTTGTTCTCAAACT,2
CGGTTTATATATAATG,2
CGGTTTCACGACGACT,2
CGGTTTTTCTATCAAT,2
CGGTTTTTCTGCACCC,2
CGTAAAAACTCCCGCA,2
CGTAAAACGCCAAAAC,2
CGTAAAATTACACAAA,2
CGTAAAATTTATTATT,2
CGTAAAGGCCTCACAC,2
CGTAAATAGCCGATGC,2
CGTAAATCAGCGACAA,2
CGTAACCCAAACAAAT,2
CGTAACCCCCCTAAAA,2
CGTAACCCCTTGCGAC,2
CGTAACCTATATGAGC,2
CGTAACGTAATAAATC,2
CGTAACTAATTTTAAC,2
CGTAACTAGCTGCGAA,2
CGTAACTGTTTTGCAA,2
CGTAACTTAACATAGA,2
CGTAAGAGAGTACAGA,2
CGTAAGCCCTGATATC,2
CGTAATAGTAGGAAAA,2
CGTAATCCGGAGTGTC,2
CGTACAACATCAGAAG,2
CGTACCAACTTGACAC,2
CGTACCAGATTGGCTC,2
CGTACCCGAATCACCG,2
CGTACCGGAAACTACG,2
CGTACCGGAGGGTGTA,2
CGTACGACTTAATACA,2
CGTACGCTTCACGACA,2
CGTACGCTTCCCAACA,2
CGTACTCAGAAGCCAT,2
CGTACTTAACTGAAAG,2
CGTAGAAAGAAAACCA,2
CGTAGAAAGGCTAACC,2
CGTAGAATCGTCACAC,2
CGTAGACCAATGGTTT,2
CGTAGAGTAAACAATT,2
CGTAGATGCCTCTACT,2
CGTAGATTTGCAGGCT,2
CGTAGCCAAAACCTTT,2
CGTAGGTGGGGTTTAT,2
CGTAGGTTCGGTTTAT,2
CGTAGTCGCCTCCCAG,2
CGTATAAAAGATAAGA,2
CGTATAAAGTTACTGA,2
CGTATAATATAAGTAT,2
CGTATACCGGTGGACG,2
CGTATAGAATACGCTG,2
CGTATCAAAAACATTG,2
CGTATCCGAATCACCA,2
CGTATCTAAAGGGAGA,2
CGTATGTTTCATGTCT,2
CGTATTAAAACCATTC,2
CGTATTGCCACCCTTG,2
CGTATTTTCAATTTAA,2
CGTATTTTTCAGGTCT,2
CGTCAAAACCAAATCC,2
CGTCAAACTCAGGAAG,2
CGTCAAATGTTGGATC,2
CGTCAAATTACTATCA,2
CGTCAATCTAATATTA,2
CGTCAATCTTATTTAA,2
CGTCACCCAGAACCGG,2
CGTCACTTCCGTTATT,2
CGTCATGACTTATAGG,2
CGTCATGCTAACCAAG,2
CGTCATTAAGTATAAC,2
CGTCATTAATGATACT,2
CGTCATTCGGGATAAC,2
CGTCCATCTACTGAAA,2
CGTCCCAATACATGCA,2
CGTCCCAATTAAAACT,2
CGTCCCAGCAATATTT,2
CGTCCCCTGGTAAATA,2
CGTCCGTGATAACAAG,2
CGTCCTGAGTATAATC,2
CGTCCTTAATGACTGT,2
CGTCGACCTTGAAACA,2
CGTCGACTACTTAATG,2
CGTCGTAGTGAGTGAT,2
CGTCGTGGCTCTTACG,2
CGTCTCGCACGTCTGA,2
CGTCTGGCGCTGACGG,2
CGTCTTATACCCCTCA,2
CGTGAAAAAACTTTTT,2
CGTGAAATGCCATTCA,2
CGTGAAATTCTGAGCT,2
CGTGAAGTTTACACTA,2
CGTGACAAAGAGAAAA,2
CGTGACATCAAGTATT,2
CGTGACCTCCTCACTA,2
CGTGACGGCATTATAT,2
CGTGAGATTCTGAGAT,2
CGTGAGATTGTGAGCT,2
CGTGATATTCTGAGCT,2
CGTGATATTTAAGCGA,2
CGTGCAATATGGTTAC,2
CGTGCATCACGGATTG,2
CGTGCCAAAGAACCCA,2
CGTGCCATTCCCACAA,2
CGTGCGGTTCTTTAAC,2
CGTGCGTACTTTCAAA,2
CGTGCGTTGAACGTAA,2
CGTGCTAGACTACCAT,2
CGTGGACTAAATGATA,2
CGTGGATACGACATAA,2
CGTGGCATTTATGACT,2
CGTGGCGAACAGCATT,2
CGTGGCGTTTACACTT,2
CGTGGCGTTTACAGTA,2
CGTGGGACATGAGAGC,2
CGTGGGACGTGAAAGC,2
CGTGGGGTCTCATAGA,2
CGTGGTACATGAAAGC,2
CGTGGTGAAGAAAGAA,2
CGTGGTGTAATCTAAG,2
CGTGGTTTTGTGGACA,2
CGTGTAAGAAACAAGT,2
CGTGTCTTTAATCATG,2
CGTGTTACGGACGACA,2
CGTGTTACGGCTGACA,2
CGTTAAAACCAAAGGA,2
CGTTAACCTCTTCACA,2
CGTTAACTATTATAAA,2
CGTTAAGTCGAAGTAG,2
CGTTAATAAAAACAGA,2
CGTTAATAGCAACAGA,2
CGTTACACTTCATTCT,2
CGTTACATAGCCTAAA,2
CGTTACATTTCATCCT,2
CGTTACCACCTCGTCC,2
CGTTACGAGACCCCCA,2
CGTTACTCAAAAGTAA,2
CGTTAGAGTAGTAGTA,2
CGTTAGCCATCACAGT,2
CGTTAGTATTTAAGAC,2
CGTTATATGTAACCAT,2
CGTTATCACAATAATA,2
CGTTATCGAACGGAAA,2
CGTTATGGATAAACCA,2
CGTTCAAAGCAAATAA,2
CGTTCAAATAATGGGA,2
CGTTCATGATTTTTTT,2
CGTTCATGTACTTATA,2
CGTTCCGTGTACATAT,2
CGTTCCTTATACATAT,2
CGTTCGAAGCCCCACG,2
CGTTCTATATAAGCGA,2
CGTTCTATCTAAGCTA,2
CGTTCTATGTAAGCGA,2
CGTTGATCAAATAAAG,2
CGTTGCACTTCTACAT,2
CGTTGGACATGAAAGC,2
CGTTGGTTCCATAGAC,2
CGTTGTACTTCTAAAT,2
CGTTGTAGACATTTGT,2
CGTTTAAAGCCCAGGA,2
CGTTTATCAAACAAAC,2
CGTTTATCAAACAGTC,2
CGTTTCACAATTCCAA,2
CGTTTCCCACGACGCT,2
CGTTTCGACCGAAAAT,2
CGTTTCGTCCTCGACT,2
CGTTTCTCTGGACATC,2
CGTTTGAGTTACATTA,2
CGTTTGGCAACCGACA,2
CGTTTTCTAAATTAAT,2
CGTTTTGAAAAATAAC,2
CGTTTTTAAGCACTAT,2
CTAAAAACACATCCTA,2
CTAAAAACCATCGGAA,2
CTAAAAATAAAAACCC,2
CTAAAACAGGCACTAT,2
CTAAAACCCATTCGCG,2
CTAAAACCGAGGAATG,2
CTAAAACTGATAGGAA,2
CTAAAACTGCACAATA,2
CTAAAAGACATGCCTC,2
CTAAAAGAGTCACAGC,2
CTAAAAGCATGCGGAA,2
CTAAAAGTTACTGAGA,2
CTAAAATACTTTCGAC,2
CTAAAATCATGTACGG,2
CTAAAATGCTCTGAAC,2
CTAAAATGGCCATCGG,2
CTAAACAAATAACAAG,2
CTAAACATATAACAAG,2
CTAAACCGAAAATGAA,2
CTAAACGAACACCCCA,2
CTAAACGGTCACCCGA,2
CTAAACTACTTTAGAC,2
CTAAACTACTTTCGAT,2
CTAAACTGTCACCCAA,2
CTAAACTTTAACTTAA,2
CTAAAGAAGTACCAAC,2
CTAAAGACGCGACGAA,2
CTAAAGCCGACACGCA,2
CTAAAGGCGACGGCAT,2
CTAAAGGCTACGGTAT,2
CTAAAGGTGTTGGATA,2
CTAAAGTTAGTGACAC,2
CTAAAGTTCTAAGAGC,2
CTAAATAACGTTCAAC,2
CTAAATAAGTATTCCC,2
CTAAATACAAGTAACA,2
CTAAATACTTATTAAC,2
CTAAATCGAGTAAGTT,2
CTAAATGAAAAGACGT,2
CTAAATGAAACCATGT,2
CTAAATTTAAGATACA,2
CTAACAAATTAATACC,2
CTAACAAATTTTAAAG,2
CTAACAACGTACATAA,2
CTAACAACTGAAAACT,2
CTAACAAGAGCTAAAC,2
CTAACACCATTCATAA,2
CTAACACCCTGCGTCC,2
CTAACAGCTCAGCTGA,2
CTAACAGGCTGTAAAC,2
CTAACAGGGTCGTAGA,2
CTAACATACTAGACGT,2
CTAACATTGCGACCGA,2
CTAACATTTGATCATA,2
CTAACCACAATGATTG,2
CTAACCATGACCTTCC,2
CTAACCATGCCCTTCT,2
CTAACCATGGCCTTCC,2
CTAACCCACACTACCG,2
CTAACCGGAAAATCCG,2
CTAACCTTATTGACCA,2
CTAACGAATGGACCCT,2
CTAACGACTTAGCAAG,2
CTAACGCTAGAAAAGA,2
CTAACGGTACAACATA,2
CTAACTGAAACCATTT,2
CTAACTGACGATGTCA,2
CTAACTTCCTAAAAGC,2
CTAACTTGCGACCTAC,2
CTAACTTTACGTCATA,2
CTAAGAAAAGTTGACC,2
CTAAGAAAGCCCGATA,2
CTAAGAACAAGCAGAC,2
CTAAGAGACTCAACCC,2
CTAAGAGATACGGCAC,2
CTAAGATACTGGGAAT,2
CTAAGATCCAAACCTA,2
CTAAGATCTCCCTCAG,2
CTAAGATTTCCTTGCC,2
CTAAGCATACAAATCA,2
CTAAGCATCCGTTGAG,2
CTAAGCCACTTAAATG,2
CTAAGCCCGAGAGCTG,2
CTAAGCCCGCGAGCCG,2
CTAAGCGCAATATGCC,2
CTAAGCTCATCCCTCG,2
CTAAGGAGAACCGCGA,2
CTAAGGTTAAATATCA,2
CTAAGTAATCCTTCAA,2
CTAAGTTAGCCTAAAA,2
CTAAGTTCGTAGCTTT,2
CTAAGTTGCCGACTTT,2
CTAAGTTGTTTCAGAT,2
CTAAGTTTTTCAACAT,2
CTAATAAACAAGACCT,2
CTAATAACCGGCACAG,2
CTAATAACCTAAAAAC,2
CTAATAACTGTAACCC,2
CTAATAATCCATGTTT,2
CTAATACTCCACAACT,2
CTAATAGCTAGGAAAG,2
CTAATATGTACAAGTG,2
CTAATATGTCAAAAAA,2
CTAATATTAAAGTATA,2
CTAATCAACAATACCT,2
CTAATCAATTGAAACA,2
CTAATCAGGCTGTCGG,2
CTAATCATGATCCATA,2
CTAATCCACACTGCAA,2
CTAATCCCGCGAGCTG,2
CTAATCTCAGTTACCG,2
CTAATCTGTTGCATAA,2
CTAATGCCGAGTAGAC,2
CTAATGCTTAATCATC,2
CTAATGGAATAGCTGG,2
CTAATGTCCTCCACGC,2
CTAATTAACCTAATTG,2
CTAATTAATCGCAAGT,2
CTAATTAGATTACTGC,2
CTAATTCATTGAATCT,2
CTAATTCCATGATAAA,2
CTAATTTCGCCCGACA,2
CTAATTTCGCCTGAAA,2
CTACAAAACATAACTA,2
CTACAAAATCGGCATA,2
CTACAAATTGATGGCG,2
CTACAACACAATCGTA,2
CTACAACGATAATACG,2
CTACAAGTTTAACGGC,2
CTACAATAACAATACG,2
CTACAATCACTTTGCT,2
CTACAATCTAAAGAAT,2
CTACAATCTTTATTAC,2
CTACAATTATCAAAGC,2
CTACAATTTGATCATA,2
CTACACACTAGTCGAG,2
CTACACATCCCGCTCC,2
CTACACATTTGACAAA,2
CTACACCACCACGCAC,2
CTACACCTACAATGAG,2
CTACACGTTCTATGCA,2
CTACAGAATTCCACGG,2
CTACAGCATGTCCACG,2
CTACAGGCTCCTGTAC,2
CTACAGGTTCTATATA,2
CTACATAACAGGCTTT,2
CTACATATGCCAAGTA,2
CTACATCCGTCGCAAT,2
CTACATCCTGTCGGGA,2
CTACATCGAGCACTCA,2
CTACATCTACTAGACA,2
CTACATGTGTCCTCAG,2
CTACATGTTCTATAGA,2
CTACATTACATTACCT,2
CTACATTGCTACTTCG,2
CTACATTTCTACTTCA,2
CTACCAAAGTGGTGAG,2
CTACCAAATATCAGGC,2
CTACCAACCCAACGGG,2
CTACCAATTGATGGAG,2
CTACCACGATGTAAAG,2
CTACCATCGAACACAA,2
CTACCATTCCAAAATT,2
CTACCCAACACTACCG,2
CTACCCAATATAAGGC,2
CTACCCAATATCAGGA,2
CTACCCAATATCAGGT,2
CTACCCAATATCATGC,2
CTACCCAATTATGGAA,2
CTACCCACTCGAAAAA,2
CTACCCCACACTACCC,2
CTACCCCACACTATCG,2
CTACCCCGCACTACCG,2
CTACCCTACACTACCG,2
CTACCGGGCTAAAAAA,2
CTACCTAAATTAAAGA,2
CTACCTAACCCCTGAT,2
CTACCTAATTGTGATA,2
CTACCTAGAAAAAAAA,2
CTACCTCACACTACCG,2
CTACCTGAGAGAGCAC,2
CTACCTGTAGAGTAAC,2
CTACCTGTTGGGTAAC,2
CTACGAAAATCACTAT,2
CTACGAAGTTAAACGA,2
CTACGACAACTATGTG,2
CTACGAGAAATATGTA,2
CTACGAGATAAAAAAT,2
CTACGATCCCGTTAAA,2
CTACGATGACCGGAAA,2
CTACGCATAAAGGTGG,2
CTACGCATACGTTGAG,2
CTACGCATCCGTTTAG,2
CTACGCATTGCAAAGA,2
CTACGCCCACAATGAG,2
CTACGGCACTGACAAC,2
CTACGGCAGCCAATCA,2
CTACGGCATCCCATCA,2
CTACGGTAGATAACGC,2
CTACGGTTGAATATCA,2
CTACGTACTAACTATT,2
CTACTAACTAAATTTT,2
CTACTAACTTTAACCC,2
CTACTAAGAAGTTTAC,2
CTACTACACTCATACA,2
CTACTATCACAACCTG,2
CTACTATGTAAAAAAA,2
CTACTATTTCAAAAAA,2
CTACTCAAATGTCACC,2
CTACTCAAGTAGTCCT,2
CTACTCACCGGAGCCT,2
CTACTCATCCGTTGAG,2
CTACTCCCAGGAAGGC,2
CTACTCTATTGCATAA,2
CTACTCTCACCGCCTG,2
CTACTCTGTTTCATAA,2
CTACTGATGATAACAA,2
CTACTGCACAAAGGCC,2
CTACTGCAGCCCATCA,2
CTACTTATCTAACAGA,2
CTACTTTAAATTCCAC,2
CTACTTTACCTCGAAC,2
CTACTTTCTAATCAAC,2
CTAGAAAAAAAATGTC,2
CTAGAAACACATAAAA,2
CTAGAAACCACAGGGA,2
CTAGAAAGAACAAACA,2
CTAGAAAGGTCTTGGA,2
CTAGAACAGAAATGTC,2
CTAGAACATTTTACAA,2
CTAGAAGAGAGTAAAA,2
CTAGAAGGCAACGATC,2
CTAGAATACAATGTTA,2
CTAGAATACCGACGGA,2
CTAGAATGAGCTATAG,2
CTAGAATTCAGTTCAA,2
CTAGACATACCGAGAT,2
CTAGACATGCAGGCCA,2
CTAGACATGGTAGCCT,2
CTAGACCTATATCAAG,2
CTAGACTAGAGCAAGA,2
CTAGACTCTTGAGCAT,2
CTAGATAAAATTCGTA,2
CTAGATATGCTAACTA,2
CTAGATCAGGCATAAA,2
CTAGATCGAATTGGAA,2
CTAGATTGTGGCGTAG,2
CTAGATTTTTTAAAAA,2
CTAGCAAAGCCCTTAA,2
CTAGCCAACACTCCTT,2
CTAGCCAACAGGCCCA,2
CTAGCCAGGAACCCCA,2
CTAGCCATAACGAGAT,2
CTAGCCCAACCTACAC,2
CTAGCCCACCATACAC,2
CTAGCCCACCCTACAT,2
CTAGCCTACCACGTGC,2
CTAGCCTACCCTACAC,2
CTAGCGAACCGTTAAG,2
CTAGCTAACCTTTAAG,2
CTAGCTAATGTAGTAC,2
CTAGCTATGAAAGAAC,2
CTAGCTCCATTGTCAT,2
CTAGCTGGAGCAAACC,2
CTAGGAAAATAGTCTT,2
CTAGGAACGTACAATC,2
CTAGGAAGACTGGAAT,2
CTAGGACAGAATGAAA,2
CTAGGATCAACACCGA,2
CTAGGCATCCGTTGAG,2
CTAGGCGTATTGAAAC,2
CTAGGCGTCCAGGAGC,2
CTAGGCTCTATATAGA,2
CTAGGGAGCCAATGTA,2
CTAGGGCGAGCCAAAG,2
CTAGTAAAACAGCGAC,2
CTAGTATAACTATAAT,2
CTAGTATTGGATTACC,2
CTAGTCAACGTGATCG,2
CTAGTGACACCTAGTA,2
CTAGTGACGCCTAGTC,2
CTAGTTAATACATCCT,2
CTAGTTACGCAGGAAC,2
CTAGTTCTTTCCGTGC,2
CTAGTTGACAATTATA,2
CTATAAAACAACAAAA,2
CTATAAACCAAAATAT,2
CTATAAAGAACTACAA,2
CTATAAATAGACCCCA,2
CTATAACACATTAGGC,2
CTATAACAGACACATT,2
CTATAACCAACCATTG,2
CTATAACCGCCCATTG,2
CTATAATATATTGGAC,2
CTATAATCTTTATCTA,2
CTATACAATGAATGAT,2
CTATACGACAAGTCCT,2
CTATAGAAATTGTCCA,2
CTATAGAACCAATAAT,2
CTATAGACACGTGACC,2
CTATATAAATTCGTCG,2
CTATATACGCCGAGTG,2
CTATATACTTCTTTCG,2
CTATATAGAAACTCAA,2
CTATATCCAAAAAATG,2
CTATATGAAGGGTTTT,2
CTATATGACCAAGTAC,2
CTATATGATACGACTG,2
CTATATTGTACTACCA,2
CTATCAAACATTTTCT,2
CTATCACCTACAAGCC,2
CTATCACTTAAAATCA,2
CTATCAGAGAGTAAAA,2
CTATCAGATTGAGGTT,2
CTATCATAGGACAGCA,2
CTATCCAACCGTATAA,2
CTATCCATACCGAGAT,2
CTATCGAAGCCCAGCC,2
CTATCGACTAAGAACT,2
CTATCGTTGCAGACTC,2
CTATCTACAATAATTT,2
CTATCTAGAAAAGGCA,2
CTATCTGTTTAGATCA,2
CTATCTTAAATTCACC,2
CTATCTTGAAGCGACA,2
CTATGAAAAACGAACT,2
CTATGAAAGCCGAACT,2
CTATGAACAATACTGA,2
CTATGAATTTATTCTC,2
CTATGAGCCTAACAGT,2
CTATGAGTGCTTTGTG,2
CTATGATACATACCCA,2
CTATGCCCACCAACAT,2
CTATGCCCAGTACCAG,2
CTATGCCTGAGGAATG,2
CTATGCCTTCCAGTAC,2
CTATGCGTATGACTGC,2
CTATGCTAACAGCCCA,2
CTATGGTACCAGAACG,2
CTATGTATTTAAAGCG,2
CTATGTCTGTATTAAC,2
CTATGTGTGACAATGT,2
CTATGTTCCATTCCAA,2
CTATGTTGAAATGCAA,2
CTATTAAAACCAGACT,2
CTATTAATCGTCCATG,2
CTATTACCACCTTTCA,2
CTATTAGCCATAGACG,2
CTATTCAACATCTGCC,2
CTATTCACACATTCCT,2
CTATTCCAACCGACAA,2
CTATTCCACACATCGT,2
CTATTCGAGCCCAAGG,2
CTATTCTTGACAAATT,2
CTATTGAAAGCATAGA,2
CTATTGGCGTTGGAAC,2
CTATTTAACAGCCGTA,2
CTATTTAATCACAAAA,2
CTATTTACCAGACGTA,2
CTATTTACCAGCCATA,2
CTATTTACCAGCCGTG,2
CTATTTCCCAGTTGCT,2
CTATTTGAACAAAATG,2
CTATTTGAGTTCTTGG,2
CTATTTGCGGACGATA,2
CTATTTGTGCTTGGCA,2
CTCAAAAAAATTTCTA,2
CTCAAAACACGACCCG,2
CTCAAAACATGAGAGT,2
CTCAAAATGGGTGTAA,2
CTCAAACAACGTAACA,2
CTCAAACAAGGCTATT,2
CTCAAACCACATACCC,2
CTCAAATTCAACCCGA,2
CTCAACATCTGATGAA,2
CTCAACATGTGACAAT,2
CTCAACCAACATAACA,2
CTCAACCAACTTAACA,2
CTCAACCTTGGTAACT,2
CTCAACTTACCCCTTT,2
CTCAAGAAACTTTGAA,2
CTCAAGACTTTCAGGA,2
CTCAAGCGAAAAGAAA,2
CTCAAGGGAAACCACA,2
CTCAAGGGAGCGGTAG,2
CTCAATAAGACTTGAG,2
CTCAATCAAATCCACC,2
CTCAATTGGTACATAC,2
CTCACATTATCTAACA,2
CTCACCACAACGAGAG,2
CTCACCACGGTTACCG,2
CTCACCCGAGTGAAAA,2
CTCACGACAAATGAAT,2
CTCACGAGTTATTTGC,2
CTCACTAACCCCTGAT,2
CTCACTAATAAACAAT,2
CTCACTAGTAGGAAAA,2
CTCACTATGAAAGAAC,2
CTCAGAAAATAGTCTT,2
CTCAGAACAAAAAAGT,2
CTCAGAAGCAACATGC,2
CTCAGACATATCTTTA,2
CTCAGAGGAAGTTAAG,2
CTCAGATGACCGGAAA,2
CTCAGATTATAGGGAG,2
CTCAGCAAATTACAAG,2
CTCAGCAACGGTTAGA,2
CTCAGCATATAAACAA,2
CTCAGCCTGTAAACAA,2
CTCAGCTATTAATTCT,2
CTCAGCTTTATGCCAC,2
CTCAGGACGTATAGCC,2
CTCAGGATGATACTTA,2
CTCAGGCCCGGAAACC,2
CTCAGTAATAGTTGTC,2
CTCAGTACCACATGGA,2
CTCAGTAGACACTTTA,2
CTCAGTCAAACCCGAT,2
CTCAGTCTATAAACAA,2
CTCAGTGTGCCATATT,2
CTCATAGAAAAAAACG,2
CTCATATTAGTGACTC,2
CTCATATTGGTTACTC,2
CTCATCAAACCACCGT,2
CTCATCAAGGTGCTAC,2
CTCATCCATCACACTA,2
CTCATCCTGAGATCCT,2
CTCATCGCTGAACTTA,2
CTCATCTAAGTTACCG,2
CTCATCTACCTACAAT,2
CTCATCTATGCCTACG,2
CTCATCTCAGTTAACG,2
CTCATCTCAGTTATCG,2
CTCATCTCATTTACCG,2
CTCATGAAGACGAAAT,2
CTCATGGGATCAAACA,2
CTCATGGTAAAGGCGA,2
CTCATTCTTCACCGGA,2
CTCATTTGTAGACAAG,2
CTCCAAAAGCGAACGA,2
CTCCAAAATCTAACGA,2
CTCCAAATATTGTCAT,2
CTCCAAGAAGTTGATG,2
CTCCAAGACGCTGATG,2
CTCCAAGACGTTGATC,2
CTCCAAGAGCCGCACT,2
CTCCAAGCGGCTGGAC,2
CTCCAAGTAAACAATA,2
CTCCAAGTTTAAAGGC,2
CTCCAAGTTTAACGTC,2
CTCCAATACTGTGACC,2
CTCCAATCGGATAACC,2
CTCCAATGAACAGCCC,2
CTCCACAACGATTACA,2
CTCCACAGATATCACG,2
CTCCACAGATGCGTAG,2
CTCCACAGCCGGTAAT,2
CTCCACATGTGATGAA,2
CTCCACGGATCAAGCA,2
CTCCAGCAGCTAGACA,2
CTCCAGCGAACGAGAG,2
CTCCAGGTCACCGCAA,2
CTCCATAATTCGTCCA,2
CTCCATGAGTAAGGAA,2
CTCCATTCACGCACCA,2
CTCCATTTTTGGTATC,2
CTCCCAAAAAAAGCCT,2
CTCCCAAGTCACGCAC,2
CTCCCAATAAAAGTTT,2
CTCCCACCGCTCACAG,2
CTCCCATATACCTATC,2
CTCCCATTGCCGAAAG,2
CTCCCCACCGTAGCTA,2
CTCCCCGACTTTACCG,2
CTCCCCGCCATAACTA,2
CTCCCCGCGTTTACCG,2
CTCCCCTAAAAGAACC,2
CTCCCGACTACCGACC,2
CTCCCGACTACCGCCC,2
CTCCCGACTACCGGCA,2
CTCCCGACTACCTGCC,2
CTCCCGCGGAGAAACA,2
CTCCCTAAACCCTGAT,2
CTCCCTAAGCTAATGT,2
CTCCCTCTAAATCCTA,2
CTCCCTGACCCCTGAT,2
CTCCCTTCCCCGACCT,2
CTCCGAAAGGAAAAAA,2
CTCCGAATCTCAAGAC,2
CTCCGAATCTTAAGAA,2
CTCCGAATCTTGAGAC,2
CTCCGACCCGAAGATT,2
CTCCGATCACCGAACA,2
CTCCGCATGATTGATC,2
CTCCGCTCGTATAGAC,2
CTCCGGAAAGGTCATA,2
CTCCGGCTTCCAGACA,2
CTCCGTTCGCCACAGG,2
CTCCTAACAAAAAAGT,2
CTCCTAAGCAAACAAC,2
CTCCTACAGAAGTAGA,2
CTCCTAGGCATATTCA,2
CTCCTATCGTCCACAG,2
CTCCTATGACCGGAAA,2
CTCCTCATGATGGATC,2
CTCCTCCCGTGCACAA,2
CTCCTGACGCTGTCAT,2
CTCCTTTATTACCCGA,2
CTCGAAAAAATCACAT,2
CTCGAAAAGTTAAGAG,2
CTCGAAAATCACTCAG,2
CTCGAAACGGCCAAAC,2
CTCGAACAGTAATGCA,2
CTCGAACCTAGAGCTG,2
CTCGACCACTTCGTTA,2
CTCGACCCTAGAGATG,2
CTCGACGACTCAAAAA,2
CTCGACGCCGCTAACA,2
CTCGACTAGCAGTACT,2
CTCGAGAACTGTAAAA,2
CTCGAGCGTCCATATA,2
CTCGAGTAGGCGTGAC,2
CTCGATACTTGAACTG,2
CTCGATCTCACTCCCC,2
CTCGCGGTGGTTACCC,2
CTCGCGTATCACGTCT,2
CTCGCGTATCACTTCC,2
CTCGCTATGAAGGAAC,2
CTCGCTATTAAAGAAC,2
CTCGCTTATTACAAGC,2
CTCGGAATTTGTAAGG,2
CTCGGACACTAACAAA,2
CTCGGCACGAAGATGT,2
CTCGGCCCTAAGATGT,2
CTCGGCTCGAAGATGT,2
CTCGGGCGGAAGGCTA,2
CTCGGTTAATATAAAA,2
CTCGTAAGCGAATGCT,2
CTCGTAATTCATGGAG,2
CTCGTAGTGTGAGTCA,2
CTCGTCATACGACGTA,2
CTCGTCCACAAGATTG,2
CTCGTCCACAATATCA,2
CTCGTCCCTAACAATA,2
CTCGTGAACTCTACGC,2
CTCGTGTCGTACGAGA,2
CTCGTTAATATTTATT,2
CTCGTTCACACCCGAA,2
CTCGTTTCACAACTAA,2
CTCGTTTCGCTCGGAA,2
CTCTAAAAAGCGAACG,2
CTCTAACATTGAACCC,2
CTCTAACTTAAAAATT,2
CTCTACACTTCGAACG,2
CTCTACCAATTGGCCA,2
CTCTACCCTAGAGCTG,2
CTCTAGATATATCGAA,2
CTCTAGTAACAAAGAT,2
CTCTAGTGTTCCCATT,2
CTCTATACTTAGATCA,2
CTCTATATGACGAAGG,2
CTCTATCACATTTCAT,2
CTCTATCAGATTTCCT,2
CTCTATTCTTCTCTCC,2
CTCTATTGCACATTAG,2
CTCTCACCTGCAATGT,2
CTCTCCACCTCCGAGC,2
CTCTCCCTTTAAGAAC,2
CTCTCCGAAGATCACC,2
CTCTCGGAACTGTGTC,2
CTCTCGTAGTACGAAT,2
CTCTCTAACCCCTGAT,2
CTCTCTACAGGGATAA,2
CTCTCTATGAAAGAAC,2
CTCTCTTGAAGCGCTT,2
CTCTGAAGTGAGATGG,2
CTCTGATACCTAAATT,2
CTCTGGCGGATAAACC,2
CTCTTAACCCGCACTA,2
CTCTTACCCCGCAACC,2
CTCTTCATTAGATACC,2
CTCTTCCCAAATGTTC,2
CTCTTCCGAGTAGAAG,2
CTCTTGAAAAGTCATA,2
CTCTTGACACGCAAGG,2
CTCTTGATTAGTAAAG,2
CTCTTGTTGAACATCT,2
CTCTTTAATCATATAA,2
CTCTTTATACTCCTTA,2
CTCTTTCGAGGCAAGG,2
CTGAAACCTACCCGCA,2
CTGAAACCTCCACGCA,2
CTGAAAGTCAACCGGC,2
CTGAAAGTCAGCAATT,2
CTGAAATCCTATGAGG,2
CTGAACCAAATTCAGA,2
CTGAACGACAACGTGA,2
CTGAACGACTTGCTGT,2
CTGAACTACTTTCGAC,2
CTGAACTCATTAATTA,2
CTGAAGAATTCACTAG,2
CTGAAGACGTTCCTCT,2
CTGAAGCTATCATATT,2
CTGAAGGACGAATAAA,2
CTGAAGGACGGATAAA,2
CTGAAGGTAGCTTCAA,2
CTGAAGTATAAGCTAC,2
CTGAATAAGTTTACTG,2
CTGAATACATATTACG,2
CTGAATGCTCTAAAAA,2
CTGACAGACTAAGCCA,2
CTGACATACCAACTAA,2
CTGACCATGGAATCTT,2
CTGACCCGATATCAAA,2
CTGACCCTTCATCAAA,2
CTGACCTATATGGGAA,2
CTGACCTCCCTCCCAT,2
CTGACGCAGCGCATTC,2
CTGACGCCTACCGGCA,2
CTGACGTAAAAAATTT,2
CTGACTCGATAGAGTG,2
CTGACTCTCGCATAAA,2
CTGACTGCATGGCGCC,2
CTGAGAAATCAGGTTT,2
CTGAGAACAAGACTTT,2
CTGAGAGATGTGACCG,2
CTGAGAGGTTATATCA,2
CTGAGCAACCCTCCCT,2
CTGAGCACCCCTCCCG,2
CTGAGCCATGGCACCA,2
CTGAGCCGCTTCCAAC,2
CTGAGCGAACATGACC,2
CTGAGCGAAGAAGGAC,2
CTGAGCTATCCCTTCT,2
CTGAGGTACGAACCTA,2
CTGAGGTCCTAACCAA,2
CTGAGTCCAAGTTATC,2
CTGAGTCGAACTGTAG,2
CTGAGTCGTAATGTAG,2
CTGAGTTCAATCTGAA,2
CTGATAACGGCTGGCA,2
CTGATAAGCATTCTCA,2
CTGATAAGCGTTTGTG,2
CTGATAATCGGAACAT,2
CTGATACCAGGTCTAC,2
CTGATAGACCCCATAC,2
CTGATATAGATGACTT,2
CTGATATCAATGACTT,2
CTGATATCGATGACTA,2
CTGATCAAAGTGCAAA,2
CTGATCAGCGTTTATG,2
CTGATCAGGCTCCATC,2
CTGATCTCCACTGGAA,2
CTGATGAAGATGAAAA,2
CTGATGCCCCAGATTT,2
CTGATGCCTTATAGGG,2
CTGATTATCACCAAGG,2
CTGATTATGGCATACC,2
CTGATTCATTGATGCT,2
CTGATTCGCATTAACC,2
CTGCAACAGGCTATTT,2
CTGCAAGGTAGACTAA,2
CTGCAATTCAAAATCT,2
CTGCACAGCCCCCGAA,2
CTGCACATCCTTCGCC,2
CTGCACATTCGGAGGG,2
CTGCACCTGAGGTTAT,2
CTGCACGGACTGGATC,2
CTGCACGTTGAGTTAT,2
CTGCAGCAAGACAAAT,2
CTGCAGCCAAATACCT,2
CTGCAGGAACATGACA,2
CTGCAGTAAAACACAG,2
CTGCAGTAGAAGCTAC,2
CTGCAGTAGCTAGACC,2
CTGCAGTGCACATGCT,2
CTGCATATATTCAAGC,2
CTGCATCTAAAGCAAT,2
CTGCATGAACAAAAAG,2
CTGCATTACCAACCCC,2
CTGCCCAACGCGATAA,2
CTGCCCGACAAGTAGC,2
CTGCCCTTATTTAATA,2
CTGCCGACCATTTACT,2
CTGCCTCTCGAAAGCT,2
CTGCCTTAATATTCCA,2
CTGCGAGCTCCACTGC,2
CTGCGGCTATTGATAA,2
CTGCGTCCAATCTGAA,2
CTGCGTCGATCGATCA,2
CTGCGTTCAATCTTAA,2
CTGCTAAAACCTACGC,2
CTGCTAACGATACTAT,2
CTGCTAAGTTCCAATT,2
CTGCTAGCCCATTCCT,2
CTGCTAGTATAAATAT,2
CTGCTCATCTAGATTT,2
CTGCTCTACGACTTAA,2
CTGCTGAAGAGTTCGG,2
CTGCTGAGACGCTCCA,2
CTGCTGAGAGCAGCTC,2
CTGCTGCAATAGCCGG,2
CTGCTTAAGTAAGATT,2
CTGCTTCCGAGACCCC,2
CTGCTTCCTAGACCAC,2
CTGCTTCCTAGACCCA,2
CTGCTTCCTAGACCCT,2
CTGCTTTCAATCTGAA,2
CTGGAAAAAGGCGGCG,2
CTGGACAAAGAGAAAA,2
CTGGACGTAAGCTTAG,2
CTGGACTCTCGGGATT,2
CTGGAGCGCATTATTT,2
CTGGAGTGTTGTGTTC,2
CTGGATAATTGCGAGG,2
CTGGATACAAAGAATA,2
CTGGATCAATTATGAT,2
CTGGATCAATTATTAA,2
CTGGATCTAAAATGGG,2
CTGGATGGGCGATCAG,2
CTGGATTTGAAAAAAA,2
CTGGCAATGTTCAACA,2
CTGGCACACATATCCG,2
CTGGCATACGAACGGT,2
CTGGCATAGATAACTA,2
CTGGCCCCACTCAGCA,2
CTGGCCCTACATCAAA,2
CTGGCCCTTAATCAAA,2
CTGGCCCTTCTTCAAA,2
CTGGCGAGGAGTAATT,2
CTGGCGAGTAATAATT,2
CTGGCTACTTGTAACT,2
CTGGCTCCATTCATTA,2
CTGGCTGACCGAGTAG,2
CTGGGCAGCGTAACCC,2
CTGGGCTAAACCCTCT,2
CTGGGCTGTCTGTCAT,2
CTGGGGCTCGCTACTA,2
CTGGGGCTCTCTACGA,2
CTGGGTTCGGAATCAC,2
CTGGTAAGGAAGGCAT,2
CTGGTAAGTGATTAAT,2
CTGGTACTAGATCTTA,2
CTGGTAGAGAGCGCGA,2
CTGGTATACAATAGGA,2
CTGGTCATTACACGCC,2
CTGGTCCCAATTACTA,2
CTGGTGATGAAATACA,2
CTGTAAAGCCCATCCT,2
CTGTAACAATTATGAT,2
CTGTAACATACACATT,2
CTGTAACGTTAATTAA,2
CTGTAAGATCCCGTAA,2
CTGTAATGGAGTACTT,2
CTGTACAACACAGTAC,2
CTGTACAATTTGACTA,2
CTGTACATCTAAGAAC,2
CTGTACCACTAAAGGT,2
CTGTACTGTACCATGG,2
CTGTACTTTCTAGGTT,2
CTGTAGTAAGACCTTT,2
CTGTAGTTCGATATAA,2
CTGTATAAGCAGGCCT,2
CTGTATACGCCTCCAA,2
CTGTATGCCTATCAGA,2
CTGTCAAAGTGACCTC,2
CTGTCAATTTAGCCAA,2
CTGTCATAACTAGCGA,2
CTGTCATCAATATCAC,2
CTGTCCACCCGGACAT,2
CTGTCCGTATACCTCT,2
CTGTCGAACACCCGAC,2
CTGTCGATTTAGTCAA,2
CTGTCGATTTATCCAA,2
CTGTCTCAGTAACTGA,2
CTGTCTCCATTCAGTA,2
CTGTCTGATTATAAAT,2
CTGTCTTTAACCTAAT,2
CTGTGAATAAGATAGG,2
CTGTGACATAGACCCA,2
CTGTGACATCCGCGCG,2
CTGTGACGTACTGCAT,2
CTGTGCAAAACGTATA,2
CTGTGCATAATTGTGA,2
CTGTGGACACCGAGCG,2
CTGTGGCTCGCTACGA,2
CTGTTAAGCATACAAA,2
CTGTTAAGCTAACATG,2
CTGTTACAACGATTGC,2
CTGTTCAACTTGCTAT,2
CTGTTCAGAGTTGAAG,2
CTGTTCAGCATAAAAA,2
CTGTTTTGCCCACACA,2
CTTAAAACACGAGAGT,2
CTTAAAACCGGGATGG,2
CTTAAAAGAAAAAACT,2
CTTAAAAGGCACTAAA,2
CTTAAAATAACCTAAA,2
CTTAAACACATAACCG,2
CTTAAACAGACAACCG,2
CTTAAACCTTATAAAA,2
CTTAAAGCCTCAACTA,2
CTTAAATAACCCGGAA,2
CTTAAATCTCCTAGGA,2
CTTAAATCTTATAAAC,2
CTTAAATGCAGTGTGG,2
CTTAAATTTCAGTTAT,2
CTTAACCCTAGTTCGG,2
CTTAACCTTCATATAA,2
CTTAACCTTTTGTCCA,2
CTTAACTCCACCTTTC,2
CTTAAGAAACTACCAA,2
CTTAAGAAGGCGTCAT,2
CTTAAGAATTTCAGGA,2
CTTAAGACGTTCAGGA,2
CTTAAGACTTTCATGA,2
CTTAAGTATATCTCCC,2
CTTAAGTATGAACACA,2
CTTAATAAAATAGAAG,2
CTTAATGGCAATTGTG,2
CTTAATGGTTAAATAA,2
CTTAATTGAAGTCGCA,2
CTTACAAATAATGGCG,2
CTTACAACCCAAGGAG,2
CTTACAAGAATGCGCG,2
CTTACACACCATTTAC,2
CTTACAGCGACTCCGG,2
CTTACCAACCGATAAA,2
CTTACCAATAAAGGAA,2
CTTACCAGCATCACTT,2
CTTACCCCCGGATAAA,2
CTTACCCGAAGTATAT,2
CTTACCCGAATCACCA,2
CTTACGATAAGGATCA,2
CTTACGCCAACGTCGT,2
CTTACGGAAACATAAC,2
CTTACGTAGCACAACA,2
CTTACGTTTCGACAGA,2
CTTACTAAAAGTTCTA,2
CTTACTACGTTGCCTC,2
CTTACTATATCCTACC,2
CTTACTATTCTATGCA,2
CTTACTTAGTACCAAT,2
CTTAGAAATCTGTAAA,2
CTTAGAATGTTTAAGC,2
CTTAGACCTCTGGCCA,2
CTTAGACTTTCATGCT,2
CTTAGAGACCCCATAC,2
CTTAGAGCGGGATCTA,2
CTTAGAGTTGCAGGCT,2
CTTAGATAACAACCCT,2
CTTAGATCTTTCGGTA,2
CTTAGATGGCGCACGA,2
CTTAGCAGAAAAATAA,2
CTTAGCCAGCAGGAAT,2
CTTAGCGTGATCTACA,2
CTTAGGATAAGCACTG,2
CTTAGGTGCAAGTGAT,2
CTTAGTAACAATCACC,2
CTTAGTACCTAGTATT,2
CTTAGTCAACATGGCC,2
CTTAGTCGACATGGAC,2
CTTAGTTACTAGAGCA,2
CTTAGTTCTGCCAGTA,2
CTTATAAAGTGACTGA,2
CTTATAACGGAACTAT,2
CTTATAATCAACCATT,2
CTTATAATCAGCCACT,2
CTTATAATCATCCATT,2
CTTATAATGACTTCAA,2
CTTATACAACATAAAC,2
CTTATACACTGATCCG,2
CTTATACCAAAGAGCA,2
CTTATACTAACACGTC,2
CTTATAGCGAGATCCT,2
CTTATATCGATGACTT,2
CTTATATGTGATGCCC,2
CTTATATTGAATAATG,2
CTTATCATCGTAGATG,2
CTTATCCACACTGAAA,2
CTTATCCGACTGAGAT,2
CTTATCGAAAAATACC,2
CTTATCGAAATACTTT,2
CTTATCGACTCTAATG,2
CTTATCGAGCAATACC,2
CTTATCGTACAATACC,2
CTTATCTGCATCACCA,2
CTTATCTGGATAATAC,2
CTTATCTGTAAACCGA,2
CTTATGAACATGAAAA,2
CTTATGATCAATTCCC,2
CTTATGCATTTGCCTT,2
CTTATGTATCACCCGC,2
CTTATTAATAATACCC,2
CTTATTATCTCACGTA,2
CTTATTGCAATGACTG,2
CTTATTGGCTTAATTA,2
CTTCAACTGGAGATAA,2
CTTCAACTGGGTGTCA,2
CTTCAAGCTACCACAA,2
CTTCACACTGGTAGCT,2
CTTCACCTGAAATCAA,2
CTTCACCTTGGTGTCA,2
CTTCACGATAGAAGCG,2
CTTCACTAATTATGCA,2
CTTCAGAAGCTAGACA,2
CTTCAGATTACCGTAA,2
CTTCAGCAGATAGACA,2
CTTCAGCCCCAATCGG,2
CTTCAGTAGGCTGGAC,2
CTTCATAACAACCCCG,2
CTTCATCAGCTAGACA,2
CTTCATGGACCCCGGA,2
CTTCATGGGACTTGAA,2
CTTCATTGAAGTCTCA,2
CTTCCAAAGGAAAACA,2
CTTCCAACAGCGCCCA,2
CTTCCAATTAAAATAC,2
CTTCCAATTCAAATAA,2
CTTCCACAAACTTTAG,2
CTTCCACCAAATGGTG,2
CTTCCACTCCAGGCCA,2
CTTCCATAGCACTCCC,2
CTTCCATAGTGTCCTC,2
CTTCCCAATAAATGAA,2
CTTCCCACAAGCTAAG,2
CTTCCCAGAAACTTAA,2
CTTCCCTGCGTACATC,2
CTTCCGGATTGCCACC,2
CTTCCGTTTAGCAATT,2
CTTCCTAACCCCTGAT,2
CTTCCTCATGTACACT,2
CTTCCTTATCTCATTC,2
CTTCCTTATGAAAAGC,2
CTTCGAATCCCACGGA,2
CTTCGAATCTTAAGAC,2
CTTCGAGAGATGGAAT,2
CTTCGGAACAAGTTAG,2
CTTCGTCATCGATACA,2
CTTCGTGGACCCCTGA,2
CTTCGTGGGCCCCGGA,2
CTTCGTGTTAGGAAAG,2
CTTCGTTACCAAAAAG,2
CTTCGTTCAATCTGAA,2
CTTCTAGCATAAATAT,2
CTTCTCACTCAATACT,2
CTTCTCATACGGCTTG,2
CTTCTCGCAAGGATCA,2
CTTCTCTTGCAGTGAG,2
CTTCTGACAGTGAAAA,2
CTTCTGGAGTACAACT,2
CTTCTGGGCCTTCAAA,2
CTTCTGTGGCTAAAAA,2
CTTCTTAATACTCTGA,2
CTTCTTACGTTCTGAA,2
CTTCTTGACGCCCACT,2
CTTGAAAAAACTCGGC,2
CTTGAAAAAGGGATCG,2
CTTGAAAAATCCCACG,2
CTTGAAAAGTCCAACG,2
CTTGAAAAGTCCCATG,2
CTTGAAAAGTCTCACG,2
CTTGAAACTATCTCCT,2
CTTGAAATAATATAGG,2
CTTGAACATGTTTAAA,2
CTTGAACCGAACGGAA,2
CTTGAACGAATCTCGA,2
CTTGAACGATGAACCT,2
CTTGAAGAAGCTAAAT,2
CTTGAAGGAGCTAAAG,2
CTTGAAGTCAATTCAT,2
CTTGAATAAGCTAAAG,2
CTTGAATTTCAGAACA,2
CTTGACAAAAGTTTAA,2
CTTGACCCTAGAGCTG,2
CTTGACGAGTATGTGA,2
CTTGACGGCATTCTAT,2
CTTGAGGTAGTACACA,2
CTTGAGTTTACATTGA,2
CTTGATACCTGAACTG,2
CTTGATACTTAAACTG,2
CTTGATAGGATGACAT,2
CTTGATATGCACGGTA,2
CTTGATTACCTACATC,2
CTTGATTTAACCGCAA,2
CTTGCACAGCTTTATA,2
CTTGCATACTACAGCG,2
CTTGCATATATAACTA,2
CTTGCATCCGTCCGGA,2
CTTGCATTGATAACTA,2
CTTGCCAAAAAGTGCC,2
CTTGCCAGTAAAAAGT,2
CTTGCCCTTCATCAAA,2
CTTGCCTACTAATAGG,2
CTTGCCTGAGGTAGAC,2
CTTGCGAACTTGAAAG,2
CTTGCGATAATTCAGC,2
CTTGCGATTATTCAGC,2
CTTGCGGATGGTGTCC,2
CTTGCTATCTAACTAC,2
CTTGCTGATGGGATAA,2
CTTGCTTGATGATGAA,2
CTTGGAAAACCTTATC,2
CTTGGAGGTAAAAAAG,2
CTTGGCAAAACGTATA,2
CTTGGCATAGGAGCCC,2
CTTGGGACATGAAAGC,2
CTTGGGCCAACCCAAT,2
CTTGTAAAGTCCTACA,2
CTTGTAATAGTTTACA,2
CTTGTAATGTAAGACG,2
CTTGTAATGTAATGCG,2
CTTGTAATGTAGGGCG,2
CTTGTACCACACTGGG,2
CTTGTCAGACATGAAA,2
CTTGTCAGACCCGAAA,2
CTTGTCGACATGAGTT,2
CTTGTTAAACTGTAGT,2
CTTGTTCCAGATAAGC,2
CTTGTTCTCATCAAAG,2
CTTTAACAGATAATAG,2
CTTTAACGACATCAAT,2
CTTTAAGTGGGTGATA,2
CTTTAAGTGGGTGCCA,2
CTTTAAGTTGGTGCTA,2
CTTTAATAACTCTCAT,2
CTTTAATAGACTGCCC,2
CTTTAATGACGTCAAT,2
CTTTACAAAAATAGTA,2
CTTTACAGCTCGAAGT,2
CTTTACATCGATTCTC,2
CTTTACCAACCAGAAT,2
CTTTACCCAAACTCAT,2
CTTTACTCTGCCAAAA,2
CTTTAGAATTGATACA,2
CTTTAGACGAGGCCGG,2
CTTTAGCCCAACGGAC,2
CTTTAGCCGAGGCCGC,2
CTTTAGCGAGAAATCT,2
CTTTAGGAACTGTGTC,2
CTTTAGGGAGCTGATG,2
CTTTAGGGGATCACCA,2
CTTTAGTCACCTACCT,2
CTTTAGTTTTAATTAT,2
CTTTATTTGGAGTTCC,2
CTTTCACCATTAAGGT,2
CTTTCAGAGATTGCAT,2
CTTTCAGTCTCTAACT,2
CTTTCATAACCCTCAT,2
CTTTCATAACTCCCAT,2
CTTTCATAACTCTTAT,2
CTTTCATGGATCAGCC,2
CTTTCATGGCACCTAA,2
CTTTCATGTTAGTCTA,2
CTTTCCAAATAGGAGT,2
CTTTCCAATACCATCA,2
CTTTCCACGGGTCAAG,2
CTTTCCAGATCGAAGT,2
CTTTCCAGGTCGAAGT,2
CTTTCGATGATTCAGC,2
CTTTCGGAGCTGTGTC,2
CTTTCTCGACGACTAA,2
CTTTCTCGATAGTCCT,2
CTTTCTGGATAAACCA,2
CTTTCTTCTTAAAACC,2
CTTTGACAAGTAGGCG,2
CTTTGACATAGGCAGC,2
CTTTGATAGAAAAAAA,2
CTTTGGATCGTTCCCG,2
CTTTGGCAGACTTCAT,2
CTTTGGCCCTGCCCAT,2
CTTTGTACTTCTACAT,2
CTTTGTCGAAGACGGA,2
CTTTGTGAACCATGAT,2
CTTTGTTTCGATATTA,2
CTTTGTTTCTAGATTA,2
CTTTTAAAGAGTAATG,2
CTTTTAACGAATAATG,2
CTTTTAAGATACATAA,2
CTTTTAAGCTACACCA,2
CTTTTAATGTAAGGCG,2
CTTTTACGGTCATCTT,2
CTTTTAGATATGTCGG,2
CTTTTCATAAAGAGCA,2
CTTTTCATCACAAAGT,2
CTTTTCCTTTAAGCGG,2
CTTTTCTGCTGAGAAA,2
CTTTTGCAACACAAGA,2
CTTTTGCGGCACAAGA,2
CTTTTGTTGGACTAGG,2
CTTTTTCGTGACAAAG,2
CTTTTTCTGAAGAAAG,2
GAAAAAAAAACTAACA,2
GAAAAAAACACACGTT,2
GAAAAAACACTATCGG,2
GAAAAAACCTTGCAAC,2
GAAAAAACGCTAATAC,2
GAAAAAATTCTCCGAT,2
GAAAAACCAAAATGAG,2
GAAAAACCAATTACTA,2
GAAAAACCAGCCATCT,2
GAAAAACGGTTTAACA,2
GAAAAACTAGGCAGAA,2
GAAAAAGCACATTCCA,2
GAAAAAGCCCACGATA,2
GAAAAAGTCTCCTGAC,2
GAAAAATCACTGGGAT,2
GAAAAATTATAAAGGA,2
GAAAAATTTCCACGCA,2
GAAAACAATTTTACCT,2
GAAAACATATATATTA,2
GAAAACATTACAAACG,2
GAAAACCCATTATACT,2
GAAAACCCCCGAACGC,2
GAAAACCTACTAGCCA,2
GAAAACGCTCTCCCAT,2
GAAAACTACCCCCACA,2
GAAAACTCAACGCTAA,2
GAAAACTGATTTACAG,2
GAAAACTTGGCTCCAC,2
GAAAACTTTCGTTAAG,2
GAAAAGATGGATGGTG,2
GAAAATAATTATCAAT,2
GAAAATAGACAGCAAG,2
GAAAATATATAGAATA,2
GAAAATATTCAAGACC,2
GAAAATATTTATGAAA,2
GAAAATCCTCACATAA,2
GAAAATCTTCGTAGTG,2
GAAAATGCATGGTAAT,2
GAAAATGGTTAGTCTT,2
GAAAATGGTTCGTATT,2
GAAAATGTGGACACAA,2
GAAAATGTGTACCCAA,2
GAAAATTGTGGCGAAC,2
GAAACAACCTATTGAA,2
GAAACAACTCGACCAG,2
GAAACAATTAGACCAG,2
GAAACAATTCGACCAT,2
GAAACAATTCTACCAG,2
GAAACACAAATTCTCG,2
GAAACACCACGCGAGG,2
GAAACACGAAACTAGG,2
GAAACACGTTTTGTCA,2
GAAACACTTGCTAACA,2
GAAACAGACCAATGTA,2
GAAACAGATTGAGTAA,2
GAAACATAATATGTGA,2
GAAACATAGAGCCATA,2
GAAACATCCCATGAAT,2
GAAACATCTGCAATTG,2
GAAACATGTCCAGTCA,2
GAAACATTCAGCGCGT,2
GAAACATTGTTTATGC,2
GAAACCAAGAAAACCA,2
GAAACCACCATAATAT,2
GAAACCCGTTCGACTT,2
GAAACCGACCTATCAC,2
GAAACCTACATCTTCA,2
GAAACCTCAAAGAAGA,2
GAAACCTTCACCGCGT,2
GAAACCTTCAGCACGT,2
GAAACCTTCGGACACG,2
GAAACCTTCTAATTCT,2
GAAACGACATGTAATC,2
GAAACGACTGAACAGA,2
GAAACGATACCATCTA,2
GAAACGCCAATTGCAG,2
GAAACGCCGCTTGCCG,2
GAAACGGTCAATATAA,2
GAAACGTATTAAAGGT,2
GAAACGTGACAAGGAG,2
GAAACGTGCCAATACA,2
GAAACTAACCTGCGCA,2
GAAACTAACTATTCAA,2
GAAACTAAGAAAAACA,2
GAAACTACAAGTGGTC,2
GAAACTACATATAAAT,2
GAAACTCATCCGCACC,2
GAAACTCCTCAAACCT,2
GAAACTGGCTTATCGA,2
GAAACTTAACCAACTA,2
GAAACTTGCCCGCCGG,2
GAAACTTTACCAGTCT,2
GAAAGAAAGTTGCGGA,2
GAAAGAAATAGCAACA,2
GAAAGAACACCCACCC,2
GAAAGAATCCGTTAAC,2
GAAAGAATTATCCAAC,2
GAAAGAGCAACTGATA,2
GAAAGATCGTCCGGAT,2
GAAAGATTCAACGTTA,2
GAAAGCAAGTACTCGC,2
GAAAGCATAGGTTTAA,2
GAAAGCATTGCATTCA,2
GAAAGCATTTTGGCAA,2
GAAAGCCAAAACATAA,2
GAAAGCCCCGATAAGA,2
GAAAGCCGTTCAACTT,2
GAAAGCCTACACATAC,2
GAAAGCGGCCTAAGGT,2
GAAAGCGGTCTGAATT,2
GAAAGGAAGAAACACC,2
GAAAGGCCTAACCAAA,2
GAAAGGTAACACAGGG,2
GAAAGGTGCTCCAGTA,2
GAAAGTAGGACTTGAT,2
GAAAGTCAACCAACAG,2
GAAAGTCTAACTACCC,2
GAAAGTCTTTCCTCTA,2
GAAAGTGAAACTATTA,2
GAAAGTGGAAACCAAA,2
GAAAGTTCCTGTGATA,2
GAAATAAAACTAAAAG,2
GAAATAAAACTGACAG,2
GAAATAAACGCAAACA,2
GAAATAACGAATTCAC,2
GAAATAACGGTACCCG,2
GAAATAAGAAAATAAT,2
GAAATAAGACTCAGGG,2
GAAATAATACAAGCAC,2
GAAATAATATCACTGA,2
GAAATAATGGAGAGTC,2
GAAATACAAGAGTGCT,2
GAAATACAGGAGTACT,2
GAAATACCCTTCCCCC,2
GAAATACGGTAAATCC,2
GAAATACTGTTAAAGT,2
GAAATACTTAAGCATT,2
GAAATACTTGAGTTAC,2
GAAATAGTACGGCACG,2
GAAATATAACAAACCT,2
GAAATATTTCCAACAA,2
GAAATCAAGCATCACA,2
GAAATCACCTCTCTTG,2
GAAATCAGCTTAGAGT,2
GAAATCATTGCATTAC,2
GAAATCGAGACGAGAA,2
GAAATCGGAAAATAAG,2
GAAATGACTAAAATCA,2
GAAATGACTTATTATG,2
GAAATGATAAATCGGA,2
GAAATGATAATTTGAT,2
GAAATGATTCCAATCA,2
GAAATGCATTTGCAAA,2
GAAATGCCGCTGTTGT,2
GAAATGGAAATTCGCA,2
GAAATGGCTTTACAGG,2
GAAATTAAAATCTGGA,2
GAAATTACGCGAGCAA,2
GAAATTACTCGAGGAG,2
GAAATTCCCTAATCTA,2
GAAATTGCACCATAAG,2
GAAATTTCCACCCAGA,2
GAACAAAAAATGAGGT,2
GAACAAAAATACTAAC,2
GAACAAAACGATGATT,2
GAACAAACTACTGAGA,2
GAACAAAGGCACCAAG,2
GAACAAATGCCGTACA,2
GAACAAATTAAGACCT,2
GAACAAATTCTACGAT,2
GAACAACAGACTCGGA,2
GAACAACCAGGTGAAA,2
GAACAACCTAAATGCT,2
GAACAACGGACTAATT,2
GAACAACTTGATCATT,2
GAACAAGCAGGGTTGT,2
GAACAAGTCTAAGCCT,2
GAACAATAACATTGCA,2
GAACAATATGTTGCTT,2
GAACAATATTTTCATA,2
GAACAATTAATTAGGA,2
GAACAATTATCAAAGC,2
GAACACAAAACATACG,2
GAACACAAATACGACT,2
GAACACCAAAAAGGAC,2
GAACACCGTACAGGCT,2
GAACACCTGAAACTGT,2
GAACACTGTTGAGAGC,2
GAACACTTTGAACCTA,2
GAACAGAAAATCTTCG,2
GAACAGAGTAAGAAAC,2
GAACAGCCCCAAGCGC,2
GAACAGGCAACGTAAA,2
GAACAGTTGCCAGAGA,2
GAACATAAAGAAGCTT,2
GAACATAACGCTGCAA,2
GAACATACGATCCAAA,2
GAACATATGAAAAACA,2
GAACATCAAGAGCATT,2
GAACATCAAGAGGCTT,2
GAACATCAAGATCCTT,2
GAACATCAGTGGGGTG,2
GAACATCGTTCAAATT,2
GAACATTATAGATGAC,2
GAACCAAAATTAGAGT,2
GAACCAAATTTAGTGT,2
GAACCAACACAAGGGT,2
GAACCAACGCACCTGC,2
GAACCAAGGGCCAAAG,2
GAACCAATGAAATATA,2
GAACCACAAGCAGACC,2
GAACCACTTGCTAAAA,2
GAACCAGAGACAAATG,2
GAACCAGCGAACTAAT,2
GAACCAGGAGACTAGT,2
GAACCAGTAGCCTAAA,2
GAACCAGTAGTTTAAA,2
GAACCAGTATCTTAAA,2
GAACCAGTCATGCTAA,2
GAACCATAGAACCATA,2
GAACCATATACCCGGC,2
GAACCATATATGATTC,2
GAACCATATGGATCAC,2
GAACCATCTTAGCGTC,2
GAACCATTGCCATTAG,2
GAACCCAGCCAAACAT,2
GAACCCTAATTTTAAT,2
GAACCCTATACCCGAC,2
GAACCCTATACCCGGA,2
GAACCCTATACCCGTC,2
GAACCCTCTTAGCCAG,2
GAACCCTTAGGACACG,2
GAACCCTTGGGACACG,2
GAACCGAAACCAAGGA,2
GAACCGCCTGGATGCG,2
GAACCGGACTTAAAAA,2
GAACCGGCTATCTTTT,2
GAACCTAAACCCCTAA,2
GAACCTAACACTTAAG,2
GAACCTACGAGACACA,2
GAACCTATCATGTACG,2
GAACCTATCCTGTATG,2
GAACCTATTATGAGGT,2
GAACCTGCTTCACGAT,2
GAACCTGGTCTCCAAT,2
GAACCTGTGAGTCAGT,2
GAACCTTAGTCATAAA,2
GAACCTTGATATCCCA,2
GAACCTTTGCCATTAC,2
GAACCTTTTCCATTAG,2
GAACGAACACACACCC,2
GAACGAACACCAACCC,2
GAACGAACCGGTCCAC,2
GAACGAACGCCCACCC,2
GAACGAAGGGCCTCTA,2
GAACGACAACATAATA,2
GAACGACAGAAAGGCG,2
GAACGAGGCTCTAGAC,2
GAACGATAAAAAGAAT,2
GAACGATATACCTTCA,2
GAACGCAGAACGCCTA,2
GAACGCCAGCCTAAGA,2
GAACGCCCACCTAAGA,2
GAACGCTATAAACCAG,2
GAACGCTGAAAAGTCG,2
GAACGGAGTGTTTCTT,2
GAACGGCAAATTACGT,2
GAACGGCTCACGAGGT,2
GAACGTAAATATCTAT,2
GAACGTAACATAGAAC,2
GAACGTATGACTAACG,2
GAACGTCTGTCTAAGC,2
GAACGTGCACATATTC,2
GAACGTTAATAGAATT,2
GAACGTTTGCCATTAG,2
GAACTAAAATTTACTA,2
GAACTAAGTTAGAATA,2
GAACTACCGCATACAA,2
GAACTACCTAACTATA,2
GAACTACCTACATATA,2
GAACTACTCGATAGCA,2
GAACTAGACTCAAACA,2
GAACTCAAAGAACCTT,2
GAACTCAACGCACCTT,2
GAACTCAATGTATGAA,2
GAACTCAGTGTCTGAA,2
GAACTCCCCAAATACA,2
GAACTCTTGTCTGCTC,2
GAACTGGCTGGATGAA,2
GAACTGTTGCCGATTT,2
GAACTTACAGACGGCT,2
GAACTTACTCAATTGC,2
GAACTTATAAGTCCGA,2
GAACTTCCGAGGTCCA,2
GAACTTCTAGGTATGA,2
GAACTTCTGAGGTTCA,2
GAACTTCTGGGGTCCA,2
GAACTTCTTGGTATGA,2
GAAGAAAACGCTTTGT,2
GAAGAACATTTTAAGA,2
GAAGAAGAACCAGCCT,2
GAAGAAGACCCAGACT,2
GAAGAAGCTGAAAACA,2
GAAGAATCGGTACCAT,2
GAAGAATTTAACACAG,2
GAAGACAATACTATTG,2
GAAGACCATGCTGAAA,2
GAAGACCCCAATAACC,2
GAAGACCCCATAGCGG,2
GAAGACCGGTGTATTA,2
GAAGACGAAATTAATT,2
GAAGACGCGAGGCACA,2
GAAGACGGATCGCTGC,2
GAAGACTAAATATGGA,2
GAAGACTACATATTGA,2
GAAGACTGAAGAATGA,2
GAAGACTTACCGCTCA,2
GAAGACTTCCCGCTTA,2
GAAGAGGGATTCTATA,2
GAAGAGGGATTCTATG,2
GAAGAGGGGTTCTATC,2
GAAGAGTTAGTTGAAA,2
GAAGATACATCTTTGA,2
GAAGATATCAGCATAC,2
GAAGATATTTGAGCCT,2
GAAGATCAATTCAATC,2
GAAGATGGATTCTATC,2
GAAGATTCCTGCATGG,2
GAAGATTTACAAAAAT,2
GAAGATTTGACCATGA,2
GAAGCAACACTCAGAA,2
GAAGCAACGACTCCGA,2
GAAGCAACTTTCATGT,2
GAAGCAATTCTTTTTA,2
GAAGCACCGAGGTATG,2
GAAGCACCTGTTAAAT,2
GAAGCAGCAACGTGAT,2
GAAGCAGTCCTTTCTA,2
GAAGCATAGACATTGG,2
GAAGCATCCGAAAATC,2
GAAGCATCGAACAATA,2
GAAGCATGCCTGTACA,2
GAAGCATTGGTCCCTC,2
GAAGCCCGTTCGCCTT,2
GAAGCCTTCGGACACG,2
GAAGCCTTGACTTGGA,2
GAAGCGGATTGATCAT,2
GAAGCGTAAGCTGGAA,2
GAAGCTAAGTCATTAT,2
GAAGCTACGGCTTTAC,2
GAAGCTAGGACGATAA,2
GAAGCTAGTTGGTGGC,2
GAAGCTATTTAATGGA,2
GAAGCTATTTTAGCCT,2
GAAGCTCCTAACCGGC,2
GAAGCTTAACTTCCAT,2
GAAGGAAAGGTTAACG,2
GAAGGAATCCATTTAT,2
GAAGGACCATAAATTA,2
GAAGGACGCAAAATCA,2
GAAGGAGTAAACCTTT,2
GAAGGATAAACCCGTA,2
GAAGGATAAACGTTGG,2
GAAGGCCAGGACCCAC,2
GAAGGCCCTTGAAGTA,2
GAAGGGAAGTGTGAAT,2
GAAGGGGTTAGGAGCC,2
GAAGGGTAAAATTGAG,2
GAAGGTAAATCTCCTA,2
GAAGGTACAGAAAAAA,2
GAAGGTACGTGAACCC,2
GAAGGTCTTATAATTA,2
GAAGTAACAAGGTCAA,2
GAAGTAATGAAACAAA,2
GAAGTACCCACAAATG,2
GAAGTATCGCGTCTTA,2
GAAGTCCTACTTGATG,2
GAAGTCGAAAGTCCGG,2
GAAGTCGCCAGGTTTA,2
GAAGTCGTCCCGCCGA,2
GAAGTCTGAGGTTTAA,2
GAAGTCTTTCGTAACC,2
GAAGTGAATGATACAA,2
GAAGTGGGGGAGAGGC,2
GAAGTTAAGACATATA,2
GAAGTTACAATCCAAA,2
GAAGTTCAATTCACAT,2
GAATAAAAAACGGTCC,2
GAATAAAAGCCATAAA,2
GAATAAAATTTCGCTA,2
GAATAAACCCAGGAGT,2
GAATAAACCTAACAAC,2
GAATAAAGTTCGTAAC,2
GAATAAATCCATGGGA,2
GAATAAATTTGATAAA,2
GAATAACAACGCCTCT,2
GAATAACACTTGTAAA,2
GAATAACAGTTGGAAA,2
GAATAACCGTCAGATC,2
GAATAACGCTGACAGG,2
GAATAAGCATTGCTCA,2
GAATAAGCCAAAACTC,2
GAATAAGGATCCCGTT,2
GAATAATAACAGGCTG,2
GAATAATGGGGATAAA,2
GAATACAACATATAAC,2
GAATACAATATCAAGA,2
GAATACCAACAAACCA,2
GAATACCGAGTGTTCG,2
GAATACGGGAGACAGG,2
GAATACGGGAGCAAGG,2
GAATACGGTCCTTTCA,2
GAATACTAACGGGAGA,2
GAATACTACGTAACGA,2
GAATACTATATATCCA,2
GAATACTGAATGACTC,2
GAATACTGGAAGGGTT,2
GAATACTGGAGCCAGG,2
GAATAGAAACCGCCTT,2
GAATAGAAGAAGCACG,2
GAATAGACCGACAACA,2
GAATAGAGCCTTTAAA,2
GAATAGCATAAAGAAA,2
GAATAGGTAACAAAAT,2
GAATAGTCCCATTCTT,2
GAATAGTTCAATTCCA,2
GAATATAACCATACAG,2
GAATATAATAATTCCA,2
GAATATACGAAGCTTA,2
GAATATAGACATGTCG,2
GAATATAGGGAAACGT,2
GAATATAGGTAAATAT,2
GAATATATCTGGAATA,2
GAATATCATCAAGAGG,2
GAATATCCATATATTC,2
GAATATCTGGAAACGT,2
GAATATCTGGGTGGGA,2
GAATATGATACTACCT,2
GAATATGATGATCAGA,2
GAATATGATGCTAAGA,2
GAATATGATTCTCAGA,2
GAATATGGGAGCCAGG,2
GAATATGGTGCTCAGA,2
GAATATGTCGTCCGGC,2
GAATATTGAGGCAAAT,2
GAATATTTCAAGCAAA,2
GAATATTTCACGAAAA,2
GAATATTTCACTCAAA,2
GAATATTTTCCTGAAC,2
GAATCAAACATACTCG,2
GAATCACCAAACAACA,2
GAATCACTTCTTATTC,2
GAATCAGAAAAATATT,2
GAATCAGAGCAATGTA,2
GAATCATGCGAAAGGG,2
GAATCCACGCCCAATG,2
GAATCCCACGGGTCTC,2
GAATCCCGCTCTGAAA,2
GAATCCCTGATAAGCT,2
GAATCCCTTCTTATTA,2
GAATCGAAAGTCGAAG,2
GAATCGATCTATTTTG,2
GAATCGCACTTCACAA,2
GAATCGCGTCAAGAAT,2
GAATCGGACCAATGTA,2
GAATCGGTCTTGGCGA,2
GAATCGGTTCAGTTTA,2
GAATCTAGGCGGAGAA,2
GAATCTAGTGGCTAGG,2
GAATCTCAATCTACCA,2
GAATCTTCGACAAATC,2
GAATCTTGTGAGAGGA,2
GAATCTTTTACGTAGT,2
GAATGAAAATTGGAAC,2
GAATGAACACCCACCC,2
GAATGAACTTAATCCA,2
GAATGACTAATATGAT,2
GAATGACTTGGTAAAA,2
GAATGAGTCGAAAATT,2
GAATGATGCCTAATCA,2
GAATGATGTAAAGAAT,2
GAATGCCAGAAAAAAT,2
GAATGCCGATGTTCGA,2
GAATGGAATTGAAAAC,2
GAATGGACCTTATCAA,2
GAATGGACGCATGCAA,2
GAATGGACTTGCAATA,2
GAATGGTTCTTTCATC,2
GAATGTAACTATTGAG,2
GAATGTACATCTCCTA,2
GAATGTATCTAAAACT,2
GAATGTATCTCAAACC,2
GAATGTCTAAGTAGAT,2
GAATGTCTCATCGAGA,2
GAATGTCTCATTTAGA,2
GAATGTGCGTCTACTA,2
GAATGTGTAACATCCG,2
GAATGTGTTCATTCAA,2
GAATGTTCTCATTCAA,2
GAATTAAAAGAATAAT,2
GAATTAAATTAATTAA,2
GAATTAACGTCACGCA,2
GAATTAACTACCAACG,2
GAATTAAGATCGGAGC,2
GAATTAAGGTACTAGA,2
GAATTAAGTATGTATT,2
GAATTAATAAAAGCTA,2
GAATTAATATGATACA,2
GAATTAATCTTATACA,2
GAATTACAATGGTCAA,2
GAATTACGGATTCAAT,2
GAATTACGGCTTAAAC,2
GAATTACGTGAAACAG,2
GAATTAGTAACACGCC,2
GAATTATTAACACCAC,2
GAATTCAAAAATTTTA,2
GAATTCAAATTAGGAT,2
GAATTCACGGCCTAAC,2
GAATTCACGTCCTCAC,2
GAATTCCAATATCCAC,2
GAATTCCAGTAAACTC,2
GAATTCCATTAAACAC,2
GAATTCCTTTCACAGC,2
GAATTCGATCAAGCTC,2
GAATTCGATTAAGCTC,2
GAATTCTCTGCGCGAT,2
GAATTGAAAAGTAATA,2
GAATTGAATGAAGGGG,2
GAATTGACGGGAAGGA,2
GAATTGACTCTAGAAG,2
GAATTGCTAACATAGT,2
GAATTGGTAAAACACA,2
GAATTTAAGAAACTGA,2
GAATTTAAGTTATATT,2
GAATTTACAGTGCAGT,2
GAATTTACCATGAAAA,2
GAATTTACCCACAATA,2
GAATTTAGTTCAGTAT,2
GAATTTATTGCAAGTG,2
GAATTTCCGGGATGTA,2
GAATTTCTCATTGAGA,2
GAATTTGGCGAGGGGT,2
GAATTTTACGATTGAA,2
GAATTTTTACAGAGAA,2
GACAAAAAGAGCTAGA,2
GACAAAACACCTGTCA,2
GACAAACACCACCCCT,2
GACAAACATGGACACA,2
GACAAATTACCACCCT,2
GACAAATTCATAGTTC,2
GACAACAAATCTCTTA,2
GACAACACATTAATAC,2
GACAACATTAATACCT,2
GACAACCATCAAATAA,2
GACAACCTTACACCGG,2
GACAACGAAACACGAA,2
GACAACGAGACAAGAA,2
GACAACGGGGGGGGAG,2
GACAACTAATGATTGT,2
GACAACTACCGGACGA,2
GACAAGAGTAGGGACT,2
GACAAGCTGTAGTCTA,2
GACAAGGTTAGCATAA,2
GACAAGTCGGAAAAAA,2
GACAAGTTAGTTCAAT,2
GACAATAGGGATAACA,2
GACAATCGAGGTACCC,2
GACAATGAAAAATCAA,2
GACAATGCAAGCTCCC,2
GACAATGTGACCGTTG,2
GACAATGTTACCATTG,2
GACAATTGGAAAGATC,2
GACAATTTACCTAAAG,2
GACACAACAGTCTATT,2
GACACAACGAAAAAAA,2
GACACACAGAATTCAT,2
GACACACTGTGTGTCA,2
GACACATATCTCTAAC,2
GACACATCTCCGACAT,2
GACACATCTCCGCAAT,2
GACACATCTTGATAAA,2
GACACATGCACAAATT,2
GACACATTATCTAACA,2
GACACCAAAGCATTAT,2
GACACCAACCTACGTC,2
GACACCCTGTGAAAAA,2
GACACGAGACTATCCG,2
GACACGTCTATCACGG,2
GACACTAAAGTCCAAC,2
GACACTAAGGACCTCC,2
GACACTAATGACATCC,2
GACACTATCAACCTAT,2
GACACTATTATCTGAG,2
GACACTCAAGGAACAA,2
GACACTCATGACGCGT,2
GACACTCTGAGTAACC,2
GACAGAAACAAATGCA,2
GACAGAACCATGTATC,2
GACAGAACGCGAAAAT,2
GACAGACAGTACAAAA,2
GACAGATAGATGAACG,2
GACAGATTTTTTACTG,2
GACAGCAATTAGGTGA,2
GACAGCACCCGCTGCC,2
GACAGCAGAGATCTAT,2
GACAGCCAAGATTTGA,2
GACAGCCTATCGCTAT,2
GACAGCTAAGTGTTTA,2
GACAGCTCAGCGTTTA,2
GACAGGGCGTCGGAAT,2
GACAGGTGAACCGAGT,2
GACAGTAGGAACGTCT,2
GACAGTCAACAAACAG,2
GACAGTCACTCGCAAT,2
GACAGTTACTGTAATT,2
GACATAAATCTTAGAA,2
GACATAAGCACAATTC,2
GACATAAGGTTGATTA,2
GACATAGCAACATTAT,2
GACATATACTCTATTC,2
GACATATCCACTGAAT,2
GACATATTTCAGGAAC,2
GACATCGACCTGCATG,2
GACATCGCGAACCGTT,2
GACATCTACCTCACCT,2
GACATCTCAAAAATAC,2
GACATCTCTAATACAA,2
GACATGCCTCTCTAAA,2
GACATGCTTTAAAAGC,2
GACATGTATATTGTAT,2
GACATGTGCCAACCAA,2
GACATTAAAAGCCCGA,2
GACATTAAAGACCTTT,2
GACATTAGCCCCCTGG,2
GACATTGACCTCACCT,2
GACATTGATAACGGAA,2
GACATTGCGATAACTC,2
GACATTTACCGAATAT,2
GACCAAAACTTGCGAG,2
GACCAAACACAGCAAA,2
GACCAAACCCAGAAAA,2
GACCAAACCCATCAAA,2
GACCAAAGAAATTCTA,2
GACCAAAGATACCCTT,2
GACCAAATGATGACAT,2
GACCAAATGATTCTAT,2
GACCAACATTCAAAGT,2
GACCAAGCAGTTATAC,2
GACCAAGCATTTATCC,2
GACCAATTGTGGCAAT,2
GACCAATTTAGGAACA,2
GACCACAACATATGTC,2
GACCACACTACTAGTA,2
GACCACACTGTGATCT,2
GACCACTATATGATAC,2
GACCACTCGCAAAAAG,2
GACCAGATAAACCACT,2
GACCAGATCAACAACT,2
GACCAGATCAACCACC,2
GACCAGATCACACCAT,2
GACCAGTGAGGAGTAT,2
GACCATAACATAGGTC,2
GACCATGGAAATACAT,2
GACCATGTAAAGCGAA,2
GACCATTTAAATCATT,2
GACCCAAACTTGCTAG,2
GACCCAAAGGCGGCAT,2
GACCCAAAGTTGCGAG,2
GACCCAACGCACAAAC,2
GACCCAATAGACATCA,2
GACCCACCGGCAAAAT,2
GACCCACCTCTTACAG,2
GACCCACGGCTTATCT,2
GACCCACTACTTTCCT,2
GACCCATAACGCCCTA,2
GACCCATAATTAACTC,2
GACCCATACCGCCATA,2
GACCCATACCGTCCTA,2
GACCCATACCTCCCTA,2
GACCCCACGGCGGTTG,2
GACCCCATTTACTTAA,2
GACCCCCTAAACTAAA,2
GACCCCGCTTGACCGG,2
GACCCGGGAGATATTC,2
GACCCGTATATTGTAT,2
GACCCGTATTATTACA,2
GACCCGTGCATTATTA,2
GACCCTCAAACTAAGA,2
GACCCTCAAGGAGCCC,2
GACCCTGACCACACGA,2
GACCGAAAACGCGGAA,2
GACCGAACGAGAGCCG,2
GACCGAACTGAGTTTA,2
GACCGAATACGCGGAG,2
GACCGATCCTTTAGCT,2
GACCGCCTCCTCAGAT,2
GACCGCTCAGTAACGC,2
GACCGGAACCGACTAT,2
GACCGGAAGTTCATAC,2
GACCGTACCGAACAGG,2
GACCGTCTCTCGGCTG,2
GACCGTGTAAACATCA,2
GACCGTTTACTACAGA,2
GACCTACACACAATGC,2
GACCTACAGATGAACC,2
GACCTAGATCACCTCG,2
GACCTCACATCATCAG,2
GACCTCAGACGACAGC,2
GACCTCCAAGAGCGTA,2
GACCTCCTGATCGCTC,2
GACCTCGCTAAGATAC,2
GACCTCGGATGTCTAC,2
GACCTCGGTCGACAGC,2
GACCTCTTTATAAGCA,2
GACCTGAATACCCCGC,2
GACCTGCAAAGTATCC,2
GACCTGTTGACGATTT,2
GACCTTATACAACAAA,2
GACCTTCCTCCTAACC,2
GACCTTCGGAAACTCA,2
GACCTTGGTCATGTTC,2
GACCTTGGTGGAAACT,2
GACCTTGTAAACAGGA,2
GACCTTTAATGTGCGC,2
GACCTTTATATTGTAT,2
GACGAAACACACCAGT,2
GACGAAAGCTGCTTCT,2
GACGAAATGGACCAAA,2
GACGAAGATATATGAT,2
GACGAAGCTTTCCGCA,2
GACGAATCCAAGTCAG,2
GACGACCTCTGATGAA,2
GACGACTACATATGGA,2
GACGACTGTTAGTTTC,2
GACGAGAACGTGGACC,2
GACGATATCATGCGAC,2
GACGATGAAAGGTATT,2
GACGATTATAATTATC,2
GACGCAAACTACTCGC,2
GACGCAATTCACTTGA,2
GACGCCAGCCATACCT,2
GACGCCATACTGTACG,2
GACGCCATCATGTACG,2
GACGCGATATCAAAAA,2
GACGCGTCCGTCCCAA,2
GACGCTCGGAGGCACC,2
GACGCTGACGCTTTTG,2
GACGCTGATAGGAATA,2
GACGGAGTGAACCTTT,2
GACGGCCGAACATCTA,2
GACGGCTAAGCAATAT,2
GACGGCTGTAATTGAG,2
GACGGGGACACTGGAA,2
GACGGGTACCAATGCT,2
GACGGTACTTACCTAA,2
GACGGTACTTACCTTA,2
GACGGTCTATACATCA,2
GACGGTTATAGGAACC,2
GACGTAGACAAATGTT,2
GACGTCCTAGTTGGTC,2
GACGTCTGATTTATTC,2
GACGTGCGAAATTGTC,2
GACGTGCTAAATTGTG,2
GACGTGCTATTTAAAC,2
GACGTGTCACCACTCC,2
GACGTGTGAAATTGTG,2
GACGTTCGAAATTGTG,2
GACGTTCGTAATCGCG,2
GACGTTTGATATAATC,2
GACTAAAAGTGTACGA,2
GACTAAACCCAGTAGT,2
GACTAAACCGAGGAGT,2
GACTAAACGCAGGAGT,2
GACTAACACTGGTAGG,2
GACTAACACTTGGAAA,2
GACTAAGGAGGTTTGA,2
GACTAATAATGTACAA,2
GACTAATACTATAAAA,2
GACTAATACTGTACGA,2
GACTACAACTTCAGAT,2
GACTACAGAACCATCA,2
GACTACAGCCCCCTTT,2
GACTACATAACACTTG,2
GACTACCGCAATTATC,2
GACTACGTGTATGTCA,2
GACTACTGGAAGGGTC,2
GACTACTTTAGTTTCA,2
GACTAGAAATATATAA,2
GACTAGCATGTTACAG,2
GACTAGGCCTCAACAG,2
GACTATAATAATAACA,2
GACTATCTGATAATAA,2
GACTATCTGGATCATG,2
GACTATCTTTCACAGC,2
GACTATGAAAATAATA,2
GACTATGAAACCTTAC,2
GACTATGGTCGTAAGT,2
GACTATTAACCGCAGC,2
GACTATTAACGACTCA,2
GACTATTCGATCTGAA,2
GACTCAACCAGAATTG,2
GACTCAAGTCAAGCAC,2
GACTCACAAGATCAAA,2
GACTCACCTTATGGAA,2
GACTCAGGGCTGAAAC,2
GACTCCAAGGCTGTAA,2
GACTCCCCCTTAAGAT,2
GACTCCCTGATAACCT,2
GACTCGAATTATCTGT,2
GACTCGACCATTATAC,2
GACTCTGAAACATTAC,2
GACTCTGAGGTTAATA,2
GACTCTGGATACCTTA,2
GACTCTGGGTACATTA,2
GACTCTGGGTACCCTA,2
GACTCTTAACTGAGTT,2
GACTGAACGTTCAATT,2
GACTGAACTTATACAA,2
GACTGAAGTACAAATA,2
GACTGACTGCAGAATG,2
GACTGAGACTTGCCAA,2
GACTGAGTTAGAATAT,2
GACTGATTTACGTAAT,2
GACTGCATAAACTTGT,2
GACTGCATTGAGGAAA,2
GACTGCCAATGACAGC,2
GACTGCGAACAAGAGT,2
GACTGCGAAGAAAGAA,2
GACTGCTACTTCCTTG,2
GACTGCTCGTATTAAC,2
GACTGCTGGAATACAA,2
GACTGGACGCCCTGTT,2
GACTGGCAGAAAATTG,2
GACTGGCTTTGTATCG,2
GACTGGGATTAAAGAA,2
GACTGTACTTACCTCA,2
GACTGTGATGCGAAAT,2
GACTTAACGTATCGGT,2
GACTTACACCACTACG,2
GACTTAGAGCACCTCG,2
GACTTAGATAACCTCG,2
GACTTAGATCACCCCG,2
GACTTAGATCACCTCC,2
GACTTAGATCACGTCG,2
GACTTATGTCTTAGAA,2
GACTTATTTCTAGGAC,2
GACTTCCATACATGAC,2
GACTTCCCTAAATGAC,2
GACTTCTGTCCTTCAA,2
GACTTGAACAATCTTT,2
GACTTGCCATAAATTA,2
GACTTGCGCCGCTATT,2
GACTTGCTATGCTGTC,2
GACTTGGGCGTAAACG,2
GACTTGTGAAAAACAA,2
GACTTGTTAAAACCAA,2
GACTTTAATAGACAGT,2
GACTTTACACGCTCTT,2
GACTTTAGCGACTATA,2
GAGAAAAAAATGAGGT,2
GAGAAAAATTACACTC,2
GAGAAAATCACGGTAG,2
GAGAAACAATAGAGAA,2
GAGAAAGAAAACCGTT,2
GAGAAATATACGCAGA,2
GAGAAATCATTCATCG,2
GAGAAATCGACTCGTC,2
GAGAAATCGGGTTACT,2
GAGAAATGTACTTCTA,2
GAGAAATTAAATTCGG,2
GAGAAATTGATAAAAA,2
GAGAACAAGAGCCATC,2
GAGAACAAGCCAACCA,2
GAGAACAGCTGGGACA,2
GAGAACATAATGGAAG,2
GAGAACATTATGTTAA,2
GAGAACCACAAAAACA,2
GAGAACCCCCCACGTC,2
GAGAACTAAAACCGTT,2
GAGAACTCCTCTTTAT,2
GAGAAGATCTGGCCTA,2
GAGAAGGCCAACACCT,2
GAGAAGTAAAATCTAT,2
GAGAATAAGACTAGAC,2
GAGAATCTTAAGAATC,2
GAGAATTAAGTTACCA,2
GAGAATTAGCCTCAGC,2
GAGAATTGAACAAACA,2
GAGAATTTTAACTCGA,2
GAGACAACGGGGTACT,2
GAGACAATGACCAAGG,2
GAGACACAAAGATGAA,2
GAGACACCAACAAAAT,2
GAGACACTAAGTTTAA,2
GAGACACTGATCTGTA,2
GAGACAGGGATGCACA,2
GAGACCAAACAAATAC,2
GAGACCAGGACCTTCG,2
GAGACCATATAAGTTC,2
GAGACCCACTTCCCCC,2
GAGACCCTAATCATTA,2
GAGACCGAAACTCACA,2
GAGACCGACGCGAAAC,2
GAGACGCTAACCCGAG,2
GAGACTAAGAAAACCA,2
GAGACTCTCATTAAAA,2
GAGACTTATGTCCCTT,2
GAGACTTGAATGACTA,2
GAGACTTTACACAATC,2
GAGAGAAAAAACTGTC,2
GAGAGAATCGAGTAAA,2
GAGAGACTAAAGGATA,2
GAGAGATTCAAAGATT,2
GAGAGCATCCCGAAAT,2
GAGAGCGGCTAGTCCG,2
GAGAGCTACTCGGTCA,2
GAGAGGAGATTGTAAC,2
GAGAGGCATTAAGAGA,2
GAGAGGTGACAGAGCA,2
GAGAGGTTTCGACACG,2
GAGATAGCCAGAAATA,2
GAGATAGTCCCATAAG,2
GAGATCCGGGACATAA,2
GAGATCTAACGAATAG,2
GAGATCTAATGAAGAG,2
GAGATGAACGCTAAAG,2
GAGATGACCGATAAAG,2
GAGATGCATCATCGAG,2
GAGATGGAATTAATTC,2
GAGATGTACCAGGCAA,2
GAGATGTGAGAAAAAC,2
GAGATGTTAGAAAAAT,2
GAGATTAAGGGAAACA,2
GAGATTAGTTTTCTAT,2
GAGATTCGAGTGAGAG,2
GAGCAAAAAATGGGGT,2
GAGCAAAAGATCGAAA,2
GAGCAAACAGTTTTAC,2
GAGCAAAGGAATACGA,2
GAGCAACAAACGAATC,2
GAGCAACGGCTAATCA,2
GAGCAAGGCCCAAAGG,2
GAGCAATAACGATTTC,2
GAGCAATAGGGTTACT,2
GAGCAATCACTCTGAC,2
GAGCAATCGGTTTACT,2
GAGCAATCGTGTTACT,2
GAGCAATCTATCTGAC,2
GAGCAATCTCCCTGAC,2
GAGCAATCTCTCCGAC,2
GAGCACAAATCCTAAT,2
GAGCACAGCACTTAAA,2
GAGCACCTACGATCTA,2
GAGCACCTAGAAAACT,2
GAGCACTTTGCAACAA,2
GAGCAGAATGAGTTTA,2
GAGCAGCAGAAACTAT,2
GAGCATAGCTATCAAA,2
GAGCATAGTAACATCC,2
GAGCATTCGCAGCGCC,2
GAGCATTCTCTCTGAC,2
GAGCCAAATGTTCGAA,2
GAGCCAACGTTTTTCG,2
GAGCCAGGTACATACG,2
GAGCCATGAGTTAAAA,2
GAGCCCAATAAAATAT,2
GAGCCCCGAGTACATC,2
GAGCCCGGTACATAAG,2
GAGCCGTGACAGAATG,2
GAGCCTAACTCCATGG,2
GAGCCTCACAAAAGAT,2
GAGCGAAAAAGGGCCT,2
GAGCGACAGAGTCCAA,2
GAGCGATATATGATGA,2
GAGCGATGTATGCTGA,2
GAGCGCCAATTACATA,2
GAGCGGATCACAAGAC,2
GAGCGGCCTTGGGTGT,2
GAGCGTTAGGCTTTAA,2
GAGCTAAACTCTCAGC,2
GAGCTAACACCCCGCT,2
GAGCTAAGGGACATAA,2
GAGCTATGTAAGAACA,2
GAGCTATTCAAAGATT,2
GAGCTCGTACAAAATA,2
GAGCTCTCCATCATTC,2
GAGCTCTCCCAAATTA,2
GAGCTGAGACCAGTAT,2
GAGCTGATATGAGCCT,2
GAGCTGATTTGAGCCT,2
GAGCTGCGTTAAATAA,2
GAGCTGTAGAACTGTT,2
GAGCTTAACCCCCCTT,2
GAGCTTACATGAATGC,2
GAGCTTATGTGAGCCT,2
GAGCTTGCCAAAATTG,2
GAGGAAACAGAAAAAA,2
GAGGAAACCTAAAAAA,2
GAGGAAATAAAACGGC,2
GAGGAACAAGGACCGT,2
GAGGAACACTTTTAAC,2
GAGGAACAGTGTTAAC,2
GAGGAAGTGACACAAG,2
GAGGACATAATAAATG,2
GAGGACCAGTGACTCG,2
GAGGACCATCGGAAAC,2
GAGGACTCGAGATTAT,2
GAGGATAACCGCTATA,2
GAGGATACATGCACCC,2
GAGGATACTCAACGCA,2
GAGGATAGAACAAATA,2
GAGGATATATTCAAAC,2
GAGGATGACACAATTT,2
GAGGATGAGCGACAGG,2
GAGGATTGGACTTGGC,2
GAGGCAACCTAAAAAG,2
GAGGCAGCATTTACAA,2
GAGGCATTGGACAAAA,2
GAGGCCGTGACAGGAC,2
GAGGCTAGAGTTTTGT,2
GAGGCTTGTACCAAAA,2
GAGGGAACGGAAAAAA,2
GAGGGACCGTAGATAT,2
GAGGGAGATTCGATCA,2
GAGGGATGTCTAGGTT,2
GAGGGTCGACATCAAT,2
GAGGGTGATCATCCAA,2
GAGGTACCTACCCCGT,2
GAGGTAGTACAGACAC,2
GAGGTAGTCATAAGAG,2
GAGGTATCAAATAACG,2
GAGGTCACATGAGGTC,2
GAGGTCATCGGCAGAT,2
GAGGTCTAAGTTCAAA,2
GAGGTCTCTGTAGTTA,2
GAGGTGAAATTGACCA,2
GAGGTGATCACGAAAT,2
GAGGTGGACAATCTTG,2
GAGGTTCACGCGTTGG,2
GAGTAAAAAACAGGAA,2
GAGTAAAACGATTGAG,2
GAGTAAACTCCCCACA,2
GAGTAACCCACTACGA,2
GAGTAACTAATCTTGA,2
GAGTAAGCCAAAACAA,2
GAGTAAGCCAACACAT,2
GAGTAATCTTAAAGCC,2
GAGTAATGTGCCTAAG,2
GAGTACATACACCAAT,2
GAGTACATACGCAAAT,2
GAGTACCCGCGTGAGC,2
GAGTACCCTAACGAGT,2
GAGTACCGCCATGTGG,2
GAGTACCGCCCTGTGG,2
GAGTACGAATCACCAC,2
GAGTACGTAATAAATG,2
GAGTACTCTATTAGGA,2
GAGTAGAAAAAGAAAT,2
GAGTAGACAAAATTTA,2
GAGTATAGACATGTAG,2
GAGTATATAGTCTACG,2
GAGTATCAACCCCACA,2
GAGTATCCATGCACCC,2
GAGTATCTCCTCAAAT,2
GAGTATGTCAATACGC,2
GAGTCAAATAGTAAAG,2
GAGTCAAATCCAATTC,2
GAGTCAAATGATAAAG,2
GAGTCAATCAGACGTA,2
GAGTCACCAAAACGAT,2
GAGTCACCCAAAAGAT,2
GAGTCACCTATAATTA,2
GAGTCACTACGCCGTC,2
GAGTCACTGAGTTGAC,2
GAGTCACTTGTCAAAA,2
GAGTCCCCATGGAAAA,2
GAGTCCTTCCAACGTT,2
GAGTCGAAAGTCGACG,2
GAGTCGACTCTAAAAC,2
GAGTCGAGCAGAATTG,2
GAGTCTCACTGCGTAC,2
GAGTGAACAGAAAAAA,2
GAGTGAATACGATTAC,2
GAGTGAATACTCACGA,2
GAGTGACGCCCATGGA,2
GAGTGAGGACCCACGC,2
GAGTGATAGTTAAGTA,2
GAGTGCGATGGACCCC,2
GAGTGGATGTTCGGAG,2
GAGTGGGCATAATTAT,2
GAGTTAAAGTGCGCCT,2
GAGTTAACGTTCGCCT,2
GAGTTACAATGTTAAT,2
GAGTTACCTTTTGGGA,2
GAGTTAGAAGGAAATA,2
GAGTTATTATAGTATG,2
GAGTTGAACAATAATA,2
GAGTTGAACTACACTA,2
GAGTTGATAATGGAAA,2
GAGTTGATACTACCGA,2
GAGTTTCACAATAGCA,2
GAGTTTCATCTTCTCT,2
GATAAAACAATTATTG,2
GATAAAACTAGATTAC,2
GATAAAACTAGGTTAT,2
GATAAAGATTACAATT,2
GATAACACCTTGGAAA,2
GATAACACGCAGGGGG,2
GATAACAGCACTTAAA,2
GATAACATGCAGGGGA,2
GATAACATTTTCCAAA,2
GATAACCAGCATAAAG,2
GATAACCTAAAAACTT,2
GATAACCTAAATAATC,2
GATAAGAAAACTGCCC,2
GATAAGATTCATCGAC,2
GATAAGTTGAGAATAC,2
GATAATAAGGACGAAG,2
GATAATATGATGTGTA,2
GATAATCAAAGCTAAC,2
GATAATCATCACAAAA,2
GATAATTAATCCATAA,2
GATAATTAGATATCTC,2
GATAATTAGATTACAA,2
GATACAATCACGCCGA,2
GATACAGAATTTTCCC,2
GATACAGCCGGACCAA,2
GATACAGGCCTCATTA,2
GATACATAATGTTAAC,2
GATACATGAGAGCCCA,2
GATACCAACAATAAAA,2
GATACCACATACATCA,2
GATACCCAAACAGAAA,2
GATACCCAGAACCTAC,2
GATACCCATGGTGACA,2
GATACCCGAACGGCTT,2
GATACCCTCACACTAT,2
GATACCGCAATGTGAT,2
GATACCGCATTTCACT,2
GATACCTAGGTGAACC,2
GATACCTCTAACCACA,2
GATACGCCAATTGCCG,2
GATACGGCCAAATTAC,2
GATACGGGCGAAGATC,2
GATACGGTTGATTAAA,2
GATACGTGATCCCTAT,2
GATACTAGATCACAAT,2
GATACTCAGTATACAA,2
GATACTTACTACACTG,2
GATAGAACGTGCGCCA,2
GATAGAACTCATGTGC,2
GATAGAATCAAGGAAA,2
GATAGAGAAGAACAGA,2
GATAGAGGGTCACCTT,2
GATAGCAAGACTGGAA,2
GATAGCATAATGTCAT,2
GATAGCATATATGACA,2
GATAGCCATACGACGT,2
GATAGCCGTATTTATA,2
GATAGCTCCGAGCCTA,2
GATAGGCACCGAACAA,2
GATAGGCGCAACGACA,2
GATAGGTAATCAATTT,2
GATAGGTCGCTACATT,2
GATAGTAAATTGCCAT,2
GATAGTAACAACAGTC,2
GATAGTACACCCAAAT,2
GATAGTCAAATAACAC,2
GATAGTTTATAAAAGC,2
GATATAAGAGTTACCT,2
GATATAAGCCTGCCGA,2
GATATACAACTCTAAT,2
GATATATATGTTCTAA,2
GATATATTGACGCGCA,2
GATATCAACGCACAAC,2
GATATCCAGAAACTAC,2
GATATCCGGCCTCCAG,2
GATATCGAGTTAGTAA,2
GATATCGGAAACAGCG,2
GATATCTCAACCACAA,2
GATATGACTCCCAAGG,2
GATATGAGATTTGAAA,2
GATATGCTAATCAGCC,2
GATATGTATGATTAAG,2
GATATTCCACCTTAAA,2
GATATTGTCGAAGAGG,2
GATCAAAGAGTCCACA,2
GATCAAATCCCCCCCA,2
GATCAAATGAAGACCT,2
GATCAAATTAAGACAT,2
GATCAAATTAAGACCC,2
GATCAACATAGGTGTA,2
GATCAACCACAGAGAA,2
GATCAACCGTGCAACA,2
GATCAAGGTCTAAAGA,2
GATCAATACGACAGGA,2
GATCAATAGATGCCAG,2
GATCAATTCTGTGAAG,2
GATCAATTTATGAACA,2
GATCAATTTTGAAAAA,2
GATCACAAATACTTTA,2
GATCACCAGTTAATCA,2
GATCACCCCCCGAAGC,2
GATCACCGGAAACATA,2
GATCACGCCGTGTTTG,2
GATCACTACATGGCCA,2
GATCACTCAGATGAAC,2
GATCACTCCCTGCTGC,2
GATCACTGAGAGGGCC,2
GATCAGAGAATTCATA,2
GATCAGATTCATCGAA,2
GATCAGTACTGGTAAT,2
GATCAGTGTTAGAGTT,2
GATCATAACGTTGTCA,2
GATCATAATTTAGGCC,2
GATCATAGCACTTAAA,2
GATCATAGCGATGCTG,2
GATCATCTCGAAAATC,2
GATCATGGACCGATAC,2
GATCCACCATGTAGAA,2
GATCCAGACGTGTGTT,2
GATCCAGGTGTCACCA,2
GATCCATCACAATGTA,2
GATCCCAGCACTGGCT,2
GATCCCCGAGTCCATC,2
GATCCGACATACACAC,2
GATCCGGCGAAGAAAA,2
GATCCTAAATAACCTC,2
GATCCTATCCTGAACG,2
GATCGATCAGTTAGCT,2
GATCGCCGAGATGAGC,2
GATCGCTAAAGACGGC,2
GATCGGAGTGGAACAA,2
GATCGGGATAAAATAT,2
GATCGTAAGCAGTAAA,2
GATCGTACAGACACCT,2
GATCGTAGCCGTCGTA,2
GATCGTATATACGTAA,2
GATCGTCAGATATAGG,2
GATCTAAACGGCAATA,2
GATCTAAATACGCTGT,2
GATCTAAATATGAAAT,2
GATCTAAGTAGATTCC,2
GATCTAAGTGACTACG,2
GATCTAATAAGACACA,2
GATCTAATATTAGCTC,2
GATCTACACATCGTGA,2
GATCTACGTTAGTAAT,2
GATCTACGTTCGTAAC,2
GATCTATCAAAAAACT,2
GATCTATCAATAGTGA,2
GATCTCAGAGCAAATA,2
GATCTCAGGCCATGCT,2
GATCTCCATAAGTCAG,2
GATCTCCATAATTCAC,2
GATCTCCGACCATCCC,2
GATCTCCGGACATCCC,2
GATCTCCGGCCATCCA,2
GATCTCCGGCCATTCC,2
GATCTCCTTGGGCAGC,2
GATCTGACAAGAGTTA,2
GATCTGTCACCACGGA,2
GATCTTGAACAATACA,2
GATCTTTTACAGATAG,2
GATGAAAAACTCCAAC,2
GATGAAAATTGCATTA,2
GATGAAAGCGCATTGA,2
GATGAACACGTAGACA,2
GATGAACCGCCAGTCA,2
GATGAACTGCACAATG,2
GATGAAGGACCTCGAG,2
GATGAATCGACTAACT,2
GATGAATTATGTAGAA,2
GATGAATTTTAGATAC,2
GATGACAAATGTCCAC,2
GATGACAGACGTAGGG,2
GATGACAGGTGTATTA,2
GATGACCCAACGACCG,2
GATGACGAATGTACAC,2
GATGAGATCAAACCAT,2
GATGAGGAATACAAAG,2
GATGAGGCATAAAAAG,2
GATGAGGCATACAAAT,2
GATGAGGCATATAAAG,2
GATGATGTACAATAAA,2
GATGATTGTGACAAAG,2
GATGATTTAGTGGGAT,2
GATGCAAAACTACAAC,2
GATGCAACCTAAAAAA,2
GATGCAGAAGAATCGC,2
GATGCAGAGGAATAGC,2
GATGCATACTCAGATA,2
GATGCCAGTTGAACAG,2
GATGCCATTTTTTACA,2
GATGCCGCGGGGCGGT,2
GATGCCTCACAAACCA,2
GATGCGTCTTATTACG,2
GATGCTAACGTTCAAA,2
GATGCTATCACTGAAC,2
GATGCTTGTGTCAGTA,2
GATGGAACAAGATAAA,2
GATGGAAGGGGATCTA,2
GATGGACAGCCATAAA,2
GATGGACATAATGAGT,2
GATGGACATAGGACCT,2
GATGGACATCGACCAT,2
GATGGAGCAACGGGTT,2
GATGGCTGCTAGAACA,2
GATGGCTTAACCATAT,2
GATGGGACCTACATAA,2
GATGGGATTTTCGTGC,2
GATGGGCACAGGAATT,2
GATGGGCCAAGGAATT,2
GATGGGTTATGATTCC,2
GATGGTTTCAACATAG,2
GATGTAACCAACAAAG,2
GATGTAATAAATGACA,2
GATGTAATCACCGGAG,2
GATGTAATCGAATAAC,2
GATGTAATTAAAAAAT,2
GATGTACTTACTCCTT,2
GATGTAGTTGAGAGCC,2
GATGTATCTTCTAGCC,2
GATGTCACCCCGAACC,2
GATGTCACGTCAGTCG,2
GATGTCAGATTATTAT,2
GATGTCCCGCCAGTCG,2
GATGTCCCGTAAGTCG,2
GATGTCTTTACCATAT,2
GATGTGTACCTCTCAT,2
GATGTTAAGCCGTGCT,2
GATGTTACCCACCCTG,2
GATGTTACCCACGGTC,2
GATGTTCCCCAAGGTC,2
GATGTTGAAGTCGCAA,2
GATGTTGATTTACTAA,2
GATGTTTAGAGCTAAG,2
GATGTTTCGAGATAAG,2
GATGTTTCGATCTAAG,2
GATTAAATAATCTGAT,2
GATTAACAAATACATC,2
GATTAACAGAAGTACA,2
GATTAACGATCACTAA,2
GATTAACTAGCTACCA,2
GATTAACTTACATTAA,2
GATTAATCGCTGTGAT,2
GATTAATTCCGCCCAT,2
GATTACAACAAATTAA,2
GATTACAATAGGAAAT,2
GATTACCGCCGTGTGG,2
GATTACGACAGGAACG,2
GATTACTAGAGGAAAT,2
GATTACTCGGAGCTAT,2
GATTAGACGTACAAGC,2
GATTAGAGAAAGAACA,2
GATTAGGTCGTCCGGC,2
GATTATCGATAACACT,2
GATTATTAAGAGATGT,2
GATTATTCAACACCAC,2
GATTATTTACATCAAA,2
GATTATTTTTATGATT,2
GATTCAAAATTTAGGT,2
GATTCAAAGGATAAAA,2
GATTCAAATTACCCCC,2
GATTCAATACACAGAT,2
GATTCACGCGGCCCGA,2
GATTCAGACACGGCAC,2
GATTCAGCGCTCCGAT,2
GATTCATGTCTAAATG,2
GATTCCAATGACCGAT,2
GATTCCAATTAAGCCT,2
GATTCCGACATGAACG,2
GATTCCTCTAAGAGCT,2
GATTCCTTAAGTCATG,2
GATTCGAAACTCCCGT,2
GATTCGAAGAACCCCG,2
GATTCGATCGTGTTTT,2
GATTCGCACTACAAAA,2
GATTCGGAAATCCAAA,2
GATTCGTCCGTTACAT,2
GATTCTAAACGCCCGT,2
GATTCTACTCGCACAC,2
GATTCTGAATAAGCAT,2
GATTCTGAGATATTTT,2
GATTCTGATTTCTTAC,2
GATTCTTAACTGACAG,2
GATTCTTTGACTATCA,2
GATTGACTCAACGAAC,2
GATTGACTCAGAGAAC,2
GATTGACTCATCGAAC,2
GATTGAGACAGTGATG,2
GATTGAGGAAGATCAG,2
GATTGATAGAACAAGA,2
GATTGATTACCTACAT,2
GATTGATTCCAATAGC,2
GATTGCAGAAGATCAG,2
GATTGCGCTTAGTAAT,2
GATTGCGGGAGATCAG,2
GATTGGAAATCAGAAA,2
GATTGGAAGTAAAGTC,2
GATTGGACAGATACCC,2
GATTGGAGTGTAACTA,2
GATTGGCCCATGCTAG,2
GATTGGCTGACGATTT,2
GATTGTCTTTTTAACC,2
GATTGTGAGAAAGGTC,2
GATTGTGCACGATTAC,2
GATTTAAGAAGTTCAA,2
GATTTACCAATATCCA,2
GATTTACTGGACAATC,2
GATTTATGGAGGGTAA,2
GATTTCAATATCCATG,2
GATTTCAGAAACCTAT,2
GATTTCAGCAACATAT,2
GATTTCAGTAATATAA,2
GATTTCATAAAAAAGT,2
GATTTCCACTTAGTAG,2
GATTTCGGAAGATCAG,2
GATTTCTAAGTTATGT,2
GATTTCTGTGCATTAC,2
GATTTCTTCTGACTGC,2
GATTTGCTGTTTAGTT,2
GATTTTAACCGCAGTA,2
GATTTTAACCGCCGTG,2
GATTTTAACCGTCGTA,2
GATTTTAATCGCCGTA,2
GATTTTACGTTACACC,2
GATTTTCGGAAGCTAG,2
GATTTTTCGAGCTAAG,2
GATTTTTTTACCTCCG,2
GCAAAAAAAAGGAATT,2
GCAAAAAAAAGTAATG,2
GCAAAAAAAATTGGTC,2
GCAAAAAGACGAACAG,2
GCAAAAAGCACCTCCC,2
GCAAAAATATGCCGAG,2
GCAAAAATTGGAAAAA,2
GCAAAACACTAAGCCA,2
GCAAAACTACCCCCCA,2
GCAAAACTACCCTACA,2
GCAAAACTGTTATAGT,2
GCAAAAGGAAATCACA,2
GCAAAAGTCCAGATAC,2
GCAAAATAAGTTCTGA,2
GCAAAATGTCTGCCAA,2
GCAAAATTCCCTCACA,2
GCAAAATTTTTCCTAG,2
GCAAACACATATAGGC,2
GCAAACACATGAAAAA,2
GCAAACAGAATTACAA,2
GCAAACGTCATACACA,2
GCAAACGTGATACATA,2
GCAAACGTGTATCACA,2
GCAAACTGCCAAATTG,2
GCAAAGAAAAGAGATA,2
GCAAAGTAACACCGAC,2
GCAAAGTCTTATATCT,2
GCAAATAGACTCTTCA,2
GCAAATAGGACTATCA,2
GCAAATATCAATGAAA,2
GCAAATCACTTATCGT,2
GCAAATCATATTCCGA,2
GCAAATCCGTTTAATA,2
GCAAATTGGCATATAC,2
GCAACAAGAAGCTTAC,2
GCAACAATACATAGCC,2
GCAACAATGATTGCAC,2
GCAACACACCCTTTAG,2
GCAACACGTCCTAATA,2
GCAACATATGAACCCG,2
GCAACCAAACTGTAAT,2
GCAACCAAGTGCACTC,2
GCAACCAATAAAACAG,2
GCAACCATAATATATA,2
GCAACCATCAAGAAAA,2
GCAACCGTGTGTTATC,2
GCAACCTAGAAGATAA,2
GCAACCTATCGTGGAT,2
GCAACCTCTTTGTTTC,2
GCAACCTTGAACCCCT,2
GCAACGATTCTCACAA,2
GCAACGCCGCTTTCGT,2
GCAACGCGGGCACCGA,2
GCAACGTTACAAGGAG,2
GCAACTACCGATGAGT,2
GCAACTTGCACGCCGG,2
GCAACTTGTCCGCCGG,2
GCAAGAATGAACACGT,2
GCAAGACATTTGACGG,2
GCAAGAGTATAGCCAA,2
GCAAGAGTGTAGCCAC,2
GCAAGATGATACTAGT,2
GCAAGATTACACCAAA,2
GCAAGCAACTCGGCTC,2
GCAAGCAATTAGGTGA,2
GCAAGGACAGACTTAT,2
GCAAGGACCGCATATA,2
GCAAGGTAACACGGGG,2
GCAAGTAAATATAGCA,2
GCAAGTAACGAGAAAG,2
GCAAGTACGCCATCAG,2
GCAAGTATGACTAACG,2
GCAAGTATTATCCCTA,2
GCAAGTCAGTATAGCA,2
GCAAGTCTCCTAATAG,2
GCAAGTTATACTTACC,2
GCAAGTTTAAACCAGA,2
GCAAGTTTACTATTAT,2
GCAAGTTTCAAAAATA,2
GCAATAAAGCTATGAT,2
GCAATAACAATGCACT,2
GCAATAAGCACCTTAG,2
GCAATACTCATATAGG,2
GCAATAGAAAACTTGT,2
GCAATAGTTGTAAAAG,2
GCAATATCTCTGGAAC,2
GCAATCAATACATACA,2
GCAATCCGCCATCAAA,2
GCAATGACAAACTGAC,2
GCAATGACAAATATCA,2
GCAATGACCAAAATCA,2
GCAATGAGAGATTTCA,2
GCAATGCAACAAAAAT,2
GCAATGCAACACACCA,2
GCAATGCAGAATACAG,2
GCAATGGAAATTCACA,2
GCAATGGCAAGCACCG,2
GCAATGTCGAATGCAA,2
GCAATTACTAAAATCA,2
GCAATTCAATATAGCA,2
GCAATTTAATGGCACA,2
GCAATTTCCACCAAGA,2
GCAATTTCCACCCGGA,2
GCACAAAGAACCTCCC,2
GCACAAAGCACATCCC,2
GCACAAAGCACGTCCC,2
GCACAAATCATGTCAT,2
GCACAACTTTGTATTA,2
GCACAATGAAAGAAGT,2
GCACAATGAATGAGAT,2
GCACAATGTATGAGGT,2
GCACAATGTATTAGAT,2
GCACACACACAAAGTT,2
GCACACAGTATACCCG,2
GCACACATTGTCAGTC,2
GCACACCCGTAATGAT,2
GCACACGTCATACAGA,2
GCACAGATGCTATACA,2
GCACAGCATAAAGAAA,2
GCACAGGCATGATGAT,2
GCACATAAGAGTCACT,2
GCACATCTAGAATAGA,2
GCACATGGAAATACAT,2
GCACATTGATAACCAG,2
GCACCAAAATGAATTA,2
GCACCATAAGATGCCA,2
GCACCATCTGACATTC,2
GCACCATCTTGGTCGA,2
GCACCATGGAAAGGCA,2
GCACCCACAAGGAACT,2
GCACCCCAGGGGCAGC,2
GCACCCCTAAATAGAC,2
GCACCCGTAACTAATT,2
GCACCCTTCTTGTAAA,2
GCACCGCAAACCCGCT,2
GCACCGCGCTAGACCC,2
GCACCGCGGGCACAGA,2
GCACCGTTGACCCTCT,2
GCACCTAATTTTCTAA,2
GCACCTACGCCCGGCA,2
GCACCTACGCCCTGAA,2
GCACCTCATCTAAGCA,2
GCACCTGACCACACGA,2
GCACGACCCAAAGTCG,2
GCACGACTGCTAAATC,2
GCACGAGATGATAATA,2
GCACGAGTCCCAGACC,2
GCACGATGTCCGCACG,2
GCACGATTTATTTCAT,2
GCACGATTTCCCTTCA,2
GCACGCAATTGTACTT,2
GCACGCACTAGATTAA,2
GCACGCACTAGGATAC,2
GCACGCACTGAACTGT,2
GCACGCCGAAATACGT,2
GCACGCCGCAGGGTAA,2
GCACGCCTGACTAAAG,2
GCACGCCTGCGCCTTG,2
GCACGCGCACACTGGG,2
GCACGGACTCCGCCGA,2
GCACGGGTACTACGTC,2
GCACGTACACATTCCC,2
GCACGTAGCTATTAAA,2
GCACGTCTAGTATCTT,2
GCACTAACCTAATGTG,2
GCACTAATATAACCCC,2
GCACTACAGAGTGCCG,2
GCACTACCAAAAAGAC,2
GCACTATATGGTACTC,2
GCACTCATGACCTAGT,2
GCACTCGAATAAAATT,2
GCACTGACGTCCCATA,2
GCACTGCAAAACCGCT,2
GCACTGCAAACCCTCT,2
GCACTGTGCGTAGGCA,2
GCACTGTTTACCGAGT,2
GCACTTAAATCCGCAG,2
GCACTTACACATTAGC,2
GCAGAAAAGACAAAGC,2
GCAGAAAAGCATAGGC,2
GCAGAACATAGGTTAC,2
GCAGAACATCCATTCA,2
GCAGAATAGAGCCCTA,2
GCAGAATCGAGACCTA,2
GCAGAATCTTATACAA,2
GCAGACAACGCCAAAT,2
GCAGACAGGAGGAATC,2
GCAGACATGAGTCCGA,2
GCAGACCGCACAGACT,2
GCAGACGTCAGTACCA,2
GCAGACTATCCTGAAG,2
GCAGACTATCCTGACT,2
GCAGAGCATATAAAGT,2
GCAGAGCCTACCAAAG,2
GCAGAGGAAGTAACAA,2
GCAGAGGCACCCCTCT,2
GCAGATAGAACAAATA,2
GCAGATATGAGCAATG,2
GCAGATCTAAAGGTAA,2
GCAGATCTAAATGGAA,2
GCAGATCTAATATTAG,2
GCAGATCTGAAGGGAA,2
GCAGATTATTGATAAG,2
GCAGATTGAGTTACGA,2
GCAGCAAAACAGGCAC,2
GCAGCAACGACTCCGA,2
GCAGCACAAACAAATC,2
GCAGCACTTGCTAAAT,2
GCAGCATAATAAAAGC,2
GCAGCCTGTCCGAGTG,2
GCAGCGCATCGTCTAA,2
GCAGCGGTACCCCTCT,2
GCAGCGTCACCCCTCT,2
GCAGCGTGAAGTACAT,2
GCAGCTACCTATGTAT,2
GCAGCTTCGGTGCCAC,2
GCAGGAAAGGTTAAAG,2
GCAGGCAGATAATACG,2
GCAGGCCACCAGTCGA,2
GCAGGCGAGGATAACA,2
GCAGGCTGAAAAGGGC,2
GCAGGGTACTCATTGA,2
GCAGGGTCAAAAAAGG,2
GCAGGTAAATAACTCA,2
GCAGGTACAAATTAAG,2
GCAGGTCCGCCTACGA,2
GCAGGTTAAATCTCCG,2
GCAGGTTGGTCCTTGC,2
GCAGTAAAAAGTTTCA,2
GCAGTAAAGCATCTGC,2
GCAGTAAGCAGAGAAA,2
GCAGTACTAAATGTTG,2
GCAGTATCATAATTAA,2
GCAGTATTTGAAATCC,2
GCAGTCAGAAGAGAAA,2
GCAGTCCACCAGTCGC,2
GCAGTCCCTAAATAGT,2
GCAGTCTTTACACATT,2
GCAGTGAAGACACAAT,2
GCAGTGCGTACCACTA,2
GCAGTGCTGTGAATAG,2
GCAGTGGGTGACACCA,2
GCAGTGGGTGACCCAA,2
GCAGTTACCAAGATTA,2
GCAGTTCCGCCTATGA,2
GCAGTTCCTTAGTCTA,2
GCAGTTGCTGTCACAT,2
GCAGTTGTGACACTCT,2
GCAGTTTTTGAAATCC,2
GCATAAATTAGCAACA,2
GCATAACACCACAGAA,2
GCATAACACCAGTTTA,2
GCATAACAGTAACCCA,2
GCATAACCCGCTCTAC,2
GCATAACGCACAGACC,2
GCATAATCCCAAAATT,2
GCATACATGGACTAAT,2
GCATACCAGTGGTCTT,2
GCATACGATAGGAAAC,2
GCATACTTAGGACTGC,2
GCATAGAACCAGCCTT,2
GCATAGATAGCCGTAA,2
GCATAGCAGAAAGAAA,2
GCATAGCCCAAACCGA,2
GCATAGCCCAACCAGA,2
GCATAGCCCAACCCGT,2
GCATAGCCCAATCCGA,2
GCATAGGGACATGAGT,2
GCATATAAGAATCTAA,2
GCATATATCTCGCCCA,2
GCATATATCTTGCCTA,2
GCATATATTCAATAAA,2
GCATATCATAAAGAAA,2
GCATATGACGACTGAA,2
GCATCAAATAAGCACT,2
GCATCAACTCTGAACA,2
GCATCAAGAGCGTTAC,2
GCATCAATAACGAGGG,2
GCATCAATGCTAGACC,2
GCATCAATGTAAGTCG,2
GCATCACACAAGAAAA,2
GCATCACGAAATGAAT,2
GCATCATACTCAAACC,2
GCATCCACACTCCATT,2
GCATCCGCAAGTAACG,2
GCATCCGTAATTAACG,2
GCATCCTAGGCTCCTG,2
GCATCGCCCAAGGCTC,2
GCATCGCGGGCACCGA,2
GCATCGGCTCTACGCC,2
GCATCTTTGCCCCGGA,2
GCATGAAAATCACCCC,2
GCATGAAGTACAGGAG,2
GCATGACCCAAAGTAG,2
GCATGACCGAAAGTCG,2
GCATGACCTAAAGTCG,2
GCATGACGCAATATCA,2
GCATGAGCAATGCATC,2
GCATGATCAGAATCAC,2
GCATGATCCAAAGTCG,2
GCATGATGAACTACTA,2
GCATGATGACACTTAT,2
GCATGCGAATCATTGA,2
GCATGGCCGACTCATC,2
GCATGTAGCTCTCATG,2
GCATGTGAAATAAGGG,2
GCATGTTCTGTGTGTT,2
GCATTACAATACCACT,2
GCATTAGAAAAGATAA,2
GCATTAGTGTGATGAT,2
GCATTATCAATTTGTA,2
GCATTATTAAGCCATC,2
GCATTCAGCGCAATCC,2
GCATTCATGTGAGCGT,2
GCATTCCCACTTTAAT,2
GCATTCCGTATATCCA,2
GCATTCGGAGACCTTG,2
GCATTGAGTGTAAGGA,2
GCATTGATGAATTTCT,2
GCATTGCAAGAGCGCC,2
GCATTGCAAGAGCTCA,2
GCATTTCCCAAGATTA,2
GCATTTCGTAACATTG,2
GCATTTGGTCCAACTA,2
GCCAAAAAGGTAGACT,2
GCCAAAAATTTCGGAA,2
GCCAAAATAGAAAACA,2
GCCAAACCTTCTGAAG,2
GCCAAAGAACTACAAC,2
GCCAAAGTATCCATCG,2
GCCAAATAATGATTGT,2
GCCAAATCGAGAGCTA,2
GCCAAATGGATTCCTG,2
GCCAACCAAAATAGTA,2
GCCAACCCATTAAGAG,2
GCCAAGAACATTATGA,2
GCCAAGACCCTGATAA,2
GCCAAGATGGTTATTA,2
GCCAAGATGTAGATTC,2
GCCAAGCTAATGGAAG,2
GCCAAGTTAGTTTAAT,2
GCCAATATAAACACAC,2
GCCAATATGCATCCTC,2
GCCAATCCCTCAACAA,2
GCCAATGACATCAGAC,2
GCCAATTCTCCCGTCG,2
GCCACAACACACTTTC,2
GCCACAGGAAAAATGC,2
GCCACATTTAAATCCA,2
GCCACCAAATAAAAGG,2
GCCACCCGAACAAACA,2
GCCACCCGAACCAAAA,2
GCCACCCTAACCAACA,2
GCCACCTAAAATTCAG,2
GCCACCTACCCTACAA,2
GCCACCTTGGAGACTA,2
GCCACGAAAGGCCTCA,2
GCCACGACTTAGTAAT,2
GCCACGAGACTATCCT,2
GCCACGAGGCTATCCG,2
GCCACGCGAACGAGGT,2
GCCACGCTCAGATTCA,2
GCCACTAACATGATAA,2
GCCACTAACATGATCT,2
GCCACTAAGACGAGAA,2
GCCACTAGACTATCCG,2
GCCACTATTAGATCCT,2
GCCACTTGTCTTAACA,2
GCCAGAGAGACATACC,2
GCCAGAGTATAGCCAC,2
GCCAGATCGGTCAAAC,2
GCCAGATTTTCACTTT,2
GCCAGCACACGCTGCC,2
GCCAGCCAGGAATTTA,2
GCCAGCGGCAATACTA,2
GCCAGCGTGTACAGAC,2
GCCAGGAATAAAAAAT,2
GCCAGGAATAAACGAT,2
GCCAGGACCTCAGACA,2
GCCAGGCTTAAATCTA,2
GCCAGTTACTATAATT,2
GCCATAACCTCTCGTG,2
GCCATACACACTTAGC,2
GCCATAGAACTGAAGC,2
GCCATAGAGGCGACCT,2
GCCATAGCGAGTATAC,2
GCCATAGTAAGGAAGC,2
GCCATATACTAAGATA,2
GCCATCACCAAGAGTG,2
GCCATCACTCTCCGTC,2
GCCATCAGAGCTTATG,2
GCCATCCAGAAGCTAG,2
GCCATCCTATAGTGAA,2
GCCATCCTATAGTGGA,2
GCCATCCTATATTGCA,2
GCCATCGAATCCGTAA,2
GCCATCGAGACCGCAA,2
GCCATCTCGACCCGTA,2
GCCATCTTAATGAAAA,2
GCCATGACACAGATCT,2
GCCATGACCAAACGAT,2
GCCATGGAGAAAGGTT,2
GCCATGTAACTGCATA,2
GCCATTAAAGGCCCCT,2
GCCATTACGGCGCAGC,2
GCCATTCATTCATCAG,2
GCCATTCGGCTATCAA,2
GCCATTTCGCGCTCAC,2
GCCATTTGAAACACCC,2
GCCATTTGCAAGTGTC,2
GCCCAAACAGGCTAAT,2
GCCCAAAGATAAAACA,2
GCCCAAAGTACTCTGT,2
GCCCAACAAAATAGTA,2
GCCCAACTGAAACTGA,2
GCCCAACTTAACAGTA,2
GCCCAATGGTAATACT,2
GCCCACGTGCACTTAC,2
GCCCACTACCCCATGA,2
GCCCAGACCGTCCAGG,2
GCCCAGATAACACCAT,2
GCCCAGATCACACCAA,2
GCCCAGATCACACTAT,2
GCCCAGGATCCTTCGA,2
GCCCAGTTCACACCAT,2
GCCCATAATATAACGC,2
GCCCATAATGAACCTC,2
GCCCATACATTTAAGT,2
GCCCATGTAAATACAT,2
GCCCCAATTTATCCTG,2
GCCCCACCTTCTGTTT,2
GCCCCATATAAGAAAT,2
GCCCCATGAGTTAAAA,2
GCCCCATTAGTATGGC,2
GCCCCATTGCCTAAAG,2
GCCCCCAGCTGTTCTC,2
GCCCCCCCGAAGGAAC,2
GCCCCCGTACATAAGC,2
GCCCCGACCTTCCAGG,2
GCCCCGGCGGAATAGA,2
GCCCCTACCGAACACA,2
GCCCCTAGGTGTACCG,2
GCCCCTCAACAATGTG,2
GCCCCTGACAACACGA,2
GCCCCTGACCACAAGA,2
GCCCCTGTATAATGAG,2
GCCCCTTACCACACGA,2
GCCCGGACATTGAGAG,2
GCCCGTATGCCTCAAA,2
GCCCGTGTACACCAAT,2
GCCCTAAAGAACGACT,2
GCCCTAGCTTCCAAAC,2
GCCCTAGGACGAATGA,2
GCCCTCCATGACCAAA,2
GCCCTCCCGATCGCTC,2
GCCCTCCTGATCGATC,2
GCCCTCGAATCCTTAA,2
GCCCTCGCAGATTGCT,2
GCCCTCTAATCCGTAA,2
GCCCTGATAATCCTCG,2
GCCCTGTGAATTCTAT,2
GCCCTTCACACAAGTT,2
GCCGAACTACTTCAAT,2
GCCGAATCAAAGTCAG,2
GCCGACCATCAGATAA,2
GCCGACTGGGGTAAAA,2
GCCGAGCGATCCACAG,2
GCCGAGTATTGTCCAG,2
GCCGAGTTAATAACCC,2
GCCGATACCCCAACCC,2
GCCGCAATAGTAATAT,2
GCCGCACATCGTCTAA,2
GCCGCATCTCCGAATG,2
GCCGCATTATCAGCGT,2
GCCGCCCATCGTCTAA,2
GCCGCCTCTCCGAATT,2
GCCGCGCATCGTATAA,2
GCCGCGCATCGTCCAA,2
GCCGCGGGAATTGGGT,2
GCCGGAATAGTAGCCC,2
GCCGGAATGAACACGT,2
GCCGGAATGTCGGTGC,2
GCCGGACAATCAATAA,2
GCCGGACCGAAAGCCG,2
GCCGGATGAGAAACCT,2
GCCGGCATAATAGATT,2
GCCGGCCAAGTTGAAA,2
GCCGGGAATAAACAAT,2
GCCGGGCCGAGTGCTA,2
GCCGGTAACGCATTCC,2
GCCGGTACAGTTTATA,2
GCCGGTTAATACAATG,2
GCCGTAAGTAATTACA,2
GCCGTATGATTTGGAC,2
GCCGTCACGTGAAGTA,2
GCCGTGAATTAACTAT,2
GCCGTGCATCGTCTAA,2
GCCGTGTTTCCGTAAA,2
GCCGTTCTATCTAGCC,2
GCCTAAAGTCAAGCAC,2
GCCTAACAGGATCAAA,2
GCCTAACCAGATTCAT,2
GCCTAACGAACCAGCG,2
GCCTAACGCAATATAT,2
GCCTAACGGAATGGTA,2
GCCTAATACACCATAT,2
GCCTAATCTTCAGATC,2
GCCTAATGGATTGAAG,2
GCCTACACATGACCCC,2
GCCTACAGCTGTTCTC,2
GCCTAGAACACCAGAG,2
GCCTAGCAAAGATATG,2
GCCTAGCACACCATAG,2
GCCTAGCACACGAGAG,2
GCCTAGCAGACCAGAG,2
GCCTAGGCCTTATACA,2
GCCTAGTATGGATCCG,2
GCCTAGTTAAAAGCTA,2
GCCTATAAACACAAAG,2
GCCTATGCACTCTGGC,2
GCCTATTTACTCGGCC,2
GCCTCACACTTGCAGT,2
GCCTCAGGACTGAAAC,2
GCCTCAGGGATGAAAC,2
GCCTCCTTCCAACGTT,2
GCCTCGAAATCTTTAC,2
GCCTCGTTAGATAGAT,2
GCCTCTAAATCTTTGA,2
GCCTGACATGATAGTA,2
GCCTGACCTAATAGTA,2
GCCTGACCTGTACTTA,2
GCCTGACTGTTCCTTA,2
GCCTGAGACTCCACAC,2
GCCTGTCACCTAAATT,2
GCCTGTGCTAGTTTAC,2
GCCTGTTCCTGGACCT,2
GCCTTAACTAAAAATT,2
GCCTTACCTGATAGTA,2
GCCTTCAAGTGGCCGT,2
GCCTTCCAACTTTAAT,2
GCCTTCCCGCTTTAAT,2
GCCTTCGCACTTTAAT,2
GCCTTCGTTCCGCATA,2
GCCTTGACGAACGAAT,2
GCCTTGCCAGTTACTG,2
GCCTTTGCCCTATGAT,2
GCCTTTGGGTGCGGGA,2
GCGAAAAAGATAATCC,2
GCGAAAAATATCATCC,2
GCGAAAACTATCATCT,2
GCGAAAGCAATAGTAA,2
GCGAAAGTTGTAAATC,2
GCGAAATATACCAACA,2
GCGAACACCCCACGTC,2
GCGAACAGACAGGTAT,2
GCGAACATCGACCAAA,2
GCGAAGCAAAAGCTTC,2
GCGAAGCAACAGATTC,2
GCGAATAAACTAGGTT,2
GCGAATAAGTAGATAC,2
GCGAATAATCGGCAGT,2
GCGAATACCTTCCTCA,2
GCGAATCAGTAGATAA,2
GCGAATTAAATTAACA,2
GCGAATTCCTCGCACG,2
GCGAATTGTCTCCCTT,2
GCGACAAACTCGTAAC,2
GCGACAAATAAAAAGT,2
GCGACAAATTTCAACA,2
GCGACAAGGCAGAGTC,2
GCGACAGACATACCAT,2
GCGACATCCTAAATTA,2
GCGACATCGACTTGAG,2
GCGACATTGTAGATCC,2
GCGACCAAGCTTATGC,2
GCGACCCAATCTACGT,2
GCGACCGACTGTAGAC,2
GCGACTCAACGCTGGC,2
GCGAGAATTCATACAA,2
GCGAGCAAACTCAGTA,2
GCGAGCACAATAACAT,2
GCGAGCATTATTAAAA,2
GCGAGCCAAGAGAATG,2
GCGAGCTTCTATCTCC,2
GCGAGGTTACGACACG,2
GCGAGGTTTCGACACT,2
GCGAGTCCAGCCACGT,2
GCGATACACGCGTTGG,2
GCGATACGTCAGAGCA,2
GCGATATCATTGTAGA,2
GCGATCAAAAAATCTG,2
GCGATCACATGCCCAA,2
GCGATCAGCAGTGGGG,2
GCGATCATTTTAACAT,2
GCGATCCCAATATTAC,2
GCGATCGTTACTTGCA,2
GCGATGACAGTGAGCG,2
GCGATTACTCCAGACG,2
GCGATTATACGAAATT,2
GCGATTCCCGCGTTGG,2
GCGATTCCGGCGCTAC,2
GCGCAAAAGCCTAATG,2
GCGCAAAATAAAAAAT,2
GCGCAACAAGATGAAA,2
GCGCAATGTTTCAAAA,2
GCGCACCACCTACCCC,2
GCGCATAATACTTAAT,2
GCGCATAGCTATAAAA,2
GCGCATATCTATCAAA,2
GCGCATGATAATATCG,2
GCGCATTACTAAATCT,2
GCGCATTGTCACCAGA,2
GCGCCACCGAAAACCA,2
GCGCCAGACATACAAT,2
GCGCCAGATATGGAAT,2
GCGCCATAAGTAATAA,2
GCGCCCCAACCAGGAA,2
GCGCCGAACACGGAAG,2
GCGCCTCAAAGGATTC,2
GCGCCTCTCTCAGCGG,2
GCGCCTCTTTGTCTCC,2
GCGCCTTAATCGAACC,2
GCGCGTAGCTCTTAAA,2
GCGCGTTAAACTCGGG,2
GCGCTAAAAATACGTA,2
GCGCTAAATTGGTTTA,2
GCGCTAGTCTCAGCCA,2
GCGCTCGTTAAAACTG,2
GCGCTGAACCCGCACT,2
GCGCTGCCGAGACCCA,2
GCGCTTCATAGGCGTA,2
GCGGAAAGGGATAGCG,2
GCGGACCCCCCACGTC,2
GCGGAGAAGTTTTCCT,2
GCGGATAGAAAAAATA,2
GCGGCAATAACTATCA,2
GCGGCAGGCCTGCCTC,2
GCGGCCATCACCACCT,2
GCGGCCATTAACCCAA,2
GCGGCCCTCCCAAACC,2
GCGGCGTTTTAACCAA,2
GCGGCTTATCATCCCG,2
GCGGGATTTTCACACA,2
GCGGGCAAAAGAACTG,2
GCGGGCACATGAGGTC,2
GCGGGCCACCAGTCGC,2
GCGGGCGTGAGTCCCT,2
GCGGTAAATACACTGT,2
GCGGTAACTAAACTGT,2
GCGGTAACTACGCTGT,2
GCGGTAAGAAATCCCT,2
GCGGTAGAAGTGGATA,2
GCGGTGACCGACGACT,2
GCGGTGGACTAAACAT,2
GCGGTGGGCAATCTTG,2
GCGGTGTTTAATAATG,2
GCGGTTGACAATCTTG,2
GCGGTTGTTCCAACGT,2
GCGTAAAAGAAGACAC,2
GCGTAAAGGGCGAGGG,2
GCGTAAATACCATATG,2
GCGTAAATATACTGGC,2
GCGTAACCATATACGT,2
GCGTAAGATCAAGGAA,2
GCGTAAGCACTCCAGC,2
GCGTAATGTTCAATCC,2
GCGTAATTTAATGGGC,2
GCGTACACCCAACTAA,2
GCGTACCAACCGTATA,2
GCGTACGCTGTCACAC,2
GCGTACTATCAAGGAA,2
GCGTAGCAAGCGCACC,2
GCGTATAGGAGACTCA,2
GCGTATCAACCCAACA,2
GCGTATCAACCCCAAA,2
GCGTATGACTCAACTA,2
GCGTATTCTATACATA,2
GCGTCACAACAACACC,2
GCGTCACAATCGGCCG,2
GCGTCACAATCTGCCA,2
GCGTCATAAAAGAGAA,2
GCGTCATAAGTGGGAA,2
GCGTCCAAACCCATCT,2
GCGTCCAAAGCGGCCT,2
GCGTCCACGGACTTAT,2
GCGTCCAGGCCTCAGA,2
GCGTCCGTTAGCCATA,2
GCGTGAAAATGAAATT,2
GCGTGAAAATGACGAC,2
GCGTGAATACAATTAC,2
GCGTGACTTCCTCGCG,2
GCGTGATACTACAAAT,2
GCGTGATTTTAGAACA,2
GCGTGGATCGTCATGA,2
GCGTGTAACTTTAAAC,2
GCGTTAACGAACTATC,2
GCGTTAGTGAGCTCAA,2
GCGTTATACTGTGCAT,2
GCGTTGATAAATATCA,2
GCGTTGGACTAACCTA,2
GCTAAAAACAACGCCG,2
GCTAAAAGAACCAAAT,2
GCTAAAAGATAAGAAT,2
GCTAAAATAACAAGAC,2
GCTAAACCAAAAGCTT,2
GCTAAACGAAGGTGCC,2
GCTAAAGTGGACTCAA,2
GCTAACCAGACCAAAT,2
GCTAACCTATAATTCT,2
GCTAATAATTATCCAG,2
GCTAATATCACTACTA,2
GCTAATATGACTACTA,2
GCTAATCTAAAGGCCC,2
GCTAATCTATAGAATT,2
GCTAATGTCACATCTA,2
GCTAATTAAATAGGAG,2
GCTAATTTAGAGTGGT,2
GCTACAAAAGCGTACC,2
GCTACAATGACGAGGG,2
GCTACATAGAAACATC,2
GCTACATCAATAGATC,2
GCTACATCGACAACTA,2
GCTACATCGTACCATC,2
GCTACCAAAGGTAGTT,2
GCTACCTGCTACAATC,2
GCTACGTTGAATCAAC,2
GCTACGTTTACTCAAC,2
GCTACTAACTGTCTAT,2
GCTACTATAAACTCCG,2
GCTACTTATATGTGCA,2
GCTACTTTAATATTCA,2
GCTACTTTATCAGCTA,2
GCTAGACCGAACCACT,2
GCTAGATCACGAACGA,2
GCTAGATCTTTTCCCG,2
GCTAGCATAATAAAAG,2
GCTAGCATTATTTATG,2
GCTAGGAACCGAACAA,2
GCTAGTGTGTGAGGGA,2
GCTATAAGATATAATC,2
GCTATAATTCACTAGA,2
GCTATAGTGAGGTGCC,2
GCTATATCGAGTTGGA,2
GCTATATTTCACACCT,2
GCTATCAACTGAATCA,2
GCTATCACTGCCGTTA,2
GCTATCGACTATATCT,2
GCTATCGCTCGAAAAC,2
GCTATCGTATGCAGAG,2
GCTATGAAAAAGAAAT,2
GCTATGACAGAATTGT,2
GCTATGAGTCGCAGTT,2
GCTATGATAGTTATTG,2
GCTATGATTAGGTCGG,2
GCTATGCAAAAAGTAG,2
GCTATGTTTTTGATAG,2
GCTATTAATCCAGGAG,2
GCTATTAATCCCTGAG,2
GCTATTCTAAATGGCA,2
GCTATTGCTCTAGCTA,2
GCTCAAAAATCAAACT,2
GCTCAAAAATGACAAT,2
GCTCAACACATGAACG,2
GCTCAACCCACGAACG,2
GCTCAACCCATGAACT,2
GCTCAACCCATGGACG,2
GCTCAATCCATGAACG,2
GCTCACGTCTCGCCAT,2
GCTCACTCCATGCTGC,2
GCTCACTCCCTGCTGA,2
GCTCACTCCCTGCTTC,2
GCTCACTCCCTTCTGC,2
GCTCACTCGATAAAAC,2
GCTCAGCTATAATGGA,2
GCTCATATGTACACAG,2
GCTCATCGGAATAAGT,2
GCTCATCTAAATAGAC,2
GCTCATGGTGCGTTAG,2
GCTCATTGGCAGTTGA,2
GCTCCAATCAATAAAA,2
GCTCCATACTGAAACT,2
GCTCCCAAAGGTAATT,2
GCTCCCAAAGTTAGTT,2
GCTCCCCCCAGGGTGT,2
GCTCCGGAAGAAGGCG,2
GCTCCGGCTAGTAATG,2
GCTCCTAAACCAGCAT,2
GCTCCTAATACAGCAT,2
GCTCCTAATCAAGCAT,2
GCTCCTAATCCAACAT,2
GCTCCTAATCCATCAT,2
GCTCCTAATCGAGCAT,2
GCTCCTGGAACACGAA,2
GCTCCTGTTATATCAC,2
GCTCCTTTTTACATGA,2
GCTCGAGTGAAGAATG,2
GCTCGGACATTGCGAG,2
GCTCGTATACTTTAAA,2
GCTCTAAAGTCACCGA,2
GCTCTAAATTCTAGCA,2
GCTCTACGGAGTAACC,2
GCTCTACGTATACCCT,2
GCTCTACTTATACCCA,2
GCTCTAGAGCCGTAAC,2
GCTCTAGTGTATCACT,2
GCTCTATCGAGTTTGA,2
GCTCTCATAAAGCACA,2
GCTCTCCTTGGGCAAC,2
GCTCTCGTTGAGAGTT,2
GCTCTCTACTATATCT,2
GCTCTCTTAACCCCAT,2
GCTCTGACAACTTAAA,2
GCTCTGCACCCAATAA,2
GCTCTTAGCAATCGTC,2
GCTCTTCATTGGTCCC,2
GCTCTTTACACACGAG,2
GCTGAAAGATAATAAT,2
GCTGAAAGGTAAGAAT,2
GCTGAAATCGAACTAA,2
GCTGAACTACTTCAAC,2
GCTGAATATAAAAGCT,2
GCTGAATCTAAAAGAT,2
GCTGAATTACATACAC,2
GCTGACATTTTTACAA,2
GCTGACCAGGCAAGAA,2
GCTGAGCAGGTAACGT,2
GCTGAGTTATGTTAAC,2
GCTGATGATACAGCCA,2
GCTGATTCGCAGAAGA,2
GCTGATTGTGGCCCAA,2
GCTGCAACATGTAAAT,2
GCTGCACAGTTAAGAA,2
GCTGCACCCTGAATAA,2
GCTGCAGACAACCCAT,2
GCTGCATTTAACCAAA,2
GCTGCCCAGCAAGCTA,2
GCTGCGCTAACACGCA,2
GCTGCGGAATAAGCGT,2
GCTGCGGGCTAATGTC,2
GCTGCTTACCTGTACG,2
GCTGGACATAGTACCT,2
GCTGGACTTTGCACTG,2
GCTGGATGAGCAGGAG,2
GCTGGATTCAATGTAT,2
GCTGGCGATGACAGCA,2
GCTGGCTCACACTATT,2
GCTGGGATTGAAGGCG,2
GCTGGGCATGCGACGG,2
GCTGGGTTCAATGTCT,2
GCTGGTAAAGGTAGAG,2
GCTGTAAAATAATTAC,2
GCTGTAACAAAATTGC,2
GCTGTAACTTCAATAA,2
GCTGTCCAGATGGGTT,2
GCTGTTCTTTGCAGAT,2
GCTGTTTGACCTGGAT,2
GCTTAAAAATGGGGCA,2
GCTTAAAGTTTATGTT,2
GCTTAACAAAAAAACA,2
GCTTAAGTCATTAATG,2
GCTTAATATGGTGATT,2
GCTTACATTAACTACA,2
GCTTACCGGCTTACAA,2
GCTTACTTTACACGCA,2
GCTTACTTTGCACGCT,2
GCTTACTTTGTACGCA,2
GCTTACTTTTACGTAA,2
GCTTAGCCCTGTTAAG,2
GCTTAGCTTCCCTGAC,2
GCTTAGGACTTTTACG,2
GCTTATCATACACTGA,2
GCTTATCTTGATAAAG,2
GCTTATCTTGCAGTTT,2
GCTTATGGACCAACAC,2
GCTTATGTACCAACCC,2
GCTTATTCTATTTCCA,2
GCTTATTGTCTCAAAA,2
GCTTATTGTCTCAACT,2
GCTTCAACACTATCCC,2
GCTTCACAAATCTAAC,2
GCTTCACGCTTAAACT,2
GCTTCCAACCAAAATG,2
GCTTCCATAAATCAAC,2
GCTTCCCGCCCAGGAA,2
GCTTCCTAATGAAAGA,2
GCTTCTAAGTTAGTTG,2
GCTTCTAATACACTGA,2
GCTTCTAATGATATCA,2
GCTTCTCATAAACTGA,2
GCTTCTCATACAATGA,2
GCTTGATTTACAGAAT,2
GCTTGCAACTCGAGCA,2
GCTTGCCGGTAAAGGT,2
GCTTGGACGGCTTGGG,2
GCTTGTAAAAACATGA,2
GCTTGTCACAATGAAC,2
GCTTTCAAGGTTCAAA,2
GCTTTCACCTAATACT,2
GCTTTGACCAAGTAAG,2
GCTTTGACCCTACCCA,2
GCTTTGCCATGTTACA,2
GCTTTTAATGACTATG,2
GCTTTTAATGGCACCC,2
GCTTTTACCCTACCCC,2
GCTTTTATTAACTTCT,2
GGAAAAAAAAATGAAC,2
GGAAAAAACAATTAAC,2
GGAAAAAATAGAGTGG,2
GGAAAAACCGAATCTC,2
GGAAAAAGATGACCCC,2
GGAAAAATACCGTGCC,2
GGAAAAATTGGCAAAA,2
GGAAAACACCATAACC,2
GGAAAACCATAGAGAA,2
GGAAAACGATCCTTGG,2
GGAAAACTAACAACAA,2
GGAAAACTCACTTGAC,2
GGAAAACTCCTCGGAC,2
GGAAAAGACAACATAA,2
GGAAAATAAAACATTC,2
GGAAAATGAAGCGGTG,2
GGAAAATTTGACGCAG,2
GGAAAATTTTTAAAAA,2
GGAAACACCAACAGTT,2
GGAAACCATAGGGTAA,2
GGAAACCGCCGAAAGC,2
GGAAACGCAAGCCGAA,2
GGAAACGGAAATCTTG,2
GGAAACGGGTTCTCAG,2
GGAAACGGTATTTACC,2
GGAAACTGAAGCTGTG,2
GGAAACTGTCCAATAT,2
GGAAAGCATCGGGACC,2
GGAAAGCGAATTAAAG,2
GGAAAGCGATCCTTGT,2
GGAAAGCGGTCCTTGG,2
GGAAAGCTAAAGAAGG,2
GGAAAGGAAAATGAAC,2
GGAAAGGACAGTCAAT,2
GGAAATAAAGCGGCAT,2
GGAAATAACGCAATAA,2
GGAAATACCCAACCAT,2
GGAAATATCATCGGAC,2
GGAAATATTGACGTAA,2
GGAAATATTTACAACA,2
GGAAATCTACGGGATC,2
GGAAATGAGACCATTA,2
GGAAATGCCTTATATG,2
GGAAATGGCTAAACTA,2
GGAAATGTGGACCCAA,2
GGAAATTACCCCTATA,2
GGAAATTTACCAATAT,2
GGAAATTTCGACGTTA,2
GGAAATTTCTCCGTTA,2
GGAAATTTGGCCGTTA,2
GGAAATTTTATAACTT,2
GGAACAAAAATATAAA,2
GGAACAAATCATGCGA,2
GGAACAATTCACTCGA,2
GGAACAGGGAAAGTAA,2
GGAACAGGTTTGTGCG,2
GGAACAGTGGCCATAC,2
GGAACCAACCCTAAAA,2
GGAACCTCAGAAAGAA,2
GGAACCTTTTTTTAAC,2
GGAACGACCATGTACG,2
GGAACGCCAGTTGATT,2
GGAACTACGTACTTTA,2
GGAACTAGTTGATCCC,2
GGAACTATGTACAACA,2
GGAACTATTCACAACA,2
GGAACTCCATTACACC,2
GGAAGAACCTTACTCA,2
GGAAGAGATACGGCAC,2
GGAAGATGGGCGTACC,2
GGAAGCAAAAACATAA,2
GGAAGCAAAGCTTTCG,2
GGAAGCACTCTATGCA,2
GGAAGCATGGAATTTT,2
GGAAGCATTGTACCCA,2
GGAAGCCAAAACATGA,2
GGAAGCCATTAATAAA,2
GGAAGCCTCACACCAA,2
GGAAGGCAATAGAGCT,2
GGAAGTAAATCTCCAC,2
GGAAGTACGAATTAAG,2
GGAAGTAGGGTCCACA,2
GGAAGTAGTCCCATGC,2
GGAAGTATTTGTAAAC,2
GGAAGTCATTTACAAA,2
GGAAGTTCAACGAGCT,2
GGAAGTTGGTCTGGCT,2
GGAATAAGGCATAGGA,2
GGAATACCGACTATAA,2
GGAATAGCTTTAAAAA,2
GGAATCAGAGTTACCA,2
GGAATCAGTCGTATCA,2
GGAATCATCTTTAAAG,2
GGAATCCAAAACATAA,2
GGAATCCACAACAACG,2
GGAATCCCAACTGTAA,2
GGAATCTTACATTCCA,2
GGAATCTTAGCAGCAA,2
GGAATCTTTTCCTCCA,2
GGAATGAAGTATCAAA,2
GGAATGGACTGAATCG,2
GGAATGGGAGATATAC,2
GGAATGTAGCCTAGAT,2
GGAATGTCTATCGGTC,2
GGAATTTATGAGGACA,2
GGAATTTCCACCCAGA,2
GGAATTTTATCCTTAC,2
GGACAAAAACACAGAT,2
GGACAAAACATTTCTA,2
GGACAAACCTAACGTC,2
GGACAAAGTAAAGCAA,2
GGACAAATGATAACCC,2
GGACAACTCGACACTA,2
GGACAACTCTCGGCAA,2
GGACAAGAACATCCAG,2
GGACAAGGGCCGTAAA,2
GGACAATCTTTATTAC,2
GGACAATTGCTCGATT,2
GGACACCCCAAAGGTC,2
GGACACCTACGCTGCT,2
GGACACGTGACATTCT,2
GGACACTTGACGAAAC,2
GGACAGAAGCCCTTAA,2
GGACAGTGGTTGAACG,2
GGACATGACTTCTACG,2
GGACATTGACATATGC,2
GGACATTGTTAATCTG,2
GGACATTTTTGATACT,2
GGACCAATCGATTTCA,2
GGACCAGGGATTCCGC,2
GGACCAGTACTCAGAT,2
GGACCAGTGACATTCT,2
GGACCATAAGATACCA,2
GGACCCAAAGCCTAAC,2
GGACCCGCGAATACCA,2
GGACCCGGAAAGAAGA,2
GGACCCTAACCCATCT,2
GGACCCTTTGCACAGC,2
GGACCGAAAGATTTTC,2
GGACCGAAGCGGTCAA,2
GGACCGGCAGTCACCC,2
GGACCGTTAACCCTCT,2
GGACCTGCCTCAAAGA,2
GGACGAAAAACCTACA,2
GGACGAAGTACACAGG,2
GGACGACATTAATAAA,2
GGACGATGCCAAAATA,2
GGACGCAACGAGGTCA,2
GGACGCCCCTGCACCG,2
GGACGGACTCGAAAAT,2
GGACGGTAGGAAGATT,2
GGACGTCCACTTAAGT,2
GGACGTTATGGACAAA,2
GGACGTTTAAAATCAT,2
GGACTAAAACCTTAAA,2
GGACTAACATAACTAT,2
GGACTAAGGGTACTCA,2
GGACTACACAGGACTA,2
GGACTATTGCCCCTAT,2
GGACTCCAGAAGTTTT,2
GGACTCCCGCCAATAT,2
GGACTCGAACATCAAC,2
GGACTCTACAAGTTTT,2
GGACTGAGCAAGTCAT,2
GGACTGTTCCTAATCA,2
GGACTTACCATACGAG,2
GGACTTATCATATGAG,2
GGACTTATCATGCGAG,2
GGACTTCGCCCGAATG,2
GGAGAAACGACTCCGA,2
GGAGAAACTTCCCACT,2
GGAGAAATTCTAGCGA,2
GGAGAACTCTCTCCAT,2
GGAGAACTCTGTACAT,2
GGAGAATAGGAGGCAC,2
GGAGACACATATCCAA,2
GGAGACAGGTTCTCAG,2
GGAGACCAAGCCTGCA,2
GGAGACGACTCCCGGT,2
GGAGACGGCTCCCGTT,2
GGAGACGGGTTATCAG,2
GGAGACGGGTTCTTAG,2
GGAGACTATCCTGACG,2
GGAGACTCGAAGGTGG,2
GGAGAGAGAGAAACTC,2
GGAGAGCCGGAGAAAG,2
GGAGAGTTAAGAGACA,2
GGAGAGTTATCATCTA,2
GGAGATACCGAATCAC,2
GGAGATCGATTCCAAA,2
GGAGATCTAAAGGGAA,2
GGAGATGCCAACAAAG,2
GGAGATGCCTTTCAAC,2
GGAGATGTTGACAACG,2
GGAGATTCGTCCTGAA,2
GGAGCAACGAATCCGA,2
GGAGCAACGACTCAGA,2
GGAGCACTGCTCCGGA,2
GGAGCATAATAAAAGC,2
GGAGCATCGCCGCAAG,2
GGAGCCAACGCTAAAT,2
GGAGCCTTTCAGAGTA,2
GGAGCGCCCCGCTAAG,2
GGAGCGCCTAAAAAAG,2
GGAGCTTAACCACAAT,2
GGAGGAAAGGTTAACG,2
GGAGGAAATAGATATA,2
GGAGGACATATATGCA,2
GGAGGACGAAAAATCA,2
GGAGGCAACGATGCAG,2
GGAGGCCGACGGTTTG,2
GGAGGCGTTCGCGGAT,2
GGAGGGAGCCAATGTA,2
GGAGGGCGACCATGTT,2
GGAGGGCGCAAAATCA,2
GGAGGGGTTGTCACGT,2
GGAGGTAAACTTCTAT,2
GGAGGTAAATTCGATT,2
GGAGGTCGAATATAGA,2
GGAGGTGAATATGTAG,2
GGAGGTGGGTGAGACG,2
GGAGGTTTGTGCTTTC,2
GGAGTAAATGAAGAAA,2
GGAGTAACTTGCACAA,2
GGAGTAAGGGATGAAG,2
GGAGTATCATAATTAC,2
GGAGTCAATTTACACT,2
GGAGTCACATGACTAG,2
GGAGTCCAAAAGGAGA,2
GGAGTCCCCGCGAATG,2
GGAGTGAACGAGGTCT,2
GGAGTGCTGTGCATAG,2
GGAGTGTATTTGTTAC,2
GGAGTTTGTTGTCCTC,2
GGATAAACAACGTTAG,2
GGATAAACACAGTTAG,2
GGATAAACACCTTTAG,2
GGATAAAGATAAAGAG,2
GGATAAATTTTTGAAG,2
GGATAAGCACCAAATG,2
GGATAAGTACTATGGT,2
GGATAATCCCGAACGG,2
GGATAATCCTATTAAA,2
GGATAATTACATGATA,2
GGATACACCCAAAAAC,2
GGATACCATCGTATAT,2
GGATACCTTGAATCCG,2
GGATACGTAAAACAAT,2
GGATACTCCAGAACGG,2
GGATACTCCCGAACTG,2
GGATAGACATACAATA,2
GGATAGACATTTAATC,2
GGATAGAGGCTATCGC,2
GGATAGCGAATGTTGC,2
GGATATAATTTTCGTA,2
GGATATACAAGTTAAG,2
GGATATAGTAACCGAG,2
GGATATTAATAAAAAT,2
GGATATTGAAGCAGAC,2
GGATCAAATACAAACG,2
GGATCAAATAGCCACT,2
GGATCACATAGTTTGT,2
GGATCATCACGACCTT,2
GGATCATTACCGACAG,2
GGATCATTACTTACAG,2
GGATCATTTTATTCTA,2
GGATCCAACCGCAAAG,2
GGATCGACGAAGCACT,2
GGATCGCTGAAAAAAG,2
GGATCGTGTATAAACA,2
GGATCTAAAAATTTTT,2
GGATGAAGACCTGATC,2
GGATGACAAAAAGGCT,2
GGATGACAGAACTATC,2
GGATGAGAACTTTGGA,2
GGATGATCCGTCTCCA,2
GGATGCAGCGCCCCAC,2
GGATGCCCTTGAAGTA,2
GGATGCTTCGATCTCG,2
GGATGGGTAAACCTGT,2
GGATGTCGAAATACAT,2
GGATGTCTCATTGAGA,2
GGATGTTAAAGTCTTA,2
GGATGTTAGTAGCAAA,2
GGATTAACTCTTTATG,2
GGATTAATCCAATTAA,2
GGATTATTGACTTCAC,2
GGATTCACAATCAAAC,2
GGATTCAGCCTCTTTG,2
GGATTCCGATAAAAAT,2
GGATTCCGCATCTTTG,2
GGATTCTAAAATATAC,2
GGATTGAAATCATCAA,2
GGATTGCCTCAGTTTG,2
GGATTGCGGAATACTT,2
GGATTTAATTACATTC,2
GGATTTACAATGGTAA,2
GGATTTATTGCAGGTG,2
GGATTTCGGATTTCCT,2
GGATTTTCAATAGAGT,2
GGATTTTCACGCAACC,2
GGCAAAAAGGCTCTTA,2
GGCAAAAATGCGCTTA,2
GGCAAACTAAGAACTA,2
GGCAAATACTTTTAAT,2
GGCAAATGGCTTCCTG,2
GGCAACAAGACTATTC,2
GGCAACACCTCTTTCC,2
GGCAACGATGTTTCTA,2
GGCAACGATTAACAAA,2
GGCAACTAATGATTGT,2
GGCAACTCAAATCTAA,2
GGCAAGACATCCCAAT,2
GGCAAGTGCTAAAACG,2
GGCAATAAAGAGGCAT,2
GGCAATAAATCGGCAT,2
GGCAATCAAGGGTGAT,2
GGCAATGACCTTGAGA,2
GGCAATGCACGAAATT,2
GGCAATTCAATACCGT,2
GGCAATTCGTGATTTT,2
GGCAATTTACACCAGA,2
GGCACAAACTTTTCGT,2
GGCACAAGTTTCTGAA,2
GGCACACATGCCCCAG,2
GGCACACCACACTTTC,2
GGCACACTTATACAGC,2
GGCACCAAGAGAGACC,2
GGCACCAATTCTTACC,2
GGCACCACCTTCGGTA,2
GGCACCCAAGCGACTA,2
GGCACCCTGGCTGTCC,2
GGCACCTAACAAAAAG,2
GGCACGAACGATGATA,2
GGCACGCGCGCAGCAC,2
GGCACTTTCGCGAAGC,2
GGCAGACCCAGCATTG,2
GGCAGACCCCTCATTG,2
GGCAGATAGGTTTGAA,2
GGCAGCGCAAAGACGA,2
GGCAGCTCAGTAACGC,2
GGCAGGCGAGCTTTTG,2
GGCAGGTGGGCTTTTG,2
GGCAGTACCACCGAAT,2
GGCAGTCAAATGGATC,2
GGCAGTCAACCAACAG,2
GGCAGTCGGGCTTTTG,2
GGCAGTCTTGTCCTAA,2
GGCAGTGCAAAGACTA,2
GGCAGTGCGCTGCATG,2
GGCAGTTAAGTTGGTA,2
GGCAGTTCAACGAGAT,2
GGCATACTCAAAGAAA,2
GGCATACTTATGCCTT,2
GGCATAGTTCTAACTG,2
GGCATATTAATAGGCA,2
GGCATCCTATAGTGCA,2
GGCATCGTCCTGCCGT,2
GGCATGACTTATTATG,2
GGCATGCACGCAAAAA,2
GGCATGCGGGCTTTTG,2
GGCATGCGTTCTATCC,2
GGCATGCTGACGAATT,2
GGCATGGACTGAATAG,2
GGCATGGGCTGAATCG,2
GGCATTCCAATACAAA,2
GGCATTCGGTCTATCC,2
GGCATTGGAATTCGCT,2
GGCCAAAGTAGTCATG,2
GGCCAAATATATCACG,2
GGCCAACGAACCGCCT,2
GGCCAAGATGTTTCTA,2
GGCCACGAAAAAAGGA,2
GGCCACGGCCTCCCCA,2
GGCCATAAGAATAATA,2
GGCCATATTCCTTCCG,2
GGCCCAACGGTCTAAG,2
GGCCCACTTTATCCTG,2
GGCCCATTGCCGAAAG,2
GGCCCCCATCTTGACC,2
GGCCCGATGGTTCCGT,2
GGCCCTAAACACAGCA,2
GGCCCTAAGCTAATGT,2
GGCCCTACGTACTTTA,2
GGCCGAGGCGATTTAA,2
GGCCGATAGTCTCAAT,2
GGCCGATCAGTAACGC,2
GGCCGATTGTGGCAAT,2
GGCCGCAATTTGGATA,2
GGCCGCTCAGTAAAGC,2
GGCCGGAATCGTGCTC,2
GGCCGGCGGTCGAGAC,2
GGCCGTAACACACACC,2
GGCCGTACATACAATT,2
GGCCGTCGACGTAACA,2
GGCCTAAAAAAGTTCC,2
GGCCTACAAACGCTCA,2
GGCCTAGTAAAAAGGA,2
GGCCTCCACGACCCGA,2
GGCCTCCTGATCGCTC,2
GGCCTCCTTGACTGCA,2
GGCCTCGCAGAAAAGA,2
GGCCTCTTCTGTTCGA,2
GGCCTGCATTGCTTCC,2
GGCCTTTACTCTTAAA,2
GGCGAAAAGAACCCTT,2
GGCGAAACCTAATTCT,2
GGCGAACATCAGGAAT,2
GGCGAACTACTTCAAC,2
GGCGAACTATTTGATT,2
GGCGAAGCCCTCCAGA,2
GGCGAAGCCCTCCCAA,2
GGCGAAGCCCTCCCTA,2
GGCGAAGGCGAGGGAA,2
GGCGAATTGAATTAAA,2
GGCGACCACAACAATG,2
GGCGACTAAATTAGTT,2
GGCGAGTAGAGAACAA,2
GGCGATATATGACTAA,2
GGCGATGATTCTGCCA,2
GGCGATTATTCTGCTA,2
GGCGCACCCCGAAGTT,2
GGCGCCAACCTCCCAC,2
GGCGCCCGTTTGTGAC,2
GGCGCGTCGAAGTCAT,2
GGCGGACACTAATAGT,2
GGCGGACCCCGCATTG,2
GGCGGACGCAAAATCA,2
GGCGGAGACAACCCTA,2
GGCGGCCACATAACGA,2
GGCGGGCCGCGTGCTA,2
GGCGGTCAATCGAGAT,2
GGCGTAAAAATCCAAA,2
GGCGTCAATCCCAAGA,2
GGCGTCGGGCATATAA,2
GGCGTGCGAAATTGTG,2
GGCGTGTACATATAAT,2
GGCGTTTGTGACACCC,2
GGCTAAAATCTTAATA,2
GGCTAAATAATTATAC,2
GGCTAACCGGGACCCC,2
GGCTAAGCCTGCCTTA,2
GGCTAATTATGCAATA,2
GGCTACACACTCTAAC,2
GGCTACATTCTAAAAC,2
GGCTACCATAGTATAT,2
GGCTACCATCATATAT,2
GGCTACCATTGTATAT,2
GGCTACGATCGTATAT,2
GGCTACTAATACAGGC,2
GGCTACTATCATAGAA,2
GGCTACTGAGCAGGTC,2
GGCTAGAATAAATTCC,2
GGCTAGGCCGTATACA,2
GGCTATAGATAAAATC,2
GGCTATCCAGTGTCGC,2
GGCTATGATTCTGCTA,2
GGCTATTCGAAACAAT,2
GGCTCAAAGAAAGCTT,2
GGCTCAAAGACCAAGT,2
GGCTCAACATTCAATT,2
GGCTCAATAACACCCT,2
GGCTCACAAAGTGTGG,2
GGCTCACACTGAATGA,2
GGCTCCGAAAGCCTGC,2
GGCTCTAACTACCGAA,2
GGCTCTAGACCCTGAG,2
GGCTCTGGCCACAAAA,2
GGCTCTTGCAACAACC,2
GGCTGACACTAATAAT,2
GGCTGAGAGAATTAAA,2
GGCTGATGATGCTCAA,2
GGCTGCGCCGCCAGAT,2
GGCTGTATCTTTAATA,2
GGCTGTCTATTCTGGC,2
GGCTTAAAAATGGAAA,2
GGCTTACAAAAAACTA,2
GGCTTACCAAGGCACC,2
GGCTTAGACTCAATAC,2
GGCTTATAATACAAAA,2
GGCTTATAGTAAACTT,2
GGCTTATGTAGCATCG,2
GGCTTATTTTTCATAG,2
GGCTTCCAACAAAAGT,2
GGCTTCCCACGCACCT,2
GGCTTGAAATAGATTT,2
GGCTTTAATGAAAGTC,2
GGCTTTATACAGCCTA,2
GGCTTTCACTATCAAA,2
GGCTTTCTTTATAACG,2
GGCTTTGGGTGCGGGC,2
GGCTTTTCACTCAACC,2
GGCTTTTCTACCTTAC,2
GGGAAAATTTAACGAA,2
GGGAAACTATTGTTGC,2
GGGAAAGTAAATTCTT,2
GGGAAATCAGTACTCC,2
GGGAAATTGCAGACAA,2
GGGAACAATACTTTAC,2
GGGAACACAGCATTAG,2
GGGAACACAGTACTAG,2
GGGAACACATTATTAG,2
GGGAACAGCGTATGAG,2
GGGAACATAGACGTGT,2
GGGAAGGAAAATGAAC,2
GGGAAGGTAGCTTCAA,2
GGGAAGGTAGTTTTTT,2
GGGAAGTAGCATTCCC,2
GGGAATAAGCACCAAT,2
GGGAATACTAACATAC,2
GGGAATCACCCAAAAT,2
GGGAATTTGTAGAGCA,2
GGGACAATCAGAATGC,2
GGGACAGATTAATAAT,2
GGGACATTGTACCAAT,2
GGGACCATGCCGAAAC,2
GGGACCGTAACTCTGA,2
GGGACGACGAAGTCGT,2
GGGACGATGCCGACAC,2
GGGACGCACGACGGGA,2
GGGACTAATAGTGAAA,2
GGGACTAATCAGAGTG,2
GGGACTCAAGTGAGTA,2
GGGAGAACTGACCCTA,2
GGGAGCAAATCATCGG,2
GGGAGCTGATAAGTGC,2
GGGAGGCAGCTGGGAA,2
GGGAGGCCCATTTCCT,2
GGGAGGCCTATTTCCC,2
GGGAGGTCCTATTGGA,2
GGGAGTCAAATATCCT,2
GGGAGTCACTTTTTCG,2
GGGAGTTAATTCCTAG,2
GGGATAACCAACACCA,2
GGGATAATACTGCATC,2
GGGATAATAGAAAAAG,2
GGGATACAACACAGCA,2
GGGATAGTATTAGACG,2
GGGATATGGGACAAGT,2
GGGATCGACGACGAAG,2
GGGATCTTTTTACGCT,2
GGGATGACCGCTAAAG,2
GGGATGTGAGGAGCCC,2
GGGATTCCTTGCAGAC,2
GGGATTCGCAACTAAA,2
GGGCAAAAAATGAGGT,2
GGGCAACAAGGGCCAA,2
GGGCAACAGCCCTATT,2
GGGCAAGTGACGAGCT,2
GGGCAATTCCTAGCGA,2
GGGCACCACGAGTAAT,2
GGGCACCATATAATAC,2
GGGCACGGAATAGCTA,2
GGGCAGAAAGGACCCT,2
GGGCAGCAACTACTAG,2
GGGCAGCTTGACTATC,2
GGGCAGTAGTAAAGTA,2
GGGCATAGTCAGCACA,2
GGGCATCCAATACCTA,2
GGGCCACTTATTAATA,2
GGGCCAGACATACCAT,2
GGGCCCACTGTCCCAT,2
GGGCCCCGCTCTTCGC,2
GGGCCGCGAGGCAAGC,2
GGGCCTCACTAAATGT,2
GGGCCTCTCTAAACGT,2
GGGCCTGCAACGAGTA,2
GGGCCTGGACCTAAAT,2
GGGCGATGATGCGAAT,2
GGGCGCAAATCCTAAT,2
GGGCGCAATTCATCAA,2
GGGCGGTAGATTCCTC,2
GGGCGTAATGAACAAC,2
GGGCGTCTCCTCGATC,2
GGGCGTTTATTGATAA,2
GGGCTAAAGGAAACGA,2
GGGCTACTACTGGAGA,2
GGGCTAGCCTCCCCTG,2
GGGCTATCACATAGAA,2
GGGCTCAAATGTTGTT,2
GGGCTTAGAAGGAGGT,2
GGGCTTAGCTAAACCT,2
GGGCTTCAGACATAGA,2
GGGCTTGCAGACGAAT,2
GGGGAAAAGGATAGCG,2
GGGGAACCAAAAAACA,2
GGGGAATGACTGGCTG,2
GGGGAATGTACTGGCA,2
GGGGAGCACAAAAAGA,2
GGGGATCCATGCACCC,2
GGGGATCGAACCACAA,2
GGGGCATTAGTCTTTG,2
GGGGCCATTCCCACAA,2
GGGGCCGCGTTAAACA,2
GGGGCCTGACTAGACT,2
GGGGCCTGACTCGTCC,2
GGGGCGTAATGGTGCA,2
GGGGGACAAGGACCGT,2
GGGGGCAAGATGATAC,2
GGGGGCCCCACATATC,2
GGGGGGCCCCTGAGTG,2
GGGGGGCGGCCATGTT,2
GGGGGGGTTTAGCAAA,2
GGGGGTCCTGACCTTA,2
GGGGGTGATACTAAAG,2
GGGGTACTAAACGAGA,2
GGGGTATACCGGCCAC,2
GGGGTATGCCGTCCAC,2
GGGGTATTCCGGCCAC,2
GGGGTCAAACCCTCAT,2
GGGGTCCTCTATACAT,2
GGGGTCTCCACATATC,2
GGGGTGAACGATCACT,2
GGGGTGGACAATCTTG,2
GGGGTTGGAACCTCGA,2
GGGTAAAAACAAAAGA,2
GGGTACGATCAAGGAA,2
GGGTACGTGCCAACGA,2
GGGTACTTTCTAGGTT,2
GGGTAGATGAGCGTGT,2
GGGTAGATGGAGGATG,2
GGGTAGTTTAGGGAGT,2
GGGTATGGATACCAGT,2
GGGTATGTGCCCACGA,2
GGGTATTGAGAACCAT,2
GGGTCAGAGAATTCAT,2
GGGTCATCACCCCCAG,2
GGGTCGGATTGCACAT,2
GGGTCGTGTTAATAGG,2
GGGTCTCAATGGCAGG,2
GGGTGAAAAGTTTTCG,2
GGGTGAAAGTATCGAC,2
GGGTGAATGCGCAACG,2
GGGTGACAAATACTCA,2
GGGTGACGATGCTCAA,2
GGGTGATCACCTCGGT,2
GGGTGCACTACAAACA,2
GGGTGCGCAAAAAACA,2
GGGTGTCATCTTAAAT,2
GGGTGTCGATGTGCAG,2
GGGTGTCTCCTCGTTC,2
GGGTGTCTCTTCTGGC,2
GGGTTACAGAGACGAC,2
GGGTTATATACGGTCT,2
GGGTTCTATGTCTGCT,2
GGGTTCTGCGTATGAT,2
GGGTTTAGTCATGATA,2
GGTAAAAAACATCGAT,2
GGTAAAAACCACACGA,2
GGTAAAAAGGCGCTTA,2
GGTAAAACAGTGCATA,2
GGTAAAATAGCCGATA,2
GGTAAAATAGCCTCTA,2
GGTAAAATAGCTGCTA,2
GGTAAAATATCCGCTA,2
GGTAAAATCGCAACCC,2
GGTAAACACTTGCCAT,2
GGTAAACGTGGACAAC,2
GGTAAATCAAAGGACT,2
GGTAACAACAGATGCG,2
GGTAACACAGTATTAG,2
GGTAACCGATAATTCT,2
GGTAACGGAAGAACTA,2
GGTAACGGGAGAGCTA,2
GGTAACGGGGGAACTA,2
GGTAACGGTAGAACTA,2
GGTAACTACGCCGCAA,2
GGTAAGCACCCTGCGA,2
GGTAAGCTAGATACCA,2
GGTAAGGTGGGTAATG,2
GGTAAGTAATGCTTGA,2
GGTAATAGCAGACATT,2
GGTAATAGGCGTGCAA,2
GGTAATATTACTACTA,2
GGTAATGGACTACCAT,2
GGTAATTAAAAGAAGG,2
GGTAATTAAATGAACT,2
GGTAATTAGCAGAAGG,2
GGTAATTCCCACGCAT,2
GGTAATTGATAACTAA,2
GGTAATTGGCCGGTAA,2
GGTAATTGTAAGTGAT,2
GGTAATTGTTAAATAA,2
GGTACAAAATGAGCTT,2
GGTACAACTGAACTAT,2
GGTACAAGATACCCTA,2
GGTACAAGTAAGGGTT,2
GGTACACGACAGCCAT,2
GGTACACTCCATATGC,2
GGTACATCGAATAGAT,2
GGTACATTGTACCAAA,2
GGTACCCTTTAAACTA,2
GGTACCGATTTATATG,2
GGTACCTGGGCTACCT,2
GGTACGCCCCCACACA,2
GGTACTATGACACATA,2
GGTACTCCCCTACACA,2
GGTACTGACTAAAAGC,2
GGTACTGGATACCCCA,2
GGTACTTATATGTCCA,2
GGTACTTGCAGGACAG,2
GGTACTTTGTGGAACC,2
GGTAGAAGAACAAGCG,2
GGTAGAATAATATAGG,2
GGTAGACTTACGAAAA,2
GGTAGATGTTGCCCTT,2
GGTAGATTAGACAATT,2
GGTAGTAACATAATTT,2
GGTAGTGATCTAAGGC,2
GGTAGTGCTATAAGGC,2
GGTAGTTCTCTAAGGC,2
GGTATAACACCGTATG,2
GGTATAATCTTAAACA,2
GGTATATAAAGTGGCC,2
GGTATCAAGGCGGTAA,2
GGTATCAATCAAATCC,2
GGTATCCCATAAAAGT,2
GGTATCCGAAAAATCA,2
GGTATGATGGATAGCA,2
GGTATGCAGATAAAAA,2
GGTATGCATTGCTTCC,2
GGTATGGAGAAAAATT,2
GGTATGTAATTAACGG,2
GGTATGTATCTAAACT,2
GGTATTAACTGCACGT,2
GGTATTCATAAAACAG,2
GGTATTCCCCGGTGAG,2
GGTATTTAACCGGAAT,2
GGTATTTATCCAAACT,2
GGTCAAAATGAGGCAT,2
GGTCAAAGTCCAAATG,2
GGTCAACATCGTAATT,2
GGTCAAGCAACAAATA,2
GGTCAATCGGAGACTT,2
GGTCACAAGAGGCAAG,2
GGTCACCATCTTGACC,2
GGTCACTCCCTGCTGC,2
GGTCAGAAACATCACA,2
GGTCAGACAATTTGCG,2
GGTCAGCAGTGACAAG,2
GGTCAGCATACACAAG,2
GGTCATGAGATCCCGT,2
GGTCATGAGATCCCTC,2
GGTCATTGCCACAAGG,2
GGTCCAAACCAAATCC,2
GGTCCACATCTTGACC,2
GGTCCAGAAATCAGTT,2
GGTCCCAATCTTGACC,2
GGTCCCAATGCAAATA,2
GGTCCCCATCTTGACA,2
GGTCCCCATCTTGACT,2
GGTCCTGGATACCCAA,2
GGTCCTGTATACCCCA,2
GGTCGAAACAGATCAC,2
GGTCGAAACCTATCAC,2
GGTCGAAACTGATCAC,2
GGTCGACACGAATAAT,2
GGTCGATAATAAACTT,2
GGTCGATGAGGCTCTA,2
GGTCGGCTTATAGAGA,2
GGTCGTGAATACATAT,2
GGTCGTGCCTCATTCT,2
GGTCGTGTATACGGAC,2
GGTCTAACAGCTTAAG,2
GGTCTAAGAGCATGTC,2
GGTCTAATAGTAGCAT,2
GGTCTACATTGCTTCC,2
GGTCTACCGGCTTAAG,2
GGTCTATCAGCTTAAG,2
GGTCTCACAATTCCAA,2
GGTCTCAGATTGTAAA,2
GGTCTCATACGGCTTG,2
GGTCTCCAGTGTTAAA,2
GGTCTGCATTTGAGTA,2
GGTCTGTCTTGATTCT,2
GGTCTTGCTTTAACGT,2
GGTCTTGGAATCCGGA,2
GGTGAACACGGGGGGT,2
GGTGAACGACGGAGTC,2
GGTGAACGAGCTAGGA,2
GGTGAAGGTGGAGTAT,2
GGTGAATAATTCGAGC,2
GGTGAATAGCTGTCAA,2
GGTGAATCATGCGCAT,2
GGTGAATGAAAACAAG,2
GGTGACATACCTGTAT,2
GGTGACGGGAGAACTA,2
GGTGAGAAGATGCTTC,2
GGTGAGCACAATACTA,2
GGTGAGGTCTAAGAGA,2
GGTGATACGAGTACCG,2
GGTGCAAGTATATGGA,2
GGTGCAGTCAAAACCA,2
GGTGCATAGAATACAA,2
GGTGCTTCGACCTTGT,2
GGTGGACAGCTCTATA,2
GGTGGCACTGAGAGTT,2
GGTGGCATGCGGGATT,2
GGTGGGAGACCGTCTA,2
GGTGGGCGACCGTCCA,2
GGTGGGGTCACCCTCT,2
GGTGGTCGACCGTCTA,2
GGTGGTGAAGAAAGAA,2
GGTGTAAAGTCCTACA,2
GGTGTAACGACACCGA,2
GGTGTAATATCTGAAG,2
GGTGTACATAATGCTA,2
GGTGTAGCACTGACGC,2
GGTGTCGCTCGAAAAC,2
GGTGTGTCAAAGAACC,2
GGTGTGTTCTGATTCA,2
GGTGTTTAAAAATACC,2
GGTTAAACAGAAATAT,2
GGTTAAATAATGATAC,2
GGTTAACAAGAAATAT,2
GGTTAACAGTAGTGTG,2
GGTTAACATTAGTGTG,2
GGTTAACTATCTACCA,2
GGTTAAGTCATCGAAC,2
GGTTAATGACTGGTAT,2
GGTTAATTACCACCCT,2
GGTTACCCACAAAGTT,2
GGTTACGAAATACGAA,2
GGTTACGATACGACCG,2
GGTTAGCATGCTGACA,2
GGTTATCCAATCAAAA,2
GGTTATCTTGACGGGA,2
GGTTATGGACCAACCC,2
GGTTCAAAGCGTCCGA,2
GGTTCAAATGATGAAC,2
GGTTCAAATGGTAATG,2
GGTTCAACTGGTAATT,2
GGTTCAGAATGAATCA,2
GGTTCAGAATGCCAAT,2
GGTTCATCCTAGCGGT,2
GGTTCCTACCCAATAC,2
GGTTCCTTAAAAAAAG,2
GGTTCTACGCTTTAAC,2
GGTTCTAGATGTTCTT,2
GGTTCTATTCATTGAA,2
GGTTCTCATACATGTC,2
GGTTGAGATCATTAGA,2
GGTTGATCAAAGAAAG,2
GGTTGCACGCGCCCCC,2
GGTTGTCGTTTCAACT,2
GGTTGTTACTTTCAAA,2
GGTTTAAAAGTAGCGA,2
GGTTTAATTCGTTCCC,2
GGTTTAGATGTCACCC,2
GGTTTATACACGGTCT,2
GGTTTATCAAACAATC,2
GGTTTCATTGCCCCCA,2
GGTTTCTAGACTACTT,2
GGTTTGAAAATATAAA,2
GGTTTGTGCTTCTAGC,2
GGTTTTAAAGAACGAT,2
GTAAAAAACAATGAAC,2
GTAAAAATAAATAGGA,2
GTAAAAATTGGCAAAA,2
GTAAAACTACATTTTC,2
GTAAAACTTAAGTGGA,2
GTAAAACTTTGTATTA,2
GTAAAAGAACCCAAAT,2
GTAAAAGCAGGGTTGT,2
GTAAAAGCATGAGAGG,2
GTAAAAGCGTTCTGAG,2
GTAAAAGTTACAGAAG,2
GTAAAAGTTGATTTCA,2
GTAAAATAAAAAGCTG,2
GTAAAATATAAAAGGG,2
GTAAAATCCAGAGAAT,2
GTAAACATCCTTCCCA,2
GTAAACCAGTTGATCC,2
GTAAACCCGCACTATT,2
GTAAACCCGCCTGGAG,2
GTAAACCGGTTTCCCA,2
GTAAACGCTCACCTTA,2
GTAAACGCTCTCCCAT,2
GTAAACGTGTTTTACA,2
GTAAACTATAAACACT,2
GTAAACTCTAACCATA,2
GTAAAGACAAAGTTAG,2
GTAAAGACCCATCCTA,2
GTAAAGAGATAAGCGG,2
GTAAAGATGCCGGGAA,2
GTAAAGCTAATGGAAG,2
GTAAAGCTCTAAAAAC,2
GTAAAGCTTGTTTTGT,2
GTAAAGGAATCCCCTT,2
GTAAAGGCAAGTTCTC,2
GTAAAGGTAAAAAGTT,2
GTAAAGTATGTCCCAC,2
GTAAAGTTATGAAACC,2
GTAAATAAATACTTAA,2
GTAAATATCTTAACTA,2
GTAAATCAAGAGACCA,2
GTAAATCAATCTTATA,2
GTAAATGAATAGCTTA,2
GTAAATGACCAAGAGT,2
GTAAATGGTTTGAATC,2
GTAAATTACCTGTTAA,2
GTAAATTGTTGGTTTG,2
GTAACAAATTACAGGG,2
GTAACAACTAATAAGT,2
GTAACAACTTCTGGGG,2
GTAACAATACCCAGGT,2
GTAACACATCCTACAT,2
GTAACACATGATATTA,2
GTAACACTTTATAAAA,2
GTAACAGAATAAACTA,2
GTAACAGCAGAGCTGC,2
GTAACATAGAGCTTTA,2
GTAACATCTGGCGCAA,2
GTAACATGCGAAGCAG,2
GTAACATTATCTAACA,2
GTAACATTCCTGTTTA,2
GTAACATTCTGCGGCT,2
GTAACATTTCAGGTTA,2
GTAACATTTTAGGTTA,2
GTAACCACATATACAA,2
GTAACCATGCCCTTCC,2
GTAACCCACAATATGT,2
GTAACCCGAACAAAAG,2
GTAACCGCCCAAGGAA,2
GTAACCTAGCATGTCC,2
GTAACCTATCTTTAGA,2
GTAACCTTCAGCGCGT,2
GTAACGAGGGCCAAAC,2
GTAACGCACATAGATA,2
GTAACGCGCAAACTTG,2
GTAACGTCAAATACTG,2
GTAACGTGGTATTCCG,2
GTAACGTTAGAGTTCA,2
GTAACTAACCGTAAGT,2
GTAACTAAGAAAACCA,2
GTAACTACGAGACACG,2
GTAACTAGCGAAGCCT,2
GTAACTATCTTAAGGA,2
GTAACTCACTACATGG,2
GTAACTCACTACGTTT,2
GTAACTCGGACCGACA,2
GTAACTCTATTACACC,2
GTAACTTACTAAAGGC,2
GTAACTTTCTATATGC,2
GTAAGAAAAAATGCGA,2
GTAAGAAAATTGCGGA,2
GTAAGACCCAACTATC,2
GTAAGAGCAACTGCTA,2
GTAAGAGTAGAACAAA,2
GTAAGATCAAATCATT,2
GTAAGATCCAAACATA,2
GTAAGCATTACAACAT,2
GTAAGCCATCTCTGTT,2
GTAAGCGATCGTCTGC,2
GTAAGCTAAGCAGATT,2
GTAAGGAGGACTTGAT,2
GTAAGGCGCTAGACAC,2
GTAAGGTAACACAGGG,2
GTAAGGTCCACCTACT,2
GTAAGTAGATAGTTAC,2
GTAAGTCGAATATGAT,2
GTAAGTCGCCGTATGA,2
GTAAGTCTTGTCCTAA,2
GTAAGTGATAAAAAAA,2
GTAAGTGTACGATACA,2
GTAAGTTGAAAAACTA,2
GTAAGTTTCCATCTTG,2
GTAATAAACAAAGTGA,2
GTAATAAATATTCTCA,2
GTAATAACTCTACTTA,2
GTAATAAGCCATCCAC,2
GTAATAAGCGAAAACC,2
GTAATAATACAGACCT,2
GTAATACAAGAGTACT,2
GTAATACTAAATATTT,2
GTAATACTATCACTGA,2
GTAATACTTTCGAACA,2
GTAATAGCCCACCTCC,2
GTAATATAACACACCT,2
GTAATATAATATAGAA,2
GTAATATCCTGAGTGA,2
GTAATATTTCCTTCAA,2
GTAATCATTAGTGACA,2
GTAATCTCGGCGATCG,2
GTAATGATAATTCGAT,2
GTAATGCGAGTTTATG,2
GTAATGTCAGTTGAAT,2
GTAATGTGAAGCATAG,2
GTAATGTTAGCTAATC,2
GTAATGTTCTCCAAAA,2
GTAATTCCCGAAATAA,2
GTAATTGTTTATGAGC,2
GTAATTTAACAAATAG,2
GTAATTTAATTAGATA,2
GTAATTTCCACCCAGA,2
GTAATTTCGCCTGACA,2
GTACAAAATCAATCCT,2
GTACAAAATTAGGCCA,2
GTACAAACTGGCAAAG,2
GTACAAATAATCCGAC,2
GTACAAATACGCTCAA,2
GTACAAATACGCTCTA,2
GTACAACACAACAAAT,2
GTACAAGCTTCCCTAA,2
GTACAAGGCCTTACAC,2
GTACAATACATACTTT,2
GTACAATATCAGAGCT,2
GTACAATCTGCTTTAA,2
GTACAATCTTCTGTAA,2
GTACAATTTGAAGCAA,2
GTACACCAATGAGCCC,2
GTACACCCATGTGTCA,2
GTACACCTTCTCCCTA,2
GTACACGCAATACAAG,2
GTACACTAGGCTGATA,2
GTACAGAATCAATCTT,2
GTACAGACAACAGCAT,2
GTACAGACACTCTCCA,2
GTACAGAGACGACTAT,2
GTACAGAGATAAACGG,2
GTACAGAGATAAGAGG,2
GTACAGAGATAATCGG,2
GTACAGTAAGGCATAT,2
GTACAGTGAGCAAGTG,2
GTACAGTGATCACGTG,2
GTACATAAAAAGGACG,2
GTACATAATAATAGAT,2
GTACATAATCCTAATC,2
GTACATAGCAATAAGC,2
GTACATCAATGAGGCC,2
GTACATCCCAAAATCA,2
GTACATCGAGCACTCA,2
GTACATGACCAGCAGA,2
GTACATGATAGATGAC,2
GTACATTACAACACGA,2
GTACATTCTTCTAGAT,2
GTACCAAAATGGTGAG,2
GTACCAAATATTATCA,2
GTACCAAATTAGGACA,2
GTACCAAATTAGTCCA,2
GTACCAAATTATCCAG,2
GTACCAAGAACACTCA,2
GTACCAATGAAATCTA,2
GTACCAATTGATGGCG,2
GTACCACAATTGATGC,2
GTACCACAGTTTGCGG,2
GTACCACCAGCTAGCT,2
GTACCACGATGTACAG,2
GTACCAGGACTCAGAT,2
GTACCAGTAGCTTAAA,2
GTACCATACAGCGTAC,2
GTACCATTGCGAATAA,2
GTACCCAGTAAAAACT,2
GTACCCAGTAAGTCCT,2
GTACCCCCAGACAACA,2
GTACCCCCTGATCACA,2
GTACCCGGTTAATGAT,2
GTACCCTAAACCGCCC,2
GTACCCTAACCCACCT,2
GTACCCTCCACCGAAA,2
GTACCGAAGTAGACTT,2
GTACCGACGAGACACA,2
GTACCGAGAACGCAAT,2
GTACCGCATTTTGCGG,2
GTACCGGCTTTATCAT,2
GTACCTACTTAGTAAG,2
GTACCTCAGATGCTCA,2
GTACCTCTACGCCGAA,2
GTACCTTAGTCATCAA,2
GTACCTTATGCTCCAG,2
GTACGAAATAAGCACT,2
GTACGAATTAGGATAG,2
GTACGACGCGCCTAAA,2
GTACGATAAAATTGCT,2
GTACGCAAGATACAAC,2
GTACGCACAACAATCA,2
GTACGCCCGCCTAAGA,2
GTACGCCTACAATGAG,2
GTACGCGCCTAATGCA,2
GTACGGAGATAAGCGG,2
GTACGGCCATAGTATA,2
GTACGGCCCCCCGGAA,2
GTACGGTTAAATATCA,2
GTACGTAAAGGAGGCC,2
GTACGTAAATATCTAT,2
GTACGTATCCACTCTT,2
GTACGTATGCTCGCTG,2
GTACGTGATATGACCA,2
GTACGTTTGAGGGTCT,2
GTACTAAAATCCCTAT,2
GTACTACACCATGCAT,2
GTACTACATAGCTTCC,2
GTACTACCTTCCTCCA,2
GTACTAGTAACCACAT,2
GTACTAGTGATCACAT,2
GTACTCAAAACAAACG,2
GTACTCAAAACACACT,2
GTACTCAAAATTTGTT,2
GTACTCAAGTCGACGG,2
GTACTCGCGAAAGAAT,2
GTACTCGTCCTTGGCT,2
GTACTCTCAATATACA,2
GTACTCTGTTGCATAA,2
GTACTGAAATACATAA,2
GTACTGATAAGTTTCA,2
GTACTGATGAGTGTCA,2
GTACTGATGATCACAA,2
GTACTGTGCCCGGACA,2
GTACTGTTACTCCTAT,2
GTACTTAAAACACACG,2
GTACTTACAGAGAGGT,2
GTACTTAGAACCCCTT,2
GTACTTATGGATAAAC,2
GTACTTCAGCAAATCC,2
GTACTTGCGCAAGAAT,2
GTAGAAAAAACACTGG,2
GTAGAAACGGTATACA,2
GTAGAACAAAAATGTC,2
GTAGAACAAAAATTCG,2
GTAGAACACGACTGGG,2
GTAGAACGCACTAACA,2
GTAGAATCCCAAAATT,2
GTAGAATGGTAGACAA,2
GTAGACAACCGAGCAG,2
GTAGACACGGAATAGC,2
GTAGACAGTGTCTCTT,2
GTAGACCAAGCAGGAG,2
GTAGACCAATTATGAC,2
GTAGACCACTTCGTTA,2
GTAGACGTCTAGCTAT,2
GTAGACTCCGTACCCT,2
GTAGACTGCTAATTGA,2
GTAGAGATCTCAATCT,2
GTAGAGCATTCAAAAC,2
GTAGAGTTCGATTCCT,2
GTAGATACTCCAATTT,2
GTAGATATGCCTATAT,2
GTAGATCACTACTCCA,2
GTAGATCTGATCATGT,2
GTAGATGCCTCCGTCC,2
GTAGATGTAAGAAGAT,2
GTAGCAAAAAGATAAT,2
GTAGCAAAAGCATTTG,2
GTAGCAAATTAGGCCA,2
GTAGCACACATTGCAC,2
GTAGCACTCCTATTGC,2
GTAGCCATGTCCTAAA,2
GTAGCCCAATTATGAA,2
GTAGCCCAATTATTAC,2
GTAGCCGGTGGATGAG,2
GTAGCGAAAAAGCACA,2
GTAGCGAGCTCCTCCC,2
GTAGCGCACTACGTTT,2
GTAGCGGCACCCCTCT,2
GTAGCTACATTTAATG,2
GTAGCTAGCGACCGAG,2
GTAGCTCAACGTACTC,2
GTAGCTTAAATATTAC,2
GTAGCTTGATATAGAC,2
GTAGGAACCATGTTAT,2
GTAGGACGCCTATGGT,2
GTAGGATAAACGTTGT,2
GTAGGCCACCAGTCGC,2
GTAGGCCATTGAAACC,2
GTAGGCCCTTAACTTA,2
GTAGGCCTACAAATAT,2
GTAGGCCTGCCAATAT,2
GTAGGTATTACTTCAC,2
GTAGGTGATATTTTGC,2
GTAGTAAATATCTGTA,2
GTAGTAAGCACCTTAG,2
GTAGTAATAACCAGTA,2
GTAGTAATTAGTGTCC,2
GTAGTACGAATAAAGT,2
GTAGTATACAACAAGT,2
GTAGTATGGTAGAGAA,2
GTAGTCAGCAGAGAAA,2
GTAGTCCAGCCCGACT,2
GTAGTCCTACCAATAT,2
GTAGTCGCCCGGTTTA,2
GTAGTCGTCTTTCCCC,2
GTAGTGAACAAAATGA,2
GTAGTGCAGTGCAATA,2
GTAGTGGATAAACTGA,2
GTAGTGGTCTTTGCAA,2
GTAGTGTACGTACTAA,2
GTAGTGTACTGTAGAC,2
GTAGTGTTATAAAAAG,2
GTAGTTAAAACCTCAT,2
GTAGTTACTTTTAACA,2
GTAGTTTTCAGTACGC,2
GTATAAACCCAACAAC,2
GTATAAACGTATGCTC,2
GTATAAAGCCCATCCT,2
GTATAAAGGGACAGTG,2
GTATAAAGTTCCGTAC,2
GTATAACAACACCTCT,2
GTATAACATACACATT,2
GTATAACATCCTGTGT,2
GTATAACCTCGTGGAG,2
GTATAACTGAAGTAAA,2
GTATAAGAAGTACAAC,2
GTATAAGTGGGTGTAA,2
GTATAATATATGGGAC,2
GTATACACCAAAAGCT,2
GTATACATAACCTTTA,2
GTATACCAGTGAATCC,2
GTATACGAAGGTTCAT,2
GTATACGGAGCGACTC,2
GTATACGGGAGCCAGG,2
GTATACGGGTCAGAAG,2
GTATACTAGATCACAC,2
GTATACTATCCGTACA,2
GTATACTCGCAAAACA,2
GTATACTCTAATTTTC,2
GTATACTGGAAGGGTT,2
GTATACTGTATCACAC,2
GTATACTTGATCACAC,2
GTATAGAGATAAGCGG,2
GTATAGCAAGAGCTTT,2
GTATAGCAATAGAACA,2
GTATAGCATAAAGAAA,2
GTATAGGTCGTCCGGC,2
GTATAGGTGCATTACA,2
GTATAGTACTATAGTG,2
GTATAGTCATACTTTT,2
GTATAGTGTCTATAGA,2
GTATAGTTAAAACCAG,2
GTATATATTTCCTGAC,2
GTATATCAGCTAGACC,2
GTATATCTCTTATTCA,2
GTATATGATGCTCAGA,2
GTATATTGCTTGATCT,2
GTATATTGTCACCGTA,2
GTATCAAAAATGCCAA,2
GTATCACACGACGCCC,2
GTATCACCGAATCAAA,2
GTATCACTAATAATAT,2
GTATCACTAGGACCTT,2
GTATCATGAGTAAGAT,2
GTATCCCAGTCGAATT,2
GTATCCCCAAAACTTG,2
GTATCCTTGTATGAGG,2
GTATCGACTTCTGGTT,2
GTATCGCGGCAAGAAT,2
GTATCGGCTAAAACTA,2
GTATCGGCTCTGCGCC,2
GTATCGGTGGGTGTAA,2
GTATCGTTACACAGGT,2
GTATCGTTGCATATGT,2
GTATCGTTTTGTGCAT,2
GTATCTTAACTTCCAT,2
GTATCTTTAACTTTTC,2
GTATGAAAATTCAATC,2
GTATGAACAGTCCCTT,2
GTATGAAGAGTAAACT,2
GTATGAAGATGGACAT,2
GTATGAATAGATGAGC,2
GTATGACATAAGGTGT,2
GTATGACATGGTCGAA,2
GTATGACGATAGAAAG,2
GTATGAGAACGTAATA,2
GTATGAGGAAAGCCAA,2
GTATGATAAACGTTGG,2
GTATGATCATATGTCT,2
GTATGATTAATGACCC,2
GTATGCACATAGATGA,2
GTATGCATAAGTCCAG,2
GTATGCCGGTAGAAAG,2
GTATGCTCCTGAAACT,2
GTATGTGATCATATGC,2
GTATGTGCTCATTCAA,2
GTATGTTTATATTAAA,2
GTATTAAAGTAATTAA,2
GTATTACACTTAATAA,2
GTATTACACTTAATAG,2
GTATTACGGTTTAAAT,2
GTATTAGAAAATAACC,2
GTATTAGAATATAGCA,2
GTATTAGGGTGTAAAT,2
GTATTAGTTGTATATT,2
GTATTATAACAATACC,2
GTATTATAACTGAACT,2
GTATTATCATATAGCA,2
GTATTATCTGGAGATT,2
GTATTCAATGCTATAG,2
GTATTCATTGTATATT,2
GTATTCGATGAAGCTC,2
GTATTCGTTTTATATT,2
GTATTCTAACAATACA,2
GTATTGCTAAGCAAGC,2
GTATTGGACACTAACT,2
GTATTGGGAGCGATCT,2
GTATTTAAGATAAAGG,2
GTATTTAAGTTATCTT,2
GTATTTACCAGCCGTA,2
GTATTTCCGGGCTGTA,2
GTATTTCGGAGCGCCT,2
GTATTTGAGTGAGAAC,2
GTATTTGCGGCCGATA,2
GTATTTGTTGTATATT,2
GTATTTGTTTCTATGT,2
GTATTTTAAGAATGCA,2
GTATTTTACCTTGTTA,2
GTATTTTCAAAAAATC,2
GTCAAAAGTAGTAGAA,2
GTCAAAATACATCAAT,2
GTCAAAATGAGGCGGG,2
GTCAAACATGAGGATT,2
GTCAAACCATTAAAAA,2
GTCAAATGGCCATCGG,2
GTCAAATTAAGCATGC,2
GTCAACACCTCCCAAC,2
GTCAACCACATGCAAC,2
GTCAACTGGTTATGAA,2
GTCAAGAAACCAAACG,2
GTCAAGAGAACAAACG,2
GTCAAGAGGCCAAACG,2
GTCAAGATAATGGAAG,2
GTCAAGCTAATAGAAG,2
GTCAAGCTGAAGATTG,2
GTCAAGGAAAATGAAC,2
GTCAATACCCCCAATT,2
GTCAATACTTTAGGAG,2
GTCAATCACAAGCAAT,2
GTCAATCACAAGCAGA,2
GTCAATCAGACTTGAG,2
GTCAATCCCCGCGGCT,2
GTCAATCTACCTTGGA,2
GTCAATTCAATACCAA,2
GTCAATTCGGACCTAA,2
GTCACACAATTAAATT,2
GTCACACACGCATTCC,2
GTCACAGAATAAAATA,2
GTCACATGGTTATGAA,2
GTCACCATGATTGCCG,2
GTCACCTAGTTATGAA,2
GTCACCTATTGTAATA,2
GTCACCTGGCTATGAA,2
GTCACCTGGTTATGAG,2
GTCACCTGGTTGTGAA,2
GTCACGAGCTCCTCCC,2
GTCACGCAACTAATTG,2
GTCACTAACATGATCA,2
GTCACTAACTTACTAA,2
GTCACTAAGTTCAGGG,2
GTCACTCATTATCTAA,2
GTCACTGCCCAGCATA,2
GTCACTTAGCAGATGC,2
GTCACTTTAGTTCTCG,2
GTCAGAAAATGATGAA,2
GTCAGAAGCCAAAACA,2
GTCAGATAGTTCCCAG,2
GTCAGCACCCGCTGCC,2
GTCAGCAGATATAGAT,2
GTCAGCATGGACATTT,2
GTCAGCTGGTTATGAA,2
GTCAGGAGCAAAGCTC,2
GTCAGGGGCAACAAAG,2
GTCAGTCTTATCCTAA,2
GTCAGTTTACACAATA,2
GTCATAAGTCCTAAAA,2
GTCATACCATATACCT,2
GTCATAGAGATGGTAC,2
GTCATCAATGAATACT,2
GTCATCCCCCAAAACT,2
GTCATCGTAATCACGG,2
GTCATCTAAGAACATA,2
GTCATCTGAGCTACTA,2
GTCATGACAACAACTG,2
GTCATTAAAGTCTAAA,2
GTCATTACCACAGTTT,2
GTCATTGGAATATTTA,2
GTCATTTTAACCTTCA,2
GTCATTTTAATGCCTA,2
GTCCAAAAATAAGCCG,2
GTCCAAAATCTAAACC,2
GTCCAAAATGTTATTA,2
GTCCAAAGCTAAAACA,2
GTCCAAAGTCCAAATG,2
GTCCAAATGAGGCTGG,2
GTCCAACATTCAAACT,2
GTCCAACATTGCTCCA,2
GTCCAACGGACCGCCT,2
GTCCAAGAAGCTCATA,2
GTCCAAGCAGTTATCC,2
GTCCAAGCCACTAAAA,2
GTCCAAGTCTGCAGAA,2
GTCCAATCACAACCAA,2
GTCCACAGTTCATGGA,2
GTCCACATATCTTGCG,2
GTCCACATTCTTATGG,2
GTCCACGATGTTTCTA,2
GTCCAGATCAACCACT,2
GTCCAGCTAAAATCGT,2
GTCCATCCTCTTTTGC,2
GTCCATCTACAGAAAT,2
GTCCATGAAAATATTT,2
GTCCATTGATATTGCT,2
GTCCCAAACTAATTAA,2
GTCCCAAATTACAACC,2
GTCCCAACGCTAACAG,2
GTCCCAAGTCTCCAAT,2
GTCCCACTGAAAAACA,2
GTCCCAGAAGCCCATA,2
GTCCCCACGGCTAATG,2
GTCCCCGGCTGTTCAA,2
GTCCCCTATTAGTTTG,2
GTCCCGCAAGGAGCCC,2
GTCCCTAAATTCACAG,2
GTCCCTCATAGAAATA,2
GTCCGAAGAACACATG,2
GTCCGAATTATGTGAA,2
GTCCGAGAAGAAGAAA,2
GTCCGATAAAACACAC,2
GTCCGATTTCAGTAAA,2
GTCCGCCTAAGCTAAA,2
GTCCGCGAACCTAACC,2
GTCCGCTCAGTAACGC,2
GTCCGGCGGGCGAGAC,2
GTCCGGGGTACTGAAA,2
GTCCGGTACCCCTGAT,2
GTCCGTAAGGCAATAG,2
GTCCGTAGAACACATG,2
GTCCGTAGCTTACGCC,2
GTCCGTGAACACCGAA,2
GTCCGTTGAATAAGCA,2
GTCCTAAATGTTATTA,2
GTCCTAACACCGTGAT,2
GTCCTAACACCTTGCT,2
GTCCTACAGAGGAACC,2
GTCCTAGAAGCAGAAA,2
GTCCTCAAAACTACAG,2
GTCCTCACATCTAGAA,2
GTCCTCAGGTATAACC,2
GTCCTCTCGCCTCTCA,2
GTCCTGTATATTGTAT,2
GTCCTGTGCACGGACA,2
GTCCTGTGCTCGGACA,2
GTCCTTAAACATCTTA,2
GTCCTTCATCAAGCCC,2
GTCCTTGAAGCCTGAC,2
GTCCTTGGGTATTCTA,2
GTCCTTTTCTAAAATT,2
GTCGAAACATAAGTCC,2
GTCGAAATCCGTTTAC,2
GTCGAACTGCAAAAAT,2
GTCGAACTGTATACCA,2
GTCGAATTAACCCCAC,2
GTCGAATTGAATTAAA,2
GTCGACATTAAAGGAC,2
GTCGACCCCCACGCAA,2
GTCGACCTTTGAAACA,2
GTCGACTACAGGTCTT,2
GTCGAGAAAAGGGCCA,2
GTCGAGAATGTGCCAG,2
GTCGAGAGTAAAACCC,2
GTCGATTAGGACCTAA,2
GTCGATTGCACGAGAA,2
GTCGATTTCTAAATGC,2
GTCGCAAACTTGAACT,2
GTCGCAGTACAAAAGA,2
GTCGCCACGGCACCAC,2
GTCGCCCAAAACCATT,2
GTCGCCGGTTCATTTT,2
GTCGCCTACCCCGAAG,2
GTCGCGAACTGGAACT,2
GTCGCGAGCTCCCCCC,2
GTCGCGAGCTCCTCCA,2
GTCGCGCTAGGATAAA,2
GTCGCTAAAAAAAACT,2
GTCGCTAGCTCCTCCC,2
GTCGCTATGAAAGAAC,2
GTCGCTCTTTTGTACA,2
GTCGGAAACCACGACA,2
GTCGGAACAGAATATA,2
GTCGGAACTTGAGATA,2
GTCGGACTAACCGTTG,2
GTCGGCCTAAATTTAT,2
GTCGGGACCCCCCCTA,2
GTCGGGTAATAAAAAC,2
GTCGGGTAATAGCAAC,2
GTCGGTCCCTATCAGA,2
GTCGTAAGAAAAATCT,2
GTCGTACAACTTCCAG,2
GTCGTACTCAGGTGGA,2
GTCGTAGATAAAACTC,2
GTCGTCATTTCAACAC,2
GTCGTCGCTCTACCGT,2
GTCGTTGGTGGCAAAA,2
GTCGTTTGTAAATGAG,2
GTCTAAAACTAATATC,2
GTCTAAAACTACTATA,2
GTCTAACATGTTTCGA,2
GTCTAACGGAACGGTA,2
GTCTAACTAACCAAAA,2
GTCTAACTCCATGGTG,2
GTCTAACTTAACACAA,2
GTCTAAGGATTGGCGC,2
GTCTAATTATTGAGTA,2
GTCTACCGTCTCCAAC,2
GTCTACTCGACGGACT,2
GTCTACTGGAAGGGTT,2
GTCTAGAAATGGAGTA,2
GTCTAGCATGGCAGGC,2
GTCTAGCGTGATTACA,2
GTCTAGCTGTGCCCTA,2
GTCTATAAGAGGAGGA,2
GTCTATCCCTCATCGC,2
GTCTATCCTGTGTCGC,2
GTCTATCTAATAGCTT,2
GTCTATCTTACAATAT,2
GTCTATGATAAAAGCA,2
GTCTCAAACTGGAACT,2
GTCTCAATTCACCTAA,2
GTCTCAGCATATCTTC,2
GTCTCAGGGCTGAAAC,2
GTCTCATAGGCTCAGT,2
GTCTCATGATAGTAGT,2
GTCTCCGACATAATAA,2
GTCTCCTACGGAGTTA,2
GTCTCCTGGATGTTAC,2
GTCTCCTGGATGTTTC,2
GTCTCGAGCTCCTCCC,2
GTCTCGTTCAGACTTC,2
GTCTCTAAAGTAAAAC,2
GTCTCTGAGAAAAGCA,2
GTCTCTGAGTGTCCCA,2
GTCTCTGATAAAATCA,2
GTCTCTGCCAACACAA,2
GTCTCTTATAAAAGCA,2
GTCTGAACAAGTGATC,2
GTCTGACCCGAAGATT,2
GTCTGAGCTTTAACAA,2
GTCTGCGTTCGAAGTA,2
GTCTGCTACTGCCTTG,2
GTCTGGACTCATAAGC,2
GTCTGGAGATAATCGA,2
GTCTGTACAAAATAGT,2
GTCTGTTTTAGTAAAT,2
GTCTTAACACAATTCT,2
GTCTTACATATAAGTA,2
GTCTTACATTCAATGC,2
GTCTTAGCCAATTTGT,2
GTCTTAGTAATGATAA,2
GTCTTAGTTCATTCTT,2
GTCTTATAAGACAAAA,2
GTCTTATTCCTATAAT,2
GTCTTCATTAGATACC,2
GTCTTCTGAGACACAA,2
GTCTTCTGAGACCTAA,2
GTCTTCTTAGACCCAA,2
GTCTTGACTAATGATA,2
GTCTTGACTAATTATC,2
GTCTTGACTAGTGATC,2
GTCTTGACTGATGATC,2
GTCTTGCTATATATCA,2
GTCTTGTCAAACTAGG,2
GTCTTTAGCAACTATA,2
GTCTTTAGCATTATGA,2
GTCTTTGATAAAAGCA,2
GTGAAAAACCCGTTCT,2
GTGAAAAGAACCAAAT,2
GTGAAAAGTCTGGTGT,2
GTGAAAATCCCCTAGA,2
GTGAAACAAGGGACTG,2
GTGAAACCAACACACA,2
GTGAAACCTCCCCGCA,2
GTGAAACGAAGGTGCC,2
GTGAAACGAAGTTTAC,2
GTGAAACGACTTGGCT,2
GTGAAACGTTCCAAGA,2
GTGAAATAGCTGAAAC,2
GTGAAATTATAGCACT,2
GTGAAATTCGATAGAA,2
GTGAAATTTACATCGT,2
GTGAAATTTGATGTAG,2
GTGAACAAGCCAACCG,2
GTGAACCCCATAAAAG,2
GTGAACCCCGATCAAC,2
GTGAACGCACATGAAT,2
GTGAACGCTAGGCAAG,2
GTGAACTTAGTAAGCC,2
GTGAAGAATCTTTATG,2
GTGAAGGCTAGGCACG,2
GTGAAGTCCCCCCCAT,2
GTGAAGTCGCGCCCAT,2
GTGAATCAACCGCTGA,2
GTGAATCACCCCAAAT,2
GTGAATCCCACATCAT,2
GTGAATCGATCGAACG,2
GTGAATCTAAAGGCCC,2
GTGAATGGACGTTGAA,2
GTGAATTAAATTCGAG,2
GTGAATTAGTACACAC,2
GTGACAAAGCTAAATA,2
GTGACACAAAGATGCA,2
GTGACACAGAGATATT,2
GTGACACATCCAATAG,2
GTGACACGTCCCCCCA,2
GTGACAGACTAAGCCA,2
GTGACAGTTTGTAACA,2
GTGACATAAAATATGG,2
GTGACATCGTAAATTA,2
GTGACCATGCGATAGG,2
GTGACCTTATAAAAAG,2
GTGACGATCCATATAT,2
GTGACTAATCATTAAA,2
GTGACTGAAGTCCATA,2
GTGACTGCGGACGATC,2
GTGAGAAACAACTAAC,2
GTGAGACTAAAGGAGA,2
GTGAGACTAAATTCGC,2
GTGAGACTCGCCGAAC,2
GTGAGAGCAATGCAAA,2
GTGAGAGCTACGAGCC,2
GTGAGATAGACAACGA,2
GTGAGATCAATTAACT,2
GTGAGATTGATTTCTT,2
GTGAGCACACAACAAA,2
GTGAGCATCTTCTGCT,2
GTGAGCCGAGCGTTGT,2
GTGAGCCTCAACACTT,2
GTGAGCTGTCCCTTCT,2
GTGAGGGAAACATCAA,2
GTGAGGGAACCATAAA,2
GTGAGTGACTATAACT,2
GTGAGTGTTATTAGAT,2
GTGAGTTCACAATTTT,2
GTGATAAAAAATAACA,2
GTGATAACCCCTCGTA,2
GTGATAACGCCCCGTA,2
GTGATATAAAGTTAAC,2
GTGATATTGAAAAGCC,2
GTGATCACAAGGAACA,2
GTGATCACGCTTTAAA,2
GTGATCTGACGAGCCA,2
GTGATCTTGATAAGCC,2
GTGATGACACTCCCTC,2
GTGATGCAATTGACAA,2
GTGATGCCATAGACAA,2
GTGATGCCATTGAAAA,2
GTGATGTAGGAGGCAA,2
GTGATTCGTTACGATA,2
GTGATTCTGAGTAATG,2
GTGATTTGATGTCGCA,2
GTGCAAAAAGATGAAA,2
GTGCAACAAGACGAAA,2
GTGCAACAAGATGAGA,2
GTGCAACAATATGAAA,2
GTGCAAGAATAGACCA,2
GTGCAATAGAACACAA,2
GTGCACAGTTAACATG,2
GTGCACCACTAGTAAT,2
GTGCACCATACACAGC,2
GTGCACGCACCACTGA,2
GTGCACGGTATAGCTA,2
GTGCACTAGTAAAGTA,2
GTGCACTGAAATGAGC,2
GTGCACTGGATTAATC,2
GTGCAGATTAGATTAC,2
GTGCAGCAAGACAAAG,2
GTGCAGCAGACTATCA,2
GTGCAGTAACCAAGAA,2
GTGCAGTACTAAAGTA,2
GTGCAGTAGTAAACTA,2
GTGCAGTATAAGCTAC,2
GTGCAGTTGTAAAGTA,2
GTGCATAACTTGTGGA,2
GTGCATACATTTCACT,2
GTGCCAAACCAATGCA,2
GTGCCAGACATACCAT,2
GTGCCCAAATGATAAG,2
GTGCCCAACCTCAACA,2
GTGCCCACCTCAAAGT,2
GTGCCGTAGTAAAGTA,2
GTGCCGTGCAACCAAT,2
GTGCCTAATTAGTTAA,2
GTGCGAAATTCTAAAA,2
GTGCGAATTAATCGTT,2
GTGCGAATTCTACCGG,2
GTGCGACACAATGGTC,2
GTGCGATTCAAAGATT,2
GTGCGCAATGCATTCA,2
GTGCGCCCTTTGTCAA,2
GTGCGGATGTCACCAC,2
GTGCGTATATTTCACT,2
GTGCGTCAATGCTATT,2
GTGCGTTATTACTAAT,2
GTGCGTTCAATCTGAA,2
GTGCTAACACTGACAC,2
GTGCTAATAGTCTTCA,2
GTGCTACTGTGGTGAT,2
GTGCTATACAAACAAC,2
GTGCTCGAAAAACAAA,2
GTGCTCTTACTCACAA,2
GTGCTGCCTATAGAAT,2
GTGCTTATAGGATTTC,2
GTGCTTCCTAGACCCC,2
GTGCTTGAAGCAAGAT,2
GTGGAAAACTTCAACT,2
GTGGAAATGGGGTCTT,2
GTGGAAGGCAAGTCTC,2
GTGGACACCCAACTAA,2
GTGGACATGCACCTAT,2
GTGGACATGTTCACAC,2
GTGGACCACATGTAGT,2
GTGGACCCTCCTTTTA,2
GTGGACTGATCATCGG,2
GTGGAGTCGGGTTAGT,2
GTGGAGTGTGCTAAAC,2
GTGGATAACAACAAAA,2
GTGGATAAGCCATAAA,2
GTGGATAGAACAAATA,2
GTGGATAGTGACGAGA,2
GTGGATAGTGACTCGA,2
GTGGATCCAACCTTAG,2
GTGGATTAGCTTGAAC,2
GTGGATTTTACATGAG,2
GTGGCAAAATCCTGGC,2
GTGGCAAGCACACATG,2
GTGGCACATTCTCGAG,2
GTGGCAGAGACATTGA,2
GTGGCATCTTTGGGTG,2
GTGGCATTAGATCCTC,2
GTGGCATTGAGGCCTA,2
GTGGCCAATGCACCTA,2
GTGGCCTCGGGATGAT,2
GTGGCCTGATAATTAT,2
GTGGCGTGCTAGTTAT,2
GTGGCTCCATTCAGTA,2
GTGGCTGAACTACCGT,2
GTGGCTTCCACGTTTC,2
GTGGCTTGTCCCTCCA,2
GTGGGACAATTGGACA,2
GTGGGCAGAGCATGAA,2
GTGGGCGTAGTTGAAT,2
GTGGGCTGTCTGTCAG,2
GTGGGTAATAATAGGT,2
GTGGGTCTGTCATCGA,2
GTGGTAAACACCTAAC,2
GTGGTAACTACACTGT,2
GTGGTACGGCAATTCA,2
GTGGTATCAGTCTGTA,2
GTGGTATGCCGGCCAC,2
GTGGTCAAAATTAAAA,2
GTGGTCAGGCAATTCA,2
GTGGTCCGACAATTCA,2
GTGGTCCGGAAATTCA,2
GTGGTCCTCTAGACAT,2
GTGGTCTTTGTAGTTA,2
GTGGTGAAAATCAACA,2
GTGGTGTCCCACGGCA,2
GTGGTGTCGAGTCAAA,2
GTGGTTGAAATCTAGG,2
GTGTAAAAAAGGTCCA,2
GTGTAAAACCCATCCT,2
GTGTAAAGCCCATCCA,2
GTGTAAAGGCCATCCT,2
GTGTAACAAGATGAAA,2
GTGTAACCGACATTTT,2
GTGTAATGCCTAGGAG,2
GTGTAATGGCTAGCAG,2
GTGTACAAAAATAGTA,2
GTGTACCTTAACATTT,2
GTGTACCTTAGCAATA,2
GTGTACGAAACACCAT,2
GTGTACTCTTAGATAC,2
GTGTACTTCAAATAGA,2
GTGTAGACAGCAATCC,2
GTGTAGCACCTAAATG,2
GTGTATAAGCCAAGGC,2
GTGTATAGAATCAGAG,2
GTGTATAGGTAAAACT,2
GTGTATATTAAAAGTA,2
GTGTATTAACAATAAT,2
GTGTCACCGTTCTTCA,2
GTGTCCGCTTAAGAAT,2
GTGTCGCGGAAGAAGC,2
GTGTCTATACTGAGTT,2
GTGTGACATCGAGATT,2
GTGTGAGAGTTTGCAG,2
GTGTGCCCAGATAAGG,2
GTGTGTAACCAAATCT,2
GTGTTAAAGAACTATC,2
GTGTTAACAAACTATC,2
GTGTTAACGAACTATA,2
GTGTTCAAACTAGACA,2
GTGTTCAAATTGAGAG,2
GTGTTCTCCCCCGCGA,2
GTGTTGCAATTCGGCA,2
GTGTTGCCGGATACCT,2
GTGTTGGTGCTTAAAA,2
GTGTTTCTGTCATTAA,2
GTGTTTTACCATGTCG,2
GTTAAAAAAATCAGAT,2
GTTAAAAGGACTGGAC,2
GTTAAAATACAAATTA,2
GTTAAACCTAATACAC,2
GTTAAAGCATTAATGC,2
GTTAAATCACAATTCA,2
GTTAAATGAACTTATC,2
GTTAACAATCCTCGAT,2
GTTAACACATAACTCT,2
GTTAACAGTAATCATA,2
GTTAACGACCGTAAAG,2
GTTAACGAGAGATGAT,2
GTTAACGCTAGGCACG,2
GTTAACTTAGATATAT,2
GTTAAGAAGGTGTTAA,2
GTTAAGAATTGCACCT,2
GTTAAGACTTTCAGGA,2
GTTAAGCATAGATAGA,2
GTTAAGGAGTTCAAAC,2
GTTAAGGTTTGTGACC,2
GTTAAGTAAAGGGATA,2
GTTAAGTCAAGAGCAG,2
GTTAAGTCTGAAAGAG,2
GTTAAGTGCGTCTTTA,2
GTTAATAAAAGGATAT,2
GTTAATAATCCCCATA,2
GTTAATAATTCAAAAA,2
GTTAATACAAGACTCG,2
GTTAATAGCAGATGAG,2
GTTAATCCCTTTACAA,2
GTTAATCCGGGATATT,2
GTTAATCTAAAGGGCC,2
GTTAATCTAGGGTCAT,2
GTTAATGAATCCATAA,2
GTTAATTGATAGGGAC,2
GTTAATTTAGAAGTGC,2
GTTACAACAACGTAGT,2
GTTACAACCCCGTGCT,2
GTTACAACGTATTCAG,2
GTTACAATCCCCAGGT,2
GTTACACAATGCATCT,2
GTTACACGAGGAGGTG,2
GTTACACGTACTTTTG,2
GTTACAGTGCTTATAC,2
GTTACATAAAATAGGG,2
GTTACCACAACCACAC,2
GTTACCCGTCAAGATT,2
GTTACCTGATTCTACC,2
GTTACGAACAATTATA,2
GTTACGGACACACCCA,2
GTTACGGTTGAGAAAG,2
GTTACTAAGCATGCCA,2
GTTACTGCCTAATTTC,2
GTTAGAAACACACACT,2
GTTAGACACCAAAAAA,2
GTTAGACTGATACTTC,2
GTTAGAGCATCATAAT,2
GTTAGATGAATCGGAC,2
GTTAGATTTCTTAGAC,2
GTTAGCACGTACAGAC,2
GTTAGCATATAGGACA,2
GTTAGCCAAATAAGAG,2
GTTAGCCCACAAGCTA,2
GTTAGCGGAAAACGTA,2
GTTAGCGGAAACAGTA,2
GTTAGCGGTCTTAAGT,2
GTTAGCGTAAACCGTA,2
GTTAGGGGAAACCGTA,2
GTTAGGGGGTTGCATG,2
GTTAGGTAGCTACCCA,2
GTTAGTATCGACATAG,2
GTTAGTATCTACCCTC,2
GTTAGTATTTATTACG,2
GTTAGTCTAGTGCTGA,2
GTTAGTTAGCGATCCT,2
GTTATACAAGTAATAC,2
GTTATACCACCTAATC,2
GTTATACCCAGACACA,2
GTTATAGTGTAACAGT,2
GTTATATCAGAAAGGA,2
GTTATATGTGATGCCC,2
GTTATCACAAATTATC,2
GTTATCCACAGACACA,2
GTTATGAGACGAACTA,2
GTTATTCACACGATGC,2
GTTATTCATACAGACA,2
GTTATTGCCGAATGAA,2
GTTCAACAAGATGAAA,2
GTTCAACGTCTAAGAG,2
GTTCAAGACATTATAG,2
GTTCAATAATAAGAAC,2
GTTCAATAGAAAAAGG,2
GTTCAATAGACAAGGG,2
GTTCAATGAACTCATC,2
GTTCAATTCCGGGCTA,2
GTTCAATTTAGGAACA,2
GTTCACACTCGAACAA,2
GTTCACAGCACTTAAA,2
GTTCACCCACACACAC,2
GTTCACCGTAACTATC,2
GTTCACGCCCTCGAAC,2
GTTCAGATTGAAGGTT,2
GTTCAGGACATGCAGA,2
GTTCATACTCAATATA,2
GTTCATATTGCTTCAA,2
GTTCATCAAGGGCCCC,2
GTTCATCTAATGATGC,2
GTTCATGTGATTCGTG,2
GTTCATTCTAGGCCTC,2
GTTCCAAAGTATTCAG,2
GTTCCAACCTGAAAAA,2
GTTCCAACCTTAACAA,2
GTTCCAACGTATTGAG,2
GTTCCACTATCACGGG,2
GTTCCATAAAGAACGT,2
GTTCCATACAGAGGAT,2
GTTCCCAACAAAGCAG,2
GTTCCCGCGAATATAA,2
GTTCCCTCATAAATAA,2
GTTCCGCACCCAATAA,2
GTTCCTATTCAGGCAC,2
GTTCCTCGTTTTTCAT,2
GTTCCTGACATAAAAG,2
GTTCGAAGTGACTACG,2
GTTCGAATGATACTTC,2
GTTCGAGAACTCGAAG,2
GTTCGATTGTATGGAA,2
GTTCGCCACTGATATA,2
GTTCGCGTTAAAATAA,2
GTTCGTAACAATCACC,2
GTTCGTAACCCGAACA,2
GTTCGTCGGCACGCAA,2
GTTCGTCTATTTAACT,2
GTTCGTCTTTTATCAT,2
GTTCGTGGACCCCGGA,2
GTTCTAAAGCCACGAG,2
GTTCTACAGATACTTT,2
GTTCTACGTTCGTAAT,2
GTTCTACTCAAAGATT,2
GTTCTAGCTCAAAGGA,2
GTTCTATAACCAATCC,2
GTTCTATCCTAACCCA,2
GTTCTATCGAGTTGGA,2
GTTCTCTCCCTCGAAA,2
GTTCTGAGCAATCGTC,2
GTTCTGCCGATAGAAT,2
GTTCTGCGCCCAATAA,2
GTTCTGCTCCAAGTTA,2
GTTCTTCAATAGCCAA,2
GTTCTTCTGATGGAAA,2
GTTCTTGGCGAATGAA,2
GTTGAAATACGAAAGA,2
GTTGAAATGGTATGTT,2
GTTGAAGAATGGCTCT,2
GTTGAAGCATATCAAA,2
GTTGAAGCGTAACCGT,2
GTTGACAATTGATCTC,2
GTTGACAGTGGGAACA,2
GTTGACGGCTCCTGTA,2
GTTGACTGGAATCTAA,2
GTTGAGACAACGCATC,2
GTTGAGCTATGTTAAC,2
GTTGAGGCATACAAAG,2
GTTGAGTGCGTATTTA,2
GTTGATACACAGATAG,2
GTTGATCCATCTTGCG,2
GTTGATCGGAAAAATG,2
GTTGATGATGATTCAT,2
GTTGCAAGATCACGAT,2
GTTGCACTCATACGAA,2
GTTGCAGAGGAATCGC,2
GTTGCATCCGTCCGGC,2
GTTGCATCTGGCTCTA,2
GTTGCCAAAATATACA,2
GTTGCCTACCTATTGC,2
GTTGCCTATCTATGGC,2
GTTGCCTCTACGTACC,2
GTTGCGGATGGTCTCC,2
GTTGCGTTGCCGTGTA,2
GTTGCTAGTTAAGCAT,2
GTTGCTCCGTACCGGG,2
GTTGCTGCCATCCCCT,2
GTTGCTTAGAAGGGCA,2
GTTGGAAATGTAACCG,2
GTTGGATTCAATGTCT,2
GTTGGCACCCGAACCA,2
GTTGGCCTTGCTCGCT,2
GTTGGGAGCAAAGCTC,2
GTTGGGATGTGTCACT,2
GTTGGGCCCAGGAATT,2
GTTGGTAATACCTAAA,2
GTTGGTCCGCGCTATT,2
GTTGGTTAAACCACGA,2
GTTGTAACCTCTCTCT,2
GTTGTACCCATGCAAA,2
GTTGTAGATCATTGGT,2
GTTGTAGATTAGTGGT,2
GTTGTAGCATTCCAAA,2
GTTGTCAACTACGGGG,2
GTTGTCCGGCAATTCA,2
GTTGTCGATGACAGCA,2
GTTGTGCACCCAATAA,2
GTTGTTGCAAAGAAAT,2
GTTGTTTACTGACACT,2
GTTGTTTCCACCCCAT,2
GTTGTTTCGAGCTAAG,2
GTTTAAAGGGACCAGG,2
GTTTAACAAACAAACA,2
GTTTAACGGAATGGTA,2
GTTTAAGTGGGTGCTA,2
GTTTAATATATAACAA,2
GTTTAATGCCTATGAC,2
GTTTACAAAGAATTAA,2
GTTTACCAACTCATTT,2
GTTTACCGGCATGGGC,2
GTTTACTTTACCCAAT,2
GTTTAGAAAATGATAA,2
GTTTAGAGAAGTATTG,2
GTTTAGCCCAAAATAG,2
GTTTAGCCCCAAATAC,2
GTTTAGCCCGAAATAC,2
GTTTAGGAAATATAGG,2
GTTTAGGATAAGACAT,2
GTTTAGTAGTAAAGTA,2
GTTTAGTGCGTCTTTA,2
GTTTAGTTATATAACC,2
GTTTATAAACAGGGTC,2
GTTTATACCAAGTCCA,2
GTTTATCCATGGACGT,2
GTTTATGCTACGACTG,2
GTTTATGGCTATGACT,2
GTTTATTATGGAAAGT,2
GTTTATTCTGGAAATT,2
GTTTATTGGAGCGTTC,2
GTTTCAAAGATCCGCT,2
GTTTCACAATACTTGT,2
GTTTCACTTTGTGTAT,2
GTTTCAGAATGAAGCA,2
GTTTCATCGGTCAAAA,2
GTTTCATCTTTCAAAA,2
GTTTCCAGCTCGAAGT,2
GTTTCCAGCTTCCGAT,2
GTTTCCATGAGTCCCA,2
GTTTCCCAGGGTCATA,2
GTTTCCTACTGACCCC,2
GTTTCGAACAATAGAC,2
GTTTCGCAAATCTCAA,2
GTTTCGGAACTGTGTC,2
GTTTCTACAGATAGCG,2
GTTTCTACCCATAACA,2
GTTTCTGGCTTCCGAT,2
GTTTCTGGTCAGGTAT,2
GTTTCTTATTGAAGAG,2
GTTTCTTCGGCGTTAA,2
GTTTCTTCTTGAAGAT,2
GTTTCTTCTTTAAGAG,2
GTTTGAATTTATGGGT,2
GTTTGAGAGTCTATAC,2
GTTTGAGATTCCTGTT,2
GTTTGAGTAACTCCCC,2
GTTTGATACATAAAAA,2
GTTTGCAATAGGTGCT,2
GTTTGCATGTATGATT,2
GTTTGCCGGAAAGTAC,2
GTTTGGTATTTTTACC,2
GTTTGGTGGGAATCGG,2
GTTTTAAACCAGTACT,2
GTTTTAACATCCGTAC,2
GTTTTAACGAGTCACA,2
GTTTTACCCACTAAGT,2
GTTTTACTGTCTGAAT,2
GTTTTAGGCCAACGGT,2
GTTTTCAATCCGTAAA,2
GTTTTCACCACGCATA,2
GTTTTCACGTATAATT,2
GTTTTCAGAAACATGA,2
GTTTTCATCATGAGAA,2
GTTTTCCACTCAAATA,2
GTTTTCCTTCAAAACT,2
GTTTTCGGCTTCCGAT,2
GTTTTCTCTTAAAATG,2
GTTTTGATTATAGATG,2
GTTTTGCCCACTAATT,2
GTTTTTCCACCCTTAT,2
GTTTTTCCCACTAAGT,2
TAAAAAAAGCATTAGT,2
TAAAAAAATCCCTTTT,2
TAAAAAAATGAAAGAC,2
TAAAAAAGAAAACTGA,2
TAAAAAAGGGGCAAAA,2
TAAAAAATCAGCTATG,2
TAAAAACAAAACAAAA,2
TAAAAACAGACCACAG,2
TAAAAACCATGTGTCT,2
TAAAAAGTATATTTTG,2
TAAAAAGTATCTTCTG,2
TAAAAATAGTACTGTA,2
TAAAAATATAGTCTGT,2
TAAAAATCAGCATTAT,2
TAAAAATGAATGAATT,2
TAAAAATTAGTAGGGT,2
TAAAAATTATTAGGCT,2
TAAAAATTGACTATAT,2
TAAAACACTACATCAA,2
TAAAACAGGAAGATAG,2
TAAAACCAAAATTCAC,2
TAAAACCAATGAGTGT,2
TAAAACCTTATTATGG,2
TAAAACCTTGTCTATA,2
TAAAACGCTAATATTT,2
TAAAACGGAGTCAGTG,2
TAAAACTAAAGAGCTC,2
TAAAACTGGTAGCTTA,2
TAAAAGAATAAAGTCA,2
TAAAAGCACTTACATG,2
TAAAAGCATCAACACT,2
TAAAAGCTGTTTACTT,2
TAAAAGGAAACGGCAA,2
TAAAAGGAACCGTTTT,2
TAAAAGGGAGCCAAAG,2
TAAAAGGTACACCTAG,2
TAAAAGTAGCAGATTA,2
TAAAAGTATGTAATAA,2
TAAAAGTCGAGCAATT,2
TAAAAGTCTTGCTATC,2
TAAAATAAACAGCTTA,2
TAAAATAACCATCTTA,2
TAAAATACCACACTTT,2
TAAAATCGTGGCGCAG,2
TAAAATCTGCCAGCTG,2
TAAAATGGGTGGATGA,2
TAAAATGGTTCGTCTT,2
TAAAATTAACAGATCA,2
TAAAATTTCCGCATAT,2
TAAACAATCGGCTACA,2
TAAACACTATTCTTGG,2
TAAACAGTCTTGAGAT,2
TAAACATAAAGAAAAA,2
TAAACATAACTCGAGG,2
TAAACATCTGCAAGTG,2
TAAACCAACACGATTC,2
TAAACCACCAATACAG,2
TAAACCATAACAGGAA,2
TAAACCCGAAGTTAGA,2
TAAACCGTTTATATCT,2
TAAACCTAAAGGGATC,2
TAAACCTTCAGCGCGT,2
TAAACGACAACTACTT,2
TAAACGCTACAGCTAA,2
TAAACGTATACCTCTG,2
TAAACTGATTCAGGTG,2
TAAACTTTTGTTCACA,2
TAAAGAAAAAGATTCC,2
TAAAGAAAGGATACAA,2
TAAAGAAATAAGATTA,2
TAAAGAAATACATGAA,2
TAAAGAACAGTTGCAG,2
TAAAGAACCTTTTAAA,2
TAAAGAACGGGAGCCT,2
TAAAGAAGTTGAATGT,2
TAAAGACAGCGTACAT,2
TAAAGACGCTAGACGC,2
TAAAGACTTGTACCTT,2
TAAAGAGATAAACATG,2
TAAAGAGGTTATCACA,2
TAAAGAGTAAACGTGA,2
TAAAGATCTAAACCTT,2
TAAAGATGAAAAGGAC,2
TAAAGATGCACTAATA,2
TAAAGCAACGCCTCAA,2
TAAAGCAGAAGCTCTA,2
TAAAGCATTTGTGGGG,2
TAAAGCCAATTAAAAC,2
TAAAGCCTAAGTCTTA,2
TAAAGCCTCTATTTAC,2
TAAAGCGGAAGCGGAT,2
TAAAGCTCCCACCTAA,2
TAAAGGAACTTCTCTG,2
TAAAGGCTAGTCCTTT,2
TAAAGGCTAGTCTTCT,2
TAAAGGTTAAATTGAG,2
TAAAGTACATAGACTA,2
TAAAGTATACCCAGGT,2
TAAAGTGAGAAGATTG,2
TAAAGTGTACTCTTTA,2
TAAAGTTAAAGCTCAA,2
TAAAGTTAGAGCGTGT,2
TAAAGTTTAACCCATC,2
TAAATAAACTCTGTAG,2
TAAATAACATTCAACA,2
TAAATAACCTTTCCTA,2
TAAATAAGAACCAGCG,2
TAAATAATGTATAGCT,2
TAAATACATTATTTTC,2
TAAATACTCTTAAAGT,2
TAAATACTTAAGCACT,2
TAAATATACATCACAA,2
TAAATATGAAACCTGG,2
TAAATATGCGTCTTCT,2
TAAATATGGACATTGA,2
TAAATATTCAAATGTA,2
TAAATATTTGAAACAT,2
TAAATCAACTTTCGGT,2
TAAATCACCCTGTATT,2
TAAATCAGCAGCTGAT,2
TAAATCAGGCCCATTA,2
TAAATCATGCACAAAA,2
TAAATCCAATCCACCC,2
TAAATCCCGCGACCCA,2
TAAATCGAAAGCAAAA,2
TAAATCTCTAACGACC,2
TAAATCTTTCAACCTC,2
TAAATGACAAGTGCCC,2
TAAATGACGCGCTCTT,2
TAAATGATGTATATCT,2
TAAATGATGTGTAGCT,2
TAAATGCAAAGCTCGG,2
TAAATGCCGGACACAC,2
TAAATGCGATGAATAA,2
TAAATGGCAAATAGCG,2
TAAATGGGTCAATCAA,2
TAAATGTCAACTACCA,2
TAAATGTGTAGCTCAA,2
TAAATTAAAAATAGAG,2
TAAATTAAGAAAACGA,2
TAAATTAATCCAAAGT,2
TAAATTACTGGCTGAA,2
TAAATTAGTGCCCAAT,2
TAAATTATATACTTAT,2
TAAATTCCTTTCGTCG,2
TAAATTCGTATGTCTA,2
TAAATTGCGAGTTAAT,2
TAAATTGGGCGTATGG,2
TAAATTTAGCTCAAAT,2
TAACAAAACGCACCAC,2
TAACAAATGAATTCCG,2
TAACAACATCATTGAC,2
TAACAACTAAAAAACC,2
TAACAACTAAGAAACC,2
TAACAACTATACGGTG,2
TAACAACTATCTTGAC,2
TAACAAGAACCCATAA,2
TAACAATAATAACAAC,2
TAACAATGTGAATATG,2
TAACAATGTGACAAGA,2
TAACACAAAACTCAAT,2
TAACACAACGAGGATC,2
TAACACACAAAGGTAA,2
TAACACATGTCGAACT,2
TAACACCAAAGCGGAT,2
TAACACCAATACACAC,2
TAACACCATGGAAAAC,2
TAACACGACTGTCCTA,2
TAACACTGTTGAAAGC,2
TAACACTTAGCCGCCA,2
TAACAGAAAATAGAAC,2
TAACAGATCACATCAC,2
TAACAGCTCAACTTGC,2
TAACAGGTACAATACC,2
TAACAGGTCAAAAAAA,2
TAACAGGTCTACGGCC,2
TAACAGGTCTATGGTC,2
TAACAGTCAAGACTCA,2
TAACAGTCGGCCATAT,2
TAACAGTGCTGAGAAC,2
TAACATAAGAAACTCG,2
TAACATAATCGTGGAC,2
TAACATCAATAATTTG,2
TAACATCAATTCTCTA,2
TAACATCAGAATTTGG,2
TAACATCCCAGTAGCT,2
TAACATCCCATGAGCT,2
TAACATCGATATATTC,2
TAACATCGTGGAGCAG,2
TAACATGAAAAATACA,2
TAACATGAACAATAAA,2
TAACATGAGGACAAAA,2
TAACATGCCTACAAAA,2
TAACATGTCAAAGGTA,2
TAACATTAACAATACA,2
TAACATTCAGACCTTA,2
TAACATTCCAAGTACA,2
TAACATTCGAACTTTC,2
TAACCAACATAAGAGC,2
TAACCAACGACCTTAA,2
TAACCAAGTGGCCCTG,2
TAACCAATAGGAAAGA,2
TAACCAATCAGTCAAA,2
TAACCACAGTCATCAA,2
TAACCACGCTTCATTA,2
TAACCACGGTGATGAA,2
TAACCACTATTTACCC,2
TAACCACTTATGTGTG,2
TAACCAGGAATTACCT,2
TAACCAGGAATTGCAT,2
TAACCAGGAATTGTCT,2
TAACCAGGAATTTCCT,2
TAACCATATATCCAAA,2
TAACCATCTCGCACCC,2
TAACCATTTCGTTGAC,2
TAACCCAACTAATGGG,2
TAACCCACACATTTAC,2
TAACCCACCTACAAAG,2
TAACCCATACATGCAT,2
TAACCCCAGAAAATGG,2
TAACCCCAGAGAATTG,2
TAACCCGCAATGAGGG,2
TAACCCTATACCTACA,2
TAACCGAACAGGAATT,2
TAACCGAGAATTGAAA,2
TAACCGATACCATGAA,2
TAACCGTTTGGCTATT,2
TAACCTAATTGCACAC,2
TAACCTACACTTACAT,2
TAACCTAGCACAAACT,2
TAACCTATCCTGTACG,2
TAACCTCGCACAAAAT,2
TAACCTGAGCAAATAT,2
TAACCTGCATACAAAA,2
TAACCTGCGAGACGAC,2
TAACCTGCTACCCCCC,2
TAACCTGGAGGCACTA,2
TAACCTGGCCTCCAAT,2
TAACCTGTCACTCTCG,2
TAACGAAAAACATATC,2
TAACGAAAACTGAATT,2
TAACGAAAGGAAGATT,2
TAACGAGATAACCGGT,2
TAACGAGGAATTATAT,2
TAACGATATCATATAA,2
TAACGCACCATCAGTT,2
TAACGCATAATACATA,2
TAACGCCAATCCATGT,2
TAACGCTATAAACCAG,2
TAACGGAGTTACCTAC,2
TAACGGCTAAAAACAC,2
TAACGGGGATTATTAA,2
TAACGGTCCCTATGGA,2
TAACGTGGCCTAGGAC,2
TAACGTTAATAGAATT,2
TAACGTTCCCATAAAC,2
TAACGTTGGCAAAAGG,2
TAACTAAACACCCCAA,2
TAACTAAAGCTTGTGA,2
TAACTAATACAATTCC,2
TAACTAGAATTCACAG,2
TAACTAGATAACGTCA,2
TAACTAGCAAATGCAA,2
TAACTATTATAGAAGC,2
TAACTCACCATAGGAT,2
TAACTCCAATCTAACA,2
TAACTCTATCTTACCG,2
TAACTCTCCGCGAACT,2
TAACTCTCGGACTGTC,2
TAACTCTTTAAACTGT,2
TAACTCTTTCAACTTT,2
TAACTGAAAATCTTTA,2
TAACTGAACCATTCTG,2
TAACTGCACCTAATTT,2
TAACTGGATACCAATT,2
TAACTGTATAACAAAT,2
TAACTTATAAAGTACC,2
TAACTTCAAAGATGTG,2
TAACTTCCCAGTGCAC,2
TAACTTCCCCATGCAC,2
TAACTTCCTACTGGAA,2
TAACTTGCCTACAATA,2
TAACTTTCCTTCGTCA,2
TAACTTTGGCAGTTAC,2
TAAGAAACTACAAGAG,2
TAAGAAATACATGAGA,2
TAAGAAATAGGGTTGT,2
TAAGAACAGGACAACG,2
TAAGAACAGGATAATG,2
TAAGAACATCGCCCAA,2
TAAGAACATCTCCCAC,2
TAAGAACATTATATAA,2
TAAGAACCCAAAGTCA,2
TAAGAACCGTGAGCCT,2
TAAGAACCTCAACTAC,2
TAAGAACGATATCTTC,2
TAAGAAGGAGCCTTGA,2
TAAGAAGGGAAAGATA,2
TAAGAATAGGACAATG,2
TAAGAATGATAGCTTC,2
TAAGAATGCTAAACGA,2
TAAGAATTTTCATTTT,2
TAAGACAGAACGCTGA,2
TAAGACGCTAATACTT,2
TAAGACGTGAAGTAAC,2
TAAGACTCAATAGATT,2
TAAGACTTGGCAGTTA,2
TAAGAGAAGCACAAAA,2
TAAGAGATATACATCT,2
TAAGAGGATAGTTGTG,2
TAAGAGGCATGCAGAC,2
TAAGAGTCGCCTGACT,2
TAAGATATGTAGCACC,2
TAAGATCAAAAACTCT,2
TAAGATCAGCACTATG,2
TAAGATCCCTAGAACT,2
TAAGATGCTAAAAATG,2
TAAGATTAAACACAGA,2
TAAGATTATAGGGACT,2
TAAGATTCAAAAATTT,2
TAAGATTTCAGCAGCT,2
TAAGCAAAGATATCCA,2
TAAGCAATTGAAACTT,2
TAAGCAATTGAACATT,2
TAAGCAATTGAGCCTT,2
TAAGCACGCATTAAAG,2
TAAGCATAATTGAAGT,2
TAAGCATGAAGGAATA,2
TAAGCCACGAAGTGTT,2
TAAGCCATGCAAATGA,2
TAAGCCCATAAGTTGT,2
TAAGCCTAACTCGAGG,2
TAAGCCTATGATACAC,2
TAAGCCTCAAATAATC,2
TAAGCCTCTATCCAAG,2
TAAGCGACCGGCTTCC,2
TAAGCGATTTTGAAAT,2
TAAGCGCAACGCATAA,2
TAAGCGGAGCATCATG,2
TAAGCGGAGCTAAATC,2
TAAGCGGCTTATATTC,2
TAAGCGGTGTACTAAA,2
TAAGCTACGGTGGAAA,2
TAAGCTAGCCACTGCT,2
TAAGCTATGAAATGAT,2
TAAGCTCAGAGTTCCA,2
TAAGGAAAGTTATAAC,2
TAAGGAACGTATCCTA,2
TAAGGAAGAGAATAAA,2
TAAGGAATATTAACTC,2
TAAGGACGACTAAACC,2
TAAGGATTTATTCCTA,2
TAAGGCAGAATGTTTA,2
TAAGGCCATGATTCTA,2
TAAGGCGAAAACACTT,2
TAAGGCGAATAGGGAT,2
TAAGGCGCTTCGCCGG,2
TAAGGCTAACCACTAC,2
TAAGGCTCGAGACTCG,2
TAAGGGACCAGGATTA,2
TAAGGGGGTCCCTTAC,2
TAAGGGGTACAAGCAA,2
TAAGGGTCTGCGACTA,2
TAAGGGTTGCCAAGCA,2
TAAGGGTTTCCAAACA,2
TAAGGTAAGATCAGAC,2
TAAGGTACATCTCCTA,2
TAAGGTCTAGTCCGAA,2
TAAGGTGGACATATCA,2
TAAGGTGGTCATATCA,2
TAAGGTTAGGACCAGT,2
TAAGGTTGCCATATCA,2
TAAGTAAGAACCCGTA,2
TAAGTACAACGAGTTG,2
TAAGTACAATTAAAAC,2
TAAGTATCTAGGTATT,2
TAAGTATCTCGAGCAC,2
TAAGTATGTCTGCTAC,2
TAAGTCCGTTACCCAA,2
TAAGTCGAGTTACGTA,2
TAAGTCGGCGTCGGTG,2
TAAGTCTAACGAAGCC,2
TAAGTCTAAGTTCAAA,2
TAAGTCTCGACGGATA,2
TAAGTGACCTAACTGG,2
TAAGTGGCTTGAAATC,2
TAAGTGTATAAAATGC,2
TAAGTGTTGCCAAACA,2
TAAGTTAAATCCACCC,2
TAAGTTCATAACTATA,2
TAAGTTCCAAACCCAA,2
TAAGTTCCATTTATGA,2
TAAGTTCCGCTAGACA,2
TAAGTTCGACAGCATG,2
TAAGTTGTATTGAACC,2
TAAGTTTAGAACCACC,2
TAAGTTTGATGTAGGA,2
TAAGTTTGTTGTATGA,2
TAATAAAATGCATGGT,2
TAATAAAGGTTTAAAT,2
TAATAACACGCAGACT,2
TAATAACACTTGGAAA,2
TAATAACAGAACCAGA,2
TAATAACCTCGTGGAG,2
TAATAACGACTAAACC,2
TAATAACGGATGTTAT,2
TAATAACTACGTCGAG,2
TAATAACTATCTGACA,2
TAATAAGAATACTATT,2
TAATAAGACTTGCTTT,2
TAATAAGATAGCCTAA,2
TAATAAGGAATGTGAT,2
TAATAATAGAAACATC,2
TAATAATAGGGATCAG,2
TAATAATCAAGCAGAT,2
TAATAATCAGCACATA,2
TAATAATGAATGCATC,2
TAATAATTACATAGAA,2
TAATACAACCTGTATA,2
TAATACAATGCATGTT,2
TAATACAATGCATTGT,2
TAATACAATGGTCGGC,2
TAATACACGGTCGCGA,2
TAATACAGTGCATGGT,2
TAATACATATACTTAT,2
TAATACCCAGACTCTC,2
TAATACCCCCTTGACA,2
TAATACCTACGAACAC,2
TAATACCTCTACACCC,2
TAATACCTTAGAGAAA,2
TAATACGAAAAAAACA,2
TAATACGAAAAACTCA,2
TAATACGATGTAACCA,2
TAATACGTAACGCAAA,2
TAATACTATAAACATC,2
TAATACTGTGGCGGCG,2
TAATAGAATAATCTAA,2
TAATAGACGACCGGCC,2
TAATAGATGACAAGAT,2
TAATAGCCTCAGCTTT,2
TAATAGCTGAGAATCC,2
TAATAGGACTAGGGGA,2
TAATAGTTAAAAATCG,2
TAATATAAGTTCCAAT,2
TAATATACAGTATCCC,2
TAATATAGCTAAACTC,2
TAATATAGTGTTGACG,2
TAATATATAATAGTGA,2
TAATATCAGATAAAAA,2
TAATATCATAATCTAA,2
TAATATCATGCGCTCA,2
TAATATCCAGTATCCT,2
TAATATCTTTTTACAC,2
TAATATGAAAAAACAA,2
TAATATGCACAAGTTA,2
TAATATTTAACTCGGT,2
TAATATTTATGTTGGG,2
TAATATTTTCCGACAC,2
TAATATTTTCCTGACC,2
TAATCAAAAAGTGACA,2
TAATCAAAAGCAATGT,2
TAATCAAAATCGCTTT,2
TAATCAACTTCTCATA,2
TAATCAAGGTCCCCTA,2
TAATCACGATGCCTAA,2
TAATCAGTCTTAAAAT,2
TAATCATATAGATATA,2
TAATCATTGTCACGTC,2
TAATCCAAAGAAATGT,2
TAATCCAATCACTGTA,2
TAATCCAATCGCAAAG,2
TAATCCAATCGCAACT,2
TAATCCAATCTCAACG,2
TAATCCCAGATCTCCA,2
TAATCCCCAAAAAAAT,2
TAATCCCCTTAATACA,2
TAATCCCGCTCTGAAA,2
TAATCCGGAAAACGCA,2
TAATCCGTTTCCTACC,2
TAATCGACGTTGGTAC,2
TAATCGATTACCATCG,2
TAATCGCAATCATCAT,2
TAATCGCATTATCACT,2
TAATCGCCTCAGATTT,2
TAATCGCCTCAGCTCT,2
TAATCGCCTCATCTTT,2
TAATCGGCAACCTTGC,2
TAATCGGTAATCTGCG,2
TAATCTCAGACCGCAA,2
TAATCTCTTCCAAAGC,2
TAATCTGAGAAATGAA,2
TAATCTTCCAATAATG,2
TAATGAAAAATATACA,2
TAATGAAACAAGCCAA,2
TAATGAAAGAATCTAC,2
TAATGAAGCCCCGGAG,2
TAATGACAACTGCCAG,2
TAATGACATGAAATAT,2
TAATGACCAAACAGAT,2
TAATGACCACCGAGAG,2
TAATGAGAACATAAGG,2
TAATGAGAGATCTCTG,2
TAATGAGATTATGCGT,2
TAATGAGGAAAATAAA,2
TAATGATCCTCACGCT,2
TAATGATCTTCTACGA,2
TAATGATGATCGCTGG,2
TAATGATTGAAGCATA,2
TAATGCCACTGAGTAA,2
TAATGCCGGTGTTCGA,2
TAATGCGATTGCAAGT,2
TAATGCTAGCTTTACT,2
TAATGGCAACTGTATG,2
TAATGGTCTATATACA,2
TAATGTACACAATACA,2
TAATGTAGTATTTCTG,2
TAATGTCTCATTGAGA,2
TAATGTCTTGATCAAC,2
TAATGTGACTCACGTC,2
TAATGTGACTCGAGTC,2
TAATGTGACTCGTGTC,2
TAATGTGAGCAAACTG,2
TAATGTTACCTTTACT,2
TAATGTTACTCGCGTC,2
TAATGTTTTTGACCAT,2
TAATTAAACTAAACAG,2
TAATTAAAGTAATTAA,2
TAATTAACAAATCCAA,2
TAATTAATTATAGTTC,2
TAATTACAGAATGTAT,2
TAATTACCAAGCTCGT,2
TAATTAGAATTGTGAA,2
TAATTAGCACGACATT,2
TAATTATAAAACCAAT,2
TAATTATAACAAGAAC,2
TAATTATGTATATAAT,2
TAATTATGTCCCTGGG,2
TAATTATGTTCACATC,2
TAATTCAGTGGGAACC,2
TAATTCCAAGATTTAA,2
TAATTCCGCATATACA,2
TAATTCCTCATATACC,2
TAATTCCTTGAAACTC,2
TAATTCGACAAAGCAA,2
TAATTCGACCAAATCA,2
TAATTCGAGCAAGAAA,2
TAATTCTTGTATATGG,2
TAATTCTTTGATATGG,2
TAATTGATTACATTAA,2
TAATTGCACACCTTTT,2
TAATTGCCCAACATTA,2
TAATTGCGATCAGACC,2
TAATTGTACCCCATTC,2
TAATTTAAAATTACCG,2
TAATTTATAGATTAAG,2
TAATTTCAATTGACCT,2
TAATTTCAATTTACCC,2
TAATTTTAGACCAACT,2
TACAAAAAAATAAATT,2
TACAAAAAGTACCACA,2
TACAAAAATGATTGCT,2
TACAAAAGGGAGCACC,2
TACAAAATAAACGAGT,2
TACAAACAGATTAGAG,2
TACAAACATTAAGACC,2
TACAAACGTTCTTCCC,2
TACAAAGAACAGCTTC,2
TACAAAGCCCACCTAT,2
TACAAAGTGTTACACA,2
TACAAAGTGTTATCCA,2
TACAAATACGTTTTAC,2
TACAAATCTGGTCAGC,2
TACAAATGCCCCCCCA,2
TACAAATTGAATTACT,2
TACAACAAGAACATCA,2
TACAACACGGTGTAAG,2
TACAACAGAACGTATC,2
TACAACATGTATGTAC,2
TACAACCAGCGAACAG,2
TACAACTAACCTGAAT,2
TACAACTGCCGATTAG,2
TACAACTTGTGTATAA,2
TACAAGCAGGCCCACT,2
TACAAGGTATTAGACA,2
TACAAGGTCAATGCAA,2
TACAATAACAGCACAA,2
TACAATAGGAGTAAGC,2
TACAATATAGCAGTAA,2
TACAATATCCTTGTTC,2
TACAATCAGACCCTAC,2
TACAATCGTCCAAAAG,2
TACAATTGGTACATAC,2
TACACAAAATAGTATA,2
TACACAACAAAAAAAA,2
TACACAAGATACATTC,2
TACACAATGCATCCAT,2
TACACAATGCTTCACA,2
TACACACAAATGGTTA,2
TACACACAGCAAGTCA,2
TACACACCTCAAGTCA,2
TACACACGAACATGGC,2
TACACATAAGTCCTGA,2
TACACATAATAATTCA,2
TACACATCTACCCCGT,2
TACACCAAAAGGCAAG,2
TACACCAACAATACAG,2
TACACCAAGCGAACAG,2
TACACCAAGGGTGAAA,2
TACACCAATGACGAAA,2
TACACCACCAATACAT,2
TACACCACCAATGCAG,2
TACACCACTAATACAG,2
TACACCAGACAGTACA,2
TACACCAGAGATACAA,2
TACACCAGGAGTAAGC,2
TACACCAGGCGTAGAA,2
TACACCATAAAGTTAA,2
TACACCATTTCACCCT,2
TACACCCAATGAGCCT,2
TACACCCAGAGAACAG,2
TACACCCAGCGAAGAG,2
TACACCGGCCGTAAAG,2
TACACCTTTAAGACTA,2
TACACGCCGAAATCGC,2
TACACGCCTCGTCCTC,2
TACACGGAACCACCAT,2
TACACGTAGTACTCTT,2
TACACGTGACTAAATG,2
TACACTAAGTCATGTC,2
TACACTAATGACAAAA,2
TACACTAATGACCTCC,2
TACACTACAAAAAAAT,2
TACACTACAGAAAAAA,2
TACACTACCAATACAG,2
TACACTAGGAGCAAGC,2
TACACTAGGAGTAAGG,2
TACACTAGGAGTAGGC,2
TACACTAGGAGTGAGC,2
TACACTAGGATTAAGC,2
TACACTAGTAGTAAGC,2
TACACTCCTCTGTGTA,2
TACACTTAACAATTAT,2
TACACTTCTCCTAATA,2
TACAGAAAAAAGCTAC,2
TACAGAAAGGAAACCC,2
TACAGAAATATAACAA,2
TACAGAAATGTAACAC,2
TACAGAACCAATACCA,2
TACAGAACCCATTGAG,2
TACAGAAGCACTTCAG,2
TACAGAAGCATTTCAG,2
TACAGAAGCCTTTCAT,2
TACAGAATCGACAAAT,2
TACAGAATTGTATATT,2
TACAGACGAATCATTC,2
TACAGACGCTAGACTC,2
TACAGACTCAGGCCAA,2
TACAGAGAGCCTCTCA,2
TACAGAGGAATACTCC,2
TACAGATAAAACCCAG,2
TACAGATGTACTAACT,2
TACAGCACAGATCTAA,2
TACAGCTTGCCAGTAC,2
TACAGGAAAATGCAGA,2
TACAGGAAATATGAAA,2
TACAGTAAATCCTTCA,2
TACAGTAAGTGACTCA,2
TACAGTACTGTGCTAT,2
TACAGTAGCGCGAAAA,2
TACAGTAGTTGACTCA,2
TACAGTGGCAAAGGTT,2
TACAGTTTACTGAGCG,2
TACATAAATGATTTAC,2
TACATAAGACCCTAAT,2
TACATAAGACCCTACC,2
TACATAAGGCCCTACT,2
TACATAATTGTTTGGA,2
TACATAATTTTTCGGA,2
TACATACAACAGTCAG,2
TACATACATTCTGCTT,2
TACATAGTCCATTAAC,2
TACATAGTTACACTAA,2
TACATATAGAGGACAG,2
TACATATTTAAAATCT,2
TACATCAACCCTGCGC,2
TACATCAATATGATAA,2
TACATCACGATGTATG,2
TACATCAGAAGAGTTG,2
TACATCATTTCGGAAG,2
TACATCCACCAAACAA,2
TACATCCTCACATAAA,2
TACATCCTCAGGACTC,2
TACATCGACCTCACCT,2
TACATCGTATTCACTA,2
TACATGAATCAAGTAC,2
TACATGCCAATAAAAG,2
TACATGCCTACCTAAT,2
TACATGCGAAATATGT,2
TACATGTGCCAACCAA,2
TACATTAAACACAAGG,2
TACATTAGACAGAACG,2
TACATTAGGAGTAAGC,2
TACATTATAGTTAGTT,2
TACATTATTCCAATAC,2
TACATTCAAAAGCACT,2
TACATTCACACCCCAT,2
TACATTTCGACAAGCT,2
TACATTTTCAGTAACC,2
TACCAAAAAGTATGCA,2
TACCAAAAATAAGCCG,2
TACCAAAACCTAAAAT,2
TACCAAAATCTATACT,2
TACCAAAATGAAAGTC,2
TACCAAACGCCAGCTC,2
TACCAACAAAGTTAGC,2
TACCAACATTCAAACT,2
TACCAACGATAATTGA,2
TACCAACTCTGCTAAA,2
TACCAAGGGATGACGG,2
TACCAAGGGCTGATGG,2
TACCAAGTTAATCAAC,2
TACCAATGATAATCAT,2
TACCAATTTTTTCAGA,2
TACCACCAGTTACAAC,2
TACCACCAGTTAGCAC,2
TACCACCCATCACAAC,2
TACCACGAATATTGAG,2
TACCACGACTATTGGG,2
TACCACGATATAACAA,2
TACCACGCAATGGCAG,2
TACCACGTTCGAATCG,2
TACCACTCCTCCGCGA,2
TACCACTGCCCGCAGC,2
TACCAGAAGATTGAGT,2
TACCAGAGAAATTTAT,2
TACCAGGCCGTGTGAG,2
TACCAGGTGCAATACC,2
TACCAGTAGTCTTCGC,2
TACCAGTTAATCATTG,2
TACCAGTTTGCTATTA,2
TACCATAAATTTATGT,2
TACCATAAATTTATTG,2
TACCATCGGACATTAG,2
TACCATGGGAGGAAAA,2
TACCATTGCCTGATCT,2
TACCATTTCCTTTAAA,2
TACCCAAGGACCTCCC,2
TACCCAAGTCTCCAAT,2
TACCCAAGTGTCCCTG,2
TACCCACCCAATCTGA,2
TACCCACTCACTCATT,2
TACCCACTCCACCAAT,2
TACCCATGCATTATTA,2
TACCCATTCCATAAAA,2
TACCCATTGTCATCCA,2
TACCCCAAATTCAAAG,2
TACCCCATGATGTTAA,2
TACCCCTCTAATGCTA,2
TACCCCTGACAACCCA,2
TACCCGAGCCTGAATA,2
TACCCTAAAAGCTAAC,2
TACCCTATAAAATACC,2
TACCCTCGCACAAACT,2
TACCCTGCCTAGTGAG,2
TACCCTTTACATATTT,2
TACCGAAAAAGTAGCT,2
TACCGAACCTCGTTTA,2
TACCGAGAGTAACTCC,2
TACCGCAATAATGCGG,2
TACCGCAATAGATTAT,2
TACCGCACAATTCTCA,2
TACCGCCACCACCTCA,2
TACCGCCCTTAATCCG,2
TACCGGTCATAAACAG,2
TACCGTGTCAACATCA,2
TACCGTGTTACATGGA,2
TACCGTTGAGTAGTTG,2
TACCTAATAAATGAAG,2
TACCTAATATTATTCA,2
TACCTACATACGGTAC,2
TACCTACTTTTAACAC,2
TACCTAGTAGTATGAT,2
TACCTAGTTATATGCA,2
TACCTATACGCTGGCA,2
TACCTATGATGGTCAC,2
TACCTATGTACAAATA,2
TACCTCAATACAGACA,2
TACCTCATCACGACCC,2
TACCTCTCTACACCTA,2
TACCTCTGAAAAACGC,2
TACCTGTTGCCGATTT,2
TACCTTAACGGGATTA,2
TACCTTACCAATCTAA,2
TACCTTCATAGGAAAT,2
TACCTTCCAAACATAA,2
TACCTTTTTCAAACCA,2
TACCTTTTTCACCCTT,2
TACGAAAACTTGTCAA,2
TACGAAAACTTTCAAG,2
TACGAAACACTGCCGC,2
TACGAAACGGTGATTA,2
TACGAAACGTCCGAGC,2
TACGAAACTACACATA,2
TACGAAAGACGGACCT,2
TACGAAAGACGTCCCT,2
TACGAAATCCTAGGTT,2
TACGAACAGATGTGGT,2
TACGAACCATCAGTGA,2
TACGAACCCATCACCC,2
TACGAAGAATTAGCAC,2
TACGAATAAAGACTTG,2
TACGAATGCTAAACTA,2
TACGACAAAAACACGC,2
TACGACAAGTGACGCA,2
TACGACACCATACTCA,2
TACGACAGAATACGAC,2
TACGACAGGATCTTAT,2
TACGACTATCAGGACA,2
TACGACTCTTTACAGA,2
TACGAGCAATAGGTCG,2
TACGAGCAATCGTTCG,2
TACGAGGATTAGAAAT,2
TACGAGTAAAGTGATC,2
TACGAGTATGACGTAC,2
TACGAGTTGTCAGGAT,2
TACGATAAGAAATCAA,2
TACGATACCACTTACT,2
TACGATACCCAGCTAA,2
TACGATAGGATGAGTT,2
TACGATATATAGCACC,2
TACGATCCACGAGAAT,2
TACGATGTTATACACT,2
TACGATTACAACATTC,2
TACGATTTTTACCCTG,2
TACGCACTAGATCAAA,2
TACGCAGCATTTAAAA,2
TACGCAGGAAAAACAC,2
TACGCAGTTAACCCAC,2
TACGCAGTTGGCATTG,2
TACGCCAAATCTTATC,2
TACGCCAAGGGTGAAG,2
TACGCCACCCTCAACC,2
TACGCCACGTTATGGG,2
TACGCCAGAACCGCCC,2
TACGCCGTTATCTCTG,2
TACGCCTATACACACT,2
TACGCGAATTCATGGT,2
TACGCGACAAAGCCAT,2
TACGCGTTGTCGGGAT,2
TACGCTACTTCCGATA,2
TACGCTAGGAGTAAGC,2
TACGCTCTACTTAAAG,2
TACGCTGTTTGTGTCT,2
TACGCTTCAGTATTTT,2
TACGGAAAATCCAACA,2
TACGGACGAACCATTC,2
TACGGACGATGTTACC,2
TACGGACGGATCATTC,2
TACGGACGGTGTGACC,2
TACGGACTAATCATTC,2
TACGGACTACCTTGAA,2
TACGGAGTTTGTGCCT,2
TACGGCATCTCATAAC,2
TACGGCCACGTTTTGC,2
TACGGCTCAGAATAAC,2
TACGGGAACATACCCA,2
TACGGGCAAGCGACAC,2
TACGGGTACAGTACCT,2
TACGGTACCATTAATA,2
TACGGTTAACCGGCCA,2
TACGGTTGCATGCATG,2
TACGTAAAATTGGACC,2
TACGTAAACAACCTGT,2
TACGTAAATCTTTGAG,2
TACGTAACATCACACT,2
TACGTAACATCTTTTA,2
TACGTAAGAATGTCTT,2
TACGTAAGCCATATGC,2
TACGTAAGGATGTCTC,2
TACGTAAGGATGTTTT,2
TACGTACCCATCACCC,2
TACGTACGATGTGACC,2
TACGTACGCACAATAT,2
TACGTACTTCCAAAGT,2
TACGTATCTCTAAAAT,2
TACGTATGTATGCTAC,2
TACGTATTAGCTCAAG,2
TACGTCACTCACCTAA,2
TACGTCCCCGTTTTGC,2
TACGTCGAATAAAGCA,2
TACGTCGCAATGGTAA,2
TACGTCGCTATGGTCC,2
TACGTCGGCGTAGGTG,2
TACGTCGGCGTCGGTT,2
TACGTCTATATGCACT,2
TACGTCTTAACGAAGA,2
TACGTGATTGCCGTAT,2
TACGTGCTAATTTCGC,2
TACGTGTCTAACTGTG,2
TACGTTAGATACACAA,2
TACGTTAGCATATCGC,2
TACGTTCCCTTGCTGA,2
TACTAAAAGACGACTT,2
TACTAAATCATGTGAA,2
TACTAAATCCATATAC,2
TACTAACAAAATTGAT,2
TACTAACCAAGAGACT,2
TACTAACCATCAGGGA,2
TACTAACGATCGGATG,2
TACTAAGATCTCCAGT,2
TACTAATATAGTTCAC,2
TACTACATTACTTCGT,2
TACTACCGACAGTAGA,2
TACTACGTAATGAAAA,2
TACTACTGCCCGCAGG,2
TACTACTTTGGCGGCG,2
TACTAGCATGCACACT,2
TACTAGGCGGATTAGT,2
TACTAGGGAGTAAAGG,2
TACTAGGGGCTCATGT,2
TACTAGGGGGACTTTA,2
TACTAGTCATTCATCT,2
TACTAGTCCTTCATCC,2
TACTAGTTTTTTGAAA,2
TACTATAGACACATGA,2
TACTATAGTACGGCAA,2
TACTATATAATATACG,2
TACTATATAGATAAGC,2
TACTATATGTATAAGC,2
TACTATATTTTTAGCC,2
TACTATCAGAACTACA,2
TACTATCCCACGTCTA,2
TACTATGCGGCTTAGT,2
TACTATTAAGTCCATG,2
TACTATTCACTGCCAC,2
TACTATTTAATGTAGA,2
TACTCAAAAGCCCTTA,2
TACTCAACAACCAACC,2
TACTCAATATAGCCAC,2
TACTCAATGCTCTGAC,2
TACTCACATGATGGCG,2
TACTCACCGTAATTCA,2
TACTCACTCCTTATTA,2
TACTCAGCATTTAAGA,2
TACTCAGTCGAAAGAT,2
TACTCATAAAGACTTG,2
TACTCCACCATACTCA,2
TACTCCACCATAGAAT,2
TACTCCATAGCTCACA,2
TACTCCCGGAAGTGGG,2
TACTCCGATGCTCACC,2
TACTCCGCCGTCTTAA,2
TACTCCGTAGGACTTG,2
TACTCGATCCCCAAAC,2
TACTCGTAACGAGTGT,2
TACTCGTATGTCTGGG,2
TACTCGTGCATTATCA,2
TACTCGTGCGAAGGTC,2
TACTCTCAGTTAGCGA,2
TACTCTGAAACCTTAC,2
TACTCTGGGTACCTTA,2
TACTCTGTTTGTGTCA,2
TACTCTTAACTGACAG,2
TACTCTTAATTCATGC,2
TACTCTTTATTAACAG,2
TACTGAACAGTTCCAC,2
TACTGAATATGTACAA,2
TACTGAGAAAATAAGG,2
TACTGAGTGACCAAAC,2
TACTGATACTAATTGG,2
TACTGATGGTGCTTAC,2
TACTGCAAGCAAAAGC,2
TACTGCAAGCGTTACC,2
TACTGCTAAATAACAA,2
TACTGCTGTCTATCAA,2
TACTGCTTAGGCGGTC,2
TACTGGCATGCACACC,2
TACTGGGCGGCTTAGT,2
TACTGTAAGACACCAT,2
TACTGTAAGACCCAAT,2
TACTGTAATGAGACAC,2
TACTGTCACAGAGCAA,2
TACTGTGCTGGAAAAT,2
TACTTAAATGGAGAAA,2
TACTTAGACGCACATC,2
TACTTAGGAATCGCAC,2
TACTTAGTAAAAATGA,2
TACTTCAATTCTTAAT,2
TACTTCACCTGGGACA,2
TACTTCCAGTGAACAA,2
TACTTCCCTCGCCCAT,2
TACTTCGCCGTCTGAA,2
TACTTCTGTCTAGTAC,2
TACTTGAAGGCCCACT,2
TACTTGCTAAAGTACA,2
TACTTGGGGTGGACAT,2
TACTTGTGAGCATGAC,2
TACTTGTTACTGGGTT,2
TACTTGTTTACAGGGG,2
TACTTTCTTTGAGAAG,2
TACTTTTACATTTACG,2
TAGAAAAAAGAGTAGC,2
TAGAAAAACAAGCAGT,2
TAGAAAACCAACGGAA,2
TAGAAAACCCACGTAA,2
TAGAAAACCCAGGGAA,2
TAGAAAAGAATAAAAA,2
TAGAAAAGTGAACGAA,2
TAGAAAATTCAGAACA,2
TAGAAACAGACAAAAT,2
TAGAAACCCTCGTCAA,2
TAGAAACCTCTGCCTT,2
TAGAAACGACAAGCAG,2
TAGAAAGAAGTAGTAA,2
TAGAAAGGTCTAAACC,2
TAGAAAGTCTATTACC,2
TAGAAAGTCTCTTACA,2
TAGAAATAGGTAAGGT,2
TAGAAATCACAATTAA,2
TAGAAATGACAAACAT,2
TAGAAATGGAGCGAAA,2
TAGAAATTGGTAACTC,2
TAGAACAACTCAGGCC,2
TAGAACACAAATGACA,2
TAGAACCTCAGATAAA,2
TAGAACGATCTCCTTC,2
TAGAACGCATATTATA,2
TAGAACGCTAAGTACC,2
TAGAAGTCGACACGCA,2
TAGAATAAAGCGGAAA,2
TAGAATAACATTATCG,2
TAGAATAACCATACAA,2
TAGAATAATGATGTTA,2
TAGAATCTGCCAGCTG,2
TAGAATGAAATACTAC,2
TAGAATGAGTGAATCA,2
TAGAATTATTGTTGGA,2
TAGAATTTGCAGACTT,2
TAGACAAATCAGTCAA,2
TAGACAATCGTTAGTT,2
TAGACAGACTAAGCCA,2
TAGACAGCAATGACAA,2
TAGACAGTTACCTCGA,2
TAGACATATAAGTTGT,2
TAGACATGACATATCC,2
TAGACATGATATTTTT,2
TAGACCAAATGCCCAA,2
TAGACCACTCCCACAA,2
TAGACCCAGTGAATCG,2
TAGACCGCGTTAACAG,2
TAGACCTGATCTTTAA,2
TAGACTACTTTGTGAT,2
TAGACTACTTTTCATA,2
TAGACTAGGCGGAGTT,2
TAGACTATAGGAGCAA,2
TAGACTATTGAATGAT,2
TAGACTGAGTTTCCTA,2
TAGACTGATTTTCTTA,2
TAGACTGATTTTTCTA,2
TAGACTTAATCATTCT,2
TAGACTTATTTTCCTA,2
TAGACTTGCAATATCT,2
TAGAGAATTCAAACCC,2
TAGAGACTAATAAAAA,2
TAGAGATCAAAAGATG,2
TAGAGATCATAGACAG,2
TAGAGATGGTCTCCTA,2
TAGAGATTCTACAGGC,2
TAGAGATTGATTTCTT,2
TAGAGCAAACAATCTT,2
TAGAGCACCCCGAAAT,2
TAGAGCACCTCGATCT,2
TAGAGCAGGCTATACG,2
TAGAGCATTACGAACA,2
TAGAGCCAGGACTAAA,2
TAGAGCGATGGAAGTT,2
TAGAGCGTGTTGTATA,2
TAGAGGTAAATGTGGT,2
TAGAGGTAACTTAATA,2
TAGAGGTTGAGAGATA,2
TAGAGGTTTATGCTGA,2
TAGAGTATAACCCCTT,2
TAGAGTTATATTGTCT,2
TAGATAAACCACTTAA,2
TAGATAACTGATCCAA,2
TAGATAAGCTCCTTCA,2
TAGATAAGGTAATTAG,2
TAGATACTATGACACC,2
TAGATAGAAGGCCACC,2
TAGATAGGTTCTGCTT,2
TAGATATAAAACTCAT,2
TAGATATACCCGAAGA,2
TAGATATTCTATAAGT,2
TAGATCAATTAATACC,2
TAGATCCCAATGAAAA,2
TAGATCCTCCTCTGAC,2
TAGATCTCGTGTCACA,2
TAGATCTGACTGTGGG,2
TAGATCTGCCCGTGGG,2
TAGATGAAAGACAGAA,2
TAGATGAAATCCAGAA,2
TAGATGACCGCACAAA,2
TAGATGATTAGAAAAT,2
TAGATGATTAGGTATA,2
TAGATGCCCAGAATAC,2
TAGATGGGTTTTATCA,2
TAGATGTGAGAAAAAT,2
TAGATTAACTTTCGGT,2
TAGATTAATCGGATGA,2
TAGATTACACACCACA,2
TAGATTACCAACCAAC,2
TAGATTAGAAAATCAG,2
TAGATTAGGGTGATCA,2
TAGATTCATCGTATGA,2
TAGCAAAAAGAGTAGA,2
TAGCAAAAATAGTAGC,2
TAGCAAAACCAGTTAT,2
TAGCAAATATGAATCG,2
TAGCAACATCGCACAT,2
TAGCAAGCAGCACTCA,2
TAGCAATACCCAAGGA,2
TAGCAATTAGGTCACA,2
TAGCACACACAAGCCA,2
TAGCACAGATTCACCA,2
TAGCACATAGACAAAG,2
TAGCACATCTACCCGT,2
TAGCACTCATGGAACA,2
TAGCAGAAAGGGGATA,2
TAGCAGGTCTTACAAA,2
TAGCATACGAGTCAAA,2
TAGCATCTAAATAGTT,2
TAGCCAAAAATTAATT,2
TAGCCAAAGATACTGC,2
TAGCCACATCAGCGCC,2
TAGCCACCAGGGCTAG,2
TAGCCAGACTGAGCGA,2
TAGCCAGTGATGGGGG,2
TAGCCATAATATGGTG,2
TAGCCATACCTATATA,2
TAGCCATGGTTGGATA,2
TAGCCATTAAATGGAA,2
TAGCCCAAAAAAGAAC,2
TAGCCCAAGCTCACCA,2
TAGCCCATCCTACTGT,2
TAGCCCTAACACCATG,2
TAGCCGAAAATAATGT,2
TAGCCGCATGAGATTT,2
TAGCCTGTGCAAGTGC,2
TAGCCTTCGTGTCGTT,2
TAGCCTTCTCAGAAAC,2
TAGCCTTGTATACATA,2
TAGCGAAAATTGTGAA,2
TAGCGAAGCAACAGTT,2
TAGCGAGGGATATCAA,2
TAGCGATTAGTTCCAT,2
TAGCGCATAATAGACT,2
TAGCGGTTGCGAGACC,2
TAGCGTATGAAGTAGA,2
TAGCTAAGCACCAGTT,2
TAGCTAGTCAAACGAG,2
TAGCTGACACTGGATA,2
TAGCTGACAGGACTAA,2
TAGCTGAGACTACCTT,2
TAGCTGGTCATCAATT,2
TAGCTGGTTTTACCAT,2
TAGCTGTGATTTTTTC,2
TAGCTTAATAGACCAA,2
TAGCTTATAATGAGCC,2
TAGCTTGACAGAACGA,2
TAGCTTTCCCGACACG,2
TAGCTTTGTTCAAGCT,2
TAGCTTTTTCATACTA,2
TAGGAAAAATGTAAAA,2
TAGGAACAGTAAAGCC,2
TAGGAACCGTAAATCC,2
TAGGAAGAAAAACTCT,2
TAGGAAGAAAACATCT,2
TAGGACAAAGGACTTA,2
TAGGACACCACAGAAA,2
TAGGACCACTGACTCG,2
TAGGACCCATCTAGAA,2
TAGGACGAATATCAGT,2
TAGGACTGGTACCCTA,2
TAGGAGACATGAGCGA,2
TAGGAGACGCCCACCA,2
TAGGAGAGCAACACTG,2
TAGGAGATTACGCCCG,2
TAGGAGATTCCTTCTA,2
TAGGAGCAGTGCTCGT,2
TAGGAGCCGAGGCAAT,2
TAGGAGCTGTCGCGCT,2
TAGGAGGAATCCACGT,2
TAGGAGGCTTCCAATG,2
TAGGAGTAACCCACGT,2
TAGGAGTAAGGTGTAA,2
TAGGAGTTGCCAAATT,2
TAGGAGTTTATCAATG,2
TAGGATACACTATATA,2
TAGGATACATGAGCAA,2
TAGGATACTTATAGAG,2
TAGGATACTTATATCG,2
TAGGATAGACGTATAC,2
TAGGATATCCTTAGAG,2
TAGGATCCATGCACCC,2
TAGGATGACTCCATCC,2
TAGGCAACCTAAAAAA,2
TAGGCACATAAACGCA,2
TAGGCATATCAAGTGA,2
TAGGCCAATTTAACTA,2
TAGGCCACTATCCAGT,2
TAGGCGAACTTTACGT,2
TAGGCGCTATGGTAGA,2
TAGGCGTATGCACAGA,2
TAGGCGTCCCTACTAA,2
TAGGCGTGCTAGTTAT,2
TAGGCTAGAGTTTTGT,2
TAGGCTAGTAAGAGCA,2
TAGGCTTATCTGCAAA,2
TAGGCTTCTGCACAGA,2
TAGGGAACACAAGAGT,2
TAGGGACCACACATAA,2
TAGGGACTTATAGACA,2
TAGGGATGTAGTCCAA,2
TAGGGCAGTTCCTAAT,2
TAGGGCCGTAGGTCAT,2
TAGGGGAACAAGTGTA,2
TAGGGTAACACTAATG,2
TAGGGTCCCTACAGTA,2
TAGGGTTCGTTCGGCC,2
TAGGTACCTACCATTT,2
TAGGTAGGCGAGAAGT,2
TAGGTCGCAAGCAAAA,2
TAGGTCGCTAACAAAA,2
TAGGTGAGGATTCACA,2
TAGGTTACTAAACGAC,2
TAGGTTCAAGCAAATC,2
TAGGTTGAGTATTCCG,2
TAGGTTGCCCACTGTC,2
TAGGTTGTTGTATACA,2
TAGGTTTCATACACCA,2
TAGGTTTTATTAACAT,2
TAGTAAACGAACTCGT,2
TAGTAACAGATGAATT,2
TAGTAACGGCGTCTTA,2
TAGTAACTCTGGCCTA,2
TAGTAAGCCCCAATAG,2
TAGTAATAAAAGTCTC,2
TAGTAATAACATAGAA,2
TAGTAATCGTGTGAGT,2
TAGTACATATAAACTA,2
TAGTACCAAACAGGTG,2
TAGTACCCATACTCTC,2
TAGTACCGCTGAGGCT,2
TAGTACTATACAGCCA,2
TAGTACTATATAAAAA,2
TAGTAGAAAGTGATCC,2
TAGTAGCTACACCATA,2
TAGTATACTTATAATT,2
TAGTATATTTTTATCC,2
TAGTATCACAACTTAT,2
TAGTATGCCAAGATTA,2
TAGTCACATATGAATT,2
TAGTCAGGTTAAATCA,2
TAGTCAGTACATCGAT,2
TAGTCAGTATATCGAG,2
TAGTCAGTGCATCGAG,2
TAGTCATAGTGTGAGT,2
TAGTCATCGCGTGAGT,2
TAGTCATCGTTTGAGT,2
TAGTCCATATAAAATA,2
TAGTCCGAGTCTAAAC,2
TAGTCCTATCATCCTA,2
TAGTCCTCTAAACACC,2
TAGTCTATAAAGCAAA,2
TAGTCTCCCGGGCCAA,2
TAGTCTCGTTAGATTT,2
TAGTCTTCAGGCAGAA,2
TAGTCTTTCTTACACA,2
TAGTGAAAAGATACCT,2
TAGTGAAGCCTCCTAG,2
TAGTGAATGATATTTT,2
TAGTGAATTCCTGCTC,2
TAGTGACCGACACTAG,2
TAGTGACGCCCATGGA,2
TAGTGATCAGCTGAAA,2
TAGTGCAGCTCCGATC,2
TAGTGCTCAGCTTCTC,2
TAGTGCTCCGAAGTAC,2
TAGTGTACAAAATACC,2
TAGTGTTCAGCTGAAA,2
TAGTTAACGAGTTACA,2
TAGTTAACGTGCGCCT,2
TAGTTACAATTATGCC,2
TAGTTACGCCCGCATT,2
TAGTTATCGTGTGAGT,2
TAGTTATTACGACTGT,2
TAGTTCACTATCCTAT,2
TAGTTCCGCTCATTGA,2
TAGTTCGTATAACGGG,2
TAGTTGACAATAAATC,2
TAGTTGTACAACGTAC,2
TAGTTTAACAGGAGTG,2
TAGTTTAAGTTAATTT,2
TAGTTTATGCTGACTC,2
TAGTTTCAAGCAGACT,2
TATAAAAAAAACTTTC,2
TATAAAAAAACAAATA,2
TATAAAAAAACAGGAA,2
TATAAAAAATTTTGCA,2
TATAAAAACTTCACAA,2
TATAAAACCCACGGAA,2
TATAAAACGTAACTAC,2
TATAAAACTAGATTAT,2
TATAAAGATTACAATT,2
TATAAAGGCCAAACGG,2
TATAAATATGCACTAA,2
TATAAATCAACCACGC,2
TATAACAATTAGGATC,2
TATAACACACTCTACA,2
TATAACAGGGGCTACA,2
TATAACATCTTAAAAC,2
TATAACCAAGTCCCAG,2
TATAACCCATTAAAAC,2
TATAACCCTATGAGTA,2
TATAACCGACGGTAAA,2
TATAACGTAACTTTTC,2
TATAAGAATAGAACCT,2
TATAAGACCCTATACA,2
TATAAGATATAGAGTT,2
TATAAGCCCGTGGCCC,2
TATAAGGTAGCGCTTT,2
TATAAGTTCAAAGCGT,2
TATAATACAAAGCCAA,2
TATAATACAACGCCAG,2
TATAATACAACTCCAA,2
TATAATACTGTAGACA,2
TATAATATAGCTCCGA,2
TATAATATGATGTATA,2
TATAATATGATGTTTA,2
TATAATATTGATCTCA,2
TATAATCCAACTAGAT,2
TATAATCGACCGCGAA,2
TATAATGAGCGACTTA,2
TATAATGCCCATTCAA,2
TATAATGTGCTAACAA,2
TATAATTGGATTCGCA,2
TATAATTTGCCTCGAG,2
TATACAACACAGTAAA,2
TATACAACTCAGGATC,2
TATACACAACGAGTAA,2
TATACACCATGCCGCC,2
TATACACTACAGCCAT,2
TATACAGAATAATTGG,2
TATACAGACTAGTAAC,2
TATACATGGTAAAAAT,2
TATACCACCAAGCCAC,2
TATACCATTGGATAGA,2
TATACCCAAGCTTTAA,2
TATACCGAAGCGGGTT,2
TATACCGAATTAAACC,2
TATACCTAACAAAGAT,2
TATACCTCATTAACCC,2
TATACCTGTCGAGACA,2
TATACCTTGCAATTGA,2
TATACGCGAATTGAAG,2
TATACGGTAAGGCGTC,2
TATACGGTTGCTTAAA,2
TATACGTTCTCAATGC,2
TATACTATCATACTAA,2
TATACTATCCTAATAA,2
TATACTATGGCAACAA,2
TATACTCATTACACCG,2
TATACTGATTTTCCTA,2
TATAGAAACCGCAATC,2
TATAGAAAGAAACCAA,2
TATAGAACTCGTGTGC,2
TATAGAATAAGAAGGC,2
TATAGACCCTCAAACA,2
TATAGACGCCGGTGTG,2
TATAGACTATTTGAAC,2
TATAGAGACAAAGGGA,2
TATAGAGAGGGCCGCC,2
TATAGAGATCACGATT,2
TATAGAGCGGTCCACG,2
TATAGATTTCTTAGAC,2
TATAGCAATTTAACTC,2
TATAGCATTTTTTTTT,2
TATAGCCGTCCACCGT,2
TATAGCCTAGATCACA,2
TATAGCGTCCCAACAC,2
TATAGCGTTTAATAGT,2
TATAGGCCGTGCCACA,2
TATAGGTAACTGTCAT,2
TATAGGTGTCGAGACA,2
TATAGTAATTTAAGAC,2
TATAGTACCCATGTAT,2
TATAGTAGAGTTTAAC,2
TATAGTAGGAGAGACG,2
TATAGTGAGCAAAAAC,2
TATAGTGATTAGTTAC,2
TATAGTTGTGGAGAAG,2
TATATAAACTCGAAAA,2
TATATAACAAATCCAG,2
TATATAACGCCCTGGC,2
TATATAAGACAGAGAT,2
TATATAAGACCCTACT,2
TATATAAGATCAGATA,2
TATATAATGTTAAGAT,2
TATATACTTGCATACG,2
TATATAGATCAGACAG,2
TATATAGGTATGGGAG,2
TATATAGTAGTAGCAA,2
TATATATAAATGTGTC,2
TATATCACGCAGACAC,2
TATATCACTAGTGCAA,2
TATATCACTCATGCAA,2
TATATCCCGTCGAAAG,2
TATATCCGGCCTGACC,2
TATATCCTACCTGACC,2
TATATCTAGTATTCGA,2
TATATCTCATGTCACA,2
TATATCTCTACTTTAT,2
TATATGAATGAAAAGA,2
TATATGAGTCACATTA,2
TATATGAGTCCCACTC,2
TATATGATCAATAAAA,2
TATATGATGGAATCTT,2
TATATGTGTAAACACC,2
TATATTACGCTTACAT,2
TATATTATCCTACTAA,2
TATATTCTCTTACGGG,2
TATATTGAAAAGTCCC,2
TATATTGTCGAAAAGG,2
TATCAAACGCACACGG,2
TATCAAAGACACAAGA,2
TATCAAAGCTGGTAAT,2
TATCAAAGGGGACAAA,2
TATCAAATATGTGTAA,2
TATCAAATGTAACTTA,2
TATCAACAATCACCTC,2
TATCAACCATGCCGCC,2
TATCAATAGAAAAAAT,2
TATCAATAGAGAGACT,2
TATCAATAGAGCAATT,2
TATCAATCAAAAATGG,2
TATCAATCTCACCCAT,2
TATCAATGCGGACTTC,2
TATCACAGCACTTAAA,2
TATCACAGGGCGATGA,2
TATCACCCCACGAAGC,2
TATCACCCCATGAGTA,2
TATCACGCAGTCACGG,2
TATCACTACGAAGTGT,2
TATCAGATATGAAATG,2
TATCAGTCTTTATTGA,2
TATCATATCCATTACC,2
TATCATATCCCTCCCG,2
TATCATATGAGAACAC,2
TATCATCTTAACCAAA,2
TATCATGTGATAACAC,2
TATCATTTAAATCATT,2
TATCATTTACTAACCC,2
TATCCAAAGATACTAC,2
TATCCAAATTGCTATT,2
TATCCAATACCATGAA,2
TATCCAATGCTAGATC,2
TATCCACCTAAAACTT,2
TATCCACCTTCTTGAT,2
TATCCAGCCTCGAAAG,2
TATCCAGGCTATATCC,2
TATCCAGTTCTAGGTC,2
TATCCATTACCCTCTA,2
TATCCCCTATAAATTG,2
TATCCCGACTAAAATA,2
TATCCGACGCGAGTTA,2
TATCCGATACCATTAA,2
TATCCGCACTCGGGCG,2
TATCCGCAGAAGCCAA,2
TATCCGCATAAGACAA,2
TATCCGCATAAGCAAA,2
TATCCGGAATAAGCCA,2
TATCCGTACTTTGGTC,2
TATCCTAGACGAAAGC,2
TATCCTCAATATCGCA,2
TATCCTCACAAAAATA,2
TATCCTCACAAAAATT,2
TATCCTGATTGGCGAA,2
TATCCTGCACAATGTT,2
TATCCTGTCAAGATTT,2
TATCCTTCACCCTTGA,2
TATCGAAGCACCAGTT,2
TATCGACTTTCATTAA,2
TATCGAGACCATCGGA,2
TATCGAGATAATACCA,2
TATCGATACAGAACTA,2
TATCGATCAAATATCA,2
TATCGCAAAAACTCCT,2
TATCGCATGATTCCCT,2
TATCGCCATACGACGT,2
TATCGCGACCGCCTTA,2
TATCGGCGTATGAGTT,2
TATCGTACCGAATAAA,2
TATCGTTTCTGGGCCA,2
TATCTACAAAAGTAAA,2
TATCTAGACAATACCA,2
TATCTAGTAGTATGAT,2
TATCTAGTCGAGAAAT,2
TATCTATTGCCTAATG,2
TATCTCAACCTATTCA,2
TATCTCACCTCTCCTT,2
TATCTCATAAATCATC,2
TATCTCCATAAGCTCG,2
TATCTCCCGAAATCAA,2
TATCTCCTATGTGACA,2
TATCTCCTGAAGCTCG,2
TATCTCGTGAATACAA,2
TATCTCTGGAGACTAA,2
TATCTGAGCAGATACG,2
TATCTGCGGCCCTAAA,2
TATCTGGCCAATGACT,2
TATCTGGTTTAAAAAA,2
TATCTTAACGATTCAA,2
TATCTTACAGTCATAG,2
TATCTTAGCAGCAACC,2
TATCTTCGTGGCAGCG,2
TATCTTCTAAAAGAAC,2
TATCTTGCAGAGCACT,2
TATCTTGGAATCGTGG,2
TATCTTTCACAGCAGG,2
TATGAAAAGCCCGATC,2
TATGAAAGCTGGTTGT,2
TATGAACAGCGGGAGT,2
TATGAACCGTAATTAG,2
TATGAAGATAAAGGGA,2
TATGAAGGTGGTGCAT,2
TATGAATATAAAGGGA,2
TATGAATGAATTAATG,2
TATGAATTAAGTCAAC,2
TATGAATTGACCGCCA,2
TATGACAAATAATAAA,2
TATGACAGAAAATTGG,2
TATGACAGACGGTAAA,2
TATGACATAGTCTAAA,2
TATGACATCCCTCACT,2
TATGACCTTTCTAAAC,2
TATGACTAAGAAAGTA,2
TATGAGAAGACTGGAT,2
TATGAGGGTAATACCG,2
TATGATATAACAATTA,2
TATGATCAATAATAAA,2
TATGATCAATCCAAAC,2
TATGATCCACCCAAAC,2
TATGATCCGTCCAAAC,2
TATGATGCACGTTCTA,2
TATGATGCGCTTTCTA,2
TATGATTCACGCAAGT,2
TATGATTGGAAGAACA,2
TATGCAAGTATTAATT,2
TATGCATAAAGACTTG,2
TATGCATACCTACCTA,2
TATGCCAAATCATTTG,2
TATGCCACCAACCATT,2
TATGCCACCATAGAAT,2
TATGCCGACATAAATA,2
TATGCCTTAAGACAGA,2
TATGCCTTAGTACAGA,2
TATGCGCTTTAGCTGA,2
TATGCTATTGACCAAA,2
TATGCTTAAATTTACC,2
TATGGAAAAATGTCAG,2
TATGGAAAATATAACA,2
TATGGAAAATTGGAAA,2
TATGGAACAATGTCAT,2
TATGGAACGAAGCCAA,2
TATGGAATAATGTCAG,2
TATGGACCATCCTATG,2
TATGGACGAATCATTC,2
TATGGAGGTTGAACAC,2
TATGGATCGAGACTCG,2
TATGGCAAGCTAGACT,2
TATGGCAAGGACCAAG,2
TATGGCATCGTCTAAA,2
TATGGCTTACATGTTA,2
TATGGGACCATAAACC,2
TATGGGACGTTCCTCC,2
TATGGGATATTAAAGA,2
TATGGGCAATCTGCCT,2
TATGGTGAAAGTAATA,2
TATGGTGACGATATTA,2
TATGTAAGGTAAAAAC,2
TATGTAAGGTACAAAT,2
TATGTAAGGTACGAAC,2
TATGTAAGTATGACCA,2
TATGTAAGTTACAAAC,2
TATGTAATGTACAAAC,2
TATGTAATTGAGAGCC,2
TATGTACCGATGGTTC,2
TATGTACGGTACAAAC,2
TATGTACTAGTCACAA,2
TATGTAGGGTACAAAC,2
TATGTCCAAAGACAAC,2
TATGTCCAAAGCAAAC,2
TATGTCCAGAAGACAT,2
TATGTCCATGAATGGC,2
TATGTCCGTTAATGGC,2
TATGTGAGTATCCGTG,2
TATGTGCACATATTAG,2
TATGTGCGTATCTGTG,2
TATGTGGTAAAAATGT,2
TATGTTAAACAGAATG,2
TATGTTATAGAAGTAG,2
TATGTTCGGTGGTATG,2
TATGTTCTCATACTTT,2
TATTAAAAAATGGCAT,2
TATTAAAAAGTGTTAA,2
TATTAAAGGGACCAGG,2
TATTAAAGTCTTCGAG,2
TATTAACAATTTAGGT,2
TATTAAGAAATATGTC,2
TATTAAGATTAGATCT,2
TATTAATTCAGTCAAC,2
TATTACAAGCTGAAAG,2
TATTACCAGATAAAAA,2
TATTACCCCTCGCGGT,2
TATTACGCAAGAAACT,2
TATTACTAGTCCGTAA,2
TATTACTCTGCCAAAA,2
TATTACTTACCATAAT,2
TATTAGAAAGAACTTT,2
TATTAGACTGTACTTT,2
TATTAGGACCATTATA,2
TATTAGTTAATCCTAG,2
TATTATAAATGAAGAG,2
TATTATATAAAAACAA,2
TATTATATTTTTAGCC,2
TATTATGAGGAATCAC,2
TATTATGTTTAATATA,2
TATTATTCAAGACCAC,2
TATTCAAACAGAATTC,2
TATTCAAGTAGTAATT,2
TATTCACAAGTTGGGA,2
TATTCACAGTCAAACA,2
TATTCACTCCCGAGGT,2
TATTCAGACTTCCAGT,2
TATTCAGAGATTGCAT,2
TATTCAGCTATATGCG,2
TATTCAGTAGTGCCCA,2
TATTCATCACAGACAT,2
TATTCCAAAAATTAAT,2
TATTCCAATTTGATAA,2
TATTCCATGTTACCCG,2
TATTCCCCCGATTCCA,2
TATTCCTAAAGTAACT,2
TATTCCTAGGGAATAC,2
TATTCCTATAATGAAC,2
TATTCCTCTCGATTTA,2
TATTCGCTAGAAAAAT,2
TATTCTACCAATCCAC,2
TATTCTTAACTGACAA,2
TATTCTTAACTGATAG,2
TATTCTTTGTTTTGAT,2
TATTGAAAATGACCAA,2
TATTGAAGTAATCAAA,2
TATTGATGAGACCTAA,2
TATTGCACGTACAAAA,2
TATTGCACTACCTGAT,2
TATTGCCCTTACTCAT,2
TATTGCTCCCTAGCCC,2
TATTGCTTGAATCAGT,2
TATTGGAATCCTCGAG,2
TATTGGATCCCTCAAA,2
TATTGGCTGACGGTTT,2
TATTGGTAAGCAAGGT,2
TATTGGTGATTTTTAA,2
TATTGTAGTCTCAAAA,2
TATTGTCCCGCAAGAT,2
TATTGTGACAAGCTTT,2
TATTGTGCTGGCAAAT,2
TATTGTTATAGAATAA,2
TATTTAAGAAACCAAA,2
TATTTAATACACATAA,2
TATTTACGTGCAATGT,2
TATTTATGAACACAGA,2
TATTTCAAAAGCGAAA,2
TATTTCATAGCTCATA,2
TATTTCATGTCTAAAA,2
TATTTCGAACAACAAC,2
TATTTCTAAAATACAT,2
TATTTCTTCTTCTAGT,2
TATTTCTTTGCCACGC,2
TATTTGAGCTATAAAG,2
TATTTGCATAGACTAG,2
TATTTGCCGAAAAACA,2
TATTTGCCTATACTAG,2
TATTTGCCTGGACTAG,2
TATTTGGGCAACAGTT,2
TATTTTAATCTCTGAT,2
TATTTTAATTAAAGGC,2
TATTTTATAAAAGAAA,2
TATTTTCTCGTAACAG,2
TATTTTCTGACTTTCA,2
TATTTTCTTGTAACAT,2
TATTTTGGAGTCCAAG,2
TCAAAAAAAAGGAATG,2
TCAAAAAAATCGCAAG,2
TCAAAAAACCACATAC,2
TCAAAAACATAACTCG,2
TCAAAAACCTAACTCG,2
TCAAAAACTATATAAA,2
TCAAAAATTGGCAAAA,2
TCAAAACAAAGCACCT,2
TCAAAACTGCTGCGGA,2
TCAAAAGCCAGTAGTG,2
TCAAAAGCGAAAAAAG,2
TCAAAAGGGTCATTAA,2
TCAAAATAATACTGAT,2
TCAAAATACCATTACT,2
TCAAAATCCCTAACGT,2
TCAAACACAATCGAAA,2
TCAAACATAAAAATAG,2
TCAAACATGAATCACA,2
TCAAACATGCACAACT,2
TCAAACTGCTGGTAGA,2
TCAAAGACAGTCTCCA,2
TCAAAGGAAACCCGCT,2
TCAAAGGTCTTCAACC,2
TCAAAGTAGATGCCGG,2
TCAAAGTTGAAAAAAC,2
TCAAATAAAATAGTAA,2
TCAAATATCTTCTCGA,2
TCAAATCCAAATAAGC,2
TCAAATCCGGAAGCGA,2
TCAAATCTCCTAATAG,2
TCAAATCTGAAGTAAC,2
TCAAATGATACCAATT,2
TCAAATGCTACTAATT,2
TCAAATTATATAACAA,2
TCAAATTATCGTACAG,2
TCAAATTTAGGAAGCG,2
TCAAATTTAGGACGCT,2
TCAAATTTAGGACTCG,2
TCAAATTTGCATGAAA,2
TCAAATTTTCAACCTA,2
TCAACAAAAACAGATA,2
TCAACACCATTTATAT,2
TCAACACGTAATAGCA,2
TCAACACTAAGAACTC,2
TCAACAGGAAATTCAT,2
TCAACAGTACTGGAAT,2
TCAACATACTCAAACC,2
TCAACCACATGTTTGC,2
TCAACCACTCTCTAGC,2
TCAACCATTTCGTATT,2
TCAACCCCAATAAACC,2
TCAACCTATCATTAAA,2
TCAACCTGTCTCGTTA,2
TCAACGATTCTCACAA,2
TCAACGCAATGTTGTA,2
TCAACGGTATAATCGT,2
TCAACGTGACAAGGAG,2
TCAACGTTCCGGACAA,2
TCAACTATTGAATGAT,2
TCAACTCAGAATCTAC,2
TCAACTCATCCACACG,2
TCAACTGTGATCGAGA,2
TCAACTTGCTCATACA,2
TCAAGAAAACTCGACT,2
TCAAGAAACTAAAAAC,2
TCAAGAACATTTACTT,2
TCAAGACAAAATGTCT,2
TCAAGACCGAGCGCAA,2
TCAAGACTGAGCACAA,2
TCAAGACTGAGTGCAA,2
TCAAGAGTTGAAGCCG,2
TCAAGCACGCACGCGC,2
TCAAGCCAGAATAGAA,2
TCAAGCCCTAATAGAA,2
TCAAGCCTAGGTGGGA,2
TCAAGCTAAGGGTAAA,2
TCAAGGAAGACGTCGC,2
TCAAGGACGCTTAAAC,2
TCAAGGATATTTGGGA,2
TCAAGGCATCTAATGA,2
TCAAGTTAGAACAGAG,2
TCAAGTTAGACTTACC,2
TCAAGTTTACGTGCAA,2
TCAAGTTTCTGCCTTA,2
TCAATAAAAAATGTGT,2
TCAATAAACTGTACAA,2
TCAATAAATTATATGA,2
TCAATAATATAGGCTG,2
TCAATAATGCTCCAAT,2
TCAATACAGTACGACC,2
TCAATACCACTGTTAC,2
TCAATACCATACGATT,2
TCAATAGCATACCCAG,2
TCAATAGCTTCACCAA,2
TCAATAGTTGATATAT,2
TCAATATCAAATAACT,2
TCAATATGAAGCACAC,2
TCAATATTGGTACTAC,2
TCAATCAAATACCGGT,2
TCAATCAATGTACATT,2
TCAATCCATACACATC,2
TCAATCCGCTTGAGAA,2
TCAATCTAGTCCATCG,2
TCAATCTATCTGCAAT,2
TCAATCTTGTCATTAT,2
TCAATGAAAATCATAG,2
TCAATGACACAGAGGA,2
TCAATGACTCAAATAG,2
TCAATGAGAGATGTCA,2
TCAATGAGGGTTAATT,2
TCAATGCCGGTACAGA,2
TCAATGGCCGTCGAAC,2
TCAATGTCATCCCGTG,2
TCAATGTTTATGCAAT,2
TCAATTAAACTTCGAT,2
TCAATTAATAAAACGA,2
TCAATTAGGCAACATG,2
TCAATTCAGAGTTTTA,2
TCAATTCTTAAGAGCA,2
TCAATTGAATAATCAT,2
TCAATTGTAGTAGGAT,2
TCAATTGTTCCGAGAT,2
TCAATTTAATGGCCCA,2
TCAATTTTACATGTGG,2
TCACAAACACCATCCT,2
TCACAAACCTAACGTC,2
TCACAAACTACCACCT,2
TCACAAAGAAATGAGA,2
TCACAAAGCACCTCCC,2
TCACAACAAAAATAGA,2
TCACAAGACATTTTAG,2
TCACAATGAAAGAAGT,2
TCACAATGGTCGTCTA,2
TCACACAAAAATGGAG,2
TCACACAGAACACCTT,2
TCACACAGGGCGGAGT,2
TCACACCGAGTGTTCG,2
TCACACGAGCGTATAA,2
TCACACTCAGTAAAAA,2
TCACACTTCTTGTAAA,2
TCACAGAAATTCGTCC,2
TCACAGTCAGTTATCT,2
TCACAGTGAGTAATCC,2
TCACATACACGGTAGT,2
TCACATACATCGATAC,2
TCACATAGTGGCCGCT,2
TCACATCACGATGAAT,2
TCACATCACTCTGCAC,2
TCACATTCATATCGAA,2
TCACATTTATCCAATC,2
TCACCAAACCTAGACT,2
TCACCAAGTCTAACAT,2
TCACCAATCAGACCAA,2
TCACCACACGTGGAAG,2
TCACCACGGCAACCCT,2
TCACCATAGGCTTTAA,2
TCACCATAGTCTTCAA,2
TCACCATGGCTAGACA,2
TCACCATTTCTCCAAG,2
TCACCCAAATGAGACG,2
TCACCCGCATCGAGAA,2
TCACCCTGATCTTAAG,2
TCACCCTTATTGTAAA,2
TCACCCTTCTTTTAAA,2
TCACCGTTAACCCTCT,2
TCACCTAAACTTACAT,2
TCACCTACCCCCACAT,2
TCACCTCTAGAATACC,2
TCACCTCTATCACATA,2
TCACCTGTACATCAAA,2
TCACGAACTCGGTCGA,2
TCACGAACTTGGTCAC,2
TCACGAAGGTTTGGAA,2
TCACGAATCACAGCAA,2
TCACGAGAACTCGACT,2
TCACGAGATAACAGGT,2
TCACGCAACACCGTAC,2
TCACGCCAGGTTTTGC,2
TCACGCCGGGCGCTTA,2
TCACGCGTCGTAATAC,2
TCACGCTCAAAAAAAA,2
TCACGCTTCCTGCAGA,2
TCACGCTTCTTTGCCG,2
TCACGGGCAACTGAAA,2
TCACGGTTAAACCCCA,2
TCACGTGTCAGCAAAC,2
TCACGTTAAACTCGGG,2
TCACGTTCGATAGAAT,2
TCACTAACCATAGGAT,2
TCACTACAGGCCTTGA,2
TCACTACCAAAGCAAA,2
TCACTACCATATAATG,2
TCACTACCCTCGGAAC,2
TCACTACGAACAGTAC,2
TCACTAGGGCGTAGAC,2
TCACTAGGTCATAGAC,2
TCACTAGGTCGTAGTC,2
TCACTATGTCGTAGAC,2
TCACTATGTGCTAACC,2
TCACTATTAAAGAGGT,2
TCACTATTAGATACGG,2
TCACTCAAAAGCCATA,2
TCACTCAACATAGGAT,2
TCACTCACGATAGGAT,2
TCACTCAGATTAGCAT,2
TCACTCGAGCAAAACA,2
TCACTCTCATTCTGCC,2
TCACTCTCTTAGGATG,2
TCACTGAGTTAATTTA,2
TCACTTAGATGGATGC,2
TCACTTCGGTTCTACT,2
TCACTTTTGGTGAACC,2
TCAGAAAAGAGCTAGC,2
TCAGAAAGAAAAAACC,2
TCAGAAAGAAATAACA,2
TCAGAAAGGGAACGGG,2
TCAGAAATATGAAAAC,2
TCAGAAATCACAGAAT,2
TCAGAACACAGACAGC,2
TCAGAATCAAGACCTG,2
TCAGAATGAGCATGTG,2
TCAGACAATATAAAGC,2
TCAGACACGCGAAACC,2
TCAGACATACCAAGTT,2
TCAGACATGAATCCGA,2
TCAGACATGTCCAAGA,2
TCAGACCCCTCTTTTC,2
TCAGACCGGACAGACT,2
TCAGACTCGATAGATT,2
TCAGACTCGGCAGTTA,2
TCAGACTGCCTGATAT,2
TCAGACTTGGTAGTTA,2
TCAGAGCAAATACACA,2
TCAGAGGTAATTAACA,2
TCAGAGGTCGATGCAA,2
TCAGATAACAGCTAAA,2
TCAGATAATAAAGGGG,2
TCAGATACAAACTCGT,2
TCAGATACCTATAAAC,2
TCAGATAGATGGCAAG,2
TCAGATAGGTCTTGAC,2
TCAGATAGGTTGTCGT,2
TCAGCAAAAATCACCG,2
TCAGCAAATCAAGAGG,2
TCAGCAAGAAAATACA,2
TCAGCAGTAAGATTAA,2
TCAGCATAAAATACTA,2
TCAGCCACAATATCCG,2
TCAGCCAGAAAATAAA,2
TCAGCCCCGATAACGG,2
TCAGCCTATCACTCCT,2
TCAGCCTCCATACACA,2
TCAGCCTGTCACTCCA,2
TCAGCCTTCATACTTA,2
TCAGCGCTGTAAGTCT,2
TCAGCGCTGTACTTCT,2
TCAGCGCTTTACGTCT,2
TCAGCGGATTGAGTAC,2
TCAGCTAAAAGAAACA,2
TCAGCTAACCTAGACC,2
TCAGCTAGCCACTACT,2
TCAGCTTCCGTGCCAC,2
TCAGGAACGCATTGTC,2
TCAGGCAAAGCCATTA,2
TCAGGCACCCACACCT,2
TCAGGCACCCACATCA,2
TCAGGCGTAATACGGG,2
TCAGGGAACAGAAATA,2
TCAGGGAACCTAAATA,2
TCAGGGTCAAAAAAGG,2
TCAGGTACCCACACCA,2
TCAGGTGATACCAGAC,2
TCAGGTTATGCCTAAT,2
TCAGGTTCGTAACTCG,2
TCAGGTTTCAAAGAAT,2
TCAGTAATAAGATTTT,2
TCAGTAATATCAAACG,2
TCAGTACTTCCCGAGG,2
TCAGTAGCGTAACCTC,2
TCAGTAGCTTACCCTC,2
TCAGTAGTTTTTGAAC,2
TCAGTATAGCAAACTA,2
TCAGTATCGTACCCTC,2
TCAGTCAACGTTCGTG,2
TCAGTCACCCACACCA,2
TCAGTCAGCAGAGAAA,2
TCAGTGCCTCATTTCG,2
TCAGTGGGTGACCCCA,2
TCAGTGTCGGAATAGA,2
TCAGTTATCAGAATCT,2
TCAGTTCAACCAATTT,2
TCAGTTGCGATGGGCT,2
TCAGTTTACTCCATAA,2
TCAGTTTGAAAAAAAA,2
TCATAAAATAAGAAGC,2
TCATAACAAATAAGCG,2
TCATAACCAATAACTA,2
TCATAACGATTGGCAC,2
TCATAAGGTGAAAAGA,2
TCATAAGTGAATCTTC,2
TCATAAGTGAGTCCTC,2
TCATAATAACGCGTAA,2
TCATAATAACTCGTCA,2
TCATAATGAAATGAAA,2
TCATAATTGGATTAAC,2
TCATACAAGACAAGAC,2
TCATACAATACATAAA,2
TCATACAGAGAAAAAG,2
TCATACAGATTGGCAC,2
TCATACGAAAAACTAA,2
TCATACGAGTACAACT,2
TCATAGGCCTCCCAGA,2
TCATAGGCCTCCCCTA,2
TCATAGTAATGAATCA,2
TCATAGTAATGAGTCC,2
TCATAGTGGTAGCTAG,2
TCATAGTGTACTAAAC,2
TCATAGTGTACTCAAA,2
TCATATAACCACACCA,2
TCATATAACCCTATCC,2
TCATATAAGTGAGACG,2
TCATATAGTAATGATG,2
TCATCAAGACTCCAGC,2
TCATCAAGGTTCAACA,2
TCATCACGCAAAGCAA,2
TCATCACGGTAGACAA,2
TCATCACTTTCAGCAC,2
TCATCAGATATCGAGT,2
TCATCATGAATACATT,2
TCATCATTCAAAATAT,2
TCATCCAACCCAGCGA,2
TCATCCAATTGATACA,2
TCATCCAGAAAATACA,2
TCATCCCAATTGAACA,2
TCATCCCCTACAATGA,2
TCATCCGATTTATACA,2
TCATCCGGATTAACCC,2
TCATCGATTTGCACTA,2
TCATCGGAAAAAGAAT,2
TCATCGGGTCCAATTG,2
TCATCGTCAAGAAACT,2
TCATCTATATAGGTGA,2
TCATCTGATATTATAC,2
TCATGAAGACACAGAG,2
TCATGAAGGCTTCTTA,2
TCATGAATAAAATAAC,2
TCATGATATAGAAGTT,2
TCATGCACCCACACCA,2
TCATGCCGATTGGCAC,2
TCATGGGCTTGCACCA,2
TCATGGGTGAAATACC,2
TCATGGGTGAAATGCT,2
TCATGGGTGAGATACT,2
TCATGGGTTAAATACT,2
TCATGGTTTACACCAT,2
TCATGGTTTACATCAG,2
TCATGTATAACCACGC,2
TCATGTGAGTTTAAAA,2
TCATGTGTCCTCGACT,2
TCATGTGTGAAATACT,2
TCATGTTCATAAATTT,2
TCATTAAAATGTAGTG,2
TCATTAAATAGCCAAA,2
TCATTAATGAAAGTAT,2
TCATTACAATCCCACT,2
TCATTACGATCCAAGG,2
TCATTATACTTGTTAA,2
TCATTATCAATGACCT,2
TCATTGAATGTCACTT,2
TCATTGACAATCTCTT,2
TCATTGACTCGAAGTT,2
TCATTGCGCCATTGTA,2
TCATTGGATCGAAGTT,2
TCATTGGCTGGAAGTT,2
TCATTGTGAACTAGAC,2
TCATTGTTTACACCAG,2
TCATTTAATCATACCT,2
TCATTTTAAGCTTACC,2
TCATTTTAATCTTCCC,2
TCCAAAAAAAATTCCT,2
TCCAAAAACGAACAAC,2
TCCAAAAACTTTCAAG,2
TCCAAAAAGTACTGAA,2
TCCAAAAGATTGGCCG,2
TCCAAAAGCCGAGGTA,2
TCCAAAAGGGACTGAA,2
TCCAAACACGTCGGGA,2
TCCAAACATACACCAC,2
TCCAAACCCCTGGTCA,2
TCCAAACGGCGAGGTA,2
TCCAAAGAGAGAACAC,2
TCCAAATAAACCATAG,2
TCCAAATATGACTTAA,2
TCCAAATCGGGTCAGC,2
TCCAAATTGTAGCAAG,2
TCCAACACAAGGATCA,2
TCCAACCCTAGTGGCC,2
TCCAACCTACAGCAAC,2
TCCAACGGATAGTAGT,2
TCCAACTAGCTCAGAT,2
TCCAACTTCAACTACT,2
TCCAACTTCTAAAAAT,2
TCCAAGTCTCGTACTG,2
TCCAATACTACAACGC,2
TCCAATAGTAAACTTT,2
TCCAATATCGCAATCC,2
TCCAATCCTATACTCA,2
TCCAATCGCAATAATG,2
TCCAATGTACCATCTC,2
TCCAATGTCGAATGCG,2
TCCAATGTTCCATCTC,2
TCCAATTCTAACAGAC,2
TCCAATTTGCCATCTC,2
TCCACAAGAAGACAGA,2
TCCACAAGACTACAGA,2
TCCACAATACACACTG,2
TCCACAGGAAATTCGT,2
TCCACAGGTCCCAAAA,2
TCCACATAATTCCTGA,2
TCCACCAACTAAAAGG,2
TCCACCACATTTTTGC,2
TCCACCAGATAAACGA,2
TCCACCATAAAACGCG,2
TCCACCCGAACCAACA,2
TCCACCGCCAGAGTAT,2
TCCACCTACTTACCCA,2
TCCACCTGGGCTTAAT,2
TCCACGAAAAGCATAC,2
TCCACGAAGGCCCAAT,2
TCCACGAGCAGATGCC,2
TCCACGCCAGGAAGAC,2
TCCACGCGGACATAGT,2
TCCACGTAATTAAATG,2
TCCACTAAATCACAAA,2
TCCACTAGATAAATAC,2
TCCACTCGATAGATAC,2
TCCAGAAGTTTCTCAG,2
TCCAGACAACATACGT,2
TCCAGACTAATGAGTC,2
TCCAGACTAGACAGCC,2
TCCAGAGGCTAGATTT,2
TCCAGCCCAATGAGTC,2
TCCAGCCTAATGAGTA,2
TCCAGGAATAAACAAT,2
TCCAGGAGAGTACATG,2
TCCAGTATACGACAAT,2
TCCATAATGCTCAAAT,2
TCCATACACTCACAAT,2
TCCATACCAAACCACA,2
TCCATACGCTAGATTT,2
TCCATAGCCAAGAAAA,2
TCCATATAAAAAGCCC,2
TCCATATATAGAAATA,2
TCCATATATATAACTA,2
TCCATCACAATACAAA,2
TCCATCACCATAAAAA,2
TCCATCCCAGATTTCC,2
TCCATCTATCATTACA,2
TCCATCTCCTCGGAAG,2
TCCATCTTAAAGGAGA,2
TCCATCTTAAAGTAGC,2
TCCATCTTATACCCCT,2
TCCATGAAATATGTAT,2
TCCATGAACTTGCAGG,2
TCCATGAATTATGTAC,2
TCCATGACGAACGGTT,2
TCCATGAGCTCGCAGG,2
TCCATGATCCTCATGA,2
TCCATGCCCTATGTTT,2
TCCATGCTATATGTTT,2
TCCATTAATTATGTAT,2
TCCATTCAGTAATTGA,2
TCCATTCATACCATCA,2
TCCATTCTTAAAGCCC,2
TCCATTGGCAATAACA,2
TCCCAAAAGATGTTAG,2
TCCCAAAGAAGTATAC,2
TCCCAACGTTTAAGCT,2
TCCCAATGCATTGTAC,2
TCCCACAAAACCAATA,2
TCCCACAGATGCGTAG,2
TCCCACCTAATCATGA,2
TCCCACGAGCGAATTC,2
TCCCACGCAATGGAAT,2
TCCCAGAAATATGAAA,2
TCCCAGACGTAAAAGA,2
TCCCAGTTACTGTATC,2
TCCCATAAAAAATGCG,2
TCCCATCAAGATACTA,2
TCCCATCCGGGTCTCG,2
TCCCATGGCACCCTTA,2
TCCCCAAAAGTCCCGC,2
TCCCCAGCACATCTGT,2
TCCCCATCTAACCAAC,2
TCCCCATGGATACGAT,2
TCCCCATTAACATTGT,2
TCCCCCAAGCTTCGAT,2
TCCCCCCCAGCCGATA,2
TCCCCGACGTATAAAT,2
TCCCCGGCCACCGACA,2
TCCCCGGGAACAAATC,2
TCCCCGTACTTTGGTC,2
TCCCCTACATACTCGG,2
TCCCCTCAACAATGTG,2
TCCCCTCAACTCATCT,2
TCCCGAAGGGAGATGG,2
TCCCGAAGTGAAATGG,2
TCCCGATGAGATTTAG,2
TCCCGCTTCGCGATGC,2
TCCCGGGTTGAATAAT,2
TCCCGGTAACAAGACC,2
TCCCGGTGCTTTGCCA,2
TCCCGTTCTTAATAAT,2
TCCCTAAAATTTATTT,2
TCCCTAGATACCCAAA,2
TCCCTAGGCCGAATGA,2
TCCCTATGACATATAA,2
TCCCTATTATACTAAC,2
TCCCTCGTAAGCACAA,2
TCCCTGAACATAAAAT,2
TCCCTGAGCCCAGTCC,2
TCCCTGCATTAAGACG,2
TCCCTGCCTTAAGAAG,2
TCCCTTAAAGGGATTA,2
TCCCTTAAGGGGATTA,2
TCCCTTCGCTAAATCG,2
TCCCTTTCTGAATAAT,2
TCCGAAAAAACCTACA,2
TCCGAAAACTTTCAAT,2
TCCGAAAACTTTCGAG,2
TCCGAAAAGCGCCGTC,2
TCCGAAACCCCATCAC,2
TCCGAAAGCTGGTTGT,2
TCCGAAATGGAAGAAA,2
TCCGAATCAGCATGTG,2
TCCGAATCCAAGTCAG,2
TCCGAATGATCATGTG,2
TCCGAATGGGCATGTG,2
TCCGAATTAGCATGTG,2
TCCGACAGATACAAGG,2
TCCGACCTGACAATCA,2
TCCGACTCAATAGATT,2
TCCGAGAATTCTGTTA,2
TCCGATATGACAACTC,2
TCCGCATCTTGACTAC,2
TCCGCCGAGATTCCAA,2
TCCGCCTCATGGGACA,2
TCCGCGCATCGTCTAA,2
TCCGCGCCAAGGAATC,2
TCCGCGCCCACCTTTA,2
TCCGCTAAAAGACCCA,2
TCCGCTAGAAAAGACG,2
TCCGCTATCCACTACC,2
TCCGCTTTAGACGTGC,2
TCCGGAACGGTAGCAT,2
TCCGGAACTGACTAAC,2
TCCGGCAAGGGTACCA,2
TCCGGCTAGTTACATC,2
TCCGGGCCGCGTGCTA,2
TCCGGTATCGTAGAAA,2
TCCGGTGGGAAAACAC,2
TCCGTAAAGAGGTTTA,2
TCCGTAGACTCTTGAA,2
TCCGTAGATGAGTACA,2
TCCGTCTGACCATCTC,2
TCCGTGCTACTTGTTT,2
TCCGTTAAAGGGAATA,2
TCCGTTAGAACCTGGA,2
TCCGTTTTATTCCTAC,2
TCCTAAACGGATCTCA,2
TCCTAAATATACCTCA,2
TCCTAACAATCATGAT,2
TCCTAACTTAGGAGAC,2
TCCTAACTTGCGGTTT,2
TCCTAATGAAACCTTC,2
TCCTAATTCATTGTAC,2
TCCTACCCATAAGTAC,2
TCCTACCGACAGTAGA,2
TCCTACCTCTGTAAGA,2
TCCTACGTCGAGGTTA,2
TCCTACTCACAGCCAT,2
TCCTACTCTTTACAGA,2
TCCTATAAGAACTACA,2
TCCTATATACACCGAA,2
TCCTATCAGAGCTACA,2
TCCTATCAGGACTACA,2
TCCTCAAGTCAAGCAC,2
TCCTCAATGACTGAAA,2
TCCTCAATTTCAGCAC,2
TCCTCACAATTCTATC,2
TCCTCACACTGAATGA,2
TCCTCAGAATAATCGT,2
TCCTCAGGCGGGACTG,2
TCCTCAGGGCTGAAAC,2
TCCTCCCAGACTAGAT,2
TCCTCCCCATCAGTGC,2
TCCTCCCCGACAATGA,2
TCCTCGTCGAAGCAAC,2
TCCTCGTGTGTTGAAG,2
TCCTCTTTGCCAAAGA,2
TCCTGAAGTGCGTAAC,2
TCCTGAAGTTTGTAAC,2
TCCTGCCATTAACTCG,2
TCCTGGTGAGCTACAT,2
TCCTGGTTTACACCAG,2
TCCTGTGTTAGCATCT,2
TCCTTAAGTGTGTAAC,2
TCCTTATAGAGAATAT,2
TCCTTCACCGGCAGTA,2
TCCTTTCGCTGTGACA,2
TCCTTTGCCCCATGAT,2
TCGAAAAAGTGTGAAA,2
TCGAAACAATCAAAAC,2
TCGAAACCTTAACATG,2
TCGAAACTGGACTTGA,2
TCGAAAGGGTAATAGC,2
TCGAAATACTAGCTAA,2
TCGAACAACTAAGGCC,2
TCGAACTAGATACCTA,2
TCGAAGAATAATCGCA,2
TCGAAGCACTTAATTA,2
TCGAAGCGGTCGGCGT,2
TCGAAGGGCACCGGAC,2
TCGAAGGTCCTCACTA,2
TCGAAGTAGATACCAA,2
TCGAAGTTATAAAGCC,2
TCGAATACCTACTAAG,2
TCGAATCAAAACGCAA,2
TCGAATGAAATACTAT,2
TCGAATGAGTAGATAA,2
TCGAATGATAGTGTCT,2
TCGAATGATCATGTCT,2
TCGAATGTGACATTTT,2
TCGAATTACGCTCGTA,2
TCGAATTGTCGCCCTT,2
TCGAATTTTAAAGACA,2
TCGACACATAGCCGAA,2
TCGACACTACACCTAT,2
TCGACCAAATGTCATC,2
TCGACCAAATTTAAGC,2
TCGACCATGATACTTA,2
TCGACCCAAGCTACGT,2
TCGACCCATAACGAAA,2
TCGACCGATACTACCG,2
TCGACCGTGATTCGGA,2
TCGACCTCGTTAACAG,2
TCGACGAACGGTTCTG,2
TCGACGAATGCATAGA,2
TCGACGAATTCTGACC,2
TCGACGACATCTCCCC,2
TCGACGGAATGATATA,2
TCGACGTAATGATCTA,2
TCGACGTGAAAAACAT,2
TCGACTCCGCTCAACA,2
TCGACTCGAAAGTAAA,2
TCGACTCGAAAGTCAG,2
TCGACTCGAAAGTCGA,2
TCGACTCGCAACAGGA,2
TCGACTCGGAAGTCAA,2
TCGACTTGCTCAATCT,2
TCGAGAGTTAGAACTT,2
TCGAGATAATAGACAG,2
TCGAGATTCCGCCCAT,2
TCGAGCATAGTCGAGA,2
TCGAGCGCAAAATTAC,2
TCGAGCTCTAATTGTT,2
TCGAGGAGCTCCCAGA,2
TCGAGGAGCTTCCATA,2
TCGAGGAGCTTCCGGA,2
TCGAGTAACAAATGCA,2
TCGAGTACATTTCTTA,2
TCGATAATAGGTTACA,2
TCGATAATCACGCATA,2
TCGATACAATTACCGT,2
TCGATACATAGTGATC,2
TCGATACATCATGATC,2
TCGATACATCGTGATA,2
TCGATACATCGTTATC,2
TCGATAGATAACTATT,2
TCGATCATGACCGTGA,2
TCGATCCCAGCAGGGT,2
TCGATCCCGGTAATTT,2
TCGATCCTGCGGTTGT,2
TCGATCTCTGATTTTC,2
TCGATGAACTGAAATA,2
TCGATGCCTTTAAGCA,2
TCGATGGCGTATCTAA,2
TCGATTCTCATATACA,2
TCGATTGATTGAATTG,2
TCGATTTCGAAAACAC,2
TCGCAACCTAATAATG,2
TCGCAATTCATCTGAA,2
TCGCAGGGCACAGGAC,2
TCGCATACATAGAATG,2
TCGCCACTGGTGATTC,2
TCGCCAGACATACCAT,2
TCGCCATACATATATA,2
TCGCCATTCAAAAAAT,2
TCGCCCAACGTACAGC,2
TCGCCCAATCAATGAG,2
TCGCCCAGTCCTTTTC,2
TCGCCCCAACCAGGAA,2
TCGCCCCGTAGCTAAC,2
TCGCCCTTTAGCCCAG,2
TCGCCGGCGTATCTAA,2
TCGCCGTATCCATTTC,2
TCGCCTAGATTCTAAT,2
TCGCCTATCAGAAGCC,2
TCGCCTCCAGAATACC,2
TCGCCTCTAGAATACT,2
TCGCGAAAGGGCATTT,2
TCGCGACCAAAATCGC,2
TCGCGCGGTCCTCCGT,2
TCGCGTAACAAAACCT,2
TCGCTAAAACCAAATC,2
TCGCTATAACATGGAT,2
TCGCTCACATCAAAAG,2
TCGCTCGACTACTTAC,2
TCGCTCGATCTAAATT,2
TCGCTGCAGGAAGTAT,2
TCGCTTCACGAAGTAT,2
TCGCTTCATGTTACCA,2
TCGCTTTCTGAAAACA,2
TCGGAACTAAAGAGGT,2
TCGGAACTCTAAAACT,2
TCGGACACATCCAAGC,2
TCGGACCGCACAGACT,2
TCGGACGTACTGGTTC,2
TCGGACTCGGCACGAC,2
TCGGACTTCGCCATCC,2
TCGGAGTAGATGGAGA,2
TCGGATAAATAGCCAA,2
TCGGATAGGGCGGAAA,2
TCGGATGACTCAATCC,2
TCGGATGCGGGCTGAA,2
TCGGATTAAAAAGACC,2
TCGGATTAAAAATCCC,2
TCGGATTCGTATTTGG,2
TCGGCATTAATCCGTG,2
TCGGCCCGAATCCAGA,2
TCGGCTAAATTTTTGA,2
TCGGCTACTCATTGAA,2
TCGGCTAGCCACTGCT,2
TCGGCTAGGCACGAGG,2
TCGGCTAGGCCCTAGG,2
TCGGCTATGCCCGAGG,2
TCGGCTCATTGACAAA,2
TCGGCTTTGACAATAG,2
TCGGGACTAAAATACA,2
TCGGGATATCCCTGGG,2
TCGGGCAGACATTCAG,2
TCGGGCAGGCATGCAG,2
TCGGGGGCCCAATACC,2
TCGGTAACTACACTGT,2
TCGGTATAAAATAAAA,2
TCGGTATACAATAGGA,2
TCGGTCCGCTACCTAA,2
TCGGTCGAAATTATTA,2
TCGGTGAAATACCCAT,2
TCGGTGATAAACAACA,2
TCGGTTATACGGTGAT,2
TCGGTTCATCAATTCA,2
TCGTAATGTCGCGATC,2
TCGTAATTAGTGACAC,2
TCGTACAAATCAAGTC,2
TCGTACAATGAGCATC,2
TCGTACCAACAATGTT,2
TCGTACCACCATACAT,2
TCGTACCCAACTCTCC,2
TCGTACGACCAATCTG,2
TCGTACTCCTGGGTGA,2
TCGTACTGGACCTTAA,2
TCGTAGACACACCGAT,2
TCGTATCGATTTGCTA,2
TCGTATCGTAATCAAA,2
TCGTATGATCACTCGT,2
TCGTCAAAACCGAGCT,2
TCGTCAAAAGAAAATT,2
TCGTCAACCACCTCAC,2
TCGTCCCAATGATTAA,2
TCGTCGCACACAGGTG,2
TCGTCTCTAGAATACC,2
TCGTGAATGCGCAACG,2
TCGTGAATGTAACAAA,2
TCGTGAGAAGGATGGA,2
TCGTGATTCCGCCCAT,2
TCGTGCTGACACCATT,2
TCGTGGCAAACAGGTG,2
TCGTGGGCTTGAACCA,2
TCGTGGGCTTTCACCA,2
TCGTGTCCACATTAAT,2
TCGTTAAAAATATGAC,2
TCGTTAAGCCCGCATT,2
TCGTTCGTCTTACTAT,2
TCTAAAAAGAATCAAA,2
TCTAAAAGGAGGAAAA,2
TCTAAAAGGAGGAAGA,2
TCTAAAATAAGGGCAG,2
TCTAAAATACGGGAAG,2
TCTAAACAAGTCCCAG,2
TCTAAACCAAGTACCA,2
TCTAAAGAAACGCACG,2
TCTAAAGAAATATGTA,2
TCTAAAGTTACTTATA,2
TCTAACACACGTATAC,2
TCTAACACCCAGACTT,2
TCTAACCAAGTACCAG,2
TCTAACCAGGTCCCAG,2
TCTAACCTATTGAGGA,2
TCTAACCTGGATTTCG,2
TCTAACGCGAACTGTG,2
TCTAACGGGTAGTAGT,2
TCTAACGTATAGTAGT,2
TCTAACTTTACTTATA,2
TCTAAGAGCCCCATCG,2
TCTAAGCTCTTACCAA,2
TCTAAGTACGTGTTCC,2
TCTAATAACTACCATA,2
TCTAATAATAATATAG,2
TCTAATATGGCTAAGA,2
TCTAATGTTCAGTATC,2
TCTAATTTCGATGGAC,2
TCTACAATAAAATTGA,2
TCTACAATAAAATTGT,2
TCTACAGCGTACCAAC,2
TCTACAGTGCAATTGG,2
TCTACATAACTAGGCA,2
TCTACATCAATAGAGC,2
TCTACCACTCCCGCAC,2
TCTACCAGGTTAATCT,2
TCTACCTACCCACTTG,2
TCTACCTGCGTGTTAA,2
TCTACCTGTCTCGTGA,2
TCTACGCGGAAAAATA,2
TCTACGCTTCCTGCAT,2
TCTACGGGGATTAGCG,2
TCTACGTTGACTCAAC,2
TCTACTATTGAATGAT,2
TCTACTCATCCAATGT,2
TCTACTCTGACAGCCT,2
TCTACTGGCGTTCGAT,2
TCTAGAAAGAAAAGAA,2
TCTAGAAAGGGCTCAC,2
TCTAGATCATGCCAAA,2
TCTAGATTCTGTGTTT,2
TCTAGCAACGTAATAG,2
TCTAGCAGCCTGGTAA,2
TCTAGCCCGAATAGAA,2
TCTAGCCCTGATAAAG,2
TCTAGCCTAGGTGAGA,2
TCTAGCCTATACACAT,2
TCTAGCCTTCCTCACT,2
TCTAGGAACAAATTAC,2
TCTAGGACTATATGAG,2
TCTAGGAGCTTCCAGA,2
TCTAGGAGTTAAGAAC,2
TCTAGGATAGAGATTC,2
TCTAGGCCAAAAAAAC,2
TCTAGGTGTCTAGACA,2
TCTAGTAGCGACTCAA,2
TCTAGTCTCTGTGTTT,2
TCTAGTCTTTGGTTAA,2
TCTAGTGACGTACAAA,2
TCTAGTGATCAAAAAC,2
TCTAGTTTCCGTGTTT,2
TCTAGTTTCTGTATTT,2
TCTATAAACATTGAAA,2
TCTATAAAGATATTGG,2
TCTATAATAAAAGTCC,2
TCTATAATTGGTTACA,2
TCTATACACGTTAGTG,2
TCTATACATCGTGATC,2
TCTATACGCTGTCCAA,2
TCTATACTCGCATACG,2
TCTATACTTACATACG,2
TCTATACTTTCATACG,2
TCTATAGGCAGCATCC,2
TCTATATAAATGCAAC,2
TCTATATACAAAAGGG,2
TCTATATAGAACAATG,2
TCTATATATGTCATTT,2
TCTATATGGGTTATAA,2
TCTATCCATAGGATGA,2
TCTATCGATGGTGGCT,2
TCTATCGATGGTGGTA,2
TCTATCGATGGTGTCA,2
TCTATCGTGTTTTTAC,2
TCTATCTGATAGATCT,2
TCTATGAAGAAAGACC,2
TCTATGAAGAAAGACT,2
TCTATGACGAAAGACC,2
TCTATGAGCTCATCAA,2
TCTATGCACAAAGTAG,2
TCTATTACAGTTCAAT,2
TCTATTCTCAGATACA,2
TCTATTCTGGAAACTG,2
TCTATTGCACGGAACC,2
TCTCAAACGACCACCA,2
TCTCAAATAAGTTCTA,2
TCTCAAATCTGGATAA,2
TCTCAACCGATATTAA,2
TCTCAACGACTCGCAG,2
TCTCAATAAAGTTTTT,2
TCTCAATGACGATTCC,2
TCTCACACATATAGTT,2
TCTCACCAATTAACCG,2
TCTCACCCACAATACC,2
TCTCACGACTAAAATA,2
TCTCAGAGACCCATCG,2
TCTCAGAGCCCCATCA,2
TCTCAGATCCCCATCG,2
TCTCATAATTCCTCCT,2
TCTCATAGTCACCGAC,2
TCTCATCACGTGCTCA,2
TCTCATGAGTTGCTCT,2
TCTCCAAATCACGGAC,2
TCTCCAAGAATAAACT,2
TCTCCAATACTCAATA,2
TCTCCCAACAACACAG,2
TCTCCCAACCGACAGA,2
TCTCCCAATCGTAACT,2
TCTCCCAGCAATATTT,2
TCTCCCCACAACAAAG,2
TCTCCCGAATAAAATA,2
TCTCCCTCAATTATAC,2
TCTCCCTTTAGCCAAG,2
TCTCCGTACCCCGCAA,2
TCTCCTACTGCACAAA,2
TCTCCTTACTTTGGTC,2
TCTCCTTCTATACCCT,2
TCTCGAAAATTTCCAT,2
TCTCGACATTAAATAA,2
TCTCGCACCTCCGTCA,2
TCTCGCGCCTACGTCA,2
TCTCGCGCCTCCGTAA,2
TCTCGCGCCTCCGTCT,2
TCTCGCGTCTCCGTCA,2
TCTCGGAACGGCTTCT,2
TCTCGGTAAGGATTTG,2
TCTCGGTACATTTGGA,2
TCTCGGTACGTATTTG,2
TCTCGGTAGGGATTTG,2
TCTCGTAACGTCACGC,2
TCTCGTAACGTCTCGC,2
TCTCTAATATTAGCTC,2
TCTCTACCACCCACCG,2
TCTCTACGCAGACCCA,2
TCTCTATCAGGACCGA,2
TCTCTATCGGACGACT,2
TCTCTATGCATACCCA,2
TCTCTATGGAGACCCA,2
TCTCTCAACGTAATAG,2
TCTCTCGTATAACTAA,2
TCTCTCGTGCAACATC,2
TCTCTCTACATCGTCC,2
TCTCTCTCCGATAAAG,2
TCTCTCTCCTCAAGGA,2
TCTCTGCACGAAGTAT,2
TCTCTTAACTGGAAAT,2
TCTCTTCACCTAATCC,2
TCTCTTCCACCCATAC,2
TCTCTTTCTTGTTTGA,2
TCTGAAACGGTAAATA,2
TCTGAAACTAACGATA,2
TCTGAAAGATGGTTGT,2
TCTGAAAGCTTGTTGT,2
TCTGAAAGGTTATAGT,2
TCTGAAATTCACGACC,2
TCTGAAGAAGTAGCGC,2
TCTGAAGATGGTGCAT,2
TCTGAATATTATATGC,2
TCTGAATCTTATATTC,2
TCTGAATGAGCATGTG,2
TCTGAATTAGGCCGAG,2
TCTGACCCAACCTCTT,2
TCTGACTAGAATAGTG,2
TCTGAGAAGCACGGCT,2
TCTGAGAGTTTCATGG,2
TCTGAGCCGCTAATGC,2
TCTGAGCCTGGCACCA,2
TCTGAGGATATTTGAA,2
TCTGAGGCTAAACACG,2
TCTGAGTCACCGGACA,2
TCTGATACGGAATGTT,2
TCTGATATGAGTAACA,2
TCTGATATTTTTATGA,2
TCTGATCTACCACATG,2
TCTGCAGAAGTAGAGC,2
TCTGCAGAAGTAGCGA,2
TCTGCCAATTAAGCAG,2
TCTGCCCAACGACCCG,2
TCTGCGTGAGTGGTGA,2
TCTGCTGGCCTAGAAT,2
TCTGGACATCGACCAT,2
TCTGGACATGGTCCGC,2
TCTGGACGATCTATCC,2
TCTGGATTCAATGTCT,2
TCTGGCAATTTAACTC,2
TCTGGCGGTAGAGCTC,2
TCTGGGACATTCCTCC,2
TCTGGGACGTCCCTCC,2
TCTGGGACGTTCCTCT,2
TCTGGGCATGCGACGG,2
TCTGGGGTTCTGCACG,2
TCTGGTCAAGCTTCAA,2
TCTGGTCGACCAAGAT,2
TCTGGTTTCTGTGTTT,2
TCTGTAAAGATTGAAA,2
TCTGTACCAAAATTGC,2
TCTGTAGAAACGCGCC,2
TCTGTAGATTGACATT,2
TCTGTAGTAAAAATGT,2
TCTGTATAACAACACA,2
TCTGTCTTCCACATTC,2
TCTGTGACAAGAATAA,2
TCTGTGGTAAAAATCT,2
TCTGTGGTAAAAATTT,2
TCTGTGGTGAAAATGT,2
TCTGTGTATATCTAAT,2
TCTGTGTTAAAAATGT,2
TCTGTTTATAACAACA,2
TCTGTTTCGAATAACA,2
TCTGTTTGATAGAAAG,2
TCTTAAAAGCTGAAAG,2
TCTTAAACAGTTTTGC,2
TCTTAAACTAACTTTT,2
TCTTAAAGAAGAATCG,2
TCTTAAAGCTGGTTGT,2
TCTTAAAGGAGAATCA,2
TCTTAAATAAGAATCA,2
TCTTAAATCGTGTATA,2
TCTTAACAAACAAACA,2
TCTTAAGCAGTCTACA,2
TCTTACAACTTGAAAC,2
TCTTACACCTCATCTT,2
TCTTACCGTAGCCACA,2
TCTTACCTTTGAGCAC,2
TCTTACGAAAAACTCA,2
TCTTACGACGCCGATG,2
TCTTACGGATAGTAGT,2
TCTTACTTATCACCAT,2
TCTTACTTTGCACGCA,2
TCTTAGAGCGGTAAAT,2
TCTTAGAGTTTCCTGG,2
TCTTAGCCCGTACTTG,2
TCTTAGCCGCTAATAC,2
TCTTAGGCTCAAAGGA,2
TCTTAGTCAATTTAAC,2
TCTTATACTTATAATT,2
TCTTATCAACCTTGAG,2
TCTTATTGTCTCAACA,2
TCTTCAAACTGCAGGG,2
TCTTCACCGATGAAAG,2
TCTTCAGAAGTAGCGC,2
TCTTCAGAATGCCAAT,2
TCTTCCAACTTGAAAA,2
TCTTCCAACTTGAAAG,2
TCTTCCAGTACGAAGG,2
TCTTCCCTGTACAGCT,2
TCTTCCGTGGTTTAAA,2
TCTTCCGTTAAGGGGG,2
TCTTCCTGATCATATT,2
TCTTCCTTGATTAAGA,2
TCTTCGAATCATATTT,2
TCTTCGAATCGTATTC,2
TCTTCGTCAACCTACA,2
TCTTCTAGTACGCAGG,2
TCTTCTATTTTTATGA,2
TCTTCTTCGTCAAACG,2
TCTTCTTTGGAGAAAA,2
TCTTGATAAACCGGCT,2
TCTTGATAATGTAGCG,2
TCTTGATAATGTCGAG,2
TCTTGATACAAATACG,2
TCTTGATTGACCCGAC,2
TCTTGGAAGTTGACGG,2
TCTTGGTCTGATGTCT,2
TCTTGTCAAGTGTGTA,2
TCTTGTCAGACAACAG,2
TCTTGTGCCAGATAAA,2
TCTTGTGGTTAAAAGA,2
TCTTTACTACACGACC,2
TCTTTACTGAACCGAT,2
TCTTTAGAACCGCGCC,2
TCTTTAGAGCCATCTC,2
TCTTTATTCCACTCAT,2
TCTTTCATAAGTGACT,2
TCTTTCTTCCCAAAAT,2
TCTTTGATCAGCAGGG,2
TCTTTGCCTGGAAAAA,2
TCTTTGTGGACTTTCC,2
TCTTTTTCCTGAGCAT,2
TGAAAAAAACAAAAGC,2
TGAAAAAAACTTTTTT,2
TGAAAAAAGTGTGAAA,2
TGAAAAAATGATTGCT,2
TGAAAAAATTCCTTCC,2
TGAAAAACACCTTTTT,2
TGAAAAACGATTCCAA,2
TGAAAAAGATCTTATT,2
TGAAAAATTCTCGGGC,2
TGAAAACAATCGAGAC,2
TGAAAACACGATAATC,2
TGAAAACGATGAGTGT,2
TGAAAACTAATGGTCT,2
TGAAAACTCCAACAGA,2
TGAAAACTCTGTTTTG,2
TGAAAAGACAAAGACA,2
TGAAAAGAGGGACGTA,2
TGAAAAGCAAATGAAG,2
TGAAAAGCCACCATTG,2
TGAAAAGCGAATGCAG,2
TGAAAAGGAAACATAA,2
TGAAAAGGTTAAACAT,2
TGAAAATAAAAACACA,2
TGAAAATCAAAAGACG,2
TGAAAATGGGACCGTA,2
TGAAAATTATGATCAG,2
TGAAACAAATGGGCGA,2
TGAAACATTGGCACGA,2
TGAAACCATCCAACTA,2
TGAAACCATTCGACAC,2
TGAAACCTATTCAGCG,2
TGAAACGAATCGCCGA,2
TGAAACGCAATTAATT,2
TGAAACGCAGCTCTAT,2
TGAAACGGCTTTTGGA,2
TGAAACGGTTCATTAA,2
TGAAACTAACCTAGTT,2
TGAAACTCAATACGTA,2
TGAAACTGGATCAAAA,2
TGAAACTTAAGAAATG,2
TGAAACTTGTACCCGA,2
TGAAAGAAAAACAAAA,2
TGAAAGAAAAGAGATA,2
TGAAAGAAACCACTCG,2
TGAAAGAAAGTCCCGG,2
TGAAAGAACGCAAAAA,2
TGAAAGAAGTGTATTA,2
TGAAAGACTCATAGCA,2
TGAAAGCAATATAAAC,2
TGAAAGGCAAATTACG,2
TGAAAGGTATACCCTT,2
TGAAAGGTATGAGACA,2
TGAAAGTGGATTAGGT,2
TGAAAGTTCACGAGGT,2
TGAAAGTTTAACGTTG,2
TGAAATAAAAATGATC,2
TGAAATAAAAGTAACT,2
TGAAATACTAGTATGA,2
TGAAATCCGATAGTGC,2
TGAAATGAGAAATGAT,2
TGAAATGCCAACCCCA,2
TGAAATGCTCAGAAAC,2
TGAAATTAATGTACAA,2
TGAAATTGAAGTTAAC,2
TGAAATTTAGGACGCG,2
TGAAATTTCAGCCGCA,2
TGAACAAAACAAAATC,2
TGAACAAACAACCTCA,2
TGAACAAATACCTGTT,2
TGAACAAATAGCATTG,2
TGAACAAATATAGTAG,2
TGAACAAATCTATTAG,2
TGAACAACAACCGTGT,2
TGAACAACTGGCCCAA,2
TGAACAAGCATTATGG,2
TGAACAATCACGAACC,2
TGAACAATGTTGAACG,2
TGAACAATTTACTTTA,2
TGAACACTGACCCAAC,2
TGAACAGCCGTCACAA,2
TGAACATAGTTGTAGG,2
TGAACATCAAAGCCTT,2
TGAACCAAATGTCATC,2
TGAACCAACGATTAAA,2
TGAACCCACTTTAATG,2
TGAACCGAACCATAGC,2
TGAACCTGCACAACAT,2
TGAACCTTTCATCAAA,2
TGAACGAAGGAACTGA,2
TGAACGACCGAACGAA,2
TGAACGACTCCGGTAT,2
TGAACGATTCTCACAA,2
TGAACGGCGCTAAGAC,2
TGAACGTACCCAAAAT,2
TGAACGTAGAAGACAC,2
TGAACGTATAAAGGAA,2
TGAACGTCCCTATAAT,2
TGAACTGACCTATAAA,2
TGAACTGAGTGGCTCA,2
TGAACTTAAAAAAAGT,2
TGAACTTGATCAGTAT,2
TGAACTTTGATAATAT,2
TGAAGAAAAGGACCAC,2
TGAAGAAAGGGCCTTG,2
TGAAGAAATCTAGACA,2
TGAAGAACGCCATCTA,2
TGAAGACTGAGCGCAA,2
TGAAGAGAAGGACGTA,2
TGAAGATCGAGCCGGG,2
TGAAGATCTGGATATG,2
TGAAGATGGCCCGTTC,2
TGAAGATTGTGCTGAG,2
TGAAGCAACCTAAGAT,2
TGAAGCACCTTTCATA,2
TGAAGCACTCTATGCA,2
TGAAGCCAAAACATAA,2
TGAAGCCACATTGCAA,2
TGAAGCCAGTCGATGC,2
TGAAGCTGAAATAATT,2
TGAAGGCCGTATACGC,2
TGAAGGCTGATAAACC,2
TGAAGGTATTCCAAAA,2
TGAAGGTCCCGAAAAC,2
TGAAGTATAACAATCT,2
TGAAGTCCAATACCTA,2
TGAAGTGACCTTAGAG,2
TGAAGTTAATGGTAAA,2
TGAATAAAACATTACG,2
TGAATAAACAACACGA,2
TGAATAAATAAGCCCT,2
TGAATAACAGGACCAC,2
TGAATAACTAAGCCTT,2
TGAATAAGAATTAGAA,2
TGAATACGCAAGCACG,2
TGAATACGCGAGTACG,2
TGAATACGCGATCACG,2
TGAATATGAGCGGACA,2
TGAATATGTACTTGAA,2
TGAATATTGGGCTGAG,2
TGAATCAAAAATGTGT,2
TGAATCCAAGCACACT,2
TGAATCCAGCATTCGA,2
TGAATCCGACATTCGA,2
TGAATCCGGCATTCTA,2
TGAATCCTGCATTCGA,2
TGAATCCTTTAGTAGA,2
TGAATCGATACTAATC,2
TGAATCTAACAACCAT,2
TGAATCTTTGCACAAC,2
TGAATGAACATATATA,2
TGAATGAAGGTAGAGT,2
TGAATGAATCAACGTA,2
TGAATGACCTGGCTAG,2
TGAATGCAACAATTCA,2
TGAATGCCAGGTCAAC,2
TGAATGTGACAACAAT,2
TGAATGTGTATAAAGC,2
TGAATTAACCTAATTG,2
TGAATTAGTTATCTGC,2
TGAATTCAAGCTACCA,2
TGAATTCAATCTAAAT,2
TGAATTCAGAGATTGC,2
TGAATTCAGTGCTTTT,2
TGAATTCATTGCTCAC,2
TGAATTCCGTAAAAAG,2
TGAATTCGTTATCTGA,2
TGAATTCTTTATCTGC,2
TGAATTGAGGGAGCGA,2
TGAATTTCGAAAATGA,2
TGACAAAAGCATCCGC,2
TGACAAACTCGCCGGT,2
TGACAAAGCGTGGGTG,2
TGACAAATAGAGATAA,2
TGACAACATAAGCGCA,2
TGACAACCTTCGTGCC,2
TGACAACGCACCCCCA,2
TGACAAGGCAAGAAGA,2
TGACAATAGAGACGAA,2
TGACAATTAGAAGCGT,2
TGACACAACTGCGCCT,2
TGACACAAGTTATATT,2
TGACACAGTGCGGAGT,2
TGACACATCGCGCAAG,2
TGACACCATATATGAC,2
TGACACGTATTTCACT,2
TGACACGTTAACCCAG,2
TGACACTAATCTGCTC,2
TGACACTAGGGGTAAG,2
TGACACTGTACGCACA,2
TGACAGACTTATGCAT,2
TGACAGATTTACACAT,2
TGACAGTGGATTGGGT,2
TGACATAAACAACTGC,2
TGACATAATCAGATCG,2
TGACATACCGAAGGTA,2
TGACATGATAATTCTT,2
TGACATGGCCCTTAGC,2
TGACATTCAGAATAAG,2
TGACATTGGCCTCGAA,2
TGACATTTGACTCTTC,2
TGACATTTTGGATACT,2
TGACCACATGAAGCCT,2
TGACCATAAACCTCTT,2
TGACCATCACATTAGA,2
TGACCATTACTCACAC,2
TGACCCAGCCCGCGGC,2
TGACCCCAGAGAATGG,2
TGACCCCCTAAAGACC,2
TGACCCTTCTTGTAAA,2
TGACCGCGGGTATGTT,2
TGACCGGCGAATGAAT,2
TGACCGTCAGCAGGCT,2
TGACCGTTAAACTGGG,2
TGACCTCCAGCCCAAC,2
TGACCTGAACCCGCCA,2
TGACCTGATTAATGCA,2
TGACGAAAGCGTACCT,2
TGACGAAAGCTTCGAG,2
TGACGAAATTCTGAAT,2
TGACGAACAATAGTTT,2
TGACGAAGGTTTGGAC,2
TGACGAATGAGATACC,2
TGACGAGTGACTTGAA,2
TGACGAGTGACTTTAC,2
TGACGAGTGTAATACT,2
TGACGATCATAAGACA,2
TGACGATCCCACATCA,2
TGACGATGCAGTCAAC,2
TGACGATGGCTGTACT,2
TGACGATGTGACTCTT,2
TGACGCAGATTAACAA,2
TGACGCCATCCGATAG,2
TGACGCCATTAATAAA,2
TGACGCCTGCGCCTTG,2
TGACGCGTCCTGATCA,2
TGACGCTAACAACCTA,2
TGACGCTGAGTTTTAT,2
TGACGCTTATCTTTCA,2
TGACGGCCCTGCCCTC,2
TGACGGGTGATCTATA,2
TGACGGTCACTACAAC,2
TGACGTAGACGCTAGA,2
TGACGTCAGCTAAACC,2
TGACGTCCTAATGACG,2
TGACGTTCAATTAACT,2
TGACTAACTCTGCGAC,2
TGACTAAGGTAATATA,2
TGACTACAATCTACGC,2
TGACTACCCGAAAACA,2
TGACTACGGACTTAAT,2
TGACTAGCACTCCCTA,2
TGACTATTGTCCCGTC,2
TGACTATTTGGAAAAA,2
TGACTCAGAAAAGCTA,2
TGACTCCCCAGCTGTA,2
TGACTCCCGTTTTGAT,2
TGACTCCTCAGCTATA,2
TGACTCCTCAGCTTTA,2
TGACTCTTAAACGCAC,2
TGACTGAATGCTATCC,2
TGACTGATATTTACAG,2
TGACTGGGCACGGTCG,2
TGACTGTCGTCAGTTG,2
TGACTTCAAACAAATG,2
TGACTTCGTCTACACA,2
TGACTTGTCCATTTTA,2
TGAGAAAAAGAGAATC,2
TGAGAAACTATTATAG,2
TGAGAAAGGTCTGACC,2
TGAGAAATCGAAAAAC,2
TGAGAACACAATGGAT,2
TGAGAACACGACTGGG,2
TGAGAACATCCATTCA,2
TGAGAACTCTGTCCAT,2
TGAGAATATAAAACCA,2
TGAGACAACACAAAAT,2
TGAGACATTGACCAAA,2
TGAGACCTGTACTATT,2
TGAGACGGGGCTTCAC,2
TGAGACTCAATAGATT,2
TGAGAGACGCTATTAA,2
TGAGAGACGCTGCATT,2
TGAGAGCAGAACTCCC,2
TGAGAGTCCACGCAAT,2
TGAGATAACCTGGACC,2
TGAGATACTATTCGAT,2
TGAGATATCTCAAGTG,2
TGAGATCGATGGCAAG,2
TGAGATGAGTTTAGCG,2
TGAGATGGAAATTCAC,2
TGAGATTAAATGCTCA,2
TGAGATTACTGAAAGG,2
TGAGCAAAGTAGCATC,2
TGAGCACAACATCCAA,2
TGAGCACACATTAAAG,2
TGAGCAGAGAATGGAT,2
TGAGCAGATGTAATGC,2
TGAGCAGGCATTAAAG,2
TGAGCAGTCGATAAAT,2
TGAGCCAATCAACTGA,2
TGAGCCAGAAAATACA,2
TGAGCCATGATTCATA,2
TGAGCCATTGAAATTT,2
TGAGCCTACGCCCAGC,2
TGAGCCTATCAACTGA,2
TGAGCGAACTTGAACA,2
TGAGCGAATCGATAAC,2
TGAGCGGGCGGTTAGA,2
TGAGCGTCGTACGATT,2
TGAGCGTGTGACACTC,2
TGAGCTCTGAATAATG,2
TGAGCTTTCACGCCTT,2
TGAGGAAGACATACTA,2
TGAGGACTCCTTCCTA,2
TGAGGATCTTAAAATT,2
TGAGGCACCCACACCA,2
TGAGGCTACAAGTCCT,2
TGAGGCTGCCCATCAA,2
TGAGGCTTGAATCTTT,2
TGAGGCTTTAACTCAT,2
TGAGGCTTTGTGGCAC,2
TGAGGCTTTTACAATA,2
TGAGGTCAAACTAAAT,2
TGAGGTCAATTCGATT,2
TGAGTAAAAATTTGTT,2
TGAGTAAAACAAACGA,2
TGAGTAAAATTAAAAT,2
TGAGTAAAGCATCTGC,2
TGAGTAAATGAAAGCA,2
TGAGTAATTACCGATG,2
TGAGTATATGCCCTAG,2
TGAGTATCGAGTGAAG,2
TGAGTCAAATATTATA,2
TGAGTCAACGTGCGTG,2
TGAGTCTATAAAATCG,2
TGAGTGGCTGATCAGG,2
TGAGTGTCTTAAGATA,2
TGAGTTGATTCTACTC,2
TGAGTTTGTCTTGGTA,2
TGATAAAAAACATAGA,2
TGATAAAACACGGTTG,2
TGATAAAATCATCTGT,2
TGATAAAATGATAAAA,2
TGATAAACACAGGCTA,2
TGATAAAGTCTCACAG,2
TGATAACAACATCATC,2
TGATAAGAACCAACTA,2
TGATACAAGGCTAAAA,2
TGATACAGAAGACGAA,2
TGATACATGATATACA,2
TGATACCACATTCTCC,2
TGATACCATGGACCTG,2
TGATACCCGATATACA,2
TGATACCGGTCACCTA,2
TGATACGATGAAAGCA,2
TGATACTCCCGAACGG,2
TGATACTGTCCAGGAA,2
TGATAGGCCTCCCCGA,2
TGATAGGTATGAGACT,2
TGATAGTAATGAATCC,2
TGATAGTACCAGGAAC,2
TGATAGTAGTCCTTAG,2
TGATAGTTCCCTAGGG,2
TGATATAACCACACCG,2
TGATATACTGCACATT,2
TGATATATATAACAAT,2
TGATATATTCTCTCTA,2
TGATATCATCTATTAA,2
TGATATCCCTGCGCCA,2
TGATATCTAGCAGAAT,2
TGATATCTGATATACA,2
TGATATGAACGACGCG,2
TGATATGAATACTGCG,2
TGATATGCTCACGATT,2
TGATATTATGAAGGCA,2
TGATATTCACTGAAAA,2
TGATATTGAAGTAAAT,2
TGATATTTTAGTGATA,2
TGATCAAAGGACCACA,2
TGATCAAAGGACCGAA,2
TGATCAATATACATAG,2
TGATCACATAACACCA,2
TGATCACATAGTTTGT,2
TGATCACCAGAGCAAA,2
TGATCACCGCACACAC,2
TGATCACCGGCGCAAA,2
TGATCACGCAAGACCA,2
TGATCAGAGATCGAGT,2
TGATCATAAATGTTCT,2
TGATCATCGAGTAACA,2
TGATCATTACAAGTCC,2
TGATCATTCCAAGTAC,2
TGATCATTCCAATTCC,2
TGATCATTGTCGCGTC,2
TGATCCGATTGATACA,2
TGATCCGTGAAGACAC,2
TGATCGGCGCACGAAA,2
TGATCGTGCCAGGAAT,2
TGATCTTAAGAAACAA,2
TGATCTTAATTTTGGT,2
TGATCTTAGAAGTTTT,2
TGATGAAACACGCTGG,2
TGATGAACAATTGAGT,2
TGATGAAGCTCGCACA,2
TGATGACCAGCATAGT,2
TGATGACTACTACCAC,2
TGATGACTCCTAACAC,2
TGATGACTCCTACCAA,2
TGATGACTGCTACCAC,2
TGATGAGGATGACGAC,2
TGATGAGTGACTTGAC,2
TGATGATGCCTAATGA,2
TGATGGCATCAACACG,2
TGATGGGCGACGTATC,2
TGATGGTTAAAGACAC,2
TGATGTAATCCCAATC,2
TGATGTACGCGAAAAG,2
TGATGTCAGAACATAC,2
TGATGTCAGAGCATAT,2
TGATGTGCTTATATCA,2
TGATGTGTCAACAGAA,2
TGATGTTCCATTCCAA,2
TGATTAAAGTACGGCC,2
TGATTAAATCATCAGA,2
TGATTACGGTAGATCG,2
TGATTAGAAAGGTTAG,2
TGATTAGCCAGTGTCA,2
TGATTATGTCAACATA,2
TGATTATGTCATCATA,2
TGATTATTACTATCCA,2
TGATTCAACCAAATCA,2
TGATTCACCTATGCCT,2
TGATTCCGCCTCTTTG,2
TGATTCTAAATCGGGA,2
TGATTCTACTTCATTT,2
TGATTCTCAAGTGCTC,2
TGATTGAAATTTACCA,2
TGATTGAGACTAAAAA,2
TGATTGGAACTATAAC,2
TGATTGGAATTACAAC,2
TGATTGGAGCTACAAC,2
TGATTGTAACGTGCTG,2
TGATTTAAATTTTACC,2
TGATTTAATAAATGTG,2
TGATTTACAACTTTAC,2
TGATTTAGCAGCCTAA,2
TGATTTAGGGATGTCT,2
TGATTTATAGCCCACA,2
TGATTTCTAACATTGC,2
TGATTTCTGTATCAAC,2
TGATTTGAACTACAAC,2
TGATTTGATAAAACAT,2
TGATTTTAAACTATCT,2
TGATTTTATCAAACAT,2
TGATTTTATTATAACC,2
TGATTTTGGACCAGAG,2
TGATTTTGGGCACTGT,2
TGCAAAAAGGCGCTTA,2
TGCAAAAATTATTGCT,2
TGCAAAATCTACTAAA,2
TGCAAACTAATGGTCA,2
TGCAAAGAGACCCGCT,2
TGCAAAGTTAGCAAAA,2
TGCAAAGTTAGTAAAC,2
TGCAAAGTTATCAAAC,2
TGCAAATAGCTATAAC,2
TGCAAATCGATGATAC,2
TGCAAATGTTTCCCCG,2
TGCAACAACGACCATA,2
TGCAACCATAGAGCAC,2
TGCAACTAACTCAGAT,2
TGCAACTTGCGTTAGG,2
TGCAACTTGGTTGTCA,2
TGCAAGCTAAATAACT,2
TGCAAGTCACACGAAA,2
TGCAATCAACTCCCCA,2
TGCAATCCATGGTAGT,2
TGCAATCTAAATACTC,2
TGCAATCTAAATCCCC,2
TGCAATGCACAGCCAA,2
TGCAATGCGCAAACAG,2
TGCAATGCGTACCTCC,2
TGCAATGTGCCATCTC,2
TGCACAACAAGAAGAG,2
TGCACAAGACGACAGA,2
TGCACAAGCCCTATTG,2
TGCACAATATTTTAAA,2
TGCACACCACTTCACA,2
TGCACACTAACGGTCA,2
TGCACACTAATGGTAA,2
TGCACACTAATGTTCA,2
TGCACACTAGTGGTCA,2
TGCACATAAACCATTA,2
TGCACCACAACGAGAG,2
TGCACCACCAATACAG,2
TGCACCAGATAACCGA,2
TGCACCTGGCGTCAAG,2
TGCACGCCCGCGGTGC,2
TGCACGCGGAAGAATG,2
TGCACGTATAAAGCAA,2
TGCACTCAACATAGAA,2
TGCACTCGATAAATAC,2
TGCACTTAAAGCATCT,2
TGCACTTAGGTAGATA,2
TGCACTTGAATTAATG,2
TGCAGAAACGAATCAC,2
TGCAGAAGAGCGCAGA,2
TGCAGAAGCCTTTCAG,2
TGCAGAATGTTAAGCC,2
TGCAGACAGGAAACCT,2
TGCAGACGCTAGATTT,2
TGCAGACTCAGAAGTA,2
TGCAGAGGAATAGAAA,2
TGCAGATCTGGAACGA,2
TGCAGCCAGTAGATGC,2
TGCAGCCATAATGCCA,2
TGCAGCTAGTTTAAAT,2
TGCAGCTCGAAGTGGA,2
TGCAGCTCGCAGTGTA,2
TGCAGCTTCACTCACG,2
TGCAGCTTTCCAGTAC,2
TGCAGGGCTTATAAAA,2
TGCAGGTAAGGCTCAA,2
TGCAGTAATGTGCTAT,2
TGCAGTACTGTGATAT,2
TGCAGTAGAGTAAGAG,2
TGCAGTAGATTAAGCG,2
TGCAGTGTGAAGCCCA,2
TGCAGTTAGCGGTGCT,2
TGCAGTTCTCGTTAGG,2
TGCATAAAACTGGGAG,2
TGCATAAACACATCAA,2
TGCATAAAGTTCGAAA,2
TGCATAAGACCCTACT,2
TGCATAATAAATGCTT,2
TGCATAATATCATAAA,2
TGCATACCCTTTATCG,2
TGCATACTGACTCACT,2
TGCATAGTATAGCTAC,2
TGCATATTTTATTACC,2
TGCATCCACCGGCGAC,2
TGCATCGTAGGCAGAG,2
TGCATCTATAAAATCG,2
TGCATCTCGATTAACC,2
TGCATCTTAAAGGAGC,2
TGCATGATGTTTTTAC,2
TGCATGGAGTAGGCTA,2
TGCATTAATTCTCTCC,2
TGCATTACAAATCACT,2
TGCATTATATGGAAAT,2
TGCATTGAACCCCGTC,2
TGCATTTCGAAAATTA,2
TGCATTTCTAAAATGA,2
TGCCAAGAAGGATATA,2
TGCCAAGCGTCATGAT,2
TGCCAATCGAGTAGGG,2
TGCCACCAAACAACTC,2
TGCCACCAACTAAAAC,2
TGCCACCCCAGCGAAC,2
TGCCACGACTAAATTA,2
TGCCACGGTCGCATGA,2
TGCCACGGTCGCCTGG,2
TGCCACTGTCGCCTGA,2
TGCCAGAGACGAACTT,2
TGCCAGATAAAGAAAC,2
TGCCAGCCGGACAAGA,2
TGCCAGCTAATATATA,2
TGCCATCAAGGGATTA,2
TGCCATCCTTCAAATA,2
TGCCATGGTACCCTTA,2
TGCCATGTGCTAACAC,2
TGCCCAAAATTCGGAA,2
TGCCCACCTCACAGAA,2
TGCCCATAAATACTTA,2
TGCCCATTTATAATAA,2
TGCCCCACTCAAGAGA,2
TGCCCCTCCAAAGATC,2
TGCCCCTCTAACCAAC,2
TGCCCGACTTGCCTCG,2
TGCCCGATACGTATCT,2
TGCCCGATGTCGTCGG,2
TGCCCGCAATCCGAAG,2
TGCCCGCCATACGAAG,2
TGCCCGGCTCTTTAAC,2
TGCCCGGGTCCACAAT,2
TGCCCGTCGAAAGATC,2
TGCCCGTCTAAAGATC,2
TGCCCTAAACACAGCA,2
TGCCCTATAAAGGTAT,2
TGCCCTGTGCTAAAAC,2
TGCCCTGTTAACCAAC,2
TGCCCTTAACTACCAC,2
TGCCCTTGGCTACCAC,2
TGCCGAAACCCTACGG,2
TGCCGACATGGATTTA,2
TGCCGACTCGACACAC,2
TGCCGCTAAATTACAT,2
TGCCGGAACCAGTTAA,2
TGCCGGGGCCTCCGGT,2
TGCCGGTTGCAATGTT,2
TGCCGTACTTATAATA,2
TGCCGTGAGCACAATT,2
TGCCGTTGAATTAACT,2
TGCCTAAGCAAACAAC,2
TGCCTACAAATATACC,2
TGCCTACGAAGGTCAT,2
TGCCTACGGTTCTAAA,2
TGCCTATATACATTTG,2
TGCCTATCGTACTTGC,2
TGCCTCAAGAGCTAAA,2
TGCCTCAATCGGACAT,2
TGCCTCAATGAAAACA,2
TGCCTCACAAGAATTG,2
TGCCTCCTTTTAACCC,2
TGCCTGAACATCACTA,2
TGCCTGGTCTGCCCCT,2
TGCCTGTCCAAAGATC,2
TGCCTGTTAAGGGAAA,2
TGCCTTAGTCTGTTCC,2
TGCCTTCTAGGCAGTG,2
TGCCTTGACCTTTATA,2
TGCCTTGCGCGAATCT,2
TGCCTTGTTTATCGAA,2
TGCCTTTCCCCCCAAA,2
TGCCTTTTACGGGAAA,2
TGCGAAACGGCCAAAC,2
TGCGAACAATGATCAG,2
TGCGAACGACGTGACA,2
TGCGAACGCCGTTACA,2
TGCGAAGCTGGCTAGC,2
TGCGAATCGAGATTAA,2
TGCGAATGAGCATGTG,2
TGCGACAGCTGCTAGA,2
TGCGACCCATTAGTCA,2
TGCGACTCTTTACAGA,2
TGCGACTTAATAACGA,2
TGCGAGGTAGATTACT,2
TGCGATACATAGGAGA,2
TGCGATTTAATTGACC,2
TGCGCAAAATAGCGAG,2
TGCGCACTAATGCTCG,2
TGCGCACTAATGGTCA,2
TGCGCCCCGTCCCGCG,2
TGCGCCTCCAACAAGA,2
TGCGCGCCAAGGACTC,2
TGCGCGCGGTCGTTCG,2
TGCGCTATGACAACTC,2
TGCGGACACTAATAAT,2
TGCGGACCGTCATGAG,2
TGCGGACTAAAGCGCA,2
TGCGGACTAGACCTCA,2
TGCGGATTCCCATAGG,2
TGCGGCCTCCAACTTC,2
TGCGGTCGGATCACAA,2
TGCGGTTATCACTTGA,2
TGCGGTTTCACACGTA,2
TGCGTAACTGTCCCTA,2
TGCGTACATGCCTTAC,2
TGCGTATTACATTCGC,2
TGCGTCCAACAACTTA,2
TGCGTCGAATTAGATT,2
TGCGTCTCGGATATAC,2
TGCGTGAAATTGAAGT,2
TGCGTGCCTTTACACA,2
TGCGTTAAGGTGGGCG,2
TGCGTTCAATCGAAGG,2
TGCTAAAATCAATACC,2
TGCTAAAATCCGGTCG,2
TGCTAACGCCGTGACA,2
TGCTAATCCCAGCAAA,2
TGCTAATCTTTTATTA,2
TGCTACAGAACAGGTC,2
TGCTACCAACTGCATT,2
TGCTACCACCACTTGT,2
TGCTACCCATACGTAC,2
TGCTAGGAGCACGGCA,2
TGCTAGGTTTCTTGCG,2
TGCTAGTAGGTAAGAA,2
TGCTAGTCATGACCCC,2
TGCTATCAGAACTACA,2
TGCTATCCTGTGTCGC,2
TGCTCAAAAAAACCAA,2
TGCTCACAACTATACA,2
TGCTCACACATATTTC,2
TGCTCAGAGAAAGTGT,2
TGCTCAGTATGCTTTA,2
TGCTCAGTCTAAAACG,2
TGCTCATGAACCAAGA,2
TGCTCATTCGGTACAG,2
TGCTCCTTATCATAGA,2
TGCTCGACAGGTAAAA,2
TGCTCTCCTACACTCT,2
TGCTCTCTAAGATATT,2
TGCTCTCTTATTACAC,2
TGCTCTTGACTACCAC,2
TGCTGAACCCCAACAA,2
TGCTGCCTAGGTTAAT,2
TGCTGCGATCGTACAC,2
TGCTGCGGGCCTCGAA,2
TGCTGCTCAGCTTCTC,2
TGCTGGTGGAAATGGA,2
TGCTGTATTCCTCAGG,2
TGCTTAAAGACAGCCC,2
TGCTTAACCATCATGA,2
TGCTTAATGGATGAGA,2
TGCTTAGCCAGTTTCA,2
TGCTTCATTAGACTAA,2
TGCTTCCCACTATCAC,2
TGCTTGTCAAAGGGAA,2
TGCTTTAACCTTTCAT,2
TGCTTTAATGAGAACG,2
TGCTTTATCCACGCTG,2
TGCTTTGACTTCAGTA,2
TGCTTTTCCACCCAAA,2
TGCTTTTTCCCCCAAA,2
TGGAAAAACCTACCAC,2
TGGAAAAATCCCAAAA,2
TGGAAACCGATACGAT,2
TGGAAAGAAAGTTAAT,2
TGGAAAGCTGTTACCA,2
TGGAAAGGAATAGACA,2
TGGAAAGTGATTTCTG,2
TGGAACAAACTATTGC,2
TGGAACAGCGTATGAG,2
TGGAACAGGACCTTCT,2
TGGAACATAAAACTAC,2
TGGAACATCTACTCAA,2
TGGAACCGGAAAGCCT,2
TGGAACGGAATGGACA,2
TGGAACGGGGAGAATC,2
TGGAACTAAGTATAAA,2
TGGAACTAGCTGACTT,2
TGGAACTTGGCAGACA,2
TGGAAGATTCCACATC,2
TGGAAGCCACATGTTA,2
TGGAAGGAACTTATAA,2
TGGAATAATTCGTCAA,2
TGGAATACGAACTCCA,2
TGGAATACTAACATAC,2
TGGAATGAAATACTAC,2
TGGAATGAAGTATATC,2
TGGAATGCTCTAAAAA,2
TGGAATTAAGTTCAAA,2
TGGAATTACTCGTTAT,2
TGGAATTGATAAGATC,2
TGGACAACTTACACCA,2
TGGACAATCAACGTGC,2
TGGACAATTGAAGACA,2
TGGACACATAAAGATT,2
TGGACACCATAACTCG,2
TGGACACTGTACCCTG,2
TGGACAGATCGGTACA,2
TGGACATCTGTTACCA,2
TGGACCACTCCAGAAG,2
TGGACCCGAAAACTAT,2
TGGACCCTCCCTGAAA,2
TGGACCGCGTTAACAG,2
TGGACCGTATAAAAAA,2
TGGACCTATTTACCAA,2
TGGACGCGTGCTAATG,2
TGGACGGAAGAGCGGT,2
TGGACGTAGATTAGGT,2
TGGAGAAACTAAATCG,2
TGGAGAACAACGACAA,2
TGGAGAATATGCTATA,2
TGGAGACAATATACTA,2
TGGAGACAGTGCCCGT,2
TGGAGACGCTATCATT,2
TGGAGATCATAGACAG,2
TGGAGCACACTACGTA,2
TGGAGCAGGGGTAAAA,2
TGGAGCCAAAGTGTAA,2
TGGAGCGTTTTGTAAG,2
TGGAGGCGAACTTACC,2
TGGAGTATCAAAAGCG,2
TGGAGTATCAAGTAAA,2
TGGAGTCAAACTTACC,2
TGGATAAATAAGCGTA,2
TGGATAAATATGATAT,2
TGGATAACGACTTAGT,2
TGGATATAAAAATCCG,2
TGGATATAAATAGATA,2
TGGATATGAGAGGACA,2
TGGATATGAGCGGACT,2
TGGATATGAGCTGACA,2
TGGATATGGGCGGACA,2
TGGATCACCCTACGTA,2
TGGATCAGCAGAACCA,2
TGGATCCACTCTTCGA,2
TGGATCCTTTCCGATA,2
TGGATCTAATAACGTG,2
TGGATCTGCGATTACA,2
TGGATCTTCATCAGAC,2
TGGATGAACCATACAG,2
TGGATGAAGAAATCCA,2
TGGATGAAGTCCAATA,2
TGGATGACACACCCCA,2
TGGATGCAAACTTACC,2
TGGATGCAGAAATCAA,2
TGGATGCAGAGATCCA,2
TGGATGGGTCAACTGT,2
TGGATGTTCAGACAAA,2
TGGATGTTTCATTCAA,2
TGGATTACGGAGACTA,2
TGGATTCAGAAATCCA,2
TGGATTCCCCACCGTT,2
TGGATTCTCAAACCGA,2
TGGATTGCTGTATAAC,2
TGGATTTCCCATCGTT,2
TGGCAAATAAGTCAGT,2
TGGCAAGTTAATTAAT,2
TGGCACGCTGCCATAA,2
TGGCAGAAAACTCATA,2
TGGCATCATATTCTAT,2
TGGCATTACCGACGCA,2
TGGCATTATAGGTTGA,2
TGGCCAGATACTCACC,2
TGGCCATCACCCCCAG,2
TGGCCATTAAATGGCA,2
TGGCCCACGAAATGAA,2
TGGCCCACTCAATGAA,2
TGGCCCCATAGATAAT,2
TGGCCCCCAAGACTGC,2
TGGCCCCGCGTGCACC,2
TGGCCCGAACTAGAAC,2
TGGCCCTAGAACAACT,2
TGGCCCTTAGAACACC,2
TGGCCCTTATCGAACA,2
TGGCCCTTGGACGTCT,2
TGGCCGATTTTTACCC,2
TGGCCTCAAAGGATTC,2
TGGCGATGGCACAATG,2
TGGCGCCTCCATAGAA,2
TGGCGCGTTTTTTAAG,2
TGGCGTTACAATGCAG,2
TGGCGTTACGCGAAAA,2
TGGCTACCGTATCTGA,2
TGGCTATGCACCATCC,2
TGGCTATTCTTCAATA,2
TGGCTCGTTTTGTAAG,2
TGGCTTACACACCCCA,2
TGGGAAAAAATAATTG,2
TGGGAAAAAGGCGTTG,2
TGGGAAACTCTACGGC,2
TGGGAACAAGAGAATC,2
TGGGAACCGCTACGTC,2
TGGGAAGAGGCGGGCC,2
TGGGAATAATCGGTCA,2
TGGGAATCTAATGGTT,2
TGGGAATGTACTGGCA,2
TGGGAATTAATTAGCC,2
TGGGACATGTTCGCTA,2
TGGGACCTCGGATGAA,2
TGGGACTACTGAAAGG,2
TGGGAGACAGTTTCCT,2
TGGGAGCTGACTCCTT,2
TGGGAGGGTACCAAGC,2
TGGGATATACCAAATA,2
TGGGATTACTGAAGGG,2
TGGGATTACTGGAAGG,2
TGGGCAAAAAAAACAG,2
TGGGCAAGAAAACATG,2
TGGGCAGCCCCATTAA,2
TGGGCAGGCCTGCCTC,2
TGGGCATCAATCTATT,2
TGGGCATGGATGAATC,2
TGGGCCATTCCCACAA,2
TGGGCCGAGCAAGATC,2
TGGGCCGTACCACGGG,2
TGGGCCTATGTGTAAA,2
TGGGCCTTTGCAAGTA,2
TGGGCTCTAACAAGAT,2
TGGGGAAATAGATATA,2
TGGGGACCTATAGTAC,2
TGGGGACTAAATATAC,2
TGGGGAGACATGGTCG,2
TGGGGAGACGTGGTAG,2
TGGGGAGACGTGGTTG,2
TGGGGAGGACTCTAAG,2
TGGGGCGTATAAAAAA,2
TGGGGGATGACACCTA,2
TGGGGTAGAACAACAA,2
TGGGGTAGACAAACAA,2
TGGGGTGATAATAAAG,2
TGGGTAGACGTGGTCG,2
TGGGTAGGATTGATGA,2
TGGGTCGAACTCGATC,2
TGGGTCTACCATTGAG,2
TGGGTCTGGTACACGC,2
TGGGTGATGAATATTG,2
TGGGTTCTCAATACGC,2
TGGTAAAAGTATACAT,2
TGGTAAAAGTATGCAG,2
TGGTAAAATGATAAAC,2
TGGTAACAAACACTAG,2
TGGTAACCACGCGATG,2
TGGTAACCCTACAACA,2
TGGTAACCGGTCCAAA,2
TGGTAACTGGTTCTGG,2
TGGTAAGTCCCAATAG,2
TGGTAATAACATGGAA,2
TGGTAATACAATCACA,2
TGGTAATCTACTGGTT,2
TGGTACCATAGACTGA,2
TGGTACGTGCCCACGA,2
TGGTACTTTTAAACTG,2
TGGTAGCCACATGTTA,2
TGGTATACTTATAATT,2
TGGTATAGGAAAAAAT,2
TGGTATGATACAATCA,2
TGGTATGGTCGGAGGT,2
TGGTATTACTGAAAGG,2
TGGTATTATTCGAACC,2
TGGTATTCACGAAATT,2
TGGTCACAGTCAAACA,2
TGGTCCACGCAATGAA,2
TGGTCCCCCACAATAC,2
TGGTCCCGTAAAACAA,2
TGGTCCTACCTAAACT,2
TGGTCCTTGGCAGTTC,2
TGGTCTAACATGAACT,2
TGGTCTCATCCTGACT,2
TGGTCTCGCATTCAAA,2
TGGTGAAGCAACTTTA,2
TGGTGAATAAAGGTAG,2
TGGTGAATAATAACTC,2
TGGTGAATGAACCCCA,2
TGGTGACTAACGAATT,2
TGGTGAGTCTAATGAG,2
TGGTGATCAGCTTCTC,2
TGGTGCTAACATAAGA,2
TGGTGCTAAGCTTCTC,2
TGGTGCTCAGCTGAAA,2
TGGTGCTCAGCTTCCC,2
TGGTGCTCAGTTTCTC,2
TGGTGCTCATCTTCTC,2
TGGTGCTGTAGACGGT,2
TGGTGCTTAGCAGGGA,2
TGGTGGGCAGACTGCT,2
TGGTGTACTGAATAGA,2
TGGTGTCGCAGTAATA,2
TGGTGTTCGGCAAAAT,2
TGGTTAATGCGAATGC,2
TGGTTACAAGCCTTGC,2
TGGTTACTCATATCAC,2
TGGTTCACCATCCCGA,2
TGGTTTAAAAAGTTAT,2
TGGTTTCAAATGACCC,2
TGGTTTTGAAAACAAA,2
TGTAAAAAACACTGTC,2
TGTAAAAACCAATGTC,2
TGTAAAATAGCCGCTA,2
TGTAAACACTGGCCAT,2
TGTAAACGACTAAATA,2
TGTAAAGAGTAAATTG,2
TGTAAATTGGTACTTA,2
TGTAACAAAGATGGCC,2
TGTAACATAGAGCTTT,2
TGTAACATCATACATC,2
TGTAACATGTAGCATC,2
TGTAACCGAAAAATAG,2
TGTAACGTTACTTATA,2
TGTAACGTTGATAATA,2
TGTAACTAAAAGACCT,2
TGTAACTGGATAATAA,2
TGTAAGAATTAACAGT,2
TGTAAGACACTCATTT,2
TGTAAGCCTAAGATAA,2
TGTAAGTTCAAATAAG,2
TGTAATATTAGCCCAT,2
TGTAATCTATAAAAAC,2
TGTAATGACCCAGCAA,2
TGTAATGCGTTGAAAT,2
TGTAATGGAAACCCAA,2
TGTAATGGCAACACAA,2
TGTAATGGCAACCGAA,2
TGTAATGTTTGTCATA,2
TGTAATTAACAGAAGG,2
TGTAATTGCAACCCAA,2
TGTAATTTAAAACGAG,2
TGTAATTTTGATGGAC,2
TGTAATTTTTGACACT,2
TGTACACCTAATACAT,2
TGTACAGTGTCTGACG,2
TGTACAGTTCCAACCT,2
TGTACATCCAGTTTTG,2
TGTACCTAAACCTTAG,2
TGTACCTGGTCTATAA,2
TGTACCTGGTCTTTAA,2
TGTACCTGGTTTGTAA,2
TGTACCTGTTCTGTAA,2
TGTACCTTTATATAAT,2
TGTACGCCCCTACACA,2
TGTACGCCCTAGAAGT,2
TGTACTATATAAGAAG,2
TGTACTATGACACATA,2
TGTACTCACCTTAAAT,2
TGTACTCCACCCTGAG,2
TGTACTCCTTTGCATC,2
TGTACTTTTTCCTTCA,2
TGTAGAATAATATAGA,2
TGTAGAGAATCAGAAC,2
TGTAGATTGCCCATAC,2
TGTAGCGGATAGGCAC,2
TGTAGCTGATAGATCT,2
TGTAGTAACTGCACGT,2
TGTATAAAAAAAACAG,2
TGTATAATAGAAATCA,2
TGTATACAAGACCAAG,2
TGTATACACCAGTAAA,2
TGTATACTATGTATTT,2
TGTATACTCAAAGTAT,2
TGTATACTTGCATACG,2
TGTATAGAGACGATTG,2
TGTATAGAGCGCTTAT,2
TGTATAGTAATTTTGA,2
TGTATATCCTTTTACA,2
TGTATCATGCCCTAAC,2
TGTATCCGTCGCAAAC,2
TGTATCGACACCACCT,2
TGTATCTCATAACGTG,2
TGTATGAAGATCCAAG,2
TGTATGAATAATTAGA,2
TGTATGAGGTTCAGCG,2
TGTATGAGGTTTTTAC,2
TGTATTAAAGGAATCA,2
TGTATTAGGAGGCTCA,2
TGTATTATTGTACTTT,2
TGTATTCATAAAACAG,2
TGTATTCGGAGGTTCA,2
TGTATTGACACCCTTG,2
TGTATTTTAGAAAAAA,2
TGTCAAAAACTCTATA,2
TGTCAAACATGGTTAC,2
TGTCAAACCTGTTTAC,2
TGTCAAACGTGGTTAC,2
TGTCAAATAGCATAAG,2
TGTCAACATTGGGAAG,2
TGTCAAGAATGTATAA,2
TGTCAAGGATTATTTT,2
TGTCAATCCACCGACA,2
TGTCAATTTAAAAGGA,2
TGTCACAAAGAACGTT,2
TGTCACCGCGATGCAA,2
TGTCACTAAATATTGC,2
TGTCACTACATACAAA,2
TGTCAGGACAAACCAG,2
TGTCAGTTTTAGAGTT,2
TGTCATAAGCCAGAAC,2
TGTCATACTTATAATA,2
TGTCATATCCCTCTCT,2
TGTCATCCAACCCCGG,2
TGTCATCTCAAATGTC,2
TGTCCAAACGGAAAAA,2
TGTCCAACAAAATGCC,2
TGTCCACCAAAGCTTC,2
TGTCCACCTAATACAC,2
TGTCCACTTACGAATC,2
TGTCCATTAAACGTTA,2
TGTCCCATAGAGGAGC,2
TGTCCCCATCTTGACC,2
TGTCCCCATTAAGAAA,2
TGTCCGAATCGATTAA,2
TGTCCTAAACTCTATA,2
TGTCCTATATAAGGAG,2
TGTCCTTCACTGCCAA,2
TGTCCTTCGCTGCCAC,2
TGTCCTTCTGGGTCGA,2
TGTCGAAGACACCGGA,2
TGTCGACCTTTAAACA,2
TGTCGATTGCCAATAC,2
TGTCGCAAGAGAACCT,2
TGTCGCCATGACATCT,2
TGTCGGCATATATAAA,2
TGTCGGTGTTAGAGTT,2
TGTCGGTTCACTCAGT,2
TGTCGTAACGTCCCGC,2
TGTCGTATATCTCCGA,2
TGTCGTCCTTCTCACC,2
TGTCGTGCAAAAATAT,2
TGTCGTGTTTAATGTA,2
TGTCGTTGCCCTATCC,2
TGTCTAAATATAACTG,2
TGTCTAACAAAGATGA,2
TGTCTAAGAGGGGCCT,2
TGTCTACAAGTACATA,2
TGTCTAGAGTTGGTCA,2
TGTCTAGTCTTCAATA,2
TGTCTATCGTTTGAAG,2
TGTCTATGCAGACCCA,2
TGTCTCCTCCAGTAAT,2
TGTCTCGGATAGGCAC,2
TGTCTCGTTAAATAAC,2
TGTCTGCAGGTATGGT,2
TGTCTGCCAGTATAAA,2
TGTCTGGGGGCTTAAG,2
TGTCTTAAAGGTGAAT,2
TGTCTTAATACATAAA,2
TGTCTTAATTGTGAAT,2
TGTCTTACATGACGAA,2
TGTCTTAGCATCAACC,2
TGTCTTAGGAGCAACC,2
TGTCTTATCCCTCTCT,2
TGTCTTCGGCTATCTA,2
TGTCTTCGTCGCACTC,2
TGTCTTCTGACAGAGT,2
TGTCTTTAAACTCCAA,2
TGTGAAAACCACTGTC,2
TGTGAAATTAGTACAG,2
TGTGAACCTGGTCAGA,2
TGTGAATGATAGTGAA,2
TGTGACATCGAAGGCC,2
TGTGACTACAGCATCA,2
TGTGACTCAGCCGTTG,2
TGTGAGAAAAGGACTA,2
TGTGAGAAGGGATTTG,2
TGTGAGATCCACCACA,2
TGTGAGCACCATGGTG,2
TGTGAGGCTTTAATTG,2
TGTGAGGTTCTTTAAC,2
TGTGAGTATACTATCG,2
TGTGATAATGGTAATA,2
TGTGATCAAAGTCACA,2
TGTGATGCGCCAAATA,2
TGTGATTACTGAAAGG,2
TGTGCAAAAACTTCCC,2
TGTGCACTCCTACATA,2
TGTGCCCAAAACCCAA,2
TGTGCGACATTCCGCG,2
TGTGCGAGGCACCCTC,2
TGTGCGCGTGGCATTC,2
TGTGCGGTTATTTAAC,2
TGTGCGTAAGCGCTGT,2
TGTGCGTACGAGCTGT,2
TGTGCTAACACGATAT,2
TGTGGAATCCTACAAG,2
TGTGGATAATAAACTT,2
TGTGGCAATAAAAGAC,2
TGTGGGACGTTCCTCC,2
TGTGGGTTTACATTAA,2
TGTGGTAGGCCGTGCC,2
TGTGTAAATCTTGGGA,2
TGTGTAAATGAAAAAT,2
TGTGTAACATCCAATG,2
TGTGTAGATTGACAGT,2
TGTGTCAAGGATACCT,2
TGTGTGAATTCGCTTA,2
TGTGTGCAGACTGCCC,2
TGTGTGCATACCGCCC,2
TGTGTGCATACTCCCC,2
TGTGTGCATACTGCTC,2
TGTGTGTCAAAAGGGT,2
TGTGTGTCAATTCGCT,2
TGTGTGTCTAAAAGGT,2
TGTGTGTCTAAAGGTT,2
TGTGTTATACTTATAC,2
TGTGTTTCCAATAACA,2
TGTGTTTCTGCCGTGA,2
TGTTAAAGTAACGCAT,2
TGTTAACGAGCTAGCA,2
TGTTAACTAAAACCAC,2
TGTTAATATAATGTAC,2
TGTTAATTATTAAACT,2
TGTTACAAAAAGTCCC,2
TGTTACACAAAGATGA,2
TGTTACACCCAGCCCT,2
TGTTACACCTTACGGG,2
TGTTACATCGAACGCC,2
TGTTACCAACTGCCTA,2
TGTTACCCGATATCAT,2
TGTTACCGCAATGATT,2
TGTTACCTCATGCAGA,2
TGTTACTACTTTAAGG,2
TGTTAGAGTGCTTCAC,2
TGTTAGAGTTGTTCAC,2
TGTTAGTATATAGAAC,2
TGTTAGTTTGTAACAT,2
TGTTATAATGCACTTA,2
TGTTATCCAATCAAAC,2
TGTTATTACGAGCATT,2
TGTTCAACTGGTAATG,2
TGTTCAAGAATCCACA,2
TGTTCAATTAGAGCTC,2
TGTTCATTAAGAAACG,2
TGTTCATTAAGAACCT,2
TGTTCATTAAGAGCCG,2
TGTTCATTGCAAGGAA,2
TGTTCCAACTTAAGAG,2
TGTTCCAGTACGCAGG,2
TGTTCCCCATCGTCAA,2
TGTTCCCCGTCGTAAA,2
TGTTCCGTATACATAT,2
TGTTCCTGATCAGATT,2
TGTTCGCTAAATGATG,2
TGTTCGGCCTCGTAAC,2
TGTTCGGTTAAACCAA,2
TGTTCTTAGGCGATGT,2
TGTTGAAAATCGGTGA,2
TGTTGAACATCTAATT,2
TGTTGAAGACATGAAA,2
TGTTGACCTTGAAACA,2
TGTTGACGATGACCTA,2
TGTTGCAAATCGGTTA,2
TGTTGCACCCTTGTCC,2
TGTTGCTCAGCTTCTC,2
TGTTGGGCGGACCTTT,2
TGTTGTCGGAGACATC,2
TGTTGTGATCATTCGA,2
TGTTTAAATTTTATTT,2
TGTTTAACAACATGGT,2
TGTTTAATAGAAAAAA,2
TGTTTCACAAGTATCC,2
TGTTTCATGTCTACCA,2
TGTTTCATTTCTAACA,2
TGTTTCTGACGGAGTC,2
TGTTTCTGAGGGCACA,2
TGTTTGACAAGTATAC,2
TGTTTGGCCTCGGAAC,2
TGTTTGTCATGGCAAA,2
TGTTTTAAACAATACA,2
TGTTTTAAGATATCAC,2
TGTTTTAGAAAAATGA,2
TGTTTTATCTCCATTC,2
TGTTTTGACAAGTAAC,2
TGTTTTGTCTACTACA,2
TGTTTTTGCCTACAGT,2
TTAAAAAAAGCATGAA,2
TTAAAAAAATCTCAAG,2
TTAAAAAAGTGTCGTA,2
TTAAAAAGAAAACTGA,2
TTAAAAAGAAGGTAAT,2
TTAAAAATCTGTGAGC,2
TTAAAAATTACAGTCA,2
TTAAAACAAGGACAGG,2
TTAAAACACACCACAG,2
TTAAAACACATTACGT,2
TTAAAACATCTTATTA,2
TTAAAACCGAATGACA,2
TTAAAACCGACTTTCG,2
TTAAAACTCTGTCTTG,2
TTAAAAGACCAGTAAA,2
TTAAAAGCATAGCGTC,2
TTAAAAGCTAATTCTC,2
TTAAAAGGTCATGTCA,2
TTAAAAGTCCCTTCAA,2
TTAAAAGTGTTTAAAT,2
TTAAAATATAGTGTAT,2
TTAAAATATTAAGCTA,2
TTAAAATGACAGACCG,2
TTAAAATGATAGACCA,2
TTAAAATGGCAGACCA,2
TTAAAATTACAATATG,2
TTAAAATTCAACCAAA,2
TTAAACAAGAAGTCTA,2
TTAAACAAGACCACGG,2
TTAAACAAGCAGCACT,2
TTAAACAATCATGTAA,2
TTAAACAGATAACAAG,2
TTAAACCATACAGCTT,2
TTAAACCCTACAGCAG,2
TTAAACCTTGTCTAGA,2
TTAAACGACTGTAGTG,2
TTAAACGATTAATAGA,2
TTAAACGTCAATCAAC,2
TTAAACTTAGTTTCAA,2
TTAAAGAACGCTTGAG,2
TTAAAGAATCATGGAA,2
TTAAAGATGATCTTGG,2
TTAAAGCAATGTAGAT,2
TTAAAGCACACAAACA,2
TTAAAGCTAGAATCTA,2
TTAAAGCTGATCTTTG,2
TTAAAGGTAAAGTAGA,2
TTAAAGGTAGACAAAT,2
TTAAAGGTATGAGACT,2
TTAAAGTAACTACCAC,2
TTAAAGTAGCATTTAC,2
TTAAAGTCTAGCTAAG,2
TTAAATAACATCATAA,2
TTAAATAACCAGCTTA,2
TTAAATAATCTAAAAG,2
TTAAATAATCTTTAGC,2
TTAAATACATACTTAA,2
TTAAATATAACACAGT,2
TTAAATATAGCATGAG,2
TTAAATCAGACAAAAT,2
TTAAATCCGAAAAATT,2
TTAAATCCTGTCGGCG,2
TTAAATCCTGTCTTAG,2
TTAAATCTCACGGATG,2
TTAAATCTGAGAAGTT,2
TTAAATCTGATCTTGG,2
TTAAATGATGCAGTCT,2
TTAAATGCGCTTAGCA,2
TTAAATGCTCTAAGTG,2
TTAAATGCTCTTATCA,2
TTAAATTAACATGTAA,2
TTAAATTAAGGCGAGT,2
TTAAATTACATCATGA,2
TTAAATTCTCTTAGCA,2
TTAAATTGACGTCAAG,2
TTAACAAGCAGGCCAA,2
TTAACAATGATTGCAC,2
TTAACACATATCACCT,2
TTAACACTAAAACCAT,2
TTAACAGACCACTTAA,2
TTAACAGCTGAACTTG,2
TTAACAGCTTACAACA,2
TTAACAGTATTTACAT,2
TTAACATAAAGCTTTA,2
TTAACATACTAAACGC,2
TTAACATCACCAAGAT,2
TTAACATCTGAACTGG,2
TTAACATGAAAGACAA,2
TTAACATGACATGCAG,2
TTAACCAAAAAATTAG,2
TTAACCACGGTGATTT,2
TTAACCATGCCCTTCC,2
TTAACCCATTAGTCAA,2
TTAACCGATCTTTAGA,2
TTAACCTAAACGGCGA,2
TTAACCTAAAGATTAG,2
TTAACCTACCAATGAT,2
TTAACCTTAAGGTGTA,2
TTAACCTTTCATCAAA,2
TTAACGACCACACCAA,2
TTAACGAGATGGTAAG,2
TTAACGCTAAGCATTG,2
TTAACGGCAACATATC,2
TTAACGGTGCTCTAAT,2
TTAACTATGCCCCCTC,2
TTAACTGACAGAAAAA,2
TTAACTGATGCAGTAT,2
TTAACTGATGCATTCT,2
TTAACTGTGCTATACC,2
TTAACTTAGAAACGAC,2
TTAACTTATGCAGTCT,2
TTAACTTTTTACAACG,2
TTAAGAAAAAGATGCC,2
TTAAGAACCAGGGGTG,2
TTAAGAACTGGAGCCT,2
TTAAGAATATAACCTA,2
TTAAGACAAAACACCA,2
TTAAGACCAAACACTA,2
TTAAGACCTGGCTCAA,2
TTAAGACGTATTCAGT,2
TTAAGAGCTAAACCTT,2
TTAAGATAAGCTTCTG,2
TTAAGATCAAAGCGCT,2
TTAAGCAATTGGTCGA,2
TTAAGCAGCGTGGTGT,2
TTAAGCCCATAGGAAA,2
TTAAGCGCCGAGACGG,2
TTAAGCTATTATACAC,2
TTAAGCTCATAAAAAT,2
TTAAGGAAAGGTATAT,2
TTAAGGAGAACGTCGA,2
TTAAGGATTACATAAC,2
TTAAGGCTCTTACAAG,2
TTAAGGCTCTTCCAAT,2
TTAAGGTGTAAATTGA,2
TTAAGGTGTACATTTA,2
TTAAGGTTACGATTGC,2
TTAAGTAATAACCAGA,2
TTAAGTACCCCGTCCT,2
TTAAGTATCAGCTCCG,2
TTAAGTCCGATACCTA,2
TTAAGTCTTAAAGCCA,2
TTAAGTGAACTAGTCG,2
TTAAGTGAAGTAGCCG,2
TTAAGTTAAATCCTCC,2
TTAAGTTAACTAGCCG,2
TTAAGTTATTCTACAC,2
TTAAGTTGAGGGCGAT,2
TTAAGTTTCGAATCAA,2
TTAATAACTCTACTGA,2
TTAATAATAATGTAAT,2
TTAATAATACCTCTAT,2
TTAATAATCAGGGACA,2
TTAATACACATCACAA,2
TTAATACAGGCCCTTT,2
TTAATACCTACGTGAT,2
TTAATAGATAGATACA,2
TTAATATAACAAATAA,2
TTAATATCCCAAGATC,2
TTAATATCGATGGTGT,2
TTAATCAAACCTCGTC,2
TTAATCCAAGCGCACT,2
TTAATCCCAGCAGGGT,2
TTAATCCCCTTATCAT,2
TTAATCCGGCATTCGA,2
TTAATCTATATGCTCA,2
TTAATCTATGTATGTT,2
TTAATCTCTATTAAGA,2
TTAATGAATGGTTCAA,2
TTAATGATATACATTA,2
TTAATGCAATTCAAAA,2
TTAATGCAGCGTTACC,2
TTAATGCATACGTGAT,2
TTAATGCATCGTCTGA,2
TTAATGCCGACGTGAT,2
TTAATGCCTACTTGAT,2
TTAATGGAATGCACTG,2
TTAATGGTCCATTAGT,2
TTAATGGTGCTTTAAT,2
TTAATGTAAGCCACTG,2
TTAATGTCTACGTGAT,2
TTAATGTGACATTGCA,2
TTAATGTTATCTAATC,2
TTAATTAAAGAAGTGC,2
TTAATTAAATATAGGG,2
TTAATTCTAGACAATG,2
TTAATTCTCCCAATTC,2
TTAATTCTGGTTCTCT,2
TTAATTGCAATTTGGG,2
TTAATTTCCCTATGGT,2
TTACAAAAACCTCCTT,2
TTACAAAGGACATCGT,2
TTACAAATAACCCAGT,2
TTACAAATTTAGAGAC,2
TTACAACACATTGTAT,2
TTACAACGCATCCTAA,2
TTACAACGTTTTACCA,2
TTACAAGGATCACGAC,2
TTACAAGGCTCACTAC,2
TTACAAGGGAATGTAT,2
TTACAATATACTCCGG,2
TTACAATCCGTGGCAG,2
TTACAATCGATGCTAA,2
TTACAATCGGATTGCC,2
TTACAATCTGCCTTCC,2
TTACACAGGCATCATT,2
TTACACCAACACTCAG,2
TTACACCCAACATGCT,2
TTACACCCGTAATGAT,2
TTACACCTAATCATGA,2
TTACACCTATGAGACG,2
TTACACGATCTGATCC,2
TTACACGTACCTCACA,2
TTACACGTACTTCACT,2
TTACAGATAATAATTT,2
TTACAGCAAAGATAAA,2
TTACAGCGGCCTGACT,2
TTACAGGACATGGAAA,2
TTACAGGGTGCCGTAG,2
TTACAGGTAACTCATC,2
TTACAGTACAATAACA,2
TTACATAAAATTACTT,2
TTACATAGTATTGGCG,2
TTACATCATCGCCATG,2
TTACATCCATTATTAC,2
TTACATGGGTTAAACA,2
TTACCAAATGAAAGCT,2
TTACCAAATGTTCAAT,2
TTACCAAGTCTTACAA,2
TTACCACATAAACTTA,2
TTACCACGAACAACCA,2
TTACCACGACCAAGAG,2
TTACCACGGCCAGGAG,2
TTACCACGTGGTGGCC,2
TTACCAGACCAAAATA,2
TTACCAGTCACTCTCG,2
TTACCATTTTTTGTTT,2
TTACCCAAATGAGACT,2
TTACCCAAATTAGACG,2
TTACCCCACACTACCG,2
TTACCCCCTCACATCA,2
TTACCCCGAGCTACAC,2
TTACCCCGTCACCAAA,2
TTACCCGGTTAATGCT,2
TTACCCTATCAACGAT,2
TTACCCTGATGCAAAG,2
TTACCCTTATAAAACC,2
TTACCGACGTTGGTAC,2
TTACCTAAATATCTGG,2
TTACCTACCAACAACC,2
TTACCTACTTTCCGTG,2
TTACCTATACCCTGCT,2
TTACCTCAGGACCCAA,2
TTACCTCGCCAGCACA,2
TTACGAAAAAAGGGAG,2
TTACGAACGCCAAGGA,2
TTACGAATAATACCCA,2
TTACGACTCAGAGTAG,2
TTACGATAGATACCCA,2
TTACGATATAACTCGG,2
TTACGCAGCATGTGAT,2
TTACGCCAAGGTCGCA,2
TTACGCCATCCGGAAG,2
TTACGCCCATAGGGAA,2
TTACGCCCATGGGAAA,2
TTACGGAAATGTATAT,2
TTACGGAGTTACCAAC,2
TTACGGCGATATAGAA,2
TTACGGGTGATCTATA,2
TTACGGTCACTGCAAC,2
TTACGTAAAACATTGT,2
TTACGTATCATCTCCG,2
TTACGTCTATCCGTTC,2
TTACGTCTGATACTAA,2
TTACGTGTCCTGTACG,2
TTACTAAAAACAGGCA,2
TTACTAAGACATAACA,2
TTACTAAGACATACAA,2
TTACTAAGGCATACCA,2
TTACTAAGGTCAGAAG,2
TTACTAATAATGGACT,2
TTACTACAAATAAGAG,2
TTACTACCACACTTAT,2
TTACTAGATTCAAACA,2
TTACTAGCACTCCCCA,2
TTACTATGACCCATCT,2
TTACTCACATACAAAC,2
TTACTCCCATAGGAAA,2
TTACTCTTTCAACTGT,2
TTACTGACAGATTTAT,2
TTACTGACTAAACTAG,2
TTACTGACTAAGCCTA,2
TTACTGTAACTCTTGC,2
TTACTTCACAGATGTG,2
TTACTTCAGAGTGGAA,2
TTACTTCCAAACTCTT,2
TTACTTGAAGGACTAA,2
TTACTTTTGGAGGTGG,2
TTAGAAAATATGAGTT,2
TTAGAAACTCCACCAA,2
TTAGAAAGATGCATTC,2
TTAGAAATGGATTCTA,2
TTAGAAATTGTAATAG,2
TTAGAACACAGACAAT,2
TTAGAACATCGCACAC,2
TTAGAACATCTCCCAA,2
TTAGAACATTGGTAAA,2
TTAGAACCCTAACAAA,2
TTAGAACGATAACTAT,2
TTAGAAGATTATCAAC,2
TTAGAAGCCAATGTGC,2
TTAGAAGGAGCCTAGA,2
TTAGAATAACTATTTG,2
TTAGAATATCATTTCG,2
TTAGAATCCTACACGA,2
TTAGAATCGGGAACCG,2
TTAGAATTACTAACAA,2
TTAGAATTGGAACTAA,2
TTAGACACCATTAAAT,2
TTAGACACTACACCAA,2
TTAGACATAAAAATCC,2
TTAGACATAAATAAGA,2
TTAGACCACAAAAAAT,2
TTAGACCCACTATGCA,2
TTAGACGACATAGATG,2
TTAGACTACCGTTGAC,2
TTAGACTGCCTAACTA,2
TTAGACTTATTTTAAA,2
TTAGACTTTTACTGTC,2
TTAGAGAAAACAAGCG,2
TTAGAGAAGCCGTACA,2
TTAGAGACACGATAGA,2
TTAGAGACTCCAATTT,2
TTAGAGCATGATCGTA,2
TTAGAGGTGCCGATCG,2
TTAGAGTCCCACCTTT,2
TTAGATATAATATGAG,2
TTAGATGCAAGATACA,2
TTAGATTACAACAGCA,2
TTAGATTATATTTCAA,2
TTAGATTTGAGAAACA,2
TTAGATTTTCGAATCT,2
TTAGCAATTTTCCGTC,2
TTAGCAGCAATATGGA,2
TTAGCATACACCATCG,2
TTAGCATCAACCATCG,2
TTAGCATGTAAACGGA,2
TTAGCATTGTTTAAAT,2
TTAGCCCGGTGACGTC,2
TTAGCCCTGGTATAGC,2
TTAGCCGTGTCACCTC,2
TTAGCCTATTCTTGTT,2
TTAGCCTCAAGGACGT,2
TTAGCTACAGTGGCAA,2
TTAGCTATCGAAACTC,2
TTAGCTATTTAATGGA,2
TTAGCTGTCACGCCTT,2
TTAGCTTGAACCAACA,2
TTAGGAACACCTTAAC,2
TTAGGACAACTCTTAA,2
TTAGGAGGACCACCAA,2
TTAGGAGGGGAGTAGC,2
TTAGGATAAACGTTGG,2
TTAGGCAAGCTATGAC,2
TTAGGCATTGCTTAAC,2
TTAGGCTTATGCAGCA,2
TTAGGGAGGCGTTACC,2
TTAGGGGACAAGGGAT,2
TTAGGGGTAGGGAATA,2
TTAGGTCGCTGCGTGG,2
TTAGGTGAATGTTATG,2
TTAGGTGGCCATATCA,2
TTAGTAAGACTGTACA,2
TTAGTAATGACCAGTA,2
TTAGTATACAGCAAGG,2
TTAGTATTCCACCCTT,2
TTAGTCAAATAAATAT,2
TTAGTCAAGGTGAAAC,2
TTAGTCATCCTAAACA,2
TTAGTCCAAATTGAAC,2
TTAGTCCATGGATTGT,2
TTAGTCCATGGATTTC,2
TTAGTCCATGTATTGC,2
TTAGTCCCAGCGCATT,2
TTAGTGAACGGCCAAT,2
TTAGTGATGAGTTGGT,2
TTAGTGCTTAGGCCTC,2
TTAGTGGAGTATCTAA,2
TTAGTGTCACAGCCTT,2
TTAGTTAAAAGAAATG,2
TTAGTTAAAGATGACC,2
TTAGTTAACTCCCCAC,2
TTAGTTACGCCGACCC,2
TTAGTTAGCACTAGAA,2
TTAGTTAGTGACCTCG,2
TTAGTTGACAAGGCGT,2
TTAGTTTGGAGAATTT,2
TTAGTTTGTTGTAGGA,2
TTATAAAAATGGAGGG,2
TTATAAAGCTCAAGGT,2
TTATAAAGGGACAGTA,2
TTATAAATAGCAAGTT,2
TTATAAATCTTGCTCT,2
TTATAACAGAAACTGA,2
TTATAACATCGATCAA,2
TTATAACCTAACATGA,2
TTATAACGGATTTTAG,2
TTATAACTACAGGGGG,2
TTATAACTACATAGGG,2
TTATAACTGTATCTGA,2
TTATAACTTTATCGGA,2
TTATAAGAGTGCAACG,2
TTATAATAAGTTTTTT,2
TTATAATAATTGCTCG,2
TTATAATAGAACAGCT,2
TTATAATAGACTCACC,2
TTATAATAGGTCTCCT,2
TTATAATTGGATGATA,2
TTATACAAGAGGACAA,2
TTATACAGCTCACACG,2
TTATACATAAGAAATA,2
TTATACATCACCTTTA,2
TTATACCAAACTCACC,2
TTATACCAAAGGGCCA,2
TTATACCACTGAGTAA,2
TTATACCCACTTGACA,2
TTATACCCAGACAATT,2
TTATACCCCACAAAAA,2
TTATACCCCCCTGACA,2
TTATACCCCCTTGATA,2
TTATACCCGGTTTAGT,2
TTATACCGAAACGGAT,2
TTATACCGACAGTAGA,2
TTATACGATTATCTCC,2
TTATACGCTTGATTAC,2
TTATACTCAGGCAATT,2
TTATAGACACGTGACA,2
TTATAGAGTTAAGACT,2
TTATAGCACTAATCAG,2
TTATAGCCTAGAGATC,2
TTATAGGCTCCCTAAG,2
TTATAGGTGCCGCTCG,2
TTATAGGTTCACTAAG,2
TTATAGTGGTGTAATG,2
TTATAGTGTTGTAATT,2
TTATATAAAATTACTG,2
TTATATAAGCCTGAAC,2
TTATATATATATGACA,2
TTATATATTTCCTGCC,2
TTATATCCACTATCTT,2
TTATATCTGAACTCCA,2
TTATCAATCAATACAC,2
TTATCAATTTCAATCG,2
TTATCACCACACAGTT,2
TTATCACCCGGAAAAG,2
TTATCACCGCACAGTC,2
TTATCACTAAAAATTT,2
TTATCACTGAAAATCA,2
TTATCAGTGGGTGTAA,2
TTATCATATGTCACAA,2
TTATCATGGATCCTTA,2
TTATCCAATGAAGAAT,2
TTATCCAGAGGCAACT,2
TTATCCGTGTGTACAG,2
TTATCGAAACCAAACA,2
TTATCGACTCCTGGTT,2
TTATCGCCTCAGCTTT,2
TTATCTACACTTACTG,2
TTATCTAGTGGCTAGG,2
TTATCTGTGTAATGGC,2
TTATGAACCATCTCAA,2
TTATGACATAAAAGAA,2
TTATGATAAGCAATCG,2
TTATGATGGTAACGCA,2
TTATGCCAGCTATGAC,2
TTATGCGTCAGTAGCG,2
TTATGGGCATCGGAGA,2
TTATGGGCTATATACA,2
TTATGGGTCCAAACCA,2
TTATGGTCCCACAAAA,2
TTATGTACAACACGTG,2
TTATGTATAATAGGGA,2
TTATGTCCATATCGCA,2
TTATGTGACTCGCGTC,2
TTATTAAAGAGGACAG,2
TTATTAAATCCAAAAC,2
TTATTAACAAATGTGA,2
TTATTACAAAGGCTCT,2
TTATTACTCCCTACCT,2
TTATTAGGATACAGTA,2
TTATTATCTCTCTCAG,2
TTATTCAAAAACGAAT,2
TTATTCAACCAAATCA,2
TTATTCACCGATGCCT,2
TTATTCCGAAGCAGAG,2
TTATTCCGATACGCAA,2
TTATTCTAACAATACC,2
TTATTCTAATTTACTC,2
TTATTCTTGCTGGGGG,2
TTATTGAAATTTCCCA,2
TTATTGACAGAACACA,2
TTATTGACCGGTAATG,2
TTATTGAGGAGTATAA,2
TTATTGATTCCTTCTT,2
TTATTGCATGACTATA,2
TTATTGCCGTTAGCCA,2
TTATTGGAAAAATAAC,2
TTATTGGCATCGGAGC,2
TTATTTAAGTCACAAT,2
TTATTTAATTTAGACA,2
TTATTTCAATTGACCC,2
TTATTTCTGTGATCGG,2
TTATTTCTTCCCAAAG,2
TTATTTTATAATTATG,2
TTCAAAAAAAGAAAAA,2
TTCAAAAAGAGGAAAA,2
TTCAAAAATGATTGCT,2
TTCAAAACAAAAGAAT,2
TTCAAAACGACTAAAC,2
TTCAAAATAATAATAA,2
TTCAAACCTATCGCGT,2
TTCAAACTGAAATCCA,2
TTCAAAGGCCCGCGAA,2
TTCAAATACTAAACGC,2
TTCAAATCAATCGTCC,2
TTCAAATTGCCCGTTA,2
TTCAACAAGGCAGTCA,2
TTCAACACCTATAAAA,2
TTCAACAGATGCGTAG,2
TTCAACATTCTTATGG,2
TTCAACCCGAATCACC,2
TTCAACCGGTAAGAGA,2
TTCAACGAGGGAGATA,2
TTCAACTAAATCCGCC,2
TTCAACTCAAGAAGAA,2
TTCAAGAACGGCACCA,2
TTCAAGCGACAACCGC,2
TTCAAGCTAATGGAAG,2
TTCAAGCTTTGGGCCT,2
TTCAAGCTTTGGGTCG,2
TTCAAGCTTTGGTCCG,2
TTCAAGGGAGAATACT,2
TTCAATACGGTCTCGA,2
TTCAATCAGGTTGAAG,2
TTCAATGTAAGTCATC,2
TTCAATTACGACACAT,2
TTCAATTAGTACATAC,2
TTCAATTATACGAATT,2
TTCAATTCCCAATAAA,2
TTCAATTGGCACATAC,2
TTCAATTGTTACATAC,2
TTCACAAAATTTACTC,2
TTCACAAGACTTCTCA,2
TTCACACACTAAATAT,2
TTCACACCATGAAGCA,2
TTCACATCTCAACTAC,2
TTCACATGTTGCCACA,2
TTCACCAAAAATAACA,2
TTCACCAACAAGCTGC,2
TTCACCAAGTCCCAAT,2
TTCACCATGCCCCCGA,2
TTCACCCGGGTGTATC,2
TTCACCCTAAAAGCCT,2
TTCACCGAAATAGTGC,2
TTCACCTCTATAGGAA,2
TTCACCTTAATTTTAC,2
TTCACGAAAACTCGCC,2
TTCACGCATGGCTAAG,2
TTCACGCTTTACAATT,2
TTCACGTACCCATGGC,2
TTCACTACATGAGAAC,2
TTCACTACGTCCCGTC,2
TTCACTATAAGCACGA,2
TTCACTATTGCAAGCC,2
TTCACTGAACTGATAC,2
TTCACTTCGGTAGATA,2
TTCAGAAATATAACAC,2
TTCAGAACCAATACAA,2
TTCAGAATACAGATGT,2
TTCAGACCCTAAGCCC,2
TTCAGACGAATACTCC,2
TTCAGATAATACTTAC,2
TTCAGATTCCTAACGG,2
TTCAGATTCCTGACGT,2
TTCAGATTCCTGGCGG,2
TTCAGATTGCTGACGG,2
TTCAGCCGTCCACCGT,2
TTCAGCGATATCATGA,2
TTCAGCTAAACTGCAA,2
TTCAGTAATAGCTGTC,2
TTCAGTATAACAAAAA,2
TTCAGTCAAACCTAAA,2
TTCAGTTCTTTGGGAT,2
TTCATAATGAAAAAGA,2
TTCATACAGCCCTGAG,2
TTCATACAGGCCTTAG,2
TTCATACATACCGAGT,2
TTCATACATGCCTGAG,2
TTCATAGCAGATTGAA,2
TTCATATACATCGGAC,2
TTCATATACGTCAGAC,2
TTCATATAGATCAGAC,2
TTCATATAGGCCTGAG,2
TTCATATGTACGGACA,2
TTCATATTACACCACA,2
TTCATCAATGAGAATT,2
TTCATCACGAGCTGGA,2
TTCATCTGGAGTACTA,2
TTCATGAATATGGACT,2
TTCATGAGACCACTAT,2
TTCATGATAATATCTA,2
TTCATTACAACTAAGG,2
TTCATTACCCAAGTCT,2
TTCATTACGAAGAAAA,2
TTCATTAGAACGAAAA,2
TTCATTATCCACGAGA,2
TTCATTTAGCCATCGC,2
TTCATTTCAAAGAAAA,2
TTCATTTCTTGACCCA,2
TTCATTTTAATGCCTA,2
TTCATTTTTAATGAGT,2
TTCCAAAAACAGACCA,2
TTCCAAAATGAGATGA,2
TTCCAAAATTCTCTGT,2
TTCCAAAGGAGACCAA,2
TTCCAACACGCACAAA,2
TTCCAACCATCGATAA,2
TTCCAACGGCTAGGTT,2
TTCCAAGAATCGAAGA,2
TTCCAATACTGGACTT,2
TTCCAATAGTGAACAT,2
TTCCAATCGGATTACC,2
TTCCAATTTGCATCAC,2
TTCCACAAAAATAGCA,2
TTCCACAGATGAGTAG,2
TTCCACAGATGCGTCG,2
TTCCACAGTTAAACCA,2
TTCCACATAATCATGA,2
TTCCACATTATTATGG,2
TTCCACATTCTTATGC,2
TTCCACCAGTTACCAC,2
TTCCACCCTATCTATA,2
TTCCACGACAAATAAT,2
TTCCACGACTATTGAG,2
TTCCACTTATTCACAA,2
TTCCAGCAAGACGCGC,2
TTCCAGCAGACAAACT,2
TTCCATAAGAAACCAA,2
TTCCATCAAGCAACAA,2
TTCCATCAATAACAAC,2
TTCCATGACGTTTTCT,2
TTCCATTATGGAAGAC,2
TTCCATTTCCTTTAAA,2
TTCCATTTTCTTGTAC,2
TTCCCAAAATTCAGAA,2
TTCCCAACGAAACCAC,2
TTCCCACGACTAGGTT,2
TTCCCAGCATATAGTT,2
TTCCCAGCATCTGTAA,2
TTCCCAGTACTTCAAT,2
TTCCCATAAAACTATA,2
TTCCCATGTGCGCGAA,2
TTCCCCCCACTCACTG,2
TTCCCCGTCTGTTCAA,2
TTCCCCTGCTGTTCAA,2
TTCCCGGCATCTCCGA,2
TTCCCTCCTAACCAAT,2
TTCCCTGGCACTCTAT,2
TTCCCTTGACTACCAC,2
TTCCGAAAATGCACCG,2
TTCCGAAATCGACGAA,2
TTCCGAAATGTTATTA,2
TTCCGAGACAATACTC,2
TTCCGCCCGTAAATAT,2
TTCCGCGCGAACGGAT,2
TTCCGGAACTGATATG,2
TTCCGGACCCGATATG,2
TTCCGTCAAGCAACCA,2
TTCCGTCGCACACCTA,2
TTCCTAACACCGTGCT,2
TTCCTAAGGAGAAGAC,2
TTCCTAATCATACGCC,2
TTCCTAATGATACGAC,2
TTCCTAATTATACGCC,2
TTCCTACAGCACCCCA,2
TTCCTACCATACTTAT,2
TTCCTACGGCTAGGTT,2
TTCCTATAAAAGCTAT,2
TTCCTATACAATCTAT,2
TTCCTATATAGTCACC,2
TTCCTCACAAATGCAA,2
TTCCTCCAAGAGCGTA,2
TTCCTCCACGAAATAT,2
TTCCTCGAAGAATATT,2
TTCCTCGAAGATAAAT,2
TTCCTCGAGCATAAAT,2
TTCCTGACTAAAATAG,2
TTCCTGCGCAAAAACA,2
TTCCTGTTACGGGAAA,2
TTCCTTAAAAATTTCC,2
TTCCTTAATCAAGTAA,2
TTCCTTACGTATTATC,2
TTCCTTGAACATCAAT,2
TTCCTTGCCCGAAGTA,2
TTCGAAAATCGCACAC,2
TTCGAAATACCAACCA,2
TTCGAAATCCACAGTG,2
TTCGAACATAGCACAC,2
TTCGAAGTTCTGTGCC,2
TTCGAATCTGCAGCAG,2
TTCGAATTTAGTTGTT,2
TTCGACAAGCATTACT,2
TTCGACACAAACACGC,2
TTCGACCTAAAGGTCC,2
TTCGACGGATGCAGAA,2
TTCGACGGTCCATTAG,2
TTCGACTCAATCAAAC,2
TTCGACTTGGACGCCA,2
TTCGAGCACCTGCGCC,2
TTCGAGGAGTTGCCAA,2
TTCGAGGGTAGAGTTC,2
TTCGATAAAAAATCAA,2
TTCGATCAGCACTATG,2
TTCGATCCATAGACTG,2
TTCGATGAGGTGACGA,2
TTCGATGCGCCAAATA,2
TTCGATGCTGAGGGCC,2
TTCGATTACACCATTC,2
TTCGATTCGGACGACA,2
TTCGCATATGAATAAC,2
TTCGCATTATCTGCTG,2
TTCGCATTCTCAGTAT,2
TTCGCCAAGGGTGAAA,2
TTCGCCACATTATGGG,2
TTCGCCATGGTATAGC,2
TTCGCCATGTAATGAG,2
TTCGCCCGGGTATAGC,2
TTCGCCCTGGTATAGA,2
TTCGCCTGAAACCTAT,2
TTCGCCTTACTAAATG,2
TTCGCCTTCTCGTGCT,2
TTCGCGAACACTTACA,2
TTCGCGAATGCATGGT,2
TTCGCGCAACACAGAC,2
TTCGCGCTACCGGTTC,2
TTCGCGTAGTAGAATC,2
TTCGCTACCATATCTC,2
TTCGCTCTCGTCAACG,2
TTCGCTGAACTGCTAC,2
TTCGCTGTGACTTAAA,2
TTCGCTGTGCTTGAAT,2
TTCGGAAACAACACTA,2
TTCGGAATGTTCGAGC,2
TTCGGACTTAATTACT,2
TTCGGAGAATACATAG,2
TTCGGAGGTCTTTCGA,2
TTCGGCCTAACCGTTG,2
TTCGGCTCATTACCTG,2
TTCGGCTTCCAACAGT,2
TTCGGTATGTAATCCT,2
TTCGGTCCCGATCAGA,2
TTCGTAACTATACGCT,2
TTCGTAAGGATGTCTT,2
TTCGTACCAAATTGAT,2
TTCGTAGAAATCTATC,2
TTCGTAGCTACAGAAC,2
TTCGTATATTGTCTTC,2
TTCGTCAAATGAATAT,2
TTCGTCAATGCTAAAT,2
TTCGTCCTACGAAATC,2
TTCGTCTTAGACTGCT,2
TTCGTGAAAATCTTAA,2
TTCGTGCAAATCTTGA,2
TTCGTTATTCAAGTTG,2
TTCGTTTCTACCTGCC,2
TTCTAAAACGCGAAGT,2
TTCTAAACAACACATC,2
TTCTAACCGAGCCAGT,2
TTCTAACTACGCACCG,2
TTCTAATAATCCCTTC,2
TTCTAATCGGATTGCC,2
TTCTACATCCTACCAG,2
TTCTACCAAATATGAC,2
TTCTACCGATCCAAAG,2
TTCTACCTGGTCCTGA,2
TTCTACGAATATCGGA,2
TTCTACTAATCCCTTA,2
TTCTACTTAAAAGGGG,2
TTCTAGTCGATCAGGT,2
TTCTATACCACTTACT,2
TTCTATTGAATGTAGA,2
TTCTCAATAACATTGA,2
TTCTCAGTATCGCAGA,2
TTCTCAGTATCTCAGC,2
TTCTCAGTTCCGTAGT,2
TTCTCATAAGAGGACA,2
TTCTCATCAATCATTG,2
TTCTCATGATAACAGA,2
TTCTCATTATCGCAGC,2
TTCTCCAAAACAAAAT,2
TTCTCCCAACATATAT,2
TTCTCCCTGGTATAGC,2
TTCTCCGGAGAAGCGG,2
TTCTCCTAGCCCATCA,2
TTCTCCTTGACTTCTA,2
TTCTCTAACAACATAA,2
TTCTCTACTATATCTC,2
TTCTCTAGAAAAAAAA,2
TTCTCTGTAGTCGTGA,2
TTCTCTTAGTTAACAA,2
TTCTGAAAAGGAGCTG,2
TTCTGAACGATCTCAA,2
TTCTGACTACCATATC,2
TTCTGAGAAAAGCTCA,2
TTCTGATAAATTTGCA,2
TTCTGATTATTCCAAG,2
TTCTGCAATTCCCTTA,2
TTCTGCATAGAGCCCC,2
TTCTGGTACCAACCTT,2
TTCTGTACTAAATAGA,2
TTCTGTTTCGTAACGG,2
TTCTGTTTGGGAACGG,2
TTCTTAAAGTCGGCAA,2
TTCTTAAATAATCATC,2
TTCTTACACTAGCTGT,2
TTCTTACACTAGCTTG,2
TTCTTACATAGTAACA,2
TTCTTCCACATGAAAT,2
TTCTTCGCGGAATAAT,2
TTCTTCTAGACAAACT,2
TTCTTGAAGACATACG,2
TTCTTGCCCAACACAG,2
TTCTTGCGATCCACAA,2
TTCTTGTCAGCCTGTT,2
TTCTTGTCAGTCGGTT,2
TTCTTGTTCCAACCTT,2
TTCTTTACGATACGGT,2
TTCTTTACTATACGAT,2
TTCTTTACTATATGGT,2
TTCTTTCTGATTAGCG,2
TTCTTTGCGTCATATC,2
TTCTTTTAAGATTTTG,2
TTCTTTTGCACTGCAC,2
TTCTTTTTTGATGGCT,2
TTGAAAAATCGATTCA,2
TTGAAAAATCTAGGGG,2
TTGAAACACCTCCACC,2
TTGAAACAGACACAAT,2
TTGAAACCAATTAAAC,2
TTGAAACCGTATTACG,2
TTGAAACGAGGTCCGA,2
TTGAAAGGGGGGACCT,2
TTGAAAGTCTCTTACC,2
TTGAAATAGGCACTCA,2
TTGAAATCCACACTAG,2
TTGAACAACCGGAACG,2
TTGAACAACGTCATAG,2
TTGAACGTTGGCATAT,2
TTGAACTATCTCGACA,2
TTGAACTGGCTCGACA,2
TTGAAGAAATTCAGCT,2
TTGAAGCGTATTCTCT,2
TTGAAGGCATAGGTGT,2
TTGAAGGCATGTGTGT,2
TTGAAGGGACATGGCC,2
TTGAAGGGTATGCTCT,2
TTGAAGTATTATGCTT,2
TTGAAGTCGTTTACTC,2
TTGAAGTGACCTAGTC,2
TTGAAGTTTAGTTATC,2
TTGAATAAAACATCCC,2
TTGAATAAACCATCCA,2
TTGAATACCAAACACG,2
TTGAATAGATAGCATG,2
TTGAATCTAGTCTTTG,2
TTGAATCTGCTGTAAT,2
TTGAATGAACAGAACG,2
TTGAATGATCGTGTCT,2
TTGAATGTGAGACCTT,2
TTGAATTAATATAGCT,2
TTGAATTACGATCGTA,2
TTGAATTACGCTCTTA,2
TTGAATTCCCCCTACA,2
TTGAATTCCTCCCACA,2
TTGAATTGCGCTCGTA,2
TTGACAAAAGCTTATA,2
TTGACAAACACAGTAG,2
TTGACAAATACTGATT,2
TTGACAAATGAAAGCT,2
TTGACAACGGATTACC,2
TTGACACACATATCCG,2
TTGACACGATGTCCGA,2
TTGACAGAACACAGAT,2
TTGACATAAAATAGGG,2
TTGACATCCTAAATTA,2
TTGACATTAAAATTTA,2
TTGACATTGAATAGAA,2
TTGACCATAGAAAGAT,2
TTGACCATGGAACGAT,2
TTGACCCCTCCCACAA,2
TTGACCCTCAGATAAA,2
TTGACCCTCTTTCCGA,2
TTGACCTTACCAGTCC,2
TTGACGCCTAAAAAGT,2
TTGACGCTTAAAAATT,2
TTGACTAGATTCAAAA,2
TTGACTCACTCTCCTT,2
TTGACTCATTCTCCTT,2
TTGACTCCATAATTAA,2
TTGACTTGTACTCTCA,2
TTGAGAAAGTACATAC,2
TTGAGAAATTACCTAC,2
TTGAGAACAAGCGCCC,2
TTGAGAATTATAAAGT,2
TTGAGAGCAAGATAAA,2
TTGAGATAAAACACAA,2
TTGAGATAAAGGCAAT,2
TTGAGATTATAAAACT,2
TTGAGCACAATCAAAT,2
TTGAGCAGAATAAAAT,2
TTGAGCAGAGTCAAAT,2
TTGAGCAGCTGTTAAT,2
TTGAGCCTGCATTCAG,2
TTGAGTAAACCATCCC,2
TTGAGTATTTAGGTTA,2
TTGAGTGCATAATCAT,2
TTGATAATCTGGATGT,2
TTGATACGCCAATGAA,2
TTGATATAAACAAAAC,2
TTGATATGAGCGGACA,2
TTGATATTACACGGTC,2
TTGATCAATTTTCTCT,2
TTGATCCCAGCAGTGT,2
TTGATCCCAGTAGGGT,2
TTGATCCCATCACAAA,2
TTGATCCCATCAGGGT,2
TTGATCCGCCGATGAA,2
TTGATCCGCGTTATTA,2
TTGATCGTATCACTCT,2
TTGATGCCTACGTGAT,2
TTGATGTCCGCGAGAC,2
TTGATGTCTACGAGAC,2
TTGATTACATTATTTG,2
TTGATTCACATAAAAG,2
TTGATTCTCCGAATTC,2
TTGATTTCAATACATG,2
TTGATTTCGCGAAACA,2
TTGATTTGCCCGGCAA,2
TTGCAACAAGATGAAA,2
TTGCAACCCTACGGAC,2
TTGCAAGCCCCAGCGC,2
TTGCAAGGAGTCACTG,2
TTGCAATATGATGAAA,2
TTGCACAATTGCCGTA,2
TTGCACAGGCTTCAAG,2
TTGCACCAGCACGCCA,2
TTGCACCATTACCATG,2
TTGCAGATATCTAATC,2
TTGCAGCACCAACAAG,2
TTGCAGCTAATCAATG,2
TTGCATAATGTACCTA,2
TTGCATAATGTATATA,2
TTGCATACGGCTCATT,2
TTGCATTAAGGTATAA,2
TTGCCAACCCCAGCGC,2
TTGCCAATTGGACAAA,2
TTGCCAGCCCCAGCTC,2
TTGCCATCCCCAGCGC,2
TTGCCATGCGTAACCA,2
TTGCCATGTTTTAAAT,2
TTGCCATTAAGCGATA,2
TTGCCCAAGCTCTCAT,2
TTGCCCCGATAAAAAA,2
TTGCCCTGATGAACAT,2
TTGCCGCATGAGCAGA,2
TTGCCGCTTTTGGAAA,2
TTGCCTAATCGAACAA,2
TTGCCTACATATCGTA,2
TTGCCTATCTCGGTAA,2
TTGCCTCAATCCATAA,2
TTGCCTCATTAGTTAA,2
TTGCCTCTTAAGTAGT,2
TTGCCTTGTACTCTCT,2
TTGCGACAAGTTGAGA,2
TTGCGATCGAATTACA,2
TTGCGCGTTTTGTAAG,2
TTGCGCTTGCTATATA,2
TTGCGGGAAGGTCGCC,2
TTGCGTAACGGCGAAT,2
TTGCGTATCACTGAAA,2
TTGCGTCCCCGTGACG,2
TTGCGTCTGTTTAAGA,2
TTGCGTGAATTACAGA,2
TTGCTAACACTGGATA,2
TTGCTAAGTACTTTCT,2
TTGCTACTCCTTTAGA,2
TTGCTACTTCCGGATA,2
TTGCTATAGACAAATC,2
TTGCTCCAAGGTCGCA,2
TTGCTCCAGCAGATCT,2
TTGCTGAAACGATAAG,2
TTGCTGACACTAGATA,2
TTGCTGACACTCGATA,2
TTGCTGACACTTGATA,2
TTGCTGAGGGATAATA,2
TTGCTGGTTAGCAAAA,2
TTGCTGTAGTCACCAA,2
TTGCTTAAGACTTACA,2
TTGCTTCTGAGATAAA,2
TTGCTTGTTGCCCGTA,2
TTGCTTTATCACGCAT,2
TTGGAAGAAAACCTCT,2
TTGGAAGTCCCCTTAA,2
TTGGACACTCCACCAA,2
TTGGACGCATACAACC,2
TTGGACTAGTTTATAT,2
TTGGACTTCGCAATCC,2
TTGGAGAGGAATCCCA,2
TTGGAGAGTCAGATAA,2
TTGGAGCACTTGACCG,2
TTGGAGCCTTACAACG,2
TTGGAGCCTTTTCTAA,2
TTGGAGCTTCAAAAGT,2
TTGGAGGCATGGGTGT,2
TTGGAGTTTACATTGA,2
TTGGATAAAGTCGTGA,2
TTGGATAGGCTTAGAC,2
TTGGCAACTCTGCGGC,2
TTGGCACACATATCCC,2
TTGGCACTCATCCCCA,2
TTGGCATTGACAAGGT,2
TTGGCCCACAATGCTG,2
TTGGCCTACATCCATT,2
TTGGCCTTGTTATACG,2
TTGGCTCATACGGCAC,2
TTGGGAAAAGGCCGAA,2
TTGGGACAATTAGTCA,2
TTGGGACGCCGGCTCC,2
TTGGGATAAGCAAACA,2
TTGGGGAAGTAATCAA,2
TTGGGGCTCGCTACGA,2
TTGGGGGAGTAAGCAA,2
TTGGGTGATACTAAAG,2
TTGGGTTCTAAGACAT,2
TTGGTAAATAATTCAC,2
TTGGTACATAGAATTT,2
TTGGTACCAGCTTAGT,2
TTGGTCAACATTAAAA,2
TTGGTCACGCTCTTCC,2
TTGGTCCGGCAATTCA,2
TTGGTCTGCTACCTAA,2
TTGGTCTTTCTCGGCT,2
TTGGTGAAATAAACAA,2
TTGGTTAGATTATACC,2
TTGGTTATGCACAATC,2
TTGGTTCCCGTCCTTG,2
TTGGTTGCCCACTGTC,2
TTGTAAAAGCAAACCC,2
TTGTAAAGCCAAATAG,2
TTGTAACGAGTGCCAA,2
TTGTAAGCAATACACA,2
TTGTAAGGAGATTCCT,2
TTGTAAGGAGGGAGAA,2
TTGTAATAAACCGCCG,2
TTGTAATATTCAACAT,2
TTGTAATATTTTAAAT,2
TTGTACAGGTTGACCC,2
TTGTACATACTTCATG,2
TTGTACCAGCACGACA,2
TTGTACCGTTAGAAAC,2
TTGTACGATCTTTCCA,2
TTGTACTACCATTACA,2
TTGTACTTTCATAACT,2
TTGTAGAAATTAAAGC,2
TTGTAGAACTGATACG,2
TTGTAGGACAATAAAA,2
TTGTAGTCCTTGTCAC,2
TTGTATAACCCCGGAG,2
TTGTATAAGTATGATT,2
TTGTATACGTTTGGTG,2
TTGTATATACTTACTA,2
TTGTATATGGAATACA,2
TTGTATATGGCATAGC,2
TTGTATATGGGAGACT,2
TTGTATCACCGAGGAC,2
TTGTATTAAAACCATC,2
TTGTCAAAGCTGGAGA,2
TTGTCAATAAAAAGCT,2
TTGTCAATACACTTAA,2
TTGTCAATAGACAGCT,2
TTGTCACAACGCCGCA,2
TTGTCACACGTGCAGT,2
TTGTCACCAGTGCAGT,2
TTGTCACCCGTGAAGT,2
TTGTCACCCGTGTAGT,2
TTGTCACCGGTGCAGT,2
TTGTCACTATAAATCC,2
TTGTCAGAAACCCAAA,2
TTGTCAGTACATCGAG,2
TTGTCATATTCATAAG,2
TTGTCATCCTGTTATG,2
TTGTCATCGTGTGAGT,2
TTGTCCAACAGGGAGG,2
TTGTCCATACCACAGA,2
TTGTCCCGTCATTGAA,2
TTGTCCGAATACTGCA,2
TTGTCCGTACTTGCGT,2
TTGTCGCAACCTATAA,2
TTGTCGCTGAGATGCA,2
TTGTCGTCCTTGTAAC,2
TTGTCTGCAGGCAGAA,2
TTGTCTTTCTTACACC,2
TTGTGATTACGAACCT,2
TTGTGCCCAACACCTG,2
TTGTGCTCAACACCTT,2
TTGTGCTCAGCTGAAA,2
TTGTGGACTAATGCCC,2
TTGTGGATACGTCTTT,2
TTGTGGCTAACCGATA,2
TTGTGGGATGCAAACA,2
TTGTGGGCTTGCACCA,2
TTGTGGTCGAAGGATG,2
TTGTGGTTCTATTCTA,2
TTGTGTCATCTACCAT,2
TTGTTAATGTTTGTTC,2
TTGTTACACCGTTAAG,2
TTGTTACACGATACAC,2
TTGTTACCGATGCACA,2
TTGTTACTTTACCTTA,2
TTGTTATGATCCAGAA,2
TTGTTCCGTCATCGAA,2
TTGTTCCGTCGTTGAA,2
TTGTTCTCGACGTGCA,2
TTGTTCTCGATGGGCA,2
TTGTTGAAATGCCACC,2
TTGTTGACTTGAACAA,2
TTGTTGGCTCTAATAA,2
TTGTTTACTCTAAGTG,2
TTGTTTCGAGTCACCG,2
TTGTTTTACCATGTCG,2
TTGTTTTAGCATTGTA,2
TTTAAAAAAATTACTG,2
TTTAAAAAAGCGGTAA,2
TTTAAAAGGGAACCAT,2
TTTAAAATTCGAACAA,2
TTTAAACATAATTCCA,2
TTTAAACATGATTGAA,2
TTTAAACCAATGATGA,2
TTTAAAGACGCGGGAC,2
TTTAAAGCATTAAATA,2
TTTAAAGTATACCTTT,2
TTTAAAGTGGCACCAA,2
TTTAAATATTCCTTAC,2
TTTAAATGAAGAGGAA,2
TTTAAATGACACTATT,2
TTTAAATTATATGGGA,2
TTTAACAAAGATCTCT,2
TTTAACACACTTCAGC,2
TTTAACACTCTTATGC,2
TTTAACAGCTCATAAT,2
TTTAACATTTTTTCAA,2
TTTAACCAACAGGAAG,2
TTTAACCCCATAACAA,2
TTTAACCCCGGATAAA,2
TTTAACCTCATGCAAA,2
TTTAACGTCGACATAT,2
TTTAACTACAAGAATA,2
TTTAAGAAAAATGATA,2
TTTAAGCACATTTCAT,2
TTTAAGCCAAGTCTTG,2
TTTAAGCGCGCACTAA,2
TTTAAGCTATAACTAA,2
TTTAAGTACTGAGACT,2
TTTAAGTTTACGGAGG,2
TTTAATACGATTTAAG,2
TTTAATAGGACTTAGA,2
TTTAATATGATGTGTA,2
TTTAATCATACCAGTG,2
TTTAATCCGGGATATT,2
TTTAATGACAATGGAC,2
TTTAATTAAAATAGAT,2
TTTAATTACGCTCGTA,2
TTTAATTCTACGAATC,2
TTTAATTTCCTAAATG,2
TTTACAAAAAAGAAAG,2
TTTACAAAGTCGAATC,2
TTTACAACCAAAGACA,2
TTTACACCCGGATAAA,2
TTTACACCTAAAGATC,2
TTTACACTCACCGTTA,2
TTTACAGAATGACAAG,2
TTTACAGCCAGCTACA,2
TTTACAGCTTTATGTA,2
TTTACATAATCCAAAG,2
TTTACATATTCCTTAA,2
TTTACATTAACATATA,2
TTTACATTGGAGCACC,2
TTTACCAAAATTCTAT,2
TTTACCAAGATGCTAT,2
TTTACCACAAACATTT,2
TTTACCACATAGCCTA,2
TTTACCCCCTGATAAA,2
TTTACCTAGAGGGTAG,2
TTTACCTCCGGATAAA,2
TTTACCTGAACCTAGC,2
TTTACCTTAAATAGTA,2
TTTACGATTAAACGGA,2
TTTACGCCCTAAACTT,2
TTTACGGCAAAGAAAA,2
TTTACGGCCTTTAATG,2
TTTACGTAATTAAAGA,2
TTTACGTACATACGGT,2
TTTACGTTAATCAAAT,2
TTTACTATACCGCAAT,2
TTTACTATAGATCCTG,2
TTTACTCTACCGAAAT,2
TTTACTGACTCGTATG,2
TTTACTGTAGTGGTCT,2
TTTACTTTTTAAAATT,2
TTTAGAACACCAAACA,2
TTTAGAACCACAAACA,2
TTTAGAACCCCAAAAA,2
TTTAGAACTGATAATG,2
TTTAGACATGTTCAAG,2
TTTAGATTAACTCGTA,2
TTTAGCAAGGAATTGT,2
TTTAGCACTTACCCCC,2
TTTAGCAGAATCAAAT,2
TTTAGCCATCTAACAA,2
TTTAGCCCGTCGAAAG,2
TTTAGCTAAATCTCGA,2
TTTAGGAATGGGTACG,2
TTTAGGACGCACAATA,2
TTTAGGAGAACTTCGA,2
TTTAGGGGGTCGGATC,2
TTTAGGGTATTCACCT,2
TTTAGGGTTTCGGATC,2
TTTAGGTATCAGTCAC,2
TTTAGTAGAACCCTAA,2
TTTAGTAGATACCTAC,2
TTTATAAGCGACGTGT,2
TTTATAAGCTACGTGG,2
TTTATACCATTACTCG,2
TTTATACTTGCATACG,2
TTTATAGAAAAATGAG,2
TTTATATTGGAGCACA,2
TTTATATTGGAGCACG,2
TTTATCAAAATGCTAT,2
TTTATCAAATGTAGCG,2
TTTATCATGTTGAACC,2
TTTATCCAAACGTAGA,2
TTTATCCAATTACTAC,2
TTTATCCATATAAAAT,2
TTTATCCCAGCAGGGT,2
TTTATCGAAAATGGCT,2
TTTATGAACACATCAC,2
TTTATGGATTCTATAA,2
TTTATGGGTTCGGATC,2
TTTATGTAACACCTGA,2
TTTATGTTGCGCATGT,2
TTTATTAAGAGACTGC,2
TTTATTACGACCCCCT,2
TTTATTAGACCGAAAA,2
TTTATTAGCAGACTGT,2
TTTATTGAACTTGTAA,2
TTTATTGTGCAATCAC,2
TTTATTTCACGAAACA,2
TTTCAAAATTATTCAA,2
TTTCAAACAACTTAGA,2
TTTCAAAGCCTATGCA,2
TTTCAAGATTTGGACA,2
TTTCAAGGGGGTTACT,2
TTTCAATCCAAAATGG,2
TTTCACACTTGATCTT,2
TTTCACAGTTAACATG,2
TTTCACATAGAGCTTT,2
TTTCACTAATTAGGCA,2
TTTCAGCTCAAGTATG,2
TTTCAGTGAATCGCCA,2
TTTCATACGGCTCTCA,2
TTTCATGAACCTCGCT,2
TTTCATTAGGAACCTC,2
TTTCATTTCGAATTAC,2
TTTCATTTCTCATTAC,2
TTTCCAAATGAAAGCT,2
TTTCCAACAGAAAAAC,2
TTTCCAATACTTTAAT,2
TTTCCAATTAAACGGA,2
TTTCCACCAAAGAATT,2
TTTCCAGACAATGAAC,2
TTTCCATAAGTTCAAA,2
TTTCCCACATGTAGCC,2
TTTCCCGTCCGTAAGA,2
TTTCCCTACATAGCTG,2
TTTCCCTGAACATAGC,2
TTTCCCTTACTCGCGT,2
TTTCCGATGAAACGGA,2
TTTCCGATTAAATGGA,2
TTTCCGTATAAACTTA,2
TTTCCGTATCCACCAA,2
TTTCCTGTTACGGCTA,2
TTTCCTTAGGCCTAAG,2
TTTCCTTATACACTTA,2
TTTCGAAAATTAGGAA,2
TTTCGAAACAAAGAAT,2
TTTCGAATGCAACCTA,2
TTTCGACCAGTTATCA,2
TTTCGAGACAATACCA,2
TTTCGATTGCATGACA,2
TTTCGCGGATAGGCAC,2
TTTCGGACTCACAATA,2
TTTCGGTGGATTACGT,2
TTTCGGTTTCAATTCA,2
TTTCGTCATAGATACA,2
TTTCTAAAGAAAAAGA,2
TTTCTAAATTGCTATT,2
TTTCTAAGAACGTCTT,2
TTTCTAAGGAAATTAT,2
TTTCTACGCTCACTAA,2
TTTCTAGACGAGCTGC,2
TTTCTAGACGCACTGC,2
TTTCTAGACGCGCCGC,2
TTTCTATAATAGCCTG,2
TTTCTCAACTAAGTAC,2
TTTCTGAAGACATAGC,2
TTTCTGAGCGATTACT,2
TTTCTTAACTAAAGAC,2
TTTCTTACAGAAAAAT,2
TTTGAAAAGAACAAGG,2
TTTGAACAATTCCCAA,2
TTTGAACTGTATTCAT,2
TTTGAACTTATAAGAT,2
TTTGAAGCCTAGCAAA,2
TTTGAATAAGTTACTT,2
TTTGAATGATACATAT,2
TTTGAATTCAGTCAAC,2
TTTGACAAACATCTTT,2
TTTGACACGAAACCTT,2
TTTGACACGCTCACTT,2
TTTGACACTTACAATG,2
TTTGACATTGGCGAAA,2
TTTGACTATTAAAATA,2
TTTGAGACTATCACAG,2
TTTGAGACTATCACTG,2
TTTGAGAGCCGCTAAC,2
TTTGAGCATACGTGAA,2
TTTGAGTAAACTTCAA,2
TTTGATAATTGGGACG,2
TTTGATCACAAAACTT,2
TTTGATCATACTTATC,2
TTTGATGGCATCCCTT,2
TTTGCCAAGCCCTGTA,2
TTTGCCATGTACTGAG,2
TTTGCCCAACTGAATC,2
TTTGCCCAGCATTGTT,2
TTTGCCTTAGGACAGA,2
TTTGCGGAACACCACG,2
TTTGCGTAAGTGGTGA,2
TTTGCGTGAGTGGTTA,2
TTTGCGTGATTGGTGA,2
TTTGCGTGGGTGGTGA,2
TTTGCTGAATCCGACA,2
TTTGCTTGAACTGATG,2
TTTGGAACAATGTCAG,2
TTTGGAACCCCAAACA,2
TTTGGAATACGCCGGA,2
TTTGGAATTAACAATT,2
TTTGGACCCTGATATT,2
TTTGGAGAGCTATCGC,2
TTTGGAGATAAGGGAT,2
TTTGGAGATTAGACCT,2
TTTGGAGCGGGTTTCA,2
TTTGGCAGTAATGGTC,2
TTTGGCCACACATGAT,2
TTTGGCCGGGTGCCTA,2
TTTGGCTTAGCTTAAG,2
TTTGGGTAAGACGTAC,2
TTTGGTGAAAAAAATC,2
TTTGGTGTACATCTAC,2
TTTGTAAAACATGTAT,2
TTTGTAAGGATGACCA,2
TTTGTACGTGTAAAAG,2
TTTGTAGCAGTAAGCA,2
TTTGTAGGACTACAAC,2
TTTGTAGGCAATAGGA,2
TTTGTATAACTAGAAA,2
TTTGTATGAGCGTGCC,2
TTTGTATGATCCAGAA,2
TTTGTATGGGCGTACC,2
TTTGTATGGGCGTGTC,2
TTTGTCAGCGCCTTAA,2
TTTGTCCGTGAATGGC,2
TTTGTCGAATTATCCA,2
TTTGTCGGCACGGCCG,2
TTTGTGCAAGTGGCCT,2
TTTGTGCGCTTGTGTA,2
TTTGTGCGTATCCGTG,2
TTTGTGGCACAAATAG,2
TTTGTGGGATGAATAT,2
TTTGTTAAACTGTAGT,2
TTTGTTCCAGATAAGA,2
TTTGTTTCCAGTAGAC,2
TTTGTTTTAACACTGA,2
TTTTAAAACTAACACG,2
TTTTAAACCCCACATC,2
TTTTAAAGAAGAATCA,2
TTTTAAATCTGATCCA,2
TTTTAACGACTGCCAA,2
TTTTAAGCTTTGGACA,2
TTTTAAGGCGATTCCT,2
TTTTAATACTGCAGTT,2
TTTTAATGTCCGGTTG,2
TTTTACAAATATAAAG,2
TTTTACAGAATACAAG,2
TTTTACAGTAAAAGAA,2
TTTTACCACCATTTTA,2
TTTTACCCCCAAACCC,2
TTTTACCGAGCCTCTC,2
TTTTACTACACAGGAC,2
TTTTAGAGTGGTTCAC,2
TTTTAGATTACCACAG,2
TTTTAGCAACAAAGTG,2
TTTTAGCATGAGCATT,2
TTTTAGCTATATCTGT,2
TTTTATAAGATCAAAA,2
TTTTATATGGGAGCCT,2
TTTTATCCCAAAACTT,2
TTTTATGATTTACTAC,2
TTTTATGCTAGAAAAA,2
TTTTATTACCATAGAG,2
TTTTCAAAGTCGAATC,2
TTTTCAAATTAATACG,2
TTTTCAAGTTAAGCGC,2
TTTTCACAAATGAAAA,2
TTTTCACAACCGTTTT,2
TTTTCACGAACCTTCA,2
TTTTCAGCACAATGAC,2
TTTTCATAAAACCCCC,2
TTTTCATAAGGATTGG,2
TTTTCATCAATCATTG,2
TTTTCATGAGTATATA,2
TTTTCATGTCCACAGA,2
TTTTCCAAAGATGCAA,2
TTTTCCCAGTTAAAGA,2
TTTTCCTCTAATGAAC,2
TTTTCGACCTAACATA,2
TTTTCGCACGGGCAGT,2
TTTTCGTATTGACAGG,2
TTTTCTACATCTGCTA,2
TTTTCTATCACTCCAT,2
TTTTCTATGACTAACA,2
TTTTCTGCTGGAAAAA,2
TTTTCTTGTAATTTAC,2
TTTTGAACATGACCAA,2
TTTTGAAGGTTTTAGT,2
TTTTGAATGTTTTTGT,2
TTTTGACAGTACTCAA,2
TTTTGACCGCAGCCGC,2
TTTTGAGTCTCCCAGA,2
TTTTGATCACAGAAAG,2
TTTTGATGACACCAAG,2
TTTTGCATATTATAAA,2
TTTTGCGGAGTTCTAA,2
TTTTGCTTCAAGGACT,2
TTTTGGAAAAAAATTC,2
TTTTGGAACAAGCCTC,2
TTTTGGAATCATCCCT,2
TTTTGGACGAAGCCTC,2
TTTTGGATGAAAGAAC,2
TTTTGGGCCAAGCCTC,2
TTTTGGGCCCCCCCCC,2
TTTTGTCCACTCCTCC,2
TTTTGTGGCCTAAGAC,2
TTTTTAAAACCGACTA,2
TTTTTAAAGTCTGCAA,2
TTTTTAAGATACAGGC,2
TTTTTAATAACATGAA,2
TTTTTACGTGCATAAT,2
TTTTTACTCAGACAAC,2
TTTTTACTTTACCTGA,2
TTTTTAGGGTTTCTAA,2
TTTTTAGTCCAAAAAA,2
TTTTTAGTTCCAAATT,2
TTTTTATATCAGCTCA,2
TTTTTCACCCGTCTCT,2
TTTTTCACGGATAATT,2
TTTTTCATATTATCAA,2
TTTTTCATCAGTGTAC,2
TTTTTCATCCAGCTAT,2
TTTTTCGTTGCCACGC,2
TTTTTCTACTATGTCT,2
TTTTTCTAGCTGCTGT,2
TTTTTCTCAGGCTATC,2
TTTTTGCGAATCACGT,2
TTTTTGGCCCTCCCCC,2
TTTTTGTAGTCTATTA,2
TTTTTGTGAGGCGCAG,2
TTTTTTAAATTGAGTC,2
TTTTTTAATGACAAGT,2
TTTTTTATTATTGTTT,2
TTTTTTCAAGCAGACT,2
TTTTTTCGTTTACTCT,2
TTTTTTTAGCAGTGTA,2
TTTTTTTTCTAAAAAA,2
AAAAAAAAAAAAAAAA,1
AAAAAAAAAAAAATTG,1
AAAAAAAAAACTATAG,1
AAAAAAAAAACTCGGA,1
AAAAAAAAAAGACCCT,1
AAAAAAAAAAGACTAA,1
AAAAAAAAAATTACAT,1
AAAAAAAAACCTACAG,1
AAAAAAAAACCTATAT,1
AAAAAAAACAAAACGA,1
AAAAAAAACACTAGGA,1
AAAAAAAACAGTTACC,1
AAAAAAAACAGTTATA,1
AAAAAAAACATAACAT,1
AAAAAAAACGACCGCT,1
AAAAAAAACGGAGCAT,1
AAAAAAAAGAAGTCTA,1
AAAAAAAAGCCAGCGG,1
AAAAAAAATAAAATAG,1
AAAAAAAATAGAGACC,1
AAAAAAAATAGCCTCA,1
AAAAAAAATATAATTC,1
AAAAAAAATCCCTTTG,1
AAAAAAACAAACAGTG,1
AAAAAAACAAACGCCT,1
AAAAAAACAATGCTAA,1
AAAAAAACACATACTG,1
AAAAAAACCAGGGGTG,1
AAAAAAACCATATAAC,1
AAAAAAACCCAACCAT,1
AAAAAAACCTCACCTA,1
AAAAAAACGATACTGA,1
AAAAAAACGCAATCAA,1
AAAAAAACGCTATCGG,1
AAAAAAACTAGCAACG,1
AAAAAAAGAAAACCGA,1
AAAAAAAGAAATCTGA,1
AAAAAAAGAAGACTGA,1
AAAAAAAGAATCTATT,1
AAAAAAAGACACCTGG,1
AAAAAAAGACCATATT,1
AAAAAAAGATATTCCT,1
AAAAAAAGCAAAACGA,1
AAAAAAAGCAAATTAT,1
AAAAAAAGGTAATCGT,1
AAAAAAAGTCAAACCT,1
AAAAAAAGTTCTGATC,1
AAAAAAAGTTGAAGAG,1
AAAAAAATAAAAAAAC,1
AAAAAAATAAAAAACA,1
AAAAAAATAAAACTGA,1
AAAAAAATAAGAAAAA,1
AAAAAAATAGACGGAA,1
AAAAAAATCATGTAAC,1
AAAAAAATCATGTGCC,1
AAAAAAATCCACAATC,1
AAAAAAATCGTGACAT,1
AAAAAAATGGTAGACG,1
AAAAAAATTAAAACAG,1
AAAAAAATTCTATTGA,1
AAAAAAATTGGCACGA,1
AAAAAAATTTAATAAA,1
AAAAAACAAAAACTAT,1
AAAAAACAAAAGTGAA,1
AAAAAACAAATTGTTG,1
AAAAAACAACTGCAGA,1
AAAAAACACATACCAA,1
AAAAAACACCCTGATT,1
AAAAAACACTAAACGC,1
AAAAAACACTAAGCGC,1
AAAAAACAGAGCTTCC,1
AAAAAACAGATATACC,1
AAAAAACAGATGAACT,1
AAAAAACAGATTGAAA,1
AAAAAACAGATTTACA,1
AAAAAACAGGTTTAAA,1
AAAAAACATATTATCA,1
AAAAAACATTATATAA,1
AAAAAACATTTGGCCA,1
AAAAAACATTTGGTAA,1
AAAAAACATTTTGTCA,1
AAAAAACCAAGGAGTC,1
AAAAAACCACCCCAAA,1
AAAAAACCAGAATAAC,1
AAAAAACCCACAGCCA,1
AAAAAACCGCTGTGGA,1
AAAAAACCGTGAATTC,1
AAAAAACCTAACTTTG,1
AAAAAACCTCGAGTGC,1
AAAAAACCTCTAGTCT,1
AAAAAACGAAAATTAT,1
AAAAAACGAAATTAGA,1
AAAAAACGACAATTAT,1
AAAAAACGCTGCAATC,1
AAAAAACGGAAAATGT,1
AAAAAACGTCGTAACG,1
AAAAAACGTGGATACT,1
AAAAAACTAACAGTAG,1
AAAAAACTAAGCAGTT,1
AAAAAACTGTACAACA,1
AAAAAACTGTAGGTAA,1
AAAAAACTTATCCTGC,1
AAAAAACTTGGATTAT,1
AAAAAACTTGGCGCAA,1
AAAAAACTTGTCGCAA,1
AAAAAACTTTACAACC,1
AAAAAAGAACCTATAG,1
AAAAAAGAAGCTGAGT,1
AAAAAAGACGAATAAT,1
AAAAAAGACTGAGATT,1
AAAAAAGAGAAGTCTA,1
AAAAAAGAGAGCGGAT,1
AAAAAAGAGTGAGATG,1
AAAAAAGATGGACCGT,1
AAAAAAGATGGGCTGT,1
AAAAAAGCACATTAAT,1
AAAAAAGCATCAAATT,1
AAAAAAGCCTGGCTGG,1
AAAAAAGCGATATCAA,1
AAAAAAGCGCTACATA,1
AAAAAAGCTGAAATAG,1
AAAAAAGCTGAAGTAA,1
AAAAAAGGACAAACTA,1
AAAAAAGTAACATAGG,1
AAAAAAGTACCTGGAA,1
AAAAAAGTACCTGTGA,1
AAAAAAGTACTTTGAA,1
AAAAAAGTAGTTGGAA,1
AAAAAAGTGGGCTCTG,1
AAAAAAGTGTTAACGA,1
AAAAAAGTTGGCACTA,1
AAAAAATAACCGTAAA,1
AAAAAATAACTGAAAT,1
AAAAAATACACTCGTC,1
AAAAAATACCGGTGTT,1
AAAAAATACCTTAAAT,1
AAAAAATACTCCCGGC,1
AAAAAATACTTCAAAA,1
AAAAAATATAAGTCAT,1
AAAAAATATATTCTAA,1
AAAAAATATTAGCAAA,1
AAAAAATATTCTAAGC,1
AAAAAATATTGTACGA,1
AAAAAATCAAGAATCT,1
AAAAAATCAATGAAAA,1
AAAAAATCACCGTACC,1
AAAAAATCAGACCAAA,1
AAAAAATCATATGCCA,1
AAAAAATCCAAGTCAT,1
AAAAAATCCTAGTGAG,1
AAAAAATCGGTAAATA,1
AAAAAATCGTCAGATC,1
AAAAAATCTAGCAATA,1
AAAAAATCTTCACGTA,1
AAAAAATGACATTGTG,1
AAAAAATGACCCATAA,1
AAAAAATGAGGCAACA,1
AAAAAATGATGGCGTC,1
AAAAAATGTTTTCACT,1
AAAAAATTACTAATCC,1
AAAAAATTAGTAGGCT,1
AAAAAATTGAGATACG,1
AAAAAATTGAGCCACG,1
AAAAAATTGATAATTA,1
AAAAAATTGCCACGCA,1
AAAAAATTTCAAAGCA,1
AAAAAATTTCCAAGCA,1
AAAAAATTTGCACGCA,1
AAAAAATTTTAAAATA,1
AAAAAATTTTCTCACA,1
AAAAACAAAATATAAA,1
AAAAACAAACACTCCC,1
AAAAACAAACAGTATG,1
AAAAACAAACGACCAT,1
AAAAACAAATTTAACA,1
AAAAACAAATTTACCT,1
AAAAACAACAAGTCTA,1
AAAAACAACAGAATAG,1
AAAAACAACATAACTG,1
AAAAACAACTCCTGGC,1
AAAAACAAGAAGCCTA,1
AAAAACAAGAAGTATG,1
AAAAACAAGCAGTACG,1
AAAAACAAGTTTACCT,1
AAAAACAATACAGTTG,1
AAAAACAATAGCGAAA,1
AAAAACAATTTTACCA,1
AAAAACAATTTTATCT,1
AAAAACACAAAGGAAC,1
AAAAACACAACTGCTG,1
AAAAACACACAATGAA,1
AAAAACACAGCCAAAG,1
AAAAACACAGGAGAGC,1
AAAAACACGAACTCCG,1
AAAAACACGAAGGACC,1
AAAAACACGAGGCCTG,1
AAAAACACGGCAGAGC,1
AAAAACACGGGATAGC,1
AAAAACACTGATTAAA,1
AAAAACAGAATATCAA,1
AAAAACAGACTGCCAG,1
AAAAACAGCCCTACAA,1
AAAAACAGGCATCATT,1
AAAAACAGGGATACAA,1
AAAAACAGTAACAGAG,1
AAAAACAGTTCTGACC,1
AAAAACAGTTTGCATA,1
AAAAACATAGGAAATC,1
AAAAACATAGGGAATC,1
AAAAACATCATAGAGC,1
AAAAACATGGACCTTC,1
AAAAACATGGAGCTTG,1
AAAAACATTCAGAAAT,1
AAAAACCAAACTAAAA,1
AAAAACCAACCGATCA,1
AAAAACCACAAATCAA,1
AAAAACCACATAGATA,1
AAAAACCACCTATCGG,1
AAAAACCACTCCTGGA,1
AAAAACCACTCCTTGC,1
AAAAACCAGGAATTTT,1
AAAAACCAGTCCTGGC,1
AAAAACCATACTGAAA,1
AAAAACCATGAATCTT,1
AAAAACCATGCTAAAA,1
AAAAACCATTACACGT,1
AAAAACCATTAGAAGC,1
AAAAACCATTCTAAAA,1
AAAAACCATTGAATAT,1
AAAAACCCACTATCGG,1
AAAAACCCATAAATCA,1
AAAAACCCCCTTTAAA,1
AAAAACCCGCCTGGAG,1
AAAAACCGACAATTCA,1
AAAAACCGCAATATGA,1
AAAAACCGTATTTTAA,1
AAAAACCTAAGATTAC,1
AAAAACCTCCCTACAA,1
AAAAACCTCGAATGAC,1
AAAAACCTCGGGATAG,1
AAAAACCTCGGGCAGG,1
AAAAACCTCGGGCTAA,1
AAAAACCTGAAATACC,1
AAAAACCTTGCATTCT,1
AAAAACCTTGGGTTAT,1
AAAAACCTTGTCTAGA,1
AAAAACGAAAGTGTGT,1
AAAAACGAATACAAGA,1
AAAAACGACAGTTATC,1
AAAAACGACCATCACC,1
AAAAACGCAACTACTG,1
AAAAACGCAACTGCCG,1
AAAAACGCCATTAGAA,1
AAAAACGCTTTGAAAT,1
AAAAACGGAGCCAAAG,1
AAAAACGGCCTAAGGT,1
AAAAACGGGACAAGAT,1
AAAAACGTCAATCAAC,1
AAAAACGTGATGGAGT,1
AAAAACGTTTGGAACT,1
AAAAACTAAACTCATT,1
AAAAACTACCGGACGA,1
AAAAACTACTAGTTAT,1
AAAAACTACTATACAC,1
AAAAACTACTTTGTAA,1
AAAAACTAGGACAGAT,1
AAAAACTAGTAGACAC,1
AAAAACTATAGAAAAA,1
AAAAACTATGAAAAGA,1
AAAAACTATTCAAAGA,1
AAAAACTCAAAGAAGA,1
AAAAACTCAACGAATG,1
AAAAACTCAACTGCTG,1
AAAAACTCGAGGATCA,1
AAAAACTGAAGATTAT,1
AAAAACTGAAGGTTCT,1
AAAAACTGACTAAACT,1
AAAAACTGACTGTCAA,1
AAAAACTGATATGATA,1
AAAAACTTAAGTCGAA,1
AAAAACTTGACCATTA,1
AAAAACTTGTAACCCC,1
AAAAACTTTAATCCTT,1
AAAAACTTTCGAATCG,1
AAAAAGAAAAAAAGTA,1
AAAAAGAAAAACCTCA,1
AAAAAGAAAACTCAAA,1
AAAAAGAAACCTAAGT,1
AAAAAGAAAGTCACAA,1
AAAAAGAACATCTTGA,1
AAAAAGAACCTAACCC,1
AAAAAGAACTTTCAAA,1
AAAAAGAAGAGCGAAA,1
AAAAAGAAGATATACA,1
AAAAAGAAGGGCGCAC,1
AAAAAGAAGTCGCACC,1
AAAAAGAAGTTCGCGT,1
AAAAAGAATTCATGTT,1
AAAAAGACATCAATAT,1
AAAAAGACCCCACTGC,1
AAAAAGACGTAATATG,1
AAAAAGACGTTGACGC,1
AAAAAGACTTCGAACA,1
AAAAAGAGAAAACAGC,1
AAAAAGAGCATCCCTA,1
AAAAAGATAAAAGATA,1
AAAAAGATAACAGATG,1
AAAAAGATACAACCGA,1
AAAAAGATCTGTAAAG,1
AAAAAGATGGTCCATA,1
AAAAAGATGGTCCATC,1
AAAAAGATTCTCTGCG,1
AAAAAGATTGACATTC,1
AAAAAGCAATTAACAG,1
AAAAAGCACAAGAGCA,1
AAAAAGCACCAAACCC,1
AAAAAGCACCCAACCC,1
AAAAAGCACCTAACAC,1
AAAAAGCATAACTAGT,1
AAAAAGCCATTTCACG,1
AAAAAGCCTAGCGACT,1
AAAAAGCCTTTGAACA,1
AAAAAGCGAAAACCAA,1
AAAAAGCGCTAAAAGA,1
AAAAAGCTAAGCATTG,1
AAAAAGCTGAATCTTC,1
AAAAAGCTTAGATTCG,1
AAAAAGGACAGCAAAG,1
AAAAAGGAGAAAAATG,1
AAAAAGGCACCTAGCG,1
AAAAAGGCAGCCAAAG,1
AAAAAGGCTTAAACGA,1
AAAAAGGGACGCGACC,1
AAAAAGGGAGCAAAAG,1
AAAAAGGGAGCCAAAT,1
AAAAAGGGAGCCAGAG,1
AAAAAGGGATCCAAAG,1
AAAAAGGGCCAGGAAG,1
AAAAAGGGCGCCAAAG,1
AAAAAGGTAACAAACG,1
AAAAAGGTAACAGATA,1
AAAAAGGTATATTACT,1
AAAAAGGTCCCAAAAG,1
AAAAAGGTCCCACACG,1
AAAAAGGTTAATTCAA,1
AAAAAGTAAAAGAATC,1
AAAAAGTAAATTAATA,1
AAAAAGTAACAGAGCA,1
AAAAAGTAACTTGGGA,1
AAAAAGTACACGAGCA,1
AAAAAGTAGAATTATA,1
AAAAAGTAGCCACCGA,1
AAAAAGTAGTGACAAT,1
AAAAAGTCAACGAATT,1
AAAAAGTCGGTCCTTA,1
AAAAAGTCTATCGACT,1
AAAAAGTGACCTATAC,1
AAAAAGTGAGCCAAAG,1
AAAAAGTGAGGAATAA,1
AAAAAGTGAGTCATAA,1
AAAAAGTGTCTAGAAC,1
AAAAAGTGTGATGCCT,1
AAAAAGTTTCCCCCGG,1
AAAAATAACACTCGGA,1
AAAAATAACAGATAAG,1
AAAAATAACCATGTTC,1
AAAAATAACTAGATCA,1
AAAAATAAGACCACGC,1
AAAAATAAGACTAGAC,1
AAAAATAAGCAATCTA,1
AAAAATAAGCTAAAAG,1
AAAAATAAGGTACGGT,1
AAAAATAAGTTAAATT,1
AAAAATAAGTTTACAA,1
AAAAATAATAGCGAAA,1
AAAAATAATATTAAAC,1
AAAAATAATCTAAAAA,1
AAAAATAATCTAAAAT,1
AAAAATAATCTAAAGG,1
AAAAATAATCTAATAG,1
AAAAATAATCTAGAAG,1
AAAAATAATGTAAGGT,1
AAAAATACAAACAATG,1
AAAAATACCAGATAAT,1
AAAAATACGAGATAAG,1
AAAAATACGATCAACC,1
AAAAATACGCGCCATT,1
AAAAATACGGTCTCGA,1
AAAAATACTGTACCAC,1
AAAAATACTTCCCTCG,1
AAAAATAGAAATTTCA,1
AAAAATAGACTCTACG,1
AAAAATAGACTCTCCA,1
AAAAATAGCCAAGGAA,1
AAAAATAGCCCTAAAC,1
AAAAATAGGACAAAAT,1
AAAAATAGGACGAACT,1
AAAAATAGGAGAAACT,1
AAAAATAGGATTAATT,1
AAAAATAGGCAACACC,1
AAAAATAGGGATAACA,1
AAAAATAGGTCGGAGA,1
AAAAATATAATTAGGA,1
AAAAATATAATTCGAA,1
AAAAATATAATTCGTA,1
AAAAATATACAGGTTC,1
AAAAATATCAAGTATA,1
AAAAATATCTATCAGT,1
AAAAATATGACAAACT,1
AAAAATATGATAACTA,1
AAAAATATTATAACTA,1
AAAAATCAACACAAAG,1
AAAAATCAACACAATG,1
AAAAATCAACATTGTA,1
AAAAATCAACGTCAGC,1
AAAAATCAATCTTATA,1
AAAAATCACCTAACCC,1
AAAAATCAGATACTAT,1
AAAAATCAGGAAGACT,1
AAAAATCATAAATTGT,1
AAAAATCATAGATAAA,1
AAAAATCCAATGCAAC,1
AAAAATCCATAAATGG,1
AAAAATCCATATAGAT,1
AAAAATCCCGTATCTT,1
AAAAATCCGGAAACAA,1
AAAAATCCTGTATTAG,1
AAAAATCGAAATGAGG,1
AAAAATCGACTCGCAC,1
AAAAATCGACTCGCTC,1
AAAAATCGATCAACCG,1
AAAAATCGCATAGCTA,1
AAAAATCGCATGGCAC,1
AAAAATCGGAGAGCTA,1
AAAAATCGTCCGCAAG,1
AAAAATCTACGTTCCG,1
AAAAATCTAGGCTTCT,1
AAAAATCTCTACAAGC,1
AAAAATCTGACCAGAT,1
AAAAATCTGCAGTTCA,1
AAAAATCTGCGTTTCG,1
AAAAATCTGTCCTTTG,1
AAAAATCTTGCTTACA,1
AAAAATCTTTATATAA,1
AAAAATCTTTATATAG,1
AAAAATCTTTATATAT,1
AAAAATCTTTGTAGTG,1
AAAAATGAAATAACAT,1
AAAAATGACAGGGAAG,1
AAAAATGAGCACAAAC,1
AAAAATGATCAAAAAC,1
AAAAATGATTACAAAC,1
AAAAATGCCTGGTAAT,1
AAAAATGCTACATAAA,1
AAAAATGCTGTCAAGG,1
AAAAATGGAATAATAC,1
AAAAATGGAGCCAAAG,1
AAAAATGGGACGTTTA,1
AAAAATGGGGTGAGCA,1
AAAAATGGGTCGGAGC,1
AAAAATGTAAAATAAT,1
AAAAATGTATCTATCT,1
AAAAATGTGCACAAAA,1
AAAAATGTGCTCCACC,1
AAAAATGTTACCAGCA,1
AAAAATGTTTTAAATT,1
AAAAATTAGATCGAAC,1
AAAAATTAGGAGACAA,1
AAAAATTATAGGTGAC,1
AAAAATTATCAAACCT,1
AAAAATTATGTCATAT,1
AAAAATTATTGGTTAA,1
AAAAATTCAAGGAATG,1
AAAAATTCAAGGGAGA,1
AAAAATTCAATGACAA,1
AAAAATTCACCCAAAG,1
AAAAATTCATATCTAC,1
AAAAATTCCATAGAAC,1
AAAAATTCCGTACATG,1
AAAAATTCGCTTGGCG,1
AAAAATTCGGGCCATG,1
AAAAATTCGTATCTCC,1
AAAAATTCTAATATTA,1
AAAAATTCTATTCGAG,1
AAAAATTGAAAAGTCA,1
AAAAATTGAAAAGTCT,1
AAAAATTGACAACAAC,1
AAAAATTGGATTACTT,1
AAAAATTGGGACAACC,1
AAAAATTGGTCGGAGC,1
AAAAATTGTAATTCAA,1
AAAAATTTGACGATGT,1
AAAACAAAAAAGAAAG,1
AAAACAAAAAGTTTGA,1
AAAACAAAATCAACTA,1
AAAACAAACAAATACA,1
AAAACAAACTTTATCG,1
AAAACAAAGCAAGAGG,1
AAAACAAAGCAGCTGA,1
AAAACAAAGCGATGAC,1
AAAACAAATCAACTAT,1
AAAACAAATCTAAGTC,1
AAAACAAATTACAGGG,1
AAAACAAATTCCTCAC,1
AAAACAAATTGCTTGC,1
AAAACAAATTTAGTGT,1
AAAACAACAAGATATC,1
AAAACAACCTCGAACA,1
AAAACAACGACTAAAG,1
AAAACAACGGTGATTT,1
AAAACAACTATCCTAC,1
AAAACAACTTTCTAAA,1
AAAACAAGAATAGGCC,1
AAAACAAGAGAGAACA,1
AAAACAAGATTTATAT,1
AAAACAAGATTTGAAA,1
AAAACAAGCTTAACAT,1
AAAACAAGGCCAGCGG,1
AAAACAAGGGTTGAAA,1
AAAACAAGGTTTTCAG,1
AAAACAAGTAATCTTT,1
AAAACAATAAATGAGA,1
AAAACAATAACATATT,1
AAAACAATATCATACG,1
AAAACAATATTTCTTT,1
AAAACAATCTCTCAAG,1
AAAACAATCTTTACAT,1
AAAACAATTGCAAATT,1
AAAACAATTGCTATCA,1
AAAACACAAAAGCCAT,1
AAAACACAACTCACTA,1
AAAACACACCAACTGC,1
AAAACACACCCTTTAG,1
AAAACACACGTTCGCA,1
AAAACACACTTTTCGA,1
AAAACACAGCCCGCCT,1
AAAACACAGTAAAAAT,1
AAAACACATAATAAGG,1
AAAACACCAGAAGTAA,1
AAAACACCCCCTGGTA,1
AAAACACCCTCAGAAC,1
AAAACACCTAAAAGGA,1
AAAACACGAATCACTA,1
AAAACACGAGTGACCC,1
AAAACACGGAATGAGC,1
AAAACACGGCAAATAA,1
AAAACACGGCCTCCAG,1
AAAACACGTAAAATTT,1
AAAACACGTAGGGCCA,1
AAAACACTAAATCAGC,1
AAAACACTAAATTATC,1
AAAACACTAAGAAAAC,1
AAAACACTAAGCATTG,1
AAAACACTCTCACAGC,1
AAAACACTGCGACTCA,1
AAAACACTGCGGACCT,1
AAAACACTTAATTAGC,1
AAAACAGAGCAAGACC,1
AAAACAGAGTTAAGAT,1
AAAACAGCCGCTAAAG,1
AAAACAGGATTGTTGA,1
AAAACAGGCTGTAAAC,1
AAAACAGGTAAAAATA,1
AAAACAGTAAAATAGG,1
AAAACAGTAACACCAC,1
AAAACAGTAACATAAC,1
AAAACAGTAACATAGT,1
AAAACAGTATTTACAC,1
AAAACAGTATTTAGAT,1
AAAACAGTATTTATAT,1
AAAACAGTGTTTACAT,1
AAAACATAAAAAGTAT,1
AAAACATAAAAAGTGC,1
AAAACATAAAACTGGC,1
AAAACATAAAACTGTA,1
AAAACATAATCACACC,1
AAAACATACACTCTTC,1
AAAACATACAGTCGTC,1
AAAACATACCAGTTCC,1
AAAACATAGACAGTGC,1
AAAACATATGATAGAC,1
AAAACATATTAAAATT,1
AAAACATATTCATACA,1
AAAACATATTCCTGGG,1
AAAACATCAAAGAAGA,1
AAAACATCACTCACAG,1
AAAACATCCCATATGA,1
AAAACATCTGCAAGTG,1
AAAACATCTGGCGCAA,1
AAAACATGAAAAATGC,1
AAAACATGAGTTGAAA,1
AAAACATGTGGTAATA,1
AAAACATTAACATAGG,1
AAAACATTGACTACTA,1
AAAACATTTCTAAAAA,1
AAAACATTTGCTATTA,1
AAAACATTTTAGGTTA,1
AAAACCAAAAAAAAGT,1
AAAACCAAAAAATCAA,1
AAAACCAAAATAACCC,1
AAAACCAAACCTACTA,1
AAAACCAAATATGATC,1
AAAACCAAATGCTTGC,1
AAAACCAACAAGCTGC,1
AAAACCAAGACAACGC,1
AAAACCAAGAGATTTC,1
AAAACCAAGAGTCCTC,1
AAAACCAAGTTAACCC,1
AAAACCAATGTTACGC,1
AAAACCAATTAAAATT,1
AAAACCAATTAGTCAA,1
AAAACCAATTGCAAGT,1
AAAACCAATTGCTTTC,1
AAAACCACATAGCCGA,1
AAAACCACCAAAGAAG,1
AAAACCACCCCCGGTA,1
AAAACCACGAACAAAA,1
AAAACCACGGTGACTT,1
AAAACCACGGTGAGTT,1
AAAACCACTATGATAA,1
AAAACCAGACACTACG,1
AAAACCAGAGAACCGT,1
AAAACCAGAGACCAAC,1
AAAACCAGAGACCCCT,1
AAAACCAGGAAAGCAC,1
AAAACCAGGGACCCTT,1
AAAACCAGGTAATACC,1
AAAACCAGTTAATAAC,1
AAAACCAGTTAATACA,1
AAAACCATAATGATGA,1
AAAACCATAATGCTGG,1
AAAACCATAATTCTGA,1
AAAACCATAGACCCTT,1
AAAACCATTATGCGAA,1
AAAACCCAACAATTCA,1
AAAACCCAAGAATCAA,1
AAAACCCAAGCCACCA,1
AAAACCCAAGTGTCAC,1
AAAACCCACGGGACCG,1
AAAACCCAGTAGTCAA,1
AAAACCCATTATTCAA,1
AAAACCCCACCACTAA,1
AAAACCCCATCTAAAA,1
AAAACCCCCACAAAAA,1
AAAACCCGACAATCCA,1
AAAACCCGACAATTAA,1
AAAACCCTAAGCATTG,1
AAAACCCTACAATTCA,1
AAAACCCTAGTGTCAC,1
AAAACCCTCTCAAGTA,1
AAAACCCTGAGAAAAC,1
AAAACCCTTAGATTCG,1
AAAACCGAAGGCATGT,1
AAAACCGACCATGCTT,1
AAAACCGATGACTAAC,1
AAAACCGATGAGATTA,1
AAAACCGGAAGAACAT,1
AAAACCGGAATAATAG,1
AAAACCGGAGAAAAAA,1
AAAACCGGAGACCCTT,1
AAAACCGGGAGTAAAA,1
AAAACCGGTGTAATAG,1
AAAACCGTATTGAGAG,1
AAAACCGTTGATTTTG,1
AAAACCGTTGTTATCT,1
AAAACCTAAACCATAC,1
AAAACCTACCCCTAGT,1
AAAACCTAGATATAAC,1
AAAACCTAGGATAGGT,1
AAAACCTAGTAACAAA,1
AAAACCTAGTGTCTTC,1
AAAACCTCAAAGAATA,1
AAAACCTCAAAGAGGA,1
AAAACCTCTATAGGAA,1
AAAACCTGGTGTATTC,1
AAAACCTGGTGTCCTC,1
AAAACCTGGTGTCTCC,1
AAAACCTGGTGTCTTT,1
AAAACCTGGTGTGACA,1
AAAACCTTAAAAGACC,1
AAAACCTTACCTTGTA,1
AAAACCTTAGCTATAA,1
AAAACCTTCAGAAAGT,1
AAAACCTTGTAACCTC,1
AAAACGAAAATTGGAC,1
AAAACGAAAATTTAAC,1
AAAACGAAATCAAATT,1
AAAACGAAATTCCTTG,1
AAAACGAACAAGCCTT,1
AAAACGAATCACATAC,1
AAAACGAATGTGATGT,1
AAAACGACGAATACCA,1
AAAACGACTAGTGCAA,1
AAAACGAGACCTAAGT,1
AAAACGAGATTGCTTC,1
AAAACGAGGAAGAAAA,1
AAAACGAGTAAAGATC,1
AAAACGATTAGATTCG,1
AAAACGATTATCACGC,1
AAAACGATTATCATGA,1
AAAACGATTATCGTGC,1
AAAACGATTATTATGC,1
AAAACGATTGTCACAA,1
AAAACGCAAAATGCAA,1
AAAACGCAAACGCTCT,1
AAAACGCAAGATTATA,1
AAAACGCACAAGCAAG,1
AAAACGCACGTGAGAT,1
AAAACGCAGCCGTGGT,1
AAAACGCATAATATCA,1
AAAACGCATACTATCT,1
AAAACGCCAACCACTA,1
AAAACGCCAATTGCCG,1
AAAACGCCAGGATAAA,1
AAAACGCCCCTGAACA,1
AAAACGCCGCTTTCGT,1
AAAACGCCTAACTAAC,1
AAAACGCTAAGAATTG,1
AAAACGCTAAGCATTA,1
AAAACGCTAAGCTTTG,1
AAAACGCTACAATAGT,1
AAAACGCTAGGCATTG,1
AAAACGGAAGGTGATT,1
AAAACGGACCCTTCCC,1
AAAACGGAGGACTAAC,1
AAAACGGCTATCTTTT,1
AAAACGGGCAAATCTT,1
AAAACGGGCCAGATTA,1
AAAACGGGTGAGTAGG,1
AAAACGGTAACATCAC,1
AAAACGGTACTAGTAG,1
AAAACGGTAGAATAAG,1
AAAACGTAATTAATGC,1
AAAACGTACACTCGTC,1
AAAACGTAGAAGACAC,1
AAAACGTAGCCTAACA,1
AAAACGTAGCTAAAAA,1
AAAACGTATCATAGCT,1
AAAACGTATCCTAAAT,1
AAAACGTCGTCGAACC,1
AAAACGTCTTAGACTA,1
AAAACGTCTTCGATCC,1
AAAACGTGCCGACAAC,1
AAAACGTTAAGCAGAA,1
AAAACGTTAGGCAAAA,1
AAAACGTTGCACTAAA,1
AAAACGTTTCATTAAA,1
AAAACGTTTGGAACGT,1
AAAACTAAATTACCTA,1
AAAACTAACCGTAAGT,1
AAAACTAATATGAGAC,1
AAAACTAATGATTTAT,1
AAAACTAATGCTTTGA,1
AAAACTAATTACTGCA,1
AAAACTAATTGCTTGC,1
AAAACTACAAGTACAA,1
AAAACTACATATAAAT,1
AAAACTACATCGGACC,1
AAAACTACCCATATTA,1
AAAACTACGTTAACTA,1
AAAACTACTATCTGAA,1
AAAACTAGAAATTCCC,1
AAAACTAGCTGATATA,1
AAAACTATAAAACAAA,1
AAAACTATAAAACAGG,1
AAAACTATAACAGCTC,1
AAAACTATCTCTTAAT,1
AAAACTATGTTACCTA,1
AAAACTATTTGGGCAT,1
AAAACTCAAATTATCC,1
AAAACTCATAAACACA,1
AAAACTCATCTTATTA,1
AAAACTCATGGAACAC,1
AAAACTCCACAACGCA,1
AAAACTCCATATAGAC,1
AAAACTCCTAACCGGC,1
AAAACTCCTTAAACAT,1
AAAACTCGACAATTCA,1
AAAACTCTCGGCCCAT,1
AAAACTGAAATAGCGA,1
AAAACTGAAGTCAACA,1
AAAACTGACAATGCTC,1
AAAACTGATCACCGCA,1
AAAACTGATGATGCAG,1
AAAACTGCTAGCGTAG,1
AAAACTGGACATTTTA,1
AAAACTGGCAATTTTA,1
AAAACTGGCCATTTTG,1
AAAACTGGCCTAAGTA,1
AAAACTGTCTAAAGAA,1
AAAACTGTGCCCCACC,1
AAAACTGTGCGAGGTC,1
AAAACTGTGCTTCACC,1
AAAACTGTGTATCATG,1
AAAACTTAAATATAGC,1
AAAACTTAATTACAGC,1
AAAACTTAGAAACTAT,1
AAAACTTCAATAGCGA,1
AAAACTTCACTTACCT,1
AAAACTTCAGCTAGAC,1
AAAACTTCATCTGGAC,1
AAAACTTCCTAAAAGC,1
AAAACTTCGCGTACCT,1
AAAACTTCGGCTGGAC,1
AAAACTTGATAATCTT,1
AAAACTTGCAAAAATT,1
AAAACTTTAAAAGACA,1
AAAACTTTAAATCTGC,1
AAAACTTTAACATAAT,1
AAAACTTTAAGCAAAA,1
AAAACTTTACTCATGT,1
AAAACTTTAGGTTCTT,1
AAAACTTTATACGGAC,1
AAAACTTTATCATCTT,1
AAAACTTTGAAAGACC,1
AAAACTTTGTAAAGTA,1
AAAACTTTTAAAGACC,1
AAAAGAAAACTTAAGC,1
AAAAGAAAATTGCGGA,1
AAAAGAAACCCTTGTC,1
AAAAGAAACGCGCCAT,1
AAAAGAAAGATGCGTC,1
AAAAGAAATTATGTAC,1
AAAAGAAATTCATATT,1
AAAAGAAATTCGTCAT,1
AAAAGAACACAAGACA,1
AAAAGAACACAAGTCA,1
AAAAGAACATGACGAA,1
AAAAGAACCAACCTCA,1
AAAAGAACCAGATTAA,1
AAAAGAACCAGGGGTG,1
AAAAGAACCTGTTTAA,1
AAAAGAACGCAAGCCA,1
AAAAGAACGGGGTCCA,1
AAAAGAACGTTCTACT,1
AAAAGAACTAGCAACT,1
AAAAGAACTTCGGGAT,1
AAAAGAAGAATGCCTT,1
AAAAGAAGACGATAGG,1
AAAAGAAGAGTAACCG,1
AAAAGAAGGACAATGG,1
AAAAGAAGTGTAACCA,1
AAAAGAATAACAGGAG,1
AAAAGAATACGAGACT,1
AAAAGAATATAACCTA,1
AAAAGAATCGCAGTGG,1
AAAAGAATGATAATAG,1
AAAAGAATTCCGATAA,1
AAAAGAATTTAAGAGA,1
AAAAGACAAACGCCTT,1
AAAAGACAAAGTGAAG,1
AAAAGACAAGTAGTAG,1
AAAAGACACATAATCA,1
AAAAGACACGCAATCA,1
AAAAGACACGTAACCA,1
AAAAGACACGTAATAA,1
AAAAGACACGTAATCG,1
AAAAGACACGTGATCA,1
AAAAGACAGGTAGTAG,1
AAAAGACAGTATAACA,1
AAAAGACATGTAATCA,1
AAAAGACATGTATTAG,1
AAAAGACCCAACTATC,1
AAAAGACCCATACTAT,1
AAAAGACCCCGCAGTA,1
AAAAGACCCGATAAAA,1
AAAAGACGATCAAATC,1
AAAAGACGCGAGAGCT,1
AAAAGACGGTGAAGGT,1
AAAAGACTAACATACT,1
AAAAGACTAATGACGG,1
AAAAGACTACTAAAAG,1
AAAAGACTCAACCGTC,1
AAAAGACTCGAATGAC,1
AAAAGACTGACGTGAT,1
AAAAGACTTAATGAAA,1
AAAAGACTTAATTTAT,1
AAAAGACTTCAGCCAA,1
AAAAGAGAAAAACATG,1
AAAAGAGAAAAGTTGA,1
AAAAGAGAATCAGCAT,1
AAAAGAGACTCAACCC,1
AAAAGAGATACACATG,1
AAAAGAGATGGGGAAG,1
AAAAGAGCAACGTACA,1
AAAAGAGCAACTGCTA,1
AAAAGAGCATCCGATT,1
AAAAGAGCCTTAAACC,1
AAAAGAGCTGTGGAAG,1
AAAAGAGGCAACTCGT,1
AAAAGAGGCCATATAA,1
AAAAGAGGTTATCCCA,1
AAAAGAGTTAACTAAT,1
AAAAGATAAACAAATT,1
AAAAGATAGCAGACTT,1
AAAAGATATAAATAGT,1
AAAAGATCAGAGAGTT,1
AAAAGATCAGCCCAAA,1
AAAAGATCCTGTATTG,1
AAAAGATCGAACTCAT,1
AAAAGATCGAGAGCCC,1
AAAAGATCGCACAAAA,1
AAAAGATGAAGTAGAT,1
AAAAGATGATGACTAG,1
AAAAGATGTTCGCATT,1
AAAAGATTAAAATATG,1
AAAAGATTTCAAATAA,1
AAAAGCAAAAAACTAT,1
AAAAGCAAAACTCAAG,1
AAAAGCAAAATGCTAT,1
AAAAGCAAACTAATAT,1
AAAAGCAACAAAACTA,1
AAAAGCAACATCCATA,1
AAAAGCAACCCTTTTC,1
AAAAGCAACTGGTGAT,1
AAAAGCAAGAAGTCTA,1
AAAAGCAATAAAACTC,1
AAAAGCAATCCTTAGT,1
AAAAGCAATTGCTTGC,1
AAAAGCACAAACCTCA,1
AAAAGCACAGCAGGCA,1
AAAAGCACCAACTGGC,1
AAAAGCACCTCGCCCT,1
AAAAGCACTCAAGATC,1
AAAAGCACTCAGAGCA,1
AAAAGCACTCGCCAGT,1
AAAAGCACTGACCAGC,1
AAAAGCACTGTGATAC,1
AAAAGCAGATGTGTGT,1
AAAAGCAGATTTGTCT,1
AAAAGCAGTGAAGCAT,1
AAAAGCATAGGTTTAC,1
AAAAGCATCAAATCGG,1
AAAAGCATCGAATGAC,1
AAAAGCCAATATTCAC,1
AAAAGCCACGAATGAC,1
AAAAGCCACGACTCGA,1
AAAAGCCATCTCTGTT,1
AAAAGCCCATTCGCGG,1
AAAAGCCCTGGGAATA,1
AAAAGCCCTTCATAAC,1
AAAAGCCGAAAATGTT,1
AAAAGCCGACAACACA,1
AAAAGCCTCAAATGAC,1
AAAAGCCTCCAATGAC,1
AAAAGCCTCGAATCAC,1
AAAAGCCTCGAGTGAC,1
AAAAGCCTCTAATGAC,1
AAAAGCCTGGAATGAC,1
AAAAGCCTGGTTTACA,1
AAAAGCCTTCTTAAGT,1
AAAAGCCTTTCACAAC,1
AAAAGCGAACCTTGGT,1
AAAAGCGATATTGAGT,1
AAAAGCGCAATACGCC,1
AAAAGCGCTAGATTGT,1
AAAAGCGGAGTCAAGC,1
AAAAGCGTCTATCAAG,1
AAAAGCTAAAGAGCAC,1
AAAAGCTATAAACCAG,1
AAAAGCTATAAGATGA,1
AAAAGCTATCCTTGGT,1
AAAAGCTCCTAATATT,1
AAAAGCTGAAGATTCT,1
AAAAGCTGAGCATACG,1
AAAAGCTGCCCGACGA,1
AAAAGCTGGTCATCCA,1
AAAAGCTGTGATGCGT,1
AAAAGCTGTTCACAAC,1
AAAAGCTTATAGAAAG,1
AAAAGCTTCCGAGAAT,1
AAAAGCTTTATATTGC,1
AAAAGGAAAGCTTAAA,1
AAAAGGAACACTGAAG,1
AAAAGGAATAATAATG,1
AAAAGGAATCACGTTA,1
AAAAGGACGTTGTCCG,1
AAAAGGACTCGCCCGT,1
AAAAGGAGTCGTATTC,1
AAAAGGAGTTATGGAA,1
AAAAGGATAAATCGGC,1
AAAAGGATCAATCGAC,1
AAAAGGATCAATCGGA,1
AAAAGGATCAGTCGGC,1
AAAAGGATCTTCTTCA,1
AAAAGGATGAGGTTAA,1
AAAAGGCACACGAGCA,1
AAAAGGCACTTTCTTC,1
AAAAGGCATACATGAA,1
AAAAGGCATGACAATT,1
AAAAGGCCCTCCAGCC,1
AAAAGGCCGCGTGACC,1
AAAAGGCCTAAACAGA,1
AAAAGGCGAATCGGAT,1
AAAAGGCGCAACTCAC,1
AAAAGGCGCATACAGA,1
AAAAGGCGCTAGACAC,1
AAAAGGCGGGCACAAG,1
AAAAGGCGTCCAAACC,1
AAAAGGCGTCCAACAC,1
AAAAGGCGTCGTGAAA,1
AAAAGGCTCTATAGTG,1
AAAAGGGACCAGGAAG,1
AAAAGGGAGTGGTAAC,1
AAAAGGGAGTGGTAGC,1
AAAAGGGCCCTTTACA,1
AAAAGGGCTGACCGAA,1
AAAAGGGGAAACCCTG,1
AAAAGGGGATAGTAAG,1
AAAAGGGGTGCGTTCG,1
AAAAGGGGTTATGAAT,1
AAAAGGGGTTATGGAA,1
AAAAGGTACATAAAAT,1
AAAAGGTATCAGGATT,1
AAAAGGTATCCGGCTT,1
AAAAGGTCAGAAAATA,1
AAAAGGTCCACCTACT,1
AAAAGGTCCTATACTG,1
AAAAGGTCTTGTACTG,1
AAAAGGTGGAAGATGA,1
AAAAGGTTATCTAGGG,1
AAAAGGTTCAATATCA,1
AAAAGGTTGCGGAAAA,1
AAAAGGTTGTATATAC,1
AAAAGGTTTCACTAAA,1
AAAAGTAAAACGTAAA,1
AAAAGTAAACCATCTA,1
AAAAGTAAAGATAACG,1
AAAAGTAAGCATACAA,1
AAAAGTAAGTCTTAGG,1
AAAAGTAATCCTTCAA,1
AAAAGTACATAGACTA,1
AAAAGTACCAATCACT,1
AAAAGTACTGGAAATG,1
AAAAGTAGCTACTACG,1
AAAAGTAGGCGGAACC,1
AAAAGTAGTACCCCGC,1
AAAAGTATAGCAAAAG,1
AAAAGTATCAATCGGC,1
AAAAGTATCATATAAA,1
AAAAGTATTCCCCTGC,1
AAAAGTATTTCAACCC,1
AAAAGTCAAAAACCCA,1
AAAAGTCAAAAACCGT,1
AAAAGTCACACGTCAA,1
AAAAGTCATACGATCA,1
AAAAGTCATCATTTAA,1
AAAAGTCATCCTAATA,1
AAAAGTCATGATACAG,1
AAAAGTCCAGATCCTT,1
AAAAGTCCTACGGAAA,1
AAAAGTCCTTATGCGA,1
AAAAGTCGTATTTTAA,1
AAAAGTCGTTCAACTA,1
AAAAGTCTCATCGCAC,1
AAAAGTCTTATTGTAA,1
AAAAGTCTTCATTCTC,1
AAAAGTCTTCCAAGTA,1
AAAAGTGAAAAAGCCC,1
AAAAGTGAGTCAAGAC,1
AAAAGTGATACAATTC,1
AAAAGTGCATCGAGAG,1
AAAAGTGCATGAGGAG,1
AAAAGTGCCCGAGTCT,1
AAAAGTGGATGTTCTT,1
AAAAGTGTACGATAAC,1
AAAAGTTAAAGCTTGG,1
AAAAGTTAATAGAATT,1
AAAAGTTACAACCTAA,1
AAAAGTTAGCTAGATT,1
AAAAGTTATCAGGCTT,1
AAAAGTTCAAGCACGT,1
AAAAGTTCAGATCATT,1
AAAAGTTCATATTTAA,1
AAAAGTTCGGATCCTT,1
AAAAGTTGAATTACAA,1
AAAAGTTTAATAACAG,1
AAAAGTTTCTCGAAAT,1
AAAAGTTTTGTCGAAT,1
AAAATAAAAACCAGTA,1
AAAATAAAAACTTGTG,1
AAAATAAAAAGGCAGA,1
AAAATAAAAATATTAA,1
AAAATAAAACAATTCC,1
AAAATAAAACATCTTC,1
AAAATAAAAGAGTCAC,1
AAAATAAAATGACTTA,1
AAAATAAACATACCCC,1
AAAATAAACTTACGCA,1
AAAATAAAGCTGTAAT,1
AAAATAAAGGAAAACC,1
AAAATAAAGGTAGTCG,1
AAAATAAAGTCAGCTT,1
AAAATAAAGTGTCATA,1
AAAATAAAGTTTCTCA,1
AAAATAAATAACTAAA,1
AAAATAAATACTTCGA,1
AAAATAACAAACACAA,1
AAAATAACAAGGTTAC,1
AAAATAACACGTAACA,1
AAAATAACATGTGCAA,1
AAAATAACATTAGGTT,1
AAAATAACGCACTGAA,1
AAAATAACGTCAGATG,1
AAAATAACTAAATTCA,1
AAAATAACTTAATGTC,1
AAAATAACTTGTGCAA,1
AAAATAAGACCTTAAA,1
AAAATAAGACTCCGGG,1
AAAATAAGAGACAATA,1
AAAATAAGATTAACGA,1
AAAATAAGATTCTGAC,1
AAAATAAGATTGACCA,1
AAAATAAGATTTACGA,1
AAAATAAGCAACAAAG,1
AAAATAAGCCCTATTT,1
AAAATAAGGAATCTTT,1
AAAATAAGGTTCTGCC,1
AAAATAATAAAGTAAT,1
AAAATAATAATGTAAC,1
AAAATAATAATGTGAT,1
AAAATAATAGACTACA,1
AAAATAATCAACGCTT,1
AAAATAATGACACGGC,1
AAAATAATGATGTAAT,1
AAAATAATTCATGCAG,1
AAAATACAAAAGTAAA,1
AAAATACAAAAGTTAA,1
AAAATACAACAGTCAG,1
AAAATACAGGAAGGTT,1
AAAATACAGGGATTAA,1
AAAATACATATAGATG,1
AAAATACATGTAGTAG,1
AAAATACCAGCTTGTG,1
AAAATACCAGTTCTTA,1
AAAATACCCACACAAG,1
AAAATACCCTTACTAT,1
AAAATACCGAACTGAA,1
AAAATACCGTACACCC,1
AAAATACCTCACTGAA,1
AAAATACTAACTTGTG,1
AAAATACTAGGCGATT,1
AAAATACTTACTATAT,1
AAAATAGAAAGAGAGT,1
AAAATAGAACGGAAGC,1
AAAATAGACAGGGTAA,1
AAAATAGACTACGGCG,1
AAAATAGAGACCTGAA,1
AAAATAGCAAACAAAA,1
AAAATAGCATTGGACT,1
AAAATAGCCGTCACAT,1
AAAATAGCTAACTTAT,1
AAAATAGCTGGGGAAG,1
AAAATAGGAAAATAAG,1
AAAATAGGTTATACAA,1
AAAATAGTAAAGGCAA,1
AAAATAGTCGTTATTA,1
AAAATAGTCTTAATTC,1
AAAATAGTGCGAACCA,1
AAAATAGTGGTTATTC,1
AAAATAGTTTCATACA,1
AAAATATAACATCCTC,1
AAAATATAATATGTGA,1
AAAATATAATGAACAG,1
AAAATATACATGAAAA,1
AAAATATACATGAGAC,1
AAAATATAGATATTGA,1
AAAATATAGATCTTAA,1
AAAATATAGATCTTGT,1
AAAATATAGCATCCTC,1
AAAATATAGGATTGAG,1
AAAATATAGGTAGTCG,1
AAAATATATAAACAAT,1
AAAATATATATCTTGA,1
AAAATATATCACATGC,1
AAAATATCAAACTACA,1
AAAATATCAACACGAG,1
AAAATATCTACATAGG,1
AAAATATCTCAATAGG,1
AAAATATGATACTTCA,1
AAAATATGCCTTAGAT,1
AAAATATGGAAAATTA,1
AAAATATGGCTAAGGA,1
AAAATATGGTTAAGGC,1
AAAATATTAATGTCAA,1
AAAATATTTCCTAACT,1
AAAATATTTTATTAAG,1
AAAATCAAACATCACA,1
AAAATCAAATCTACTC,1
AAAATCAACCAATGGA,1
AAAATCAACCCTTGTC,1
AAAATCAAGAAACCTT,1
AAAATCAAGATACCCC,1
AAAATCAAGTTGTGTA,1
AAAATCAATACGCAGA,1
AAAATCAATAGGAAGA,1
AAAATCAATAGGCATA,1
AAAATCAATATACCCC,1
AAAATCAATTGCTTGC,1
AAAATCAATTTGAATT,1
AAAATCACAGGACCGC,1
AAAATCACCCACATGC,1
AAAATCACCCCGTTGG,1
AAAATCACCCTATGAT,1
AAAATCACCCTGGATT,1
AAAATCACCTCTCGTG,1
AAAATCACGGTTCTAC,1
AAAATCACTAGATTGT,1
AAAATCAGAAGCACTA,1
AAAATCAGATGGGCGC,1
AAAATCAGCATTGCCC,1
AAAATCAGGAATCACC,1
AAAATCAGTATTCTGC,1
AAAATCATAAGCACAA,1
AAAATCATATACCACG,1
AAAATCATCGAATGAT,1
AAAATCATGACAAAAT,1
AAAATCCAAATAAATC,1
AAAATCCAGAAAGCTA,1
AAAATCCATTACACAA,1
AAAATCCCAGTGTCAC,1
AAAATCCCCAATTCCC,1
AAAATCCCCGAAATAA,1
AAAATCCCTATTAGAT,1
AAAATCCGGAAAATTA,1
AAAATCCGTAATTTAA,1
AAAATCCTAACGACTA,1
AAAATCCTACAATCCT,1
AAAATCCTCGAATGAC,1
AAAATCGAAAACCCTA,1
AAAATCGAACCTCCCG,1
AAAATCGAATTCAACA,1
AAAATCGATCCTTGTT,1
AAAATCGCACCCTTAT,1
AAAATCGCGTGCCCAG,1
AAAATCGCTATTGAGT,1
AAAATCGGAAAATAAT,1
AAAATCGGAAGATAAG,1
AAAATCGGCGATACTT,1
AAAATCTAAAGGCAGT,1
AAAATCTAAGCAATTT,1
AAAATCTAATATATAA,1
AAAATCTATATGCTCA,1
AAAATCTCAAAGAAGA,1
AAAATCTCACTGAGGG,1
AAAATCTCATCGACTA,1
AAAATCTCCATGAACG,1
AAAATCTGAAAGGGGC,1
AAAATCTGTTACACAA,1
AAAATCTTGTGGCCCC,1
AAAATCTTTGGAGGAT,1
AAAATCTTTGGCTGAT,1
AAAATGAAAAAATGGA,1
AAAATGAAAAATCACT,1
AAAATGAAAAGCTCGG,1
AAAATGAAACTATTTT,1
AAAATGAACCCTTTTA,1
AAAATGAACCTAAACG,1
AAAATGAACCTTGGTT,1
AAAATGAAGACTACCA,1
AAAATGAATGCTCAGT,1
AAAATGACAGAACGAC,1
AAAATGACCAAAAACA,1
AAAATGACCCCCTCTT,1
AAAATGACTAAATTGA,1
AAAATGAGAAAAGCAC,1
AAAATGAGACATTAGC,1
AAAATGAGTAAGAAAA,1
AAAATGATAATTCGAT,1
AAAATGATCTTTTATT,1
AAAATGATGATCACAC,1
AAAATGATTAAGAACA,1
AAAATGCAAAGCTAGG,1
AAAATGCACGGTTCGA,1
AAAATGCACGGTTTAT,1
AAAATGCAGACTACAA,1
AAAATGCATGGTTAGA,1
AAAATGCCGGGTTGCA,1
AAAATGCCTCAAAAAC,1
AAAATGCGTGGTTCGA,1
AAAATGCGTTGCTAAG,1
AAAATGCTAAGCATTG,1
AAAATGCTACGATAGT,1
AAAATGCTTAGTTCAT,1
AAAATGGAAAACAGAG,1
AAAATGGCAAGCACAT,1
AAAATGGCAGACAGTT,1
AAAATGGCAGTAGAGC,1
AAAATGGCTAACCCAT,1
AAAATGGGAAAATAAG,1
AAAATGGGACTAAATT,1
AAAATGGGATAATTAA,1
AAAATGGGTCACAAAA,1
AAAATGGGTGCGCTAA,1
AAAATGGTCCATTTTT,1
AAAATGGTCCGAAATA,1
AAAATGGTGCAGTTCA,1
AAAATGGTGCGGAAAA,1
AAAATGGTTGATCACA,1
AAAATGTAGACCTAAC,1
AAAATGTATACATAAC,1
AAAATGTATACCCAAC,1
AAAATGTATACCTAAA,1
AAAATGTATCAAAAAC,1
AAAATGTATTAAGTAG,1
AAAATGTATTAGACCT,1
AAAATGTCCCAAAAAC,1
AAAATGTCTCAAAAGC,1
AAAATGTCTCAGAAAC,1
AAAATGTCTTAAAAAC,1
AAAATGTGAAAAATCT,1
AAAATGTGAGAATCCG,1
AAAATGTGTATAAAGC,1
AAAATGTTAAAAATCC,1
AAAATGTTAACTACCA,1
AAAATGTTAATACTTT,1
AAAATGTTCCAAGACA,1
AAAATGTTCCAGGACA,1
AAAATGTTCGACGACA,1
AAAATGTTGCATCCTG,1
AAAATGTTTCACGACA,1
AAAATTAAAAAAAGTA,1
AAAATTAAACGAGCCT,1
AAAATTAAACTAGAAT,1
AAAATTAACCCAGCGC,1
AAAATTAACCGATAAA,1
AAAATTAAGCAGTTGA,1
AAAATTAAGCGATACA,1
AAAATTAAGTATAGGG,1
AAAATTAATTAGAGCG,1
AAAATTAATTATCGCG,1
AAAATTAATTGTATGA,1
AAAATTACACCGATTT,1
AAAATTACAGGTTACC,1
AAAATTACATCTGAAT,1
AAAATTACATGTTAAA,1
AAAATTACCAACTAAC,1
AAAATTACGAATAGAG,1
AAAATTACGCCATGTG,1
AAAATTACTCCGACTT,1
AAAATTAGAAACTTAA,1
AAAATTAGAAAGAATT,1
AAAATTAGGGAATTGC,1
AAAATTAGTCTTCGGG,1
AAAATTAGTCTTGTGG,1
AAAATTATAACAACTT,1
AAAATTATAACGTGAG,1
AAAATTATAATGTAAT,1
AAAATTATAGAGCAAG,1
AAAATTATCCACACAA,1
AAAATTATGCACACAA,1
AAAATTATTCACACAT,1
AAAATTATTGCGTTTA,1
AAAATTATTTAGCAAG,1
AAAATTCAAGAAATGA,1
AAAATTCAGGATTAGC,1
AAAATTCCAAACTTGT,1
AAAATTCCAAATTACA,1
AAAATTCCAATCAAAG,1
AAAATTCCAGACAATA,1
AAAATTCCCAAAAACA,1
AAAATTCCCACCCATA,1
AAAATTCCCATACACG,1
AAAATTCCCGGTTTAT,1
AAAATTCCGCTTCTCA,1
AAAATTCGGAAGAATT,1
AAAATTCGGCTAGTAA,1
AAAATTCTAATTAATC,1
AAAATTCTCATCTCAG,1
AAAATTCTCATCTCCT,1
AAAATTCTGATTCTCA,1
AAAATTCTGTGATAAA,1
AAAATTCTTTTAAAGG,1
AAAATTCTTTTACCTG,1
AAAATTGAAATACTAT,1
AAAATTGATCGTTACA,1
AAAATTGCAATTTGGC,1
AAAATTGCCAAAATTT,1
AAAATTGCCCATCCCT,1
AAAATTGCGACCCGGC,1
AAAATTGGAAACCACA,1
AAAATTGGAACCCGGC,1
AAAATTGGAACTCTCA,1
AAAATTGGCCATACAG,1
AAAATTGGGACTCCCA,1
AAAATTGGGGCTCTCA,1
AAAATTGGTCGAGACT,1
AAAATTGGTGATTCTA,1
AAAATTGTATCTGGTA,1
AAAATTTAACATAAGC,1
AAAATTTAACATATTT,1
AAAATTTAACGTAAAC,1
AAAATTTAAGTAAGAA,1
AAAATTTAATGGCCCA,1
AAAATTTACAAGAAAC,1
AAAATTTACCTCAGAA,1
AAAATTTATACCTAAC,1
AAAATTTCAACCCGGC,1
AAAATTTCAAGTTAGA,1
AAAATTTCAATAAAAG,1
AAAATTTCAATTTGGG,1
AAAATTTCATCTGAAA,1
AAAATTTCCAGTCAGA,1
AAAATTTCCGGTTAGA,1
AAAATTTCCTCCAAGA,1
AAAATTTCTCAAAAAC,1
AAAATTTCTTGAACGT,1
AAAATTTGCAGTTAGA,1
AAAATTTTAACGCCTA,1
AAAATTTTATGTATCA,1
AAAATTTTATGTCTAA,1
AAAATTTTCCACGACA,1
AAAATTTTGTCCAGTA,1
AAAATTTTTGTACATG,1
AAACAAAAAAGGGCTA,1
AAACAAAAACTTACCA,1
AAACAAAAACTTGGGA,1
AAACAAAAATACATCG,1
AAACAAAACACTCACC,1
AAACAAAACGGCGAAC,1
AAACAAAACGTTCCCC,1
AAACAAAAGGCTATCG,1
AAACAAAAGTAGATAC,1
AAACAAAAGTGTCATA,1
AAACAAAAGTTTCAAT,1
AAACAAAATAATTCAG,1
AAACAAAATACAATTA,1
AAACAAAATATAGCTC,1
AAACAAAATCCCCTGT,1
AAACAAAATGAGCTAT,1
AAACAAAATGATTATT,1
AAACAAAATGCCCGGA,1
AAACAAAATTCAATTC,1
AAACAAACAAAAGAAG,1
AAACAAACCTAGGATC,1
AAACAAACCTTTACCA,1
AAACAAACTACTGCGA,1
AAACAAAGAACAACCA,1
AAACAAAGACTATTCA,1
AAACAAAGTACCATCA,1
AAACAAAGTGCCAGCA,1
AAACAAATACACTTGT,1
AAACAAATCCAGAAGT,1
AAACAAATCTAATAAA,1
AAACAAATCTGTGAAA,1
AAACAAATGAGAGACA,1
AAACAAATGGGAGGCG,1
AAACAAATGTAATAAA,1
AAACAAATGTTTGCAA,1
AAACAAATTAACATCA,1
AAACAAATTCTCCGAT,1
AAACAAATTCTGTTAA,1
AAACAAATTTAGTAAA,1
AAACAAATTTATTAAA,1
AAACAAATTTGGCTGA,1
AAACAAATTTTAAAGA,1
AAACAACAACACTTGT,1
AAACAACAAGTAGATC,1
AAACAACAATATGTCT,1
AAACAACACAGAAAAG,1
AAACAACACAGCAAAT,1
AAACAACACATCAAAG,1
AAACAACACATGCCTA,1
AAACAACACCAGAATT,1
AAACAACAGCCCGCCT,1
AAACAACCATCACGCA,1
AAACAACCATGCACCC,1
AAACAACCCGAAATTC,1
AAACAACCTAGCAATT,1
AAACAACCTGACACTA,1
AAACAACGAAATCAGA,1
AAACAACGAAATGGAC,1
AAACAACGAAGGCCTC,1
AAACAACGACTTTAAA,1
AAACAACGTTATGTTA,1
AAACAACTAAGTTGAA,1
AAACAACTACACTTAT,1
AAACAACTAGAAACCA,1
AAACAACTAGCTGGTT,1
AAACAACTATACTTGT,1
AAACAACTCATGTAAG,1
AAACAACTCCTCAAGG,1
AAACAACTTGATAGCA,1
AAACAACTTTAAAACC,1
AAACAAGACGGTATGA,1
AAACAAGAGAACTTAA,1
AAACAAGAGATGTACA,1
AAACAAGAGGGACCAT,1
AAACAAGAGTCCCTTA,1
AAACAAGATCACTAAG,1
AAACAAGCCTTTACAA,1
AAACAAGCGGAATATT,1
AAACAAGGAGAAGGAA,1
AAACAAGGTCCATCGT,1
AAACAAGGTCGGAACA,1
AAACAAGTCATTTTAA,1
AAACAAGTGGCGTAAA,1
AAACAAGTTTACCAAC,1
AAACAATAAAGACAAT,1
AAACAATAACATTTCA,1
AAACAATAACCGTACC,1
AAACAATAAGTAAAAT,1
AAACAATAAGTATAAA,1
AAACAATAATAAGGGA,1
AAACAATACAGTAGAA,1
AAACAATAGGTCGCGA,1
AAACAATATCTAACGA,1
AAACAATATTCAAAAA,1
AAACAATCACCGTGCC,1
AAACAATCACCTTACC,1
AAACAATCACTTTGCT,1
AAACAATCAGCGTACC,1
AAACAATCATATGCAA,1
AAACAATCATCGTACC,1
AAACAATCGACGAAAT,1
AAACAATCGATGCTAC,1
AAACAATCGCCGTACC,1
AAACAATCGTATGCCA,1
AAACAATCTACGCAAT,1
AAACAATCTTCCTATG,1
AAACAATGATAATTAA,1
AAACAATGCAACCAAT,1
AAACAATGCACGAAAT,1
AAACAATGTGTCCCTG,1
AAACAATTAAAGAATA,1
AAACAATTAATATTAA,1
AAACAATTACACTTGT,1
AAACAATTACGCTCGT,1
AAACAATTCACAAATA,1
AAACAATTGGAGTAAG,1
AAACAATTTCACTAGA,1
AAACAATTTCACTATC,1
AAACAATTTCTGTAAT,1
AAACACAAAAACACAT,1
AAACACAAAACAGGAA,1
AAACACAAAACTCAAT,1
AAACACAAAATAGAAT,1
AAACACAAACAAACCC,1
AAACACAAACTTCACT,1
AAACACAACCTATTTA,1
AAACACAAGCATCATT,1
AAACACAATACGACAA,1
AAACACACAAGACAAA,1
AAACACACACAAAGTT,1
AAACACACCCCGGAAA,1
AAACACACCGAAGAAA,1
AAACACACCTTTCTAG,1
AAACACACGCGTAGAG,1
AAACACACGTTTACTC,1
AAACACAGACATCATT,1
AAACACAGCGGAAAAG,1
AAACACAGCTATTTGC,1
AAACACAGGAATCATT,1
AAACACAGGCATCACT,1
AAACACAGGCATCATA,1
AAACACAGGCATCATC,1
AAACACATACATCGAG,1
AAACACATCTAACTTC,1
AAACACATGAAAGAGA,1
AAACACATGCATCATT,1
AAACACCAACAACATA,1
AAACACCAACAATGCA,1
AAACACCAACACTCAG,1
AAACACCAACCTGATC,1
AAACACCACGTAAACC,1
AAACACCACGTAAGAA,1
AAACACCAGTAACAAG,1
AAACACCCAGCACTAT,1
AAACACCCCTTTATAG,1
AAACACCCGTTTCTAG,1
AAACACCGAACTGTTT,1
AAACACCGAGACACCA,1
AAACACCGTTTTCTTC,1
AAACACCTAGACACCA,1
AAACACCTATCAAGTC,1
AAACACCTATTTTATA,1
AAACACCTGACTACGA,1
AAACACCTGGAGTTTG,1
AAACACGAAAAAGAGG,1
AAACACGACCGAATCA,1
AAACACGAGAATTCGC,1
AAACACGGCAATTAGT,1
AAACACGGGCATCATT,1
AAACACGGTACATGCA,1
AAACACGTATTATGTA,1
AAACACGTGGTAATAG,1
AAACACGTGTGGAATA,1
AAACACGTGTTTTGAG,1
AAACACTAACTTCAAC,1
AAACACTATCATATAC,1
AAACACTCGTCAACAC,1
AAACACTCTTCAAGAC,1
AAACACTGAATATAAA,1
AAACACTGAGTATAAG,1
AAACACTGGAAAAAAT,1
AAACACTTGTGCATCA,1
AAACACTTGTGGACCA,1
AAACACTTGTTGATCA,1
AAACAGAAAGCAGAAA,1
AAACAGAACGCATAAA,1
AAACAGAAGGCAGAAA,1
AAACAGAATAACTGAC,1
AAACAGAATCGTTAAT,1
AAACAGACACAAAATG,1
AAACAGACCCAACACG,1
AAACAGACGATAAGTT,1
AAACAGACTATACATA,1
AAACAGACTTAGACGT,1
AAACAGAGATCAATAA,1
AAACAGAGCTTTGTAG,1
AAACAGAGTTCTTAAA,1
AAACAGATCGAACAAC,1
AAACAGATCTTAGTCT,1
AAACAGATGTGTAAAG,1
AAACAGATTTCTATAT,1
AAACAGCACAACCCGC,1
AAACAGCACCAATAAA,1
AAACAGCACTTTCTAT,1
AAACAGCATATTAAGA,1
AAACAGCCCCTCCAAA,1
AAACAGCGAACAAAGA,1
AAACAGCGTACCACCT,1
AAACAGCGTACCGCTT,1
AAACAGCTAAACTGAT,1
AAACAGCTAGGTGGTT,1
AAACAGGAAATGGCGC,1
AAACAGGATATGACGC,1
AAACAGGATATGGCGT,1
AAACAGGCAAATTTCC,1
AAACAGGGAAACCCTG,1
AAACAGGTAACTCATT,1
AAACAGGTAATCACTG,1
AAACAGGTGCCCCCCG,1
AAACAGTATTCCCGAA,1
AAACAGTCAATACTTA,1
AAACAGTCAGGGCATG,1
AAACAGTCATGACCCA,1
AAACATAAAAAGACGT,1
AAACATAAAAGGACGT,1
AAACATAAACGAGACG,1
AAACATAAAGTTGCGT,1
AAACATAAATTGTTCG,1
AAACATAACGCTTCAT,1
AAACATAACTAAGATG,1
AAACATAAGACGACAA,1
AAACATAAGCATGTTC,1
AAACATAAGTAGTGCT,1
AAACATAATGATCATA,1
AAACATAATTTGATAT,1
AAACATACAATATTGT,1
AAACATACACTCTCAA,1
AAACATACCAAAAAGT,1
AAACATACGACTATGA,1
AAACATACTAGGTATG,1
AAACATACTCAAAATC,1
AAACATAGAAAAGTGC,1
AAACATAGAATCGGCG,1
AAACATAGCAAAGTTC,1
AAACATATGACACGTG,1
AAACATATGCGAAACT,1
AAACATCAACCATTTT,1
AAACATCAAGCACTCA,1
AAACATCACCAGCTAT,1
AAACATCATATGAAGA,1
AAACATCCCAGGAGCT,1
AAACATCCCTTTTTTC,1
AAACATCCTACCTGAA,1
AAACATCTAAAAGATC,1
AAACATCTAACAGTAG,1
AAACATCTATGGATCA,1
AAACATCTCGAGAGAT,1
AAACATCTGTGGATCA,1
AAACATCTTAATGATA,1
AAACATCTTAGCGAAA,1
AAACATCTTGGAAAAT,1
AAACATCTTTGCATCA,1
AAACATCTTTGGATAA,1
AAACATGAATACGATA,1
AAACATGATACACTAC,1
AAACATGCCCAAATTG,1
AAACATGGCTATTAAA,1
AAACATGTTGATAAGC,1
AAACATGTTTATTGAT,1
AAACATTAAATAGGTA,1
AAACATTAACAACCAT,1
AAACATTACAACACGA,1
AAACATTACCAATTAT,1
AAACATTATTACCAAA,1
AAACATTGATAACCAG,1
AAACATTGCGGCAATG,1
AAACATTGTACCGCCT,1
AAACATTTAACTAGGC,1
AAACATTTAATTCTTT,1
AAACATTTATTCCAAA,1
AAACATTTCATAAATT,1
AAACATTTGTATTAAG,1
AAACATTTTATAAACC,1
AAACCAAAACACGGAC,1
AAACCAAAACGAAAAA,1
AAACCAAAATAAGCCA,1
AAACCAAAATTAGCCA,1
AAACCAAAGCATGGAC,1
AAACCAACCAATATAA,1
AAACCAACTCCCAGAA,1
AAACCAAGAGACTAGT,1
AAACCAAGAGTAAACT,1
AAACCAAGATACATCG,1
AAACCAAGGCGAGGCG,1
AAACCAAGTATAGCTA,1
AAACCAATAAAATTCG,1
AAACCAATCCTTTCTT,1
AAACCAATTAGAGCAG,1
AAACCACAAGCAGATC,1
AAACCACAAGCATACC,1
AAACCACACAGCCGAT,1
AAACCACACTAGTGAC,1
AAACCACAGGCAGACC,1
AAACCACATACAGGAG,1
AAACCACATACGGTAG,1
AAACCACATATGGGAG,1
AAACCACATGCGGGAG,1
AAACCACGACACGTAA,1
AAACCACGCCACTTAA,1
AAACCACGCCTACTAT,1
AAACCACGCTACGTAA,1
AAACCACGTTAGCCAG,1
AAACCACTATCTAGCT,1
AAACCACTCCACGTAA,1
AAACCACTCTATAGCT,1
AAACCACTCTCTAGCC,1
AAACCACTCTCTATCT,1
AAACCACTGCAGGACA,1
AAACCACTTCAGGAAA,1
AAACCACTTGCTAACA,1
AAACCAGATAAAATTG,1
AAACCAGATGGCCATC,1
AAACCAGCAGGTAAAC,1
AAACCAGCGGATCAAT,1
AAACCAGGATTGTTGT,1
AAACCAGGATTGTTTA,1
AAACCAGGCCATCTCT,1
AAACCAGGGTTGTTGA,1
AAACCAGTCACTCTCG,1
AAACCAGTTATTACAA,1
AAACCATAAGCACACA,1
AAACCATACACGCTTG,1
AAACCATCAGTGGGAT,1
AAACCATCATTTTTCG,1
AAACCATCGGCTCAAT,1
AAACCATCGTATCCTT,1
AAACCATGATTGTTGA,1
AAACCATGCCATCTCA,1
AAACCATGTCCGCCAG,1
AAACCATTTCCTAGAA,1
AAACCATTTGGCGTTG,1
AAACCCAAATACGACT,1
AAACCCAACCCTAAAA,1
AAACCCAAGAAAATTA,1
AAACCCAATAAACAAC,1
AAACCCAATGAGCAAC,1
AAACCCACAGGCCAGG,1
AAACCCACCCCCCTCG,1
AAACCCAGAGTGGTTA,1
AAACCCAGATACCGAC,1
AAACCCAGCAACATTA,1
AAACCCAGCACTCACA,1
AAACCCAGGCCACGGG,1
AAACCCATAATGATTA,1
AAACCCCAAAGCACGT,1
AAACCCCAGAGAATGG,1
AAACCCCAGGGAATGC,1
AAACCCCGAAATTGAC,1
AAACCCGAAAGAGAGG,1
AAACCCGAATAGACCC,1
AAACCCGACAAACTAT,1
AAACCCGACTCTCACT,1
AAACCCGAGAAAATTA,1
AAACCCGATAAGCAAC,1
AAACCCGATAGTTGTA,1
AAACCCGATGGACATC,1
AAACCCGATTGGAAAG,1
AAACCCGATTGGAACT,1
AAACCCGGAATGAGGG,1
AAACCCGGACCAACAA,1
AAACCCTAAACAAGTG,1
AAACCCTATATGTCTT,1
AAACCCTCACGCCTAA,1
AAACCCTCAGACACCT,1
AAACCCTCGTATCATT,1
AAACCCTGACTGGTTA,1
AAACCCTGAGTGGTCA,1
AAACCCTGATTGGTTA,1
AAACCCTGGTATCCTT,1
AAACCCTGTGGTAGTT,1
AAACCCTTAGTCAAAT,1
AAACCCTTCAATGGAC,1
AAACCCTTCACTGGAT,1
AAACCCTTGTGCGATG,1
AAACCCTTTGGCGCTG,1
AAACCGAATCGTCAAT,1
AAACCGAATGTCATGT,1
AAACCGACATTATCCA,1
AAACCGACGGCATCTA,1
AAACCGCAGGGAATTC,1
AAACCGCAGGGAGTGC,1
AAACCGCAGTGAATGC,1
AAACCGCCGTGTCTAA,1
AAACCGCCTTGTCTCA,1
AAACCGCGATCGGTAG,1
AAACCGCGGCTGAATT,1
AAACCGCGGTCGTTAG,1
AAACCGCGTATGAATT,1
AAACCGCGTCTAAATT,1
AAACCGCGTCTGAATG,1
AAACCGCTCAACCGAA,1
AAACCGCTGTTTATTG,1
AAACCGGAATCATAAT,1
AAACCGGATATGACAG,1
AAACCGGATATGCAAG,1
AAACCGGATATTCCAG,1
AAACCGGATCGCTACT,1
AAACCGGCCTTTACGG,1
AAACCGGCGATAGAAA,1
AAACCGGGATTGTTGA,1
AAACCGGGGAAATATA,1
AAACCGGGGCCCAAAA,1
AAACCGGGTATGCCAG,1
AAACCGGGTCTGCAAC,1
AAACCGGTAAGGAAAA,1
AAACCGGTGACTCTTA,1
AAACCGGTGACTTATC,1
AAACCGGTGATTACTT,1
AAACCGTCCACTAACA,1
AAACCGTGAAAACCCG,1
AAACCGTGAAGTAAAT,1
AAACCGTTAAGCCAAT,1
AAACCGTTATCTCAGT,1
AAACCTAAATGGACCC,1
AAACCTAAATTTGCAG,1
AAACCTAAGAGGTGTT,1
AAACCTAAGTTTCAAT,1
AAACCTAATTTACAGA,1
AAACCTAATTTTGCAG,1
AAACCTACAGGCCATG,1
AAACCTACCAACAACC,1
AAACCTAGCTGATGGT,1
AAACCTATATGGGCAT,1
AAACCTATGGGATAGC,1
AAACCTATGGGATATA,1
AAACCTATTCGGGCAT,1
AAACCTATTTGGTCAT,1
AAACCTCAGCCGAGCA,1
AAACCTCATATCATAG,1
AAACCTCATGATGCAG,1
AAACCTCCACAACACA,1
AAACCTCCCGTATACG,1
AAACCTCCCTAAGCTT,1
AAACCTCGATCGTTAG,1
AAACCTCGCATACCAC,1
AAACCTCGCCACGTAA,1
AAACCTCGTCGTAAGT,1
AAACCTCTAATGCACG,1
AAACCTCTAATGTAAG,1
AAACCTCTCTAAGCTA,1
AAACCTCTGATGTACG,1
AAACCTGAAACCTAGA,1
AAACCTGAAGACACCC,1
AAACCTGACTTTGCAG,1
AAACCTGAGAAAGTAA,1
AAACCTGATAGTTTTA,1
AAACCTGATATGCCAG,1
AAACCTGATGATGAAG,1
AAACCTGATGATGCAT,1
AAACCTGATGATGCCG,1
AAACCTGATTAATGCA,1
AAACCTGGTAGTTGTA,1
AAACCTTAAAAACCCG,1
AAACCTTACAAAAATT,1
AAACCTTATAGTTGTA,1
AAACCTTATGATGCAG,1
AAACCTTCAAATCAGC,1
AAACCTTCATGTGAGC,1
AAACCTTCGAATCAGG,1
AAACCTTCGTTTAAAA,1
AAACCTTCGTTTCAAA,1
AAACCTTGATATCCCA,1
AAACCTTGCAAAAATC,1
AAACCTTGCGTACTCG,1
AAACCTTGCTCGGAAT,1
AAACCTTTCAAGACCG,1
AAACCTTTGCTGAAAA,1
AAACCTTTTCTGGATG,1
AAACGAAACACACATT,1
AAACGAAAGAGTTAAA,1
AAACGAAATTAGGAGT,1
AAACGAACCAGTGGCA,1
AAACGAACCTAAGAAA,1
AAACGAAGAATGTCCC,1
AAACGAAGAGAATACC,1
AAACGAAGCATCTCCC,1
AAACGAAGCATGTACC,1
AAACGAAGCATGTCAC,1
AAACGAAGCATGTCCA,1
AAACGAAGCATGTCTC,1
AAACGAAGCATGTTCC,1
AAACGAAGCCCCTAAC,1
AAACGAAGGATGTCCC,1
AAACGAATAAAGTCGT,1
AAACGAATGTCCTGAG,1
AAACGAATTAATCGTA,1
AAACGACAACTACTGA,1
AAACGACAAGCAGACC,1
AAACGACACAAGAAAG,1
AAACGACACAGAGACC,1
AAACGACACAGTCACA,1
AAACGACAGATTATTC,1
AAACGACCATCTAACT,1
AAACGACCCACTATGA,1
AAACGACGGCTCTTAC,1
AAACGACGGTACATCT,1
AAACGACTAAAAATTG,1
AAACGACTAAGCTCGA,1
AAACGACTACAAGTTG,1
AAACGACTATGCATAA,1
AAACGACTCAGCTCTA,1
AAACGACTGCAGAACA,1
AAACGACTGCCCTCCG,1
AAACGACTTGAAATTT,1
AAACGACTTTATGACG,1
AAACGACTTTGGGACG,1
AAACGAGTATGCAACC,1
AAACGAGTCTGGAGTA,1
AAACGATAAAGTCAAT,1
AAACGATAACTGCAAT,1
AAACGATACCCTAATA,1
AAACGATCACGTGGCA,1
AAACGATCGAGTCAAT,1
AAACGATCTAGTTGTA,1
AAACGATGAAAAATAA,1
AAACGATGAAACGTAT,1
AAACGATGATGACTGG,1
AAACGATGGCTCTTGC,1
AAACGATGTCTCTTAC,1
AAACGATTACAATTAA,1
AAACGATTGATACCGA,1
AAACGATTGCTCTTAC,1
AAACGCAAATGTTACA,1
AAACGCAATTAGCTTA,1
AAACGCACCACCTATT,1
AAACGCAGACAGCGAT,1
AAACGCATAAATCATT,1
AAACGCATCTAACTTT,1
AAACGCATCTGACTTC,1
AAACGCATTGTACGAA,1
AAACGCCATAAACCAG,1
AAACGCCCCAATACTA,1
AAACGCCTCGAATGAC,1
AAACGCTAATATTAAA,1
AAACGCTATAAACCAT,1
AAACGCTATAAACGAG,1
AAACGCTCGACGATCC,1
AAACGCTCTAATATCG,1
AAACGCTGAAAAGTAG,1
AAACGCTGAAAAGTCT,1
AAACGCTGAAAAGTTG,1
AAACGCTTATCTACTT,1
AAACGCTTTTCCCACA,1
AAACGGAAAACTGTGA,1
AAACGGAAGTTCATAC,1
AAACGGACAAATAAGT,1
AAACGGACGATAACTC,1
AAACGGACTGTGTAAA,1
AAACGGAGCCATTCCG,1
AAACGGAGTCTTTCTT,1
AAACGGAGTGTCTCTT,1
AAACGGAGTGTTTATT,1
AAACGGATCCATTTGG,1
AAACGGCCATCAGTAA,1
AAACGGGCCCTTTAAA,1
AAACGGGGAAACCCCG,1
AAACGGGGAAAGCCTG,1
AAACGGGGTGAATTCC,1
AAACGGGGTGCACTCC,1
AAACGGTATCAGGCTT,1
AAACGGTGAAACCCTG,1
AAACGGTGACGCGGGT,1
AAACGGTGTGCATTCC,1
AAACGTAAAAACGGGT,1
AAACGTAAACTCTTTG,1
AAACGTAACACCACTC,1
AAACGTACATACGATC,1
AAACGTACCATAACCC,1
AAACGTAGAAACTGGT,1
AAACGTAGGCTTGTGA,1
AAACGTCAAAGCGCAC,1
AAACGTCATCCAGAAA,1
AAACGTCCCAACTTTT,1
AAACGTCGAAGCTAAT,1
AAACGTCTATCCTTTC,1
AAACGTGACAAAAATT,1
AAACGTGAGTCAAGAC,1
AAACGTGCGAGGCAAG,1
AAACGTGGACTTGTGA,1
AAACGTGGCCTAGGAC,1
AAACGTGTCAACATCA,1
AAACGTGTCAACTGAC,1
AAACGTGTGTGACTCA,1
AAACGTTAAGATTGCA,1
AAACGTTAATATCAAA,1
AAACGTTAATATTGAA,1
AAACGTTACTAATTAT,1
AAACGTTAGAACGGTG,1
AAACGTTCCCATAAAC,1
AAACGTTGGCAAACGG,1
AAACGTTTATTATCAA,1
AAACGTTTTCACCACA,1
AAACTAAAACTGTATC,1
AAACTAAACTCTCAGC,1
AAACTAACTTTAAAAT,1
AAACTAAGACTCGTAG,1
AAACTAAGATCAAGTT,1
AAACTAAGGTGTCATA,1
AAACTAATACCCACTT,1
AAACTAATCCATTTTG,1
AAACTAATCCCGACAA,1
AAACTACACCAGAAAG,1
AAACTACATACAGGAC,1
AAACTACATCTATGAC,1
AAACTACCCACTACAT,1
AAACTACCGACTTCTA,1
AAACTACCGGTTCTTA,1
AAACTACGAGTTCTTA,1
AAACTACGGTGATTCA,1
AAACTACTAAGCCAGT,1
AAACTACTACAAATTG,1
AAACTACTACTCGTAG,1
AAACTACTTACCTCCA,1
AAACTAGAACTATGTG,1
AAACTAGCAAACATTA,1
AAACTAGCAGTTCTTA,1
AAACTAGGATTGTTGA,1
AAACTAGGGGCCAAAT,1
AAACTAGGTGCAAAAT,1
AAACTAGTAGTATGAT,1
AAACTAGTCACCCGTA,1
AAACTAGTGAATCGTT,1
AAACTATACATTCAAC,1
AAACTATCCTCTTCAT,1
AAACTATTCCCTGAAG,1
AAACTATTGGCCATAC,1
AAACTCAAAAGCTAGA,1
AAACTCAACCGCGAAA,1
AAACTCAACCTAAAAT,1
AAACTCACCTCACAGC,1
AAACTCACGTACTAGC,1
AAACTCACTTAGTCAC,1
AAACTCAGATACCGAA,1
AAACTCATCGTCTGCA,1
AAACTCATCTGAGGAG,1
AAACTCCACTTCTCTC,1
AAACTCCAGCTAAAAT,1
AAACTCCGTGCCGGGA,1
AAACTCGGATACCGAC,1
AAACTCGTGTGAAACT,1
AAACTCTCCTAACAAC,1
AAACTCTCTTAAGCAA,1
AAACTCTGGCCTCTAA,1
AAACTGAAAAAATATG,1
AAACTGAAAGTACGGA,1
AAACTGAAAGTCACAA,1
AAACTGAACAAGAAAT,1
AAACTGAAGACATAGC,1
AAACTGAAGCACAACT,1
AAACTGACCCATAAAA,1
AAACTGACCTGGAACA,1
AAACTGACTAACTTAA,1
AAACTGAGCCATTTGG,1
AAACTGAGTTAACGGA,1
AAACTGAGTTTTTCTT,1
AAACTGCAAGATCGCG,1
AAACTGCACGTCTATC,1
AAACTGCCTGTAGTCT,1
AAACTGCTCTGAAAAG,1
AAACTGGACACAACTC,1
AAACTGGACACACCTT,1
AAACTGGCAACCATTG,1
AAACTGGCAGCCATGG,1
AAACTGGCGGAAAGCT,1
AAACTGGTACCTTCCA,1
AAACTGGTCCTGGGAC,1
AAACTGTAAGCCAGTG,1
AAACTGTAAGTGTATA,1
AAACTGTACACAACTT,1
AAACTGTGATGAGAAT,1
AAACTGTGGTAGAAAC,1
AAACTGTTACATGCTA,1
AAACTGTTACTGTCTG,1
AAACTGTTTATAACCA,1
AAACTGTTTATAGTCA,1
AAACTTAAATCCTGGA,1
AAACTTAAATGGGTTA,1
AAACTTAAGCACTACG,1
AAACTTAAGCAGAAGA,1
AAACTTAAGTGTGTTA,1
AAACTTAAGTTGGTTA,1
AAACTTAATGAGGGAT,1
AAACTTAATGATGAGA,1
AAACTTAATGCTGGAT,1
AAACTTAATGGGGGAT,1
AAACTTAATGTGGGAT,1
AAACTTAATTTAAAGA,1
AAACTTAATTTAACTC,1
AAACTTAATTTACACA,1
AAACTTAATTTACATA,1
AAACTTAATTTACGGA,1
AAACTTAATTTTCAGA,1
AAACTTACAAGTAGGC,1
AAACTTACAGAGAGAA,1
AAACTTACCCATCTAC,1
AAACTTACGTAAAAGA,1
AAACTTAGCAGAACCA,1
AAACTTAGCAGACTCA,1
AAACTTATCATGTTCA,1
AAACTTATTTTACTCC,1
AAACTTCACCGATAAC,1
AAACTTCATCACGGTA,1
AAACTTCCCTTTGTAT,1
AAACTTCCTCCTAACC,1
AAACTTCGTAACAACC,1
AAACTTCTGTTACTCC,1
AAACTTCTTCTACTCC,1
AAACTTCTTGAATAGA,1
AAACTTCTTTTAATCC,1
AAACTTCTTTTACTCG,1
AAACTTGATCGCTTAT,1
AAACTTGATCTTTACA,1
AAACTTGATTTACAGA,1
AAACTTGCAACAGGGC,1
AAACTTGCAACCATGG,1
AAACTTGTAAGTACTC,1
AAACTTGTGATGTGCA,1
AAACTTTAAACCCCAT,1
AAACTTTAAATACTAT,1
AAACTTTAGAGCAATA,1
AAACTTTCCCTGATTC,1
AAACTTTCCCTTTAGG,1
AAACTTTCTCGGGTGG,1
AAACTTTCTTGTTACC,1
AAACTTTGCAACTCGA,1
AAACTTTTCCCAGATG,1
AAACTTTTGACAGATG,1
AAACTTTTGGTAGGCA,1
AAACTTTTTTCAAAAG,1
AAACTTTTTTGAATCA,1
AAAGAAAAAAACTCAA,1
AAAGAAAAACATGTAA,1
AAAGAAAAACTCAACA,1
AAAGAAAAATGGAAAA,1
AAAGAAAAGAAGAATA,1
AAAGAAAATAACAGTG,1
AAAGAAAATTATATAA,1
AAAGAAACAAAAGCAC,1
AAAGAAACAAACGTAC,1
AAAGAAACAAGTAGCC,1
AAAGAAACAAGTATAA,1
AAAGAAACATTCAATA,1
AAAGAAACCAATTCAG,1
AAAGAAACCAGGCAGA,1
AAAGAAACCCAAAGAT,1
AAAGAAACGAACGCAC,1
AAAGAAACGATGCAGT,1
AAAGAAACGTTTAATA,1
AAAGAAACTAACCCGA,1
AAAGAAACTACACATA,1
AAAGAAACTTGATGAC,1
AAAGAAAGAAAACTGA,1
AAAGAAATAACACAAT,1
AAAGAAATAACTGTGG,1
AAAGAAATAAGCCCAA,1
AAAGAAATACACACTG,1
AAAGAAATACATTAGG,1
AAAGAAATACCTGACA,1
AAAGAAATAGTTAAAC,1
AAAGAAATATCTTAAT,1
AAAGAAATCGTTAAAA,1
AAAGAAATGCCTTGCA,1
AAAGAAATGGACCAAA,1
AAAGAAATGTATTGCA,1
AAAGAAATTAGCGACG,1
AAAGAAATTAGCGCCT,1
AAAGAAATTAGTGCCG,1
AAAGAACAAAACCACG,1
AAAGAACAAATGGTTA,1
AAAGAACACTTCGTCC,1
AAAGAACAGACAAATT,1
AAAGAACAGACGGAGG,1
AAAGAACAGGACAATG,1
AAAGAACATACCCTGG,1
AAAGAACATTATATGA,1
AAAGAACCCCAACTAC,1
AAAGAACCTAAACTAC,1
AAAGAACCTCAACAGC,1
AAAGAACCTCAACTAG,1
AAAGAACGATAGCTTC,1
AAAGAACGTTGTAGCC,1
AAAGAACTACTATACG,1
AAAGAACTATAATAAC,1
AAAGAAGAACCGACCC,1
AAAGAAGAATTACGCC,1
AAAGAAGATTATCAAA,1
AAAGAAGATTATCGAC,1
AAAGAAGCAACCCTCT,1
AAAGAAGCGGTCAAGC,1
AAAGAAGCGTGAATAC,1
AAAGAAGCTGAAATAA,1
AAAGAAGGAAGATCTG,1
AAAGAAGGAGCCTAGA,1
AAAGAAGGCAAGCGTG,1
AAAGAAGGCAATGGTG,1
AAAGAAGGGAGACCTG,1
AAAGAAGGTAGACCTG,1
AAAGAAGTAAGGGATT,1
AAAGAAGTAAGGGTTT,1
AAAGAAGTGTCTTGCA,1
AAAGAATAAATTTTCT,1
AAAGAATAAGTTAACG,1
AAAGAATAAGTTACCT,1
AAAGAATAATCTAAAA,1
AAAGAATAATGGTGAA,1
AAAGAATACGAAGTCC,1
AAAGAATATCACAAGC,1
AAAGAATATTAAGTCA,1
AAAGAATCAGCCCAAA,1
AAAGAATCCTAGGTAT,1
AAAGAATCGAATACTA,1
AAAGAATGAGGTCCTA,1
AAAGAATGAGTGTCTT,1
AAAGAATGGATAAGAT,1
AAAGAATGTATCCAAT,1
AAAGAATTCATCAATG,1
AAAGAATTCCCATCTG,1
AAAGACAACAAGTGGC,1
AAAGACAACCACTCCC,1
AAAGACAACCAGTGGA,1
AAAGACAACCAGTGTC,1
AAAGACAACCATTGGC,1
AAAGACAAGAAGTCTA,1
AAAGACACCCCACCGG,1
AAAGACACGTAGATAA,1
AAAGACACTTTTCCGA,1
AAAGACAGAATCTATG,1
AAAGACAGAGTATATG,1
AAAGACAGGATCATCC,1
AAAGACATAAATATTG,1
AAAGACATAACACCTT,1
AAAGACATAAGATAAC,1
AAAGACATAAGATGAC,1
AAAGACATAGAAGGAA,1
AAAGACATCACTAGTA,1
AAAGACATGAGATCAC,1
AAAGACATGATAAAGG,1
AAAGACATGGTAGGAC,1
AAAGACATTACGTATT,1
AAAGACATTGTAGAAC,1
AAAGACCAAGCAGGAG,1
AAAGACCAATGATAAT,1
AAAGACCACAGAATAA,1
AAAGACCACGTTTTAA,1
AAAGACCATAAGCCAT,1
AAAGACCCTACCCAAA,1
AAAGACCGCCGATATG,1
AAAGACCTACATGCAG,1
AAAGACCTCCCACCTT,1
AAAGACCTCCGGGTAT,1
AAAGACCTCTCGCTTA,1
AAAGACCTGCTGGCAC,1
AAAGACGAACCGAACC,1
AAAGACGCATCAAGTA,1
AAAGACGCGTGAGTAC,1
AAAGACGCTTCGAGCT,1
AAAGACGGACACCAGC,1
AAAGACGGATAAAGCA,1
AAAGACGGATAAGATA,1
AAAGACGGATAAGATG,1
AAAGACGGATAAGGTC,1
AAAGACGGCTCACCAC,1
AAAGACGGGATCATGC,1
AAAGACGGGTAAGATC,1
AAAGACGTAAATAGTA,1
AAAGACGTAAGATCAC,1
AAAGACGTCATACCCA,1
AAAGACTAACCCGCGC,1
AAAGACTAACCGACCC,1
AAAGACTACATAGTAA,1
AAAGACTACATATGGA,1
AAAGACTACCTACACA,1
AAAGACTATCAGGACA,1
AAAGACTCATAACCCC,1
AAAGACTGACTAGCTA,1
AAAGACTGATAAGATC,1
AAAGACTGCTAATTGA,1
AAAGACTTACTCATAC,1
AAAGACTTACTTTAAA,1
AAAGACTTATAATCAG,1
AAAGACTTATCTACTA,1
AAAGACTTCCCGCTCA,1
AAAGAGAAAACCATTC,1
AAAGAGAACCACGCCC,1
AAAGAGAAGTCAACAT,1
AAAGAGAATCTACTAA,1
AAAGAGACACAATAGA,1
AAAGAGACACTATAGA,1
AAAGAGACAGGATAGA,1
AAAGAGACATTTAATA,1
AAAGAGAGAAAACGAA,1
AAAGAGAGACTATGAA,1
AAAGAGAGAGTCGCAC,1
AAAGAGAGAGTCGGAC,1
AAAGAGAGCAGACGAA,1
AAAGAGAGCCAACAAA,1
AAAGAGAGCTAAGTAG,1
AAAGAGAGGCAATGAA,1
AAAGAGAGTTATAAAA,1
AAAGAGATCAGATTTC,1
AAAGAGATTTAGTCAT,1
AAAGAGCAAGTTGACA,1
AAAGAGCACATAAGTC,1
AAAGAGCACGTTGATA,1
AAAGAGCACTCTATCT,1
AAAGAGCAGATAAGGC,1
AAAGAGCATAACGAAA,1
AAAGAGCATAATCGAA,1
AAAGAGCATGGGTCGT,1
AAAGAGCCGTCTATAA,1
AAAGAGCGTATAGGAA,1
AAAGAGCTACAATAGT,1
AAAGAGCTTACCAATT,1
AAAGAGCTTAGGAATT,1
AAAGAGGAAAATACAC,1
AAAGAGGACGACCATA,1
AAAGAGGCATCCTTCG,1
AAAGAGGGAATACTTG,1
AAAGAGGTAACTCATA,1
AAAGAGGTGACGATTG,1
AAAGAGTAAAATAGTT,1
AAAGAGTATTCAGTCA,1
AAAGAGTCAAATATTT,1
AAAGAGTCACGTTGTA,1
AAAGAGTCGAATAGTT,1
AAAGAGTGACCAGCAC,1
AAAGAGTGATATAAAA,1
AAAGATAACCACCTAG,1
AAAGATAACTGGGAAT,1
AAAGATAACTTCCCAG,1
AAAGATAAGCAGCAAC,1
AAAGATAATCGAGTTC,1
AAAGATACCCACTCTA,1
AAAGATACGAGGAAAA,1
AAAGATACTTTCCCAG,1
AAAGATAGACACTCTA,1
AAAGATAGCCAAGTAG,1
AAAGATAGCCACCCTA,1
AAAGATAGGGACCATG,1
AAAGATAGTCACTCTA,1
AAAGATATAAAGGGAT,1
AAAGATATAATGGGGA,1
AAAGATATACCTCGAT,1
AAAGATATCAGCATAT,1
AAAGATATTGACGCTC,1
AAAGATCAAAAAGGAA,1
AAAGATCAAAACTCCG,1
AAAGATCACATAAGGC,1
AAAGATCACGTTGACA,1
AAAGATCATCCAATAT,1
AAAGATCATCCACTGA,1
AAAGATCATGTTCTAC,1
AAAGATCATTAATCCC,1
AAAGATCCGAACAAAA,1
AAAGATCGATAAACCG,1
AAAGATCGATCAAACG,1
AAAGATCGATCAACAG,1
AAAGATCGATCAACCA,1
AAAGATCGGTCAACCG,1
AAAGATCTAAAGGGAA,1
AAAGATCTATCAACCG,1
AAAGATCTCAGACCCA,1
AAAGATCTTCATACCC,1
AAAGATGAAATTAGGG,1
AAAGATGAAATTCGAG,1
AAAGATGAACTGCGAG,1
AAAGATGAGTTCAATA,1
AAAGATGCCAAAATCC,1
AAAGATGCTAAAATCT,1
AAAGATGTCGAATATA,1
AAAGATGTTGCTCATG,1
AAAGATTACCCACCTA,1
AAAGATTACCCCCCCA,1
AAAGATTACCCGCCTA,1
AAAGATTATAAAAATT,1
AAAGATTATCGAATTC,1
AAAGATTATTTTAATC,1
AAAGATTCAACTAACT,1
AAAGATTCGCTTGGAG,1
AAAGATTCGCTTTGCG,1
AAAGATTCTACCTGAG,1
AAAGATTCTCAAGAAT,1
AAAGATTCTCTATTCA,1
AAAGATTGATGGTGAA,1
AAAGATTTGCTTGGCG,1
AAAGATTTGTATCACC,1
AAAGATTTGTCTCGCC,1
AAAGATTTGTTATCTA,1
AAAGATTTTTCTCACC,1
AAAGCAAAAAAGTGAC,1
AAAGCAAAAAGGACCG,1
AAAGCAAAAGACCCGG,1
AAAGCAAACAGGAACG,1
AAAGCAAACAGGACCC,1
AAAGCAAACAGGACCT,1
AAAGCAAAGAGTAAGA,1
AAAGCAACAACCAGTA,1
AAAGCAACTGAAATTA,1
AAAGCAAGAATGTAAC,1
AAAGCAAGTAAACGCA,1
AAAGCAATAGGGTTGT,1
AAAGCAATCAAATTCG,1
AAAGCAATCACCCATA,1
AAAGCAATCAGATGAC,1
AAAGCAATCCTTTCTA,1
AAAGCAATGGGGCGAA,1
AAAGCAATTAAAGATT,1
AAAGCAATTGAACCTT,1
AAAGCACAAGTGCCAA,1
AAAGCACAGGCATATC,1
AAAGCACCTGAAGCTC,1
AAAGCACTATACCAAC,1
AAAGCACTCTAGACAA,1
AAAGCACTGTAGTCAA,1
AAAGCAGAAACGTTTC,1
AAAGCAGAACATTAAA,1
AAAGCAGAATTAACGC,1
AAAGCAGACCAGATGA,1
AAAGCAGAGAATGGAT,1
AAAGCAGATACTCTAA,1
AAAGCAGGACACCAGC,1
AAAGCAGGACTGGATG,1
AAAGCAGGATTGTTGA,1
AAAGCAGTCCATTTTC,1
AAAGCAGTCCTTTATA,1
AAAGCATAGCCAATGA,1
AAAGCATATACGAACG,1
AAAGCATATGAAGTCC,1
AAAGCATATGCAAATT,1
AAAGCATCGCCGCAAG,1
AAAGCATCTATAAGGA,1
AAAGCATGTCCTTGCA,1
AAAGCATTGTTTTAAT,1
AAAGCCAACGCTAAAT,1
AAAGCCACGGTGATTT,1
AAAGCCAGTACTCCCT,1
AAAGCCATATGCTTAG,1
AAAGCCATATGGGCCT,1
AAAGCCATGTGTACGT,1
AAAGCCATTCTAGATA,1
AAAGCCCAAACCCGAA,1
AAAGCCCATTCCCAAC,1
AAAGCCCCATGGGCCT,1
AAAGCCCCATGTAAAT,1
AAAGCCCCCTATCAAG,1
AAAGCCCGACAATTCA,1
AAAGCCCTATCGCTTA,1
AAAGCCCTATGGACCT,1
AAAGCCCTATGGGCTT,1
AAAGCCCTCTCCCTTA,1
AAAGCCCTCTCGCCTA,1
AAAGCCCTGTCGCTTA,1
AAAGCCGACGACCATA,1
AAAGCCGATGAGGTAG,1
AAAGCCGGACACCAGG,1
AAAGCCTAAACGAATT,1
AAAGCCTAACCCGAGC,1
AAAGCCTAACCCGCTC,1
AAAGCCTAACCCTCGC,1
AAAGCCTAAGATAAGA,1
AAAGCCTAAGCATTGT,1
AAAGCCTACGATTGGG,1
AAAGCCTACGCCCAGC,1
AAAGCCTAGGCACTGT,1
AAAGCCTCGTTGTTCT,1
AAAGCCTGAATCCGTG,1
AAAGCCTGCTATTGGG,1
AAAGCCTGGGATTGGG,1
AAAGCCTTGTTCAGTC,1
AAAGCGAAAAAGCACA,1
AAAGCGAAAAAGGCAA,1
AAAGCGAAGAAGGCAC,1
AAAGCGACAGAGTCAA,1
AAAGCGACTGGCTTCC,1
AAAGCGAGAGCCCCCC,1
AAAGCGCCACAATAGT,1
AAAGCGCTAAGCATTG,1
AAAGCGCTACAACAGT,1
AAAGCGCTACAATAAT,1
AAAGCGCTACAATAGA,1
AAAGCGCTACAATATT,1
AAAGCGCTACAATGGT,1
AAAGCGCTACCGGTTC,1
AAAGCGCTCATAATCG,1
AAAGCGCTGCTACTAT,1
AAAGCGTACCAAAATG,1
AAAGCGTAGTAGCATT,1
AAAGCGTCAACGTCAG,1
AAAGCGTCCAAGTCAG,1
AAAGCGTCCACGTAAG,1
AAAGCGTCCACGTGAG,1
AAAGCGTGATTTAAGT,1
AAAGCGTTAAAATATT,1
AAAGCGTTGACAACTT,1
AAAGCGTTTCCAGATA,1
AAAGCTAAGTCCTGAG,1
AAAGCTAATCCATTGT,1
AAAGCTACGCAAATTA,1
AAAGCTACTTAATGGA,1
AAAGCTATACCAATAA,1
AAAGCTATATAATGGA,1
AAAGCTATCAATCTAG,1
AAAGCTATTTAATAGA,1
AAAGCTATTTAATGGG,1
AAAGCTCAAAAAGTAA,1
AAAGCTCAAAGACACA,1
AAAGCTCAAGCAGAGC,1
AAAGCTCATATTTGAC,1
AAAGCTCATCTACACT,1
AAAGCTCCGCAACGCA,1
AAAGCTCCTAACCGGA,1
AAAGCTCCTAACCTGC,1
AAAGCTCGAATCGATG,1
AAAGCTCGTGAAGGGT,1
AAAGCTCTACAAGCAG,1
AAAGCTCTACAATAGC,1
AAAGCTGACATGGCAT,1
AAAGCTGATAGTTGTA,1
AAAGCTGCAATAGCGA,1
AAAGCTGGATACGATC,1
AAAGCTGTACGATCAC,1
AAAGCTGTGCTCCACC,1
AAAGCTTCAATTACCA,1
AAAGGAAATACCGGTA,1
AAAGGAAATATGGAAA,1
AAAGGAAATTAGGGAA,1
AAAGGAACACGAGACT,1
AAAGGAACTAGGTTTA,1
AAAGGAAGACGATAAG,1
AAAGGAAGCCACAAGT,1
AAAGGAAGGCAGCGTA,1
AAAGGAAGGCATATGC,1
AAAGGAAGTAAGCGTA,1
AAAGGAAGTCAGCTTA,1
AAAGGAATAGCACCGA,1
AAAGGAATGTCTTGCA,1
AAAGGAATTCCCATTC,1
AAAGGAATTGAATAGT,1
AAAGGACATAAAAGTG,1
AAAGGACATAGCGAGA,1
AAAGGACATATGTTGG,1
AAAGGACCAGTGGTAT,1
AAAGGACCCACCAAAG,1
AAAGGACGCGAAGTCC,1
AAAGGACGTAGCTTCA,1
AAAGGACTAAAATACT,1
AAAGGAGAACAATCAT,1
AAAGGAGAACTATATA,1
AAAGGAGAATAGGGAT,1
AAAGGAGATTAAACAC,1
AAAGGAGCACCATATA,1
AAAGGAGCCCGTCAAT,1
AAAGGAGCCCTGCAAT,1
AAAGGAGCGCGGCAAT,1
AAAGGAGCGCTATATA,1
AAAGGAGGCCATAGAA,1
AAAGGAGGTGCCGTTT,1
AAAGGAGTAACCGAGC,1
AAAGGAGTGGAGAATA,1
AAAGGATAGCCAAGCA,1
AAAGGATCCGAACAAT,1
AAAGGATCTCGAAAAA,1
AAAGGATGATACAGCA,1
AAAGGATGCCTAATCA,1
AAAGGATTACAGAATA,1
AAAGGATTGTTTAAAT,1
AAAGGCAAAATTTCCT,1
AAAGGCAAAGATGAGA,1
AAAGGCAAGTTATAAC,1
AAAGGCAATATTTCCA,1
AAAGGCAATCGGTCCC,1
AAAGGCACGCTTAACA,1
AAAGGCATACTAGATA,1
AAAGGCATCTCACAGA,1
AAAGGCATTAGAAATT,1
AAAGGCATTTCTTAAC,1
AAAGGCCAAATTATAG,1
AAAGGCCAACCACTCA,1
AAAGGCCAACTTACAG,1
AAAGGCCACTTTCAAA,1
AAAGGCCAGAAGACAA,1
AAAGGCCCTGTTCTAT,1
AAAGGCCTAATATCGT,1
AAAGGCGAATAGGTAT,1
AAAGGCGACGGACGAG,1
AAAGGCGAGATTTCCA,1
AAAGGCGCTTCATATC,1
AAAGGCGGAAATTTCA,1
AAAGGCGGATAAGATC,1
AAAGGCGGATTACACT,1
AAAGGCTAACCCGCGC,1
AAAGGCTAATAGGGAT,1
AAAGGCTACAGGAGTG,1
AAAGGCTAGCTTTGAA,1
AAAGGCTATATCTCTA,1
AAAGGCTCCAATATAC,1
AAAGGCTCTGTTGTTA,1
AAAGGCTGAAAATCAA,1
AAAGGCTTATGTAGCA,1
AAAGGCTTGTGCAGCA,1
AAAGGGAAATGTGAAT,1
AAAGGGAACCTATATC,1
AAAGGGAACGTCAACA,1
AAAGGGAAGACTAAGT,1
AAAGGGAAGAGTGCAC,1
AAAGGGAAGTCTGAAT,1
AAAGGGAAGTGCGAAT,1
AAAGGGAAGTGTGAAA,1
AAAGGGAAGTTTGAAT,1
AAAGGGAATCATGACA,1
AAAGGGACACCAGTTA,1
AAAGGGACCACATATA,1
AAAGGGACCTGATCAA,1
AAAGGGACGTGCCGTC,1
AAAGGGACGTGCCGTG,1
AAAGGGATTGTTCTTA,1
AAAGGGCACTAGTGCG,1
AAAGGGCAGAACTAAG,1
AAAGGGCGAAACTCAC,1
AAAGGGCGCAAATCAC,1
AAAGGGGCACTATATA,1
AAAGGGGCATAATCAG,1
AAAGGGGTAAACTACT,1
AAAGGGGTAAACTATC,1
AAAGGGTAGTAAAAAA,1
AAAGGGTCTGCGACTG,1
AAAGGGTCTTATACTG,1
AAAGGGTGAGCAAATT,1
AAAGGGTGCAACTCAC,1
AAAGGGTGTGCGACTA,1
AAAGGGTTATATATAC,1
AAAGGGTTCGACGAGC,1
AAAGGGTTGCCAAACA,1
AAAGGTAACCCCAAGC,1
AAAGGTAATCATGCAT,1
AAAGGTACATCTCCTA,1
AAAGGTACCGAAGCAA,1
AAAGGTACTAACATTG,1
AAAGGTAGCTGCTGTG,1
AAAGGTAGGACAGGGC,1
AAAGGTAGTAGAAAAC,1
AAAGGTAGTCAGCGTA,1
AAAGGTCCTCACACCA,1
AAAGGTCGTATTGTAA,1
AAAGGTCTAAGCAAGA,1
AAAGGTCTCGTTGGAG,1
AAAGGTCTGATAATTA,1
AAAGGTCTTCCACAGC,1
AAAGGTCTTGACAAGC,1
AAAGGTGAAAGGTTAG,1
AAAGGTGCCGGGACTG,1
AAAGGTGTACGCAACA,1
AAAGGTTAAAATCATC,1
AAAGGTTAACAATAAG,1
AAAGGTTGAACCGTAC,1
AAAGGTTTAAAGCGTA,1
AAAGTAAAACGCTCAC,1
AAAGTAAAACTGGCGT,1
AAAGTAAACAACCTGT,1
AAAGTAAACGACCCGG,1
AAAGTAAACTTCTATT,1
AAAGTAAAGCAGTTGA,1
AAAGTAAAGGAAAGAT,1
AAAGTAAAGTCCTCCG,1
AAAGTAAATTTAGTTA,1
AAAGTAACAAGGTCCA,1
AAAGTAACGTGGATGA,1
AAAGTAACTCCTCTAA,1
AAAGTAACTGTCTGAT,1
AAAGTAAGAGAATCTC,1
AAAGTAAGATCTTATC,1
AAAGTAAGTCAGCGTA,1
AAAGTAAGTTGGATGA,1
AAAGTAATATCTGCTG,1
AAAGTAATCCGTCGTT,1
AAAGTAATGGGATATG,1
AAAGTAATTCTCCGAA,1
AAAGTAATTTTCCCAT,1
AAAGTACAATGAATTT,1
AAAGTACATACGTTGA,1
AAAGTACATATACAGG,1
AAAGTACATCAAAGTA,1
AAAGTACCAAAGTGAT,1
AAAGTACCAACTTGTG,1
AAAGTACCTACCTGAT,1
AAAGTACCTAGCTGCT,1
AAAGTACCTCACCGTA,1
AAAGTACCTCTTCTAA,1
AAAGTACGGCAAAAAT,1
AAAGTACGGTTAAAGA,1
AAAGTACGGTTAACTA,1
AAAGTACGTAGCTGCA,1
AAAGTACTAAGTGCTG,1
AAAGTACTGAAAAAGT,1
AAAGTACTGTCACAGA,1
AAAGTACTTCCATGTA,1
AAAGTACTTTTTGGAT,1
AAAGTAGAACACAGGG,1
AAAGTAGAGCCCCAGT,1
AAAGTAGATCCTTCGC,1
AAAGTAGCACTTATTT,1
AAAGTAGCGATTTTCC,1
AAAGTAGTTGCTATGT,1
AAAGTATAAAAACAAT,1
AAAGTATAAAATGCTC,1
AAAGTATAATCATCGA,1
AAAGTATAATTAACGC,1
AAAGTATACTAATCGA,1
AAAGTATACTCATCGT,1
AAAGTATATCACAAGG,1
AAAGTATCACGACTTT,1
AAAGTATCATGCTAAC,1
AAAGTATCCAGTAGTA,1
AAAGTATCCGTAATCA,1
AAAGTATCGCATACAA,1
AAAGTATGAACCACAA,1
AAAGTCAAAAGAGAAG,1
AAAGTCAAACGATACA,1
AAAGTCAAACGCTCAG,1
AAAGTCAACTTTTTGA,1
AAAGTCACCATGGCGC,1
AAAGTCACCATTAAAT,1
AAAGTCACCATTCTTA,1
AAAGTCACCGACTCCA,1
AAAGTCACGTCGATGT,1
AAAGTCAGACGCTCAC,1
AAAGTCAGGCTAACAT,1
AAAGTCATGTGGTAGA,1
AAAGTCCAACTTTAAA,1
AAAGTCCCCTAGATTA,1
AAAGTCCCTACCCGCC,1
AAAGTCCCTTATGTAA,1
AAAGTCCGAAAGGACA,1
AAAGTCCGCCATGCCT,1
AAAGTCCGCTAGAGAC,1
AAAGTCCTACTAACTA,1
AAAGTCCTCGGGACAT,1
AAAGTCCTGGCGTTGT,1
AAAGTCGAATAGGGAT,1
AAAGTCGGTTTAGCTT,1
AAAGTCGTTCGTAACC,1
AAAGTCTAACAACTGA,1
AAAGTCTAAGACGTTA,1
AAAGTCTACAAATCTT,1
AAAGTCTTAACGTATC,1
AAAGTGAAAAATCTAC,1
AAAGTGAAACCTCCCA,1
AAAGTGAAGAATCTCC,1
AAAGTGAAGCGCAGAA,1
AAAGTGAAGTAAGTAT,1
AAAGTGAAGTGTGAAT,1
AAAGTGAATAGTGAAA,1
AAAGTGAATATCACAT,1
AAAGTGACGCGTATAA,1
AAAGTGAGATGCTAAC,1
AAAGTGATACATGACG,1
AAAGTGCAAAACAGAG,1
AAAGTGCAAAGCTCGG,1
AAAGTGCAGCGTTTAA,1
AAAGTGCAGTGACTAA,1
AAAGTGCAGTTACTCA,1
AAAGTGCCAACATCCT,1
AAAGTGCCACGTTTAA,1
AAAGTGCGTACCACTA,1
AAAGTGGAAAAAAGAG,1
AAAGTGGAAAACAGAT,1
AAAGTGGAAAACGGAG,1
AAAGTGGAAAACTGAG,1
AAAGTGGAAGTAGTTT,1
AAAGTGGAGGTCGTTT,1
AAAGTGGATGCCGTCA,1
AAAGTGGGAGACTTTA,1
AAAGTGGTAGATCACA,1
AAAGTGGTTAAAGGTT,1
AAAGTGTAAAACAGAG,1
AAAGTGTAAATTAATA,1
AAAGTGTACCACACTA,1
AAAGTGTACGTACTAA,1
AAAGTGTAGTCACTAA,1
AAAGTGTCGACGGATA,1
AAAGTGTCTCAAAAAC,1
AAAGTGTGTATACAGC,1
AAAGTGTTGGTACAAT,1
AAAGTGTTTAATACAA,1
AAAGTGTTTAGTAGTG,1
AAAGTTAAAGAGTAAG,1
AAAGTTACAGTTGACA,1
AAAGTTACCACTAGTG,1
AAAGTTACCATTAAAG,1
AAAGTTACCCTCCTAG,1
AAAGTTACTAACCGGC,1
AAAGTTAGTCTCATTC,1
AAAGTTATACACCTGT,1
AAAGTTATAGGTGGCA,1
AAAGTTATTATAGAGA,1
AAAGTTCACCTCCTAG,1
AAAGTTCATAATGACA,1
AAAGTTCATGGATAAA,1
AAAGTTCATTAACCTC,1
AAAGTTCCATTGATGA,1
AAAGTTCCCCTCCTGG,1
AAAGTTCGAAATAGAT,1
AAAGTTCGATGTTCCT,1
AAAGTTCTGATAGAGA,1
AAAGTTCTTATATAGA,1
AAAGTTCTTGTAGAGA,1
AAAGTTGAAGTCGTTT,1
AAAGTTGAATTCAGTT,1
AAAGTTGAGAATCGCC,1
AAAGTTGAGGTGAAAC,1
AAAGTTGATGATTCTA,1
AAAGTTGATTACTGAT,1
AAAGTTGCCCACTGTC,1
AAAGTTGCGAATCGCA,1
AAAGTTGGTAATTCTA,1
AAAGTTGGTGATCCTA,1
AAAGTTGGTGATTGTA,1
AAAGTTGGTTATTCTA,1
AAAGTTGTGATGTATA,1
AAAGTTGTGGCCGCAG,1
AAAGTTGTTGATCACA,1
AAAGTTTAAATGAATA,1
AAAGTTTAACAAATTT,1
AAAGTTTATTTTCCAG,1
AAAGTTTCACTTCTTA,1
AAAGTTTCCTAAATCG,1
AAAGTTTCGAATCGCC,1
AAATAAAAAAAACCAT,1
AAATAAAAAAAGAATA,1
AAATAAAAACAAATGA,1
AAATAAAAACAAGGAC,1
AAATAAAAATACCATC,1
AAATAAAAATGATTAT,1
AAATAAAAATTATTGT,1
AAATAAAACACGTAAC,1
AAATAAAACATACCCG,1
AAATAAAACTACTATC,1
AAATAAAACTAGCATC,1
AAATAAAAGAACGCTG,1
AAATAAAAGCATGTAA,1
AAATAAAAGCCTGCCG,1
AAATAAACACTATTAA,1
AAATAAACATAGCAAG,1
AAATAAACCCAACAAC,1
AAATAAACCGCCTACC,1
AAATAAACGGAGCTAA,1
AAATAAACTACGGAGC,1
AAATAAAGAAGCGCGG,1
AAATAAAGACGCGAGG,1
AAATAAAGACGCGCGA,1
AAATAAAGACGCGCTG,1
AAATAAAGACTCATCT,1
AAATAAAGATGCCTCA,1
AAATAAAGGAGAAACA,1
AAATAAAGGGTCTATC,1
AAATAAAGTAAAACCC,1
AAATAAAGTGAACACA,1
AAATAAATAAACTTAG,1
AAATAAATACTAGAGT,1
AAATAAATACTGTACA,1
AAATAAATACTGTTAA,1
AAATAAATACTTTTCA,1
AAATAAATCCTGGCTC,1
AAATAAATCGGCAATA,1
AAATAAATGAGTGAAT,1
AAATAACAAAAACCAC,1
AAATAACAAATCCACA,1
AAATAACAATAAGGTA,1
AAATAACAGAAACCAT,1
AAATAACAGTATGTAA,1
AAATAACATAATAGCC,1
AAATAACATATAAAAT,1
AAATAACATCATGTAA,1
AAATAACATTATATAA,1
AAATAACCAAGTAGCC,1
AAATAACCACTTAGTG,1
AAATAACCGGCAAAGT,1
AAATAACCTAACATTA,1
AAATAACGAATCAACA,1
AAATAACGAATCACCA,1
AAATAACGAATCAGAA,1
AAATAACGAATCAGCG,1
AAATAACGAATCAGCT,1
AAATAACGGCAAGGTC,1
AAATAACGGTATACAA,1
AAATAACGTATCCTTC,1
AAATAACTAGGTATTC,1
AAATAAGAAATGAAAG,1
AAATAAGAACCCAAAA,1
AAATAAGAAGCACAGA,1
AAATAAGACAAAGAGA,1
AAATAAGACAACCACA,1
AAATAAGACACCTTAG,1
AAATAAGACATCCTCA,1
AAATAAGACTAACCAA,1
AAATAAGAGTTTTAGG,1
AAATAAGATAAACAAT,1
AAATAAGATACCATCA,1
AAATAAGATGCAGGCT,1
AAATAAGCACAGCATC,1
AAATAAGCACAGGGGT,1
AAATAAGCAGACAAAG,1
AAATAAGCATATCATC,1
AAATAAGCCTATTGGC,1
AAATAAGCTGTCACAA,1
AAATAAGGCTAACCAA,1
AAATAAGGTGCTTGTA,1
AAATAAGTACATCGAA,1
AAATAAGTCCACACAA,1
AAATAAGTCCATGCAA,1
AAATAAGTCCCCCTAC,1
AAATAAGTTAAACTGC,1
AAATAATAAAACAGCC,1
AAATAATAAAGTTCAA,1
AAATAATAACTTTGAA,1
AAATAATAAGTGAAAT,1
AAATAATACACGATTT,1
AAATAATACCAATTCA,1
AAATAATACGGTCCAG,1
AAATAATACGTTGAAT,1
AAATAATAGACGGGTA,1
AAATAATAGCCGGCTA,1
AAATAATATACAAAAC,1
AAATAATATACCGAGA,1
AAATAATATCCGGGTA,1
AAATAATCCCCAAAGA,1
AAATAATCCCCCCTAC,1
AAATAATGCCTAACCA,1
AAATAATGCTAATGAC,1
AAATAATGGCATCGGT,1
AAATAATGTCCCCTGT,1
AAATAATTACCTTTTC,1
AAATAATTCCACGCAA,1
AAATAATTGGATAGCT,1
AAATAATTTAATGCCT,1
AAATAATTTACACTTT,1
AAATAATTTACGAAAA,1
AAATAATTTGTGTACA,1
AAATACAAAAACAAAA,1
AAATACAAATTGAAAA,1
AAATACAACCATACAA,1
AAATACAACGTGGAAT,1
AAATACAAGAACACAA,1
AAATACAAGCATTATA,1
AAATACAATCAGCATA,1
AAATACACATATGTAA,1
AAATACACCTTGTAGA,1
AAATACACTTTCGTTG,1
AAATACAGAGATAATT,1
AAATACAGTTATTTGA,1
AAATACATAACCTTTC,1
AAATACATACGTCGAG,1
AAATACATAGAAACTG,1
AAATACATCGCTTAAT,1
AAATACATGCTTATCA,1
AAATACATTGAGCTAC,1
AAATACCAACAAACCC,1
AAATACCAACATGATT,1
AAATACCAACGCCGAA,1
AAATACCAACGCTTAA,1
AAATACCACGACTTAG,1
AAATACCAGTACCCTA,1
AAATACCATACACGTT,1
AAATACCATATCGAAG,1
AAATACCCATACTTAA,1
AAATACCCATTAGTGC,1
AAATACCCTGAGATTT,1
AAATACCGTTACATTG,1
AAATACCTAGACCTAA,1
AAATACGAGCGAAGTC,1
AAATACGAGCTCGTAT,1
AAATACGTAACGAAAA,1
AAATACGTAACGCGAA,1
AAATACGTACATAATT,1
AAATACGTGATGTACA,1
AAATACTACATCGTAA,1
AAATACTATCCGTACA,1
AAATACTCAAAAACAA,1
AAATACTCATAACAGC,1
AAATACTCATAGATTT,1
AAATACTCCTATAAAC,1
AAATACTGAAGTTATA,1
AAATACTGAATAGAAT,1
AAATACTGTTACATAC,1
AAATACTTAGTCAAAT,1
AAATACTTTAGGTTTC,1
AAATACTTTATTTCCA,1
AAATACTTTCCATTGA,1
AAATACTTTCCGGTGA,1
AAATACTTTCTAGTGA,1
AAATACTTTTCATAAT,1
AAATAGAAAGACTCCC,1
AAATAGAAAGTAACGA,1
AAATAGAAGTTCAAAC,1
AAATAGACACCTGATC,1
AAATAGACACGATAGA,1
AAATAGACAGGGTAGA,1
AAATAGACATCTTTAT,1
AAATAGACCGGGTATA,1
AAATAGACTTCGTACG,1
AAATAGAGACAATGAA,1
AAATAGAGCAAACGAA,1
AAATAGAGCAGAACAT,1
AAATAGAGCCAAGTAG,1
AAATAGAGTATCCACC,1
AAATAGATAAGAGGCA,1
AAATAGATAAGCAACC,1
AAATAGATAGATAATG,1
AAATAGATGAATAAAT,1
AAATAGATTGGACAGC,1
AAATAGCAAGGCAACA,1
AAATAGCAATAATTTG,1
AAATAGCAGGCGATTC,1
AAATAGCCACGGATTT,1
AAATAGCCCGGTACTT,1
AAATAGCCGGGACGGT,1
AAATAGCGAATTAAAG,1
AAATAGCGAGAACGAA,1
AAATAGCTAAACCAGA,1
AAATAGCTAATAGAAA,1
AAATAGCTTCAGGAAA,1
AAATAGCTTTCCGAAA,1
AAATAGGACCAATAAA,1
AAATAGGACGGTCGAT,1
AAATAGGAGGAGACCC,1
AAATAGGATATTAATG,1
AAATAGGCAGCAACTA,1
AAATAGGCCTTTTAGA,1
AAATAGGCGGCTTATT,1
AAATAGGGAATTGATC,1
AAATAGGGAGGGAGAA,1
AAATAGGTCAGTTATG,1
AAATAGTAAAATATGT,1
AAATAGTAAACTTCAC,1
AAATAGTACCAGGAAC,1
AAATAGTAGCAAGCAT,1
AAATAGTATAGCTAAA,1
AAATAGTATAGCTCAA,1
AAATAGTATTAAGTCA,1
AAATAGTCCATTTGAC,1
AAATAGTCCCGAGCGA,1
AAATAGTCGCGAGCGA,1
AAATAGTCTAGAGCGA,1
AAATAGTCTCGAACGA,1
AAATAGTGTAGAGACT,1
AAATAGTTAAAATTTG,1
AAATAGTTCACCTTAT,1
AAATATAAAGTAGCAA,1
AAATATAACCATCCAA,1
AAATATAACGCTTCAA,1
AAATATAAGGCTGAAA,1
AAATATAATATGATCT,1
AAATATAATGAGAGTG,1
AAATATAATGATTAAC,1
AAATATACAGACGTTA,1
AAATATACAGTAGCAA,1
AAATATACATAACTAC,1
AAATATACCCACGATA,1
AAATATACCGCTAGCA,1
AAATATACCGTCAAAA,1
AAATATACGGACATTA,1
AAATATACGTGGACCA,1
AAATATACGTGGTAAA,1
AAATATAGGGATCGAG,1
AAATATAGGTTATGTA,1
AAATATATAAATAAAT,1
AAATATATAGTGGCAA,1
AAATATATATTAGCAA,1
AAATATATCAATTGGT,1
AAATATATCGATAAGC,1
AAATATATGGCTGAAA,1
AAATATATTAAAGAAG,1
AAATATATTCACAGAC,1
AAATATATTCCCAGAA,1
AAATATATTTTATAAG,1
AAATATCAACATGCGG,1
AAATATCAACTAGGAA,1
AAATATCAATAATTGG,1
AAATATCAATGATTCA,1
AAATATCACACCGTGT,1
AAATATCAGAATGCGG,1
AAATATCAGCATGAGG,1
AAATATCAGGGTCTAG,1
AAATATCATGCACTCA,1
AAATATCATGCTCTCA,1
AAATATCATGGGCTCA,1
AAATATCATTCGCTCA,1
AAATATCCAAACCAGA,1
AAATATCCAAGGAAAA,1
AAATATCCACCCAAAG,1
AAATATCCCATACAAA,1
AAATATCGGAATCCTG,1
AAATATCTCTTATTCA,1
AAATATCTGACCAGAT,1
AAATATGAACAGCCAA,1
AAATATGAACGGCTCA,1
AAATATGAATGGGATA,1
AAATATGACAGGCTCA,1
AAATATGACCCGCTCA,1
AAATATGACCGGATCA,1
AAATATGACCGGCTCT,1
AAATATGACCGGCTGA,1
AAATATGAGTGTCTAG,1
AAATATGCAACCGATC,1
AAATATGCCAAGATGT,1
AAATATGCCTTATAAT,1
AAATATGGAGGTCATT,1
AAATATGGAGGTCGAT,1
AAATATGGTAGTATTG,1
AAATATGGTGGTCAAT,1
AAATATGTAGGTCAAT,1
AAATATGTCTCAATAC,1
AAATATTAAAGCCAGA,1
AAATATTAAGCGAATT,1
AAATATTACCGGCTCA,1
AAATATTAGCATGCGG,1
AAATATTAGGGCGAAT,1
AAATATTATTTATTAA,1
AAATATTCACACAAAG,1
AAATATTCAGAATGAG,1
AAATATTCATATTATC,1
AAATATTCCACAGAGA,1
AAATATTCCACTTATA,1
AAATATTCTTAATAAC,1
AAATATTGAGATATCG,1
AAATATTGGATAGAAT,1
AAATATTGGCTCCCAA,1
AAATATTGGTTCTCAA,1
AAATATTGTTACATAA,1
AAATATTTAAAGTGGT,1
AAATATTTGACTAAAA,1
AAATATTTGAGTGACA,1
AAATATTTGTCTCACC,1
AAATCAAAAAAACCAA,1
AAATCAAAACATTGTT,1
AAATCAAAAGGATGAA,1
AAATCAAAAGTTTATG,1
AAATCAAAATATTCAG,1
AAATCAAACATCAGAG,1
AAATCAAACTCCAAGT,1
AAATCAAACTTCCCAA,1
AAATCAAAGAATATAT,1
AAATCAAATAACACCA,1
AAATCAAATAACCAGC,1
AAATCAACCATCATAG,1
AAATCAACCATCGGAG,1
AAATCAACCTTCAGAG,1
AAATCAACTAACCAGA,1
AAATCAACTAATCAGC,1
AAATCAACTCGCCCAA,1
AAATCAAGGAGAAAAA,1
AAATCAATACAACAAA,1
AAATCAATACTGGCTC,1
AAATCAATAGAAAGGA,1
AAATCAATCCAGATAT,1
AAATCAATCGAACCTA,1
AAATCAATTACTAAAG,1
AAATCAATTACTCAAA,1
AAATCAATTTTTAGCC,1
AAATCACAAAGCATCC,1
AAATCACACACATACT,1
AAATCACAGAGCACCC,1
AAATCACCATGCATGA,1
AAATCACCATGGATTA,1
AAATCACCGGAGGTAA,1
AAATCACCGGTGTCAT,1
AAATCACCTTTCATGA,1
AAATCACGCTATCACA,1
AAATCACTCACTGAAT,1
AAATCACTCGTGTAAT,1
AAATCACTTAAATCGC,1
AAATCACTTGGTAAAA,1
AAATCAGAACATTGGT,1
AAATCAGAATGGACGA,1
AAATCAGAATTAACGT,1
AAATCAGACACTCGTG,1
AAATCAGAGCGTCAAT,1
AAATCAGAGTTAGACA,1
AAATCAGATAGGTCAT,1
AAATCAGATCTCTGCC,1
AAATCAGCGTACAACT,1
AAATCAGCTAGGTAAT,1
AAATCAGCTATGTCAT,1
AAATCAGCTGGGTCAT,1
AAATCAGCTTGGTCAT,1
AAATCAGCTTTCCCAG,1
AAATCAGGGTTTAAAC,1
AAATCAGGTGCCTGTA,1
AAATCAGGTGCTTATT,1
AAATCAGTACCGAAAA,1
AAATCAGTGGACTCGA,1
AAATCAGTGGTGTCAT,1
AAATCAGTTCGAGCAA,1
AAATCAGTTGCTTGTA,1
AAATCATAAAAAGATG,1
AAATCATAACGGCTAA,1
AAATCATAGGAGCGAT,1
AAATCATAGGGTCCAG,1
AAATCATAGTAATCGC,1
AAATCATATCGAAAAA,1
AAATCATATTAGGTGA,1
AAATCATCCAAGTCTA,1
AAATCATCTTCTTCGT,1
AAATCATGTATAAACA,1
AAATCATTAAAGTTTA,1
AAATCATTACGGTTCA,1
AAATCATTTATATGGC,1
AAATCCAAACAATCGA,1
AAATCCAAACAGTGGA,1
AAATCCAAACTAAGTC,1
AAATCCAAAGAGTCGA,1
AAATCCAAATAGCTAC,1
AAATCCAACCTTCACG,1
AAATCCAACGCCGCCC,1
AAATCCAACTCTTCCA,1
AAATCCAAGATGAAGC,1
AAATCCAAGCAGTCGA,1
AAATCCAATACAACGA,1
AAATCCAATTTCTACT,1
AAATCCACTACAGATA,1
AAATCCACTTTCTAAA,1
AAATCCAGAAGACTCG,1
AAATCCAGACAGTCGA,1
AAATCCAGATACCAGG,1
AAATCCAGATTTACCA,1
AAATCCATACCAAACT,1
AAATCCATCATTCACG,1
AAATCCATCCTTCGCG,1
AAATCCATTATTTGCT,1
AAATCCCACAACCCAT,1
AAATCCCAGAGATAAA,1
AAATCCCATGGCTAGC,1
AAATCCCCAAATTCAC,1
AAATCCCCACGGAAGT,1
AAATCCCCCTCTGAAA,1
AAATCCCCTACTCCAA,1
AAATCCCCTTACCTGA,1
AAATCCCGATGCAAAA,1
AAATCCCGCGTATCCC,1
AAATCCCGCTCTGAAT,1
AAATCCCGCTCTGGAA,1
AAATCCCTAGCAGGGC,1
AAATCCCTATCATCAC,1
AAATCCCTATGGGCCT,1
AAATCCGAACAGCGTA,1
AAATCCGAACAGTCGA,1
AAATCCGATTGGAACG,1
AAATCCGATTTCGTTG,1
AAATCCTAAAGAACTA,1
AAATCCTAGCCCATCA,1
AAATCCTATATCAGAC,1
AAATCCTATGCAAATT,1
AAATCCTCCCTGCTTA,1
AAATCCTGACTACAAC,1
AAATCCTGGCAGCATG,1
AAATCCTTAGAGCACG,1
AAATCCTTAGTCAAAG,1
AAATCCTTAGTCAGAT,1
AAATCCTTCCACATAC,1
AAATCCTTTTAAAAGC,1
AAATCGAAGCCCAGCC,1
AAATCGAATTGCTCAG,1
AAATCGACCTATGAAA,1
AAATCGACTAACCAGC,1
AAATCGACTAGGCGAC,1
AAATCGACTCAAATTC,1
AAATCGAGAGATTCCA,1
AAATCGAGCATATAGA,1
AAATCGATAATAGACC,1
AAATCGATCATATAAA,1
AAATCGATGTCGCCCA,1
AAATCGATTTAAGCTA,1
AAATCGCACCAATAAA,1
AAATCGCAGTACTCTG,1
AAATCGCGCTCTGAAA,1
AAATCGCGTCTGAATT,1
AAATCGCTATAAAATG,1
AAATCGCTTTGCACCG,1
AAATCGGAACGGACCG,1
AAATCGGACAAATAAA,1
AAATCGGACTCCGGTG,1
AAATCGGATATTAATA,1
AAATCGGATATTAGTG,1
AAATCGGCAATTAACG,1
AAATCGGTAATAGAAC,1
AAATCGGTACGCGATA,1
AAATCGGTACTAACAA,1
AAATCGGTCCTCGATA,1
AAATCGGTGATAGACC,1
AAATCGTAACTATTTC,1
AAATCGTATAAAGCGG,1
AAATCGTATATCATAC,1
AAATCGTATTAACACA,1
AAATCGTCTGGCTCGC,1
AAATCGTTACTTCTAT,1
AAATCGTTGTCCTCTC,1
AAATCGTTTAACTCTT,1
AAATCGTTTATGGGAA,1
AAATCTAAACCTTCGC,1
AAATCTAAATCCCTAT,1
AAATCTAACCAAGCCC,1
AAATCTAATATTATAG,1
AAATCTACACTTACAG,1
AAATCTACAGGTAAAG,1
AAATCTACGACCCATA,1
AAATCTACTATGGACA,1
AAATCTAGAAAAGGCA,1
AAATCTAGATTTAACA,1
AAATCTAGATTTACAA,1
AAATCTAGATTTACCT,1
AAATCTATGAGCAATT,1
AAATCTATTAATGGGA,1
AAATCTATTTAATGGA,1
AAATCTCAGAAAAACA,1
AAATCTCCAAAATTGG,1
AAATCTCCAAGAAACA,1
AAATCTCCAAGAACTA,1
AAATCTCCACTGTATA,1
AAATCTCCGAATTTAC,1
AAATCTCCTATTTGAC,1
AAATCTCCTGGTGTAT,1
AAATCTCGAACGGAGG,1
AAATCTCTTCCGAAAA,1
AAATCTGACCAGTATA,1
AAATCTGACCGCTGCA,1
AAATCTGACGATTCTC,1
AAATCTGAGGGAATAT,1
AAATCTGCACTTACTG,1
AAATCTGCATTATAAT,1
AAATCTGCCTCATAAT,1
AAATCTGCGCGAGGTC,1
AAATCTGGCGACCACA,1
AAATCTGGCGCCGAAG,1
AAATCTGGTGACCCCA,1
AAATCTGTAATAGACC,1
AAATCTGTGTAAAGCG,1
AAATCTGTTTTCATAC,1
AAATCTTAAGAAACAA,1
AAATCTTACGATCAAC,1
AAATCTTAGGGAATAA,1
AAATCTTATAGCGATC,1
AAATCTTATGGCTTAC,1
AAATCTTCACTTTTAA,1
AAATCTTGCGACCCCA,1
AAATCTTGTGCCGAAG,1
AAATCTTTAACTTTTC,1
AAATCTTTGCGAGGTC,1
AAATCTTTTCGAGATG,1
AAATGAAAAACACCCC,1
AAATGAAAACACTTTA,1
AAATGAAACACAGGGC,1
AAATGAAACCCCATCC,1
AAATGAAAGATTGTGA,1
AAATGAAATCCTTCCC,1
AAATGAAATCGTACCT,1
AAATGAACAATATACA,1
AAATGAACATGGCAAA,1
AAATGAACGACTCAAT,1
AAATGAAGAGAATGTA,1
AAATGAAGCGAGTGAT,1
AAATGAAGGATTCTGG,1
AAATGAAGTGTTGGAG,1
AAATGAAGTTCTGGAG,1
AAATGAATCGTTAAAG,1
AAATGAATGTCTGCAC,1
AAATGAATTCAATTCT,1
AAATGAATTTAATTCA,1
AAATGACAAATTCACA,1
AAATGACAATTGAAAA,1
AAATGACACATGAAGC,1
AAATGACACGTGCCAA,1
AAATGACAGGCACGTC,1
AAATGACATGGTCGAA,1
AAATGACCAATGGTCT,1
AAATGACCGCCGTATA,1
AAATGACCTAAGGAAT,1
AAATGACCTTTCATCA,1
AAATGACTATAATATA,1
AAATGACTATTTAGAT,1
AAATGACTCTGAAAAT,1
AAATGACTGCTAAGAG,1
AAATGACTTCACTGCC,1
AAATGAGAAAAATTCG,1
AAATGAGACAAACTCA,1
AAATGAGACCAGTAAA,1
AAATGAGAGTAACAGT,1
AAATGAGATGTGCTTA,1
AAATGAGCACTATATA,1
AAATGAGCAGTTATGT,1
AAATGAGCTACTCAAT,1
AAATGAGGCGAGTTGA,1
AAATGAGTCAAAAATT,1
AAATGAGTCAAAAGAT,1
AAATGAGTGCGAGCCG,1
AAATGAGTGTTCTACA,1
AAATGAGTTAAAAACA,1
AAATGATACATACCTG,1
AAATGATAGCAAACAA,1
AAATGATCCCATGTAA,1
AAATGATCGTACTAGC,1
AAATGATCTCCCCTGT,1
AAATGATGAGGGCATC,1
AAATGATGAGGTCATT,1
AAATGATGCGATCTCA,1
AAATGATGGTTTTAAG,1
AAATGATGTCCCATGT,1
AAATGATGTCCCCCGT,1
AAATGATGTCCCCTCT,1
AAATGATGTCCCCTGC,1
AAATGATGTCTCCTGT,1
AAATGATTAACGGAAG,1
AAATGATTAAGCAAAT,1
AAATGATTAGATATAA,1
AAATGATTGCACAATG,1
AAATGATTTGCTAAAT,1
AAATGCAAAACTTCGG,1
AAATGCAAGCGGAGTA,1
AAATGCAATAAGCATG,1
AAATGCAATACGAAAG,1
AAATGCAATGACAGAA,1
AAATGCAATGACCACC,1
AAATGCACACACGTAT,1
AAATGCACCTTACGGA,1
AAATGCACTATGCACA,1
AAATGCATACTAAGAT,1
AAATGCATACTAAGCG,1
AAATGCATATTAAGCT,1
AAATGCATCTAACTTC,1
AAATGCATGACTCAGT,1
AAATGCATTAAATCCA,1
AAATGCCAACTTATAG,1
AAATGCCAATAGACAC,1
AAATGCCAATTAACTT,1
AAATGCCAATTCACTC,1
AAATGCCACCATAGAT,1
AAATGCCACGCCGTCC,1
AAATGCCATCCATATT,1
AAATGCCCACGTTACT,1
AAATGCCGCTCTGAAA,1
AAATGCCGTACAAACA,1
AAATGCCTTGAAACTC,1
AAATGCGAATACAACC,1
AAATGCGACAAATACC,1
AAATGCGACTGTAACG,1
AAATGCGAGAAGCATG,1
AAATGCGAGAATTACT,1
AAATGCGATTGAAAGT,1
AAATGCGATTTCAAGT,1
AAATGCGTCAACCCCA,1
AAATGCTAAGCCCCAA,1
AAATGCTACCTTTACT,1
AAATGCTACGGCTTAC,1
AAATGCTAGGACCACC,1
AAATGCTAGGCCGCAA,1
AAATGCTATACAGAAT,1
AAATGCTCTAAAGAAT,1
AAATGCTCTAGAGAAT,1
AAATGCTCTGCGCGAT,1
AAATGCTGGTATAACA,1
AAATGCTGGTTATACA,1
AAATGCTTAAAGGAAA,1
AAATGCTTGCCATCCT,1
AAATGCTTGCCCAGAG,1
AAATGCTTGTCTAGAG,1
AAATGGAATATTGCCT,1
AAATGGAGATGTTTAA,1
AAATGGAGCAATTGAC,1
AAATGGAGCCACATTA,1
AAATGGAGGCCAATTA,1
AAATGGAGGCCATTTA,1
AAATGGAGGGCACTTA,1
AAATGGAGGTATAGCA,1
AAATGGATCCGCTGAA,1
AAATGGCACAAGAAAT,1
AAATGGCATTCGAGTC,1
AAATGGCGACAAGTAA,1
AAATGGCGACAATTCA,1
AAATGGCGTTAAGTAA,1
AAATGGGACCATAATA,1
AAATGGGACCCTAGAC,1
AAATGGGAGGTCCCCG,1
AAATGGGGGCCACTTA,1
AAATGGGGGTTGACTG,1
AAATGGGGTTTATGTC,1
AAATGGTAAGAACAAA,1
AAATGGTCAGAAAATA,1
AAATGGTCAGTTTCAT,1
AAATGGTCGAATCTAG,1
AAATGGTGCGTGACAA,1
AAATGGTGTTTCTGTC,1
AAATGGTTGCCATACT,1
AAATGTAAAATACGAG,1
AAATGTAAACAACCAA,1
AAATGTAAACCACCAT,1
AAATGTAAACCACCGA,1
AAATGTAAAGCACCAA,1
AAATGTAATTACAGTT,1
AAATGTACAATACGAA,1
AAATGTACAATACGAT,1
AAATGTACAATATGAG,1
AAATGTACACTTTATC,1
AAATGTACAGGGAATA,1
AAATGTACGATACGAG,1
AAATGTAGACATGAAG,1
AAATGTAGTGCCTTAA,1
AAATGTAGTTGTACAG,1
AAATGTATAGATCCCA,1
AAATGTCACTCATATT,1
AAATGTCAGGGCTTTC,1
AAATGTCCCAGATACT,1
AAATGTCCTAGCAAGA,1
AAATGTCCTCCCAATG,1
AAATGTCCTCGAAAGA,1
AAATGTCCTCTCAAGA,1
AAATGTCGAAACCAAG,1
AAATGTCGAAATGGTA,1
AAATGTCGACCATTCA,1
AAATGTCGTCAAGTAA,1
AAATGTCTAGATCGCA,1
AAATGTCTGGATCCCA,1
AAATGTCTTGATAAAC,1
AAATGTGAACCACCAA,1
AAATGTGAATCGAGAG,1
AAATGTGAATGCGGTT,1
AAATGTGAATTATTCA,1
AAATGTGAGAAATATA,1
AAATGTGATAAGCAAA,1
AAATGTGATTAGCTTT,1
AAATGTGATTTCAAAC,1
AAATGTGCATCGGGAG,1
AAATGTGCCGTGCTCA,1
AAATGTGCCTTTTGAT,1
AAATGTGCGTTTCATA,1
AAATGTGCTCATTCAA,1
AAATGTGGAGGTCAAT,1
AAATGTGTAAAACAGG,1
AAATGTGTAAAATCCG,1
AAATGTGTAACATACG,1
AAATGTGTAACATCAG,1
AAATGTGTTTTGCGTC,1
AAATGTTAGAGCTTTC,1
AAATGTTAGGGATTTC,1
AAATGTTATCACTCCC,1
AAATGTTCCTAAGTAT,1
AAATGTTGATTACTCT,1
AAATGTTGTTTCTGTC,1
AAATGTTTAACATCCG,1
AAATGTTTCAACATCA,1
AAATGTTTCGCTGGAC,1
AAATGTTTGTAATACG,1
AAATTAAAAAGTAGAT,1
AAATTAAAACTATTAT,1
AAATTAAAAGCACGAA,1
AAATTAAAATTCGGCG,1
AAATTAAACTCGGTAG,1
AAATTAAAGAATAGAA,1
AAATTAAAGATTGTCA,1
AAATTAAAGGGCGGAC,1
AAATTAAAGTAATTAA,1
AAATTAACAATCATTG,1
AAATTAACACCTGAAA,1
AAATTAACAGATCGAG,1
AAATTAACATTGAGCC,1
AAATTAACATTTACAG,1
AAATTAACGCCTGACA,1
AAATTAACGGACTTTG,1
AAATTAACGTTGAGCC,1
AAATTAACTCTCGCTT,1
AAATTAAGAGATGAAA,1
AAATTAAGATGGCTTG,1
AAATTAAGCATTAGTC,1
AAATTAATAAAGGTTA,1
AAATTAATGTCACATA,1
AAATTACAAAGCACCC,1
AAATTACAATCGTAGT,1
AAATTACAATTCGGCG,1
AAATTACAGCATGTAA,1
AAATTACAGGAATCAT,1
AAATTACAGGAATTCA,1
AAATTACAGTTAATAC,1
AAATTACCAATCTCGT,1
AAATTACCACAACCAA,1
AAATTACCACGCATCT,1
AAATTACCAGAAGTAC,1
AAATTACCATAACTAA,1
AAATTACCATACGGCG,1
AAATTACCATTCGGCA,1
AAATTACCATTCGGGG,1
AAATTACCATTTGGCG,1
AAATTACCCCGATCAT,1
AAATTACCGGCTCCCC,1
AAATTACCGTTCGGCG,1
AAATTACGACTGATTA,1
AAATTACGCCTCTAAT,1
AAATTACTAAGCTCGT,1
AAATTACTAGATATTA,1
AAATTACTGATTCACA,1
AAATTAGAAACGATTT,1
AAATTAGAACACAGAG,1
AAATTAGAACTGTTAA,1
AAATTAGAATGACCGT,1
AAATTAGACTGACCGT,1
AAATTAGAGTTCGGGA,1
AAATTAGATTGACCTT,1
AAATTAGCCATACCCG,1
AAATTAGCCGCATAAA,1
AAATTAGCTGTCCCAG,1
AAATTAGGATTCAGTA,1
AAATTAGGTAGCAACA,1
AAATTAGTATACAGTA,1
AAATTAGTATATAGCC,1
AAATTAGTGGAATCAA,1
AAATTAGTGGAATCGA,1
AAATTAGTGGACTCTA,1
AAATTATAACCAAAAA,1
AAATTATAATAACGGT,1
AAATTATACACATTCG,1
AAATTATACACATTCT,1
AAATTATAGTCGGTAG,1
AAATTATCAAGCATTA,1
AAATTATCATAACTGT,1
AAATTATCGGAAACTG,1
AAATTATCGTAACGGT,1
AAATTATCTGATCTAA,1
AAATTATGATACAGTA,1
AAATTATGTCCCCTGT,1
AAATTATTAAATATTA,1
AAATTATTACTATCCA,1
AAATTATTACTTCGAA,1
AAATTATTCGCCGAAA,1
AAATTCAAAAAATAAC,1
AAATTCAAACGCTCAC,1
AAATTCAAAGACAATA,1
AAATTCAACACTGAAA,1
AAATTCAAGAAGCATG,1
AAATTCAAGGACTTTG,1
AAATTCAATATAGACA,1
AAATTCAATGCAACCG,1
AAATTCAATGCAAGAG,1
AAATTCACCTATTCTC,1
AAATTCACGGCCTCAC,1
AAATTCAGAACTACGG,1
AAATTCAGATACCGAC,1
AAATTCAGATCTGAGG,1
AAATTCAGCTGTCTTC,1
AAATTCAGCTGTCTTT,1
AAATTCATACCATGAA,1
AAATTCATAGTGCAAA,1
AAATTCATGGTACAAC,1
AAATTCCAAGATATTG,1
AAATTCCACTAAGGTG,1
AAATTCCACTTCGAAA,1
AAATTCCAGTAAACAC,1
AAATTCCCATAGCTTC,1
AAATTCCCCTGATCAT,1
AAATTCCGATACGAAG,1
AAATTCCGATGCTAAG,1
AAATTCCGGTCTGAGG,1
AAATTCCTAACTTTCA,1
AAATTCCTCGGGACCT,1
AAATTCCTGGAAACTC,1
AAATTCCTTAGAGTTA,1
AAATTCCTTATTCTTC,1
AAATTCCTTGAAACTA,1
AAATTCGCCCGATCAT,1
AAATTCGGCCATGTGG,1
AAATTCTAAGTGAGAA,1
AAATTCTACATTAGTG,1
AAATTCTATTGTGCTA,1
AAATTCTCTCCTACAC,1
AAATTCTTAGTGCATA,1
AAATTGAAACATAGGC,1
AAATTGAAATCTGAAC,1
AAATTGAAGGGTACGA,1
AAATTGAATCATGGGC,1
AAATTGAATTAAGCAA,1
AAATTGAATTGCTCAT,1
AAATTGAATTTAGACT,1
AAATTGAATTTCTCAG,1
AAATTGACCGTGTGCC,1
AAATTGACGAAACAAG,1
AAATTGACGAACAGGT,1
AAATTGATTACTTTAT,1
AAATTGCAACAAACGT,1
AAATTGCAATTATACA,1
AAATTGCCATTCGGCG,1
AAATTGCCGCGTTTAA,1
AAATTGCCGTTTAGGG,1
AAATTGCGCTGCATCC,1
AAATTGCGCTGGATTT,1
AAATTGCGCTTCAGCC,1
AAATTGCTAGGATGGA,1
AAATTGCTAGGTTGGA,1
AAATTGGAACAGACGT,1
AAATTGGAACCCTAAT,1
AAATTGGACCCATAAT,1
AAATTGGACCGCTAAT,1
AAATTGGAGGAAGACA,1
AAATTGGATGCCGTGA,1
AAATTGGTAATAGACC,1
AAATTGGTCCTGAGAC,1
AAATTGTACCCCTAAT,1
AAATTGTAGTCACGAA,1
AAATTGTCCTAAATCG,1
AAATTGTGCTCCTGAC,1
AAATTGTTAAACGAAA,1
AAATTGTTATAATACA,1
AAATTGTTATACATGT,1
AAATTGTTTAGTTACA,1
AAATTTAAAAAACTGA,1
AAATTTAAAGTGCCAT,1
AAATTTAAATACCTGT,1
AAATTTAAATATCAAC,1
AAATTTAACATGAAAA,1
AAATTTAACTATCAAG,1
AAATTTAACTATCAAT,1
AAATTTAAGAAAATGA,1
AAATTTAAGAAATTGA,1
AAATTTAAGATTTGCC,1
AAATTTAAGCAGTATT,1
AAATTTAAGCCACACC,1
AAATTTAAGGATTGAA,1
AAATTTAAGTCCGAAA,1
AAATTTAAGTTAGACA,1
AAATTTAAGTTATCTT,1
AAATTTAATCATCACT,1
AAATTTAATTGCTCAG,1
AAATTTAATTTACACA,1
AAATTTACAATGAAAA,1
AAATTTACAGATTACC,1
AAATTTACAGGTTAGC,1
AAATTTACATGTTACC,1
AAATTTACCATTAAAA,1
AAATTTACTATGAAAA,1
AAATTTAGATACAGCA,1
AAATTTAGATACTGCA,1
AAATTTAGATTCCATG,1
AAATTTAGGAAATTTC,1
AAATTTAGGCTTAAGT,1
AAATTTAGTAAAATTT,1
AAATTTAGTACTTTAT,1
AAATTTATAATCGTTC,1
AAATTTATACGAAACA,1
AAATTTATATACGGCA,1
AAATTTATCTTGACTC,1
AAATTTATTAATTCTG,1
AAATTTCAAAGTGCGT,1
AAATTTCAAATTTAAC,1
AAATTTCACATAACTT,1
AAATTTCAGTGAACAG,1
AAATTTCCCCTCCTAG,1
AAATTTCCCGTGGTTA,1
AAATTTCTTAGAGTTC,1
AAATTTGAACTCAAAA,1
AAATTTGACGACACCT,1
AAATTTGACTTCCAAA,1
AAATTTGAGCACACCT,1
AAATTTGAGGCCTGCG,1
AAATTTGCCATGAAAA,1
AAATTTGGTATTAATT,1
AAATTTGTAGGAACTT,1
AAATTTGTGTAAAACG,1
AAATTTGTGTAAAGCT,1
AAATTTGTTAGGAGAA,1
AAATTTGTTTGGAACT,1
AAATTTTAAAACAACT,1
AAATTTTACGCACTGA,1
AAATTTTCCAGCCGTG,1
AAATTTTCCCATACGC,1
AAATTTTGAAGACAAT,1
AAATTTTGACACCGGC,1
AAATTTTGGATACATC,1
AAATTTTTATCCATTA,1
AAATTTTTGATTTCAA,1
AACAAAAAAATGGTCG,1
AACAAAAAACTTGCGG,1
AACAAAAAAGTCTGCC,1
AACAAAAAATAATTTC,1
AACAAAAACACTCGGA,1
AACAAAAACATTACAC,1
AACAAAAACGGGGCAT,1
AACAAAAACTATCGCA,1
AACAAAAACTTCAGCC,1
AACAAAAAGACTACCC,1
AACAAAAAGGCGAAAT,1
AACAAAAAGGTTTGCG,1
AACAAAAATAAAAGGT,1
AACAAAAATAAAGAAA,1
AACAAAAATCAACTAT,1
AACAAAAATGACAGAA,1
AACAAAAATTGGTATA,1
AACAAAAATTTTACCA,1
AACAAAACAACTAAAG,1
AACAAAACATAATCCT,1
AACAAAACCACAGCCA,1
AACAAAACGGACGATG,1
AACAAAACTAGTGACT,1
AACAAAACTGAACATC,1
AACAAAAGAAAACTGA,1
AACAAAAGATTAGTAT,1
AACAAAAGTAGTAGAA,1
AACAAAAGTCCCATAC,1
AACAAAAGTTAGTCCC,1
AACAAAATAATAAAGG,1
AACAAAATAATAACTA,1
AACAAAATAGAGAAAT,1
AACAAAATCAACCTTG,1
AACAAAATCATAAACT,1
AACAAAATCATGATGT,1
AACAAAATGAAATCCC,1
AACAAAATGCAACAGA,1
AACAAAATGCCAAATA,1
AACAAAATTCATACCT,1
AACAAAATTCCAAGTT,1
AACAAAATTGAAACAC,1
AACAAAATTGAAACCT,1
AACAAACAAAAGAAAA,1
AACAAACAAGAATAAC,1
AACAAACAATAAAGCC,1
AACAAACAATACGGAA,1
AACAAACACTAAATAT,1
AACAAACACTGAAAAT,1
AACAAACAGAAATCCA,1
AACAAACAGAGAATTG,1
AACAAACAGGTTTGAG,1
AACAAACATAAATAAA,1
AACAAACATAACGCTA,1
AACAAACATCAGCATA,1
AACAAACATGTTTGCG,1
AACAAACCAAGAAGCC,1
AACAAACCAAGTAGTC,1
AACAAACCATAATAAC,1
AACAAACCGGTTCCTA,1
AACAAACGACATCTAT,1
AACAAACGGGTTTGCG,1
AACAAACTAAACATTC,1
AACAAACTAAAGATAA,1
AACAAACTCACTCTAT,1
AACAAACTCTAAGGTT,1
AACAAACTCTCACAGC,1
AACAAACTGAAATCAA,1
AACAAACTGAAATCCG,1
AACAAACTTAATAACG,1
AACAAAGAAAACCCAA,1
AACAAAGACATAGTTT,1
AACAAAGACCACCTAT,1
AACAAAGAGAATTCAG,1
AACAAAGAGGTTTGCG,1
AACAAAGAGTCCGCCG,1
AACAAAGATAAACGTA,1
AACAAAGCACACCTAT,1
AACAAAGCCCGCCTAT,1
AACAAAGCCCTACATA,1
AACAAAGCCCTCCTAT,1
AACAAAGCCGATTCTC,1
AACAAAGCTCTACATA,1
AACAAAGCTGTAGAAG,1
AACAAAGGAAGGTACC,1
AACAAAGGGACTTTAA,1
AACAAAGGGCTACATA,1
AACAAAGTACTTGGAA,1
AACAAAGTAGCATGTC,1
AACAAAGTCCAAGCCG,1
AACAAAGTTGGCGCTA,1
AACAAAGTTGGTACTA,1
AACAAATAAAACACAA,1
AACAAATAAGCTGCTC,1
AACAAATAATACAATT,1
AACAAATACCGGACGA,1
AACAAATACTCATTCG,1
AACAAATAGCAGTCTA,1
AACAAATAGCAGTGTC,1
AACAAATAGCATTCTC,1
AACAAATAGGGATCTC,1
AACAAATAGTTCTAAG,1
AACAAATATAATTAAA,1
AACAAATATCAGTCTC,1
AACAAATATGAATTAT,1
AACAAATATGTGCCTG,1
AACAAATATTGGTACA,1
AACAAATATTTCAAGA,1
AACAAATCATCCTTGA,1
AACAAATCCTTGTGCG,1
AACAAATCGGGACTAC,1
AACAAATGAATGAGCG,1
AACAAATGAGGAACGA,1
AACAAATGCTAACAGA,1
AACAAATGGGTATCAT,1
AACAAATGGGTGAAAT,1
AACAAATTAAAAGAAA,1
AACAAATTAAAATATA,1
AACAAATTAAGTCGAA,1
AACAAATTATAAAGGA,1
AACAAATTTCAGAATC,1
AACAAATTTCGGAAGC,1
AACAACAAAGCATTAT,1
AACAACAAGATACCAC,1
AACAACAAGATCACAC,1
AACAACAATAAAAGTG,1
AACAACAATAATTGCG,1
AACAACAATAGAATTC,1
AACAACAATCATACAA,1
AACAACAATCCACCCG,1
AACAACAATTTTACCT,1
AACAACACAAATGACA,1
AACAACACAACGTAAA,1
AACAACACAATCTACG,1
AACAACACAATCTATG,1
AACAACACAATCTGGG,1
AACAACACAGTCTAGG,1
AACAACACCGCGTAAA,1
AACAACACGGTTAGTT,1
AACAACAGAATGAAAT,1
AACAACAGCCCTACCT,1
AACAACAGGACAATCA,1
AACAACAGTAATAGCA,1
AACAACATAATAAGTA,1
AACAACATACCTAGAA,1
AACAACATATTCAACA,1
AACAACATGAGTGGTT,1
AACAACATGCCTAGAA,1
AACAACATTAAAACGT,1
AACAACCAATCCTTTC,1
AACAACCCATTAAGAG,1
AACAACCCCGGCCACA,1
AACAACCGATGGGTGC,1
AACAACCGTACGGAAG,1
AACAACCGTCCCTCAA,1
AACAACCTAATTTCGC,1
AACAACCTACGGACAA,1
AACAACCTTAATGCAA,1
AACAACCTTAGCAGTA,1
AACAACCTTGGATTAT,1
AACAACGAAAAACCAA,1
AACAACGAAAACCAAA,1
AACAACGAAAACCCAT,1
AACAACGAAAACTCAA,1
AACAACGCGCTGCTGT,1
AACAACGCTCTACTGT,1
AACAACGGCACCCCCT,1
AACAACGGGGCAGACC,1
AACAACGGTTTAAGAG,1
AACAACGTTAATAAGA,1
AACAACTAACGGACGA,1
AACAACTAAGAAAATT,1
AACAACTAAGGGAATG,1
AACAACTAAGGGCATC,1
AACAACTAATACCAAA,1
AACAACTAATCCGCGG,1
AACAACTAATGGCATG,1
AACAACTACAGGACGA,1
AACAACTACCTGACGA,1
AACAACTAGGAAAAGT,1
AACAACTAGTAAACGT,1
AACAACTCACCCGCGG,1
AACAACTCATCCACGG,1
AACAACTCATCCGAGG,1
AACAACTCATCCGCGA,1
AACAACTCATCCGCGC,1
AACAACTCATCCGCGT,1
AACAACTCATCCTCGG,1
AACAACTCGAGGATAA,1
AACAACTCGAGGATCC,1
AACAACTCGTCCGCGG,1
AACAACTGACGGACAA,1
AACAACTGCCTTAGAC,1
AACAACTTAAGAGACA,1
AACAACTTAAGTCTAA,1
AACAACTTAAGTTGAA,1
AACAACTTAGGTCGAA,1
AACAACTTTAAAGAAG,1
AACAACTTTAAAGACT,1
AACAACTTTAAATACG,1
AACAAGAAAACTCCTG,1
AACAAGAAATTAAGGC,1
AACAAGAAATTTATTC,1
AACAAGAACAGACAGC,1
AACAAGAACCAAACGT,1
AACAAGAACTGAATCG,1
AACAAGAAGAAGCGCC,1
AACAAGAAGACAAACA,1
AACAAGAAGGCCACTT,1
AACAAGAATTTAAAAC,1
AACAAGACAATAAGGC,1
AACAAGACAGAGAAAC,1
AACAAGACAGGATTAA,1
AACAAGACCCTGATAC,1
AACAAGAGGGAACACC,1
AACAAGATAAGACACA,1
AACAAGATGAGCTACT,1
AACAAGATGTGAACCC,1
AACAAGATTATCTAAA,1
AACAAGATTCAGCAAT,1
AACAAGCAAGATTATA,1
AACAAGCACATATCGG,1
AACAAGCACCAAACCT,1
AACAAGCAGGAAGACT,1
AACAAGCAGTTTAGTT,1
AACAAGCATAACTACT,1
AACAAGCATCAAACGT,1
AACAAGCATGGATACA,1
AACAAGCCGGTCAACA,1
AACAAGCCGTTGAGTT,1
AACAAGCCTATTCAAG,1
AACAAGCCTGTACACG,1
AACAAGCCTTTGTCTA,1
AACAAGCGGTACTACT,1
AACAAGCTTGACTATC,1
AACAAGGAATCCAGCC,1
AACAAGGACCCGACAG,1
AACAAGGACCCGACCT,1
AACAAGGCGACATAAA,1
AACAAGGGATCTCATC,1
AACAAGGGCAAATTAT,1
AACAAGGTCCCCGCAT,1
AACAAGGTCGAACGAC,1
AACAAGGTCGCAAGAC,1
AACAAGGTCGCACTAC,1
AACAAGGTCGCTCGAC,1
AACAAGGTCTCACGAC,1
AACAAGGTGTATTACT,1
AACAAGTACTGAATCC,1
AACAAGTATCCGAAAG,1
AACAAGTCGACATCAA,1
AACAAGTCTCAGAAAG,1
AACAAGTCTTAGCTAC,1
AACAAGTGCAGAAAAA,1
AACAAGTGGCAACGAA,1
AACAAGTTCCGCATTA,1
AACAAGTTTCTTCTGA,1
AACAATAAACAAAGAA,1
AACAATAAACAAATTA,1
AACAATAAACAATTAT,1
AACAATAAACTAGAAT,1
AACAATAAAGTCCAAC,1
AACAATAAATTCAATG,1
AACAATAACAGTCGAG,1
AACAATAACGATAAAA,1
AACAATAACTAGATCG,1
AACAATAAGATCCCAC,1
AACAATAAGGTCTCGA,1
AACAATAATAAGACAG,1
AACAATAATCTAAAAG,1
AACAATACAATATCCT,1
AACAATACAATATTGT,1
AACAATACACAACTAA,1
AACAATACACACAACC,1
AACAATACATTCCCTA,1
AACAATACTACTTGCT,1
AACAATACTGTAAGTG,1
AACAATAGAAGACAAA,1
AACAATAGATGATATT,1
AACAATAGGGAAAACA,1
AACAATAGGGATAAGA,1
AACAATATGCGAGTTA,1
AACAATATGGATAACA,1
AACAATATTACACTCA,1
AACAATATTTAACTCA,1
AACAATATTTTCAACA,1
AACAATATTTTCATCA,1
AACAATCAAAAAGATC,1
AACAATCAAAAATCTC,1
AACAATCAGACCCTAC,1
AACAATCAGACTGGAT,1
AACAATCAGCCTGGGT,1
AACAATCATAACTAGT,1
AACAATCATATTCAAT,1
AACAATCATCCACTGA,1
AACAATCCAATGTAAC,1
AACAATCCATGCACCA,1
AACAATCCCGAACAGA,1
AACAATCCTTTCTCTA,1
AACAATCGACGATTCA,1
AACAATCGCTTAGCGC,1
AACAATCGTAGGGTCA,1
AACAATCGTTAGGATG,1
AACAATGAAGACCCTT,1
AACAATGACCTGCCCG,1
AACAATGATGGCTTAA,1
AACAATGATTTTGACT,1
AACAATGCGTAAGAAA,1
AACAATGGTATTCTAC,1
AACAATGTAATTTGAA,1
AACAATGTACAGCAGT,1
AACAATGTACTACAAA,1
AACAATGTAGCCCATA,1
AACAATGTGACCATTG,1
AACAATTAAGAAATAG,1
AACAATTAGAGAGAAA,1
AACAATTATATATAAT,1
AACAATTATCAAGAAG,1
AACAATTATCCCTTTA,1
AACAATTATTTTACAA,1
AACAATTCATCCTCAT,1
AACAATTCCAATTCAT,1
AACAATTCGCATTAGA,1
AACAATTCGCCCGTCA,1
AACAATTCTCATTAGG,1
AACAATTGAAACCATT,1
AACAATTGAACCCACT,1
AACAATTGACAACATA,1
AACAATTGAGTCTTTC,1
AACAATTGATGGAATA,1
AACAATTGCGAGTTTT,1
AACAATTGGGAGTCTT,1
AACAATTGGGAGTTCT,1
AACAATTGGGATAACA,1
AACAATTGGGATTTTT,1
AACAATTGGGTGTTTT,1
AACAATTTATACATTA,1
AACAATTTATGCAATA,1
AACACAAAAACCATGT,1
AACACAAAAATCTTAG,1
AACACAAAAATCTTCC,1
AACACAAAAATCTTGG,1
AACACAAAAATGCAGC,1
AACACAAAACAATTAA,1
AACACAAAATAGCCAA,1
AACACAAAATTATCAG,1
AACACAAACGCGATTA,1
AACACAAAGACCAACT,1
AACACAAAGCAACTAT,1
AACACAAAGGCAATTA,1
AACACAAATAAAAGAT,1
AACACAAATAAAGGGT,1
AACACAAATCGACTAT,1
AACACAAATGTATGTG,1
AACACAACAAAAAAAA,1
AACACAACATAACCCA,1
AACACAACATACAGTG,1
AACACAACATAGCCAT,1
AACACAACGTCACCAT,1
AACACAACTCGACCAC,1
AACACAACTTTGGCAT,1
AACACAAGATACATGC,1
AACACAAGATGAGGGT,1
AACACAAGATGATGAT,1
AACACAAGGTGATAAA,1
AACACAAGGTGATGAG,1
AACACAATAGTGGTGT,1
AACACAATATATCTCA,1
AACACAATGCGACTCA,1
AACACAATGTATATCA,1
AACACACACAACCATT,1
AACACACACCAAATAT,1
AACACACACCAACTGC,1
AACACACACCCGTCAT,1
AACACACACTAAACAT,1
AACACACACTAAATAC,1
AACACACACTCACTTT,1
AACACACCAAGAGAGA,1
AACACACCATACCGTG,1
AACACACCGAGCTCTA,1
AACACACCGTAAGTTA,1
AACACACGAATTATCG,1
AACACACGATTCTCAC,1
AACACACGCTAAATAT,1
AACACACGGTGATAAG,1
AACACACTCTCACAGA,1
AACACACTGCGAATCA,1
AACACACTGTAGCCAT,1
AACACAGACTAAATAT,1
AACACAGGGGAGTAGG,1
AACACAGTAGTTGTGT,1
AACACAGTTGTGAGGA,1
AACACATAAACTAGAC,1
AACACATAAGACGTTG,1
AACACATAATAATGCA,1
AACACATAATATGTGA,1
AACACATACACTCGTC,1
AACACATACTTTTCGA,1
AACACATATAGATTCA,1
AACACATCCCGTGAAA,1
AACACATCTATACTGC,1
AACACATGACCCATAA,1
AACACATGAGCCCAAC,1
AACACATTAACAGGTT,1
AACACATTAACATGGT,1
AACACATTAAGAGGGT,1
AACACATTAAGGACAG,1
AACACATTACTATGAA,1
AACACATTACTCCAAC,1
AACACATTCCTATTAA,1
AACACATTGAAACACC,1
AACACATTGTGTACAA,1
AACACATTTCTATGAA,1
AACACATTTGAGACCT,1
AACACCAACAAGCTTC,1
AACACCAACACATGAG,1
AACACCAACACCCGAG,1
AACACCAACACCTTAG,1
AACACCAACGGGACCG,1
AACACCAACTCAACGC,1
AACACCAACTGTATCC,1
AACACCAATCCCTGAA,1
AACACCACATGTATCC,1
AACACCACCTAAGAGA,1
AACACCACCTGTATAC,1
AACACCACGCCTTGTA,1
AACACCACGCGCGAAA,1
AACACCACGTGTATCC,1
AACACCAGATACCATT,1
AACACCAGGTCTCACA,1
AACACCAGTTGGTAGA,1
AACACCATCCACACTT,1
AACACCATCCTAGCGC,1
AACACCATGCCTTCTG,1
AACACCATTAAACTAG,1
AACACCCAAAAAAAAA,1
AACACCCACCAAACAA,1
AACACCCACGGTACCG,1
AACACCCGAAATAGAG,1
AACACCCGACAGTACA,1
AACACCCGACGGAACA,1
AACACCCGACGGAATC,1
AACACCCGACGGGACG,1
AACACCCGACGGTACG,1
AACACCCGACTGAACG,1
AACACCCTACGGAACG,1
AACACCCTGAGAATAT,1
AACACCGAATCCTACC,1
AACACCGAGTCCTACC,1
AACACCGATTGGCTAG,1
AACACCGGTCCGACTT,1
AACACCTAAAAGCAAA,1
AACACCTACGGAAGAA,1
AACACCTATTAAAATT,1
AACACCTCAATAGAAG,1
AACACCTCACCCTGAC,1
AACACCTCGAATGCTA,1
AACACCTCTATATGAA,1
AACACCTCTTTAGGAA,1
AACACCTGGTGCATGC,1
AACACCTGGTGTCTTC,1
AACACCTTGCTTACCC,1
AACACCTTGGCCATCT,1
AACACCTTTGTTATCT,1
AACACGAAAACACAAA,1
AACACGAAAGATTATA,1
AACACGAAAGCATTAT,1
AACACGAAGAGCATTG,1
AACACGAAGGAGAAAG,1
AACACGAAGGCTAAAG,1
AACACGAAGTAGCTCA,1
AACACGAAGTCTCACA,1
AACACGAATAAAAGGT,1
AACACGAATACGCCAG,1
AACACGAATGATACCT,1
AACACGACACAATTCC,1
AACACGACACAGAAAA,1
AACACGACATACAGTT,1
AACACGACCGATAAAC,1
AACACGACCTGTATCC,1
AACACGAGATTTTCTA,1
AACACGAGCGATACCA,1
AACACGAGCTACTTAA,1
AACACGAGGCGTAATC,1
AACACGAGTAAGCTAA,1
AACACGATAAAGAAAG,1
AACACGATTGAAAGTC,1
AACACGCAAACCAATA,1
AACACGCAAGGTTATA,1
AACACGCAGAACGATA,1
AACACGCAGGATTATA,1
AACACGCTGATCAGAT,1
AACACGGAACGCTTAA,1
AACACGGATTCAGTGC,1
AACACGGGGGAGTAGG,1
AACACGGGTGAATGGA,1
AACACGGGTTAGTAGG,1
AACACGGTACGAGTTG,1
AACACGGTGACTCTTA,1
AACACGGTGAGGATAG,1
AACACGTAATGAATCC,1
AACACGTACTAAATCC,1
AACACGTACTGTCATT,1
AACACGTAGGAATTTC,1
AACACGTCACATTACC,1
AACACGTGTCTAACTA,1
AACACGTTACGCATTA,1
AACACGTTCAGCATTA,1
AACACGTTCCGCAATA,1
AACACGTTCCGTATTA,1
AACACTAAAAATACAG,1
AACACTAAAGACCCTT,1
AACACTAACAACCTCG,1
AACACTAAGGGGAAAG,1
AACACTAAGTCATTTC,1
AACACTAAGTCCAGCT,1
AACACTAAGTGTAGAA,1
AACACTAATAGGAACA,1
AACACTACAGCACAGA,1
AACACTAGCGCATAAA,1
AACACTAGCTACTTCA,1
AACACTAGCTTCGGGA,1
AACACTAGTCTATGTA,1
AACACTATAAGAATAC,1
AACACTATCAACCTAA,1
AACACTATGAACCTAT,1
AACACTATGTAACTCA,1
AACACTATTTAACTCT,1
AACACTCACAACAGCG,1
AACACTCACATAATTA,1
AACACTCGCATATAGC,1
AACACTCGTGAGAACA,1
AACACTCTTCGTCCAC,1
AACACTGAAATTAGTA,1
AACACTGACGCTTTTG,1
AACACTGAGGACCCTT,1
AACACTGGACCTCTTG,1
AACACTGTGGAGAAAC,1
AACACTGTGGAGGAAC,1
AACACTTAACTACACA,1
AACACTTAATGCAGTA,1
AACACTTCATTACACA,1
AACACTTCCTTATACC,1
AACACTTTAAGTTCTT,1
AACACTTTCTATACAC,1
AACACTTTGAAATACG,1
AACAGAAAAAAGATAC,1
AACAGAAAAATGGTAG,1
AACAGAAAAATGGTCT,1
AACAGAAAAATTGTCG,1
AACAGAAAAGAATCTC,1
AACAGAAAATAATCGC,1
AACAGAAAATTCCTAA,1
AACAGAAACTTTCTTT,1
AACAGAAATAAAATAC,1
AACAGAAATATTAACT,1
AACAGAAATGCAATTG,1
AACAGAACAAACCCCG,1
AACAGAACAGTTCCAC,1
AACAGAACCGATAAAA,1
AACAGAACTGACATCT,1
AACAGAAGATATACAC,1
AACAGAAGCCGCAACG,1
AACAGAAGGACATCCG,1
AACAGAAGGGAGGTGA,1
AACAGAATAAAACACA,1
AACAGAATACGTCTCA,1
AACAGAATCCGTCTCA,1
AACAGAATGAGTCTCA,1
AACAGAATGCGTCGCT,1
AACAGAATGCGTCTCG,1
AACAGAATGCGTCTCT,1
AACAGAATGCTTCTCA,1
AACAGAATGGAATCGG,1
AACAGAATTCCAGCCT,1
AACAGAATTCGTCTCA,1
AACAGACACTAAATAT,1
AACAGACAGAAAATTG,1
AACAGACATACAGGAA,1
AACAGACATATCCATA,1
AACAGACCAGATAAAA,1
AACAGACCCAATAAAA,1
AACAGACCCGATAGAA,1
AACAGACCCTATAAAA,1
AACAGACCGTCACGAA,1
AACAGACCGTCACGAG,1
AACAGACTCCAACACT,1
AACAGACTTAGGACAC,1
AACAGAGCGAAAATAT,1
AACAGAGGCCAACGAA,1
AACAGAGTGCGTCTCA,1
AACAGAGTGCTGAGCT,1
AACAGAGTTACACTAA,1
AACAGAGTTATTTATA,1
AACAGAGTTTGATAAA,1
AACAGAGTTTTCTAAA,1
AACAGATAAACACCTA,1
AACAGATAAGTACACC,1
AACAGATAGCAGTCTC,1
AACAGATAGCGAAGTA,1
AACAGATAGGTATCAT,1
AACAGATATGAATGAT,1
AACAGATATTACCGCA,1
AACAGATATTGCCCAT,1
AACAGATCAATGAATC,1
AACAGATCGAGAGCTC,1
AACAGATCGGGAGCCC,1
AACAGATGGGCATCAT,1
AACAGATGGGTAACAT,1
AACAGATGGTTATCAT,1
AACAGATTAAATATGC,1
AACAGATTAAGTGGGG,1
AACAGATTTACTAAAA,1
AACAGATTTCTTAAAA,1
AACAGATTTTAGCAAA,1
AACAGCAAAGACTCAT,1
AACAGCAACCTAAGCC,1
AACAGCAAGAATATTG,1
AACAGCACGTTACAAG,1
AACAGCACTCAGAACC,1
AACAGCACTGAACAGC,1
AACAGCACTGATCAGC,1
AACAGCACTTCTTTCT,1
AACAGCAGGTCTTTCT,1
AACAGCAGTATACCAG,1
AACAGCAGTCCTTTCT,1
AACAGCAGTTCCTTCT,1
AACAGCAGTTCTTTAT,1
AACAGCCAAGGATTGA,1
AACAGCCGAACGCGTT,1
AACAGCGCATATAGGC,1
AACAGCGGTTCTTTCT,1
AACAGCTAAGCCTGAT,1
AACAGCTAATGACAAA,1
AACAGCTACAAACAAA,1
AACAGCTACTCTTTAT,1
AACAGCTATTGAATAG,1
AACAGCTCGATTACGA,1
AACAGCTGTCACCAAG,1
AACAGGAAGAAGGGCC,1
AACAGGAAGCCCTCCT,1
AACAGGAAGGAGCGCC,1
AACAGGAAGTCCTCCC,1
AACAGGAATTCCTCCT,1
AACAGGACACAAGAGG,1
AACAGGACCAGTATTC,1
AACAGGAGAATATCAC,1
AACAGGAGATTGTAAC,1
AACAGGATCAATCGGC,1
AACAGGATTCCGTTAT,1
AACAGGCACACTACAC,1
AACAGGCATAAATGTA,1
AACAGGCCAATACCCT,1
AACAGGCCTAAACGTA,1
AACAGGGATGACCCAT,1
AACAGGGATGGGCCCA,1
AACAGGTATTGGTAAC,1
AACAGGTCGAAGATGA,1
AACAGGTGCGTAAAGG,1
AACAGGTGGAAGATTA,1
AACAGGTGGGTAAAAG,1
AACAGGTGTAAGATGA,1
AACAGGTGTTCGCAAT,1
AACAGGTTAAGCGATA,1
AACAGGTTATAGATTA,1
AACAGGTTCGTAAAAG,1
AACAGGTTGAAGATGA,1
AACAGTAAAAGCTGTC,1
AACAGTAAACCACAGC,1
AACAGTAAGCTTTCCT,1
AACAGTAATAGCTGTT,1
AACAGTAATCTCGGAT,1
AACAGTAATGGCTGTC,1
AACAGTACAACATGCT,1
AACAGTACATCCTTCA,1
AACAGTAGAAGCTACA,1
AACAGTAGCGCGAAAA,1
AACAGTATACAACTGT,1
AACAGTATTACAACCC,1
AACAGTATTCCAAGTA,1
AACAGTATTTCTACCC,1
AACAGTCCTCCAAGTA,1
AACAGTCTGCCAAGTA,1
AACAGTCTGTGCCCAA,1
AACAGTCTTCCAATTA,1
AACAGTCTTCCACAGC,1
AACAGTGACCGTTATA,1
AACAGTGACTGACCGT,1
AACAGTGAGCCCATCC,1
AACAGTGCCATACTAA,1
AACAGTGCTCCTAGCG,1
AACAGTGGAAACAGAG,1
AACAGTGGCCGTAAAT,1
AACAGTGTATCACCTT,1
AACAGTTAAAAGAAGG,1
AACAGTTAAAAGACGT,1
AACAGTTAAAGCACGT,1
AACAGTTACTAAAGTA,1
AACAGTTATAGCGAAA,1
AACAGTTCAAGAACGT,1
AACAGTTCAAGCACGC,1
AACAGTTCAGAATACT,1
AACAGTTGAATTAAAA,1
AACAGTTTATTATGTG,1
AACAGTTTGAGTTCAT,1
AACATAAAAAAAGAAA,1
AACATAAAAAATACAT,1
AACATAAAAATGGTCG,1
AACATAAAACAGTCAG,1
AACATAAAACCAAAAA,1
AACATAAAAGAGAAAT,1
AACATAAAAGGATTAA,1
AACATAAAAGTTCCAA,1
AACATAAAGCAATTCC,1
AACATAAATAAAAGGT,1
AACATAAATCTAACCG,1
AACATAACTCACAGTC,1
AACATAACTGCTATGT,1
AACATAAGAGTGAAAT,1
AACATAAGATCCGTTG,1
AACATAAGATTTGGTA,1
AACATAATAACAATAA,1
AACATAATATCATTGG,1
AACATAATATCCCTGG,1
AACATAATATGCCAGA,1
AACATAATCCTCTAGT,1
AACATAATTGGGCCGA,1
AACATAATTTCGGAAG,1
AACATACAACAGCCAG,1
AACATACAACAGTCAC,1
AACATACAAGCCCGAG,1
AACATACACAATACCA,1
AACATACACTTTGATA,1
AACATACAGGACCATA,1
AACATACAGTTAATAA,1
AACATACAGTTTAACT,1
AACATACATCGAAAGA,1
AACATACATGATGTCC,1
AACATACATTTAGAAA,1
AACATACCAACAACAT,1
AACATACCCACAGAGG,1
AACATACCCCAACAAG,1
AACATACCCCCACAAA,1
AACATACCCCGATCAT,1
AACATACCCGATAAAA,1
AACATACCCTCACAAG,1
AACATACCGCACTGAA,1
AACATACCGTTCGAGG,1
AACATACCTCCACAAG,1
AACATACGATTTTGTA,1
AACATACGCCCACAAG,1
AACATACTAACGATAA,1
AACATACTAAGATAAA,1
AACATACTAATGACGG,1
AACATACTACACCGCA,1
AACATACTACGCCTGA,1
AACATACTATAATACA,1
AACATAGAACCCAACC,1
AACATAGAAGCAAATT,1
AACATAGAGGATATAC,1
AACATAGATAAGGTAT,1
AACATAGCAGAGAAAT,1
AACATAGCCTTTGTAT,1
AACATAGCGCCTGTGA,1
AACATAGCTAAGTTCT,1
AACATAGCTACCGGAC,1
AACATAGGCGGCTAAT,1
AACATAGTAACCAATA,1
AACATAGTAGTAATTT,1
AACATAGTAGTATGAT,1
AACATAGTGCCAACCA,1
AACATAGTGCGAAACA,1
AACATATAAAGACTAT,1
AACATATAAGCGCCTA,1
AACATATAAGCTCCCA,1
AACATATAATATCAAA,1
AACATATACAGTAAAA,1
AACATATACATTCTTA,1
AACATATAGGCGCCCA,1
AACATATAGTATAAAT,1
AACATATATGAAGGAT,1
AACATATATTTCTACG,1
AACATATCCATGAACG,1
AACATATCTTATAAAT,1
AACATATTAAGACTTG,1
AACATATTATATGATA,1
AACATATTCCTTCAGA,1
AACATATTGCGAACCA,1
AACATATTTCCCCTGC,1
AACATATTTCTCCTGA,1
AACATATTTCTTCTGC,1
AACATCAAAAAAATAG,1
AACATCAAAAATACAA,1
AACATCAAAAGTTGGA,1
AACATCAAACAAAAGC,1
AACATCAACTTTAAAA,1
AACATCAAGTCGAGCA,1
AACATCAATTTTTAAA,1
AACATCACACCCTTAT,1
AACATCAGCACAACTA,1
AACATCAGCATTGCCC,1
AACATCAGCTACTTAA,1
AACATCATAATATGTT,1
AACATCATGTCGGAAG,1
AACATCATTGAGAACA,1
AACATCATTTCGGAAA,1
AACATCCAAAAGCGAT,1
AACATCCAAAGTCGGA,1
AACATCCACCAAACAG,1
AACATCCCGTAGGGGA,1
AACATCCGAGCGTGAA,1
AACATCCTAAAGAAAA,1
AACATCCTAAGCCATA,1
AACATCCTACAGCAGA,1
AACATCCTATTTTCGA,1
AACATCGAGAGTGAAG,1
AACATCGCACACTTAT,1
AACATCGCACCCCTAT,1
AACATCGCCAAAATTT,1
AACATCGCGCCCTTAT,1
AACATCGGGAACAACC,1
AACATCGTCCTGCCGT,1
AACATCTAAAGGAAGT,1
AACATCTAACCTCCCG,1
AACATCTATTAAATAT,1
AACATCTCAATATTGT,1
AACATCTCACCCTTAT,1
AACATCTCGCATTTCC,1
AACATCTTCGTCGACC,1
AACATGAAAAACCAGG,1
AACATGAAAATTAATT,1
AACATGAAAGATATTA,1
AACATGAACAACGTAA,1
AACATGAACCAGCAAA,1
AACATGAACTTACGAA,1
AACATGAAGAAGCGCC,1
AACATGAAGTTGAAAT,1
AACATGACAAAAATAA,1
AACATGACATAACTCA,1
AACATGACCCTGTGAA,1
AACATGACTTATTATG,1
AACATGAGGCCAAAAG,1
AACATGATAAGCGACT,1
AACATGATACATGACG,1
AACATGATACCCGCAA,1
AACATGATCTAAAGCT,1
AACATGATGCCCCCAA,1
AACATGATTAAGATGC,1
AACATGCATGAATATA,1
AACATGCCTACCTCAT,1
AACATGCTATACTAAC,1
AACATGGACACTTAAA,1
AACATGGATTTCCTTC,1
AACATGGGATATGCCA,1
AACATGGGTGTGCTAA,1
AACATGGGTTCGCTAA,1
AACATGGTTGCGCTAA,1
AACATGTACTTTACAT,1
AACATGTAGGACTTGG,1
AACATGTTACTGGGTT,1
AACATGTTCGACCACT,1
AACATTAAAAACACTA,1
AACATTAAAAGTGCAA,1
AACATTAAATGTTAAA,1
AACATTAACAACAGGT,1
AACATTAACCAATAGA,1
AACATTAAGCCTCGCA,1
AACATTAAGGGGGAAG,1
AACATTAAGGTGAAAG,1
AACATTAATACCTTGC,1
AACATTAATGGGAAAG,1
AACATTACAGAGAATA,1
AACATTACATATTAAA,1
AACATTACCATAGTAA,1
AACATTAGCCATACAG,1
AACATTAGGGGGAAAG,1
AACATTATCAAGGAGA,1
AACATTCAAAATCGAA,1
AACATTCATCAAGGTT,1
AACATTCATGCCCCTA,1
AACATTCCACTACGGA,1
AACATTCGAAACGTTC,1
AACATTCTAAGTCGAA,1
AACATTCTACCCTGAT,1
AACATTCTAGATAAGA,1
AACATTCTCATGGATA,1
AACATTCTGCCCTTGC,1
AACATTCTTCAGGTAT,1
AACATTGAACCCCGTC,1
AACATTGACCATACAG,1
AACATTGCAGGTAATA,1
AACATTGGCAATACAG,1
AACATTGGCGATACAG,1
AACATTGGCTATACAG,1
AACATTGGGACGCTTC,1
AACATTGTCCATACAG,1
AACATTTAACAATATA,1
AACATTTAACCCGAAC,1
AACATTTACCCCTAAC,1
AACATTTAGAAGAAGA,1
AACATTTAGACATCCT,1
AACATTTATTTGGGAG,1
AACATTTCCAAAATTT,1
AACATTTCGAAAATGA,1
AACATTTGAAGACAAA,1
AACATTTGGTCACTAT,1
AACATTTTAAACTGAT,1
AACATTTTATAATCCA,1
AACATTTTTCGTGATT,1
AACCAAAAAATTGACA,1
AACCAAAAAATTGGGA,1
AACCAAAAACACAGTC,1
AACCAAAAACTTGGTA,1
AACCAAAAAGTCTATC,1
AACCAAAACAAATACA,1
AACCAAAACATTTAAA,1
AACCAAAACCATACAA,1
AACCAAAACCTTGCAC,1
AACCAAAACTCAATTC,1
AACCAAAACTCCCACA,1
AACCAAAACTTCACCA,1
AACCAAAAGGATGACG,1
AACCAAACAAAATAAA,1
AACCAAACGAAAATAT,1
AACCAAACTCCTGAAG,1
AACCAAAGAACCTCGA,1
AACCAAAGAAGTAAAA,1
AACCAAAGATCAACAT,1
AACCAAAGATTAACCC,1
AACCAAAGCAGCAGCA,1
AACCAAAGGAAGGCGA,1
AACCAAAGGTTAACCC,1
AACCAAATAACCGATA,1
AACCAAATACAATATT,1
AACCAAATCTTAACCC,1
AACCAAATGATAGACA,1
AACCAACAAGCAAGTT,1
AACCAACAATCCAGTT,1
AACCAACAGGCCACGA,1
AACCAACAGGCCAGTT,1
AACCAACAGTAAACGC,1
AACCAACAGTGATGTG,1
AACCAACATTCAAACT,1
AACCAACCAGCTAACA,1
AACCAACCATCCACCA,1
AACCAACCCCCATACT,1
AACCAACCGTACGGCC,1
AACCAACCTAGAAGGA,1
AACCAACCTCTTACAG,1
AACCAACCTTATACAC,1
AACCAACCTTCCAACA,1
AACCAACGTACGTACG,1
AACCAACGTGAAGGAG,1
AACCAACTATAAATCC,1
AACCAACTGTAAAAAA,1
AACCAACTGTCACTGA,1
AACCAAGCCAATTAAG,1
AACCAAGCCTGCAAAA,1
AACCAAGGAAGCGATA,1
AACCAAGGCAAAAGTC,1
AACCAAGGCAAAATTT,1
AACCAAGTAAAGACTA,1
AACCAAGTGAATGTAA,1
AACCAAGTGAGGACTA,1
AACCAAGTTAAAATAT,1
AACCAATAAATTATAG,1
AACCAATATCATATTC,1
AACCAATATGATGAAA,1
AACCAATCAATTATCA,1
AACCAATCAGCGACAT,1
AACCAATCGGTAAGCG,1
AACCAATGGTGATCCG,1
AACCAATGTTCTCTTC,1
AACCAATTGCTTCACT,1
AACCAATTTAATTAAA,1
AACCACAACATTACAC,1
AACCACAACGTAAGAA,1
AACCACACTGGAATAT,1
AACCACAGATATCACG,1
AACCACAGATGGAAAC,1
AACCACAGCAAGGAAG,1
AACCACAGCACGTAAG,1
AACCACAGCAGCTCAA,1
AACCACAGGATAACTT,1
AACCACAGTAATAAGA,1
AACCACAGTAATAATC,1
AACCACATCACGGAAG,1
AACCACATCTTACTTC,1
AACCACATGGAGCTTC,1
AACCACATTAATAAGC,1
AACCACCAAAACAAAA,1
AACCACCAATAGCAAT,1
AACCACCACGTAGGAA,1
AACCACCACTTAAGAA,1
AACCACCAGAAAAAGA,1
AACCACCAGCGCGTAT,1
AACCACCAGTTACCAC,1
AACCACCATATCGAAG,1
AACCACCATTGACGCA,1
AACCACCATTGACGTC,1
AACCACCCAGAATAAC,1
AACCACCCCCCCACGA,1
AACCACCCCTTTCTAG,1
AACCACCCGAATAAGA,1
AACCACCGATGGGTGG,1
AACCACCGTATTACCA,1
AACCACCTGGAGTTCG,1
AACCACCTGTAGTTTG,1
AACCACGAACAGAATA,1
AACCACGAACCAAACC,1
AACCACGAATACGTTG,1
AACCACGCAACACCCT,1
AACCACGCTCGAAGCG,1
AACCACGGCCTCCCCA,1
AACCACGGGTTATAAT,1
AACCACGTAGCAGTTC,1
AACCACGTAGCTCCCA,1
AACCACGTATCCCCCA,1
AACCACGTATTATGTG,1
AACCACTAACACGATC,1
AACCACTAACAGAATC,1
AACCACTAATCTAGCT,1
AACCACTACACACGCA,1
AACCACTAGTCTTCGC,1
AACCACTATAAAAATC,1
AACCACTATTGACGCC,1
AACCACTCACTTATGA,1
AACCACTCGCATCAAC,1
AACCACTCGTGTCTAC,1
AACCACTGACCTTATT,1
AACCACTTAGAGACTA,1
AACCACTTCGGACCCT,1
AACCACTTGCTTCACA,1
AACCACTTGGACAATA,1
AACCACTTTGTACCGG,1
AACCAGACCAACAATT,1
AACCAGACCAATTAAG,1
AACCAGAGGAACGAGT,1
AACCAGATAATACACA,1
AACCAGATCACTTGCT,1
AACCAGCCAACGTAAA,1
AACCAGCCCGTCGGCG,1
AACCAGCCTCAGAACC,1
AACCAGCGCCAGAGCC,1
AACCAGCTAAATCTGC,1
AACCAGGAAACGAGTA,1
AACCAGGCAACATAAA,1
AACCAGGCAGATTTCC,1
AACCAGGGAGAGAAAA,1
AACCAGGTAACGAATA,1
AACCAGGTTATTAGCG,1
AACCAGGTTATTTTCG,1
AACCAGTAAACGAGAG,1
AACCAGTAATCTAGCA,1
AACCAGTAGTCTCCGC,1
AACCAGTAGTCTTCGA,1
AACCAGTATTCTTCGC,1
AACCAGTATTGGTAAC,1
AACCAGTCAGCTAAGA,1
AACCAGTCCGTAAACA,1
AACCAGTCTAGGTTCC,1
AACCAGTCTCAACCAT,1
AACCAGTTGGCTATTA,1
AACCAGTTTGCTATTG,1
AACCAGTTTTGAGGAG,1
AACCATAAATAACTAT,1
AACCATAAATTAGAAT,1
AACCATAAATTAGACA,1
AACCATAAATTATACT,1
AACCATAAATTTATGG,1
AACCATAAATTTTAGT,1
AACCATAAGCGGGCAC,1
AACCATAAGCGGGCCA,1
AACCATAAGCGTGCCC,1
AACCATAAGTGGTTTG,1
AACCATACAACGTTTA,1
AACCATACACACGATT,1
AACCATACACTCTGAA,1
AACCATACATACGATC,1
AACCATACCAACGATT,1
AACCATACCCACAATT,1
AACCATACCCACTATT,1
AACCATACCTACGATT,1
AACCATACGAAGTTTA,1
AACCATACGATTACCC,1
AACCATACTAACCGAT,1
AACCATAGCGCTTCCC,1
AACCATAGGGGTTACT,1
AACCATATAACTTAGA,1
AACCATATAAGAGATT,1
AACCATATAGGTTACT,1
AACCATATCCACGATT,1
AACCATATTACAACAG,1
AACCATCAATAGCAGT,1
AACCATCAATAGGAAT,1
AACCATCACTTAAGAA,1
AACCATCACTTGCAAA,1
AACCATCAGCCGGTTA,1
AACCATCGAAAAGAAC,1
AACCATCGCAGCGTGT,1
AACCATGAGAAACCTA,1
AACCATGAGTGACAAT,1
AACCATGCCTTTTAAC,1
AACCATGCGACGTTTA,1
AACCATGGGAAAAACT,1
AACCATGTGAAATGAA,1
AACCATGTTAAGTGAA,1
AACCATTACTAATTAT,1
AACCATTCATACGGCA,1
AACCATTTAATAGGTA,1
AACCATTTATTAAAAA,1
AACCATTTTATCGCTC,1
AACCATTTTTGTGTGT,1
AACCCAAACGAACTTG,1
AACCCAAACTAGTACC,1
AACCCAAAGATTTAAA,1
AACCCAAAGGACTTCT,1
AACCCAACGCTAACAG,1
AACCCAACTAAGGCCA,1
AACCCAAGATACCATT,1
AACCCAAGGCAGGTAA,1
AACCCAATCAGTTGAT,1
AACCCAATCGCCTACG,1
AACCCAATTAATAGGC,1
AACCCAATTCATAGTC,1
AACCCACAAACAGAGA,1
AACCCACAAATCCAAG,1
AACCCACAACAATTTT,1
AACCCACACATTTAAA,1
AACCCACAGAAAAATA,1
AACCCACAGATCTCCA,1
AACCCACATAATGCGC,1
AACCCACATCTTACAG,1
AACCCACCGTAAATTA,1
AACCCACCTCTTAAAG,1
AACCCACCTCTTAGAG,1
AACCCACGAATTCCAA,1
AACCCACGCAACCATC,1
AACCCACGCAAGCTAC,1
AACCCACGCCACGTAA,1
AACCCACGCCTAATAT,1
AACCCACGCTCATTGT,1
AACCCACGTCTACTAT,1
AACCCACTGAAATAAC,1
AACCCACTGTAAAGTA,1
AACCCACTTAGGACAC,1
AACCCAGAACATTACA,1
AACCCAGAGGCCACTA,1
AACCCAGCAGCCCCAG,1
AACCCAGCATCATGAC,1
AACCCAGCATCTTCCT,1
AACCCAGGAAATTGAC,1
AACCCAGGATTGTTGA,1
AACCCAGGTGCACTCA,1
AACCCAGTACCTCAAT,1
AACCCAGTCTATGATC,1
AACCCATAAAACTATA,1
AACCCATAATTGCGGC,1
AACCCATCAATGGGAT,1
AACCCATCTGAGATTG,1
AACCCATGAGAGGCGC,1
AACCCATGCATTATTA,1
AACCCATTACATCGAG,1
AACCCATTCGATATAT,1
AACCCATTCGTCATCA,1
AACCCCAAAATACACC,1
AACCCCAAATAAGCGG,1
AACCCCAAGTAAGAGG,1
AACCCCAATAGATGTA,1
AACCCCAATTAAGCGG,1
AACCCCAGAATGAAGA,1
AACCCCAGATAAAGTA,1
AACCCCAGATAAATCA,1
AACCCCAGATACCACT,1
AACCCCAGATACCATC,1
AACCCCAGATATCATT,1
AACCCCAGCAAAATTA,1
AACCCCAGCAACATTG,1
AACCCCAGCAATATTA,1
AACCCCAGTAACTAAT,1
AACCCCAGTCACGATA,1
AACCCCAGTCGGACTG,1
AACCCCATATTGAACT,1
AACCCCATGTTTCTGC,1
AACCCCATTGTCGTCC,1
AACCCCCAAGAGATAC,1
AACCCCCACAACAAAA,1
AACCCCCAGAGTTATC,1
AACCCCCATAACGTTC,1
AACCCCCATCGCTTTA,1
AACCCCCGTAACCAAT,1
AACCCCGAAAATAAAC,1
AACCCCGACTTCGCTG,1
AACCCCGGTAACTAAT,1
AACCCCGGTGAATATC,1
AACCCCTAATTGCGGA,1
AACCCCTACAAAAAAC,1
AACCCCTACTCTAGAC,1
AACCCCTAGGAGAGCA,1
AACCCCTATTAGTTTG,1
AACCCCTGCACACGGG,1
AACCCCTTATGCGTAC,1
AACCCGAAAATGAACA,1
AACCCGACCACTATCC,1
AACCCGAGGCATAATC,1
AACCCGAGGCGTAATG,1
AACCCGAGGCGTGATC,1
AACCCGATGCGTAATC,1
AACCCGATGTCAAAGC,1
AACCCGATTTCAAAGA,1
AACCCGATTTCAAATC,1
AACCCGATTTGTCAAA,1
AACCCGCAATGTCAAA,1
AACCCGCAGGGAATGC,1
AACCCGCATCACCTGT,1
AACCCGCTATGCTTAA,1
AACCCGCTCATAATCG,1
AACCCGGCAGCCTCTA,1
AACCCGGGGCTTTCCA,1
AACCCGGTAAAGCAGT,1
AACCCGGTTTCCTGCC,1
AACCCGTCGATCCACC,1
AACCCGTCGCAAAGGG,1
AACCCGTCTATCCGCC,1
AACCCGTCTCGAAAGG,1
AACCCGTCTGTCCACC,1
AACCCGTTGAAAAAAA,1
AACCCGTTGTCATGCA,1
AACCCTAAGACTTACT,1
AACCCTACAAAAGCAG,1
AACCCTACAAGCACAA,1
AACCCTACCTAAGTAA,1
AACCCTACTAAACTTC,1
AACCCTAGTGGTTCCG,1
AACCCTATACAAGCAG,1
AACCCTATTCATAGGC,1
AACCCTATTCGTCCAC,1
AACCCTATTGTAACTA,1
AACCCTCAAAGCGCCA,1
AACCCTCATGACAACT,1
AACCCTCTTCATCCAC,1
AACCCTGCTTGAACAA,1
AACCCTGTAGTATGAT,1
AACCCTTAATCTAGAC,1
AACCCTTACTCTAAAC,1
AACCCTTACTTGACAA,1
AACCCTTAGTCTAGAC,1
AACCCTTAGTTGACAA,1
AACCCTTATGCCCCAT,1
AACCCTTCAGCTAAGA,1
AACCCTTCGAGCATAG,1
AACCCTTTGGGTGGTA,1
AACCCTTTGTCATGCC,1
AACCCTTTTGCAAACA,1
AACCGAAACACCATGG,1
AACCGAAACAGTGGCA,1
AACCGAAAGTCCAATT,1
AACCGAAATTTCAGGC,1
AACCGAACAGTTCCAC,1
AACCGAACCAGTTGCA,1
AACCGAACCATTGGCA,1
AACCGAAGACCCTAAC,1
AACCGAAGCCCCTATC,1
AACCGAATAGTGATCC,1
AACCGAATGACCAAAT,1
AACCGAATGCACAATA,1
AACCGAATGCAGATAC,1
AACCGACATAACAATT,1
AACCGACATAGAGGAG,1
AACCGACCATAAGAGC,1
AACCGACCCAACGAAA,1
AACCGACGATACATCT,1
AACCGACGTTGCCAAT,1
AACCGACTAAAAGAAT,1
AACCGACTGAGGACAC,1
AACCGACTTAGGAAAC,1
AACCGACTTAGTACAC,1
AACCGACTTGGGACAC,1
AACCGAGAATCCAATT,1
AACCGAGAGCTTGGCA,1
AACCGAGATCTACGGA,1
AACCGAGCAAATTGAG,1
AACCGAGCATCCTCCT,1
AACCGAGGCTGAGTAA,1
AACCGATAAAGATACC,1
AACCGATAAATTCAAG,1
AACCGATAATCCGGCT,1
AACCGATATAAAACGA,1
AACCGATCATACAGTT,1
AACCGATCATACGGCT,1
AACCGATCGATAAAAA,1
AACCGATGAATGCAAG,1
AACCGATGTGGTGAGA,1
AACCGCACATACTCAA,1
AACCGCACCAACTAGG,1
AACCGCAGATACCATT,1
AACCGCCAAAAAAAAA,1
AACCGCCAGAACAAAA,1
AACCGCCGCTCCGTTT,1
AACCGCCTCAGCTATT,1
AACCGCGAATAACGGT,1
AACCGCGATAAACGGT,1
AACCGCGATTAAAGGT,1
AACCGCGATTAACGGC,1
AACCGCGATTAACGTT,1
AACCGCGGAAGGTAGC,1
AACCGCGTCTGAGTAA,1
AACCGCTACAAGCTAA,1
AACCGCTCCAAAGGTC,1
AACCGCTCCAAGCCAA,1
AACCGCTCCAATCTAA,1
AACCGCTTCAAGCTAA,1
AACCGGAAAGGTCATA,1
AACCGGAACTTCATAC,1
AACCGGAAGGACCGAA,1
AACCGGAAGGCACGAA,1
AACCGGAAGGCCAGAA,1
AACCGGAAGGCCCGAG,1
AACCGGAAGGTCCGAA,1
AACCGGAAGTCCATAC,1
AACCGGAAGTCCCGAA,1
AACCGGAAGTTCATAA,1
AACCGGACTTTTCTAT,1
AACCGGAGGCTAGAGG,1
AACCGGATACGGCCCG,1
AACCGGATAGCTAAAA,1
AACCGGATCGTAGCCG,1
AACCGGCAACAAAACA,1
AACCGGCCACAAACCA,1
AACCGGCCATTGGGAA,1
AACCGGCCGTTGGAAA,1
AACCGGGAGGAGAGTT,1
AACCGGGCGGATTAAC,1
AACCGGGCTCATTAAC,1
AACCGGGGAAACCCTG,1
AACCGGGGTCAAACAC,1
AACCGGGTTACTTGCG,1
AACCGGTATAATCATC,1
AACCGGTTTGCTATTA,1
AACCGTAATTAAAGGT,1
AACCGTACAACATGTT,1
AACCGTACCTAAGTTT,1
AACCGTACTAATTCTT,1
AACCGTACTGGACATA,1
AACCGTATAGATACTA,1
AACCGTATGAGGCCCA,1
AACCGTCAAGATACTA,1
AACCGTCAGCATCGGT,1
AACCGTCATATTGTTT,1
AACCGTCCGGGCTAAA,1
AACCGTCCGTTGGGAA,1
AACCGTCGAAAAAAAC,1
AACCGTCGACGTAACA,1
AACCGTCGGATTGTTT,1
AACCGTCTAAATACTA,1
AACCGTCTAGGTACTA,1
AACCGTCTATATACTA,1
AACCGTGAGAGAACAA,1
AACCGTGATCGTACTC,1
AACCGTGCACATATTC,1
AACCGTGGCCTCAACA,1
AACCGTGTTTACTGAC,1
AACCGTTATCGTACGC,1
AACCGTTCCAAAAGTC,1
AACCGTTCCAAAGGTA,1
AACCGTTCCATAGGTC,1
AACCGTTGATTAAAAG,1
AACCGTTGGGTAGTTG,1
AACCGTTTTAAATGTA,1
AACCTAAAAAATTCAG,1
AACCTAAACGTTGGGT,1
AACCTAAATCCCTGTT,1
AACCTAACAATTAGAG,1
AACCTAACCAGTGGCA,1
AACCTAACCCCCTATA,1
AACCTAACTATTATAC,1
AACCTAACTTAAACCC,1
AACCTAAGATAATTAG,1
AACCTAAGGACGAAAA,1
AACCTAAGGTTTTGAC,1
AACCTAAGTAAAACCG,1
AACCTAAGTACGGGAA,1
AACCTAATCATACATA,1
AACCTAATGTATAATG,1
AACCTAATTCATAGGC,1
AACCTACAAGAGCGTA,1
AACCTACATACAATTG,1
AACCTACCAAACCAGC,1
AACCTACCTAACCAGA,1
AACCTACCTAGCCCGC,1
AACCTACGAACTAATA,1
AACCTACGAATTGATG,1
AACCTACTGTTACCAA,1
AACCTAGCATCTTCCT,1
AACCTAGTAAATCTAG,1
AACCTAGTACTTCAAT,1
AACCTAGTAGTAAGAT,1
AACCTAGTAGTATGAC,1
AACCTAGTAGTATTCA,1
AACCTAGTAGTGTGAT,1
AACCTAGTCAATTAAA,1
AACCTATAAAAGCGAC,1
AACCTATAAAATCTCG,1
AACCTATAGATCTATA,1
AACCTATAGCAGAGAT,1
AACCTATCAAATATCG,1
AACCTATCATAATCTC,1
AACCTATCTGTCCCAA,1
AACCTATGAATGTTGG,1
AACCTATGATTGACCA,1
AACCTATGGAGAGTTA,1
AACCTATTAGTATGAT,1
AACCTATTGTAGATAC,1
AACCTATTTGTCTCAA,1
AACCTCAATAACGAAT,1
AACCTCAATACAGACA,1
AACCTCACTGGGAATA,1
AACCTCAGGTTTTTAC,1
AACCTCATATTTCTGC,1
AACCTCATGCCAATAT,1
AACCTCATGCTAGACG,1
AACCTCATGCTTCTGC,1
AACCTCATTGTCTTCC,1
AACCTCCAAAACAAAA,1
AACCTCCAAGAGAGTA,1
AACCTCCAAGAGCTTA,1
AACCTCCAAGAGTGTA,1
AACCTCCAAGGGCGTA,1
AACCTCCAATACAACG,1
AACCTCCACAAAACGG,1
AACCTCCATGACCAAA,1
AACCTCCCCCAACAAC,1
AACCTCCCTCCTAACC,1
AACCTCGAAGAGCGTA,1
AACCTCGCCCACTACG,1
AACCTCGTACCAATAT,1
AACCTCTAACTAACCG,1
AACCTCTAATTCACAA,1
AACCTCTATTGTTAAG,1
AACCTCTGAACCCATA,1
AACCTCTTAGTTCTGA,1
AACCTCTTATGCGCAG,1
AACCTCTTATGCGCAT,1
AACCTCTTGAATTGCC,1
AACCTGAAGCAAACCG,1
AACCTGAAGGCCCGAA,1
AACCTGACTACAAAAG,1
AACCTGACTTTCATGA,1
AACCTGAGGCTATCAT,1
AACCTGAGTTTCATTA,1
AACCTGAGTTTGATGA,1
AACCTGATGAATGACA,1
AACCTGATGGATGACT,1
AACCTGATTTTTAAGA,1
AACCTGCCATATCCTA,1
AACCTGCGGCATATCT,1
AACCTGCTCTATAAAA,1
AACCTGGGGTGCGTTA,1
AACCTGGTATCATAAG,1
AACCTGTAATTAAAAA,1
AACCTGTATTGGTAAC,1
AACCTGTCAAATTTAT,1
AACCTGTCAGCATAGC,1
AACCTGTGAACTAACG,1
AACCTGTTAAGCGATA,1
AACCTGTTGCCGATTT,1
AACCTTAAAACAAGCC,1
AACCTTAACGCCATAG,1
AACCTTAAGTGGGTTA,1
AACCTTACGACTTTCA,1
AACCTTACTACAGAAG,1
AACCTTAGGTCTATAT,1
AACCTTATACCAAAGA,1
AACCTTATGTTACTAC,1
AACCTTATTACGGAAA,1
AACCTTCACAATTAAA,1
AACCTTCACAGAAAGC,1
AACCTTCCACAGCCTT,1
AACCTTCCACCTAACC,1
AACCTTCCATTCCTAG,1
AACCTTCCCAGTTAAA,1
AACCTTCCCCCTAACC,1
AACCTTCCTCATAACC,1
AACCTTCCTCCTAAAC,1
AACCTTCCTCTTAACC,1
AACCTTCGGTCTTTAT,1
AACCTTCGTACTTGAT,1
AACCTTCGTTAGTAAA,1
AACCTTCTCTCTAACA,1
AACCTTCTGGAAACGT,1
AACCTTGACTACGACA,1
AACCTTGAGAGAACAA,1
AACCTTGAGCCAGAAG,1
AACCTTGAGTACGACG,1
AACCTTGATTGATCTC,1
AACCTTGCAATCTCAC,1
AACCTTGCACCTTAAA,1
AACCTTGGATTTAGAC,1
AACCTTTCCAACATAC,1
AACGAAAAAAAGAGAA,1
AACGAAAAAAATTAAA,1
AACGAAAAATTACAGC,1
AACGAAAAATTGAAAA,1
AACGAAAACATATTGT,1
AACGAAAACTTTTTCA,1
AACGAAAAGAAGTAAA,1
AACGAAAAGATCAGCT,1
AACGAAAAGCTCAACA,1
AACGAAAATACACATA,1
AACGAAACAACACATA,1
AACGAAACACGGTAAA,1
AACGAAACGACACATA,1
AACGAAACGATAATAT,1
AACGAAACTACAAATA,1
AACGAAACTACAAATT,1
AACGAAACTACACATC,1
AACGAAACTACATATC,1
AACGAAACTATACATA,1
AACGAAAGACTTAACT,1
AACGAAAGGTAATCGT,1
AACGAAAGTCTCAAAG,1
AACGAAATACCAACCA,1
AACGAAATATGAACTC,1
AACGAAATGGACCAAC,1
AACGAAATGGACCAAT,1
AACGAAATGGACCATA,1
AACGAAATGGACCGAA,1
AACGAAATGGATCAAA,1
AACGAAATGGGCCAAA,1
AACGAAATGTACCAAA,1
AACGAAATTACACATA,1
AACGAAATTCATACCA,1
AACGAAATTGATACCT,1
AACGAAATTTTGAATC,1
AACGAACAAAGCTTTT,1
AACGAACAAATCAATT,1
AACGAACAATTCCCAA,1
AACGAACACCCAACAG,1
AACGAACAGAAGTGAA,1
AACGAACAGATCTCCA,1
AACGAACAGGAGTAAA,1
AACGAACATCAGGAAT,1
AACGAACCATCAGGGA,1
AACGAACCCCTAACAG,1
AACGAACCCTCAACAG,1
AACGAACTACAAAGCT,1
AACGAACTACACAAAG,1
AACGAACTATACAAAA,1
AACGAACTGATATAAC,1
AACGAACTGCTAGAAA,1
AACGAACTGTTTAAGT,1
AACGAACTTGTTCAAC,1
AACGAAGACCTGCATC,1
AACGAAGAGAAGTAAA,1
AACGAAGAGAGTAATG,1
AACGAAGCCATCACTA,1
AACGAAGCTGGCTAGC,1
AACGAAGGAACGTACC,1
AACGAAGGACCGTTAC,1
AACGAAGGCAGGACAC,1
AACGAAGTACAGCAAT,1
AACGAAGTACCAAAAT,1
AACGAAGTGGACCAAA,1
AACGAATAGCGAAATG,1
AACGAATATCAGGAAT,1
AACGAATCAAATTCCA,1
AACGAATCCCGAATGA,1
AACGAATCCTCAACAC,1
AACGAATCTATGACAC,1
AACGAATGAATCACGA,1
AACGAATGAGCCGCCA,1
AACGAATGGATAATAT,1
AACGAATGGCATAAGA,1
AACGAATGTCCTACGT,1
AACGAATTGTTAGAAA,1
AACGAATTTTCACCCA,1
AACGACACCCTCCCGA,1
AACGACAGAGTGTATG,1
AACGACAGTAATTAAC,1
AACGACCATTACTTTA,1
AACGACCTCAGAAGTG,1
AACGACCTTCAGTCAT,1
AACGACGCACCGACCC,1
AACGACGCCATCACTC,1
AACGACGCTCTTTTTA,1
AACGACGCTTCGAGCT,1
AACGACGGATAAGATC,1
AACGACGGATGCATAA,1
AACGACGGGTCGATTA,1
AACGACGTCCACGCAA,1
AACGACTAAATTAGTT,1
AACGACTACAGGTCTT,1
AACGACTCAATACACG,1
AACGACTCACTTATAA,1
AACGACTCAGGTAGCG,1
AACGACTCATCCGCGG,1
AACGACTGATGCAGAA,1
AACGACTGCTATCACT,1
AACGACTGGTTTGACA,1
AACGACTGTTAGTTTT,1
AACGACTGTTATTTTC,1
AACGACTTAAGTCGAA,1
AACGACTTAATCATAC,1
AACGACTTACTCATCT,1
AACGACTTACTTATAC,1
AACGACTTATCTAGTA,1
AACGACTTCTTGTACA,1
AACGAGAAATATTAAA,1
AACGAGAAGACGGTTA,1
AACGAGAATCTACTAA,1
AACGAGAATGGGTCGT,1
AACGAGACACGATAGA,1
AACGAGAGCATGTTAT,1
AACGAGAGGCAAAAAC,1
AACGAGAGGCAGAGAC,1
AACGAGAGGTAGAAAC,1
AACGAGAGTCCGCAAA,1
AACGAGATGCAGAAAC,1
AACGAGATTCATACCT,1
AACGAGATTGTAAAAT,1
AACGAGCAACCTAACA,1
AACGAGCAATCGGTCG,1
AACGAGCACTTATTTA,1
AACGAGCATAATCATA,1
AACGAGCATACGTATC,1
AACGAGCCGAGATAGT,1
AACGAGCGATATAAAA,1
AACGAGGCCAGCCCTG,1
AACGAGGCTCACAGTA,1
AACGAGTAGAATTCAG,1
AACGAGTAGTCTTCGC,1
AACGAGTGATTTAAGT,1
AACGAGTTATTATACC,1
AACGATAAAAAATCAA,1
AACGATAAACGCTTGT,1
AACGATAACCCTGCTA,1
AACGATAAGAAGAAAC,1
AACGATAAGATTAACA,1
AACGATAAGGTCTACC,1
AACGATACAGCTCACC,1
AACGATACAGGTAACA,1
AACGATACTCTCGCAA,1
AACGATACTCTCGCCT,1
AACGATACTCTCTCCA,1
AACGATAGCACGACCC,1
AACGATAGGGGAAATA,1
AACGATATAGTCTTCT,1
AACGATATATACGACT,1
AACGATATATATGACC,1
AACGATATGTAGCACC,1
AACGATCACCCACTGA,1
AACGATCAGCCACTGA,1
AACGATCAGGGCTAAC,1
AACGATCATCAAATAT,1
AACGATCATTCAATAT,1
AACGATCCAGTCTTCT,1
AACGATCGGATGAGTT,1
AACGATCGTCCAATAT,1
AACGATCTTGAAGTGA,1
AACGATGACAACATAC,1
AACGATGCATAATACA,1
AACGATGCGATGAATC,1
AACGATGTCCCAAGGG,1
AACGATTATACCTGAG,1
AACGATTCAACCTGAG,1
AACGATTCGACCTGAG,1
AACGATTCTAACTGAG,1
AACGATTCTACATGAG,1
AACGATTCTACCCGAG,1
AACGATTCTACCTGAT,1
AACGATTCTACCTTAG,1
AACGATTCTGACGACG,1
AACGATTCTGCCGACA,1
AACGATTCTGCCGACT,1
AACGATTCTGCCTGAG,1
AACGATTCTGTCGACG,1
AACGATTGATAAGGTA,1
AACGATTGATCAGATA,1
AACGATTGATCATGTA,1
AACGATTGTACCTGAG,1
AACGATTTTTTTACCA,1
AACGCAAAACACAAAC,1
AACGCAAAAGAAAAAT,1
AACGCAAACATAACCA,1
AACGCAAACGACCCGG,1
AACGCAAAGATCTCCA,1
AACGCAAATGAGGATT,1
AACGCAACAACTAACA,1
AACGCAACGTGACGAC,1
AACGCAAGAATGAAGA,1
AACGCAAGACTCAAAG,1
AACGCAAGGCTCAAAG,1
AACGCAAGTCTCAAAT,1
AACGCAAGTCTCAATC,1
AACGCAAGTCTCGAAG,1
AACGCAATAAGCTTTA,1
AACGCACAAATCTCCA,1
AACGCACAACATGGAC,1
AACGCACACCCTTCAT,1
AACGCACACTAAATAT,1
AACGCACAGATCTCAA,1
AACGCACAGATCTCCT,1
AACGCACCAACATCGA,1
AACGCACCAGCGCTAA,1
AACGCACCGAATAGTA,1
AACGCACCGTTGGCAG,1
AACGCACCTACAAGGT,1
AACGCACCTCTTACAG,1
AACGCACGCAGATTGG,1
AACGCACTACAAAGAT,1
AACGCACTACCGGTTC,1
AACGCACTCTCACAGC,1
AACGCAGAAAAATAAT,1
AACGCAGCTCTGACGA,1
AACGCAGCTCTGACTC,1
AACGCAGCTCTGATGC,1
AACGCAGCTCTTACGC,1
AACGCAGGCGAGGAAT,1
AACGCAGGCGAGGTCT,1
AACGCAGTCGAGGACT,1
AACGCATAAAAAAACC,1
AACGCATAAAGACTTG,1
AACGCATAAGGACACA,1
AACGCATAATTTATAC,1
AACGCATACGCTAACA,1
AACGCATCTCGCGGTG,1
AACGCATGAGAATAAT,1
AACGCATGGGAATCAT,1
AACGCATTACATACCT,1
AACGCCAAGGGTGAAA,1
AACGCCAATCGAATTC,1
AACGCCACCAACCATT,1
AACGCCACCCCAAACA,1
AACGCCACCTGTATCC,1
AACGCCATACAATACG,1
AACGCCATTGAGAGCT,1
AACGCCATTGGATGGA,1
AACGCCCATAAATGCT,1
AACGCCCGAACCCGAA,1
AACGCCCTACCATTTA,1
AACGCCCTATGGGCCT,1
AACGCCGGAATGAAGA,1
AACGCCTGATACCTTA,1
AACGCCTTAACGCAAA,1
AACGCCTTAGTTGCTG,1
AACGCCTTGTGGTTGA,1
AACGCGAAGAAAGCTT,1
AACGCGAATATACTAA,1
AACGCGAGTCTCAAAG,1
AACGCGCATCGTCTAA,1
AACGCGCCCATAATCG,1
AACGCGCGCACATTAA,1
AACGCGCTAACGGTTC,1
AACGCGCTACAATAGT,1
AACGCGCTACAGGTTC,1
AACGCGCTCATAGTCG,1
AACGCGCTCCCAGACT,1
AACGCGCTGAGTAACC,1
AACGCGTCCACGTCAG,1
AACGCGTCCGCCCCAA,1
AACGCGTCCTAAACCT,1
AACGCGTCCTTCCCAA,1
AACGCGTCGTAATTTG,1
AACGCGTTACCGGTTC,1
AACGCGTTAGCATCGA,1
AACGCTAAAATGTAAT,1
AACGCTAAGTCCAGAT,1
AACGCTAAGTCCATCT,1
AACGCTACACAAAATT,1
AACGCTACACGTAACA,1
AACGCTACATGTAACA,1
AACGCTACCCTCGGAA,1
AACGCTACCGAAATGA,1
AACGCTATAATCCAGC,1
AACGCTATCAACCTAT,1
AACGCTATTTAACTCA,1
AACGCTATTTTCGACA,1
AACGCTCAAAAAGGAA,1
AACGCTCAAGCAGCGC,1
AACGCTCATTAATCCT,1
AACGCTCCAGAACCGA,1
AACGCTCCCGAACAGA,1
AACGCTCCCTAACCGA,1
AACGCTCTCATAATCG,1
AACGCTCTTGGAGTGA,1
AACGCTGAACAAAATT,1
AACGCTGACATCAAAG,1
AACGCTGACGCTTTTT,1
AACGCTGCATAAAATT,1
AACGCTTAATATAATT,1
AACGCTTAATGAAGTA,1
AACGCTTAATGTAGTA,1
AACGCTTACCATAATT,1
AACGCTTATCCTCAAT,1
AACGCTTATGGCTAGT,1
AACGCTTCCGAACCGA,1
AACGCTTCTCGTAAAG,1
AACGCTTTAACATCGA,1
AACGCTTTCGCGCATT,1
AACGGAAATACCCTTA,1
AACGGAAATCTCATCA,1
AACGGAATACTGTATA,1
AACGGAATAGCTAAAC,1
AACGGAATATGAACCC,1
AACGGAATATGAACTA,1
AACGGAATATGACACT,1
AACGGAATGTAAACAA,1
AACGGACATCCCATCA,1
AACGGACCTAAAACTT,1
AACGGACTAGGATCGC,1
AACGGAGCGTCAATAG,1
AACGGAGGGTCACGTT,1
AACGGAGTTTGCTAAA,1
AACGGATAACCTTACC,1
AACGGATAATCCAGAG,1
AACGGATACAGTGGTG,1
AACGGATATGATGAGA,1
AACGGATATGTACGTA,1
AACGGATCAGAACAAT,1
AACGGATGCTTACAAA,1
AACGGATGGGCAGGGT,1
AACGGATGTATATCGC,1
AACGGATGTTGCACAA,1
AACGGCAAAAGTGTAA,1
AACGGCACTAGTTCGC,1
AACGGCACTGACCAGC,1
AACGGCCAGTTCAGCC,1
AACGGCCCAAAAACTT,1
AACGGCCTAAATTTAT,1
AACGGCGTTAATCACG,1
AACGGCTCCACGTCTC,1
AACGGGACAATTATCA,1
AACGGGAGCCAGATGG,1
AACGGGCCTACCATAC,1
AACGGGCTCTAAAAAA,1
AACGGGCTTCAAAACG,1
AACGGGGCACCTATCT,1
AACGGGGGATACGTCA,1
AACGGGGGCAATAGCT,1
AACGGGGTATCAATTA,1
AACGGGTAAATGGATT,1
AACGGGTAGGTCAGGC,1
AACGGGTCGTCAATAG,1
AACGGGTTTTGAGATC,1
AACGGTATTCCACAGC,1
AACGGTCAAGAATATC,1
AACGGTCCTCCACAGC,1
AACGGTCTAATAAGTT,1
AACGGTCTACTAAATT,1
AACGGTCTCGAAACAC,1
AACGGTCTTCCAAAGC,1
AACGGTGAAATCGTCA,1
AACGGTGTACTAAGTT,1
AACGGTGTGCAGATCC,1
AACGGTTAAAAACTCA,1
AACGGTTACTATAATT,1
AACGGTTAGGACTAAA,1
AACGGTTCAAGCACGT,1
AACGGTTCATGAAGTT,1
AACGGTTGAAGGATAC,1
AACGTAAACAAGGCAT,1
AACGTAAAGCATGAAC,1
AACGTAACATCAAACT,1
AACGTAACCGCGAACA,1
AACGTAACCGCTCTGT,1
AACGTAACTAGCAACA,1
AACGTAACTCAAACCC,1
AACGTAACTTGGATGA,1
AACGTAAGACGCCCCT,1
AACGTAAGTCTCAAAG,1
AACGTAAGTTGTATAG,1
AACGTAATACATTTAT,1
AACGTAATATGAACTC,1
AACGTAATCACTACTC,1
AACGTAATTAGCAAAG,1
AACGTAATTGGCAGAG,1
AACGTAATTGTCAAAG,1
AACGTAATTTGCAAAG,1
AACGTACAGGAATCAC,1
AACGTACATCTATCGA,1
AACGTACCACACTTCA,1
AACGTACCATGAATTT,1
AACGTACCCTCGTGAT,1
AACGTACCGAACTTCA,1
AACGTACCTACCTGCT,1
AACGTACGCATCAGTC,1
AACGTACTCCGAGGAT,1
AACGTACTGCCAAAGT,1
AACGTAGAAAGGAAAG,1
AACGTAGAATAAGGAA,1
AACGTAGAGATCGATC,1
AACGTAGTATAACGTG,1
AACGTATATCGTCTCT,1
AACGTATATTTAAAAC,1
AACGTATCCGCAGAGG,1
AACGTATGCTTATAAA,1
AACGTATTTAAAGAAA,1
AACGTATTTTTAAAAA,1
AACGTCAAGACTTGAT,1
AACGTCAATTCTAAAT,1
AACGTCAGAACGAAAA,1
AACGTCAGAATGAAGA,1
AACGTCAGGCCAAGGT,1
AACGTCAGTGCTAAAT,1
AACGTCATAGTGGCAT,1
AACGTCATCACTCCTT,1
AACGTCATTGACATAC,1
AACGTCCCACTTAACA,1
AACGTCGAAACGACTC,1
AACGTCGAATAAAGCA,1
AACGTCGAGGGTTCCA,1
AACGTCTCAGACTGCT,1
AACGTCTCAGAGGAGA,1
AACGTCTCGAAAAACC,1
AACGTCTTAAACAAGC,1
AACGTCTTAAGCCTCT,1
AACGTCTTACTCCTCT,1
AACGTCTTAGACCCTT,1
AACGTCTTAGACTACT,1
AACGTCTTTAGGCAAA,1
AACGTGAATCTACTAA,1
AACGTGACATTAACAA,1
AACGTGAGGCAGAAAC,1
AACGTGATAAATGACG,1
AACGTGATACATGACT,1
AACGTGATACATGAGG,1
AACGTGATACATTACG,1
AACGTGATGCATGACG,1
AACGTGCTACGATCCG,1
AACGTGCTTCAATCCG,1
AACGTGCTTCGACCCG,1
AACGTGCTTCGATCAG,1
AACGTGCTTCGATCCC,1
AACGTGCTTCGATCCT,1
AACGTGCTTCGTTCCG,1
AACGTGGAAAACAGAG,1
AACGTGGGAGATTCTT,1
AACGTGGGGTGGTTTT,1
AACGTGGTACTGTTAG,1
AACGTGGTTCGATCCG,1
AACGTGGTTGATCACA,1
AACGTGTACAAACTTA,1
AACGTGTAGTCACGAA,1
AACGTGTCAAAGTAAA,1
AACGTGTGATTATGGT,1
AACGTGTGATTTAAGT,1
AACGTGTTAGACTGCT,1
AACGTGTTGGTTGTTC,1
AACGTGTTGTTTGTGC,1
AACGTTAAACCGCGAA,1
AACGTTAATACACTTA,1
AACGTTACACGATAAG,1
AACGTTAGAACGACGG,1
AACGTTAGCATGTTAA,1
AACGTTAGTAAATGAG,1
AACGTTATCACGATAC,1
AACGTTATTTTGTTAA,1
AACGTTCAGGGAATCA,1
AACGTTCCATACGCCG,1
AACGTTCCCTTGCGGA,1
AACGTTCTTCCACAGC,1
AACGTTGAATCAGATT,1
AACGTTGATTTCAGTT,1
AACGTTGCAATATACC,1
AACGTTGGCCGTAAAT,1
AACGTTGGGAAGAGCA,1
AACGTTGGTGGCAAAA,1
AACGTTGTATATATCA,1
AACGTTTACAGAGAGA,1
AACGTTTCACTTATTA,1
AACGTTTCACTTTTTA,1
AACGTTTCGCTTCTTA,1
AACGTTTTGGTTGTGC,1
AACTAAAAAAAAAAAA,1
AACTAAAAAGAATCTT,1
AACTAAAAAGTTCTTG,1
AACTAAAACGCTGGAA,1
AACTAAAAGTACACTC,1
AACTAAAATTGAATAA,1
AACTAAACAAAACAAA,1
AACTAAACATAAAAAG,1
AACTAAACCAACATTC,1
AACTAAACGAACATGC,1
AACTAAACTAGCGAGA,1
AACTAAAGTTATTTGA,1
AACTAAATCATAAAAT,1
AACTAAATGGACCAAA,1
AACTAACAAATTCTTG,1
AACTAACAAGCAAAGT,1
AACTAACACCAAGAAC,1
AACTAACACCAAGAGT,1
AACTAACACCAGGAAT,1
AACTAACACTTGGAAA,1
AACTAACAGCGCGTAT,1
AACTAACATAGCTCAT,1
AACTAACATGTAACTT,1
AACTAACCCAGAGACT,1
AACTAACCCCTTTGCG,1
AACTAACGACCTTCGT,1
AACTAACGGTCTACGT,1
AACTAACTCCTTTGGG,1
AACTAACTTCCATGGT,1
AACTAACTTCTTCATC,1
AACTAACTTTACACTA,1
AACTAAGAACATGAGA,1
AACTAAGAACCCAGAA,1
AACTAAGAAGCATAGA,1
AACTAAGAATTATTTG,1
AACTAAGCTAACCAAG,1
AACTAAGGAGCACAGA,1
AACTAAGGTGACCATT,1
AACTAAGTTATACGGC,1
AACTAATAATCCGACA,1
AACTAATATAGTCTCC,1
AACTAATCCTTTCGCT,1
AACTAATCTTTTTAAC,1
AACTAATGCTTAGTTA,1
AACTAATGGAACAACT,1
AACTAATGTTCACTAA,1
AACTAATTAAATCCCA,1
AACTAATTATGCATTC,1
AACTACAAAAAGAATA,1
AACTACAACTGGACTA,1
AACTACAATATCGAAG,1
AACTACACGCAAGAAA,1
AACTACACGCACCGAC,1
AACTACACTAAAGAAA,1
AACTACACTTGCCATC,1
AACTACAGAATCTAGA,1
AACTACAGGTGACCGC,1
AACTACAGTTATCTGA,1
AACTACAGTTATTTGG,1
AACTACATACTGGTGT,1
AACTACATATATCAAA,1
AACTACCAAGCGAGCG,1
AACTACCACATCGAAG,1
AACTACCAGATCGAAG,1
AACTACCAGCGCCTAT,1
AACTACCAGCGCGTAC,1
AACTACCAGCTCGTAT,1
AACTACCAGTGCGTAT,1
AACTACCATATCGAAA,1
AACTACCATCGCGTAT,1
AACTACCGGCGCGTAT,1
AACTACCGTCAAAGAT,1
AACTACGAGACACAAT,1
AACTACGATAGAATCA,1
AACTACGCCATCACTA,1
AACTACGGTAGAATCG,1
AACTACTACCGGACGA,1
AACTACTATAGAATCG,1
AACTACTCACAACATC,1
AACTACTCACATTACC,1
AACTACTCGCAACACC,1
AACTACTCGCAATATC,1
AACTACTCGTCCATCG,1
AACTACTGGAAGGGTT,1
AACTACTGTGAGGTCA,1
AACTAGATACCCAACG,1
AACTAGCAGATATACT,1
AACTAGCAGCAATTAT,1
AACTAGCAGTACTCTG,1
AACTAGCATCTGAACC,1
AACTAGCATGCACACC,1
AACTAGCATTTCTGTT,1
AACTAGCCAAGTTAAC,1
AACTAGCCTTACACTA,1
AACTAGCTGTGCCCTA,1
AACTAGCTTTGCACTA,1
AACTAGGAAATCCTTT,1
AACTAGGAGATCCGTT,1
AACTAGGAGCAGACCC,1
AACTAGGATTAACAAA,1
AACTAGGCACTCTGGC,1
AACTAGGCCCCGTGCT,1
AACTAGGGAGTAAAGG,1
AACTAGGGTGTCATAC,1
AACTAGGTCACTAAGT,1
AACTAGGTCATTTAAA,1
AACTAGGTGGGTGCGG,1
AACTAGTAAAATCAAT,1
AACTAGTATATTAAGA,1
AACTAGTCCCAACACA,1
AACTAGTCTAAACGGA,1
AACTAGTCTCGAGCGA,1
AACTAGTGCTTAGTTA,1
AACTAGTTTAAATACG,1
AACTATAAAAACTCGA,1
AACTATAAAAGTTTAC,1
AACTATAAATTTAAGT,1
AACTATAAGCAGCAAC,1
AACTATAATCAAGTTA,1
AACTATAATGTTGCAC,1
AACTATACCCACGATT,1
AACTATACTGACGCTT,1
AACTATAGCACTCACG,1
AACTATATAAGATCAG,1
AACTATATTTTCAGCA,1
AACTATCACCAAGAAT,1
AACTATCACTACAGCG,1
AACTATCAGCCCTGGC,1
AACTATCATCCACTGA,1
AACTATCATTGAAAAC,1
AACTATCATTGCAAAA,1
AACTATCATTGCAAGC,1
AACTATCCAAAACAAA,1
AACTATCCAATACACA,1
AACTATCCATCTCTAA,1
AACTATCCTATATTAT,1
AACTATCGAAAGCGGA,1
AACTATCGGTTAAGCC,1
AACTATCGTACTTATG,1
AACTATCTCATTTCAA,1
AACTATCTCCCCGTAG,1
AACTATCTTTAACTCA,1
AACTATCTTTTACTCA,1
AACTATGAGTAAGCAT,1
AACTATGAGTAATCAG,1
AACTATGCAATTAACA,1
AACTATGGAAATCTAA,1
AACTATGGACTCAACA,1
AACTATGTAATCGCAC,1
AACTATGTTGAGGGCA,1
AACTATTAAATACCAG,1
AACTATTAAGACTTGT,1
AACTATTACCTAAAGT,1
AACTATTAGGAAACGT,1
AACTATTAGGAACAGT,1
AACTATTAGGAACCTT,1
AACTATTAGGAAGCGT,1
AACTATTAGGGACCGT,1
AACTATTCAGAATTGT,1
AACTATTCAGAGTTGT,1
AACTATTCAGATTTGT,1
AACTATTCATACTTGT,1
AACTATTCATCGCTCA,1
AACTATTCGGACTTGT,1
AACTATTGATCAGGTA,1
AACTATTGCTTTGGTG,1
AACTATTGGGAACCGT,1
AACTATTGGGAGTTTT,1
AACTATTTAAGATATA,1
AACTCAAAAGCGAAGA,1
AACTCAAATAACCAAG,1
AACTCAAATTAATCAG,1
AACTCAACCGAGAAGG,1
AACTCAACCGAGTAGG,1
AACTCAACTCAAGCAC,1
AACTCAATAACATACA,1
AACTCAATGATCAAGC,1
AACTCAATTATTTGCT,1
AACTCACAGATCTCCA,1
AACTCACATCAAGGCT,1
AACTCACATTATCGAA,1
AACTCACCAAAGAAAC,1
AACTCACGGAATTGTG,1
AACTCACGGACTTATG,1
AACTCACGGACTTGTC,1
AACTCACGTACTTGTG,1
AACTCAGAATTCGTCC,1
AACTCAGATAAACATG,1
AACTCAGCAAACTTGA,1
AACTCAGCGTACCACT,1
AACTCAGCTCTGACGC,1
AACTCATAACAGAAGA,1
AACTCATACACATAAT,1
AACTCATACACGGAAT,1
AACTCATACATAGAAT,1
AACTCATATAATCATC,1
AACTCATATATTCTCC,1
AACTCATCAAATCATC,1
AACTCATCCACTAGTA,1
AACTCATCTAATAATC,1
AACTCATCTGATCATC,1
AACTCATGATTAGTTA,1
AACTCATGCCAACGGA,1
AACTCATGGACTTGTG,1
AACTCATTAATGTTAA,1
AACTCATTACAACGAT,1
AACTCATTCCCGCAAT,1
AACTCATTCTGTAATG,1
AACTCATTCTTAGTTA,1
AACTCCAAATAGTATC,1
AACTCCAAGATTCTAC,1
AACTCCAAGCATATGA,1
AACTCCACAAAGAAAC,1
AACTCCACCAACGCAC,1
AACTCCACTAGGGTCC,1
AACTCCAGAACATCAT,1
AACTCCATATCTTCAA,1
AACTCCATGCGTTAAG,1
AACTCCATTATTTGAT,1
AACTCCATTTTTTGCT,1
AACTCCCAAAAGAAAC,1
AACTCCCCAAAGAAAA,1
AACTCCCCAAAGAAGC,1
AACTCCCCAAAGGAAC,1
AACTCCCCAAATAAAC,1
AACTCCCCCGAAAGTC,1
AACTCCTAACCGGACC,1
AACTCCTACCCCATCA,1
AACTCCTAGCCCATAA,1
AACTCCTAGCGATCTT,1
AACTCCTATCCGGAGT,1
AACTCCTCCATTTGAC,1
AACTCCTGGCCCATCA,1
AACTCCTTATTTAAAA,1
AACTCGAAAAACAGGT,1
AACTCGACAACGACAT,1
AACTCGAGCTTAGTTG,1
AACTCGAGGGTAGTTG,1
AACTCGATCAATACCT,1
AACTCGCAATACTCTG,1
AACTCGCAGTAATCTG,1
AACTCGCAGTACTCTT,1
AACTCGCTACCGGTTC,1
AACTCGCTCATAATCG,1
AACTCGCTGAAGGACC,1
AACTCGCTTTAGAGTT,1
AACTCGGATAACGCTA,1
AACTCGGGGCCTATAT,1
AACTCGGGTGCAGTCT,1
AACTCGTACGACATGC,1
AACTCGTAGAAAGCTT,1
AACTCGTCCGTCCCAA,1
AACTCGTCGCCAAGGG,1
AACTCGTCGCTTAACT,1
AACTCGTGATTTAAGT,1
AACTCGTTATTTAAGT,1
AACTCGTTGCAACGAT,1
AACTCGTTGTCATGCC,1
AACTCTAAACGATGCA,1
AACTCTAAGAATGTGG,1
AACTCTAAGCAATTAT,1
AACTCTAAGTCCAGCT,1
AACTCTAATAAGCACT,1
AACTCTACAGGTAACA,1
AACTCTATACAGTCCG,1
AACTCTATTAAACACA,1
AACTCTATTAACCACT,1
AACTCTATTTAATTCC,1
AACTCTCACAGAAAGC,1
AACTCTCCCGAACCGA,1
AACTCTCCTCATAAAT,1
AACTCTCGGGTACGGA,1
AACTCTCTCATAATCG,1
AACTCTCTTGAAGTGA,1
AACTCTGAATAAGTAA,1
AACTCTGATTATGCGC,1
AACTCTGGGTACCTTA,1
AACTCTGGTGCCGACC,1
AACTCTGTACAGTCCT,1
AACTCTTACACAGAAT,1
AACTCTTACGACATGT,1
AACTCTTACTATAATT,1
AACTCTTTTCCCGGGT,1
AACTGAAAAACGGCAC,1
AACTGAAAACCTGCAC,1
AACTGAAAACGATGCT,1
AACTGAAAACTGGCAC,1
AACTGAAAAGTTCCAC,1
AACTGAAAATCGGCAC,1
AACTGAAACACCTCAA,1
AACTGAAAGCCGGCAC,1
AACTGAAATATAACAC,1
AACTGAAATTTAAATA,1
AACTGAAATTTAAGGC,1
AACTGAAATTTCGGGC,1
AACTGAAATTTGCAGC,1
AACTGAACAGCTCCAC,1
AACTGAACAGTTCCGC,1
AACTGAACATTTCCAC,1
AACTGAACTAATCAGT,1
AACTGAACTACATACA,1
AACTGAACTACATTAA,1
AACTGAAGAACTAATT,1
AACTGAAGAGTTCCAC,1
AACTGAATAGTTCCAC,1
AACTGAATTTCCTACG,1
AACTGACAAACATCTA,1
AACTGACAAAGAATAA,1
AACTGACCAAGTCCAC,1
AACTGACCAAGTGCAA,1
AACTGACCGTCAATGT,1
AACTGACCTTTCATGA,1
AACTGACGCTAAGTCC,1
AACTGACTACCATATC,1
AACTGACTCTAAGCCC,1
AACTGACTTAGGACAC,1
AACTGAGAATACTAAT,1
AACTGAGATACCATAC,1
AACTGATAACGATGAT,1
AACTGATAACGATTCT,1
AACTGATCTTAAATTT,1
AACTGATGAAGAGGAA,1
AACTGATGTAGGCGAG,1
AACTGATGTCAATTCC,1
AACTGATTAACTGAAG,1
AACTGATTATCAATGT,1
AACTGCAAGCAAAAGA,1
AACTGCAAGCTATCCA,1
AACTGCAAGTAAAAGC,1
AACTGCAATCAAAAGC,1
AACTGCAATCGATAGT,1
AACTGCACAAAAACAA,1
AACTGCATACAAGTAA,1
AACTGCCAAGCCGTCC,1
AACTGCCACACCTTAA,1
AACTGCCACAGTACGT,1
AACTGCCACGCCGTAC,1
AACTGCCACGCCTTCC,1
AACTGCCAGTAGATGG,1
AACTGCCAGTCGATGT,1
AACTGCCATAAGGACT,1
AACTGCCATACATTCT,1
AACTGCCCAAATGACC,1
AACTGCCGACCATTAC,1
AACTGCCTAAGCCACA,1
AACTGCGAACTTAACC,1
AACTGCGCAATTAACA,1
AACTGCTACTGCCTTG,1
AACTGCTTACATATCA,1
AACTGCTTTCTATACT,1
AACTGGAACCCACCAA,1
AACTGGAACGTAAGTT,1
AACTGGAAGTTTTAAA,1
AACTGGAATCCAGCAA,1
AACTGGACCCGCTGAA,1
AACTGGAGTGCACATG,1
AACTGGATCAGCTGAA,1
AACTGGATCCGATGAA,1
AACTGGATCCGCTGAT,1
AACTGGATCCGCTTAA,1
AACTGGATGCGCTGAA,1
AACTGGCATAAGTACT,1
AACTGGCATCCCCTTC,1
AACTGGCCTAAATGTA,1
AACTGGCCTGATAGAG,1
AACTGGCGTAAATAAT,1
AACTGGCGTAAGGACT,1
AACTGGGAAATCCGTT,1
AACTGGGAAATTATAT,1
AACTGGGTTAAATAAT,1
AACTGGTACGTGACAA,1
AACTGGTCGGTAGTGA,1
AACTGGTCGTGAGTGA,1
AACTGGTCTATTGGCG,1
AACTGGTGAGTGCGTT,1
AACTGGTGCATGACAA,1
AACTGGTGCCTGACAA,1
AACTGGTGCGCACGAT,1
AACTGGTGCGTTACAA,1
AACTGGTGCTTGACAA,1
AACTGGTGGGTGACAA,1
AACTGGTGTGTGACAA,1
AACTGTAAGCCTTCTT,1
AACTGTACAAAATAGT,1
AACTGTACAATTAACA,1
AACTGTATCCGCTGAA,1
AACTGTCAGCGAATAT,1
AACTGTCTAGATACTA,1
AACTGTGAGACAACAA,1
AACTGTGATAAGTGAC,1
AACTGTGATTAAATAT,1
AACTGTGTTCAACACA,1
AACTGTTACAATACAG,1
AACTGTTACACAATTA,1
AACTGTTACACAATTG,1
AACTGTTAGTCCAAAT,1
AACTGTTCCTGGACCT,1
AACTGTTTTATATACT,1
AACTTAAAAAATAGAA,1
AACTTAAAAGTGTAAC,1
AACTTAAAATTGTTCT,1
AACTTAAACGAAAAAT,1
AACTTAAATGGAGAAC,1
AACTTAACAAAGAAAA,1
AACTTAACAAGGACAA,1
AACTTAACATATCGGT,1
AACTTAACGTAATTTG,1
AACTTAACTAGCCAAC,1
AACTTAACTTAATCTG,1
AACTTAACTTAATTTT,1
AACTTAAGACTGATAA,1
AACTTAAGATCGAACT,1
AACTTAAGTCATGCGA,1
AACTTAATATACACCA,1
AACTTAATGGACTTTG,1
AACTTACAAAAAATGG,1
AACTTACAAAAAGGAG,1
AACTTACAAGAAGTAC,1
AACTTACAATCCAGAA,1
AACTTACATAGTAACA,1
AACTTACCAGAAGTAA,1
AACTTACCCCATAACA,1
AACTTACCGGAAGTAC,1
AACTTACCGGGTAAAC,1
AACTTACCTCATAACA,1
AACTTACTGGTGACTA,1
AACTTAGAACTGTCTA,1
AACTTAGACTAGTTAG,1
AACTTAGACTGAGAAC,1
AACTTAGATCACCTCG,1
AACTTAGCAAGAGGGC,1
AACTTAGCAGCATAAA,1
AACTTAGCATTACCCG,1
AACTTAGCCATAACCG,1
AACTTAGCCATACCCT,1
AACTTAGCCATATTAC,1
AACTTAGCGAAGAGTA,1
AACTTAGCTTAATTTG,1
AACTTAGGATACAGTA,1
AACTTAGGGCACCTCC,1
AACTTAGTAACAACTA,1
AACTTAGTAGCATAGC,1
AACTTAGTAGCCCAGC,1
AACTTAGTAGCCTATC,1
AACTTAGTAGTATGAT,1
AACTTAGTCAGGCTCT,1
AACTTAGTCCATACAA,1
AACTTAGTTTCTAATC,1
AACTTAGTTTCTCACC,1
AACTTAGTTTGAAATA,1
AACTTAGTTTGATATC,1
AACTTATAACACGACT,1
AACTTATAGACGATCG,1
AACTTATAGCCGAGAT,1
AACTTATATGAATCTT,1
AACTTATATGTCCCAA,1
AACTTATCAAATCTCG,1
AACTTATCAGTCCCAA,1
AACTTATCCATACCCG,1
AACTTATCCGCATAAA,1
AACTTATCGGTCCCAA,1
AACTTATCTATCAGCC,1
AACTTATCTATCCTCC,1
AACTTATCTGCCCCAA,1
AACTTATCTGTACCAA,1
AACTTATCTGTCACAA,1
AACTTATCTGTCCCTA,1
AACTTATCTGTTCCAA,1
AACTTATGAGCTATTG,1
AACTTATGGGCTATTG,1
AACTTATGTAACAGAA,1
AACTTATGTCCTATTG,1
AACTTATGTGCTATTA,1
AACTTATGTGCTATTT,1
AACTTATGTGCTTTTG,1
AACTTATTGACAATAC,1
AACTTATTTCAGTCTA,1
AACTTATTTGTCCCAA,1
AACTTCAAAAAGTAAC,1
AACTTCAAACGGAATT,1
AACTTCAAATTATAAT,1
AACTTCAAATTTCAGT,1
AACTTCAACATGTTTA,1
AACTTCACTGGTAATA,1
AACTTCAGATCCACTT,1
AACTTCAGGCATGCGA,1
AACTTCATAGATACGC,1
AACTTCATTGAACTCA,1
AACTTCCAAATTCACG,1
AACTTCCAAATTTTAC,1
AACTTCCACGCCGTCC,1
AACTTCCAGTCGATGG,1
AACTTCCCCGTACATA,1
AACTTCCCTTCAACGA,1
AACTTCCGATGGCAAA,1
AACTTCCTATATAGCC,1
AACTTCCTCACACTCT,1
AACTTCGAACTCTAGT,1
AACTTCGCGCTACTGC,1
AACTTCGTTCATAGTT,1
AACTTCTAATCCAAAA,1
AACTTCTAGCAGAACA,1
AACTTCTAGGCGATCG,1
AACTTCTCTAAGAATC,1
AACTTCTCTCAAGAAT,1
AACTTCTCTGTATCAC,1
AACTTCTGCTTAATAT,1
AACTTCTGTAGCATCA,1
AACTTCTTACGAATTT,1
AACTTCTTATTTGAAA,1
AACTTGAAAGGATTAA,1
AACTTGACAAAGACAA,1
AACTTGAGAAACAATT,1
AACTTGAGTCGATGAT,1
AACTTGATAAACGGTA,1
AACTTGATCCGCTGAA,1
AACTTGCAAAAAATGT,1
AACTTGCAAAGAATGG,1
AACTTGCAAGCTACCG,1
AACTTGCACAACGACA,1
AACTTGCAGAAAATGG,1
AACTTGCGAAAAATGG,1
AACTTGCTATTCGCGC,1
AACTTGCTTCGATCCG,1
AACTTGGAAAAAATGG,1
AACTTGGAGGAGACCC,1
AACTTGGGTAAATAAT,1
AACTTGTAAAAAATGG,1
AACTTGTAAAACGCCA,1
AACTTGTAATACATTG,1
AACTTGTACTAATTAG,1
AACTTGTCAAGAATAT,1
AACTTGTCAATGAAGG,1
AACTTTAAATACATGT,1
AACTTTAAATCGAGAT,1
AACTTTAACAAAGGCG,1
AACTTTAACAACGTCG,1
AACTTTAACGCGATAC,1
AACTTTAACTCAAGAG,1
AACTTTAAGTACCTGT,1
AACTTTAAGTCCGTAA,1
AACTTTAAGTTCGAAA,1
AACTTTACAGGTTACC,1
AACTTTACTACGAAAG,1
AACTTTAGAACGACGA,1
AACTTTAGCAACTATA,1
AACTTTCAAAGAAAGC,1
AACTTTCACAGAAAGG,1
AACTTTCACAGAGAGC,1
AACTTTCACATAAAGC,1
AACTTTCATCGTGTTC,1
AACTTTCATGAGAAAC,1
AACTTTCCAATGCTAT,1
AACTTTCCAATGCTCC,1
AACTTTCCAATGCTCG,1
AACTTTCCATATGCCG,1
AACTTTCGCAGAAAGC,1
AACTTTCTACCCATGA,1
AACTTTGAACATTATA,1
AACTTTGACGACAATA,1
AACTTTGAGAGACAAC,1
AACTTTGCATGTCATT,1
AACTTTGCCATCAGAC,1
AACTTTGCCATGAGAA,1
AACTTTGCGCAAGGAT,1
AACTTTGCGCATATGA,1
AACTTTGCTAATATGA,1
AACTTTGCTCATATTA,1
AACTTTGGATAATAAA,1
AACTTTGGGTAATAAC,1
AACTTTTCCCTTGTGT,1
AACTTTTCCGTATCAC,1
AACTTTTCTCATATGA,1
AACTTTTCTGTATTAC,1
AACTTTTGGAATTTCG,1
AACTTTTGTCTTATTC,1
AACTTTTTATCACTCA,1
AAGAAAAAACCACCAG,1
AAGAAAAAATCAAAAG,1
AAGAAAAACCGGAACG,1
AAGAAAAACGCCTAAA,1
AAGAAAAACTAACCGC,1
AAGAAAAACTACCTAA,1
AAGAAAAACTGTCATC,1
AAGAAAAAGAAAACAG,1
AAGAAAAAGATGATGC,1
AAGAAAAAGCGAGTAT,1
AAGAAAAAGCTGGATT,1
AAGAAAAAGGCCCGAC,1
AAGAAAAAGTGGAAAG,1
AAGAAAACAACCAACC,1
AAGAAAACATTCCACA,1
AAGAAAACCCCAGTGG,1
AAGAAAACTATGTCCA,1
AAGAAAACTTAGAATT,1
AAGAAAAGAAAACTGA,1
AAGAAAAGACTGGTGT,1
AAGAAAAGGATGCCTG,1
AAGAAAAGGCTGGTGC,1
AAGAAAAGGCTGTTGT,1
AAGAAAATAAAGTATA,1
AAGAAAATACAAACTT,1
AAGAAAATATCAGCAG,1
AAGAAAATCAAAACTG,1
AAGAAAATCTATAAAT,1
AAGAAAATCTCTAAAT,1
AAGAAAATCTTTAAAT,1
AAGAAAATGAAGTGTA,1
AAGAAAATGCCCGTAG,1
AAGAAAATGCTGAGTA,1
AAGAAAATGTCCGCAG,1
AAGAAAATTATGTTCA,1
AAGAAAATTCAATAAT,1
AAGAAACAAATAAATA,1
AAGAAACACAAAAACA,1
AAGAAACACTAATTGC,1
AAGAAACAGATAAACA,1
AAGAAACAGATGCTTT,1
AAGAAACATTGGAAAG,1
AAGAAACCCAACTAAA,1
AAGAAACGCCTGGTAT,1
AAGAAACGGAGTTTAG,1
AAGAAACGGCGCAGGT,1
AAGAAACTAATAAGAC,1
AAGAAACTGAAAAAGA,1
AAGAAACTTATAAAGC,1
AAGAAACTTCCCAACA,1
AAGAAACTTCTGCACT,1
AAGAAACTTCTGTACG,1
AAGAAACTTTTGGCTT,1
AAGAAACTTTTGTCCT,1
AAGAAAGAAAGTTAAT,1
AAGAAAGAGTAAAAAT,1
AAGAAAGAGTAAAGAG,1
AAGAAAGAGTAAGAAG,1
AAGAAAGCCGGTCGAG,1
AAGAAAGCGCTACATA,1
AAGAAAGCTCCAAATA,1
AAGAAAGGCAAGCATG,1
AAGAAAGGCTGGCCGA,1
AAGAAAGGGTAAAAAA,1
AAGAAAGTCGAGCAAG,1
AAGAAAGTGAAAAGCC,1
AAGAAAGTGACATCAC,1
AAGAAATAAGTAAGGT,1
AAGAAATAATCAGAAC,1
AAGAAATACATGCAAA,1
AAGAAATATGATGAAA,1
AAGAAATATTACGAGT,1
AAGAAATCAATGACAA,1
AAGAAATCATACACCC,1
AAGAAATCTCCAAATC,1
AAGAAATTAGCATGCT,1
AAGAAATTGATCCACG,1
AAGAACAAACAATACA,1
AAGAACAACCAGAACG,1
AAGAACAACCCAACAG,1
AAGAACAACCGGAAAG,1
AAGAACAACCGGGACG,1
AAGAACAACCGTAACG,1
AAGAACAACGGAATGG,1
AAGAACAAGGCCCAAC,1
AAGAACAAGGCCCGAT,1
AAGAACAAGTCCCGAC,1
AAGAACAATCGGAACG,1
AAGAACAATGCCCGAC,1
AAGAACAATGTTGGTT,1
AAGAACACACTCGATA,1
AAGAACACCAATCAAA,1
AAGAACACTCAAATTA,1
AAGAACAGGGCCCGAC,1
AAGAACATACGCACAT,1
AAGAACATATAATAAG,1
AAGAACATATGCCCTT,1
AAGAACCACATAGATC,1
AAGAACCACGGACCAG,1
AAGAACCATGCCGGAC,1
AAGAACCCCCTTTCCA,1
AAGAACCCCGATCAAC,1
AAGAACCTGTCTCCAG,1
AAGAACGAAACTCACA,1
AAGAACGCTTTGTTTT,1
AAGAACGTAGACATAA,1
AAGAACTAAGGATATG,1
AAGAACTAATCGCCCT,1
AAGAACTAGAGAACGA,1
AAGAACTAGGAGGCAT,1
AAGAACTCATTCATTA,1
AAGAACTCGATGCCTA,1
AAGAACTCTCAATGCA,1
AAGAACTCTTTGCATA,1
AAGAACTGGACCTCTC,1
AAGAACTGGACGTCCC,1
AAGAACTGGACTTCTC,1
AAGAACTTAATGACTA,1
AAGAACTTAGTAAGCC,1
AAGAACTTCATGTAAC,1
AAGAACTTCATGTACC,1
AAGAACTTCATGTATC,1
AAGAACTTCCTGTAGC,1
AAGAACTTTATGTAGC,1
AAGAAGAAATAACTGA,1
AAGAAGAAATAATAAG,1
AAGAAGAACACTAATG,1
AAGAAGAACGGCGTTG,1
AAGAAGAACTAAATCA,1
AAGAAGAAGAAACCTC,1
AAGAAGAAGACTAAGG,1
AAGAAGACAACAAGCA,1
AAGAAGACCGACACAC,1
AAGAAGACCTAAAAGT,1
AAGAAGACTACCGCTT,1
AAGAAGACTGAATACG,1
AAGAAGAGAGGAGAAA,1
AAGAAGAGGATGCCTT,1
AAGAAGAGTGGAACAT,1
AAGAAGCAAACACCGT,1
AAGAAGCAAACCCAGT,1
AAGAAGCAAATAAACA,1
AAGAAGCAAGATTACC,1
AAGAAGCAATCTAACA,1
AAGAAGCACTAAATAA,1
AAGAAGCAGGAGAAAA,1
AAGAAGCATATAAAAA,1
AAGAAGCATATAAACC,1
AAGAAGCATATCTCGG,1
AAGAAGCCCTCATCTA,1
AAGAAGCTAATCAATG,1
AAGAAGGAAACCCCGT,1
AAGAAGGAACAATTAA,1
AAGAAGGATGGGTGGG,1
AAGAAGGCAAGGGCAC,1
AAGAAGGCCATCTATG,1
AAGAAGGCGCGATTAA,1
AAGAAGTAAAAACTCC,1
AAGAAGTAATCGCCAT,1
AAGAAGTATACAACCG,1
AAGAAGTCGCTTGGCC,1
AAGAAGTGAAACAGAT,1
AAGAAGTGAACAAGAT,1
AAGAAGTGAACCAAAT,1
AAGAAGTGATGCCTCA,1
AAGAAGTTCATGTAGC,1
AAGAATAAACAAAACA,1
AAGAATAACAATCTAC,1
AAGAATAAGCTACATC,1
AAGAATAATACCCAGC,1
AAGAATAATACCCCTC,1
AAGAATAATGATGTTA,1
AAGAATAATGCCCCGC,1
AAGAATACCTTCCTCA,1
AAGAATAGACACTACA,1
AAGAATAGCAACTAAA,1
AAGAATAGCTTGCAAC,1
AAGAATAGCTTGGAGC,1
AAGAATATAACATTCC,1
AAGAATATCCACTACA,1
AAGAATATCTTGGAAC,1
AAGAATATGACTTGAT,1
AAGAATATGCGAAGGA,1
AAGAATATGTATAACC,1
AAGAATATTCCTTGAT,1
AAGAATCAATGATTGC,1
AAGAATCATCATCACA,1
AAGAATCCAATCGGGA,1
AAGAATCTAATGAGTG,1
AAGAATCTTGCAGAAT,1
AAGAATGAAGACTGTG,1
AAGAATGAATCTATCC,1
AAGAATGAATGTCAAA,1
AAGAATGACCCCAAAT,1
AAGAATGACCCTAGAA,1
AAGAATGACTCCCACA,1
AAGAATGAGTGATAAC,1
AAGAATGCATCTTCGT,1
AAGAATGCTTAGGCGA,1
AAGAATGTCAAACCCT,1
AAGAATGTTATGCGTT,1
AAGAATTAACATCATA,1
AAGAATTAATTTACAA,1
AAGAATTACTCGTACA,1
AAGAATTATTATGAAA,1
AAGAATTCAAAATGAT,1
AAGAATTCAATGCATC,1
AAGAATTCACCACATC,1
AAGAATTCATATCTCC,1
AAGAATTGCACCGCCG,1
AAGAATTGGGAGTTTT,1
AAGACAAAAAACGTAC,1
AAGACAAAAATTTTAC,1
AAGACAAAACCACAAG,1
AAGACAAAAGAATTTC,1
AAGACAAAAGTTACTA,1
AAGACAAAATATCCCA,1
AAGACAAAGAATCTTT,1
AAGACAAAGACTGATT,1
AAGACAAAGGGGGTAA,1
AAGACAAAGTAACAAG,1
AAGACAAATACTGACT,1
AAGACAAATACTGATC,1
AAGACAAATATCTAAA,1
AAGACAAATATTGATT,1
AAGACAAATCAAATGA,1
AAGACAAATTTCAACA,1
AAGACAACCCCTTAAA,1
AAGACAAGAATCCGTG,1
AAGACAAGAGTTGAAA,1
AAGACAAGATCCGACC,1
AAGACAATAACCTCAC,1
AAGACAATCTTTCGAA,1
AAGACACAAAGATGCA,1
AAGACACAATCCATGC,1
AAGACACATAAAAAAG,1
AAGACACATAATGCGC,1
AAGACACCACGAGACT,1
AAGACACCAGGGCTAG,1
AAGACACCCAAACTCT,1
AAGACACCCACCCGAG,1
AAGACACCCCCCGAAT,1
AAGACACCGCGAGACT,1
AAGACACGAATAACTA,1
AAGACACGGGACGGCC,1
AAGACACGGGATGGCA,1
AAGACACGTAAACCAA,1
AAGACACTGAGAAAGC,1
AAGACACTGGATGGCC,1
AAGACACTTCTTATTA,1
AAGACAGATCACATTT,1
AAGACAGATCGGTACA,1
AAGACAGCCCATCTCG,1
AAGACAGCCGTAGCTT,1
AAGACAGGGGAGTGCA,1
AAGACAGTAACATCAC,1
AAGACAGTATTTACAT,1
AAGACAGTGTCAGAAA,1
AAGACATAAATAAACG,1
AAGACATAACCAAACA,1
AAGACATAACGAAAAA,1
AAGACATAAGTTAATA,1
AAGACATACTTTACGA,1
AAGACATATAGGCACC,1
AAGACATATCACAATT,1
AAGACATATTTACAAG,1
AAGACATCATTCCCCG,1
AAGACATCTTACCTAC,1
AAGACATGTGCCGGGA,1
AAGACATTAACAGGGT,1
AAGACATTAACATATA,1
AAGACATTAAGGCGAC,1
AAGACATTAGCAAGCC,1
AAGACATTAGTTCGAT,1
AAGACATTATTTGGCA,1
AAGACCAAAATCGGGA,1
AAGACCAAATAGTATT,1
AAGACCAATCCTTCGA,1
AAGACCACATAGCCTA,1
AAGACCAGCCCGCGCA,1
AAGACCAGGATAAGTG,1
AAGACCAGTCCCGCGC,1
AAGACCATCATGGAAC,1
AAGACCATGATAACTG,1
AAGACCATTTCAAGCT,1
AAGACCCAGTAAATCG,1
AAGACCCAGTGAATCC,1
AAGACCCATGCGTAGG,1
AAGACCCATTTACTGC,1
AAGACCCCACCAGACG,1
AAGACCCCACGTGCTT,1
AAGACCCCGTTCACCC,1
AAGACCCCTAAAATCT,1
AAGACCCCTGAATATA,1
AAGACCCGAAAACTAT,1
AAGACCCGGTGAATCG,1
AAGACCCTCGCGCCAC,1
AAGACCCTCTAATAAG,1
AAGACCCTGTGAACAA,1
AAGACCCTGTGCACCC,1
AAGACCGAAACTAACA,1
AAGACCGAAACTCAAA,1
AAGACCGAAACTCATA,1
AAGACCGAGACTCACA,1
AAGACCGATACAATGT,1
AAGACCGCTCAAATCA,1
AAGACCGGAAGACCAT,1
AAGACCGTGAGTAATG,1
AAGACCTAAACTCACA,1
AAGACCTAAACTTTAT,1
AAGACCTAACCATTAT,1
AAGACCTAAGACGTAT,1
AAGACCTATGGGTAGG,1
AAGACCTCAAAGAAGA,1
AAGACCTCTAATAAAC,1
AAGACCTTAATCATTA,1
AAGACCTTAATTTAAA,1
AAGACCTTATTAAACC,1
AAGACCTTGAAGTCGA,1
AAGACGAAAAATATAC,1
AAGACGAAACCACCAG,1
AAGACGAAGCGAGTTC,1
AAGACGAATCAACAAT,1
AAGACGACCCCTGGTC,1
AAGACGATAACACCGC,1
AAGACGATAACCCGAG,1
AAGACGATACAACCGC,1
AAGACGATACCAACGC,1
AAGACGATACCACAGC,1
AAGACGATTACGACCA,1
AAGACGATTATCATGC,1
AAGACGCAAAATGGTG,1
AAGACGCAACGTAAAC,1
AAGACGCAGGCTAGAT,1
AAGACGCAGTGAATCG,1
AAGACGCATCCCTTCT,1
AAGACGCTAAAAATCT,1
AAGACGCTACCTACAC,1
AAGACGGAAACTCACA,1
AAGACGGTAACCCGAG,1
AAGACGGTGCGATTAA,1
AAGACGGTTCCGACCA,1
AAGACGTAAAAGCTCC,1
AAGACGTAAAAGCTCT,1
AAGACGTAATCGACAT,1
AAGACGTAGATGAGAC,1
AAGACGTATTTGTTTG,1
AAGACGTCCTTATCTA,1
AAGACGTGACAAAGCA,1
AAGACGTGCGTGGGAA,1
AAGACGTTAGGTAGTG,1
AAGACGTTAGTGAGTG,1
AAGACGTTCAGATGCG,1
AAGACGTTGAACGTAA,1
AAGACTAAAACCATAG,1
AAGACTAAAAGGCAAT,1
AAGACTACAAAAAATA,1
AAGACTACAGCATCCT,1
AAGACTACAGGGTTAA,1
AAGACTACCTTAATTG,1
AAGACTAGAACAACAA,1
AAGACTAGATGCCAAA,1
AAGACTAGGTGCTAAA,1
AAGACTATAACCCTTT,1
AAGACTATATTTCTAG,1
AAGACTCAGCAGAGGG,1
AAGACTCAGTTACTGC,1
AAGACTCATATCTGTC,1
AAGACTCCACACACAA,1
AAGACTCCAGCGCCTT,1
AAGACTCCGACCAGAG,1
AAGACTCCTAACACAA,1
AAGACTCGAAGACTAT,1
AAGACTCGTTATTAAT,1
AAGACTGAAACTCACA,1
AAGACTGATTTTCCTA,1
AAGACTGCAACCAGAG,1
AAGACTGGAGTTCCAA,1
AAGACTGGCCAAACCA,1
AAGACTGGGGTTTTTG,1
AAGACTGTGCAGAATA,1
AAGACTTAATAACTAT,1
AAGACTTAATCGCCAT,1
AAGACTTAGATGCGAC,1
AAGACTTCAGCTGGAC,1
AAGACTTGTCTCATCT,1
AAGACTTTTTACGATG,1
AAGAGAAATCCAAGGG,1
AAGAGAAATTTACAGC,1
AAGAGAACACAAGCCA,1
AAGAGAACATACCCCT,1
AAGAGAACATAGCCTG,1
AAGAGAACCTTGACGG,1
AAGAGAACCTTTCCGG,1
AAGAGAACGGAGCAGA,1
AAGAGAAGCAGTCAAG,1
AAGAGAAGGGTTTGAA,1
AAGAGAATAATATCGA,1
AAGAGAATCTAAGAAC,1
AAGAGACAATGCCGTG,1
AAGAGACACGTAATCA,1
AAGAGACAGAGTCCAA,1
AAGAGACCATCCGTAA,1
AAGAGACCCTTACTAT,1
AAGAGACGCGTATAGG,1
AAGAGACGTTGTCCAT,1
AAGAGACTAATGACGG,1
AAGAGACTCCGGTGAT,1
AAGAGACTCGGTCTGA,1
AAGAGACTTACAAGAA,1
AAGAGACTTGACCGGG,1
AAGAGAGATGATTCCT,1
AAGAGAGCATGCTCCC,1
AAGAGAGGAGTGCGAA,1
AAGAGAGTAACCGCGA,1
AAGAGAGTAGACGCAT,1
AAGAGAGTGCAACATC,1
AAGAGAGTTAGTTTTT,1
AAGAGAGTTTACGCAT,1
AAGAGATAAATTCCAG,1
AAGAGATAACGGTTTA,1
AAGAGATAGCTGTTTA,1
AAGAGATATATAGGGA,1
AAGAGATCCATGCGTT,1
AAGAGATGAATGCGCG,1
AAGAGATGCAACTACC,1
AAGAGATGCAACTCCA,1
AAGAGATGGTAATAGA,1
AAGAGATTGAAACCGC,1
AAGAGCAAAGGTACCA,1
AAGAGCAAATAACCAC,1
AAGAGCAACCGGAACG,1
AAGAGCAATACGAACG,1
AAGAGCAATATTGACT,1
AAGAGCACAATAACAT,1
AAGAGCACAGCAGGCA,1
AAGAGCACTGCAAATG,1
AAGAGCAGATGTGTCT,1
AAGAGCAGCCGTTAAT,1
AAGAGCAGCTGTTAAA,1
AAGAGCAGCTTTTAAT,1
AAGAGCAGTTGTCCAT,1
AAGAGCATCGGATATT,1
AAGAGCCAGTGAATCG,1
AAGAGCCATACACTTC,1
AAGAGCGAAACTCACA,1
AAGAGCGAATAGGCGA,1
AAGAGCGAGTAGATCA,1
AAGAGCGATCCGTATT,1
AAGAGCGATGAGTATT,1
AAGAGCGATTCGTATT,1
AAGAGCGGAATCAAGC,1
AAGAGCTAAGAAGTCT,1
AAGAGCTAATGATATG,1
AAGAGCTGTTAAATGG,1
AAGAGCTTCTGAGCAC,1
AAGAGGAAAATTCAAA,1
AAGAGGAACAAACACC,1
AAGAGGAAGGACCTAC,1
AAGAGGAATACGACAT,1
AAGAGGAATCCCAGGT,1
AAGAGGAATCGTATTC,1
AAGAGGACTAACTCCG,1
AAGAGGAGACTCTAGG,1
AAGAGGAGTACCAAGC,1
AAGAGGAGTCATATTC,1
AAGAGGAGTTATAAAT,1
AAGAGGAGTTTGCGTA,1
AAGAGGATTGACCAAT,1
AAGAGGCAGAACTGAG,1
AAGAGGCAGAAGCTGG,1
AAGAGGCATGAAGAGA,1
AAGAGGCCAATATCCT,1
AAGAGGCCCCTATCAG,1
AAGAGGCGGAAGCTGT,1
AAGAGGGACCTAGCCG,1
AAGAGGGACTATTATC,1
AAGAGGGCGGCTCGCA,1
AAGAGGGGCGTATATC,1
AAGAGGGGCTCCAAAT,1
AAGAGGGGTTCCCCCT,1
AAGAGGTATGCTTGAA,1
AAGAGGTTACAACCAA,1
AAGAGGTTAGTTGTCT,1
AAGAGTAAAAGAACAA,1
AAGAGTAACAAACGAA,1
AAGAGTAATATTCAAT,1
AAGAGTACACGAATCA,1
AAGAGTACCCAAATCA,1
AAGAGTACCCGAATAA,1
AAGAGTACCCGAATCG,1
AAGAGTACCCGAATGA,1
AAGAGTACCCTAATCA,1
AAGAGTACCTGAATCA,1
AAGAGTACCTTGCCGG,1
AAGAGTACTCGAATCA,1
AAGAGTATCCGAATCA,1
AAGAGTATCGCCTTAG,1
AAGAGTATGGCTTTAG,1
AAGAGTCACAATAAGG,1
AAGAGTCAGCATAGGG,1
AAGAGTCATCAGAGGG,1
AAGAGTCGCGTCGAAG,1
AAGAGTCGCTAGAACA,1
AAGAGTCGGCAGAGGG,1
AAGAGTCTTATAGATA,1
AAGAGTGAAAAGCAAA,1
AAGAGTGATGGAATCA,1
AAGAGTGATGGAATTC,1
AAGAGTGGATTTCCGA,1
AAGAGTGGGCATGATC,1
AAGAGTTAATTTAAAA,1
AAGAGTTACAAATGAT,1
AAGAGTTACATGATAT,1
AAGAGTTCATAGTTAA,1
AAGAGTTCCGTCGAAG,1
AAGAGTTCTAATTGGG,1
AAGAGTTGCGCCGAAG,1
AAGAGTTGCGTAGAAG,1
AAGAGTTGCGTCTAAG,1
AAGAGTTGCGTGGAAG,1
AAGAGTTGGTACATGA,1
AAGAGTTTATTGATTA,1
AAGATAAAACTTTAAT,1
AAGATAAAAGAACAGC,1
AAGATAAACCGCTTTT,1
AAGATAAACTAACAGC,1
AAGATAAACTCTCAGC,1
AAGATAAAGCGACGTT,1
AAGATAAAGGCCGCAT,1
AAGATAAATAAGAAGT,1
AAGATAAATACATACA,1
AAGATAACAAAGCACG,1
AAGATAACACAGCAAG,1
AAGATAACACAGCACC,1
AAGATAACTGCTCTAA,1
AAGATAAGAATCCGAG,1
AAGATAAGCAAAAAAG,1
AAGATAAGGAACAAAG,1
AAGATAAGGGGAATCT,1
AAGATAAGTACAGCAT,1
AAGATAAGTTATATTG,1
AAGATAATAATAGCTA,1
AAGATAATAATTGAAA,1
AAGATAATACATGAAA,1
AAGATAATAGCAGCTG,1
AAGATAATCAACAAAG,1
AAGATAATGTATACTG,1
AAGATAATTAATACGG,1
AAGATAATTACGACCT,1
AAGATACAAACCCCCC,1
AAGATACAAATTTAAA,1
AAGATACAATGCTGAC,1
AAGATACAGCAAAGAT,1
AAGATACAGCTAAAGA,1
AAGATACCAAAAAGGA,1
AAGATACCACACGAAT,1
AAGATACCCATAAAGA,1
AAGATACCCCAAAGAT,1
AAGATACCTGCCTCCG,1
AAGATACGTCAGTTAC,1
AAGATACTAAGGCTAT,1
AAGATACTATCCAAAA,1
AAGATACTATGACACC,1
AAGATACTCACGGAAA,1
AAGATACTCCTCTGAC,1
AAGATACTGATTTTAA,1
AAGATAGAAATACCTT,1
AAGATAGACATCATAA,1
AAGATAGAGCATATAC,1
AAGATAGATAAAACAT,1
AAGATAGCAAATTCAA,1
AAGATAGGCAGCATAA,1
AAGATAGGGACCAGGA,1
AAGATAGTACTTGAAA,1
AAGATAGTGACTGAAA,1
AAGATAGTGCAACATT,1
AAGATAGTTTATTAAG,1
AAGATATATAACCGAT,1
AAGATATCAAAATTAC,1
AAGATATGCTCTTGAA,1
AAGATATTCAATGACT,1
AAGATATTCCGTAAAA,1
AAGATCAAAGCCATTC,1
AAGATCAAATGCTACA,1
AAGATCAAATTGAAAC,1
AAGATCAACATGAAAC,1
AAGATCAACTTGAAAA,1
AAGATCAAGTTGAAAC,1
AAGATCAATGTATTAA,1
AAGATCAATGTATTCA,1
AAGATCACCGCATGCA,1
AAGATCACCTCAGGTC,1
AAGATCAGAAGCACAA,1
AAGATCAGGCCTTTCC,1
AAGATCATACCATACA,1
AAGATCATGAAGGTTT,1
AAGATCATGCCTTGCC,1
AAGATCATTGAGAAAA,1
AAGATCATTTCGTGAA,1
AAGATCCAAAACTAAA,1
AAGATCCAAAGTGCGA,1
AAGATCCAAATCTAAA,1
AAGATCCAAATTGATC,1
AAGATCCCAAAAGGGA,1
AAGATCCCAATAGTAT,1
AAGATCCCCAAAAGGA,1
AAGATCCGGAACATCT,1
AAGATCCGTACAACGG,1
AAGATCCTAAATTAGC,1
AAGATCCTCCGCTGAC,1
AAGATCCTCCTCCGAC,1
AAGATCGACGACGAAG,1
AAGATCGATTTACAAT,1
AAGATCGATTTACCAC,1
AAGATCGATTTATCAT,1
AAGATCGCAAAAAGGA,1
AAGATCGCCCAAGTCT,1
AAGATCGGCGATGGCC,1
AAGATCGGGTAGATCA,1
AAGATCGTAGAAGATT,1
AAGATCGTCCTATACC,1
AAGATCTAAACTATCG,1
AAGATCTAAATTTAAA,1
AAGATCTAAGAGCTTA,1
AAGATCTACCCATATG,1
AAGATCTACCTATATA,1
AAGATCTAGATAAAGC,1
AAGATCTCAAAAAGGA,1
AAGATCTCTCACCCAG,1
AAGATCTCTTGCTGAC,1
AAGATCTGCTAGCGGC,1
AAGATGAAAGCCAAGG,1
AAGATGAAAGCCAGAA,1
AAGATGAACAGGAAAA,1
AAGATGAACCTTGGTT,1
AAGATGACACCCGAAA,1
AAGATGACCCAAGCCG,1
AAGATGACTCATTGAG,1
AAGATGATACAACCGC,1
AAGATGATACACACGC,1
AAGATGATACACCCAC,1
AAGATGATACACCCTC,1
AAGATGATATACCCGC,1
AAGATGATTCCGACCA,1
AAGATGATTTAAATTG,1
AAGATGCAAAGCTCAC,1
AAGATGCCAGATAAAC,1
AAGATGCCAGCAAAGG,1
AAGATGCCATATACTC,1
AAGATGCCGAGGATAT,1
AAGATGCCTTATAGGG,1
AAGATGCTACTCCGCA,1
AAGATGCTATTAGCCT,1
AAGATGCTTTTACCCT,1
AAGATGCTTTTAGACT,1
AAGATGGCAAATTCGA,1
AAGATGGCCAAATCCA,1
AAGATGGGCCATAGAG,1
AAGATGGTGTGGACAT,1
AAGATGTAATCGAGAA,1
AAGATGTATGACTGAG,1
AAGATGTCCAATTCGA,1
AAGATTAAATAACCAA,1
AAGATTAACCTTACGG,1
AAGATTAACTGACAGG,1
AAGATTAAGGGAAAAA,1
AAGATTACAAATTAAT,1
AAGATTACAATTACCT,1
AAGATTACCACTGGTT,1
AAGATTACTAAAGCAA,1
AAGATTAGCGTATATG,1
AAGATTAGGCGCGTGA,1
AAGATTAGGCGCTTAA,1
AAGATTAGGCGTGTAA,1
AAGATTAGGGTGATCA,1
AAGATTATACACCCGC,1
AAGATTATAGTAACAG,1
AAGATTATCGCTTTAG,1
AAGATTATCTAGGCTG,1
AAGATTATTTTAGTAA,1
AAGATTATTTTATTCA,1
AAGATTCAAAAATAAA,1
AAGATTCAAAGGCGCA,1
AAGATTCACGCGTTGG,1
AAGATTCATCGGATGA,1
AAGATTCCCCGCAAAG,1
AAGATTCCTCGGGATA,1
AAGATTCGGACAACGG,1
AAGATTCGTACAAAGG,1
AAGATTCGTAGAACGG,1
AAGATTCTAAATCGAA,1
AAGATTCTAGCTAAAA,1
AAGATTCTCATCTCCG,1
AAGATTCTGTTGGCGC,1
AAGATTCTTACAACGG,1
AAGATTGAGATTCCGA,1
AAGATTGATTTACCAT,1
AAGATTGCAATTTGGG,1
AAGATTGGGCTGCGAC,1
AAGATTGTACTATACC,1
AAGATTGTATAGTACG,1
AAGATTGTCCTATGCC,1
AAGATTGTGCAATCAC,1
AAGATTTAAAGTCTAT,1
AAGATTTGTACAACGG,1
AAGATTTGTACATCTA,1
AAGATTTTGGACGAAA,1
AAGATTTTGGAGACTC,1
AAGATTTTGGATACTG,1
AAGATTTTTATGACTT,1
AAGCAAAAAAGACTAG,1
AAGCAAAAAATGAGGT,1
AAGCAAAAATGGTTAG,1
AAGCAAAACGGCTAAC,1
AAGCAAAACTGTTTAG,1
AAGCAAAAGCAGAAAG,1
AAGCAAAAGCAGATAG,1
AAGCAAAAGCAGGCAG,1
AAGCAAAAGCATACAG,1
AAGCAAAAGTGGAATT,1
AAGCAAAAGTGGTTAG,1
AAGCAAACAGGAAACT,1
AAGCAAACGATGTTAC,1
AAGCAAACTAGAATCA,1
AAGCAAACTCAGAATT,1
AAGCAAAGTGTGACGT,1
AAGCAAATACAGATCG,1
AAGCAAATTAAACAAT,1
AAGCAAATTCGTGTTC,1
AAGCAACACCACCTAG,1
AAGCAACAGAGTCCAA,1
AAGCAACCAATTTATC,1
AAGCAACCCAGCGTCA,1
AAGCAACCCAGCTTCC,1
AAGCAACCCCGAGCTT,1
AAGCAACGAGGTTATT,1
AAGCAACGGATTTTAG,1
AAGCAACTAGGTGGTT,1
AAGCAACTAGGTTCGG,1
AAGCAACTAGTGGTTT,1
AAGCAAGAATTCAGCC,1
AAGCAAGCAACACCCT,1
AAGCAAGCAATAGTGC,1
AAGCAAGCCAGCGTCC,1
AAGCAAGTACAATACG,1
AAGCAAGTCCAAATAG,1
AAGCAAGTGAAAGTTA,1
AAGCAATAAACTCAAG,1
AAGCAATAAAGCCTAA,1
AAGCAATATAATGAAA,1
AAGCAATATGACGAAA,1
AAGCAATATGATAAAA,1
AAGCAATATGGTGAAA,1
AAGCAATATGTTCTAA,1
AAGCAATCATTAGGCT,1
AAGCAATCGGACTAGT,1
AAGCAATCGTCGACAA,1
AAGCAATGCACCTGTT,1
AAGCAATGGGGACCTA,1
AAGCAATTACATGTAA,1
AAGCAATTAGGAAAAA,1
AAGCACAAAATCCCTA,1
AAGCACAAATTGCACA,1
AAGCACAAGATCTACG,1
AAGCACAAGTAATTAC,1
AAGCACACATGAAAGA,1
AAGCACAGCAATCATC,1
AAGCACAGCAATCATT,1
AAGCACAGGAATAACA,1
AAGCACATAAATCATT,1
AAGCACATAACGTGTA,1
AAGCACATAATAACAG,1
AAGCACATATTGACAC,1
AAGCACATCCCATTAT,1
AAGCACCAAACCTCTT,1
AAGCACCAAATACCTA,1
AAGCACCAAATCCCCA,1
AAGCACCAAATCTCTA,1
AAGCACCAATTCATTG,1
AAGCACCCACTGCTGA,1
AAGCACCGGGATATAG,1
AAGCACCTATCCTACA,1
AAGCACCTCGTTTTGA,1
AAGCACCTTCAGACAA,1
AAGCACCTTGTTCAAT,1
AAGCACGAAATTTATG,1
AAGCACGGAGGTGTAC,1
AAGCACGGCCCAGGGG,1
AAGCACGTTAAATAAA,1
AAGCACTAAGCCGTAA,1
AAGCACTACTTTGTCG,1
AAGCACTAGAGAAAGA,1
AAGCACTATAGAACGA,1
AAGCACTATCCTTACC,1
AAGCACTATGTGTACG,1
AAGCACTATTATGGAA,1
AAGCACTCAAACGGTG,1
AAGCACTCAACACCCT,1
AAGCACTCACAGCCAG,1
AAGCACTCGCGTGAGT,1
AAGCACTGCCCCCACC,1
AAGCACTTAAGTCCCA,1
AAGCACTTATACAAAT,1
AAGCACTTTACCTTCG,1
AAGCACTTTGTACGGG,1
AAGCAGAATGACGGAA,1
AAGCAGACCTACCTAG,1
AAGCAGACCTCATCTA,1
AAGCAGAGAACGTACC,1
AAGCAGAGAACGTTCC,1
AAGCAGAGAGGAGTAA,1
AAGCAGATCAAACCTA,1
AAGCAGATGTGTATAC,1
AAGCAGCAGACTATCA,1
AAGCAGCAGCACATAG,1
AAGCAGCCCCAACAAA,1
AAGCAGCCGTCATCTA,1
AAGCAGCGTTTCCCGA,1
AAGCAGCTATGGTCAA,1
AAGCAGCTCCAACGAA,1
AAGCAGCTTTTCTCGA,1
AAGCAGGAAAGACTAG,1
AAGCAGGAAGGAAAGG,1
AAGCAGGACAATTAAA,1
AAGCAGGACCGATACG,1
AAGCAGGAGTACTTGT,1
AAGCAGGATGGGTTGG,1
AAGCAGGGGTACTGAT,1
AAGCAGGTAACTCATC,1
AAGCAGGTTACTTCGG,1
AAGCAGTAGTCTTCGC,1
AAGCAGTGAGAAACAA,1
AAGCAGTGTCTTAAAA,1
AAGCAGTTAATCAATG,1
AAGCAGTTACCAGATA,1
AAGCAGTTCCAACAAA,1
AAGCATAAAAAGAAGT,1
AAGCATAAGGTTATGC,1
AAGCATAATTAATAAG,1
AAGCATACACTCTGAA,1
AAGCATACCGCACCAA,1
AAGCATACTAACACGA,1
AAGCATAGAACGTGCC,1
AAGCATAGAAGATATG,1
AAGCATAGAGGAGAAA,1
AAGCATAGTCAGCACA,1
AAGCATATATAATGTG,1
AAGCATATTATCCACT,1
AAGCATATTCAGTAAA,1
AAGCATCGTAATCGCT,1
AAGCATCTAAAGAACT,1
AAGCATGAATCTATCA,1
AAGCATGAATTTATCC,1
AAGCATGAGACATTAG,1
AAGCATGCATCCTCGT,1
AAGCATGCATCTACGT,1
AAGCATGCATCTTCGC,1
AAGCATGCCGAATATC,1
AAGCATGCCTAAGATC,1
AAGCATGCGTCTTCGT,1
AAGCATGGATCTTCGT,1
AAGCATGGCACCCCCT,1
AAGCATGTAACGCAAA,1
AAGCATGTCAGACCCT,1
AAGCATGTTGTAATAC,1
AAGCATTAACTCAAGC,1
AAGCATTAGCCTTACC,1
AAGCATTATGATGAAA,1
AAGCATTATTATGGAG,1
AAGCATTATTATTGAA,1
AAGCATTCATTCAAAC,1
AAGCATTCCATATTAA,1
AAGCATTGAACATTAG,1
AAGCATTTAATCAAAC,1
AAGCATTTAATCAAGC,1
AAGCATTTACTCAAGA,1
AAGCATTTACTTTAAT,1
AAGCATTTATTCCGCA,1
AAGCCAAAAAGACCCG,1
AAGCCAAACGCAAGTG,1
AAGCCAAACTCTCAGC,1
AAGCCAAAGCAGGTAA,1
AAGCCAAATCTTAACG,1
AAGCCAAATTTTGTTT,1
AAGCCAACAATTTATC,1
AAGCCAACCACTTAAA,1
AAGCCAACCCCCTAAA,1
AAGCCAAGATCCGACC,1
AAGCCAAGCATTTCAA,1
AAGCCAATCAAACCTA,1
AAGCCAATGACTACCA,1
AAGCCAATTAAAGAAT,1
AAGCCAATTACAGAAC,1
AAGCCAATTGGACAAA,1
AAGCCACATAACGCGC,1
AAGCCACATAATTCGC,1
AAGCCACCGGGGCTAG,1
AAGCCACTCGGCTTTG,1
AAGCCACTGATCTGTA,1
AAGCCACTTCAGGACA,1
AAGCCAGATAGACAGC,1
AAGCCATCAATTTATC,1
AAGCCATCAGTATCCA,1
AAGCCATCATGAATAC,1
AAGCCATCATTCCCCC,1
AAGCCATCGGCACCCG,1
AAGCCATCGTTCCCCG,1
AAGCCATGATTTTATA,1
AAGCCATGATTTTCTG,1
AAGCCATTAGCATCTT,1
AAGCCATTATTTTGCA,1
AAGCCATTGAAAAAAG,1
AAGCCCAAAATCAAAC,1
AAGCCCACCATATAAA,1
AAGCCCACGCAATATG,1
AAGCCCACTCCCGTAC,1
AAGCCCAGCAGCGAAC,1
AAGCCCAGCATCCCAA,1
AAGCCCCATCAGAGCT,1
AAGCCCCCTTGCCCAA,1
AAGCCCCGAAATAGAC,1
AAGCCCCGAGTCCATC,1
AAGCCCCGATGAACAT,1
AAGCCCCTTCCTAACT,1
AAGCCCGCCACAATAA,1
AAGCCCGGCATCCCAG,1
AAGCCCGTACCTAACA,1
AAGCCCGTAGCATCTT,1
AAGCCCGTTCCGATCT,1
AAGCCCTAAACTCTGC,1
AAGCCCTCCAAAGGAC,1
AAGCCCTGAATAAATC,1
AAGCCCTGATGAAAAT,1
AAGCCCTGTGAACCGT,1
AAGCCCTTAGCATCCT,1
AAGCCCTTAGTATCTT,1
AAGCCGAAAGTACAAC,1
AAGCCGACAGTACAAC,1
AAGCCGACCAAACCTA,1
AAGCCGAGAGCACAAC,1
AAGCCGAGAGTAAAAC,1
AAGCCGAGAGTACAAA,1
AAGCCGAGAGTACAGC,1
AAGCCGAGAGTACGAC,1
AAGCCGAGAGTAGAAC,1
AAGCCGAGAGTATAAC,1
AAGCCGAGCGAACTAA,1
AAGCCGAGGTAACGAT,1
AAGCCGAGTGTACAAC,1
AAGCCGATAGTACAAC,1
AAGCCGATCAAACATA,1
AAGCCGATGCTAGGAG,1
AAGCCGCAACCTATAA,1
AAGCCGCCTCACAAGC,1
AAGCCGGAAAATCTGC,1
AAGCCGGAACACTGAA,1
AAGCCGGGTTCCCCCT,1
AAGCCGTATCAGTGAT,1
AAGCCGTCAGACAGAG,1
AAGCCGTCAGCATAGC,1
AAGCCGTCTGATTTTT,1
AAGCCGTGGTTTTGAA,1
AAGCCGTTCAAACTCG,1
AAGCCGTTCACATGAA,1
AAGCCGTTCCAGTAAA,1
AAGCCGTTGCGCGCCA,1
AAGCCTAACCTATGAC,1
AAGCCTAACTATGACA,1
AAGCCTAACTATTCCA,1
AAGCCTAAGTATGCCA,1
AAGCCTAAGTGCTATC,1
AAGCCTACCCCTTAAA,1
AAGCCTACCGCATCCT,1
AAGCCTACGGTATAAA,1
AAGCCTACGTGCACCA,1
AAGCCTATACGTTTCT,1
AAGCCTATGAGTAGGG,1
AAGCCTATTCGCCGAC,1
AAGCCTATTTACCCAT,1
AAGCCTCAAAGGATTC,1
AAGCCTCAACCAACGA,1
AAGCCTCACAAAAGAT,1
AAGCCTCCACCAACTA,1
AAGCCTCGAAAAGCAG,1
AAGCCTCGAGAACCAG,1
AAGCCTCGAGAAGCAT,1
AAGCCTCTAATGAGGC,1
AAGCCTCTAGGCTTTA,1
AAGCCTGATGAGATTA,1
AAGCCTGATGCACCGA,1
AAGCCTGATGCACCGT,1
AAGCCTGGAGAAGCAG,1
AAGCCTGGGGTTTTCG,1
AAGCCTGTAATGGGTC,1
AAGCCTTACATAACAC,1
AAGCCTTATATATTCA,1
AAGCCTTCGCCGGACG,1
AAGCCTTCTAATATTC,1
AAGCCTTGACGCGAAC,1
AAGCCTTGAGAAGCAG,1
AAGCCTTTCTAAAAAT,1
AAGCCTTTTGGAAGAC,1
AAGCGAAAAACTGTGA,1
AAGCGAAATGAACTCT,1
AAGCGAACTATTACAT,1
AAGCGAACTGGTCATC,1
AAGCGAAGACTTACAT,1
AAGCGAAGTCAGCAAC,1
AAGCGAAGTGAGAAAC,1
AAGCGAATACTTACAG,1
AAGCGAATCAACAGAT,1
AAGCGAATTCCTATAA,1
AAGCGACAAAGTCACA,1
AAGCGACAACAAAACA,1
AAGCGACAGAGTCCAG,1
AAGCGACAGAGTCGAA,1
AAGCGACAGAGTCTAA,1
AAGCGACAGAGTGCAA,1
AAGCGACAGATTCCAA,1
AAGCGACATAGTCACA,1
AAGCGACATAGTCCAA,1
AAGCGACCCACTACAT,1
AAGCGACCCAGTGAGC,1
AAGCGACGGACGAAAA,1
AAGCGACTGAGTCCAA,1
AAGCGAGCTGCAGATA,1
AAGCGAGGAAATCCTC,1
AAGCGAGTCAAATAAA,1
AAGCGATAATATGCGA,1
AAGCGATCAAGCGCAA,1
AAGCGATCATATGCGT,1
AAGCGATCATATTCGA,1
AAGCGATCCCTAGAAT,1
AAGCGATCGTATGCGA,1
AAGCGATGATATGCGA,1
AAGCGATGGTAAACAT,1
AAGCGATTACAACCAA,1
AAGCGATTATAAACAT,1
AAGCGATTATTTAGTG,1
AAGCGATTCAAAGATT,1
AAGCGATTTGAAAAGA,1
AAGCGCACAGGCTTGA,1
AAGCGCACTATCATGA,1
AAGCGCATACGCGTGA,1
AAGCGCCAAGAAGAGG,1
AAGCGCCCGGTAAGGA,1
AAGCGCCTAAATCAAA,1
AAGCGCGTAAATTAAA,1
AAGCGCGTGAATCAAA,1
AAGCGCTGAAAAGGAT,1
AAGCGCTGAAAAGTCG,1
AAGCGCTGAGGAAGGG,1
AAGCGCTTAAATCAAA,1
AAGCGCTTTAAGAGTC,1
AAGCGGAAGGCCCGAA,1
AAGCGGAAGTTCATAC,1
AAGCGGATTTATAATT,1
AAGCGGCATCAAATAT,1
AAGCGGCCTTTGGTGT,1
AAGCGGCTTGGATTCC,1
AAGCGGGAACAATCTC,1
AAGCGGGGTTCCCACT,1
AAGCGGGGTTCCCCCC,1
AAGCGGGTCTTATATC,1
AAGCGGTAAAATAAGA,1
AAGCGGTATCACAAGA,1
AAGCGGTCACAACCAA,1
AAGCGGTTAATTCATG,1
AAGCGGTTATAACCAA,1
AAGCGTAAATTCAATC,1
AAGCGTAAGACAGAAA,1
AAGCGTACAAACGCGC,1
AAGCGTAGAATTCGTC,1
AAGCGTCAATGCTATT,1
AAGCGTCACAGTCACA,1
AAGCGTCAGAGTCCAA,1
AAGCGTCCACGTGACG,1
AAGCGTCCCCGTGAAG,1
AAGCGTCCGAATCAAA,1
AAGCGTCCTAAATGTC,1
AAGCGTCCTTGGGTGT,1
AAGCGTGAACTAACTA,1
AAGCGTGATTTTCTCG,1
AAGCGTGCCATATTAA,1
AAGCGTGTAAATCAAA,1
AAGCGTGTTCTAATAG,1
AAGCGTTATTAAGGAA,1
AAGCGTTCCCGTGACG,1
AAGCGTTGTAACAGAT,1
AAGCGTTTTAACCCTT,1
AAGCGTTTTGAAAAGC,1
AAGCTAAAAATACCTT,1
AAGCTAAATAACTGCA,1
AAGCTAAATTCTCAGC,1
AAGCTAACAATTAACA,1
AAGCTAACGACATTTA,1
AAGCTAATATCTATAC,1
AAGCTACCAAGTTCGT,1
AAGCTACCATTAATAC,1
AAGCTACCATTCACAC,1
AAGCTACCCTAAACGG,1
AAGCTACCCTAGCACC,1
AAGCTACCTGCCTCAG,1
AAGCTACTACTGGAGA,1
AAGCTAGAAAGGCAAA,1
AAGCTAGACAGACAAA,1
AAGCTAGACAGGAAAA,1
AAGCTAGAGTTGATTT,1
AAGCTAGATAAGAAAC,1
AAGCTAGATGGAGACA,1
AAGCTAGATGGAGCCT,1
AAGCTAGCATAGGTAG,1
AAGCTAGCCTCCCCTG,1
AAGCTAGCGAGACAAT,1
AAGCTAGCTTCTTATC,1
AAGCTAGGATGCCCAT,1
AAGCTAGGCCTAAGAA,1
AAGCTAGTAGTATGAT,1
AAGCTAGTGTTAAAAA,1
AAGCTAGTTCTCCCCT,1
AAGCTATAAGAGGTTC,1
AAGCTATAATTGATTT,1
AAGCTATAGAATCGTA,1
AAGCTATAGTTAATTG,1
AAGCTATCAATGAGAC,1
AAGCTATCATATGCGA,1
AAGCTATCGCGAAACT,1
AAGCTATCTATCCATC,1
AAGCTATTCTGGGGCC,1
AAGCTATTTAGAAAAC,1
AAGCTCAAAATTAACA,1
AAGCTCAACTAAACCA,1
AAGCTCAACTTTACAC,1
AAGCTCACCTTTACGC,1
AAGCTCACCTTTATAC,1
AAGCTCAGCCTAGTCG,1
AAGCTCATATTAACTT,1
AAGCTCATGATATGAC,1
AAGCTCATGGTATGTA,1
AAGCTCCCCATCATTC,1
AAGCTCCCTTCCTCCG,1
AAGCTCGAGTTAAAAA,1
AAGCTCGCACAAAATA,1
AAGCTCGCCTTTACAC,1
AAGCTCGGCATCCTAG,1
AAGCTCGTGTTAATAA,1
AAGCTCTATAAGTCTA,1
AAGCTCTCCATAATTC,1
AAGCTCTCCATCGTTC,1
AAGCTCTCTATCATTC,1
AAGCTCTGACAAGGAT,1
AAGCTCTTGGAGATCA,1
AAGCTCTTTAATCGGT,1
AAGCTGACAGCATAGC,1
AAGCTGACCTTTACAC,1
AAGCTGAGGAGTGAAA,1
AAGCTGCACCGCTAAC,1
AAGCTGCCAACAGTTC,1
AAGCTGCCAGCCGATC,1
AAGCTGCGACCATCAT,1
AAGCTGCGCTACTATA,1
AAGCTGCTAAATCAGT,1
AAGCTGGCAACTCGGC,1
AAGCTGGCCACCCATC,1
AAGCTGGCTACTCAGT,1
AAGCTGGGCGTATATC,1
AAGCTGTAGAACTGTG,1
AAGCTGTCAGACACAA,1
AAGCTGTCAGATAGAG,1
AAGCTGTCAGCATACC,1
AAGCTGTCAGCATAGG,1
AAGCTGTCAGCATGGC,1
AAGCTGTCAGTATAGC,1
AAGCTGTCATACAGAG,1
AAGCTGTGACCCTCAT,1
AAGCTGTGTGTATATA,1
AAGCTGTTTATAGCCA,1
AAGCTTAAAAAAAATT,1
AAGCTTAACCATACAA,1
AAGCTTAAGACTTACA,1
AAGCTTAAGATTCCGA,1
AAGCTTAAGTCCCGAG,1
AAGCTTACCATTATTA,1
AAGCTTACCGCTAAAC,1
AAGCTTACTCTACATT,1
AAGCTTACTGCGGCTT,1
AAGCTTATAAAGAACA,1
AAGCTTATGATCAAGA,1
AAGCTTATTTTACTAC,1
AAGCTTCAACAAAATC,1
AAGCTTCAACAAAATG,1
AAGCTTCAACACTTAA,1
AAGCTTCACCATATGA,1
AAGCTTCAGATTCCGA,1
AAGCTTCATTATGAAA,1
AAGCTTCCCGCCGATC,1
AAGCTTCCGTACGGCC,1
AAGCTTCGGAAATTGT,1
AAGCTTCTTTTGGCGC,1
AAGCTTGAACAATACA,1
AAGCTTGAGATTACGA,1
AAGCTTGAGCCATAAG,1
AAGCTTGAGGAGGATC,1
AAGCTTGATATTCCGA,1
AAGCTTGCAAATTAAT,1
AAGCTTGCTTTTCTCG,1
AAGCTTGGCACCACCT,1
AAGCTTGGCACCCCAT,1
AAGCTTGGCACCCTCT,1
AAGCTTGGGATTCCGA,1
AAGCTTGGTCGAATTA,1
AAGCTTGTACAAAATA,1
AAGCTTGTTAAGTCCA,1
AAGCTTTAAATCCATT,1
AAGCTTTAATGGAACT,1
AAGCTTTAGCTGTGAG,1
AAGCTTTCGATTGCGT,1
AAGCTTTGCACCCCCT,1
AAGCTTTGTGAGTCCA,1
AAGGAAAAAAAACTTA,1
AAGGAAAAAAGTAGTT,1
AAGGAAAAAATCGAAT,1
AAGGAAAAACCTAAAG,1
AAGGAAAAACGTATTT,1
AAGGAAAAAGAAGACG,1
AAGGAAAAAGGTAGTT,1
AAGGAAAATTCATGTT,1
AAGGAAACACTATTAA,1
AAGGAAACTACACATA,1
AAGGAAAGGGTCCGAG,1
AAGGAAATAATTTATA,1
AAGGAAATGAAATCGA,1
AAGGAAATGATCTTAT,1
AAGGAAATTAACTCGA,1
AAGGAACACTTCCGAA,1
AAGGAACCAAGGCCTC,1
AAGGAACCAAGTAGAA,1
AAGGAACCATATATCA,1
AAGGAACCATTCGCAA,1
AAGGAACCGCGACTAA,1
AAGGAACCGTAAAGCC,1
AAGGAACCGTACACCG,1
AAGGAACCTATCCAGA,1
AAGGAACCTCAACTAC,1
AAGGAACGCGTAAGCA,1
AAGGAACGGCCCTGAT,1
AAGGAACGGCCCTGGA,1
AAGGAACGGCCCTTGT,1
AAGGAACGGCTCTGGT,1
AAGGAACGGTCCTGGT,1
AAGGAACTCGATTTCG,1
AAGGAACTGATAGAAC,1
AAGGAACTGCCCTGGT,1
AAGGAACTGCCTCTTA,1
AAGGAACTTTACACCG,1
AAGGAAGAAAACCTCT,1
AAGGAAGATCAAAGGA,1
AAGGAAGCTTCGAGCT,1
AAGGAAGGCCTCCCGA,1
AAGGAAGGGTATCAGC,1
AAGGAAGTTTGACTGG,1
AAGGAATAAGCAACAT,1
AAGGAATAATAAAGCT,1
AAGGAATAATCACAAC,1
AAGGAATAATCAGAAA,1
AAGGAATAATCAGAGC,1
AAGGAATAATCGGAAC,1
AAGGAATAATTCGGCG,1
AAGGAATAGTCAGAAC,1
AAGGAATATCAAATGT,1
AAGGAATATTCAGTCA,1
AAGGAATCATAGTACT,1
AAGGAATCTATGCCCT,1
AAGGAATGTAGAGGAC,1
AAGGACAAACACTTTA,1
AAGGACAACCAATTTA,1
AAGGACAACCGGAACG,1
AAGGACAAGCACTTTA,1
AAGGACAATCACAATC,1
AAGGACACAATTAGTG,1
AAGGACACAATTATGG,1
AAGGACACCAGAAATG,1
AAGGACACCCAACTAA,1
AAGGACACGTTCAGTT,1
AAGGACACTTCGAGCT,1
AAGGACAGCGGGGATC,1
AAGGACAGTGTAAGTT,1
AAGGACATAATTCAAG,1
AAGGACATACCTGTAT,1
AAGGACATTCATGGCG,1
AAGGACCAGCCCAGAG,1
AAGGACCGGTCACGTA,1
AAGGACCTTCAAGCCC,1
AAGGACGACCACTTTA,1
AAGGACGATCAACGTC,1
AAGGACGATTCGAGCT,1
AAGGACGCAATTAGGG,1
AAGGACGCGGGACGAA,1
AAGGACGCGTCGAGCT,1
AAGGACGCTATGAGTC,1
AAGGACGCTATGATGC,1
AAGGACGCTCCGAGCT,1
AAGGACGCTTAGAGCT,1
AAGGACGCTTCAAGCT,1
AAGGACGCTTCGAGCA,1
AAGGACGCTTCGAGCC,1
AAGGACGCTTCGATCT,1
AAGGACGGCATATACA,1
AAGGACGGTACATACG,1
AAGGACTAATAAAATT,1
AAGGACTGAAAGCTTT,1
AAGGACTTGCACAAAG,1
AAGGACTTGTTCTTAA,1
AAGGAGAAAAGTGAGT,1
AAGGAGAAATACTAAG,1
AAGGAGAGGAATCCCT,1
AAGGAGAGGAGTCCCA,1
AAGGAGATAACATTAA,1
AAGGAGCAAAGTGAGC,1
AAGGAGCAAAGTTAGT,1
AAGGAGCAGTTATATT,1
AAGGAGCGAACTAGTA,1
AAGGAGCGATATAAAA,1
AAGGAGCGGAATAGCA,1
AAGGAGCGGCCCTGGT,1
AAGGAGCTATATTCGA,1
AAGGAGCTGATATAAC,1
AAGGAGCTTCAAAAGT,1
AAGGAGGAGAGGCAGA,1
AAGGAGGATTCCAATG,1
AAGGAGGCTTACAATG,1
AAGGAGGCTTTCAATG,1
AAGGAGGGATATAAAA,1
AAGGAGGTTAATAAGT,1
AAGGAGTAAGAAGAGA,1
AAGGAGTAGTAACCTG,1
AAGGAGTATATAAAAA,1
AAGGAGTATTCGAACC,1
AAGGAGTCTACAACCA,1
AAGGAGTCTACTATAG,1
AAGGAGTGCTTTCAGA,1
AAGGAGTTAGTACATA,1
AAGGAGTTTACAGTCT,1
AAGGATAAAAAATAGA,1
AAGGATAACAGAACAA,1
AAGGATAACTGGAAAT,1
AAGGATAACTGGGGAT,1
AAGGATAAGTCTACAT,1
AAGGATACAATTAGGG,1
AAGGATACTTATAGCG,1
AAGGATAGAATTCATA,1
AAGGATAGAGTTTTGT,1
AAGGATAGCCCAATTA,1
AAGGATATCACTGAAA,1
AAGGATCATCCACTGA,1
AAGGATCCAACCTTAG,1
AAGGATCCAGCGACCC,1
AAGGATCCATGCACCC,1
AAGGATCCTCTTCCCG,1
AAGGATCGAAATAGCG,1
AAGGATCGATCAACCG,1
AAGGATCTATCGACTG,1
AAGGATCTGATCTTGA,1
AAGGATGAAATTCATA,1
AAGGATGCCAATTCGT,1
AAGGATGCTTTTACAG,1
AAGGATGGTTAGGCCA,1
AAGGATGGTTCCGAAG,1
AAGGATGGTTCTGAAA,1
AAGGATGGTTCTTAAG,1
AAGGATGTACAGCGAT,1
AAGGATTAACACCATA,1
AAGGATTAAGGAAGTC,1
AAGGATTACAACCTAA,1
AAGGATTACACTGTAT,1
AAGGATTAGAGACGAT,1
AAGGATTATACGACTA,1
AAGGATTATCGCCATA,1
AAGGATTCATAAAAAA,1
AAGGATTGACACCATC,1
AAGGATTGATCAGGTA,1
AAGGATTGGAACCGGG,1
AAGGATTGTAAGCGCT,1
AAGGATTTATACGGAG,1
AAGGCAAAATCATGTT,1
AAGGCAAATACACAAG,1
AAGGCAAATTAATGTT,1
AAGGCAACACCCTGAA,1
AAGGCAACTACCAGAG,1
AAGGCAAGAACATATG,1
AAGGCAAGCATTTTAA,1
AAGGCAAGGTCGGATT,1
AAGGCAATCCGTTAAA,1
AAGGCAATCGCCTAAA,1
AAGGCAATGATTAAAA,1
AAGGCAATTCAAGCGT,1
AAGGCACATCTTCACC,1
AAGGCACATGGGTACG,1
AAGGCACCAGATTGAA,1
AAGGCACCAGTGCCAA,1
AAGGCACCGTAACAAA,1
AAGGCACGTACTAAAC,1
AAGGCACTAATTATGA,1
AAGGCAGAAAGATTCA,1
AAGGCAGCATCCCGCA,1
AAGGCAGCCCCCCGCA,1
AAGGCAGCCTCCAGCA,1
AAGGCAGCCTCCCGAA,1
AAGGCAGCCTCCCGCT,1
AAGGCAGCGGAATATT,1
AAGGCAGGTGTCATCT,1
AAGGCAGTAACGCCCG,1
AAGGCAGTACCGCCCT,1
AAGGCAGTACTGCCCG,1
AAGGCATAGTAACCAA,1
AAGGCATCCTCCCGCA,1
AAGGCATGTAGAGGAA,1
AAGGCATGTAGGGAGA,1
AAGGCATGTCAAAAAA,1
AAGGCCAACAGCTAAA,1
AAGGCCAAGTTAACTA,1
AAGGCCAATGCACCTA,1
AAGGCCACAACATATG,1
AAGGCCACAATTAATT,1
AAGGCCACCGCATGCA,1
AAGGCCAGAACATATT,1
AAGGCCAGAACATTTG,1
AAGGCCAGAATGAAGA,1
AAGGCCAGACGCAACT,1
AAGGCCAGAGCATATG,1
AAGGCCAGTGTCATCT,1
AAGGCCATATGCTTAG,1
AAGGCCCACGAGTTTA,1
AAGGCCCATGCCCAAC,1
AAGGCCCCAGATTGCT,1
AAGGCCGGTATCATCT,1
AAGGCCGGTGCCATCT,1
AAGGCCGTTGTCATCT,1
AAGGCCTCATCGGACG,1
AAGGCCTCTGATAGCT,1
AAGGCCTGTGTCGCCT,1
AAGGCCTTTGCAAGTA,1
AAGGCGATACAAGTAT,1
AAGGCGATAGATCCAC,1
AAGGCGATCAAACCTA,1
AAGGCGCCCACACGAA,1
AAGGCGTACAAAATAT,1
AAGGCGTCACAAAGCA,1
AAGGCTAAGCCAAACA,1
AAGGCTACAGCACAAA,1
AAGGCTAGAACATATG,1
AAGGCTAGAGTTCTGT,1
AAGGCTAGAGTTTTTT,1
AAGGCTAGATTTTTGT,1
AAGGCTCAGGTCCTCG,1
AAGGCTCATATTGATA,1
AAGGCTCTAAAGCTTA,1
AAGGCTCTAGTTACAA,1
AAGGCTCTGCAGAGTG,1
AAGGCTGAAATTGATA,1
AAGGCTGCCAATTCTA,1
AAGGCTGCCTCCCGCA,1
AAGGCTGCTAAAGAAT,1
AAGGCTGGTGTCATCT,1
AAGGCTTAGAGAAGAT,1
AAGGCTTAGATTCGGT,1
AAGGCTTCCAATTCGT,1
AAGGCTTGGAAAGTGA,1
AAGGCTTTTATATATG,1
AAGGGAAAACGTAGTT,1
AAGGGAAATAAACAAG,1
AAGGGAAATACACAAA,1
AAGGGAACATGACGAT,1
AAGGGAACCCCAAATC,1
AAGGGAACCCGTATGA,1
AAGGGAAGACACCTAA,1
AAGGGAAGCTCGGATT,1
AAGGGAAGTTACATGA,1
AAGGGAATAATACTAA,1
AAGGGAATACATTTGT,1
AAGGGAATACGAGACT,1
AAGGGAATCCACGCGC,1
AAGGGACATTCAAATT,1
AAGGGACATTTACAGC,1
AAGGGACCGCTTAGGG,1
AAGGGACGATTCAAGA,1
AAGGGACGTTACGTGA,1
AAGGGACTAAATATAC,1
AAGGGACTAGAATTTT,1
AAGGGAGAAGGTAACC,1
AAGGGAGACAACAGGA,1
AAGGGAGGGAAATGGA,1
AAGGGATAAAATCGTA,1
AAGGGATAAGCAAACA,1
AAGGGATCTAAACAAA,1
AAGGGATCTATCGAGA,1
AAGGGATTACAAGACG,1
AAGGGATTATGATTAA,1
AAGGGCAAAGCTACCA,1
AAGGGCAAAGGTACAA,1
AAGGGCAAAGGTATCA,1
AAGGGCAAAGGTGCCA,1
AAGGGCAAATAACCAT,1
AAGGGCAAATGTACCA,1
AAGGGCAATGCTAAAC,1
AAGGGCAATTCGTCTA,1
AAGGGCACCACAAATC,1
AAGGGCACCATTCACA,1
AAGGGCACCCACGCGC,1
AAGGGCAGAAAAACAA,1
AAGGGCAGACACACCT,1
AAGGGCATACACGCGC,1
AAGGGCATCCACGAGC,1
AAGGGCATCCACGCAC,1
AAGGGCATCCACGCGT,1
AAGGGCATCCATGCGC,1
AAGGGCATGCACGCGC,1
AAGGGCATTGCTTAAC,1
AAGGGCCCAATCAATG,1
AAGGGCCTCATTATCT,1
AAGGGCGAATAGGGAT,1
AAGGGCGCCTGTTACC,1
AAGGGCGCTTCGAGCT,1
AAGGGCGGCCCAAAAG,1
AAGGGCTACTACAGCT,1
AAGGGCTATGCCGGGA,1
AAGGGGACCATAAACC,1
AAGGGGATATCCCGCT,1
AAGGGGATCACAACGG,1
AAGGGGATTTATTTAT,1
AAGGGGCACGAACCTC,1
AAGGGGCACTAGTGCC,1
AAGGGGCGTTACATGA,1
AAGGGGGCTTCCAATG,1
AAGGGGTCGAAGGACT,1
AAGGGTAAAAATGTTT,1
AAGGGTAAATCTGCAA,1
AAGGGTAATAGATCTT,1
AAGGGTACAAAAGGAC,1
AAGGGTACAACATGAC,1
AAGGGTACACTGAAAC,1
AAGGGTACCAGATCTT,1
AAGGGTACTACATGAA,1
AAGGGTACTAGATCTC,1
AAGGGTATCCCACATC,1
AAGGGTCACTGAGCAC,1
AAGGGTCGCCGTCAAT,1
AAGGGTCTTTAGATTA,1
AAGGGTGATATTGATC,1
AAGGGTGATTTGTGTA,1
AAGGGTGGGCAACTTA,1
AAGGGTTAAACCAGAA,1
AAGGGTTCAAATACGA,1
AAGGGTTCTAAGACAT,1
AAGGGTTTCGAAACAC,1
AAGGGTTTTAAGATTG,1
AAGGTAAACAAAAACA,1
AAGGTAAAGCAGAATT,1
AAGGTAATAAATCCAA,1
AAGGTAATAATCGCCT,1
AAGGTAATATCTATAT,1
AAGGTAATATTCACCT,1
AAGGTAATATTCGACT,1
AAGGTAATATTCGCAT,1
AAGGTAATATTCTCCT,1
AAGGTAATCTTTAACA,1
AAGGTACAAACACCTA,1
AAGGTACATAGAGATA,1
AAGGTACGACCTACAA,1
AAGGTACTGAAGTGAA,1
AAGGTAGACAGGCAAA,1
AAGGTAGCGTCACAAA,1
AAGGTAGGAGACCAAG,1
AAGGTAGGCATAATAC,1
AAGGTATAATCAGAAC,1
AAGGTATATAAGATCG,1
AAGGTATATATGGTGG,1
AAGGTATCACTATAAT,1
AAGGTATCCGTAGATA,1
AAGGTATCGAATTTAC,1
AAGGTATCGATATAAT,1
AAGGTATCGCTTTAAT,1
AAGGTATGACTAAACT,1
AAGGTATTTTAAAAGG,1
AAGGTCAAAATTCAAG,1
AAGGTCAAACGCTCAC,1
AAGGTCAATCATCACC,1
AAGGTCAATGCTAAAT,1
AAGGTCACAAAGGCCT,1
AAGGTCACCGCATGAA,1
AAGGTCACGAAGGTCT,1
AAGGTCACGGCATGCA,1
AAGGTCAGCGAACATT,1
AAGGTCAGTATGGCTA,1
AAGGTCGAACGGGGAA,1
AAGGTCGCTCTATCCC,1
AAGGTCTTAGTTCTAG,1
AAGGTGAAATCTAACC,1
AAGGTGAAGTTACTAT,1
AAGGTGACCGCCTATG,1
AAGGTGAGATAAGTCT,1
AAGGTGAGGTCATTAG,1
AAGGTGCACTTGCAGA,1
AAGGTGCCGCCGATAA,1
AAGGTGCCTGACAATA,1
AAGGTGCCTGACAATC,1
AAGGTGCTAAGAAGCA,1
AAGGTGCTTATACACA,1
AAGGTGCTTGTGAGAC,1
AAGGTGCTTGTGAGTC,1
AAGGTGGAAGTTAAAC,1
AAGGTGGCTTCCAATG,1
AAGGTGGGAGTTCAAA,1
AAGGTGGGATCCAAAT,1
AAGGTGGTCAAAGGTT,1
AAGGTGTAAAGCAACG,1
AAGGTGTAATCCAGAA,1
AAGGTGTAATTTTAAG,1
AAGGTGTACATGACGT,1
AAGGTTAAATGCGGAC,1
AAGGTTAACTGGGAAT,1
AAGGTTAATACCTTCC,1
AAGGTTAATCCGGTAC,1
AAGGTTAATGGAAACA,1
AAGGTTACACTAGGCA,1
AAGGTTACCCACTGTC,1
AAGGTTAGTCAAAAAA,1
AAGGTTATCAACAATG,1
AAGGTTCAAGAAAATC,1
AAGGTTCAAGCAAATA,1
AAGGTTCAAGCAATTC,1
AAGGTTCCATATCAGT,1
AAGGTTCGTTTCAGAA,1
AAGGTTGAAGCAAATC,1
AAGGTTGCCAACTGTC,1
AAGGTTGCCCAATGTC,1
AAGGTTGCCCACTGTA,1
AAGGTTGCCTACTGTC,1
AAGGTTGCTAAGTCTA,1
AAGGTTGTGACCATCC,1
AAGGTTGTTCATTTGT,1
AAGGTTTCCCACTGTC,1
AAGGTTTGCATCTACT,1
AAGGTTTGTTTGTCCA,1
AAGGTTTTAATTGTCG,1
AAGGTTTTTAAAATAG,1
AAGTAAAAAAATGTTT,1
AAGTAAAAAACATGGA,1
AAGTAAAAAATCTACC,1
AAGTAAAACGCTTAAA,1
AAGTAAAAGAGAGCCT,1
AAGTAAAAGGTTAATA,1
AAGTAAAATAATAATA,1
AAGTAAAATAGTAAAG,1
AAGTAAACCATCTAAT,1
AAGTAAACCCAAATAG,1
AAGTAAACCCGATGTG,1
AAGTAAACCCTGAAAA,1
AAGTAAACCTCTTAAA,1
AAGTAAACTAACGAAA,1
AAGTAAAGAATAAAAG,1
AAGTAAAGAATATAAG,1
AAGTAAAGAATCTAAT,1
AAGTAAAGACTAGCCC,1
AAGTAAAGCAAAATAG,1
AAGTAAAGCATAAAAT,1
AAGTAAAGCCAAACAG,1
AAGTAAAGCCAAAGCT,1
AAGTAAAGCCAAATAT,1
AAGTAAAGCCCATTTT,1
AAGTAAAGCGAAATAG,1
AAGTAAAGCGCTTAAA,1
AAGTAAAGGAATAGCC,1
AAGTAAAGGATCTAAG,1
AAGTAAAGGTCCAGAA,1
AAGTAAATAAATGCCA,1
AAGTAAATAATCTAAG,1
AAGTAAATCCAAATAG,1
AAGTAAATCGCTTAAA,1
AAGTAAATCTTACTCT,1
AAGTAAATGGCTTCAA,1
AAGTAAATTACCTGAA,1
AAGTAAATTTATCAAT,1
AAGTAACAAATCCTAA,1
AAGTAACAGAGAGCCA,1
AAGTAACAGATAGCCT,1
AAGTAACAGCAAGGTT,1
AAGTAACAGCATGTAA,1
AAGTAACATGAACAAA,1
AAGTAACCATAAAAAG,1
AAGTAACCCAGTGAGC,1
AAGTAACCGAGGACGG,1
AAGTAACCGGAAATGT,1
AAGTAACCTTGCTTGT,1
AAGTAACGAAGTGATT,1
AAGTAACGGCCCTGGT,1
AAGTAACTAATACTAC,1
AAGTAACTAGACAACC,1
AAGTAACTATGTAACA,1
AAGTAACTCAAACACA,1
AAGTAACTCGAGTGAA,1
AAGTAACTCTTATAAT,1
AAGTAACTGAATTAAC,1
AAGTAACTTAACCGGA,1
AAGTAAGAAAAATGAA,1
AAGTAAGAACCCATGC,1
AAGTAAGAGCATATCT,1
AAGTAAGGACATAAAC,1
AAGTAAGGTTATACTG,1
AAGTAAGTCCCAATAG,1
AAGTAATAAAAGGCTC,1
AAGTAATAAACCCTAA,1
AAGTAATAAAGACTAA,1
AAGTAATAAAGCATAA,1
AAGTAATAAAGCCCAA,1
AAGTAATAAAGTCTAA,1
AAGTAATAAATACTAA,1
AAGTAATAACGAAGGC,1
AAGTAATAAGTCTGTC,1
AAGTAATAATCATTTC,1
AAGTAATACTCCGGAC,1
AAGTAATAGAACGTAC,1
AAGTAATAGAGCCTAA,1
AAGTAATAGGGACACA,1
AAGTAATCGTAGCAAA,1
AAGTAATCTTAGAAAA,1
AAGTAATGCCAAAGAA,1
AAGTAATGGCAACATT,1
AAGTAATGGCCAGTAC,1
AAGTAATGTACCTAAG,1
AAGTAATGTTCAATCT,1
AAGTAATTGTCAGACT,1
AAGTAATTTCAAAAAC,1
AAGTAATTTGCCTAAG,1
AAGTACAAAACTTCGG,1
AAGTACAACCTTGACG,1
AAGTACACAATTAGGG,1
AAGTACACAGCAGTAC,1
AAGTACACCTGAGATA,1
AAGTACAGCTGCCGAT,1
AAGTACAGGATAAACA,1
AAGTACAGGTCCGGAA,1
AAGTACAGTAGTGACA,1
AAGTACATACCATTAT,1
AAGTACATGCCATTAT,1
AAGTACATGGAAAGCG,1
AAGTACATGTAAATGG,1
AAGTACATTTAACTCC,1
AAGTACCAACCAAGCT,1
AAGTACCAGATTGTAA,1
AAGTACCCATTCGCAA,1
AAGTACCGCCGTGTGG,1
AAGTACCTCTTTGTAC,1
AAGTACCTTTATTAGT,1
AAGTACGAACAGCGTA,1
AAGTACGAGGTAGATA,1
AAGTACTAAATAAGCG,1
AAGTACTAACTAAGCT,1
AAGTACTAACTAAGTG,1
AAGTACTAACTGAGCG,1
AAGTACTAGCTAAGCG,1
AAGTACTATAAGACTG,1
AAGTACTCGAAGAAAT,1
AAGTACTCGACAACCC,1
AAGTACTGCCTAACAG,1
AAGTACTTACTAAGCG,1
AAGTACTTCTTTGACG,1
AAGTAGACATAAGAAA,1
AAGTAGACCTACACAA,1
AAGTAGAGAAAAGATT,1
AAGTAGAGCGTAGTAT,1
AAGTAGATAAACTGAG,1
AAGTAGCAACACCCAG,1
AAGTAGCCCTACACCA,1
AAGTAGCCGGGCGATA,1
AAGTAGCCTCATCCCG,1
AAGTAGGACCAATACG,1
AAGTAGGCCCAATCTC,1
AAGTAGGCTCTTTCCC,1
AAGTAGGGCCGATACG,1
AAGTAGGTAAACTGAT,1
AAGTAGGTTAAAATAC,1
AAGTAGTAACCCCCAG,1
AAGTAGTACTCGTATT,1
AAGTAGTCGCCGGGGA,1
AAGTAGTTACCTGACA,1
AAGTATAAAAAACCAA,1
AAGTATAAAGCTAATA,1
AAGTATAAGTGGGCAT,1
AAGTATAGAATCTAAG,1
AAGTATAGGTGATTCC,1
AAGTATAGTCGCTACC,1
AAGTATATAATACCAC,1
AAGTATATAATGCAAA,1
AAGTATATACAAGTTC,1
AAGTATATGGAATAAA,1
AAGTATATGTAATACA,1
AAGTATCAACCAGAAA,1
AAGTATCACATCATCT,1
AAGTATCAGACAAACA,1
AAGTATCAGCATGCGG,1
AAGTATCAGCCAGAAC,1
AAGTATCCCGAGGCGT,1
AAGTATCCCTCCACTA,1
AAGTATCGAAGATGAG,1
AAGTATCGAAGGTTAA,1
AAGTATCGGTAAACTA,1
AAGTATCGTAAATAAC,1
AAGTATCTCATAATCT,1
AAGTATCTGATCATCT,1
AAGTATGAAACGGTAA,1
AAGTATGACCAAGCGG,1
AAGTATGACGTAGGTG,1
AAGTATGATAATAAAA,1
AAGTATGGAACTAACA,1
AAGTATGGAATTAACG,1
AAGTATGGGATTAACA,1
AAGTATGGTCGAGGCA,1
AAGTATGGTTCTGAAG,1
AAGTATTACTCGTAGA,1
AAGTATTAGAATAACA,1
AAGTATTATTCGAACC,1
AAGTATTCCGCCACTA,1
AAGTATTCTGAAGTCG,1
AAGTATTGACGGTTTA,1
AAGTATTGGTAACTAC,1
AAGTCAAAAAAGACAA,1
AAGTCAAAACGCCGCA,1
AAGTCAAAATCCGTCA,1
AAGTCAAAATCTGTAA,1
AAGTCAAAATCTGTTA,1
AAGTCAAACAAATGCA,1
AAGTCAAAGATCTACC,1
AAGTCAAAGTAATTTC,1
AAGTCAAATAGCAAAG,1
AAGTCAAATGGTAAAG,1
AAGTCAAATGTCATTA,1
AAGTCAAATTATGGAA,1
AAGTCAACAAACGTGA,1
AAGTCAACAATGGTGC,1
AAGTCAACTAACCAGC,1
AAGTCAAGACACGAAC,1
AAGTCAAGATCCTACC,1
AAGTCAAGCCCCGTAA,1
AAGTCAAGCTCGGATT,1
AAGTCAAGGTCCGAAT,1
AAGTCAAGGTCCTGAT,1
AAGTCAAGTACCTGGT,1
AAGTCAAGTCACTGGT,1
AAGTCAAGTCCCTGTT,1
AAGTCAATATCCGACC,1
AAGTCAATGACTCGCC,1
AAGTCACAAAGCCGCA,1
AAGTCACAACGCCGCT,1
AAGTCACAATGTCCGC,1
AAGTCACAGATGAATT,1
AAGTCACAGTACTTAA,1
AAGTCACCATCAAAGA,1
AAGTCACCGTAACACA,1
AAGTCACGACGATGAT,1
AAGTCACGCATTGCCA,1
AAGTCACTATTTATCC,1
AAGTCACTTCTTTATT,1
AAGTCAGATCTTAAAC,1
AAGTCAGTCCATTTAT,1
AAGTCATACTGCTTAA,1
AAGTCATATTATCAGA,1
AAGTCATCAATATCCG,1
AAGTCATCACTCTGGG,1
AAGTCATCTATAAACA,1
AAGTCATTGTCTCTAC,1
AAGTCCAAATCAATCT,1
AAGTCCACACAGAAGT,1
AAGTCCACACGCTCAG,1
AAGTCCATACCTAACA,1
AAGTCCATAGTACAGC,1
AAGTCCATCCGGAGAG,1
AAGTCCATCCTTCACG,1
AAGTCCATGACTCGCT,1
AAGTCCATGACTCTCC,1
AAGTCCATGACTTGCC,1
AAGTCCATGTTGCTAT,1
AAGTCCATTATGACCT,1
AAGTCCATTTCATTAC,1
AAGTCCCATCGTATCT,1
AAGTCCCCTTCATTAC,1
AAGTCCGAACAGCTTA,1
AAGTCCGATTGAATAA,1
AAGTCCGCCCGCTAAA,1
AAGTCCGGGCATACTT,1
AAGTCCGTGACTCGCC,1
AAGTCCTACAGAGAAG,1
AAGTCCTCAATCAAAA,1
AAGTCCTTGAAGTCGA,1
AAGTCGAAACCTATAA,1
AAGTCGAAACGATCTA,1
AAGTCGAACACCCGAC,1
AAGTCGAATTATGCTA,1
AAGTCGAGGGTACAAC,1
AAGTCGAGTACACACT,1
AAGTCGCAACCTATGA,1
AAGTCGCAACCTGTAA,1
AAGTCGCCTCCTTTTC,1
AAGTCGGCTAGTGCGC,1
AAGTCGGCTTACCCAA,1
AAGTCGTAGCTCATTT,1
AAGTCGTATACGACGA,1
AAGTCGTTAATAATCT,1
AAGTCTACACTTACTG,1
AAGTCTAGAAGATGAG,1
AAGTCTAGAATCGTCT,1
AAGTCTATTCTTTCAT,1
AAGTCTATTTGCACAG,1
AAGTCTCATATAAGCG,1
AAGTCTCGAAGATGAT,1
AAGTCTCGCTAAGATG,1
AAGTCTCTAAAAACTT,1
AAGTCTCTATGCACAG,1
AAGTCTCTCACCCAAA,1
AAGTCTCTGCAAGGAA,1
AAGTCTGCCAATTCGT,1
AAGTCTGTAGCAAGAG,1
AAGTCTGTAGGTTTTA,1
AAGTCTTACTAACATA,1
AAGTCTTCATGCCCGT,1
AAGTCTTCTAAATTAG,1
AAGTCTTTAAAATTAG,1
AAGTCTTTGAAATTAG,1
AAGTGAAAACCGGCAC,1
AAGTGAAAAGCCTAAT,1
AAGTGAAATATTTACC,1
AAGTGAAATTTAATCG,1
AAGTGAACCATACTCA,1
AAGTGAACGATTCAGG,1
AAGTGAACTGTTCATC,1
AAGTGACAAAATAAGT,1
AAGTGACAATAGGTGG,1
AAGTGACAGAATAAGT,1
AAGTGACAGAGTCCAA,1
AAGTGACCCATTGAGC,1
AAGTGACCTAAACAAA,1
AAGTGACCTTTCATGA,1
AAGTGACGACCATGGA,1
AAGTGACGCCCACGGA,1
AAGTGACGCCCATTGA,1
AAGTGACTTGATGACC,1
AAGTGAGACTTGAGAA,1
AAGTGAGAGTTCAGTC,1
AAGTGAGCACTGTAAG,1
AAGTGAGCCGTTAAAT,1
AAGTGAGCTAACACTA,1
AAGTGAGGCCCATGGA,1
AAGTGAGTAAAAACAA,1
AAGTGATAAAGCCTAA,1
AAGTGATAAATGTAAT,1
AAGTGATAACGATGCT,1
AAGTGATACTTAAGAA,1
AAGTGATAGACTCAAC,1
AAGTGATCATATGCGA,1
AAGTGATCTATTACCT,1
AAGTGATGATACTTAC,1
AAGTGATGTTGTCATG,1
AAGTGATTAAAAGAAT,1
AAGTGATTAAATCCCC,1
AAGTGATTAAGTGTCA,1
AAGTGATTATGACTGA,1
AAGTGATTCTGAATGA,1
AAGTGATTCTGACTTA,1
AAGTGATTCTTACTGA,1
AAGTGATTGAAAGAAT,1
AAGTGCAAAACTCTAG,1
AAGTGCAAACAATTCG,1
AAGTGCAAACATTAAA,1
AAGTGCACCAGCTTCA,1
AAGTGCACGCCAAAAT,1
AAGTGCACTACAAACA,1
AAGTGCAGTTGCGAGG,1
AAGTGCATCAACTCAT,1
AAGTGCATCACTTCAT,1
AAGTGCATCCCAAAAT,1
AAGTGCATCCGAAGAG,1
AAGTGCATCCGTAGAG,1
AAGTGCATTTGCGCGG,1
AAGTGCCCCTTACCCA,1
AAGTGCCTATAATTTA,1
AAGTGCCTCAGTATCT,1
AAGTGCCTCTTATCCA,1
AAGTGCGACGGACCCC,1
AAGTGCGATGGAACCC,1
AAGTGCGATGGACCCA,1
AAGTGCGATGGACCCT,1
AAGTGCGATGGACCGC,1
AAGTGCGATGGGCCCC,1
AAGTGCGATTACTTCC,1
AAGTGCGCCTTATCCA,1
AAGTGCGTGCGATCCA,1
AAGTGCTAAAACATGG,1
AAGTGCTACTACCGCT,1
AAGTGCTATGGACCCC,1
AAGTGCTATTAAACCA,1
AAGTGCTCACCACAAA,1
AAGTGCTTCTTGTAGG,1
AAGTGGAAACTAATGT,1
AAGTGGAACCCAGCAA,1
AAGTGGCAATAAACCA,1
AAGTGGCACAATAAGT,1
AAGTGGCACACAGGTG,1
AAGTGGCAGAGCGCTT,1
AAGTGGCCACATCCCG,1
AAGTGGCCGCATCCCG,1
AAGTGGCCTCACCCCG,1
AAGTGGCCTCATCCGG,1
AAGTGGCCTCGTCCCG,1
AAGTGGCGTAACCAGC,1
AAGTGGCTAGTATATC,1
AAGTGGCTTCATCCCG,1
AAGTGGGATAATGGGG,1
AAGTGGGCCCAATATC,1
AAGTGGGCCCAATCTA,1
AAGTGGGCCCAATTTC,1
AAGTGGGCCGAATCTC,1
AAGTGGTATACCAAGT,1
AAGTGGTCAAATCAAG,1
AAGTGGTCCCAATCTC,1
AAGTGGTGCGTGACAA,1
AAGTGGTTTAAACGCA,1
AAGTGTAAATCTAATA,1
AAGTGTAAATGATTCA,1
AAGTGTAACCTACTTG,1
AAGTGTAACCTGATTG,1
AAGTGTAACCTGCTTA,1
AAGTGTAACCTTCTTG,1
AAGTGTAACTTTAAAC,1
AAGTGTAAGCATACAT,1
AAGTGTAAGGCTAATA,1
AAGTGTAATCAGACTG,1
AAGTGTACCCCAAAAT,1
AAGTGTACGTCGAATT,1
AAGTGTAGAGCTAATA,1
AAGTGTAGCTAGGAAT,1
AAGTGTCAATGGTAAG,1
AAGTGTCATGAACTGG,1
AAGTGTCCAATTTTAA,1
AAGTGTGACACTTATA,1
AAGTGTGAGACTTCTA,1
AAGTGTGATACCAAGT,1
AAGTGTGATGGACCCC,1
AAGTGTGCAATTAACA,1
AAGTGTGGCAGACTGT,1
AAGTGTGTACACCCAT,1
AAGTGTTCCGGCTCCC,1
AAGTGTTGACAAGTAA,1
AAGTGTTTCTGACTGA,1
AAGTGTTTGAAAGAAA,1
AAGTTAAAATCTAAGT,1
AAGTTAAACGGCGGAC,1
AAGTTAAACTAGGAAT,1
AAGTTAAAGCGAATTC,1
AAGTTAAAGGAATCCG,1
AAGTTAAATAAAATTG,1
AAGTTAAATAGGTATG,1
AAGTTAAATCCAGACT,1
AAGTTAACAAAAAGCA,1
AAGTTAACACCTGACA,1
AAGTTAACCTCTACCT,1
AAGTTAACGCGCGTCC,1
AAGTTAACGTGAGTCC,1
AAGTTAACGTGCGTTC,1
AAGTTAACTCGAATTC,1
AAGTTAAGACAAATAA,1
AAGTTAAGCACATAAA,1
AAGTTAAGCCAAATAG,1
AAGTTAAGGAGAACTT,1
AAGTTAATGGGCTTGA,1
AAGTTAATGTCTATTT,1
AAGTTACAATTAGGCC,1
AAGTTACACAATAAGT,1
AAGTTACACCGTTGCG,1
AAGTTACAGAGACGAC,1
AAGTTACCATGCATAT,1
AAGTTACTTTCTGCAA,1
AAGTTAGAAAACATGA,1
AAGTTAGAAGAGGGGA,1
AAGTTAGACGTTAAAT,1
AAGTTAGCGAAAAATT,1
AAGTTAGCGTATGTAT,1
AAGTTAGGCATAATGT,1
AAGTTAGTACTCCTAT,1
AAGTTAGTGCATAGGG,1
AAGTTAGTTAATGCAG,1
AAGTTATAAACCCCAT,1
AAGTTATAAACCTCAG,1
AAGTTATAAACTTCAT,1
AAGTTATACATAAAAC,1
AAGTTATATCACATAT,1
AAGTTATATTGATAGG,1
AAGTTATCGAATAGGC,1
AAGTTATCTATTCCCT,1
AAGTTATCTGATCTTA,1
AAGTTATGCCTGACTG,1
AAGTTATGTGCTATTG,1
AAGTTATTATACTAGC,1
AAGTTATTTCACTAAC,1
AAGTTCAAACTACGGC,1
AAGTTCAAATAGGCCC,1
AAGTTCAAATAGGTAC,1
AAGTTCAAATATGTCC,1
AAGTTCAAGTAGGTCC,1
AAGTTCAATATGTGAC,1
AAGTTCACCCCAAAAT,1
AAGTTCATTCACCCTA,1
AAGTTCCCTCCTTTTC,1
AAGTTCCTACCCTAGG,1
AAGTTCGAAGAAATAT,1
AAGTTCGAGCCCTAAG,1
AAGTTCGCCCTCAATA,1
AAGTTCGGAGACAATT,1
AAGTTCGTGCAGTGTC,1
AAGTTCGTGCATAGTG,1
AAGTTCGTGCATTGGG,1
AAGTTCTAACAGGCGC,1
AAGTTCTAATACTCTA,1
AAGTTCTCAGCTGCAA,1
AAGTTCTTTTTGTAGG,1
AAGTTGAAAAAACCCA,1
AAGTTGAAACTAAAAA,1
AAGTTGAAATCGGACT,1
AAGTTGAACTGGTGTA,1
AAGTTGACACCCTACA,1
AAGTTGACGGCCTACA,1
AAGTTGACTCCTTTTC,1
AAGTTGAGCCACCATA,1
AAGTTGAGCGAATCCA,1
AAGTTGATACCAAATT,1
AAGTTGATGTCTGTTT,1
AAGTTGCAAATCACTA,1
AAGTTGCAACTAGAAA,1
AAGTTGCAGCCCATTC,1
AAGTTGCATCATCGAG,1
AAGTTGCCGCCTTTTC,1
AAGTTGCCTGCTGATT,1
AAGTTGCTAGGCTGGA,1
AAGTTGGAGCCATCGA,1
AAGTTGGCCCAATCTC,1
AAGTTGGGTGGTTATT,1
AAGTTGTACATACTGG,1
AAGTTGTACTAGCAAC,1
AAGTTGTAGCACATAT,1
AAGTTGTCAGCATAGC,1
AAGTTGTTAATAAACT,1
AAGTTGTTTCCTTCGT,1
AAGTTTAACCTGCTTG,1
AAGTTTAATTTAGACA,1
AAGTTTACATTCAAAT,1
AAGTTTACATTCTAAA,1
AAGTTTACCCCCTACC,1
AAGTTTACTCCTTACC,1
AAGTTTATAATTGGGA,1
AAGTTTATAATTTGGT,1
AAGTTTATAGCCAACA,1
AAGTTTATAGCGTTTA,1
AAGTTTATGACGTACT,1
AAGTTTATGATTGGGT,1
AAGTTTATGCCATTCT,1
AAGTTTATGTCTTAAC,1
AAGTTTCAAGCAAATC,1
AAGTTTCAAGTGAACG,1
AAGTTTCTCAGCCTAG,1
AAGTTTCTCGGCCTAT,1
AAGTTTCTTTTAAGGG,1
AAGTTTCTTTTCGGCT,1
AAGTTTGAGAGTATCT,1
AAGTTTGCACGGTTCC,1
AAGTTTGCCCATTACC,1
AAGTTTGCCCTGTTCC,1
AAGTTTGCTGAATCGC,1
AAGTTTGGCACCCCCT,1
AAGTTTGTACTAAAAT,1
AAGTTTGTATAAACTC,1
AAGTTTTACGTCGTGA,1
AAGTTTTAGATGTGAG,1
AAGTTTTAGCTGTCAG,1
AAGTTTTAGCTGTTAG,1
AAGTTTTCCATCATAT,1
AAGTTTTCTAATGAGT,1
AAGTTTTTAACGAAGG,1
AAGTTTTTACCCGCTT,1
AATAAAAAATCGCAAA,1
AATAAAAAGAAGGACT,1
AATAAAAAGCTTACAC,1
AATAAAAATAATTATA,1
AATAAAAATCATCTAT,1
AATAAAAATGAACAAA,1
AATAAAAATTACAATT,1
AATAAAACAATAGGTC,1
AATAAAACAGGATCGT,1
AATAAAACATCCTGAT,1
AATAAAACATCCTTCT,1
AATAAAACATTGCAAA,1
AATAAAACGTCGCAAA,1
AATAAAACGTGCGCCA,1
AATAAAACTGAATTTA,1
AATAAAAGACATCACC,1
AATAAAAGACGACTTT,1
AATAAAAGCCATAGAT,1
AATAAAAGCGAAGCCC,1
AATAAAAGGTATCAAT,1
AATAAAATAATGAATT,1
AATAAAATAATGGAAT,1
AATAAAATACATAAAA,1
AATAAAATACTAAACC,1
AATAAAATACTGAACT,1
AATAAAATCAGTGTTC,1
AATAAAATCGAATCCC,1
AATAAAATTAAGCTGC,1
AATAAAATTCGTGCAT,1
AATAAAATTCTGAGCA,1
AATAAACAAAGGACCT,1
AATAAACAATGTGGCC,1
AATAAACACAAAGCAT,1
AATAAACACAGGAACT,1
AATAAACACAGGACTT,1
AATAAACACTGTGGCT,1
AATAAACACTGTGTCC,1
AATAAACACTTACCGT,1
AATAAACAGAATTCCA,1
AATAAACAGAGGACCT,1
AATAAACAGGAAGGCT,1
AATAAACAGGTTTGCG,1
AATAAACAGTGTGGCC,1
AATAAACATAATCCCA,1
AATAAACATAATGCTA,1
AATAAACATAGTTCCA,1
AATAAACATGAACACT,1
AATAAACCAAAAGGAT,1
AATAAACCACACGGCA,1
AATAAACCACTATTTA,1
AATAAACCCCCATCTT,1
AATAAACCGAAAGGAT,1
AATAAACCGTTCCAGT,1
AATAAACCTAAAGTAT,1
AATAAACCTACATCTG,1
AATAAACCTCTATCTG,1
AATAAACGAAGACTTT,1
AATAAACGACGGGCAC,1
AATAAACGACTAAATA,1
AATAAACGATAAACCA,1
AATAAACGATATCACC,1
AATAAACGTAAAGGAT,1
AATAAACGTGTAGATG,1
AATAAACTAAAAGTAA,1
AATAAACTACATCACC,1
AATAAACTGTCTCCAG,1
AATAAAGACACAGGGA,1
AATAAAGACATATCGA,1
AATAAAGACGATAAGA,1
AATAAAGAGTAAAAAG,1
AATAAAGATCTTATCC,1
AATAAAGCACGCTATT,1
AATAAAGCAGCTCCGT,1
AATAAAGCATAATATG,1
AATAAAGCATCGCAAA,1
AATAAAGCCCACCTAT,1
AATAAAGCGATAGGTA,1
AATAAAGCGCCAATGT,1
AATAAAGCGCTACATA,1
AATAAAGCGCTTGGCG,1
AATAAAGGAGTGTACA,1
AATAAAGGGGTAACTA,1
AATAAAGGTCACTATG,1
AATAAATAAAAGACCA,1
AATAAATAAAATATGC,1
AATAAATAAAGAGGAA,1
AATAAATAAATTCCTC,1
AATAAATAACGTATTA,1
AATAAATACGAGTAAC,1
AATAAATACGGCCCTT,1
AATAAATATCATTAAA,1
AATAAATCCAAACCTA,1
AATAAATCGAACTTTG,1
AATAAATCTCCATCTG,1
AATAAATCTTACCTAC,1
AATAAATGAAGGACCA,1
AATAAATGAAGGGGAA,1
AATAAATGAGTAACTA,1
AATAAATGCCAATTAA,1
AATAAATGGATGATAC,1
AATAAATGTTCCGAAA,1
AATAAATTAACTTTAC,1
AATAAATTAATACGAA,1
AATAAATTACTCTTAC,1
AATAAATTATACTTCG,1
AATAAATTCTGCAGTA,1
AATAAATTGTAAAAAA,1
AATAACAAAAATAAAT,1
AATAACAAATCAAAAG,1
AATAACAAGACCCCGA,1
AATAACAAGACGAATG,1
AATAACAAGATAAAAG,1
AATAACAAGCGATCAA,1
AATAACAAGCTGGACA,1
AATAACAAGGCAAATG,1
AATAACAATACGAATA,1
AATAACAATACGGATG,1
AATAACACCTTGGAAA,1
AATAACACGAACAACA,1
AATAACACGGTAACAA,1
AATAACAGAATGACAT,1
AATAACAGATTACCAC,1
AATAACAGCACCCCCT,1
AATAACAGTACGAATG,1
AATAACATAAGAAGGT,1
AATAACATCCGCGACT,1
AATAACATCCTATTAG,1
AATAACATGGAGTCGA,1
AATAACATGGTGCGGC,1
AATAACATGGTGCTCC,1
AATAACATGTCTCCAG,1
AATAACCAAGATATGA,1
AATAACCAATATTGCA,1
AATAACCACAAAAACA,1
AATAACCCCCAAGATA,1
AATAACCCCGATTCTA,1
AATAACCGATAAAAAA,1
AATAACCGCTTGTCAA,1
AATAACCTAAAAATAG,1
AATAACCTAAGATGCA,1
AATAACCTAGATCTGC,1
AATAACCTCAGGACCA,1
AATAACCTGATACACA,1
AATAACCTGTCTACAG,1
AATAACCTGTCTCAAG,1
AATAACCTGTCTCCAA,1
AATAACGAAAACCCAA,1
AATAACGACATCTTCC,1
AATAACGAGAATTAAC,1
AATAACGATTTTCTAT,1
AATAACGCAGGACTTG,1
AATAACGCGCCACCAA,1
AATAACGCTTAGCCAT,1
AATAACGGAACCCCCT,1
AATAACGGAAGATCGT,1
AATAACGGCACACCCT,1
AATAACGGCACCACCT,1
AATAACGGGTAAGAAA,1
AATAACGTTCCTGCGG,1
AATAACGTTGCAGCAG,1
AATAACTAAACTAGAA,1
AATAACTAATGCAATT,1
AATAACTAGCAAAGGA,1
AATAACTATAGAGATG,1
AATAACTCAGAGCGGT,1
AATAACTCCTCATAAC,1
AATAACTGAGTAATCA,1
AATAACTGGAGGCCAT,1
AATAACTTAGATATTC,1
AATAACTTATAATTCG,1
AATAAGAAAGCCACTT,1
AATAAGAAATACGCTG,1
AATAAGAAATTCTTGA,1
AATAAGAAGATTGTAC,1
AATAAGAAGGTACCTG,1
AATAAGAATAATCGAA,1
AATAAGACAAACAAAT,1
AATAAGACAAATTTTT,1
AATAAGACCCATAAGG,1
AATAAGACCCTGAAGG,1
AATAAGACGGTATAAA,1
AATAAGACTACTAACG,1
AATAAGATACAACATG,1
AATAAGATCAAACATA,1
AATAAGCAGATTGTAA,1
AATAAGCAGATTTTAC,1
AATAAGCAGCTTAAAC,1
AATAAGCATAGATAGA,1
AATAAGCATGAAGAAG,1
AATAAGCCACACTCTA,1
AATAAGCCCCAGAAGG,1
AATAAGCCGCCTTAGA,1
AATAAGCTAAGAAAAG,1
AATAAGCTACACTCCA,1
AATAAGCTACACTCTG,1
AATAAGCTCAGTGTCA,1
AATAAGCTGTCTCCAG,1
AATAAGGAAAGCCATC,1
AATAAGGAACTCTAGA,1
AATAAGGAATCGGCAG,1
AATAAGGAGTCTGGAA,1
AATAAGGATAACCATC,1
AATAAGGATAAGACAC,1
AATAAGGCATACTCGA,1
AATAAGGCGATATACC,1
AATAAGGGAATGTACC,1
AATAAGGGCATTTTAG,1
AATAAGGGCTTGAGTC,1
AATAAGGGTGTAACCC,1
AATAAGGTGATAGAAT,1
AATAAGTAAAACGTTA,1
AATAAGTAAAAGCTTT,1
AATAAGTAAACAATGA,1
AATAAGTACATGAAGT,1
AATAAGTATAAAACAC,1
AATAAGTATACATGGT,1
AATAAGTCTAAGAGGG,1
AATAAGTGATTTTGCA,1
AATAAGTGTACTCAAA,1
AATAAGTGTCTGAATG,1
AATAAGTTACACTCTA,1
AATAATAAACAACCAG,1
AATAATAACAACTACC,1
AATAATAACCTGCCTT,1
AATAATAACGATAAAT,1
AATAATAATATAAGAA,1
AATAATAATATCTGTG,1
AATAATAATGCCAGCA,1
AATAATAATGGAGATT,1
AATAATAATTCAAAGG,1
AATAATACACAATAGA,1
AATAATACATATCTAC,1
AATAATACCAATTATA,1
AATAATACCGTATTGA,1
AATAATACGTAATCTG,1
AATAATACTTCTTAAC,1
AATAATAGCTTCGGGA,1
AATAATAGTCCTACCC,1
AATAATATAATTGTCC,1
AATAATATACCAGTAT,1
AATAATATATCAGTGC,1
AATAATATCATTGTCA,1
AATAATATCCTAACAT,1
AATAATATGAACAATA,1
AATAATATGACCAATG,1
AATAATATGGACATCA,1
AATAATATGGACATCT,1
AATAATATGTAAACCG,1
AATAATATTTATTTTT,1
AATAATCAAAAGCCAC,1
AATAATCAACACAACG,1
AATAATCATAGAAACA,1
AATAATCATTCCAGCA,1
AATAATCCAAGGACTG,1
AATAATCCACAATAGT,1
AATAATCCTACCTGAA,1
AATAATCCTTTTCCAC,1
AATAATCGATCAGTCA,1
AATAATCGCTAAAACG,1
AATAATCGTTAGGATA,1
AATAATCTAAAGGCCC,1
AATAATCTAAATTCGC,1
AATAATCTACACTCTA,1
AATAATCTATACACTC,1
AATAATCTATACACTT,1
AATAATCTGAAGTAAT,1
AATAATGAAAACTACT,1
AATAATGACTAATCGA,1
AATAATGACTCATCAA,1
AATAATGACTCATCTA,1
AATAATGAGACCCAAC,1
AATAATGATAACTCTA,1
AATAATGATTGCAACA,1
AATAATGATTTTCGAC,1
AATAATGCAAAATGTT,1
AATAATGCAATCATTA,1
AATAATGCAGACAAAC,1
AATAATGCCTAGTAAA,1
AATAATGCTAAAAAGA,1
AATAATGCTATCTATG,1
AATAATGCTCATGTTT,1
AATAATGGGGGCAGCG,1
AATAATGGTGATTCGC,1
AATAATGTCCCTTAGA,1
AATAATGTCGCATGTT,1
AATAATTAAAAAAATT,1
AATAATTAAAGTGTTA,1
AATAATTACCAATAAA,1
AATAATTACGAGCCGA,1
AATAATTAGAAAAAGT,1
AATAATTATGCCAGCA,1
AATAATTCCACATACT,1
AATAATTGCTGCATGG,1
AATAATTTGCTCATCC,1
AATAATTTGGACATCG,1
AATAATTTTCCCATCC,1
AATACAAAAAAAAAGT,1
AATACAAAAAAAAGGG,1
AATACAAAAATGATTG,1
AATACAAACGGCTATC,1
AATACAAAGAAGAAAG,1
AATACAAAGACGATTA,1
AATACAAAGCTAACAA,1
AATACAAAGGTACTAA,1
AATACAAATCAAACCA,1
AATACAAATGTTATGG,1
AATACAAATTCAGAAT,1
AATACAACACCGACAG,1
AATACAACAGATATAA,1
AATACAACATTGGCAT,1
AATACAACCATAGTTG,1
AATACAACGAGGGCAA,1
AATACAACTAGCTTCA,1
AATACAACTAGGAAGG,1
AATACAACTTGCCAAC,1
AATACAACTTTGCCAT,1
AATACAAGCCAAGCCC,1
AATACAAGCCCGCAAC,1
AATACAAGCGAAGTCC,1
AATACAAGCGAATATA,1
AATACAAGCGAATCCC,1
AATACAAGTCCGAAAG,1
AATACAATAAGACCCT,1
AATACAATAATGCAAT,1
AATACAATAATGGGAT,1
AATACAATACAACTAT,1
AATACAATATAAGAAA,1
AATACAATGAGCTAAG,1
AATACAATTCGCTAAG,1
AATACACACAAACATT,1
AATACACACAACAATT,1
AATACACACAACCGTT,1
AATACACACGAAGTGA,1
AATACACACTAAATAT,1
AATACACAGTCACTTT,1
AATACACATTAAAAAA,1
AATACACCAAGTGATG,1
AATACACCCAAAACAT,1
AATACACCGAACCACC,1
AATACACCTCTACGAG,1
AATACACCTTGCCCAA,1
AATACACTAAACTCAT,1
AATACACTACATCATT,1
AATACACTACGTAAAT,1
AATACACTATAAGAAC,1
AATACACTCTGAAGTG,1
AATACACTTAAGAAAT,1
AATACAGAAACCAAAT,1
AATACAGAACAGTAAA,1
AATACAGACCACCGGA,1
AATACAGACCATCTCG,1
AATACAGAGCCCTACA,1
AATACAGCCCACCTCG,1
AATACAGCCGATCTCG,1
AATACAGCCTATCTCG,1
AATACAGCCTATTGAG,1
AATACAGCTGGACCAA,1
AATACAGCTTCTCGCA,1
AATACAGTACTTAATG,1
AATACAGTCTCCTAAC,1
AATACAGTTTTGCTAG,1
AATACATAAACACACT,1
AATACATACACAATCA,1
AATACATACACAGTGA,1
AATACATACACTCACT,1
AATACATACACTCGTC,1
AATACATACGCACACT,1
AATACATAGGCATGAT,1
AATACATAGGGTTTTA,1
AATACATAGTGGGAAG,1
AATACATATCATGAAC,1
AATACATCAATAGAAG,1
AATACATCAATAGAGC,1
AATACATCAATGGAAA,1
AATACATCACTGACAG,1
AATACATCAGCCCAAC,1
AATACATCATAAGAGT,1
AATACATCATACCTAC,1
AATACATCGCTCACAG,1
AATACATCGTAACATC,1
AATACATCGTCCCACG,1
AATACATCTACAATTG,1
AATACATCTTGCCTAC,1
AATACATGACTCACAG,1
AATACATGTTACCTAC,1
AATACATTAAAATATA,1
AATACATTAACAGGGT,1
AATACATTAGAAACTG,1
AATACATTCATGCGAA,1
AATACATTCTACTCAT,1
AATACATTGACATATA,1
AATACATTGTACAGTA,1
AATACATTTAATATGA,1
AATACCAAAAATACAA,1
AATACCAAATCAATCT,1
AATACCAACAAGAAGT,1
AATACCAACCTTAAGA,1
AATACCAAGAAGTAAA,1
AATACCAAGAGGTATA,1
AATACCAAGGAGGCTA,1
AATACCAATATTGACT,1
AATACCAATCACAAGC,1
AATACCACAACTACAG,1
AATACCACACAGTAAA,1
AATACCACATAGCATA,1
AATACCACATAGCCTT,1
AATACCACATGGCCCG,1
AATACCACGTAGCCTA,1
AATACCACTCCTACCA,1
AATACCAGCGCGCTCC,1
AATACCAGGAACAAAC,1
AATACCAGTACAACGT,1
AATACCATAACTGTTA,1
AATACCATAAGGGCTA,1
AATACCATCAGGGGAT,1
AATACCATGAGTTACC,1
AATACCATGAGTTCAC,1
AATACCATGAGTTCCT,1
AATACCATGGGATAGA,1
AATACCCACAATAAAA,1
AATACCCACCAAAATC,1
AATACCCATTGCCCAA,1
AATACCCCAAACAATA,1
AATACCCCAGATCAAT,1
AATACCCCCAATATCT,1
AATACCCCGCATAGGT,1
AATACCCCGTGCCCAA,1
AATACCCCTGAAAAAT,1
AATACCCCTTGCCCAG,1
AATACCCCTTTCCCAA,1
AATACCCTACCTCGTA,1
AATACCCTCAATTATT,1
AATACCCTGGCCATAT,1
AATACCCTGGCTATGT,1
AATACCCTGGTTATAT,1
AATACCGACAACACTA,1
AATACCGACGCCCCAC,1
AATACCGCCAATACTA,1
AATACCGGTAAAACGT,1
AATACCGTTAGCACGA,1
AATACCTAGACGTGTA,1
AATACCTATACTGATG,1
AATACCTATCCATATA,1
AATACCTATCCCGTTA,1
AATACCTATGTGAACC,1
AATACCTCAAAAAAAC,1
AATACCTCAATAGAAA,1
AATACCTCCAACACTA,1
AATACCTCGAACCACA,1
AATACCTCGATAGAAG,1
AATACCTCGCTCAACG,1
AATACCTCTAAACAAA,1
AATACCTCTACAACAA,1
AATACCTGCTACAATC,1
AATACCTGGTGCAGGC,1
AATACGAAATTCCTTG,1
AATACGAAGATCAACC,1
AATACGAATAGCATAC,1
AATACGAATCAGTTTA,1
AATACGACAAATAACA,1
AATACGACACCAACAG,1
AATACGACACCCGTAA,1
AATACGACCAAGCCAC,1
AATACGAGAATATGGT,1
AATACGATCTTATAAC,1
AATACGATTCCGACCA,1
AATACGCAAAAAAACT,1
AATACGCAAACGCTCA,1
AATACGCAAGACCGTC,1
AATACGCAATTACCAA,1
AATACGCATCAGATAA,1
AATACGCATCCAACGT,1
AATACGCCACCAATTG,1
AATACGCCATAATCCT,1
AATACGCCATCGCTCA,1
AATACGCCATCTATAA,1
AATACGCTATGTTTTT,1
AATACGCTCCATATTG,1
AATACGCTGATACGGT,1
AATACGGACCCATGGG,1
AATACGGCGCGATTAA,1
AATACGGGCGAAGCTC,1
AATACGGGTACGGTAG,1
AATACGGTATAAAGAA,1
AATACGGTCAATTACA,1
AATACGGTCTTATAAC,1
AATACGTAAACCCAGA,1
AATACGTAAGAACTCT,1
AATACGTACACAAGCC,1
AATACGTACATACGGT,1
AATACGTAGACCCATT,1
AATACGTAGCACCTGT,1
AATACGTGGTAAAATA,1
AATACGTTCCACTCAT,1
AATACTAAAACAGAAA,1
AATACTAAAATATGGT,1
AATACTAAACGAAATT,1
AATACTAAACTGTAAG,1
AATACTAAAGTCCAAC,1
AATACTAAATAGGATA,1
AATACTAACATGACAT,1
AATACTAATATCTGTC,1
AATACTAATCAAATCT,1
AATACTAATTTTATCC,1
AATACTACATGCACTG,1
AATACTAGACACACTC,1
AATACTAGCAAGCCAC,1
AATACTATACTAGATG,1
AATACTATACTAGCTT,1
AATACTATACTAGGTG,1
AATACTATATGCAGCA,1
AATACTATCAACCTAT,1
AATACTATCCCCTGAC,1
AATACTATCCTACTAA,1
AATACTATCTTCGGGA,1
AATACTATGACACATA,1
AATACTATTGGATAGA,1
AATACTATTTACCACA,1
AATACTATTTTTATCC,1
AATACTCAAATGTAAG,1
AATACTCAACCGTAAG,1
AATACTCAACTATAAG,1
AATACTCAAGGTGCTA,1
AATACTCACAATATCT,1
AATACTCATAAAAACA,1
AATACTCATAGAAAAA,1
AATACTCATAGGAACA,1
AATACTCATATAAACA,1
AATACTCATATATGTC,1
AATACTCATATCAGTC,1
AATACTCATATCTCTC,1
AATACTCATATCTGTT,1
AATACTCATCAAAGAC,1
AATACTCATGGAAACA,1
AATACTCCACCACGAA,1
AATACTCCATGTGGCA,1
AATACTCCTCTTGCGA,1
AATACTCTACCCCACA,1
AATACTCTCCACATGA,1
AATACTCTCCGTTTAT,1
AATACTGCACGGAACC,1
AATACTGCTACCCGAG,1
AATACTGCTCAATTAT,1
AATACTGCTCTGAACC,1
AATACTGGCTTCGGGA,1
AATACTGTAACCGCAA,1
AATACTGTGATTTTGA,1
AATACTGTTACACCTC,1
AATACTTAACGTTATC,1
AATACTTAGACTTAAC,1
AATACTTATGATAACA,1
AATACTTCACCTTATC,1
AATACTTCGAATTAAC,1
AATACTTCGACTTAAA,1
AATACTTCTACTTAAC,1
AATACTTGAGAAACAT,1
AATACTTGCTAGATAA,1
AATACTTTAGACTGCA,1
AATAGAAAAACAATTA,1
AATAGAAAACGATCGC,1
AATAGAAAAGGCAGTC,1
AATAGAAAATTTCAAA,1
AATAGAAACGAAAGGG,1
AATAGAAACTTTGAAA,1
AATAGAAAGTGCGCCA,1
AATAGAAATTAAACGT,1
AATAGAACCCTCGCAC,1
AATAGAACGAAGCCAA,1
AATAGAACGCCATTAT,1
AATAGAACGTGAGCCA,1
AATAGAACGTGCGCAA,1
AATAGAACGTGCTCCA,1
AATAGAACTACATTAT,1
AATAGAACTCGTGTGC,1
AATAGAACTTCGTTAT,1
AATAGAAGAGAGAAGT,1
AATAGAAGATCGAAAT,1
AATAGAATACGAAGGC,1
AATAGAATCTCAATAA,1
AATAGACAACGCCGAA,1
AATAGACAATAGAACA,1
AATAGACAATAGATGA,1
AATAGACACCAGGGAT,1
AATAGACAGAATTAAC,1
AATAGACATTCATAAA,1
AATAGACCCGAACTAT,1
AATAGACCCTACTGAT,1
AATAGACCGAAAATAG,1
AATAGACGGGCCTGCA,1
AATAGACTAAACAGAA,1
AATAGACTACCTCCAT,1
AATAGACTCCTTCCAT,1
AATAGACTGACGTGCT,1
AATAGACTTGAAAAAA,1
AATAGAGAAAATGAGC,1
AATAGAGACAACCTGA,1
AATAGAGACCACTAAA,1
AATAGAGATGACATAC,1
AATAGAGATTATCTGG,1
AATAGAGCATCATAAT,1
AATAGAGCGGACAGCA,1
AATAGAGCTGACATAC,1
AATAGAGGGCACCGAG,1
AATAGATAAAATAAGC,1
AATAGATAGCAATACA,1
AATAGATCACAATACA,1
AATAGATCACATCATC,1
AATAGATCACTCACAG,1
AATAGATCGAGAGCCC,1
AATAGATGACACCTAA,1
AATAGATGACGCACGA,1
AATAGATGAGCTAGAA,1
AATAGATGAGCTATCA,1
AATAGATTAACATATA,1
AATAGATTAGCTAGCA,1
AATAGATTTGGCTACA,1
AATAGCAAAATCCATA,1
AATAGCAAAGCAGGCA,1
AATAGCAAATAGACTT,1
AATAGCAAATATACTT,1
AATAGCAATACGAATG,1
AATAGCACAGCAGTCA,1
AATAGCACAGTAGGCA,1
AATAGCACATAGCCTA,1
AATAGCACGGCAGGCA,1
AATAGCACGTACAGAC,1
AATAGCAGTGAAGCAT,1
AATAGCATATAGGACA,1
AATAGCATTGCTAATT,1
AATAGCCAAGTCTGAC,1
AATAGCCACGAACTAT,1
AATAGCCAGACTGGAA,1
AATAGCCATCGAGGTA,1
AATAGCCCAACTGAAA,1
AATAGCCCGGAACTAT,1
AATAGCCCTATTCTAA,1
AATAGCCCTATTCTCT,1
AATAGCCGTTGTCCAT,1
AATAGCGAACCGTTCT,1
AATAGCGGACCCCAAA,1
AATAGCGGACTGGCCA,1
AATAGCGGAGTCAAGC,1
AATAGCGTACACAAAT,1
AATAGCTAATAAACAC,1
AATAGCTACATTAGAA,1
AATAGCTATCAATTCT,1
AATAGCTCGCTTGCCT,1
AATAGCTCGTAGGAAG,1
AATAGCTCTGATTCAA,1
AATAGCTCTTGAAATA,1
AATAGCTGTTGTACCA,1
AATAGCTTCCACGTGC,1
AATAGGAAAGTAACCA,1
AATAGGAAGAAACAAT,1
AATAGGAAGAGAATAT,1
AATAGGAATGACAATT,1
AATAGGAATGGTTCAC,1
AATAGGACAATTCCGA,1
AATAGGACCAAGAATA,1
AATAGGACTAACTCAG,1
AATAGGCAGATTGTAC,1
AATAGGCATACGAAAA,1
AATAGGCATGACAACT,1
AATAGGCATGACAATA,1
AATAGGCATGACGATT,1
AATAGGCATTACACGA,1
AATAGGGACATATCGA,1
AATAGGGCGCACAGTA,1
AATAGGGTTGACGTTT,1
AATAGGTAAACAAGTT,1
AATAGGTAGGATATCT,1
AATAGGTATGCTAATT,1
AATAGGTGACTGAAAC,1
AATAGGTGACTTACAC,1
AATAGGTTTAAACGCA,1
AATAGGTTTTAATACT,1
AATAGTAAAAAACAAA,1
AATAGTAAAATATAAT,1
AATAGTAAGATTTCCT,1
AATAGTAATATACTAA,1
AATAGTAATCTTTCCT,1
AATAGTACGATACTAA,1
AATAGTACTACACTAA,1
AATAGTAGCGGAGCAT,1
AATAGTAGTCAACTTG,1
AATAGTATAACCATCC,1
AATAGTATGATAGCAG,1
AATAGTCAGTAGAATT,1
AATAGTCATATCGACT,1
AATAGTCCGAGTAAAT,1
AATAGTCCGATTCAAT,1
AATAGTCCTATTCTCA,1
AATAGTCCTTTTCCAT,1
AATAGTCGCCCTAAGT,1
AATAGTCGGATTTAAA,1
AATAGTCGTCGATGAT,1
AATAGTCGTTTATGGA,1
AATAGTCTAATGAGGC,1
AATAGTCTAGGACCCA,1
AATAGTCTCATCCGAG,1
AATAGTCTGCACATGA,1
AATAGTCTTAAAACTT,1
AATAGTGAAAATAAGC,1
AATAGTGAAAATGAAA,1
AATAGTGCATAAACGC,1
AATAGTGGCACAGATC,1
AATAGTGGCCCAGATA,1
AATAGTGTGTGATAGA,1
AATAGTGTTTTACAGA,1
AATAGTTAAATTAGAA,1
AATAGTTAGAACAACC,1
AATAGTTAGTCTGAAA,1
AATAGTTATATCGAAT,1
AATAGTTATTCAGCCA,1
AATAGTTCTGTAAAGG,1
AATAGTTGAATTACAA,1
AATAGTTGCGACCGGG,1
AATAGTTTAAATATCT,1
AATAGTTTATCTAGTG,1
AATAGTTTATCTCATA,1
AATAGTTTGCTATACA,1
AATAGTTTTAAGATTG,1
AATATAAAAAAGAACC,1
AATATAAAAAGGAGCG,1
AATATAAAAGAAGGCG,1
AATATAAAAGGTTGCA,1
AATATAAACGAACAGC,1
AATATAAAGCATTGTC,1
AATATAAATCCCGCGA,1
AATATAACAAAAACAC,1
AATATAACAAAATTAT,1
AATATAACAAATCCGG,1
AATATAACAACAAATA,1
AATATAACAGTACATA,1
AATATAACCTAGAAAA,1
AATATAACGACGAAAG,1
AATATAACGGAGATAA,1
AATATAACGTGCGCCA,1
AATATAACTTAAAGAT,1
AATATAAGAAAAGTTT,1
AATATAAGAACTTCAA,1
AATATAAGAATCGAAT,1
AATATAAGATTGGTAT,1
AATATAAGATTGTGAT,1
AATATAAGCACCAAAG,1
AATATAAGCATTGCCC,1
AATATAAGTACAGACA,1
AATATAAGTACCTACA,1
AATATAATAAGTCGCA,1
AATATAATAATACGCC,1
AATATAATAATACTCT,1
AATATAATACTTAATG,1
AATATAATAGGAATAA,1
AATATAATCCCATCTT,1
AATATAATCCTGATAT,1
AATATAATGCCAATAC,1
AATATAATGCGTCCAG,1
AATATACAACAGTCAG,1
AATATACAACCGCAAA,1
AATATACACAATAACA,1
AATATACACAATACAA,1
AATATACACAATGTCC,1
AATATACACAGTACCA,1
AATATACACTGTCTAC,1
AATATACAGAAGGACT,1
AATATACAGCTAAACA,1
AATATACATCACAACA,1
AATATACATCTAAAGC,1
AATATACCACCGAAAA,1
AATATACCACCTCAAA,1
AATATACCACTATGCA,1
AATATACCAGGTTGTA,1
AATATACCAGGTTGTT,1
AATATACCATTAATAC,1
AATATACCTAAAGGAT,1
AATATACCTCTAAATC,1
AATATACGAAATTGAA,1
AATATAGAATTATTGC,1
AATATAGACGAATAAT,1
AATATAGCAGCAACGA,1
AATATAGCAGCGACGA,1
AATATAGCAGTAACGC,1
AATATAGCCTTATGCA,1
AATATAGCGCAGAACT,1
AATATAGCTTGCTAAG,1
AATATAGCTTTCTACG,1
AATATAGGGATAAGAA,1
AATATAGGTATGGGAG,1
AATATAGTACCATATC,1
AATATAGTAGCAGTTA,1
AATATAGTATCAGTAG,1
AATATAGTCACCCGTA,1
AATATAGTGCTTAATG,1
AATATATAAAACAAGT,1
AATATATAAAACAATA,1
AATATATAAAACAATC,1
AATATATAAAACAATG,1
AATATATAACATAGAA,1
AATATATAAGACAAAT,1
AATATATAAGGCTCTA,1
AATATATAGGCTTCAT,1
AATATATATTATCGAT,1
AATATATCACATCATT,1
AATATATCACTCACAG,1
AATATATCAGCAACGC,1
AATATATCAGTTTAAC,1
AATATATCAGTTTGGC,1
AATATATCATAGTAGT,1
AATATATCCACAATCA,1
AATATATCGGTTTAGC,1
AATATATCTGACACTT,1
AATATATGCTTCCGAA,1
AATATATGGACCTAAG,1
AATATATGGGCAGGAA,1
AATATATTACAGTACG,1
AATATATTACGTATGA,1
AATATATTACTTAATG,1
AATATATTGGTGGACG,1
AATATATTTCTCCTGC,1
AATATCAAAAATACGA,1
AATATCAAAACAAATA,1
AATATCAACTCAGAAC,1
AATATCAAGGAATATT,1
AATATCAAGTTTGCAA,1
AATATCAATACCTTTC,1
AATATCAATCTACAGG,1
AATATCACAACGAATA,1
AATATCACAGTTGGAA,1
AATATCAGAGTTCTAT,1
AATATCAGCATCGCCC,1
AATATCAGCATTTCCC,1
AATATCATAGACGCAC,1
AATATCATGAACACAG,1
AATATCATGACGGTTT,1
AATATCATGAGTTCCC,1
AATATCATGGCACCTC,1
AATATCCAAAATCGAG,1
AATATCCATACTGTAC,1
AATATCCCCGAAGGGA,1
AATATCCCCTAACCAC,1
AATATCCCTATTCTCA,1
AATATCCGACCTGACC,1
AATATCCGTGAACTTG,1
AATATCCTCATACCCA,1
AATATCCTCCATCATC,1
AATATCCTGTGTTGTT,1
AATATCGAAACTAACA,1
AATATCGAAAGCACAT,1
AATATCGACGGATAGC,1
AATATCGAGAAAAATA,1
AATATCGAGCTGTTCT,1
AATATCGCACCCTTAT,1
AATATCGGAAAACATA,1
AATATCGGCATTGCCC,1
AATATCGGGCTAACAG,1
AATATCTAAAGGCAGT,1
AATATCTAACATTTCA,1
AATATCTAATATGACA,1
AATATCTAATTAATGG,1
AATATCTAATTACTGC,1
AATATCTAATTCCTGG,1
AATATCTACCAAAGAA,1
AATATCTAGTATTCGA,1
AATATCTATAGAGATG,1
AATATCTGCAATCACA,1
AATATCTGCATTCAAT,1
AATATCTTGATGCTAC,1
AATATGAAAAATTACT,1
AATATGAAATATATTC,1
AATATGAAGACATAGC,1
AATATGAAGCTAACCA,1
AATATGAAGTACAAAA,1
AATATGAATACACCCT,1
AATATGAATCAAAAGC,1
AATATGACAAATCCAG,1
AATATGACATCAGCAG,1
AATATGACGTTAATCA,1
AATATGAGACTAACCT,1
AATATGATCCCCACAA,1
AATATGATCTACCAAC,1
AATATGATCTGCAAAA,1
AATATGATCTTCAAAC,1
AATATGATGTACCAGC,1
AATATGATGTGTATAC,1
AATATGCAACTCTGTC,1
AATATGCATGACAATT,1
AATATGCCACGCATAC,1
AATATGCCATCTATTA,1
AATATGCCATGGCTCC,1
AATATGCCGAAGATAT,1
AATATGCCGAGGTTAT,1
AATATGCCGTCTATAA,1
AATATGCCTCCACTGG,1
AATATGCTACCGACCG,1
AATATGCTATTCTGAC,1
AATATGCTCCAAAGAC,1
AATATGGAAATTTCAC,1
AATATGGAAGGCAAAA,1
AATATGGCTCATGTCA,1
AATATGGTGCGATATC,1
AATATGGTGCGTCATC,1
AATATGGTTAAAGAAA,1
AATATGGTTAATGGCT,1
AATATGGTTCATGGAT,1
AATATGGTTGGGGATA,1
AATATGTAAAGATCAA,1
AATATGTACAAAATTA,1
AATATGTAGGGTTTTA,1
AATATGTATCCCCTAA,1
AATATGTATCGAAAAC,1
AATATGTGAACACGAT,1
AATATGTGGAAAATTA,1
AATATGTGTTAATGGT,1
AATATGTGTTAGCTAA,1
AATATGTTATACTAAC,1
AATATGTTGCGTTATC,1
AATATTAAAGCGTTGC,1
AATATTAAATGAACCT,1
AATATTAACCCTCGAT,1
AATATTAACTTCTCAA,1
AATATTAAGGAATGTA,1
AATATTAAGGGAAACA,1
AATATTAATCAAGGAG,1
AATATTAATTATACCA,1
AATATTACAACAAATA,1
AATATTACAGCACAGA,1
AATATTACGAGACGCG,1
AATATTACTTTTGGTC,1
AATATTAGAAGCCTTA,1
AATATTAGTATGGGAC,1
AATATTAGTCAATTTG,1
AATATTAGTGCACAAT,1
AATATTATATAACTAG,1
AATATTATCCTGATAT,1
AATATTATGAGATCGC,1
AATATTATGGAAACCG,1
AATATTCAAGAAGATA,1
AATATTCAATGGCTTC,1
AATATTCACGATTCGA,1
AATATTCAGCAATAAA,1
AATATTCCACTATCAA,1
AATATTCCAGAGGATA,1
AATATTCCAGGCCGTT,1
AATATTCCCAATATCT,1
AATATTCCGAGGATAT,1
AATATTCCTATTCTCA,1
AATATTCGAAAGAATT,1
AATATTCGAAGCCCTA,1
AATATTCGAAGCTTTA,1
AATATTCGTATCCAGC,1
AATATTCTACAGTGAG,1
AATATTCTTAGGCCTT,1
AATATTGAAACCATGG,1
AATATTGAAATCCGCA,1
AATATTGAAATTGATC,1
AATATTGACATCTGAC,1
AATATTGAGGCGCTAG,1
AATATTGATCATAGTT,1
AATATTGCATACACTC,1
AATATTGCTTACTAAG,1
AATATTGGAAGCACTA,1
AATATTGGGATTTTGA,1
AATATTGTCAAAAGAA,1
AATATTGTCAACATAA,1
AATATTGTCAACTGAA,1
AATATTGTGCGATCAC,1
AATATTTAAACCAGCA,1
AATATTTAAACGCTGG,1
AATATTTAACCCGTGA,1
AATATTTAATATGGTG,1
AATATTTACCCCGTGG,1
AATATTTACCCCGTTA,1
AATATTTATATCGACT,1
AATATTTATTAGGATC,1
AATATTTATTGGCACA,1
AATATTTCAAAAACAT,1
AATATTTCACCCGCAG,1
AATATTTCACGAACAT,1
AATATTTCAGAACTTA,1
AATATTTCATTTAGAT,1
AATATTTCCACAAGTA,1
AATATTTCGCAAACAT,1
AATATTTCGTTTCTAC,1
AATATTTGTTAGGATT,1
AATATTTGTTAGTATC,1
AATATTTGTTATGATC,1
AATATTTGTTGGGATC,1
AATATTTTATAAAAGC,1
AATATTTTATACTAGA,1
AATCAAAAAAACAACA,1
AATCAAAAATAATTCA,1
AATCAAAAATTCTCAC,1
AATCAAAACAGCAGCA,1
AATCAAAAGCTATTCA,1
AATCAAACACACGAAG,1
AATCAAACATTTTATA,1
AATCAAACCTTTTAAA,1
AATCAAACCTTTTATC,1
AATCAAACTACCTAAT,1
AATCAAACTAGTCTGA,1
AATCAAACTCATATCA,1
AATCAAACTGATGTTA,1
AATCAAACTTAATTTA,1
AATCAAAGAACAGCTT,1
AATCAAAGAATATGTA,1
AATCAAATGAAGAAAA,1
AATCAAATTTATCCTG,1
AATCAACAAACACCGT,1
AATCAACAACGTGATC,1
AATCAACAGAGATACG,1
AATCAACAGATGCCTA,1
AATCAACAGTGCAACA,1
AATCAACATCGGTGTA,1
AATCAACATTCTTTCG,1
AATCAACATTGATATC,1
AATCAACATTGGGAAG,1
AATCAACATTGTATCA,1
AATCAACCACACGAGG,1
AATCAACCGTACAACA,1
AATCAACGGGACAAAA,1
AATCAACGTGGAATTA,1
AATCAACTCGGGTGTG,1
AATCAACTTCGTAAAT,1
AATCAACTTTATCCTA,1
AATCAACTTTATCTTA,1
AATCAAGAACAGGATA,1
AATCAAGAGAGTAATT,1
AATCAAGATGTTCTCC,1
AATCAAGCAAATAGAG,1
AATCAAGCCTATTGAG,1
AATCAAGGGTAATACA,1
AATCAAGTCGAGCAAG,1
AATCAAGTGGAGTAAA,1
AATCAATAAACATAAT,1
AATCAATAACTCCCTG,1
AATCAATAAGAGATCC,1
AATCAATAATAACTGT,1
AATCAATACAAACCTA,1
AATCAATACATGCCTA,1
AATCAATACGAAACAG,1
AATCAATATAAGCTAT,1
AATCAATATGATGAAA,1
AATCAATCCTCGACAA,1
AATCAATCGTGCAACA,1
AATCAATGATGAACCA,1
AATCAATGATGCGCCA,1
AATCAATGCATAAGGC,1
AATCAATGGGCATGCG,1
AATCAATGTCTCACCT,1
AATCAATTACTTAACT,1
AATCAATTTAGGAACA,1
AATCACAAAAGCGAAA,1
AATCACAACGTATCTT,1
AATCACAAGATTAAAG,1
AATCACAAGGCTAACA,1
AATCACACAAAAACAC,1
AATCACACACCGTGCT,1
AATCACACACTCGATA,1
AATCACACCTCTAGGT,1
AATCACACTAAATCCA,1
AATCACAGACTGACTG,1
AATCACAGATATCACG,1
AATCACAGCTGTCACA,1
AATCACAGTCAGTGCC,1
AATCACAGTGACCAGA,1
AATCACATACAAGTCT,1
AATCACATATTATGAC,1
AATCACATCCCACGCG,1
AATCACCAACCCCGTG,1
AATCACCAATTGCAAT,1
AATCACCACATATCCC,1
AATCACCAGCTTAAAC,1
AATCACCAGTGACCTA,1
AATCACCCAAAACTAC,1
AATCACCCCCCGAAGC,1
AATCACCCGCTCGCCT,1
AATCACCCTATGAGTA,1
AATCACCTCAGGACTA,1
AATCACCTCCTATAAC,1
AATCACCTGTGCCCTG,1
AATCACGAAAAATAAA,1
AATCACGAAACGGGTC,1
AATCACGAACTTCGCC,1
AATCACGCTTCCAATG,1
AATCACGGAGGCAGCT,1
AATCACGGATCACATA,1
AATCACGGTCAGTGAC,1
AATCACGGTCATTGCC,1
AATCACGTGGTAATAT,1
AATCACTAAACTCTGC,1
AATCACTACGAAACGG,1
AATCACTAGCCCCGTG,1
AATCACTCACTGATTC,1
AATCACTCTACAATCA,1
AATCACTCTACATTCA,1
AATCACTCTATAGTCA,1
AATCACTGTCAGTGCC,1
AATCACTGTTGGGAAC,1
AATCACTTGGTGCATG,1
AATCAGAATAACAGAG,1
AATCAGACCCCACGCG,1
AATCAGACGCGAAAGA,1
AATCAGAGAACGTGCC,1
AATCAGAGCAACTAGT,1
AATCAGAGCAGCCAGT,1
AATCAGAGCGTAAACT,1
AATCAGATATTAAAGT,1
AATCAGATCAACCAGT,1
AATCAGATCCCACGCT,1
AATCAGATGCTAAGAG,1
AATCAGCACCTGTATC,1
AATCAGCAGATAGAAC,1
AATCAGCAGCTTAAAA,1
AATCAGCAGCTTAAGC,1
AATCAGCAGCTTGAAC,1
AATCAGCATACTATGA,1
AATCAGCATCTTAAAC,1
AATCAGCATGACGGAC,1
AATCAGCATGATAGAC,1
AATCAGCATTACAGAC,1
AATCAGCGAACCCTTT,1
AATCAGCGATCTTTCA,1
AATCAGCTACTTCGAT,1
AATCAGCTCATTTCAC,1
AATCAGCTCCAACAAA,1
AATCAGGAACTATAGA,1
AATCAGGAATCAAATA,1
AATCAGGATTCATTCG,1
AATCAGGGAGAAAAAA,1
AATCAGGGCCAAATAC,1
AATCAGGGGCCGGCTG,1
AATCAGGGGTCGACTG,1
AATCAGGGTCCGACTG,1
AATCAGTAGACATGGT,1
AATCAGTTATAATTTA,1
AATCAGTTTAAGCCAA,1
AATCAGTTTTATATTG,1
AATCATAAAAACATTC,1
AATCATAAATCTTTAT,1
AATCATAATAAAAAAC,1
AATCATAATCAAATCT,1
AATCATATAGATAATC,1
AATCATATGATCAACC,1
AATCATATGTCCAATC,1
AATCATATTGCTTCAA,1
AATCATCAATGTAGCC,1
AATCATCAATTACAAT,1
AATCATCAATTGCAGT,1
AATCATCAGTTGCAAT,1
AATCATCATGTGCTGA,1
AATCATCATGTGTCGA,1
AATCATCATTTGTTGA,1
AATCATCCGACCTGAA,1
AATCATCCTATCTGAA,1
AATCATCGGGATATAG,1
AATCATGCAATTCAAT,1
AATCATGGCAACCGTA,1
AATCATGGTAACCTTA,1
AATCATTAACGTATAG,1
AATCATTATTAATGAG,1
AATCATTCCTTGAGAA,1
AATCATTCTACAGTCA,1
AATCATTCTAGGCCTC,1
AATCATTGAAATTAAG,1
AATCATTGAGAATGTG,1
AATCATTGGACTTAAG,1
AATCATTTAACATTAG,1
AATCATTTTATGGCTT,1
AATCCAAAAAACAACA,1
AATCCAAACACACTTT,1
AATCCAAACACCGTAA,1
AATCCAAAGCAGGTAA,1
AATCCAAAGCTCCAAA,1
AATCCAAAGGTAATAA,1
AATCCAACAAAACGAC,1
AATCCAACCCCTTAAA,1
AATCCAACCTATTTTT,1
AATCCAAGAAATGAGA,1
AATCCAAGTAATTCTA,1
AATCCAAGTCACGGTA,1
AATCCAAGTCAGAAAG,1
AATCCAATATCACATT,1
AATCCAATCAAGAAAA,1
AATCCAATCACCCACA,1
AATCCACAAAAAAACT,1
AATCCACACCGGAAAG,1
AATCCACACTAATTAA,1
AATCCACATACACTAG,1
AATCCACATTCGGTCC,1
AATCCACATTCTTTCT,1
AATCCACATTGTATCA,1
AATCCACCAACCACTA,1
AATCCACCCAAAGGTA,1
AATCCACCCTTTGATT,1
AATCCACCGGCTTTCT,1
AATCCACCGTCAAAAA,1
AATCCACCGTGTATCG,1
AATCCACCTCTTACAG,1
AATCCACCTGCGTTCT,1
AATCCACGAATTCCAC,1
AATCCACGATTCCGAT,1
AATCCACTACTGGCGT,1
AATCCACTATCGATTG,1
AATCCACTCCTTTAAT,1
AATCCAGAACATTGGG,1
AATCCAGAACTACGTA,1
AATCCAGCCTATTGGG,1
AATCCAGCCTATTTAG,1
AATCCAGCGTATTGAG,1
AATCCAGCTTCCATAA,1
AATCCAGGTGAACGCG,1
AATCCAGTCCCAGGCA,1
AATCCAGTTCGTCGAC,1
AATCCATAAAGAACGT,1
AATCCATAACACTCAG,1
AATCCATAACAGTAAG,1
AATCCATAACAGTCAT,1
AATCCATCAGTGTTTA,1
AATCCATCATCTTCCT,1
AATCCATCCACACAAG,1
AATCCATCCGTGAGTT,1
AATCCATCCTGCCCGT,1
AATCCATGACATATCC,1
AATCCATTAGCATTAG,1
AATCCATTAGCTTTAT,1
AATCCATTATTTGGCA,1
AATCCCAAAAAAATGT,1
AATCCCAAAGTAAAGA,1
AATCCCAACCTTATAT,1
AATCCCAAGCTATATA,1
AATCCCAATCGTTATG,1
AATCCCAATGTTTCCG,1
AATCCCACAAAGAATA,1
AATCCCACGCATACTA,1
AATCCCAGAATAAACG,1
AATCCCAGAGACTTGA,1
AATCCCAGATTTACTT,1
AATCCCAGCTAAGCGT,1
AATCCCAGGAATACGA,1
AATCCCAGTCAGGGTT,1
AATCCCAGTTGTCACA,1
AATCCCCAATTGAAAT,1
AATCCCCACGATCCAC,1
AATCCCCATACTCATC,1
AATCCCCATCGTATCT,1
AATCCCCGTGCTACCA,1
AATCCCCGTGTATATA,1
AATCCCGAAGATTCAC,1
AATCCCGCAACCCAAA,1
AATCCCGCACAGGGTA,1
AATCCCGCTTTAAAGC,1
AATCCCTAAAATCTGC,1
AATCCCTAAACTCTCC,1
AATCCCTAAACTCTGA,1
AATCCCTAAGCTCTGC,1
AATCCCTACACTCTGC,1
AATCCCTGCATACACC,1
AATCCCTGCATACCCA,1
AATCCCTGCATGCCCC,1
AATCCCTGCCTTTCAG,1
AATCCGAAACTAGTCT,1
AATCCGAAACTCTTCT,1
AATCCGAGTAGACTTC,1
AATCCGATCAAACCTA,1
AATCCGATGATATATA,1
AATCCGCAAAAAAAAT,1
AATCCGCAATTTAGTA,1
AATCCGCTATTCTGAC,1
AATCCGGCCGTAGAAG,1
AATCCGGCCGTAGAGA,1
AATCCGGCTAAACTCT,1
AATCCGGGTACTGTAG,1
AATCCGTAACTAGCCC,1
AATCCGTACAAAAGCC,1
AATCCGTACACAAGCA,1
AATCCGTATACAAGCC,1
AATCCGTATTGCATGG,1
AATCCGTCAATTTCTA,1
AATCCGTCTATCCACC,1
AATCCGTGCATACCCC,1
AATCCGTTAGCTTTAG,1
AATCCGTTCCAAATCA,1
AATCCGTTGCCAATCA,1
AATCCTAAACTCGTCT,1
AATCCTAACGTGCCTA,1
AATCCTAAGAGGCACA,1
AATCCTAAGATCAAAG,1
AATCCTAAGCAAATCT,1
AATCCTAATCAAATAT,1
AATCCTACAAAATGAC,1
AATCCTACCGTGCCTA,1
AATCCTACTAAACTTT,1
AATCCTAGCACCTTCC,1
AATCCTAGTTCTACGA,1
AATCCTATGACGTACA,1
AATCCTATTTTAGTCA,1
AATCCTCCAGGCCACA,1
AATCCTCCGATCAGCT,1
AATCCTCGAGGCAACA,1
AATCCTCGAGGCCAAA,1
AATCCTCTAGGCCACA,1
AATCCTCTATCAATTG,1
AATCCTGAAACCAAAT,1
AATCCTGAGGACTCGC,1
AATCCTGGAAACTTTA,1
AATCCTGGCTTCAAGT,1
AATCCTGTTTTTCCCA,1
AATCCTTAAACTCTGC,1
AATCCTTAACGAAATT,1
AATCCTTACTTAACAA,1
AATCCTTACTTGAAAA,1
AATCCTTACTTGACAT,1
AATCCTTAGAATAACT,1
AATCCTTCAGAGCAAC,1
AATCCTTCCACAAGTA,1
AATCCTTCCGTGCCTA,1
AATCCTTCTGGAAATC,1
AATCCTTGCCTTCCAG,1
AATCCTTGGACATTGG,1
AATCCTTTTACACCTC,1
AATCGAAAAGCCTTTG,1
AATCGAAAGAACTTTA,1
AATCGAACATGCATTT,1
AATCGAACGCGATAAC,1
AATCGAATCGGCGAAG,1
AATCGAATCGGTGAAG,1
AATCGAATGGGGGAAG,1
AATCGAATTTAGTCAA,1
AATCGACAACGCTGAA,1
AATCGACACAGTCACA,1
AATCGACCCATAGCGA,1
AATCGACGTATCAAAA,1
AATCGACTAACAACAC,1
AATCGACTTAACACTA,1
AATCGAGACAATACCA,1
AATCGAGATCGTGGCG,1
AATCGAGGAAATCCGC,1
AATCGATAAAATCAGC,1
AATCGATATCCACAAA,1
AATCGATCAAATGCCT,1
AATCGATGAAGCTGGT,1
AATCGATTAAATGACT,1
AATCGATTTACTGTGC,1
AATCGATTTGCATGAT,1
AATCGCAAAGTTTCCG,1
AATCGCAAGCGATAAC,1
AATCGCAATCTTTCCG,1
AATCGCAATGTTCCCG,1
AATCGCAATGTTTACG,1
AATCGCAATGTTTCTG,1
AATCGCACTACCATGA,1
AATCGCACTATAATGA,1
AATCGCACTATCATGG,1
AATCGCACTATCATTA,1
AATCGCACTATGATGA,1
AATCGCACTTAAAAAT,1
AATCGCAGATATAATA,1
AATCGCCCACATGACC,1
AATCGCCGCAGTGACA,1
AATCGCCTGTCAAGAA,1
AATCGCGACCGCCTTA,1
AATCGCGCAGCAGACA,1
AATCGCGGGTAAACGA,1
AATCGCGTATAGATAA,1
AATCGCGTCCCGAAGA,1
AATCGCGTCGACAACT,1
AATCGCTAAAGGTAAA,1
AATCGCTACTAATAGA,1
AATCGCTAGGCGTGCC,1
AATCGCTCAACATGCA,1
AATCGCTCGGCGTGAC,1
AATCGCTCGGCGTGCG,1
AATCGCTCGTCGTGCC,1
AATCGCTTGATCCTAC,1
AATCGCTTGGAGATCA,1
AATCGGAAACGAGGTG,1
AATCGGACAAATGGCC,1
AATCGGACCTAATGCC,1
AATCGGAGGACTTACA,1
AATCGGATCATGTTTT,1
AATCGGATCCCACGCG,1
AATCGGCCCGAACCAA,1
AATCGGCTCATGTTAT,1
AATCGGCTGTATGAAG,1
AATCGGGATGATGAAA,1
AATCGGGCCCACTAAT,1
AATCGGGCTAGAGTCC,1
AATCGGGGCCACTAAA,1
AATCGGGTGCAACCAC,1
AATCGGTAACGTCATC,1
AATCGGTAACTTCAGC,1
AATCGGTACACCAGAC,1
AATCGGTACACCCGAT,1
AATCGGTCCCACTAAA,1
AATCGGTTATTGGTAT,1
AATCGGTTTAAACGCA,1
AATCGGTTTTGATGCA,1
AATCGTAAAATTAACA,1
AATCGTAGAGTCTAGT,1
AATCGTATATCTCCGA,1
AATCGTATCACTGAAA,1
AATCGTATGATAGCAT,1
AATCGTATGATAGCGG,1
AATCGTATGATATCAG,1
AATCGTATTAACTGAC,1
AATCGTATTATATACA,1
AATCGTCATGATATGA,1
AATCGTCCTCATTAAG,1
AATCGTCGAGCCTCTA,1
AATCGTCTAAGCAAGA,1
AATCGTGCAATTCAAA,1
AATCGTGCGATTCAAT,1
AATCGTGGAATTCAAT,1
AATCGTGGAGAAGTAA,1
AATCGTGGTACCGTCT,1
AATCGTGTGATAGCAG,1
AATCGTGTGATCACAA,1
AATCGTTACCTACGTA,1
AATCGTTCTGCATGGC,1
AATCGTTGAATCCGAG,1
AATCGTTGTTGAACCT,1
AATCGTTTAGAGCCAA,1
AATCTAAAAAATTGCC,1
AATCTAAAAACTTGAC,1
AATCTAAAAGCACTTA,1
AATCTAAAAGCGCGTA,1
AATCTAAAATAAGGAA,1
AATCTAAAATATGTTC,1
AATCTAAACAACGATC,1
AATCTAAACAAGCCCA,1
AATCTAAACGTTGCCA,1
AATCTAAAGTAACGAA,1
AATCTAAAGTTTGCAA,1
AATCTAAATACGAACT,1
AATCTAACAACTCAAT,1
AATCTAACAACTCATT,1
AATCTAACACACATAA,1
AATCTAACCCCGATGT,1
AATCTAATCAATCCAT,1
AATCTAATCTGAAACG,1
AATCTAATGGATCCTA,1
AATCTAATGTAATATG,1
AATCTACAAAAAATAG,1
AATCTACAAAAGTAAC,1
AATCTACATTGCACAT,1
AATCTACCACCAAATA,1
AATCTACCATTCGGCG,1
AATCTACCATTTATAC,1
AATCTACCCTAATCCA,1
AATCTACCCTTTGATC,1
AATCTACCCTTTTATT,1
AATCTACCTGCCTCCG,1
AATCTAGAAATACCTT,1
AATCTAGACGATTTAG,1
AATCTAGATCCAATTA,1
AATCTAGCAAGGAGGC,1
AATCTAGCACTGGCAT,1
AATCTAGCGCCGTAAC,1
AATCTAGCTCAGAGGA,1
AATCTAGTAGCAGTAC,1
AATCTAGTAGTATGAT,1
AATCTAGTCACACGTA,1
AATCTAGTCACAGTAC,1
AATCTAGTCACCCGTG,1
AATCTAGTCATCCGTA,1
AATCTAGTCGCCCGTA,1
AATCTAGTCTCAGTAT,1
AATCTAGTTTAATATG,1
AATCTATACATCAAGA,1
AATCTATTAAATGACC,1
AATCTATTCACCCGTA,1
AATCTCAAGTCTGCAA,1
AATCTCAATGTTTCCG,1
AATCTCACACCCTGAC,1
AATCTCACCTGAACAC,1
AATCTCACCTTTACAC,1
AATCTCACGCCATGCA,1
AATCTCACGCGATAAC,1
AATCTCACTCCATGGA,1
AATCTCAGACATGATC,1
AATCTCAGATAGAATA,1
AATCTCAGATCTACTT,1
AATCTCAGATTTAATT,1
AATCTCAGATTTACCT,1
AATCTCAGGTTTACTT,1
AATCTCAGTAAGGGTT,1
AATCTCAGTTGTTAAC,1
AATCTCATACGACTTC,1
AATCTCCACACAAAAC,1
AATCTCCACATCAGCT,1
AATCTCCATTTCACAT,1
AATCTCCGGCTTGAAC,1
AATCTCCTAAGTACAT,1
AATCTCGACGATTTGG,1
AATCTCGGATTTACTT,1
AATCTCGGCCAAATCA,1
AATCTCGGTGGGAGAG,1
AATCTCGTGTTAAAAA,1
AATCTCTAATTGGCAT,1
AATCTCTACCATGGTT,1
AATCTCTCGGCGTGCC,1
AATCTCTGTGCATTAC,1
AATCTCTTGCAGTGAG,1
AATCTGAACGATTCAA,1
AATCTGAAGACATAGA,1
AATCTGAAGACATAGT,1
AATCTGAATACACCCC,1
AATCTGACGAAAAAAC,1
AATCTGACTAAAAAAA,1
AATCTGACTAGTAACA,1
AATCTGACTGATGTCT,1
AATCTGAGATTGAATA,1
AATCTGAGGACATAGC,1
AATCTGATAACATTAG,1
AATCTGCACCGATAAC,1
AATCTGCTACCGACCT,1
AATCTGCTTATACACA,1
AATCTGGACACAACTT,1
AATCTGGAGGGCAAAA,1
AATCTGGATCTGTATT,1
AATCTGGCAACCATGG,1
AATCTGGCAACTAGGC,1
AATCTGGTATCTATTA,1
AATCTGTAACGTCAGC,1
AATCTGTACCAACGTT,1
AATCTGTAGGACTTGG,1
AATCTGTATAAAAAAC,1
AATCTGTGCGCACTGG,1
AATCTTAACATCAGCT,1
AATCTTAAGAGGTACA,1
AATCTTACCTATGGAA,1
AATCTTATCATACCAA,1
AATCTTATCGAGGTGG,1
AATCTTCACATCAACT,1
AATCTTCACATCAGCC,1
AATCTTCACATCATCT,1
AATCTTCACATTAGCT,1
AATCTTCATGTAAAAT,1
AATCTTCATTCAGAAA,1
AATCTTCCCGAAGATC,1
AATCTTCGTCGCACTC,1
AATCTTCTAATACCAA,1
AATCTTCTCATAACAA,1
AATCTTCTCATACCCA,1
AATCTTCTCATACCTA,1
AATCTTCTCTTACCAA,1
AATCTTGACAATTTCA,1
AATCTTGATAATCTGA,1
AATCTTGCCCCCCCAA,1
AATCTTGCGCAAACAT,1
AATCTTGGCACCCCCT,1
AATCTTGTCATACCAA,1
AATCTTTAAAATTACA,1
AATCTTTACACAAGTA,1
AATCTTTACCATCATA,1
AATCTTTATACTAAAA,1
AATCTTTCAACAAGTA,1
AATCTTTCCACAACTA,1
AATCTTTCCACAAGAA,1
AATCTTTCCACAGGTA,1
AATCTTTCCACGAGTA,1
AATCTTTGATAGCCAC,1
AATCTTTTCACAAGTA,1
AATCTTTTTGTAATAA,1
AATGAAAAAGACCCCA,1
AATGAAAAATTAAAGC,1
AATGAAAACGAGCGAA,1
AATGAAAAGAAAAAGG,1
AATGAAAATAATATAT,1
AATGAAAATCAAACCA,1
AATGAAAATCATCCAT,1
AATGAAACAAATCACT,1
AATGAAACATCGCAAA,1
AATGAAAGACACATGA,1
AATGAAAGCAGAAAAA,1
AATGAAAGTGGACATC,1
AATGAAATCTTGACCG,1
AATGAAATGCCCACAA,1
AATGAAATGGACCAAA,1
AATGAAATGTCTTGCA,1
AATGAAATTACCACAA,1
AATGAAATTACTTCGG,1
AATGAAATTTATTAGT,1
AATGAACAAAAAGAAA,1
AATGAACAACTCCCAA,1
AATGAACAAGAGAGAT,1
AATGAACAATCCCCAA,1
AATGAACAATTCACAA,1
AATGAACAATTCCCAT,1
AATGAACAATTCCTAA,1
AATGAACAATTCTCAA,1
AATGAACACACCAAAT,1
AATGAACACCACATCA,1
AATGAACACGGAGTCA,1
AATGAACACTGTAGAA,1
AATGAACAGACAGGAT,1
AATGAACAGGAGACAT,1
AATGAACAGTAACGTT,1
AATGAACCCGGAGTAA,1
AATGAACCGTCTCTTT,1
AATGAACCGTGTATCG,1
AATGAACCTAAAAATT,1
AATGAACCTTACACCG,1
AATGAACGATCAAACC,1
AATGAACGATTTACCA,1
AATGAACGCAAAAATT,1
AATGAACGTCCAGTTG,1
AATGAACTAAGGACAA,1
AATGAACTCTGTATAA,1
AATGAAGACCGACAAA,1
AATGAAGAGAACAAGG,1
AATGAAGATCTGCATC,1
AATGAAGCAAGAAACT,1
AATGAAGCCGGAGTCA,1
AATGAAGTCTTATCAC,1
AATGAATAACCTACAC,1
AATGAATAAGACATGC,1
AATGAATACCACATAA,1
AATGAATACCACATTA,1
AATGAATACTGGAAAG,1
AATGAATAGATAAGAT,1
AATGAATAGTCCACAT,1
AATGAATCATATAGTG,1
AATGAATCATCAACTC,1
AATGAATCCTCACCCG,1
AATGAATGAAATTCCT,1
AATGAATGTGTCTACA,1
AATGAATTCCTAGGTA,1
AATGAATTGAAGACAT,1
AATGACAACAATTAGG,1
AATGACAACGTAAAAC,1
AATGACAACTGATGTC,1
AATGACAAGCATCATA,1
AATGACAAGTAGAAAA,1
AATGACAATCATTAAT,1
AATGACAATTATAACG,1
AATGACAGACGAGTAA,1
AATGACAGGTATTAAT,1
AATGACATGAATATGA,1
AATGACCAGATATGCA,1
AATGACCATAGAGCCT,1
AATGACCCAGTTCATG,1
AATGACCCCCTCAGCG,1
AATGACCCGACAAGTC,1
AATGACCCGGGGTGTT,1
AATGACCTGACAAGCC,1
AATGACCTGATCTTAG,1
AATGACCTGCTAATCG,1
AATGACCTTCTAACCG,1
AATGACGAAACGACTC,1
AATGACGCCCCATGCA,1
AATGACGCCGGGTGGG,1
AATGACTAAAAATCTC,1
AATGACTAACCTGCAA,1
AATGACTAAGAAAGTA,1
AATGACTAATAAGATA,1
AATGACTAATCCACAT,1
AATGACTAATGATGTC,1
AATGACTAATTTAGTC,1
AATGACTACGTTGGAG,1
AATGACTACTCCACAT,1
AATGACTACTTATGTC,1
AATGACTAGTGATGTC,1
AATGACTGGATTAAGG,1
AATGACTTCCACAACC,1
AATGAGAACGCTCAAC,1
AATGAGAAGAACAAGG,1
AATGAGAAGGCTCAAC,1
AATGAGAATCCCCCTT,1
AATGAGACCCCCCCTT,1
AATGAGACTCACCCTT,1
AATGAGACTTATGAGA,1
AATGAGACTTGCAATA,1
AATGAGAGATTACCTT,1
AATGAGAGGTCCACTA,1
AATGAGATAGCATAAT,1
AATGAGATCCCACGCG,1
AATGAGATTCCGCTCA,1
AATGAGCAAGGGGACG,1
AATGAGCAGCTTAAAC,1
AATGAGCATAATAATA,1
AATGAGCATGACGTCA,1
AATGAGCCAAGTAAGT,1
AATGAGCCGGGGGACG,1
AATGAGCCTTAGGAAA,1
AATGAGCGACCAGTCA,1
AATGAGCTAAACATGA,1
AATGAGCTACACTCTA,1
AATGAGCTGAACTAAA,1
AATGAGGACGAGAAGA,1
AATGAGGATAGCTATC,1
AATGAGGATGCTCAAC,1
AATGAGGCTCCCCCTT,1
AATGAGGGACGAACCT,1
AATGAGTAAACTTCAA,1
AATGAGTAACGTAAGA,1
AATGAGTAAGGGAAGA,1
AATGAGTACCACATCA,1
AATGAGTACCGGAAGA,1
AATGAGTATACTATCG,1
AATGAGTCAGAGTGTG,1
AATGAGTTAGAAATTT,1
AATGAGTTAGGGTGAT,1
AATGAGTTAGTTTAAT,1
AATGAGTTCAACAACC,1
AATGAGTTCGTCCGGG,1
AATGATAAAATATACA,1
AATGATAAAATTCATA,1
AATGATAACCCATAGG,1
AATGATAAGATATTGG,1
AATGATAATGCTCAAC,1
AATGATACAAAGGGAT,1
AATGATACAACTTACA,1
AATGATACATGTACCA,1
AATGATACCACGACAT,1
AATGATAGGACGCATA,1
AATGATAGGTTTAAAA,1
AATGATATAAAGGTAT,1
AATGATATGAATAATA,1
AATGATATTCTACAAA,1
AATGATCAGCCCATCC,1
AATGATCATAATCATA,1
AATGATCATAATTGCG,1
AATGATCCGAATTGCG,1
AATGATCCTTTTCCAT,1
AATGATCTATCTTAAC,1
AATGATCTCCATTACC,1
AATGATCTCTCTTAAG,1
AATGATCTTCGCAAAA,1
AATGATGAAATATACA,1
AATGATGAATGAAATT,1
AATGATGAGACCAGCA,1
AATGATGATGGTGAAT,1
AATGATGATTCATTCG,1
AATGATGTGATGATCA,1
AATGATGTTTATCTAG,1
AATGATGTTTTCACCG,1
AATGATTAACTTACCA,1
AATGATTATTAGCGAG,1
AATGATTCACATAATT,1
AATGATTCACGGAATT,1
AATGATTCCTTAACCG,1
AATGATTCCTTAACTA,1
AATGATTCTAATAGAC,1
AATGATTGAAAGAACA,1
AATGATTGAATACCAT,1
AATGATTGTAACCTCT,1
AATGATTTATAGGACA,1
AATGATTTATAGGGAA,1
AATGATTTCGTGGACT,1
AATGATTTGAAGTTGT,1
AATGATTTGTGACAAG,1
AATGCAAAGCAGACCT,1
AATGCAAATCAAACAA,1
AATGCAACCAGATGAC,1
AATGCAAGAACATCAT,1
AATGCAAGCAGGATCT,1
AATGCAAGTCAAACCA,1
AATGCAATAACGCCAT,1
AATGCAATACATTAGG,1
AATGCAATACTAAACT,1
AATGCAATCAGTTAAT,1
AATGCAATCATATGAC,1
AATGCAATCCATGTCA,1
AATGCAATGACGCAAT,1
AATGCAATGCAACCAA,1
AATGCAATGGCGCCAT,1
AATGCACAATAGAAAA,1
AATGCACAATAGAAAT,1
AATGCACAATATAAGA,1
AATGCACAATGTCCCG,1
AATGCACAGATCTCCA,1
AATGCACATAAGTACC,1
AATGCACATGGTCACT,1
AATGCACCAAATCAAA,1
AATGCACCACCGGAGC,1
AATGCACCGTGTATCT,1
AATGCACCTTCCTAAA,1
AATGCACCTTGTATCG,1
AATGCACTACGCATCC,1
AATGCAGACTGCAACC,1
AATGCAGATACATTTC,1
AATGCAGCAGGCTTTT,1
AATGCAGCCTCCCGCA,1
AATGCAGCGCAAAAAG,1
AATGCAGCGCACCAGG,1
AATGCAGTACCTCTCA,1
AATGCATAATGACTCC,1
AATGCATAGTCCATAT,1
AATGCATATAGGTTGG,1
AATGCATCGACAGACT,1
AATGCATCTATAAGAA,1
AATGCATCTTACATAT,1
AATGCATCTTACCTGT,1
AATGCATGAGCCCAAC,1
AATGCATGCCAGTCTT,1
AATGCATTAACATATA,1
AATGCATTCTTGGTTA,1
AATGCATTGCACCTGG,1
AATGCATTGGCAACGA,1
AATGCATTTTTCTGAG,1
AATGCCAAAAAATTCC,1
AATGCCAAAACAAGCT,1
AATGCCAAGTAATTCC,1
AATGCCAATCTGCACT,1
AATGCCACATAGCCTA,1
AATGCCACCTGCTGAT,1
AATGCCAGAACATATG,1
AATGCCAGAATGAAGA,1
AATGCCAGATAGATAG,1
AATGCCAGTGGAACAG,1
AATGCCATTCTTAAAA,1
AATGCCCAAGAATCAC,1
AATGCCCCAATTGATC,1
AATGCCCCCATAGCAA,1
AATGCCCGACGAAAGA,1
AATGCCGCACGTTCCT,1
AATGCCGGTGTCATCT,1
AATGCCGTTAAAGGAA,1
AATGCCTAATAACAAT,1
AATGCCTAGGATTAAA,1
AATGCCTGATAAGTTT,1
AATGCCTGGTAGATAC,1
AATGCCTTATTAAACA,1
AATGCCTTCTAAACAA,1
AATGCGAAATTCTTGA,1
AATGCGACACGCTCAA,1
AATGCGAGAACCTCAT,1
AATGCGAGGTATTACA,1
AATGCGAGGTCTTACG,1
AATGCGATACCATTAA,1
AATGCGATCACTGAAC,1
AATGCGCTCATAATCG,1
AATGCGGATTATCCTC,1
AATGCGGATTATCCTT,1
AATGCGGCAAGATCCG,1
AATGCGGTCGCAACAA,1
AATGCGGTGTCTTATT,1
AATGCGGTTTACTACG,1
AATGCGTAACCCGCAA,1
AATGCGTGCCTGGTGC,1
AATGCGTTATTTTAAT,1
AATGCGTTCCGATCCT,1
AATGCTAAAATGGTAG,1
AATGCTACAATAATAA,1
AATGCTACATGCACCA,1
AATGCTACATGTAACA,1
AATGCTACATTTACCA,1
AATGCTACGTGTACCA,1
AATGCTACTAAAATCA,1
AATGCTAGCACATTCC,1
AATGCTAGCACCTTAC,1
AATGCTAGCACCTTCA,1
AATGCTATAAATTAAA,1
AATGCTATATGTACCA,1
AATGCTATTGCCCAAA,1
AATGCTATTTAAACAC,1
AATGCTATTTAATGGA,1
AATGCTCAATTGGCCC,1
AATGCTCCCCAAGGTT,1
AATGCTGGAAACAAAC,1
AATGCTGGTTACCGAC,1
AATGCTGTACAATCAC,1
AATGCTGTACATCAAA,1
AATGCTGTACGATCAG,1
AATGCTGTACTATCAC,1
AATGCTGTGAATCACT,1
AATGCTGTGCGATCAC,1
AATGCTTCTACTTACA,1
AATGCTTGCCTGAGAT,1
AATGCTTGCTCGTGAA,1
AATGCTTGTTGGCAAT,1
AATGCTTTAAGAGACC,1
AATGCTTTACGATCAC,1
AATGCTTTAGTTTAAT,1
AATGCTTTATCAAAAA,1
AATGCTTTCTGGCAAT,1
AATGGAAAAATTAACT,1
AATGGAAAAGTACGGC,1
AATGGAAAATCATTCC,1
AATGGAAACAAAGTAG,1
AATGGAAAGCAACAAA,1
AATGGAAATTTTACTA,1
AATGGAAGCAGAAAAG,1
AATGGAAGGATTAGTC,1
AATGGAATAACATTCC,1
AATGGAATATAATTCC,1
AATGGAATATCATTCT,1
AATGGAATGACGCCAT,1
AATGGACAATGGATAT,1
AATGGACAATTCCCAA,1
AATGGACCAGTCCCAA,1
AATGGACCCGATCCCA,1
AATGGACCGGTCGCAA,1
AATGGACGCACCAAGG,1
AATGGACTAAATACAA,1
AATGGAGAAAACAATA,1
AATGGAGAACAAGAAC,1
AATGGAGAGAGCAATA,1
AATGGAGCAAGCTTTA,1
AATGGAGCTGATGGAC,1
AATGGAGGCTCCCAAG,1
AATGGAGTCAGAGACT,1
AATGGATAAACTGCCT,1
AATGGATACGCCCAAT,1
AATGGATGCAACCTTC,1
AATGGATTCAATAATC,1
AATGGATTTCATATCC,1
AATGGCAAAAAATAGA,1
AATGGCAAAAGATAGC,1
AATGGCAAACAGACTT,1
AATGGCAAAGCCATGT,1
AATGGCACAAAATAGC,1
AATGGCACCCCAAATC,1
AATGGCACGCTTTAGA,1
AATGGCATCCACGCGC,1
AATGGCCATAAATCCA,1
AATGGCCCTTCATATC,1
AATGGCGACGGACAAG,1
AATGGCGCTTCATATA,1
AATGGCGCTTCGTATC,1
AATGGCTTAATACAAT,1
AATGGCTTATCTTAAG,1
AATGGCTTATGCAGCA,1
AATGGCTTTGGTACAA,1
AATGGCTTTTTGTCCG,1
AATGGGAAGATGAATG,1
AATGGGAATTGCCATA,1
AATGGGACGCGAGCAG,1
AATGGGACGGTAATTA,1
AATGGGAGATGCCTGA,1
AATGGGAGATGCTGGA,1
AATGGGAGCGCTAACT,1
AATGGGAGTACTTAAC,1
AATGGGAGTATTTATC,1
AATGGGATACCATTAA,1
AATGGGATATCATTCC,1
AATGGGATGAGAAAAT,1
AATGGGATGGTAATCA,1
AATGGGATTGTAATTA,1
AATGGGCATGACAATT,1
AATGGGCCCAGGAATT,1
AATGGGCCTAGTGAAT,1
AATGGGCCTCGTGAAG,1
AATGGGCGAACGTAAA,1
AATGGGCTACGAAATC,1
AATGGGCTGCTGGACG,1
AATGGGGACACCCAAA,1
AATGGGGATACCCCAA,1
AATGGGGCGTCAATAG,1
AATGGGGGAGATCCAC,1
AATGGGGTGCCAACGT,1
AATGGGTAGAACGGCG,1
AATGGGTATTACAAAA,1
AATGGGTCAAAACGGT,1
AATGGGTCTCCGCTGA,1
AATGGGTCTCGTGAAT,1
AATGGGTTACATTCCG,1
AATGGGTTTAAACGCA,1
AATGGTAAAAATGTTG,1
AATGGTAACCATAACC,1
AATGGTACACTAGGCA,1
AATGGTACATTACGAA,1
AATGGTACCAAAAGGA,1
AATGGTACGACAAGCC,1
AATGGTACGCGAACAG,1
AATGGTATATCGTAGG,1
AATGGTATGGTAATTA,1
AATGGTCACCAGTTGA,1
AATGGTCGAACGTAGA,1
AATGGTCTTACATAGA,1
AATGGTGAGTCTGAAA,1
AATGGTGCCAAAATGA,1
AATGGTGTAATTAGAT,1
AATGGTGTCAAAAGGA,1
AATGGTGTTACTTTGT,1
AATGGTTACCCCTACC,1
AATGGTTCGGATAATA,1
AATGGTTGACTCATCC,1
AATGGTTGATTAATCC,1
AATGGTTTAAAGATTG,1
AATGGTTTATAAAAGC,1
AATGGTTTATAGGGCA,1
AATGGTTTGAAGATTG,1
AATGGTTTTAAGATAG,1
AATGGTTTTAAGATCG,1
AATGTAAAAGGTTACA,1
AATGTAAACAGCGATG,1
AATGTAAACATAAATG,1
AATGTAAAGAAACCAA,1
AATGTAAAGACACTCA,1
AATGTAAAGGGTCAAA,1
AATGTAAATAAACTCA,1
AATGTAAATACACTAA,1
AATGTAAATTATCAAC,1
AATGTAACAATCAAGG,1
AATGTAACATCACACT,1
AATGTAACCACACAGG,1
AATGTAACCATGGCGC,1
AATGTAACCCCGAACC,1
AATGTAACGTAGTGGG,1
AATGTAACTACTGTAC,1
AATGTAACTCAGTACA,1
AATGTAACTGAAAAAA,1
AATGTAAGCCATGAAT,1
AATGTAAGCCTGGAAT,1
AATGTAAGTACACTCA,1
AATGTAATAAGTGACA,1
AATGTAATATCATTCC,1
AATGTAATCCATCTCA,1
AATGTAATTACGGATT,1
AATGTACAAACGATCA,1
AATGTACAAGTGGCCT,1
AATGTACAGTACTAAC,1
AATGTACATCCTCCAA,1
AATGTACCCTCGCGAT,1
AATGTACGAATGACAT,1
AATGTACGGATTAGTC,1
AATGTACTATATTTCA,1
AATGTACTCAAAGCCA,1
AATGTACTTATACACA,1
AATGTAGAAAAAGAAA,1
AATGTAGAAAAATGAC,1
AATGTAGAAACGACTC,1
AATGTAGAATAATCCT,1
AATGTAGACCATCGCA,1
AATGTAGAGTAATCAT,1
AATGTAGAGTAGTCCT,1
AATGTAGCAATCAACG,1
AATGTAGCACTCATTA,1
AATGTAGCCAGAGACT,1
AATGTAGTAAAGTATA,1
AATGTATAGATTCTGG,1
AATGTATAGTAATCCT,1
AATGTATATACAGGAT,1
AATGTATCCATAGGCC,1
AATGTATCCTCGTGAT,1
AATGTATCGACAAAAC,1
AATGTATCTATAAGGA,1
AATGTATGAAATTACA,1
AATGTATGACAATCAT,1
AATGTATGATAATCAA,1
AATGTATTCAAAAAAT,1
AATGTCAACATGGCGC,1
AATGTCAATACTGTAC,1
AATGTCACAATGGCGC,1
AATGTCACCACGAACC,1
AATGTCACCATGGCCC,1
AATGTCACCATGGCTC,1
AATGTCACCATGGGGC,1
AATGTCACCTACACGG,1
AATGTCACCTGATGAT,1
AATGTCACCTGCTTAT,1
AATGTCACGACAAGCC,1
AATGTCACGCCGAACC,1
AATGTCACTATGGCGC,1
AATGTCAGCATTGCCC,1
AATGTCAGTCCCCATT,1
AATGTCCCACTACCCA,1
AATGTCCCGCTTACGC,1
AATGTCGAAACGACTA,1
AATGTCGAAACGTCTC,1
AATGTCGAGACTAATA,1
AATGTCGATCTATCCC,1
AATGTCGCGCCGTCGA,1
AATGTCGCTACATCGG,1
AATGTCGCTTGCCTAC,1
AATGTCTACTTTAAGT,1
AATGTCTAGATATTTT,1
AATGTCTATATTAAGT,1
AATGTCTCTACAAAGC,1
AATGTCTCTCACACTT,1
AATGTCTCTCCAACTT,1
AATGTCTTAAATAAGC,1
AATGTCTTAGACTGCT,1
AATGTCTTAGCTTAAG,1
AATGTGAATACACTCA,1
AATGTGAATGTGATAG,1
AATGTGAGTTAAGTAG,1
AATGTGAGTTATGAAA,1
AATGTGATACTTTATA,1
AATGTGATGCAGTCGC,1
AATGTGATTATACACA,1
AATGTGCAAACTATCA,1
AATGTGCAAGCGGCCT,1
AATGTGCAAGTGGACT,1
AATGTGCAAGTGGCAT,1
AATGTGCAAGTGGCTT,1
AATGTGCAAGTGGGCT,1
AATGTGCAAGTGTCCT,1
AATGTGCAGGTGGCCT,1
AATGTGCCGAGGATAT,1
AATGTGCTAATACACA,1
AATGTGCTTATACATA,1
AATGTGCTTCGATCCG,1
AATGTGGACACCCCAA,1
AATGTGGAGATGTAAT,1
AATGTGGATTACAAAA,1
AATGTGTATGCCAAGG,1
AATGTGTCAGCAGTGA,1
AATGTGTCATCAGTAA,1
AATGTGTCCTTGATAA,1
AATGTGTGAATTCAAC,1
AATGTTAAATAACACA,1
AATGTTAACCCGGTTC,1
AATGTTAAGACGTGCT,1
AATGTTAAGCCGTTCT,1
AATGTTACATCAAACT,1
AATGTTACATGTACCA,1
AATGTTACCAAAGATC,1
AATGTTACCATAGATA,1
AATGTTACGAACAGGT,1
AATGTTAGCCAACATA,1
AATGTTAGTGATGAAA,1
AATGTTATTTATAACG,1
AATGTTCCAAGCAATC,1
AATGTTCCAAGCTTAT,1
AATGTTCCCACATACA,1
AATGTTCCGCACACTG,1
AATGTTCTAAGCCTAT,1
AATGTTCTAAGCTAAC,1
AATGTTCTAATCTTAT,1
AATGTTGAGATTCTGG,1
AATGTTGATGTTTCGA,1
AATGTTGCCAAAAGGA,1
AATGTTGCTGATGACA,1
AATGTTGGCACTATGG,1
AATGTTGTCAACAGAA,1
AATGTTTAAATGCGAT,1
AATGTTTATAAATTTT,1
AATGTTTCACTTCTTA,1
AATGTTTCATTAGGAC,1
AATGTTTCCACAAGTA,1
AATGTTTGGACCATAA,1
AATTAAAACAACCAGG,1
AATTAAAACGTAATAT,1
AATTAAAAGGCTCAAT,1
AATTAAAAGGTTAAAT,1
AATTAAAATGTTCAAT,1
AATTAAAATTCGATTG,1
AATTAAAGACACTCAA,1
AATTAAAGCATAAAAG,1
AATTAAAGCCAAATAG,1
AATTAAAGTACAATAT,1
AATTAAATAGCATAAC,1
AATTAAATCCGGGATT,1
AATTAAATGATTTTGG,1
AATTAAATGGAGAAAA,1
AATTAAATGGTCGCCC,1
AATTAAATGTGAGCCG,1
AATTAAATTGAGAAGA,1
AATTAACAATTCCCAA,1
AATTAACACAATTCAT,1
AATTAACACCAAGAAT,1
AATTAACATAAGCGGT,1
AATTAACATCCCAGTC,1
AATTAACCAAAAAATT,1
AATTAACGTTGTCCTA,1
AATTAACTCACTTAAG,1
AATTAACTTAATTAAC,1
AATTAACTTGTATAGC,1
AATTAAGAAACTTTTA,1
AATTAAGACATAAGCA,1
AATTAAGACCTTTCTC,1
AATTAAGAGGAGACGG,1
AATTAAGAGGCGAAGG,1
AATTAAGAGGCGATGG,1
AATTAAGCCATATCAA,1
AATTAAGCGAGATCAA,1
AATTAAGGACTAGACC,1
AATTAAGGTCTAGACC,1
AATTAATAAAGCCTAA,1
AATTAATAACGACAAA,1
AATTAATAATATATTG,1
AATTAATATGCTGCTA,1
AATTAATCCAGATCAA,1
AATTAATGGACACTCA,1
AATTAATTATGGTCAA,1
AATTAATTCATTGAGA,1
AATTAATTGTTTAATA,1
AATTAATTTTGAAATC,1
AATTACAAAATCACGG,1
AATTACAAAATCATAG,1
AATTACAAACAAGTGA,1
AATTACAAACAAGTTC,1
AATTACAAATCAATCT,1
AATTACACAAGAAATG,1
AATTACACCAAAAATG,1
AATTACACCAGAAACG,1
AATTACACTAAAGCAT,1
AATTACACTGAATTCG,1
AATTACAGATTGATAT,1
AATTACATATTCTATG,1
AATTACATCACAGGGA,1
AATTACATCAGGGATT,1
AATTACATCCAGGATT,1
AATTACATCTACAAAA,1
AATTACATGGCGGCGC,1
AATTACATGTCCCAAC,1
AATTACATTGAAATCG,1
AATTACCAAACATACA,1
AATTACCAACATTTTA,1
AATTACCACAATTTTA,1
AATTACCAGTAATCAA,1
AATTACCAGTTAAGCC,1
AATTACCCGGTCTGTC,1
AATTACCCTTAGCTGA,1
AATTACCCTTAGCTTC,1
AATTACCGAATATCAA,1
AATTACCGACCTCTGA,1
AATTACCGGTCGGACC,1
AATTACCTATTGCAAA,1
AATTACCTTATCTTAG,1
AATTACGAAAAATATG,1
AATTACGAACACAATT,1
AATTACGACAGTGTAT,1
AATTACGAGAAATATG,1
AATTACGATAAATATT,1
AATTACGATTACTTCC,1
AATTACGCATGCCAAG,1
AATTACGCGGGGTATA,1
AATTACGGAACAGAAC,1
AATTACGGCTTCATTA,1
AATTACGGCTTTATGA,1
AATTACGGGAGGTATA,1
AATTACTAAACGACTT,1
AATTACTAGTAGTGCT,1
AATTACTAGTCCACAT,1
AATTACTATACGGGGA,1
AATTACTCAAGAAAAT,1
AATTACTCGTCATTGA,1
AATTACTCTGGCTTGG,1
AATTACTGATATACTT,1
AATTACTGATATCATA,1
AATTACTGCTTCATGA,1
AATTACTGCTTTTCAG,1
AATTACTGTCTGCGGG,1
AATTACTTTAATTATA,1
AATTAGAAACGGAATC,1
AATTAGAAATAGTCTA,1
AATTAGAACTGAATGA,1
AATTAGAATACTATGA,1
AATTAGACAAGCCTGA,1
AATTAGAGACGATGAG,1
AATTAGAGTCTCAACC,1
AATTAGATATGCCTTG,1
AATTAGATCCTTTTTT,1
AATTAGATGACACACT,1
AATTAGATTAGTCGAA,1
AATTAGCAAAAAATTG,1
AATTAGCAAACAATGA,1
AATTAGCATAATATGA,1
AATTAGCATACTATTA,1
AATTAGCCACCCACCG,1
AATTAGCCATCACAGT,1
AATTAGCCTACCGGAC,1
AATTAGGACCAGAACT,1
AATTAGGGATTTCATT,1
AATTAGTAGCAAATTC,1
AATTAGTATGTCTACA,1
AATTAGTCGTGAAACA,1
AATTAGTGTAAGGTGA,1
AATTAGTTCACTCTAA,1
AATTAGTTGAATCACC,1
AATTAGTTTAATCACA,1
AATTAGTTTAGTCACC,1
AATTATAAAAATAACG,1
AATTATAAAACTATAT,1
AATTATAAAGCAAAGC,1
AATTATAAATCGAATT,1
AATTATAAATTCCAAC,1
AATTATAACGGAAATT,1
AATTATAAGACAATAT,1
AATTATAAGAGGAGTA,1
AATTATAAGAGGTGTA,1
AATTATAAGATGTAAG,1
AATTATAAGGTCTGAC,1
AATTATAAGTATTAGA,1
AATTATACAAGCGATG,1
AATTATACACTTTCAA,1
AATTATACATGGCCGA,1
AATTATACTTTAAACA,1
AATTATAGGATTAGCT,1
AATTATAGGCTTTAAT,1
AATTATAGTTCTACGA,1
AATTATATAACCTAGA,1
AATTATATGATAAATT,1
AATTATATGGAATACA,1
AATTATCAATGCGCGT,1
AATTATCAGGGGCAGC,1
AATTATCATGCGCTCA,1
AATTATCCCGCCACTA,1
AATTATCCTATGCCGA,1
AATTATCCTGACGAAC,1
AATTATCGAGACGAAC,1
AATTATCGGCGTTAGT,1
AATTATCGTGACTAAC,1
AATTATCTACCTACTT,1
AATTATCTCAAACCAC,1
AATTATCTGCCTACTT,1
AATTATCTTGACGAAC,1
AATTATGAATGACTGG,1
AATTATGACGGCTAAT,1
AATTATGAGATTAAAG,1
AATTATGATTATTTTA,1
AATTATGGAAATGTTA,1
AATTATGTATGTGTAA,1
AATTATGTCTGCTGAA,1
AATTATTCCACGAGAT,1
AATTATTGAAGCAGAC,1
AATTATTGACACCCAT,1
AATTATTTAAAGAATT,1
AATTATTTAAATCGTG,1
AATTATTTATAACATC,1
AATTATTTATAGTAGA,1
AATTATTTCCCAACAC,1
AATTCAAAATGATGTT,1
AATTCAAATTAGGGCG,1
AATTCAACAAGACATG,1
AATTCAACACCAGAAG,1
AATTCAACACTAGGAG,1
AATTCAACCAAAGGTA,1
AATTCAAGAAAGAAAT,1
AATTCAAGAACCTCAT,1
AATTCAAGACGCTTTT,1
AATTCAATACAAGCCA,1
AATTCAATCAGATGAC,1
AATTCAATGAAGGAGT,1
AATTCAATGATAATCT,1
AATTCAATGGAAAGGA,1
AATTCAATTACCCTAC,1
AATTCAATTATGATCT,1
AATTCACAAGAACCCG,1
AATTCACAATAGAAGA,1
AATTCACACTTAAAAA,1
AATTCACATCCATTGT,1
AATTCACCAATCTCAC,1
AATTCACCAGAAATCA,1
AATTCACGTTAAACTT,1
AATTCACTAAATTGCA,1
AATTCACTACGCCGTC,1
AATTCAGAGATAACAT,1
AATTCAGATACAACAT,1
AATTCAGCGAGGAATT,1
AATTCAGGAGAAAGAT,1
AATTCATATGACCCAT,1
AATTCATCAACGCAAG,1
AATTCATCATAAATCA,1
AATTCATCCACAAGGA,1
AATTCATCCATAAGGA,1
AATTCATCTATAAGGA,1
AATTCATCTGTGAAGT,1
AATTCATGAGAAATCA,1
AATTCATGTTAACCTT,1
AATTCATTAAATTTCT,1
AATTCATTCAGAAGGA,1
AATTCCAAAAACGGCC,1
AATTCCAAACCAATCT,1
AATTCCAAATAAAGCA,1
AATTCCAAATCAATAT,1
AATTCCAACTAGAAAC,1
AATTCCAAGAATGAGT,1
AATTCCAAGAATGGGG,1
AATTCCAAGCAAAGGA,1
AATTCCAATGTCAATA,1
AATTCCACACAAAGGA,1
AATTCCACCCATCAAT,1
AATTCCACCCCTATCA,1
AATTCCACGAAAAGGA,1
AATTCCACGCAAAGTA,1
AATTCCACGCAAATGA,1
AATTCCACTCAAAGGA,1
AATTCCACTCACAATA,1
AATTCCAGCACAATAT,1
AATTCCAGTCTTAAAA,1
AATTCCAGTTCTACGA,1
AATTCCATCCACACCC,1
AATTCCATCCCTTGTT,1
AATTCCATTCCTTGCT,1
AATTCCCACGCTCATA,1
AATTCCCCAAAGAAAC,1
AATTCCCCACCAATAT,1
AATTCCCCAGTCTGTC,1
AATTCCCCTGCAAAAA,1
AATTCCCGTTTGAGCC,1
AATTCCCTAATAACAG,1
AATTCCCTTTCATTAC,1
AATTCCGAACAGCGTA,1
AATTCCGAATCAATCT,1
AATTCCGAGAATGAGG,1
AATTCCGCCATAAGAC,1
AATTCCGGCAGGAACG,1
AATTCCGGCATTTACC,1
AATTCCGGCGTTAAAT,1
AATTCCGTATTCTGAT,1
AATTCCGTGGATTTTG,1
AATTCCGTTCGAGTAC,1
AATTCCTAAAGTAACT,1
AATTCCTCTAATGAAC,1
AATTCCTTAAGTCACG,1
AATTCCTTCCAGAAGG,1
AATTCCTTTGAATAGA,1
AATTCGAAAAGACATG,1
AATTCGAAACGCCCGT,1
AATTCGAATCTCCCTT,1
AATTCGACAAGAAATG,1
AATTCGACAAGACAGG,1
AATTCGACAAGACATT,1
AATTCGACTCGCAAGG,1
AATTCGAGAGTGTTTA,1
AATTCGAGCGAATCCA,1
AATTCGAGCGTAGTAT,1
AATTCGATAGAAAGGA,1
AATTCGATGATGATCT,1
AATTCGATTTAAATCA,1
AATTCGCATAACAGTC,1
AATTCGCGGAGCAGGG,1
AATTCGGAAAGCAGAC,1
AATTCGGCTAATATTG,1
AATTCGGTTTAAATCG,1
AATTCGTAATAGCTTC,1
AATTCGTCCGATCGCC,1
AATTCGTCTGCATCTT,1
AATTCGTGAAGCATCA,1
AATTCTAAAACAAGCT,1
AATTCTAACAATCGGA,1
AATTCTAAGATCAAAA,1
AATTCTAAGCTGCACA,1
AATTCTACAATGCTTT,1
AATTCTAGTTCTACGG,1
AATTCTAGTTCTACTA,1
AATTCTATCTAGAACG,1
AATTCTATTAATTGTG,1
AATTCTCCCAATGTAA,1
AATTCTCGTTTGAGAC,1
AATTCTCGTTTTAGCC,1
AATTCTCTGGATTTTG,1
AATTCTGAAACCGTCA,1
AATTCTGAAATTACCC,1
AATTCTGAAGTGTTTG,1
AATTCTGAATCTGTCT,1
AATTCTGACCTAGAGA,1
AATTCTGAGCATCAGT,1
AATTCTGCAACATCAA,1
AATTCTGCCCAACAAA,1
AATTCTGTAAATCACT,1
AATTCTGTGGCTTTTG,1
AATTCTTAAAGGTATC,1
AATTCTTACGGCTTAC,1
AATTCTTACTTGACAA,1
AATTCTTAGAACAACT,1
AATTCTTAGTAATCAT,1
AATTCTTAGTCGCTGA,1
AATTCTTATCATAAGA,1
AATTCTTATGACTTAC,1
AATTCTTATGGCTCAC,1
AATTCTTATGGCTTAA,1
AATTCTTATGGCTTAG,1
AATTCTTATGGCTTGC,1
AATTCTTATTGCTTAC,1
AATTCTTCTACGTACA,1
AATTCTTGAAGGTATA,1
AATTCTTTCTCCCGGA,1
AATTCTTTGAGTACCA,1
AATTCTTTTAAATTAG,1
AATTCTTTTCGTGGGT,1
AATTCTTTTGGTACCC,1
AATTGAAAATGCAAAA,1
AATTGAACAATTCCAC,1
AATTGAACACCCTTAC,1
AATTGAACATCTAATT,1
AATTGAACGTATCTCA,1
AATTGAACTAACACTA,1
AATTGAAGCTAGTGAT,1
AATTGAATATCATTCC,1
AATTGAATCAGATACC,1
AATTGAATCTGAAACG,1
AATTGAATTGAACATA,1
AATTGAATTGTTTGTC,1
AATTGAATTTAGTCAG,1
AATTGACAACAGTACA,1
AATTGACAACCGTACT,1
AATTGACAATGACTTT,1
AATTGACAGCCGTACA,1
AATTGACCAAAAAAAA,1
AATTGACCCGATATGG,1
AATTGACGAGATGGAA,1
AATTGACGCCCATGGA,1
AATTGACGGTATAACA,1
AATTGACTAAACCAAG,1
AATTGACTAAATGTGA,1
AATTGAGAGTAATCAC,1
AATTGAGCCACATCTA,1
AATTGAGCCAGATCAA,1
AATTGAGCGAACACTA,1
AATTGAGCGAGTCTCA,1
AATTGAGCTAAAACTA,1
AATTGAGCTAACATTA,1
AATTGAGGCGTTAAAT,1
AATTGAGTCGACGGAT,1
AATTGAGTGGGTCTCA,1
AATTGATAACCGTACA,1
AATTGATCACCAGTTA,1
AATTGATCGAGATTTC,1
AATTGATGAAATTACA,1
AATTGATGAGTAGCGT,1
AATTGATGTACTGTGC,1
AATTGATTACATATAA,1
AATTGATTACCAATTA,1
AATTGATTACCAGTCA,1
AATTGATTCTGACTGA,1
AATTGATTTCAAGAAC,1
AATTGCAAATGCAAAG,1
AATTGCAACTGATGAA,1
AATTGCAAGTGCAAAA,1
AATTGCAATGTTTCCG,1
AATTGCACCCATGATC,1
AATTGCACCCGATTAT,1
AATTGCACCCTTGTCC,1
AATTGCACCGAGGAAT,1
AATTGCAGCTCGACAA,1
AATTGCAGCTCGCTAA,1
AATTGCATCTACACAC,1
AATTGCATTATGATGG,1
AATTGCCAAATTAAAA,1
AATTGCCAAGACAAAA,1
AATTGCCAGAAGTTGG,1
AATTGCCCATACATTA,1
AATTGCCTATAGGATG,1
AATTGCGAGAGTAGAC,1
AATTGCGATAAATATG,1
AATTGCGCCACATGTA,1
AATTGCGCTTAGTAAT,1
AATTGCGTCACATCTA,1
AATTGCTAATAGTGCT,1
AATTGCTAGAGATTTC,1
AATTGCTAGGATAAGA,1
AATTGCTAGTAGTGAT,1
AATTGCTAGTAGTGCC,1
AATTGCTATACAATGT,1
AATTGCTATACCAAAG,1
AATTGCTATACCAGCA,1
AATTGCTATATCAGGT,1
AATTGCTATTAGTGCT,1
AATTGCTCCACATCTA,1
AATTGCTCTAATACTT,1
AATTGCTGAGACAAAA,1
AATTGCTGCGTTAAAT,1
AATTGCTGTAGACTCA,1
AATTGCTTAAGACAAT,1
AATTGCTTGCCATACT,1
AATTGGAAAAGTGGAC,1
AATTGGACATATCCCT,1
AATTGGAGAGTTGAAG,1
AATTGGATGACTACGC,1
AATTGGCAAAATTCAC,1
AATTGGCAACAAGAGT,1
AATTGGCAACGCATTG,1
AATTGGCAGAGCACTT,1
AATTGGCGACACATAG,1
AATTGGCGAGAAGAGT,1
AATTGGCGTCAAGTAA,1
AATTGGCTAAGTAAAC,1
AATTGGCTCGTATATC,1
AATTGGCTGACGGTTT,1
AATTGGGATGATGACG,1
AATTGGGCCACATCTA,1
AATTGGGGAATCCACT,1
AATTGGGTTTAAATCA,1
AATTGGTAGTGTATGT,1
AATTGGTCACAAATGA,1
AATTGGTTAAAACGCA,1
AATTGGTTTAAACACA,1
AATTGGTTTAAACCCA,1
AATTGGTTTAAAGGCA,1
AATTGGTTTAGACGCA,1
AATTGTAAAGCAGAAT,1
AATTGTAAAGCATACT,1
AATTGTAAGGCAGACT,1
AATTGTACCTTAAGTC,1
AATTGTAGCATCAAAA,1
AATTGTAGCGTCAAAA,1
AATTGTCAAAGTGACC,1
AATTGTCCACAATGAA,1
AATTGTCCCCAGTGAA,1
AATTGTCGCACTCGCC,1
AATTGTCGGAGACATC,1
AATTGTGCTAACACTA,1
AATTGTGGCCTCAAAA,1
AATTGTTAAATTCTAA,1
AATTGTTAAGACACGA,1
AATTGTTAATACCAAC,1
AATTGTTAGACGTTAT,1
AATTGTTTTAAAAAAA,1
AATTGTTTTAAGATTG,1
AATTTAAAATAGAGGA,1
AATTTAAAATTGAGAG,1
AATTTAAAATTTAGAA,1
AATTTAAACAACTCAT,1
AATTTAAACCAAATAA,1
AATTTAAACGTATAAC,1
AATTTAAATCTATCTA,1
AATTTAAATGTAGCAA,1
AATTTAACAAGCAGTG,1
AATTTAACATTATTTT,1
AATTTAACCAGTTTAA,1
AATTTAACGAGAGCCC,1
AATTTAACGAGTCACA,1
AATTTAAGCTCCTAAT,1
AATTTAAGTTAACATA,1
AATTTAATAACAAATA,1
AATTTAATATGGGATT,1
AATTTAATCGCTGACG,1
AATTTAATTCAGTAAA,1
AATTTAATTTAGTCAA,1
AATTTACACCCAACAT,1
AATTTACACTAAGATG,1
AATTTACATACAAAGA,1
AATTTACCAGAAGTAC,1
AATTTACCCAACCCTA,1
AATTTACCCCAACAAC,1
AATTTACCCCGACAAC,1
AATTTACCCTCCCCAT,1
AATTTACCCTTATGGA,1
AATTTACCGCGACAAC,1
AATTTACCTAGACAAC,1
AATTTACCTCAACAAC,1
AATTTACCTCCACAAC,1
AATTTACCTCTACAAC,1
AATTTACCTGGACAAC,1
AATTTACGAGACAGCT,1
AATTTACGTCATTTAC,1
AATTTACTACTGACAA,1
AATTTACTACTTATAA,1
AATTTACTATTGATAA,1
AATTTACTGGGGGTCC,1
AATTTACTGGGTGTCG,1
AATTTACTGGTTGTCC,1
AATTTACTTGGTGTCC,1
AATTTAGAAAAAGTAA,1
AATTTAGAATCCCGGA,1
AATTTAGAGATTCTGG,1
AATTTAGTTTAGAAAA,1
AATTTATAAACCTCAT,1
AATTTATAAAGGTTTA,1
AATTTATACTAATTAG,1
AATTTATAGCATACCA,1
AATTTATATAAAGCAG,1
AATTTATATACAAATA,1
AATTTATTAGGTTGTG,1
AATTTCAAAACACAGT,1
AATTTCAAAACACGTT,1
AATTTCAAAACGCGGT,1
AATTTCAAATCAATCT,1
AATTTCAAATGGATAA,1
AATTTCAACTAATATT,1
AATTTCACAACAATTT,1
AATTTCACAAGACCAT,1
AATTTCACCATGGCGC,1
AATTTCACCCCGAACC,1
AATTTCACTAAGACTT,1
AATTTCACTCCATGCA,1
AATTTCAGACTGGTAT,1
AATTTCAGTACGTTAA,1
AATTTCATAGATTAAT,1
AATTTCATAGCTCATA,1
AATTTCATCAGAGGCT,1
AATTTCATCTATTAAA,1
AATTTCATGCTTCCTA,1
AATTTCATTGCTGCCA,1
AATTTCCAAAAGCCTT,1
AATTTCCAAACAAAAC,1
AATTTCCACACAAAAT,1
AATTTCCATACAATGT,1
AATTTCCCAATACCAT,1
AATTTCCCACGTAAAG,1
AATTTCCCGTCCGCGT,1
AATTTCCCGTCGAGAT,1
AATTTCCCTAGACCAT,1
AATTTCCGAACCTCCT,1
AATTTCGGTCGCTCCC,1
AATTTCTAAGCTGCAA,1
AATTTCTAATCCCACA,1
AATTTCTCAACTGCAA,1
AATTTCTCAGCTACAA,1
AATTTCTCAGCTGAAA,1
AATTTCTCAGCTGCAG,1
AATTTCTCCGTACTTA,1
AATTTCTCTTAAAATG,1
AATTTCTTTACCGAGA,1
AATTTGAAAGTATAAC,1
AATTTGAAATAACCCA,1
AATTTGAACGTATAAA,1
AATTTGAAGAACCCCT,1
AATTTGAAGGTATAAC,1
AATTTGAATCATGACA,1
AATTTGACTCCAACAT,1
AATTTGAGAGGATTAA,1
AATTTGAGCAGGGTAA,1
AATTTGATTGCGGGGA,1
AATTTGCCGCTTAGGG,1
AATTTGCGACCGTAAA,1
AATTTGCTGAAACTAC,1
AATTTGCTTACGGGGA,1
AATTTGCTTATACACA,1
AATTTGCTTGCGTGGA,1
AATTTGCTTGCTGGGA,1
AATTTGGAAGGAATCT,1
AATTTGGAATGAATTT,1
AATTTGGACAAGGTTC,1
AATTTGGAGTTCCCAG,1
AATTTGGGGTCTCACT,1
AATTTGGTGTTGAGGG,1
AATTTGTAGAAAAGTT,1
AATTTGTATACAAAGA,1
AATTTGTTAATAATCT,1
AATTTGTTTAAACGCA,1
AATTTTAAAAAGTAAA,1
AATTTTAAAGCAGACT,1
AATTTTAACCGCCGTA,1
AATTTTAACGTATAAC,1
AATTTTAACTATCAAC,1
AATTTTAAGTCCGAAA,1
AATTTTAATATAAATC,1
AATTTTAATATACATT,1
AATTTTACAGCATACT,1
AATTTTACATGCATGT,1
AATTTTACTCGTTCAG,1
AATTTTAGCCCAAAAA,1
AATTTTAGTTTTGTAT,1
AATTTTATACGCAGTA,1
AATTTTATATGCACTA,1
AATTTTATTAAATTTA,1
AATTTTCATAGTTGTA,1
AATTTTCCAAAAGAAA,1
AATTTTCCCCACACTG,1
AATTTTCCTCAAACAA,1
AATTTTCGCGCTCGCC,1
AATTTTCGTTCCCTTG,1
AATTTTCTAATAAAAG,1
AATTTTGAACTGGCTT,1
AATTTTGACCTAGCTT,1
AATTTTGACCTGGCCT,1
AATTTTGACCTGGCTG,1
AATTTTGAGCAGAGCC,1
AATTTTGAGCTGGCTT,1
AATTTTGATAATATGA,1
AATTTTGATAATCTGG,1
AATTTTGCACGCCAAG,1
AATTTTGCGAGAAATC,1
AATTTTGTCGTAGTGT,1
AATTTTTAAATATCAG,1
AATTTTTACCTGGCTT,1
AATTTTTAGCTGTGAG,1
AATTTTTATAATCCAT,1
AATTTTTATAGTACAT,1
AATTTTTCAGCTGCAA,1
AATTTTTGTCACTGTG,1
ACAAAAAAAAACATAA,1
ACAAAAAAAAAGACGA,1
ACAAAAAAAAATACAT,1
ACAAAAAAAACTTAAT,1
ACAAAAAAAAGAAGGA,1
ACAAAAAAATAGAACG,1
ACAAAAAAGAATACTA,1
ACAAAAAAGACGTATC,1
ACAAAAAAGAGAAGAA,1
ACAAAAAAGAGAAGGG,1
ACAAAAAAGCGCGGCC,1
ACAAAAAAGGTAACTA,1
ACAAAAAAGTGTGAAA,1
ACAAAAAAGTTGGGTA,1
ACAAAAAATACTGCAC,1
ACAAAAAATAGAAGGA,1
ACAAAAAATAGGCGCA,1
ACAAAAAATATTAACA,1
ACAAAAAATCCACCGA,1
ACAAAAAATTAACTCT,1
ACAAAAAATTACACTC,1
ACAAAAACAAGACCTA,1
ACAAAAACAATCCTTT,1
ACAAAAACATAAGACC,1
ACAAAAACCAACGACC,1
ACAAAAACGTAACTCG,1
ACAAAAACTATATAAA,1
ACAAAAACTTCACTAA,1
ACAAAAACTTTTCGTA,1
ACAAAAAGATTGGCCG,1
ACAAAAAGGCTGACGT,1
ACAAAAATAGAGCAGC,1
ACAAAAATCAGATATA,1
ACAAAAATCCAATGAA,1
ACAAAAATCGCAAGGT,1
ACAAAAATGATTATGT,1
ACAAAAATGCCGCAGA,1
ACAAAAATTAACACAG,1
ACAAAAATTGGCAAAA,1
ACAAAACAAAAGAAAG,1
ACAAAACAAACTACTG,1
ACAAAACAACCCTTTT,1
ACAAAACAACTGAGCT,1
ACAAAACAACTGGACT,1
ACAAAACAATAGTATA,1
ACAAAACACCAAACAA,1
ACAAAACACCACAATT,1
ACAAAACACCTACCGA,1
ACAAAACACTGAGAGA,1
ACAAAACAGCTGAACT,1
ACAAAACATATAATTC,1
ACAAAACCACTTTCGT,1
ACAAAACCATATTATA,1
ACAAAACCATCCAACT,1
ACAAAACCGGGAACCA,1
ACAAAACCTCATAATT,1
ACAAAACGAAATAGAA,1
ACAAAACGTAGATGCA,1
ACAAAACGTATCATCA,1
ACAAAACGTTTCTCTT,1
ACAAAACTAAACATAC,1
ACAAAACTAACCATTC,1
ACAAAACTAATTACAT,1
ACAAAACTCAACACAG,1
ACAAAACTCATGAACG,1
ACAAAACTGAAAAAGA,1
ACAAAACTTGACGCAA,1
ACAAAAGAAATACAAT,1
ACAAAAGAATCTTTTA,1
ACAAAAGAGAAAGACA,1
ACAAAAGAGGTTAATA,1
ACAAAAGATTTATCGA,1
ACAAAAGCACCCGTGT,1
ACAAAAGCTAGGCCAA,1
ACAAAAGGACGGTGTG,1
ACAAAAGGCTCAACCT,1
ACAAAAGGGGTTACTA,1
ACAAAAGTAAAAATAC,1
ACAAAAGTACATAGGA,1
ACAAAAGTATCCCACG,1
ACAAAAGTCAACCCAA,1
ACAAAAGTGCATGGAA,1
ACAAAATAATAAGCCG,1
ACAAAATACATTATTC,1
ACAAAATAGGACACTC,1
ACAAAATAGTATAATT,1
ACAAAATATAAAAGCA,1
ACAAAATATAAAAGTA,1
ACAAAATATAGATTTG,1
ACAAAATATGACCCAG,1
ACAAAATCACAAGCAG,1
ACAAAATCACATTCAC,1
ACAAAATCACTCGTGG,1
ACAAAATCCTTATAAT,1
ACAAAATCGCAAGCAG,1
ACAAAATCGCGTGTCA,1
ACAAAATCGTTGAGCT,1
ACAAAATCTAAAGCAG,1
ACAAAATGAAGAGTCT,1
ACAAAATGGAAACTCT,1
ACAAAATGTTTTAACT,1
ACAAAATGTTTTCATT,1
ACAAAATTAGAATACT,1
ACAAAATTAGAGACTT,1
ACAAAATTCCTCAACC,1
ACAAAATTCTAATAAA,1
ACAAAATTGCTCAACC,1
ACAAAATTGTCAGTAA,1
ACAAAATTGTCCATAA,1
ACAAAATTGTCCTTAA,1
ACAAAATTGTCTGTAA,1
ACAAAATTGTGAACCT,1
ACAAAATTTACAATCT,1
ACAAAATTTATCAACC,1
ACAAAATTTGAGTACT,1
ACAAAATTTTAATACT,1
ACAAACAAAAGGAAGG,1
ACAAACAAAGATTCAC,1
ACAAACAAAGCAGGTC,1
ACAAACAAAGCATGTC,1
ACAAACAACTATTCCA,1
ACAAACAATATCTAGC,1
ACAAACACAGAATGTA,1
ACAAACACGCTTATGG,1
ACAAACACTGGCACGA,1
ACAAACAGAGAGATGA,1
ACAAACAGAGCACGTC,1
ACAAACAGATCAAAAA,1
ACAAACAGCGAGATTA,1
ACAAACAGGTAGACGA,1
ACAAACAGTCACCCAG,1
ACAAACATGGGCACGA,1
ACAAACATTGCCACGA,1
ACAAACATTTGCACGA,1
ACAAACCAAATAATTC,1
ACAAACCAAGCGGCTA,1
ACAAACCAGATAATAA,1
ACAAACCAGCTTATGG,1
ACAAACCATATAATTA,1
ACAAACCCAGAATGTG,1
ACAAACCCAGAATTTA,1
ACAAACCCAGCGACTA,1
ACAAACCCAGCGGATA,1
ACAAACCCAGGGGCTA,1
ACAAACCCGACAAGTA,1
ACAAACCCGATTATGG,1
ACAAACCCGCTGATGG,1
ACAAACCCGCTTATTG,1
ACAAACCCTCTTATGG,1
ACAAACCGAAAAATGA,1
ACAAACCTGAAACAAA,1
ACAAACCTGACGATAA,1
ACAAACGAATACGTAG,1
ACAAACGAGTAAAAAT,1
ACAAACGATCAAAAAT,1
ACAAACGGTAATTATA,1
ACAAACGTAATGCTGT,1
ACAAACGTTTCGTGAG,1
ACAAACTAGTCATTGC,1
ACAAACTCGCTTATGG,1
ACAAACTGAGCAGGAT,1
ACAAACTGCAAAATTT,1
ACAAACTGTCTGCCAA,1
ACAAACTTAGCAGGAG,1
ACAAACTTGTGCCCCA,1
ACAAAGAAAAAGAGTC,1
ACAAAGAAAACCCGCT,1
ACAAAGAAAACTCCTG,1
ACAAAGAAAAGAAATA,1
ACAAAGAAAAGATATA,1
ACAAAGAAAAGGTAGT,1
ACAAAGAAATTATTGA,1
ACAAAGAATAGAGCCG,1
ACAAAGACCCACTCAC,1
ACAAAGACCCATTTAT,1
ACAAAGACCTTGCCCG,1
ACAAAGACGGTTGAAA,1
ACAAAGACTCATATAA,1
ACAAAGACTGTCGAAA,1
ACAAAGAGAAAAATAA,1
ACAAAGAGAAGCTTAA,1
ACAAAGAGGATTTAGG,1
ACAAAGATACCCGAAA,1
ACAAAGATGCACGAAA,1
ACAAAGATGCCCGGAA,1
ACAAAGATGCCCTAAA,1
ACAAAGATGTTGTAAA,1
ACAAAGATTGGCACGA,1
ACAAAGCACACTAATC,1
ACAAAGCAGAACTCCC,1
ACAAAGCATTCAGTAG,1
ACAAAGCCCATCTAAT,1
ACAAAGCTAAGTACAG,1
ACAAAGCTGAATCTTC,1
ACAAAGGAATTACTAA,1
ACAAAGGACTTTAAAT,1
ACAAAGGAGAACATTG,1
ACAAAGGATTACTTAT,1
ACAAAGGCCACGGCCA,1
ACAAAGGTCATTAACA,1
ACAAAGTACCACTCAC,1
ACAAAGTACTCCTTGA,1
ACAAAGTAGAAACCAG,1
ACAAAGTATATAATAA,1
ACAAAGTCACACTCAC,1
ACAAAGTCATTACGTC,1
ACAAAGTCCCACTCAA,1
ACAAAGTCCGACTCAC,1
ACAAAGTGTACTTAAC,1
ACAAAGTTCTACAGCT,1
ACAAAGTTGAAAATAA,1
ACAAAGTTTATTTAAC,1
ACAAATAAACATCTAA,1
ACAAATAAACCCTAAA,1
ACAAATAAACTCTGAT,1
ACAAATAAATGACAGA,1
ACAAATAACCAAATAC,1
ACAAATAACCACACGT,1
ACAAATAACCACATAT,1
ACAAATAACCACGACT,1
ACAAATAACCTGGCCA,1
ACAAATAACGATAGCA,1
ACAAATAACTTTATAG,1
ACAAATAATTGAAGCA,1
ACAAATAATTGTAAGT,1
ACAAATAATTTTCTTA,1
ACAAATACATCCTGGT,1
ACAAATACGAAGCATG,1
ACAAATACGTGTAAGT,1
ACAAATACTTGTAATT,1
ACAAATAGAATGCACA,1
ACAAATAGGATACCAT,1
ACAAATAGGCCTAAAC,1
ACAAATAGTATACAAT,1
ACAAATATAACATATT,1
ACAAATATAGCGAATA,1
ACAAATATCCATCGGC,1
ACAAATATCCCTAAAC,1
ACAAATATGCCCGAAA,1
ACAAATATGGCCAAGC,1
ACAAATATGTACGAGT,1
ACAAATATTAAAACTG,1
ACAAATATTAAATCTT,1
ACAAATATTATACCAT,1
ACAAATATTGGCACGA,1
ACAAATATTTGGATCT,1
ACAAATCAGAACTAAA,1
ACAAATCAGACGAGCA,1
ACAAATCATACAACAG,1
ACAAATCATAGGACAG,1
ACAAATCATATAACAG,1
ACAAATCATATAATTC,1
ACAAATCATTGAACAG,1
ACAAATCCACAATGTT,1
ACAAATCCAGAATGTA,1
ACAAATCCATCATTTA,1
ACAAATCCGTTTAACA,1
ACAAATCCTGAATGCA,1
ACAAATCTACGGGATC,1
ACAAATGAAAAATAAT,1
ACAAATGAAAAATATG,1
ACAAATGAAAGCTACA,1
ACAAATGAAGTGACCA,1
ACAAATGAATGACTCG,1
ACAAATGACGAATAAT,1
ACAAATGAGAAATAAT,1
ACAAATGAGTTCCGGT,1
ACAAATGCAGATAGAA,1
ACAAATGCCAAATAAA,1
ACAAATGCCGATGGGA,1
ACAAATGCTCCGGGCA,1
ACAAATGGTAGAAATA,1
ACAAATGTACCAACAA,1
ACAAATGTACTAAAAT,1
ACAAATGTAGCGTTTA,1
ACAAATGTCACAACAA,1
ACAAATGTCAGTCCCA,1
ACAAATGTCCGTCCAA,1
ACAAATGTCCGTCCTA,1
ACAAATGTTCGTCCCA,1
ACAAATTAAAAAAAAC,1
ACAAATTAACTATAAA,1
ACAAATTAATATACAA,1
ACAAATTAATCTACAA,1
ACAAATTAATGCACAA,1
ACAAATTAATTTACAA,1
ACAAATTACTGGTTAA,1
ACAAATTATAAACTAG,1
ACAAATTCAACTGCAT,1
ACAAATTCATAATCAT,1
ACAAATTCCTTATAAA,1
ACAAATTCGAAACTCC,1
ACAAATTCGAGAAGTA,1
ACAAATTCGCCCTCAA,1
ACAAATTCGCTATCAA,1
ACAAATTCGCTCTAAA,1
ACAAATTCGCTGTCAA,1
ACAAATTCTCGCACCA,1
ACAAATTCTTGATAAA,1
ACAAATTGCACCTATG,1
ACAAATTGCTCTGAAC,1
ACAAATTGCTGCCAAA,1
ACAAATTGGCATATAT,1
ACAAATTGGCTCTCAA,1
ACAAATTGGTATATAC,1
ACAAATTTAAATTTGT,1
ACAACAAAAATCCTTT,1
ACAACAAAACGGAAAG,1
ACAACAAAATGTCACT,1
ACAACAAAGACGGCCA,1
ACAACAAAGAGCAAAG,1
ACAACAAATAGAAAAA,1
ACAACAAATCGACCAG,1
ACAACAAATCGCACAG,1
ACAACAACGAATCCTA,1
ACAACAACGATCCTTT,1
ACAACAACTGCAAATT,1
ACAACAAGAGGTGACA,1
ACAACAAGATAGGAAC,1
ACAACAAGCACTATGG,1
ACAACAAGCCAAAAAG,1
ACAACAAGCGTGTGCA,1
ACAACAAGGCTCTAAA,1
ACAACAAGTATAGCTA,1
ACAACAAGTATTATGG,1
ACAACAATACCCTAAA,1
ACAACAATAGCAAATT,1
ACAACAATCATTATGG,1
ACAACAATCGTTTTTG,1
ACAACAATCTCCATGA,1
ACAACAATGGCAAATT,1
ACAACAATTCTCACAA,1
ACAACAATTGCAGATT,1
ACAACAATTGTAAATT,1
ACAACAATTTCAAATT,1
ACAACACAAACCCAAA,1
ACAACACACCAACTGC,1
ACAACACACCCTTTAC,1
ACAACACCCAAACCAT,1
ACAACACCGAGAGATC,1
ACAACACGATGAAAGT,1
ACAACACTAAAAATAC,1
ACAACACTAAACATAA,1
ACAACACTATTCTTGG,1
ACAACACTCACTATTC,1
ACAACACTTAACATAC,1
ACAACACTTACCATTC,1
ACAACACTTACTACCA,1
ACAACACTTATTATTC,1
ACAACACTTCCTAATA,1
ACAACAGAAAAGTTTC,1
ACAACAGAAACGTCTC,1
ACAACAGAAACGTTAC,1
ACAACAGAAATGTTTC,1
ACAACAGATCGGTACA,1
ACAACAGCTTCCGAAA,1
ACAACAGGAGATGACA,1
ACAACAGGAGGTGTCA,1
ACAACAGGAGGTTACA,1
ACAACAGGGGGTAACA,1
ACAACAGGGGGTGACA,1
ACAACAGTCTTCATGA,1
ACAACAGTGACTTGAC,1
ACAACATAACTCGCTC,1
ACAACATAACTGACAT,1
ACAACATAAGGACTCA,1
ACAACATACAGTGACT,1
ACAACATAGACCTTCT,1
ACAACATAGTTTGCTC,1
ACAACATATTCCTAGG,1
ACAACATCGTTCGCTC,1
ACAACATCGTTTGATC,1
ACAACATCGTTTGTTC,1
ACAACATGAGGTGACA,1
ACAACATGAGTTCCCA,1
ACAACATGATTTTTTG,1
ACAACATGTATTCCTG,1
ACAACATGTGTTCTAC,1
ACAACATGTTCATTAT,1
ACAACATTACTTAAAT,1
ACAACATTATCGTATA,1
ACAACATTTAGACGAC,1
ACAACCAAAAACCACC,1
ACAACCAAACTATAAT,1
ACAACCAAACTTTAAT,1
ACAACCAAATTGTAAT,1
ACAACCAACAACGCCA,1
ACAACCAAGTACACTC,1
ACAACCAAGTGCAATC,1
ACAACCAAGTGCACTT,1
ACAACCAAGTGCAGTC,1
ACAACCAATGTTACGC,1
ACAACCACATACGACC,1
ACAACCACGTACAAAA,1
ACAACCAGAGGACGTT,1
ACAACCAGCCTCTAAA,1
ACAACCAGGAGAGACA,1
ACAACCAGTCTCTAAA,1
ACAACCAGTTCTGAAT,1
ACAACCATACGGCCCG,1
ACAACCATGCCCTTTC,1
ACAACCATGTAATACC,1
ACAACCATTATGCTAA,1
ACAACCCAAACACAAA,1
ACAACCCAAACCAAAA,1
ACAACCCAAACCCAAG,1
ACAACCCAAACCCAAT,1
ACAACCCAAACCTAAA,1
ACAACCCAACTTTTTA,1
ACAACCCAAGGACGTT,1
ACAACCCCAGGACGTT,1
ACAACCCCATGATCAA,1
ACAACCCGAACCCAAA,1
ACAACCCTAACGACTA,1
ACAACCCTAATATATA,1
ACAACCCTAATTACCA,1
ACAACCCTGCGGATAG,1
ACAACCGAGTGCACTC,1
ACAACCGATACTATCA,1
ACAACCGATCACCGCA,1
ACAACCGCGTTCTAGG,1
ACAACCGGCACATGAC,1
ACAACCGTTATGAATA,1
ACAACCTAGAGGATAA,1
ACAACCTAGTAAAGCA,1
ACAACCTCACATATGC,1
ACAACCTCTCGTGGAT,1
ACAACCTGATCAGTAT,1
ACAACCTGCCGGATAA,1
ACAACCTGTCTCGTGA,1
ACAACCTGTGTTCTAA,1
ACAACCTTGAACCCGT,1
ACAACCTTTGTCAACT,1
ACAACCTTTGTCGACG,1
ACAACGAACTAATAAG,1
ACAACGAATAGTGCAA,1
ACAACGAATGCTCCTC,1
ACAACGAATGCTGAGT,1
ACAACGACAACTCCAA,1
ACAACGACATCGTGAA,1
ACAACGACCGATAAAC,1
ACAACGACCTCTTGAA,1
ACAACGACCTTAACCA,1
ACAACGACGCTTTCGT,1
ACAACGACTAAAGACC,1
ACAACGACTATATTCC,1
ACAACGACTATTGCAA,1
ACAACGAGAAAACCAT,1
ACAACGAGTCAAACGC,1
ACAACGAGTCAACGAC,1
ACAACGATGCACGAGC,1
ACAACGATGTAACAAT,1
ACAACGATTCCCACAA,1
ACAACGATTTAACACA,1
ACAACGCATGGACCCT,1
ACAACGCCACAGTGCA,1
ACAACGCGTAAAACGC,1
ACAACGCGTCAAACAC,1
ACAACGCTAAGCATTG,1
ACAACGGAATGAGTAA,1
ACAACGGACCCTTCCC,1
ACAACGGCACGAGTAA,1
ACAACGGCATTAGTAA,1
ACAACGGTACAGTCGT,1
ACAACGGTCTCGTGTT,1
ACAACGTACTTACTTC,1
ACAACGTACTTGCCTC,1
ACAACGTAGCTAAGTA,1
ACAACGTGACAAGGAG,1
ACAACGTTCCACAGCT,1
ACAACGTTCTACAGAT,1
ACAACGTTCTGCAGCT,1
ACAACTAAAAAAAACT,1
ACAACTAAAAATGATG,1
ACAACTAAACATCTGA,1
ACAACTAACACAAATT,1
ACAACTAACCGTAAGT,1
ACAACTAAGATGAGAC,1
ACAACTAATAAATCAT,1
ACAACTAATGGTTCAA,1
ACAACTAATTACTTCA,1
ACAACTAATTATACCG,1
ACAACTACATTAGCAA,1
ACAACTACGGGTTCAA,1
ACAACTACTGGTCCAA,1
ACAACTAGCAACTGTG,1
ACAACTAGCAACTTTG,1
ACAACTAGGAACTCTG,1
ACAACTAGTAAAAACT,1
ACAACTAGTAGCAACC,1
ACAACTAGTGAGGGAT,1
ACAACTATCATATTGT,1
ACAACTCAACATGAAA,1
ACAACTCACAAGGATA,1
ACAACTCACAATCTAC,1
ACAACTCATCGACACG,1
ACAACTCCGTAAACAT,1
ACAACTCCTTAAACAC,1
ACAACTCCTTAATCAT,1
ACAACTCGCTATAGTA,1
ACAACTCGGCGTCTAA,1
ACAACTCGTATTAACT,1
ACAACTCGTTTGACCG,1
ACAACTCTGACGTGTT,1
ACAACTGAGTCTTTTC,1
ACAACTGATCACCACA,1
ACAACTGATCGCCGCA,1
ACAACTGATTAAAACC,1
ACAACTGCGGTGGCAT,1
ACAACTGCTTTGGCAT,1
ACAACTGTCATTAGGA,1
ACAACTGTGCCATATG,1
ACAACTTAACTGCCAT,1
ACAACTTAAGAATAAA,1
ACAACTTAATTTTGGT,1
ACAACTTACAGCTAGA,1
ACAACTTACCGGAGGC,1
ACAACTTATAATCACC,1
ACAACTTCACTTCCAT,1
ACAACTTCTTATACAA,1
ACAACTTCTTGTATGG,1
ACAACTTGATCACTAT,1
ACAACTTTAATATACG,1
ACAACTTTACAGTAAG,1
ACAAGAAAAGGGAGAA,1
ACAAGAAAATAGTCGT,1
ACAAGAAAATGGGTAA,1
ACAAGAAACAGAACGC,1
ACAAGAAACAGATCTT,1
ACAAGAAAGATATATA,1
ACAAGAAAGTAAAAAT,1
ACAAGAAATCCATATT,1
ACAAGAAATTAATCTC,1
ACAAGAACAATTAGTT,1
ACAAGAACAGCGCAAT,1
ACAAGAACCAAAAACT,1
ACAAGAAGAACTCCTC,1
ACAAGAAGACATACTA,1
ACAAGAAGGACATCCG,1
ACAAGAAGGAGTCGGG,1
ACAAGAAGGATATAAC,1
ACAAGAAGGATATAAT,1
ACAAGAAGTACTTTCG,1
ACAAGAATAGGAAGAT,1
ACAAGAATATACCATG,1
ACAAGAATATACCTTA,1
ACAAGAATCAATGACG,1
ACAAGAATCATACTAA,1
ACAAGAATGATCCCAG,1
ACAAGAATGTACAAGT,1
ACAAGAATTATCCTAG,1
ACAAGAATTTGCAAGT,1
ACAAGAATTTTTTACG,1
ACAAGACAAATCAATA,1
ACAAGACACCTGACAA,1
ACAAGACAGGAAAGCA,1
ACAAGACGAGAAGTAG,1
ACAAGACGTGTATACT,1
ACAAGACTGAGCGCAA,1
ACAAGACTTGGATCAA,1
ACAAGAGAAACACCTC,1
ACAAGAGAACAATCCC,1
ACAAGAGCAGTTAAGA,1
ACAAGAGCGATACAAA,1
ACAAGAGGGAACTGCA,1
ACAAGAGGGATATAAG,1
ACAAGAGTAATAAATA,1
ACAAGAGTTATTTATA,1
ACAAGATAAACTCGAC,1
ACAAGATAATGTTCTT,1
ACAAGATACAATCGAC,1
ACAAGATACAGATCTT,1
ACAAGATACATTCGAC,1
ACAAGATACCAAAGAA,1
ACAAGATAGTATTGTG,1
ACAAGATATAGGCCTG,1
ACAAGATATCATCAAA,1
ACAAGATCATACATAC,1
ACAAGATCCCGAAGAA,1
ACAAGATCTTAACCGT,1
ACAAGATGAAGCCACG,1
ACAAGATGCCATCAAA,1
ACAAGATGGACAGTAA,1
ACAAGATGTCACATTA,1
ACAAGATTGACACACT,1
ACAAGCAATTGTACTT,1
ACAAGCATATTTGTAT,1
ACAAGCATTCTAACAA,1
ACAAGCCATAATGCCA,1
ACAAGCCCATTCGAGG,1
ACAAGCCCATTCGCGT,1
ACAAGCCCCGACCAGC,1
ACAAGCCCCTACCAAC,1
ACAAGCCCGTTCGCGG,1
ACAAGCCGCTGGCAAA,1
ACAAGCCGTTGTCAAA,1
ACAAGCCTGAGAGTAA,1
ACAAGCGAAGAATAGG,1
ACAAGCGCCGGAACAA,1
ACAAGCGTGTGCTACC,1
ACAAGCTAACAGGGAT,1
ACAAGCTAAGAATAAA,1
ACAAGCTAGTTAAAGA,1
ACAAGCTATACGCAGA,1
ACAAGCTCACAGGGAT,1
ACAAGCTGTCATCAAT,1
ACAAGCTTACGGGGAT,1
ACAAGCTTTATAGTAC,1
ACAAGGAAACGGGTAA,1
ACAAGGAACAAATTAC,1
ACAAGGAAGAACAGAA,1
ACAAGGAATCCTACCG,1
ACAAGGACCTGATCTG,1
ACAAGGATATACCCAT,1
ACAAGGCACTGACTTT,1
ACAAGGCAGTGTTTTT,1
ACAAGGCATATAATGA,1
ACAAGGCATCTAAAGA,1
ACAAGGCGATGGAAAG,1
ACAAGGCGTGAATACT,1
ACAAGGCTGTGAGCGA,1
ACAAGGCTTAGATCCC,1
ACAAGGGCACCTCAGT,1
ACAAGGGCATGAGTAA,1
ACAAGGGCGCACAGTA,1
ACAAGGTGGCCCAGAG,1
ACAAGTAAGTTGGACG,1
ACAAGTAAGTTGGCAG,1
ACAAGTAAGTTGGCGG,1
ACAAGTACAAAGCCAG,1
ACAAGTACATTACAAC,1
ACAAGTACATTCAAAC,1
ACAAGTACCACGGCGG,1
ACAAGTACCTATCAAA,1
ACAAGTACGAATTAAG,1
ACAAGTACTGCTTAAT,1
ACAAGTAGGATATAAG,1
ACAAGTAGGTTGGCCG,1
ACAAGTATATTACTGC,1
ACAAGTATTCGAAATA,1
ACAAGTCAACACTTAC,1
ACAAGTCAATATAGCA,1
ACAAGTCAGTGTGTTT,1
ACAAGTCATCTAATGA,1
ACAAGTCATGAAGAAA,1
ACAAGTCCACTAGTCA,1
ACAAGTCCATGTCTCT,1
ACAAGTCGAACTGACA,1
ACAAGTCGCAAAGTCT,1
ACAAGTCGGGAATACT,1
ACAAGTGACAAAAATT,1
ACAAGTGACGAATAAT,1
ACAAGTGCTTTTACAC,1
ACAAGTGGGCTAAATG,1
ACAAGTGTCCTAGTCT,1
ACAAGTGTCCTGGTCC,1
ACAAGTTCAATCTTTG,1
ACAAGTTGAACTAGTT,1
ACAAGTTTCGATCGAA,1
ACAAGTTTTATGCAAT,1
ACAATAAAACTGCAGC,1
ACAATAAAGTAAAGAT,1
ACAATAAAGTAGGGGA,1
ACAATAAATTCAAAAG,1
ACAATAAATTCAGCAG,1
ACAATAAATTTCTGCA,1
ACAATAAATTTTTGCA,1
ACAATAACAAAAAAAC,1
ACAATAACAAGGTAAA,1
ACAATAACTCAAATCT,1
ACAATAAGCCCAATTT,1
ACAATAAGCCCCATTT,1
ACAATAAGCCCTGTTT,1
ACAATAAGCTCTATTT,1
ACAATAATAGATGTCA,1
ACAATAATATCTGTTA,1
ACAATAATGATCCTAG,1
ACAATAATGTTGAATT,1
ACAATAATTATCTGTT,1
ACAATACAACGCAAAA,1
ACAATACACCTCTTCT,1
ACAATACAGACACCAA,1
ACAATACAGTCCAACC,1
ACAATACATAAACCAA,1
ACAATACATAAACTAA,1
ACAATACATACACAAA,1
ACAATACATACACCAT,1
ACAATACATACACCCC,1
ACAATACATAGACCGC,1
ACAATACATCAAATAG,1
ACAATACATGATTCCA,1
ACAATACCACCTAATA,1
ACAATACCTTACACCC,1
ACAATACGTACACCAA,1
ACAATACGTCGGAAAT,1
ACAATACTAATTTACT,1
ACAATACTACAGACCA,1
ACAATACTACCTACAA,1
ACAATACTTAGACATA,1
ACAATACTTCATCAAA,1
ACAATACTTCGCCGTA,1
ACAATACTTGACTAAA,1
ACAATACTTTACCAGT,1
ACAATAGAAGCAAATA,1
ACAATAGACAAAACCA,1
ACAATAGACATTAAAA,1
ACAATAGAGGCCGTAA,1
ACAATAGATACACCAA,1
ACAATAGCAAAAACCA,1
ACAATAGCAATGCTAA,1
ACAATAGCCAAAACCG,1
ACAATAGCCAAAAGCA,1
ACAATAGGCCCTATTT,1
ACAATAGGGCAATTCA,1
ACAATAGTATGTATAC,1
ACAATAGTCCTTCCCG,1
ACAATAGTTTATCTGA,1
ACAATATAAAGCACAT,1
ACAATATAAATCCACA,1
ACAATATAACTAAGAT,1
ACAATATACTGCCGGT,1
ACAATATATAGCAAAT,1
ACAATATATAGCACAA,1
ACAATATATATCACAT,1
ACAATATCAACAAGAG,1
ACAATATCAATGTGCG,1
ACAATATGCATCCACA,1
ACAATATGTAGCACAT,1
ACAATATGTCACAGTA,1
ACAATATTATTCCTGA,1
ACAATATTGACCAACA,1
ACAATCAAACTGTAAT,1
ACAATCAACCAATGGT,1
ACAATCAATGCAGACT,1
ACAATCAATGTGTCCG,1
ACAATCAATGTTCACG,1
ACAATCACAGACTCGA,1
ACAATCACCACGTTGG,1
ACAATCACCCCGTCGG,1
ACAATCACCCCGTTGC,1
ACAATCACCGCACCTT,1
ACAATCACTCAAATAG,1
ACAATCACTGAGGGGT,1
ACAATCAGAGCTTATG,1
ACAATCAGATAGAACA,1
ACAATCAGGATAGGAC,1
ACAATCAGGCAATTCA,1
ACAATCATAACGACTA,1
ACAATCCAAAAATATT,1
ACAATCCACATCAGTT,1
ACAATCCCCGACCAAC,1
ACAATCCCTGAACTGT,1
ACAATCCGCCATCAAA,1
ACAATCCGTTGGCAAA,1
ACAATCCTAACGAGTA,1
ACAATCCTAACTACTA,1
ACAATCCTAATGACTA,1
ACAATCCTCTTCTGGC,1
ACAATCGAAACAATGG,1
ACAATCGAATCCTTCT,1
ACAATCGAGAAGGCGT,1
ACAATCGGGCAATTAA,1
ACAATCGGGCAATTGA,1
ACAATCGGTCAATTCA,1
ACAATCGTCCTTCACG,1
ACAATCTAAACAATGT,1
ACAATCTAAGAAGCGT,1
ACAATCTACTATTCCC,1
ACAATCTCTAACACGC,1
ACAATCTGGTCATTAT,1
ACAATCTGTGGCATAG,1
ACAATCTTAGCCAACA,1
ACAATCTTCCAAAAAA,1
ACAATCTTTTAAATAA,1
ACAATGAAACTTCGAT,1
ACAATGAAATAGATAG,1
ACAATGAAGAATACAG,1
ACAATGACACAGATCT,1
ACAATGACAGTCAACT,1
ACAATGACATAGATAC,1
ACAATGACATAGATAT,1
ACAATGACATGGATAG,1
ACAATGACGTAGATAG,1
ACAATGACTAAAATCA,1
ACAATGACTCAAATAT,1
ACAATGACTGACTCGT,1
ACAATGAGGCATTAGC,1
ACAATGATAAACAGCG,1
ACAATGATACATTAGC,1
ACAATGATTATAAGCT,1
ACAATGATTGACGTAA,1
ACAATGCCTGGGATAC,1
ACAATGCGGCATTCAG,1
ACAATGCTCTATGAAG,1
ACAATGGAACAGTCAC,1
ACAATGGACTGCACCG,1
ACAATGGAGAATACAG,1
ACAATGGCAATCACCG,1
ACAATGGCATTGTCGA,1
ACAATGGCCAGCACCG,1
ACAATGGCTCCTTCAA,1
ACAATGGGTACTCAAG,1
ACAATGGGTACTCAAT,1
ACAATGTAATAAACCT,1
ACAATGTAATAGGCGA,1
ACAATGTAATTTAGGG,1
ACAATGTCAAGCACCG,1
ACAATGTCACTACTCA,1
ACAATGTCGGTAATTA,1
ACAATGTCTATACCCC,1
ACAATGTGAGAACAAT,1
ACAATGTGTCACAAAT,1
ACAATGTTGTTCCATA,1
ACAATTAAGTAGTACA,1
ACAATTAATAACTTCA,1
ACAATTAATTAGTAAA,1
ACAATTAATTATTACA,1
ACAATTACCACAATTA,1
ACAATTATTACACTAT,1
ACAATTCAAGATACCA,1
ACAATTCGATTAGATG,1
ACAATTGAGGAAGCGA,1
ACAATTGAGGCAGCGA,1
ACAATTGAGGGAGAGA,1
ACAATTGAGGGATCGA,1
ACAATTGAGTCACCAG,1
ACAATTGAGTGAGCGA,1
ACAATTGATCCCTCTC,1
ACAATTGATGGAGCGA,1
ACAATTGCAAATATAC,1
ACAATTGCAGATATAA,1
ACAATTGCCAAATAGT,1
ACAATTGCGCCAACCC,1
ACAATTGCGCCAGCCA,1
ACAATTGCGCGAGCCC,1
ACAATTGCGGATAGAA,1
ACAATTGCTAAGAGTA,1
ACAATTGCTCCGTCAA,1
ACAATTGGGGGAGCGA,1
ACAATTGGTCCATAAA,1
ACAATTGGTCCCCAAA,1
ACAATTTAACACACTA,1
ACAATTTAAGTCAGAA,1
ACAATTTACCGAAAGC,1
ACAATTTACTAGCTGG,1
ACAATTTACTTTAGGG,1
ACAATTTCATATTTAT,1
ACAATTTCCACTGAAC,1
ACAATTTCGCCAGCCC,1
ACAATTTGTGGCACAG,1
ACAATTTGTGTCATAG,1
ACAATTTTCAAAAATA,1
ACACAAAAACTAACGG,1
ACACAAAACTCTATGA,1
ACACAAAATGACAATG,1
ACACAAACAAAACCGC,1
ACACAAACACAAAGTT,1
ACACAAAGACAGACGC,1
ACACAAAGAGGTATGG,1
ACACAAAGCAAGACGC,1
ACACAAAGCAAGCACA,1
ACACAAAGCCAGACAC,1
ACACAAAGCCAGACGA,1
ACACAAAGCCAGACTC,1
ACACAAAGCCTTTTAA,1
ACACAAAGGGGGATGG,1
ACACAAAGTAACAACC,1
ACACAAATACAATATT,1
ACACAAATGCAGTACA,1
ACACAACAACAACATA,1
ACACAACAACACTGCA,1
ACACAACAGACCACTT,1
ACACAACAGGCCAATG,1
ACACAACATAGACAAT,1
ACACAACATGACAATG,1
ACACAACCAAACTGCA,1
ACACAACCACAACCGA,1
ACACAACCACACTACA,1
ACACAACCACACTCCA,1
ACACAACCGATACCAC,1
ACACAACCGCACTGCA,1
ACACAACGAAAGCACA,1
ACACAACGCAAGCAAA,1
ACACAACGGGTGGCTT,1
ACACAACGTAAATGAG,1
ACACAACTAACGAATC,1
ACACAACTAACGATTG,1
ACACAACTCCCCAAGG,1
ACACAACTCCTAAAGG,1
ACACAACTCCTCAATG,1
ACACAACTGCGAACAG,1
ACACAAGAACACTACT,1
ACACAAGAACATTGAG,1
ACACAAGAATTATATG,1
ACACAAGACATTTTAG,1
ACACAAGCCAAGTACT,1
ACACAAGCTCTAGACA,1
ACACAAGGATCCTCAT,1
ACACAAGTTGCGACAA,1
ACACAATAAATGTCAT,1
ACACAATAATATACAA,1
ACACAATCGATCACTG,1
ACACAATGAAAGAAGT,1
ACACAATTAAGGAGCT,1
ACACAATTACACTCGT,1
ACACAATTACGCCCGT,1
ACACAATTGCTCGATT,1
ACACAATTTACCTCAC,1
ACACAATTTTCTCTAG,1
ACACACAAAATCCTAG,1
ACACACAAAGGTCTGA,1
ACACACAACCTATCAC,1
ACACACAATCACAACC,1
ACACACAATTGTACTT,1
ACACACACAAAAAGTT,1
ACACACACACAAGGTT,1
ACACACACCAAAAGTT,1
ACACACACCGCCGTGA,1
ACACACAGAGCAAACA,1
ACACACAGTGCGGAGT,1
ACACACATACAAAGTT,1
ACACACATATACTTGT,1
ACACACCAACAAAATA,1
ACACACCAACAACACA,1
ACACACCAACAAGATA,1
ACACACCAACAATATA,1
ACACACCAAGAACATA,1
ACACACCAAGTAATCA,1
ACACACCAGTAATCCA,1
ACACACCGAAGTCCGA,1
ACACACCTCCACATGA,1
ACACACGAATAATTAA,1
ACACACGCGATAAACT,1
ACACACGGACAATAGA,1
ACACACGTAATTCTCC,1
ACACACGTAGCAGTTC,1
ACACACGTATGAAGTC,1
ACACACGTCATAACGA,1
ACACACGTCATACACA,1
ACACACGTTAAATAAA,1
ACACACTACAAATTTG,1
ACACACTCTGGAAAAT,1
ACACACTGGAATATGG,1
ACACACTGTTCATTTA,1
ACACACTTTCATAAAT,1
ACACAGAAAGATATGA,1
ACACAGAAAGGTCTCA,1
ACACAGAAAGGTCTTA,1
ACACAGAAGTCGAATG,1
ACACAGAATAGACGCG,1
ACACAGAATGACACCA,1
ACACAGAATTACAGCA,1
ACACAGACCCAACACT,1
ACACAGACGCAACACG,1
ACACAGCAGAGCCAAG,1
ACACAGCGCCGCTCTA,1
ACACAGCGCCTTTACC,1
ACACAGGAAGATTCCA,1
ACACAGGAAGTAAACA,1
ACACAGGACAACACAA,1
ACACAGGACAGTCAAT,1
ACACAGGATAACGTGG,1
ACACAGGCAATAAACC,1
ACACAGGCATGATAAT,1
ACACAGGCATTATGAT,1
ACACAGGCCACGACCA,1
ACACAGGCCATAGACC,1
ACACAGGTAGGAGAAA,1
ACACAGGTATTTCAAA,1
ACACAGTAGAAACAAG,1
ACACAGTCAAAAAAAG,1
ACACAGTGATTCCCAT,1
ACACAGTGGTAAAACC,1
ACACAGTTAATACAGG,1
ACACAGTTAATACCGA,1
ACACAGTTAATACCTG,1
ACACAGTTCATGGACC,1
ACACAGTTTTTTGCAT,1
ACACATAAAAATAATG,1
ACACATAAAGAGAATG,1
ACACATAACGTACCCA,1
ACACATAATAACAGTA,1
ACACATAATCGTACTC,1
ACACATACACTCTGAA,1
ACACATACGCCAATGT,1
ACACATACTTATCACA,1
ACACATAGATCTCTAA,1
ACACATATACAGTAAT,1
ACACATATATGAGTGG,1
ACACATATCTAGATAG,1
ACACATATTAGATAAA,1
ACACATATTCATTTGC,1
ACACATCCAAACCCAT,1
ACACATCCACTCACCT,1
ACACATCCGACAAATA,1
ACACATCCTAACCACA,1
ACACATCGATAACCAG,1
ACACATCGATAATGTG,1
ACACATCGGCACACAA,1
ACACATCGTCAAGTAC,1
ACACATCTATAACCAT,1
ACACATCTGACGAATT,1
ACACATCTTAAATTGA,1
ACACATCTTACACTGA,1
ACACATCTTACATTTA,1
ACACATGAACAAAAGC,1
ACACATGACTTGAGCA,1
ACACATGATGTTCACA,1
ACACATGATTAAAGTC,1
ACACATGATTAGAAAA,1
ACACATGATTCAAGCC,1
ACACATGATTCAAGTA,1
ACACATGATTCAATTC,1
ACACATGCAATGTAAG,1
ACACATGGATAACCAG,1
ACACATGTAACTAGGG,1
ACACATTAACAATAAT,1
ACACATTAATACTAGG,1
ACACATTAGAAACCAG,1
ACACATTAGTAAACTA,1
ACACATTATACATGCC,1
ACACATTATTCAAGTC,1
ACACATTCATAACCAG,1
ACACATTGAGGTACCG,1
ACACATTGATAAACAG,1
ACACATTGATAACAAG,1
ACACATTGATAACCAA,1
ACACATTGATACGAAT,1
ACACATTGATAGCCAG,1
ACACATTGGGGCCTTA,1
ACACATTGGTAACCAG,1
ACACATTTAAAATAAC,1
ACACATTTACATTAAT,1
ACACATTTTTGAAATA,1
ACACCAAAGAATAAAT,1
ACACCAACCTCATTAT,1
ACACCAAGACAGCCAC,1
ACACCAAGTATAGATA,1
ACACCAATAAGCAAAT,1
ACACCAATACCATATA,1
ACACCAATCATAGGAC,1
ACACCAATCGACAGGC,1
ACACCAATTATAGCTA,1
ACACCAATTCAGAGTC,1
ACACCACACAAGTAGT,1
ACACCACACCAGTATT,1
ACACCACACGGTTTTC,1
ACACCACCAATATAAA,1
ACACCACCTACGTACG,1
ACACCACCTACGTCAG,1
ACACCACCTATGTCCG,1
ACACCACGGATTAGAC,1
ACACCACGTACTAGAC,1
ACACCACGTATTAGAA,1
ACACCACGTATTAGAG,1
ACACCACGTATTGGAC,1
ACACCACTATAGCAAC,1
ACACCACTGCATCCGA,1
ACACCACTGTCTCATG,1
ACACCACTTATTAGAC,1
ACACCAGAAATAGCGA,1
ACACCAGATTCAAGGG,1
ACACCAGCTACGTCCG,1
ACACCAGGCCATCTCA,1
ACACCAGTGAAGCCTA,1
ACACCATAACTCGATC,1
ACACCATAATACGTTA,1
ACACCATAGGCTTCAA,1
ACACCATCGAATAGGT,1
ACACCATCTACATGTC,1
ACACCATCTGACATGC,1
ACACCATGAGATTTCG,1
ACACCATGTATTAGAC,1
ACACCATTATGGTCCT,1
ACACCATTCACACAAA,1
ACACCCAAAAGGAACT,1
ACACCCAAATAAATCT,1
ACACCCAAGGGACCGC,1
ACACCCACAAGGAGCT,1
ACACCCACCACGTCCT,1
ACACCCACGAGGAACT,1
ACACCCAGGTAACTGA,1
ACACCCATAGCAAACA,1
ACACCCCAAAAGACTA,1
ACACCCCAAAGCAAGT,1
ACACCCCAAAGCACTT,1
ACACCCCAACATACCA,1
ACACCCCATTACAATG,1
ACACCCCCACCCAATC,1
ACACCCCGGAATTCCT,1
ACACCCCTGCGCCTTG,1
ACACCCGCGCTAGATA,1
ACACCCGGTAGTCAAA,1
ACACCCTAAGCGCCCC,1
ACACCCTAATCTTAAG,1
ACACCCTAATGAAACC,1
ACACCCTAGACATGAT,1
ACACCCTCCAATGACA,1
ACACCCTCTTATTAAT,1
ACACCCTGATCTAAAG,1
ACACCCTGATCTATCA,1
ACACCCTGATCTTAAA,1
ACACCCTGATCTTAAT,1
ACACCCTGATGTTAAG,1
ACACCCTTCGAACGTA,1
ACACCCTTTGCTGCAA,1
ACACCGAAGTAGAATG,1
ACACCGAATACGAATA,1
ACACCGAATCCCCTGA,1
ACACCGAATTTGCAAA,1
ACACCGACACATAACC,1
ACACCGACCATATAGG,1
ACACCGAGAATCCCTG,1
ACACCGAGTCAAAGAC,1
ACACCGAGTCAACGAA,1
ACACCGAGTCAACGAT,1
ACACCGAGTCAACGGC,1
ACACCGATAATAACCA,1
ACACCGATTCAACGAC,1
ACACCGCACGAAACAT,1
ACACCGCGTCTGAATT,1
ACACCGGAAGTAAACT,1
ACACCGGCAGTCACCC,1
ACACCGGGACGTAACT,1
ACACCGGTTGAGGGGC,1
ACACCGTTAACCCTCT,1
ACACCTAAATAGCTAA,1
ACACCTAATGTTCACA,1
ACACCTAATTACTGCA,1
ACACCTACAACGTCCT,1
ACACCTACACTTACAT,1
ACACCTACCACGACCT,1
ACACCTACCACGTCAT,1
ACACCTAGCTCCAAAA,1
ACACCTATTCATTTGC,1
ACACCTCACAATCCCG,1
ACACCTCACTAAATTT,1
ACACCTCAGTTCCAAC,1
ACACCTCTACGCCGAA,1
ACACCTGAACAACTAG,1
ACACCTGACATAAGAA,1
ACACCTGATATTCACA,1
ACACCTGATGTTCACG,1
ACACCTGGACATACTG,1
ACACCTGGGTACCGTA,1
ACACCTGTACGAGTAC,1
ACACCTGTGCCACATG,1
ACACCTGTGCCATATA,1
ACACCTTCTTTAAATG,1
ACACCTTGATATCCCA,1
ACACCTTGATCTTAAG,1
ACACCTTTACCCAGTT,1
ACACCTTTGCCATATG,1
ACACCTTTTCCATATG,1
ACACGAAAACTAAGCT,1
ACACGAAACCTGTTTT,1
ACACGAAACTTAGAAT,1
ACACGAAAGTTCGAAT,1
ACACGAAATGCGCACC,1
ACACGAAATTGTACTT,1
ACACGAAATTTCATAA,1
ACACGAACAATTCAAC,1
ACACGAACAATTTAGC,1
ACACGAACTGATGAAA,1
ACACGAAGAATAGTGA,1
ACACGAAGACACATAC,1
ACACGAAGATACATAC,1
ACACGAAGCCAGACGC,1
ACACGAATAGACATAC,1
ACACGAATAGTGATCC,1
ACACGAATTGATTAAA,1
ACACGACCCTCATCTC,1
ACACGACCGCGACTGC,1
ACACGACCGTAGCGCG,1
ACACGACGTACTGCCA,1
ACACGACGTAGGCCAG,1
ACACGACTAAGCCGAC,1
ACACGAGAATGCCTAA,1
ACACGAGAATTCATGA,1
ACACGAGACCAAAAAA,1
ACACGAGAGTTCATGA,1
ACACGAGCAAGGCTAA,1
ACACGAGTGCCTAAGT,1
ACACGAGTTTCTCTAG,1
ACACGATAAGAGAAAT,1
ACACGATAATAGTAAG,1
ACACGATATAATGATT,1
ACACGATATGGAGGAA,1
ACACGATGATCGCTCT,1
ACACGATTAGTAATAT,1
ACACGATTCATCACAT,1
ACACGCAAATGTACTT,1
ACACGCAAGATAAAGA,1
ACACGCAAGATACGGA,1
ACACGCAATCGTACTT,1
ACACGCAATTCTACTT,1
ACACGCAATTGTAATT,1
ACACGCAATTGTACTC,1
ACACGCACACCTTATA,1
ACACGCACATCAAGAA,1
ACACGCACATCAAGAC,1
ACACGCACATTAGACC,1
ACACGCACCCAAACTT,1
ACACGCAGTTGTACTT,1
ACACGCATAACTTAAG,1
ACACGCATGACTAAAG,1
ACACGCATGCGCCTTG,1
ACACGCCCCTGCACCG,1
ACACGCCCTTGTTCAA,1
ACACGCCGAAGTACGT,1
ACACGCCGCAGGGTAA,1
ACACGCCTAGCACCAT,1
ACACGCCTGAATAAAG,1
ACACGCCTGACTAAAC,1
ACACGCCTGCCCCTTG,1
ACACGCCTGCGCATTG,1
ACACGCCTGCGCCTTA,1
ACACGCCTGCGCCTTC,1
ACACGCCTGCGCCTTT,1
ACACGCCTGGGCCTTG,1
ACACGCCTGTGCCTTG,1
ACACGCGAAAACAAAA,1
ACACGCGACATTCTCG,1
ACACGCGCAAAGGTCG,1
ACACGCGGCAATGGAA,1
ACACGCGTCGTCATAC,1
ACACGCGTTTAATGTC,1
ACACGCTAACAACGCA,1
ACACGCTATAATGATC,1
ACACGCTCCTAAATAT,1
ACACGCTCCTTATAAC,1
ACACGCTGTTATGCAA,1
ACACGCTTATACATTT,1
ACACGCTTCAAAAGGC,1
ACACGCTTGCGCCTTG,1
ACACGGAAAACTGTCA,1
ACACGGAATCATGCAA,1
ACACGGAATCCTTCAA,1
ACACGGACTATGTAAA,1
ACACGGACTGTTTAAA,1
ACACGGAGCATAGACA,1
ACACGGAGCATCTACA,1
ACACGGAGTGTGACCG,1
ACACGGATCACCCATA,1
ACACGGATGACTAGTC,1
ACACGGATTATCACGT,1
ACACGGATTGTGTAAA,1
ACACGGCAGGTGATGT,1
ACACGGCCAAACAATG,1
ACACGGCCCTATTCAC,1
ACACGGGCAAAAGTTC,1
ACACGGGCAACTGAAA,1
ACACGGGCATGATGAT,1
ACACGGGGAAACCCTG,1
ACACGGGGACGACGTG,1
ACACGGGTAAACTCCT,1
ACACGGGTGTACTGTA,1
ACACGGTAAAAGAAAG,1
ACACGGTAATAATAAG,1
ACACGGTAATAGTAGG,1
ACACGGTAATAGTATG,1
ACACGGTAGACCATAC,1
ACACGGTAGTAGTAAG,1
ACACGGTCGGGTTATT,1
ACACGGTGACGCGGGT,1
ACACGGTGAGATCATG,1
ACACGGTTAAACTCTT,1
ACACGGTTAACAAAGC,1
ACACGTAAAACATTGT,1
ACACGTAAATTTGTGG,1
ACACGTAATAGTAAGG,1
ACACGTAATCTAGTTT,1
ACACGTACTACCGACT,1
ACACGTAGAAGCTAGA,1
ACACGTAGACGCTGGA,1
ACACGTAGCCACCTGT,1
ACACGTATAGTGGCCC,1
ACACGTATCGCCCATA,1
ACACGTATGCTCGCTG,1
ACACGTATTCACTTGC,1
ACACGTATTCATTCGC,1
ACACGTCATTGTTCAA,1
ACACGTCCACTTAAGT,1
ACACGTCCGGGCTAAA,1
ACACGTCCTCTTAAAC,1
ACACGTCGAATTAGAA,1
ACACGTCGAATTATAG,1
ACACGTCTAATCTCCA,1
ACACGTCTGCGCCTTG,1
ACACGTGAAAATTTTG,1
ACACGTGAATTTGTAG,1
ACACGTGACAAAAATC,1
ACACGTGACAAAAATG,1
ACACGTGACAATAATT,1
ACACGTGAGAAAAATT,1
ACACGTGAGTCAAGAC,1
ACACGTGTAAACTCTT,1
ACACGTGTACTCATAT,1
ACACGTTAATAGTAAG,1
ACACGTTACAAAAATT,1
ACACGTTATAATGATT,1
ACACGTTTATCCAAAA,1
ACACGTTTTAAGTGTT,1
ACACTAAAAATGTATC,1
ACACTAAAGCCAACGA,1
ACACTAAAGTCAACAA,1
ACACTAACTGCTTAAA,1
ACACTAAGGCTACTAA,1
ACACTAATGGGAACTG,1
ACACTAATTTAACAAC,1
ACACTAATTTCAACGA,1
ACACTACACTGTCCAA,1
ACACTACATATTGTCA,1
ACACTACATGTACAAT,1
ACACTACGAACAATAC,1
ACACTACGAATAGCGT,1
ACACTACGGTTTACAT,1
ACACTACTATAAATAC,1
ACACTACTATACACAC,1
ACACTACTATACTACA,1
ACACTAGAACAGTACG,1
ACACTAGTGATAATCA,1
ACACTAGTGATACTAA,1
ACACTATAAAACATGC,1
ACACTATACGGTACTC,1
ACACTATACTTGATGC,1
ACACTATATAACATGC,1
ACACTATCCTATGGTC,1
ACACTATGAAACATAT,1
ACACTATGGAGTGAGT,1
ACACTATTGTCTGAAC,1
ACACTATTTACATATC,1
ACACTCAAGGAACCGC,1
ACACTCAAGGGACCAC,1
ACACTCAAGGGACCGA,1
ACACTCAAGGGACCTC,1
ACACTCAAGGTACCGC,1
ACACTCACACAAAGTT,1
ACACTCACACTCCCAG,1
ACACTCACCCAAAAGA,1
ACACTCACTGAGGAGT,1
ACACTCATAGGGACCC,1
ACACTCCATAGCCCTA,1
ACACTCCGAAATACGT,1
ACACTCCTAGTACTAA,1
ACACTCCTCGTAATAA,1
ACACTCCTTAGATTGC,1
ACACTCGATGAACATA,1
ACACTCGCATCCACAA,1
ACACTCGCGCCTAAGT,1
ACACTCTAAGAAGCAT,1
ACACTCTAAGAATCGT,1
ACACTCTAATGATTAC,1
ACACTCTACCGATTCG,1
ACACTCTATACTATGT,1
ACACTCTCCAAAACCA,1
ACACTCTGAGAAGCGT,1
ACACTCTGATCTTAAG,1
ACACTGAAAATCACAG,1
ACACTGAAAATCATCG,1
ACACTGAAAGTAACAA,1
ACACTGAAAGTCAAAA,1
ACACTGAAAGTCACCG,1
ACACTGAAAGTTTTTA,1
ACACTGAAATTCACAA,1
ACACTGAAGATCACCG,1
ACACTGAATCCTACCG,1
ACACTGACAAGATTTC,1
ACACTGACTGTGTAAA,1
ACACTGAGTAAACCAT,1
ACACTGAGTCAACGAC,1
ACACTGATATGAAGGA,1
ACACTGCACGGAGGGA,1
ACACTGCAGATTACGG,1
ACACTGCAGGGGTAGG,1
ACACTGCAGTTAATTC,1
ACACTGCATAAACCAT,1
ACACTGCGGTTCCCAT,1
ACACTGCGGTTTACAT,1
ACACTGCGTAAAACAT,1
ACACTGCTCTCCGCAA,1
ACACTGCTGTTTCCAT,1
ACACTGGCTCCGTCAA,1
ACACTGGTAAACTCTT,1
ACACTGTATGTCCGGA,1
ACACTGTCATGAGAAT,1
ACACTGTCCATACAAT,1
ACACTGTGATGAGGAT,1
ACACTGTGATTAGAAT,1
ACACTGTGGTGAGAAT,1
ACACTGTTACATAAAA,1
ACACTGTTGACCGAGT,1
ACACTGTTTACCGAGA,1
ACACTGTTTACCGAGC,1
ACACTGTTTACCGATT,1
ACACTGTTTACCTAGT,1
ACACTTAAGGGACCGC,1
ACACTTAATCGATACG,1
ACACTTACGTCCAAGT,1
ACACTTACTGACTCGT,1
ACACTTATGTACCCAA,1
ACACTTATTCATTTGC,1
ACACTTATTCCTAATT,1
ACACTTCAAACCCCAT,1
ACACTTCAAGCGGCAC,1
ACACTTCACAACTAAA,1
ACACTTCACCGAGACC,1
ACACTTCACTGAACCG,1
ACACTTCCTTGTTCAA,1
ACACTTCGGTTTCCAT,1
ACACTTCGTGAGATAA,1
ACACTTCTGCGCCTTG,1
ACACTTCTTTGAATCA,1
ACACTTGCATAACAAG,1
ACACTTTACGCAACTC,1
ACACTTTACGCGACTT,1
ACACTTTACTCAACTT,1
ACACTTTGATGAGAAT,1
ACACTTTTTACCGAGT,1
ACACTTTTTCTTTCAC,1
ACAGAAAAAAACGTTG,1
ACAGAAAAAACCATTC,1
ACAGAAAAACCATTAA,1
ACAGAAAAATATCAGA,1
ACAGAAAAGAGCTAAC,1
ACAGAAAAGAGCTGGC,1
ACAGAAAAGATCTAGC,1
ACAGAAAATAACCGGA,1
ACAGAAAATGAAAATT,1
ACAGAAACAACGCAGA,1
ACAGAAACACCCACGT,1
ACAGAAACACTCAGGT,1
ACAGAAACATTCACGT,1
ACAGAAACTTCCCACT,1
ACAGAAACTTGGTGAG,1
ACAGAAAGAGGAAACC,1
ACAGAAAGTTATAAGA,1
ACAGAAATAAAGTGCA,1
ACAGAAATAATCTGCC,1
ACAGAAATACAAACTC,1
ACAGAAATCAAAACTC,1
ACAGAAATCTACCTCA,1
ACAGAAATGAAATCCT,1
ACAGAAATGGCAAAAG,1
ACAGAACAAACCGTTA,1
ACAGAACAACCATTCA,1
ACAGAACATAGATGAT,1
ACAGAACATCGTGATA,1
ACAGAACCGGATGAAT,1
ACAGAACCGTGAGCCT,1
ACAGAACCGTGTGTTT,1
ACAGAACCTACCCATG,1
ACAGAACGAACTCTAA,1
ACAGAACTAATTCCTT,1
ACAGAACTCTGCAAAA,1
ACAGAACTTCCGTAGG,1
ACAGAACTTGCCCAGG,1
ACAGAAGATCAAATCA,1
ACAGAAGCCTTCAGTC,1
ACAGAAGCGAATTGCT,1
ACAGAAGCTCAAATAA,1
ACAGAAGGTTTCTTTT,1
ACAGAAGTATGACCGC,1
ACAGAAGTGAAACGAA,1
ACAGAATAAGACTCGT,1
ACAGAATATGAGAAGG,1
ACAGAATATGTTGATT,1
ACAGAATCAATTCTCT,1
ACAGAATCAGACAGAG,1
ACAGAATCGAAGCCTA,1
ACAGAATCGGTACCAT,1
ACAGAATGCTAAAGCA,1
ACAGAATGTTGTGATG,1
ACAGAATTTAAGCTAC,1
ACAGAATTTCAGCCCG,1
ACAGAATTTTAGCTAA,1
ACAGAATTTTATCTAC,1
ACAGACAAATCCCACC,1
ACAGACAACGCCAAAA,1
ACAGACACAATCTAGC,1
ACAGACACACAAAGTT,1
ACAGACACATTTCCGA,1
ACAGACACCATCTAGA,1
ACAGACACGTATACAC,1
ACAGACACTAAAAGTT,1
ACAGACACTCCTACCC,1
ACAGACACTCTTACTC,1
ACAGACAGCAACTTCT,1
ACAGACAGGATATGAT,1
ACAGACATAACGTATT,1
ACAGACATACCAAGTT,1
ACAGACATACTAGATT,1
ACAGACATACTTGATT,1
ACAGACATCGTAAGAG,1
ACAGACATGAATCCGA,1
ACAGACATTAAGTATT,1
ACAGACATTACGTGTT,1
ACAGACCAACAACATA,1
ACAGACCAAGCCCACG,1
ACAGACCACTGCAAGT,1
ACAGACCATGTTCTAC,1
ACAGACCCAGCCCACG,1
ACAGACCTAATTACGC,1
ACAGACCTACATTCAT,1
ACAGACCTAGACCACG,1
ACAGACCTAGCCCAAG,1
ACAGACCTAGTCCACG,1
ACAGACCTGGCCCACG,1
ACAGACCTTCTCTTTA,1
ACAGACGAAAATGAGT,1
ACAGACGATAAGGTGT,1
ACAGACGATCACTTCA,1
ACAGACGATTCCGCCT,1
ACAGACGCATTCTGAC,1
ACAGACGGATTCAGGT,1
ACAGACGTATACACCT,1
ACAGACGTGAGGACCT,1
ACAGACTAACTTTACT,1
ACAGACTAACTTTATC,1
ACAGACTAATCCGTAC,1
ACAGACTACGCCCAGC,1
ACAGACTATCCTGACG,1
ACAGACTCAAATAAAC,1
ACAGACTCATGGGACA,1
ACAGACTCGTATGAGA,1
ACAGACTCTCGATAGC,1
ACAGACTGATAGACTC,1
ACAGACTGCAAACATG,1
ACAGACTGCCGGATAT,1
ACAGACTGCGATGCTG,1
ACAGACTGGCGACTCT,1
ACAGACTGGCGTCTAT,1
ACAGACTGGCGTCTGT,1
ACAGACTGGGGTAAAA,1
ACAGACTTTGCAAAAC,1
ACAGAGAAAACCACTC,1
ACAGAGAAAATCATTC,1
ACAGAGAACAGTAATA,1
ACAGAGAAGAACTCCC,1
ACAGAGAATTGCGGGG,1
ACAGAGACGCTACTAA,1
ACAGAGACTAGACTGT,1
ACAGAGACTCTATTAA,1
ACAGAGATGAAACCGA,1
ACAGAGCAGAAATCCC,1
ACAGAGCAGAACTACC,1
ACAGAGCAGAACTTCC,1
ACAGAGCAGTTAAAAA,1
ACAGAGCATGCCATAA,1
ACAGAGCCCCACAAAT,1
ACAGAGCCCTCTCAAA,1
ACAGAGCCTAGACTTT,1
ACAGAGCCTATACTGT,1
ACAGAGCGGAGTTACG,1
ACAGAGCTATCAAGAA,1
ACAGAGCTCTTAAGAA,1
ACAGAGCTTACGAAAA,1
ACAGAGGAAACCATTC,1
ACAGAGGAACAGTAAT,1
ACAGAGGATCTAACAT,1
ACAGAGGCATACTTCG,1
ACAGAGGCATCATTCG,1
ACAGAGGCTAGACTGT,1
ACAGAGGGGTCAATAT,1
ACAGAGGTACTTCGGA,1
ACAGAGGTTTGTATTA,1
ACAGAGTAAACATAGT,1
ACAGAGTAAGGGGTGC,1
ACAGAGTAGCGTATGA,1
ACAGAGTCGAAGAAGT,1
ACAGATAAACGCTTGT,1
ACAGATAAATGGAAGG,1
ACAGATAACACCGTAA,1
ACAGATAACAGCTCAC,1
ACAGATAACATAACCT,1
ACAGATAACCACCTAA,1
ACAGATAATATACGAA,1
ACAGATAATTTCACGG,1
ACAGATACAAATACCA,1
ACAGATACATATTTCT,1
ACAGATACTACTCCAT,1
ACAGATAGACAAGCAC,1
ACAGATAGAGACCATG,1
ACAGATAGATAAGAAC,1
ACAGATAGATATAATA,1
ACAGATAGCTAATGTA,1
ACAGATAGGGAACATG,1
ACAGATAGGGACAATG,1
ACAGATAGGGACCACC,1
ACAGATAGGGGCCATG,1
ACAGATATACACTTCA,1
ACAGATATACACTTGA,1
ACAGATATACTCGATT,1
ACAGATATATAAGACA,1
ACAGATATATAAGCAA,1
ACAGATATCCAATTCA,1
ACAGATATCCACTCCA,1
ACAGATATCCACTTTA,1
ACAGATATGCACTTAA,1
ACAGATATGGACCATG,1
ACAGATCAAAGACGTC,1
ACAGATCAATGCTACG,1
ACAGATCAGTACTAAA,1
ACAGATCATTGTAAAA,1
ACAGATCATTTTCTAC,1
ACAGATCCCTATAAAC,1
ACAGATCGAAAGATTC,1
ACAGATCGAAAGCTAC,1
ACAGATCGAAAGCTTA,1
ACAGATCGATTCTCCC,1
ACAGATCGGTATGTGT,1
ACAGATCTAAAGGGAA,1
ACAGATCTCCTTACGA,1
ACAGATCTCTATGATA,1
ACAGATCTGATATGTA,1
ACAGATGAAATGCGAG,1
ACAGATGAACCGCGAG,1
ACAGATGACCTTAACT,1
ACAGATGCAAATTCAC,1
ACAGATGCCTTTCAAC,1
ACAGATGGAAATTAAC,1
ACAGATGGACTGCGAG,1
ACAGATGGTCCGAGAT,1
ACAGATGTATAATTTT,1
ACAGATGTGAAGACCT,1
ACAGATTAACTGCGAG,1
ACAGATTAGTACCAAC,1
ACAGATTATAACGCAG,1
ACAGATTCAACTTATA,1
ACAGATTCGCTCTCAA,1
ACAGATTGATACCAAC,1
ACAGATTGGCATATAC,1
ACAGCAAAAGAACCGA,1
ACAGCAAATACGACTC,1
ACAGCAAATTAGCGAA,1
ACAGCAACCTCTCATC,1
ACAGCAACGGACAGGA,1
ACAGCAACTAAAAACT,1
ACAGCAAGCCTAGTCA,1
ACAGCAATATGACAAT,1
ACAGCAATGGACTGGA,1
ACAGCAATTACCTTCG,1
ACAGCAATTGAAATTT,1
ACAGCACACTGTACAA,1
ACAGCACCAAGAGATC,1
ACAGCACCAGGGAATT,1
ACAGCACTAATCCTTG,1
ACAGCAGAAACGTTTC,1
ACAGCAGACAGGAATA,1
ACAGCAGAGTTCGACT,1
ACAGCAGCGTTGCCAG,1
ACAGCAGGAACTAACA,1
ACAGCAGGCCGCCTCA,1
ACAGCAGTAGACAATG,1
ACAGCATAAAACAATT,1
ACAGCATAAACAAATT,1
ACAGCATAAACCAAAT,1
ACAGCATAACCACTAT,1
ACAGCATAATAAAAGC,1
ACAGCATAGAAACAAA,1
ACAGCATAGACAATGA,1
ACAGCATAGACCAATT,1
ACAGCATAGCAATCTT,1
ACAGCATATCCAATGA,1
ACAGCATATGAACAAA,1
ACAGCATCAATCGTGG,1
ACAGCATGAATAAAGC,1
ACAGCATTGCTTCTGG,1
ACAGCCAATAAAACAG,1
ACAGCCAGAAAATACA,1
ACAGCCAGACTACTTC,1
ACAGCCATACATTACT,1
ACAGCCATAGTAAACA,1
ACAGCCATGGAAATTT,1
ACAGCCATTGAAATCT,1
ACAGCCATTGGAATTT,1
ACAGCCCCCGTACAAC,1
ACAGCCCTACATTGCT,1
ACAGCCCTAGAAAGGA,1
ACAGCCCTGCAACATT,1
ACAGCCGATATCTGTC,1
ACAGCCGATCTCTGCC,1
ACAGCCGCAGGCTAAG,1
ACAGCCGTCCCAACAC,1
ACAGCCGTGAAACCGA,1
ACAGCCTACACCCAGC,1
ACAGCCTACCCCCAGC,1
ACAGCCTACGCCCAGA,1
ACAGCCTCCGTTGTAT,1
ACAGCCTCTCAAGCCC,1
ACAGCCTTAGTAAACC,1
ACAGCCTTAGTGAACA,1
ACAGCCTTGACGCTCC,1
ACAGCCTTGGGACTGA,1
ACAGCCTTGGTAAACA,1
ACAGCGAAATCGTAAC,1
ACAGCGAACTTGAACA,1
ACAGCGCATTAGTCTC,1
ACAGCGCATTAGTCTT,1
ACAGCGTAAGCTGGAA,1
ACAGCGTCAATGGTGC,1
ACAGCGTCCCTGACAA,1
ACAGCGTGCTCTGTGT,1
ACAGCGTTTATGATGG,1
ACAGCTAAAATGTATC,1
ACAGCTAAACTAACCC,1
ACAGCTAAGTATACCG,1
ACAGCTAATTATACCC,1
ACAGCTACACTTCATA,1
ACAGCTACGTCGCATG,1
ACAGCTAGCTATCAAA,1
ACAGCTAGCTCAACAC,1
ACAGCTAGTTTACATC,1
ACAGCTATCAGTTTAA,1
ACAGCTCATGATTGGC,1
ACAGCTCCCTACAAAA,1
ACAGCTCCGTCCAATA,1
ACAGCTCTTTAAATAT,1
ACAGCTGACCACTATA,1
ACAGCTGATTATGTGC,1
ACAGCTGCATTATAAT,1
ACAGCTGCTTTCAAAA,1
ACAGCTGGCACTCGTG,1
ACAGCTGTAACCCCTT,1
ACAGCTGTACGATAGG,1
ACAGCTGTCCACACAA,1
ACAGCTTAAGCCCGAA,1
ACAGCTTAAGGAATCA,1
ACAGCTTCCGTGCCAC,1
ACAGCTTGAATCTGAT,1
ACAGCTTGGTTTACTG,1
ACAGCTTTTATAACCT,1
ACAGCTTTTCAATAGC,1
ACAGGAAAACGAGAAA,1
ACAGGAAATATGTTGG,1
ACAGGAACATATCCAG,1
ACAGGAACATATCCCT,1
ACAGGAACGATCCCCA,1
ACAGGAAGAAATACTA,1
ACAGGAAGACATAATA,1
ACAGGAAGACATACTG,1
ACAGGAAGCATGTCCC,1
ACAGGAAGTCAGCGTA,1
ACAGGAATACTGTATA,1
ACAGGAATCATCCCCA,1
ACAGGACACACCTTAA,1
ACAGGACACGGCCTCT,1
ACAGGACATAGCTTAA,1
ACAGGACCCTAAGAAA,1
ACAGGACTGAAAATCA,1
ACAGGAGAAAATCAAT,1
ACAGGAGAAACATCAG,1
ACAGGAGCAAATAAAT,1
ACAGGAGGACATACTA,1
ACAGGAGGCACGATAA,1
ACAGGATAAAGTCGTA,1
ACAGGATAACAGATCA,1
ACAGGATAACGGCCCA,1
ACAGGATCACATATCC,1
ACAGGATCACTGCGCT,1
ACAGGATCTCCAAAAA,1
ACAGGATGGTATCACA,1
ACAGGATTACAAGACG,1
ACAGGCAAAACCGACA,1
ACAGGCAAAAGACCAC,1
ACAGGCACGCCGGAAA,1
ACAGGCATAATACACA,1
ACAGGCATAATTACAG,1
ACAGGCATATTTGTAG,1
ACAGGCATGATCTGTT,1
ACAGGCATTACGTATT,1
ACAGGCATTATATGTT,1
ACAGGCATTATCTATT,1
ACAGGCATTATCTGTC,1
ACAGGCCCCGTTAAAA,1
ACAGGCCGGCATCCTC,1
ACAGGCCGGGTTAACA,1
ACAGGCGAAGATAACA,1
ACAGGCGACAAGATAT,1
ACAGGCGTCACTGATA,1
ACAGGCGTGACGGATA,1
ACAGGCGTTGTCTTGA,1
ACAGGCTTTTTAATCA,1
ACAGGGAAAACCGACG,1
ACAGGGAATCCTACCG,1
ACAGGGACACCAGTAC,1
ACAGGGAGAAAGTGAA,1
ACAGGGAGCACAAAGC,1
ACAGGGCACCGTAACC,1
ACAGGGCATTTGTTTC,1
ACAGGGCCCAAATCGG,1
ACAGGGCGGAATCCTC,1
ACAGGGGAAAAGTAAT,1
ACAGGGGAACAGAAAT,1
ACAGGGGAACATTAAT,1
ACAGGGGAACCGTAAT,1
ACAGGGGAATAGTAAT,1
ACAGGGGAGCAGTAAT,1
ACAGGGGCGAAGTGAT,1
ACAGGGGGACAGTAAT,1
ACAGGGGTAAACTCTT,1
ACAGGGTAACAGTAAT,1
ACAGGGTACTCATTGA,1
ACAGGGTACTGGTAAT,1
ACAGGGTCAACACTGT,1
ACAGGTAACACACAAA,1
ACAGGTAAGTTGGCCG,1
ACAGGTACGTACAGCT,1
ACAGGTACTTCGTCTA,1
ACAGGTAGAAAGTCAT,1
ACAGGTAGTAAACACC,1
ACAGGTAGTAGAAAAC,1
ACAGGTATCCCACTAG,1
ACAGGTATCTGAGAGG,1
ACAGGTCACATCTATA,1
ACAGGTCCCGGAATCA,1
ACAGGTCCGCCTATGA,1
ACAGGTCCTGATCGCA,1
ACAGGTGAGTTATCCT,1
ACAGGTGAGTTGTACT,1
ACAGGTGAGTTGTCTT,1
ACAGGTGATTTGTCCT,1
ACAGGTGGTAACGCCA,1
ACAGGTTCAGTACATG,1
ACAGGTTCGTAACTCG,1
ACAGGTTCTAATTCAA,1
ACAGGTTGGCTTTTCA,1
ACAGGTTTTACTAACA,1
ACAGTAAACTTATATT,1
ACAGTAAACTTCCATT,1
ACAGTAAACTTCTACT,1
ACAGTAAAGCATATGC,1
ACAGTAAAGCTTCTGC,1
ACAGTAACCTTTCCAG,1
ACAGTAACCTTTCCGT,1
ACAGTAAGCTTTCCGG,1
ACAGTAAGTCATTACT,1
ACAGTAATAAATGTTG,1
ACAGTAATACCAACTT,1
ACAGTAATATGTAAAC,1
ACAGTAATGAAACAAA,1
ACAGTACACATCATGA,1
ACAGTACACTCGTCCA,1
ACAGTACACTTGATGC,1
ACAGTACAGAATGTTC,1
ACAGTACAGATCACGA,1
ACAGTACGAAACCAAA,1
ACAGTACGCTGTAAAA,1
ACAGTACGTCATCACT,1
ACAGTACGTTAAAACA,1
ACAGTACGTTAAAACC,1
ACAGTACTAATGGAAT,1
ACAGTACTTTTTAGAT,1
ACAGTAGGACCTTTAC,1
ACAGTAGGTCCAGAGA,1
ACAGTAGGTCCTGAGA,1
ACAGTATACAACATGC,1
ACAGTATATAGCACAT,1
ACAGTATATCAGATGG,1
ACAGTATATCGAATGG,1
ACAGTATCACTAGTTT,1
ACAGTATCAGAGAAAT,1
ACAGTATCCCATAAGT,1
ACAGTATCTCAAGCCC,1
ACAGTATTCGCACATA,1
ACAGTATTTGCACATG,1
ACAGTCAACGTGCGTG,1
ACAGTCAAGCGAGAAT,1
ACAGTCAAGGGACCGC,1
ACAGTCAATCGAACGC,1
ACAGTCAGAACAATAA,1
ACAGTCATTGAAATTG,1
ACAGTCCATCATTGCT,1
ACAGTCCCGCAATCGA,1
ACAGTCCCTACCCTCC,1
ACAGTCCCTCAAGCCC,1
ACAGTCCTACTAACTG,1
ACAGTCGAAAACCTCA,1
ACAGTCGAAACAGGTG,1
ACAGTCGAAAGTCGGT,1
ACAGTCGAGAACTCGA,1
ACAGTCGGACGATATC,1
ACAGTCGGGGCCATGT,1
ACAGTCGGTTTAGCTT,1
ACAGTCTACGCCCAGC,1
ACAGTCTAGAATGTTC,1
ACAGTCTATCAAGCCC,1
ACAGTCTCTCAAACCC,1
ACAGTCTCTCAACCCC,1
ACAGTCTCTCAAGCCG,1
ACAGTCTCTCAAGTCC,1
ACAGTCTCTCAATCCC,1
ACAGTCTCTCAGGCCC,1
ACAGTCTTAAAAAGTG,1
ACAGTCTTAGCCAACA,1
ACAGTCTTTAGAAACT,1
ACAGTGAACCATTCAG,1
ACAGTGACGCTATTAA,1
ACAGTGACGTCTTTAC,1
ACAGTGAGCCCCTTAG,1
ACAGTGCAACTAGTCT,1
ACAGTGCATGATCGCA,1
ACAGTGCCTACCCAAT,1
ACAGTGCGAACCACTA,1
ACAGTGCGTACAACTA,1
ACAGTGCGTACCAATA,1
ACAGTGCGTACCACAA,1
ACAGTGCGTATCACTA,1
ACAGTGCTTACCACTA,1
ACAGTGGAAACCATCT,1
ACAGTGTATAAGAAAC,1
ACAGTGTATCAGAAAA,1
ACAGTGTCTCAAGCCC,1
ACAGTGTTAGTGTATG,1
ACAGTGTTTACCGAGT,1
ACAGTTAAAACCTCAT,1
ACAGTTAAACAAACCC,1
ACAGTTAAAGGAACTT,1
ACAGTTAAAGTTGACA,1
ACAGTTAAATGTTCGG,1
ACAGTTAAATGTTTTG,1
ACAGTTAACTTAAATC,1
ACAGTTACAGTCGACA,1
ACAGTTACAGTTTACA,1
ACAGTTACCAGTAGTG,1
ACAGTTAGATTTCCCT,1
ACAGTTAGCAAAAACG,1
ACAGTTATAAACCTGT,1
ACAGTTATACAACTGT,1
ACAGTTATACACCTCT,1
ACAGTTATACACCTTT,1
ACAGTTATAGTTGACA,1
ACAGTTATCTTTCCCT,1
ACAGTTATGCACCTGT,1
ACAGTTCAAGACCTCA,1
ACAGTTCGTATTAACT,1
ACAGTTCTAAACTTGG,1
ACAGTTGAAAGTAGGT,1
ACAGTTGAAAGTCGGC,1
ACAGTTGAAAGTTGGT,1
ACAGTTGACTATGTGC,1
ACAGTTGAGTTGTCCT,1
ACAGTTGATTACGTGC,1
ACAGTTGATTATGCGC,1
ACAGTTGATTATGTAC,1
ACAGTTGATTATGTGG,1
ACAGTTGATTATGTGT,1
ACAGTTGATTATTTGC,1
ACAGTTGGGCCCCTAG,1
ACAGTTTATTATGTGC,1
ACAGTTTTATCCCTAG,1
ACAGTTTTGCCATTAC,1
ACAGTTTTGCCATTGC,1
ACATAAAAAAGTATAC,1
ACATAAAAACAGTACA,1
ACATAAAAAGATATAC,1
ACATAAAAAGCCCAAT,1
ACATAAAAAGGAAGTT,1
ACATAAAAAGTCAGTT,1
ACATAAAAATTATTAT,1
ACATAAAACCAGTTTA,1
ACATAAAACCTAGTTG,1
ACATAAAACTCTATGA,1
ACATAAAAGAAATTTA,1
ACATAAAAGGATCAAA,1
ACATAAAATCAGCTGG,1
ACATAAAATTATCCAA,1
ACATAAACTACACAGG,1
ACATAAAGAAAAAGTC,1
ACATAAAGAAATATAC,1
ACATAAAGACCGGCTA,1
ACATAAAGACTGACTA,1
ACATAAAGACTTGCTA,1
ACATAAAGATAATGAG,1
ACATAAAGCACTATAT,1
ACATAAAGGAAATAAG,1
ACATAAAGTTACCTCA,1
ACATAAATCAATGATA,1
ACATAAATCACTGGAT,1
ACATAAATCCCTATAT,1
ACATAAATGAGCAACA,1
ACATAAATGATGAAAG,1
ACATAAATGATGGCAG,1
ACATAAATGATGTCAG,1
ACATAAATGCTAGACC,1
ACATAAATGTAAACTG,1
ACATAAATGTACACAG,1
ACATAACAAGTAATCA,1
ACATAACACAAGTTTA,1
ACATAACACACCTCGC,1
ACATAACACCAGTTCA,1
ACATAACACTTAAATT,1
ACATAACAGAGGAAGC,1
ACATAACATAAAAACA,1
ACATAACATCCATTCA,1
ACATAACCAATTTTTC,1
ACATAACCACTTACAA,1
ACATAACCATTTTTTC,1
ACATAACCCCACAGAA,1
ACATAACGAATCATTG,1
ACATAACGTACACTCC,1
ACATAACGTTGCAAAA,1
ACATAACTAAACTGAC,1
ACATAACTGAAAAGGG,1
ACATAACTGGCTCGCA,1
ACATAAGAAATCAACA,1
ACATAAGAATCATCAA,1
ACATAAGACTATATGA,1
ACATAAGACTTGTAGC,1
ACATAAGATATTTGCC,1
ACATAAGATGGACAAT,1
ACATAAGTAATGCAGC,1
ACATAAGTACTGCATC,1
ACATAAGTGAAAAACA,1
ACATAAGTGAGTATAA,1
ACATAAGTTGGTCGGC,1
ACATAATAAACTATAC,1
ACATAATAAGTCTGTC,1
ACATAATAATAACTTG,1
ACATAATAATGATACA,1
ACATAATAATTACTTG,1
ACATAATACCAGGAAC,1
ACATAATACCATATGA,1
ACATAATACTAGGATA,1
ACATAATATACACTCC,1
ACATAATATCATTTGA,1
ACATAATATGAAGATA,1
ACATAATATGCAGATG,1
ACATAATATTGCATAT,1
ACATAATCAGCACATA,1
ACATAATCTCCTTATT,1
ACATAATCTGTCCATA,1
ACATAATGCGATAGCA,1
ACATAATGGCATCGTT,1
ACATAATGGCATCTGT,1
ACATAATGGCATTGGT,1
ACATAATGTCATCGGT,1
ACATAATTAAGGAGAA,1
ACATAATTACTGCAGC,1
ACATAATTGAGCTTTG,1
ACATAATTGGATTAAC,1
ACATAATTTAGACGAT,1
ACATAATTTTATTCAC,1
ACATACAAAAGTGACC,1
ACATACAAAGGATATA,1
ACATACAAATGTTCCA,1
ACATACAACGACCAAG,1
ACATACAAGCGAAGTC,1
ACATACACCAGATTAA,1
ACATACACGGCCGTGA,1
ACATACACTAAGCAAA,1
ACATACAGAAATGACC,1
ACATACAGAATACATT,1
ACATACAGACGCCTAG,1
ACATACAGCAGAACAT,1
ACATACAGCGAACAAT,1
ACATACAGCGTGTAGC,1
ACATACAGGGCGCTTC,1
ACATACATACTCGATT,1
ACATACATCGCGCAAG,1
ACATACATCGGATTAA,1
ACATACATGCCCTTTC,1
ACATACATTATTTCCA,1
ACATACCAAAGATATA,1
ACATACCAAGCGAGCG,1
ACATACCAAGTAACCA,1
ACATACCACCACTTGT,1
ACATACCACCGAACCA,1
ACATACCAGAAAAAGG,1
ACATACCAGAACTTGT,1
ACATACCAGGGATATA,1
ACATACCAGGTAATCA,1
ACATACCATATTACTT,1
ACATACCCACCTCTAA,1
ACATACCCGGAGTAAG,1
ACATACCGCAACATAC,1
ACATACCGTACTGACG,1
ACATACCTAAACGATG,1
ACATACCTACTTTTAT,1
ACATACCTAGCCCACG,1
ACATACCTAGTTAATT,1
ACATACCTCACGCCTT,1
ACATACCTGACAATAT,1
ACATACCTTTCTGGAC,1
ACATACCTTTGGGGAC,1
ACATACGACCGAAGTC,1
ACATACGAGAGAAGTC,1
ACATACGAGCGAATTC,1
ACATACGAGCGAGGTC,1
ACATACGAGTGAAGTC,1
ACATACGATAGCAAAG,1
ACATACGATCGAAGTC,1
ACATACGATCGTATTT,1
ACATACGATGGAAGCC,1
ACATACGCCTAGACGC,1
ACATACGCGAGCAAAG,1
ACATACGCTAACAAAG,1
ACATACGCTTAGACAC,1
ACATACGTAAACTCGA,1
ACATACTAAAAACTAG,1
ACATACTACAGCAACA,1
ACATACTAGAAACTAG,1
ACATACTAGGAATGTA,1
ACATACTCAATGAAGC,1
ACATACTCATAAGTTA,1
ACATACTGAATGAAGA,1
ACATACTGAATGAATC,1
ACATACTGGCGTCTCT,1
ACATACTTAATATGAT,1
ACATACTTGATTTCCA,1
ACATACTTTACTTCCA,1
ACATACTTTATTTCCT,1
ACATAGAAAAATATAC,1
ACATAGAAAACTAAGA,1
ACATAGAAAAGAAATG,1
ACATAGAAAGGCAGTT,1
ACATAGAAATCCCCAA,1
ACATAGAAGCCAGCCC,1
ACATAGACACGTGACA,1
ACATAGACATCGTACG,1
ACATAGACCGGTACTT,1
ACATAGACGACTCCTG,1
ACATAGACTAGGCGAC,1
ACATAGACTCAAATTC,1
ACATAGACTTAGTACG,1
ACATAGAGAAGAACAT,1
ACATAGAGACGTCTAG,1
ACATAGAGCATAACAT,1
ACATAGAGGACAGCCC,1
ACATAGAGGAGAACAT,1
ACATAGAGGCCAGCCT,1
ACATAGCAAAAGACAC,1
ACATAGCAACCCATAC,1
ACATAGCACCTAAGAC,1
ACATAGCAGAACTCCC,1
ACATAGCATAGACCAT,1
ACATAGCATCCGAAAG,1
ACATAGCCAAACCAGA,1
ACATAGCCACCAATAC,1
ACATAGCCACCCATAT,1
ACATAGCCACCCATGC,1
ACATAGCCCGGTACTC,1
ACATAGCCGCCCATAC,1
ACATAGCTACAACTCT,1
ACATAGCTTAACCCTT,1
ACATAGGAATATCCCT,1
ACATAGGACCAGAACT,1
ACATAGGACTCATCTA,1
ACATAGGCAAATTTAG,1
ACATAGGCATGATGAT,1
ACATAGGCTTAGACGC,1
ACATAGGGACCCATAC,1
ACATAGGTAACCTATA,1
ACATAGGTCCCCATAC,1
ACATAGTAAATCAACA,1
ACATAGTAAGAGAATG,1
ACATAGTAAGAGCATT,1
ACATAGTAATGAATCC,1
ACATAGTACAAGGAAC,1
ACATAGTACCAGGAAA,1
ACATAGTACCAGGGAC,1
ACATAGTACCATGAAC,1
ACATAGTACCGAATAC,1
ACATAGTACTAGGAAC,1
ACATAGTATTTGCCAA,1
ACATAGTGGTTGCACC,1
ACATAGTTAAAAAAAC,1
ACATAGTTGAAAATAT,1
ACATAGTTTAAAAAAT,1
ACATAGTTTAGACGAT,1
ACATAGTTTTGTTCAA,1
ACATATAAAAATAGTA,1
ACATATAAAGTTAAAC,1
ACATATAAATATCAGA,1
ACATATAAATTGGCAC,1
ACATATAACCAACCCC,1
ACATATAACCACCTAG,1
ACATATAACCTACGGT,1
ACATATAAGCAAGTGG,1
ACATATAAGGTCAAAC,1
ACATATAATAGACCCT,1
ACATATAATAGCAAGG,1
ACATATACATGGATCA,1
ACATATACCAGGTCCC,1
ACATATACCGGAAATA,1
ACATATACCGGACATG,1
ACATATACGTGAGACG,1
ACATATACGTGCATCA,1
ACATATACGTGTAATG,1
ACATATACTTACCTCA,1
ACATATAGATACCTCA,1
ACATATAGTGGCTAGG,1
ACATATAGTTAACTCA,1
ACATATAGTTACCTCT,1
ACATATAGTTACTTCA,1
ACATATATACCTGATG,1
ACATATATCTTGCCCA,1
ACATATATTAACAAGA,1
ACATATATTACACCAA,1
ACATATCAAGCGAGCC,1
ACATATCAATATCATA,1
ACATATCAATTGTCAT,1
ACATATCACATCTAAG,1
ACATATCACCCAGTTC,1
ACATATCACCTGTCAT,1
ACATATCACTAGTCAT,1
ACATATCACTTGTTAT,1
ACATATCACTTTTCAT,1
ACATATCAGCATGCGG,1
ACATATCAGTATCAGA,1
ACATATCATCTCTATA,1
ACATATCATTACACTG,1
ACATATCATTTGTCAT,1
ACATATCCAAAAAATG,1
ACATATCCACCTACTA,1
ACATATCCCCAAGTGA,1
ACATATCCTATCCACC,1
ACATATCGACGAGAAG,1
ACATATCTGCACTATT,1
ACATATCTTAGACCAC,1
ACATATGAACTCGATA,1
ACATATGACCGCTGCA,1
ACATATGAGCGAGGTG,1
ACATATGAGTCGGCTC,1
ACATATGATAACATCA,1
ACATATGATATCCACC,1
ACATATGCCACTATGT,1
ACATATGCGTCGATGC,1
ACATATGCTAGAGAGA,1
ACATATGCTCTTCACA,1
ACATATTAAAGAATGA,1
ACATATTATTACAAAT,1
ACATATTCAAATGCAT,1
ACATATTCAACTACAT,1
ACATATTCAACTGAAT,1
ACATATTCATCGGACA,1
ACATATTCCTATCCTT,1
ACATATTCTTCGCCAA,1
ACATATTGATCTCTCC,1
ACATATTGCAAACATT,1
ACATATTGCACTTATA,1
ACATATTGCATTTGCC,1
ACATATTGCTATCCTC,1
ACATATTTGCGATTAT,1
ACATATTTTCGAGATG,1
ACATCAAAACAAGTCA,1
ACATCAAAAGGAACTA,1
ACATCAAACATGATTG,1
ACATCAAACTCAAACC,1
ACATCAAAGCATGTAT,1
ACATCAAAGTGACTAT,1
ACATCAAAGTTTAATA,1
ACATCAAATAACGGGC,1
ACATCAACAACTAAAG,1
ACATCAACAGTAAACA,1
ACATCAACTATCCAAA,1
ACATCAAGAGGCACTA,1
ACATCAAGTAACACGA,1
ACATCAATACCACATA,1
ACATCAATACTAGACC,1
ACATCAATGATCAAGC,1
ACATCAATGCTAGAAC,1
ACATCAATGCTATACC,1
ACATCACAAAGCACCC,1
ACATCACAACACAAGA,1
ACATCACATAACACCA,1
ACATCACGAAGAGTAA,1
ACATCACTACCTCTTG,1
ACATCAGAACGGACTG,1
ACATCAGAATTGTAGC,1
ACATCAGATTTGTAGC,1
ACATCAGCAATTGATA,1
ACATCAGGTCGTCAAA,1
ACATCAGGTGCTTGTA,1
ACATCATAAACCAATT,1
ACATCATAAATGAGTC,1
ACATCATACACATCAA,1
ACATCATATAAACAAA,1
ACATCATATTGAATAT,1
ACATCATCCAAATTTA,1
ACATCATCCCCAGTGA,1
ACATCATCCCCAGTGT,1
ACATCATCCCCATTGC,1
ACATCATCTCGAATGC,1
ACATCATGTCGCCAAA,1
ACATCATTATCGTATT,1
ACATCATTGAAAGGTG,1
ACATCATTGCCTATAG,1
ACATCATTGTCGAGTC,1
ACATCATTGTCGCGTA,1
ACATCCAAACACGGCA,1
ACATCCAAGGCCCACG,1
ACATCCAATTAAAGCG,1
ACATCCACGGCGTGCT,1
ACATCCACTTCGTGCT,1
ACATCCAGACACAATA,1
ACATCCAGCATATAAT,1
ACATCCAGCCGCAATA,1
ACATCCATAGTTAAGG,1
ACATCCATGAAACTTA,1
ACATCCATGCACTTTC,1
ACATCCATGCCCTCTC,1
ACATCCATGTCCCTGA,1
ACATCCATTCCCTTTC,1
ACATCCCAATTGAAAA,1
ACATCCCAGGTGACCA,1
ACATCCCATGTAATTT,1
ACATCCCCACTTGGTG,1
ACATCCCCCTCTAAGC,1
ACATCCCCCTGGTGCG,1
ACATCCCTACATTACT,1
ACATCCCTCATGTTAA,1
ACATCCCTTACCCCTA,1
ACATCCGAACATCAGA,1
ACATCCGAGATTGATG,1
ACATCCGAGTGCGTTA,1
ACATCCTAATATCTAT,1
ACATCCTAGTTTGTTA,1
ACATCCTAGTTTTTTC,1
ACATCCTCTGCGGCAT,1
ACATCCTTATACTACT,1
ACATCCTTGCTAAGAT,1
ACATCGAATCAAATTC,1
ACATCGACCAAAAGAT,1
ACATCGACTAGGCGAA,1
ACATCGACTTAAATTC,1
ACATCGATAAGTTCTC,1
ACATCGATAGGTGCTT,1
ACATCGCAGGAAAAGC,1
ACATCGCCCTGTCGCA,1
ACATCGCGGGAACAGC,1
ACATCGCTGAAAAGGG,1
ACATCGGAATCCGGTG,1
ACATCGGACAGAAAAT,1
ACATCGGACTCAGGTG,1
ACATCGGACTCCGTTG,1
ACATCGGACTCCTGTG,1
ACATCGGACTCGGGTG,1
ACATCGGGCTTTTATC,1
ACATCGGTCCAACCCT,1
ACATCGGTTACTATAG,1
ACATCGTAATAACACA,1
ACATCGTATTAACGCA,1
ACATCGTCTGGCAGAT,1
ACATCGTGACATAGAT,1
ACATCTAAAAAGAAAA,1
ACATCTAAACATCAGA,1
ACATCTAAACTTTAAA,1
ACATCTAACATAAGCA,1
ACATCTAAGAATCTAA,1
ACATCTAAGGTTAATA,1
ACATCTAATGATGAGC,1
ACATCTACAAAAATCA,1
ACATCTACAATGAAAA,1
ACATCTACACTGAAAA,1
ACATCTACACTTACTG,1
ACATCTACTAGGCGAC,1
ACATCTAGGGTCTTAC,1
ACATCTAGTGGATAGG,1
ACATCTATCTTTAAGG,1
ACATCTATTTGGTTTA,1
ACATCTCAAACACTGA,1
ACATCTCAACATCAGA,1
ACATCTCAAGAAACAA,1
ACATCTCACAATCCCT,1
ACATCTCCACTTTAAA,1
ACATCTCGAAGAGAAG,1
ACATCTCGCATGTAGC,1
ACATCTCGGGTCTTAA,1
ACATCTCTGGTCTTAC,1
ACATCTGAACATAAGA,1
ACATCTGAACATCAGT,1
ACATCTGAACGCTGCA,1
ACATCTGAATATCAGA,1
ACATCTGACCGCCGCA,1
ACATCTGACCGCTCCA,1
ACATCTGACCGCTGCC,1
ACATCTGACCGCTGCG,1
ACATCTGACCGCTGCT,1
ACATCTGACTCCGGTG,1
ACATCTGGCCAACTCT,1
ACATCTGGCCGCTGCA,1
ACATCTGGTGTGAAAA,1
ACATCTTAACATCAGA,1
ACATCTTAAGTACAGT,1
ACATCTTAATTTTCGT,1
ACATCTTAATTTTGAT,1
ACATCTTAATTTTGGC,1
ACATCTTACTGTCTAC,1
ACATCTTAGGAAACAA,1
ACATCTTTACGAGATG,1
ACATCTTTATAATACT,1
ACATCTTTATACTACC,1
ACATCTTTGCGAGATG,1
ACATCTTTTAGAGATG,1
ACATCTTTTCAAGATG,1
ACATCTTTTCGAGATT,1
ACATGAAAACGAGCTA,1
ACATGAAAACGCACAC,1
ACATGAAAATGATTAT,1
ACATGAACACCCACCT,1
ACATGAACATATCCCG,1
ACATGAACATTTACCA,1
ACATGAACTTGACACC,1
ACATGAAGATTTGTAA,1
ACATGAAGTTACAGCA,1
ACATGAATATTTACAA,1
ACATGAATGCGCTAGG,1
ACATGACAACCCACCT,1
ACATGACACAAAAACA,1
ACATGACACGAAAATA,1
ACATGACATAAGGAAT,1
ACATGACATTTCCCCC,1
ACATGACCAAACGAGA,1
ACATGACCACACACCT,1
ACATGACCACCAACCT,1
ACATGACCACCCACAT,1
ACATGACCACCCACCA,1
ACATGACCCAAGGAAT,1
ACATGACCCACTAATA,1
ACATGACCGACTCATC,1
ACATGACCTAAGTAAT,1
ACATGACGGAGGAAAA,1
ACATGACGGAGGACCA,1
ACATGACGGGGGACAA,1
ACATGAGAAGTTCTCC,1
ACATGAGACAAGTAAA,1
ACATGAGCAAATCAAT,1
ACATGAGCACACCAGG,1
ACATGAGGAGAAATAA,1
ACATGAGGCCGATCAC,1
ACATGAGGTCGATTAC,1
ACATGATACGGCTTAC,1
ACATGATACTAGTATA,1
ACATGATATAGAAGTT,1
ACATGATATAGAGGAA,1
ACATGATCAGACAACC,1
ACATGATCAGACGTGT,1
ACATGATCAGTAGTCG,1
ACATGATCTCGAAAAA,1
ACATGATCTGATGCTC,1
ACATGATGCCTGTTAG,1
ACATGATGGTGTTTAT,1
ACATGATGGTTATACA,1
ACATGATGTCGTAACC,1
ACATGATTAAGCAGAT,1
ACATGATTCCTGGTAG,1
ACATGATTTTAAGTTA,1
ACATGCAACATATAGA,1
ACATGCAACCTAAAAC,1
ACATGCACAGAACTGC,1
ACATGCAGAAGCACAA,1
ACATGCATAGCATGGA,1
ACATGCATGCCCTTTC,1
ACATGCCAACTTTTAT,1
ACATGCCAGAAACACT,1
ACATGCCCAAGCACAA,1
ACATGCCCTTGTAAAA,1
ACATGCCGAAGCTCAA,1
ACATGCCGGAGCACAA,1
ACATGCCTAAAAGTCA,1
ACATGCCTACAATGAG,1
ACATGCCTACTTTTAC,1
ACATGCCTGACTAAAG,1
ACATGCCTGCGCCTTG,1
ACATGCGAAAACCATA,1
ACATGCGTTTTAATCA,1
ACATGCTAATATTAAT,1
ACATGCTACCGCTTAC,1
ACATGCTACGGATTAC,1
ACATGCTACGGTTTAC,1
ACATGCTAGACTAGGC,1
ACATGCTAGGGCTTAC,1
ACATGCTGAAAGAGAC,1
ACATGCTGAACAAACA,1
ACATGCTGGACAAACA,1
ACATGCTGGTATAACT,1
ACATGCTTCCAACAAA,1
ACATGCTTCGGCTTAC,1
ACATGCTTTAATCAAT,1
ACATGGAAAAACCTAA,1
ACATGGACCAGAGTTG,1
ACATGGACGACTCATC,1
ACATGGACTAGGCGAC,1
ACATGGAGCATCGACA,1
ACATGGAGTATTTTCA,1
ACATGGATATATACTA,1
ACATGGATTATCACAT,1
ACATGGCCACATTTTA,1
ACATGGCCGAATCTAG,1
ACATGGCCGACTCATA,1
ACATGGCCTAAGGAAT,1
ACATGGCCTACTCATC,1
ACATGGCCTTAAATTT,1
ACATGGGAACAGTAAT,1
ACATGGGATAACACCA,1
ACATGGTAAAGTGATG,1
ACATGGTAATAGTAAG,1
ACATGGTACCAGGAAC,1
ACATGGTACGCCTAAC,1
ACATGGTAGAATCTAG,1
ACATGGTCGAATAAAG,1
ACATGGTCGAATCTAA,1
ACATGGTCGAATCTAC,1
ACATGGTCGAGTCTAG,1
ACATGGTGGGTACATG,1
ACATGTAAGCCTATGA,1
ACATGTAATGAATAGA,1
ACATGTAGAGCCTTAA,1
ACATGTAGGGCCTTAA,1
ACATGTAGTGACTTAA,1
ACATGTAGTGCATTAA,1
ACATGTAGTGCCCTAA,1
ACATGTAGTTCCTTAA,1
ACATGTCAACGCGTCT,1
ACATGTCACAAAAATA,1
ACATGTCAGCGCGGCT,1
ACATGTCATAGTCTGT,1
ACATGTCATCACTCCC,1
ACATGTCGGAACCAAG,1
ACATGTCTAAACCAAG,1
ACATGTCTTTGTTAGA,1
ACATGTGAACCGTATA,1
ACATGTGAGAATCACG,1
ACATGTGCATCGAGAG,1
ACATGTGCCAATCACG,1
ACATGTGCGAATCATG,1
ACATGTGCGGATCACG,1
ACATGTGCTTATATTA,1
ACATGTGCTTGTATCA,1
ACATGTGTGCAATACG,1
ACATGTTAGCACTCCC,1
ACATGTTATAAACCCT,1
ACATGTTATCACCCCC,1
ACATGTTCGAATCACG,1
ACATGTTCGAATCTAG,1
ACATGTTCTTATATCA,1
ACATGTTGCACAAACA,1
ACATGTTGTACACACC,1
ACATGTTGTGCCTTAA,1
ACATGTTGTGCGTTGA,1
ACATGTTGTGTGGCAG,1
ACATGTTTTCAACGGG,1
ACATTAAAACAGTCGA,1
ACATTAAAACATGCTG,1
ACATTAAAACCAAAAC,1
ACATTAAAATACAGAA,1
ACATTAAAATCCAAAC,1
ACATTAAAGATCGCCC,1
ACATTAAAGTGCATAA,1
ACATTAAATAAACCAT,1
ACATTAACATAAAGAA,1
ACATTAACGAAACCAT,1
ACATTAACGTACAGAA,1
ACATTAAGATAGATGG,1
ACATTAAGGAAAGAAG,1
ACATTAATAAACAAGG,1
ACATTAATAAGAAGAC,1
ACATTAATACATCAAG,1
ACATTAATATTTACCA,1
ACATTAATCAACTTCG,1
ACATTAATCTACTTCA,1
ACATTAATCTACTTCT,1
ACATTAATGTACTTCG,1
ACATTAATGTATCATA,1
ACATTAATGTGCCATA,1
ACATTAATGTTTCATA,1
ACATTAATTAAGTGCA,1
ACATTAATTACATAAA,1
ACATTACAAACAGTAC,1
ACATTACAAGCATAGG,1
ACATTACAAGCTAGCG,1
ACATTACACGATGAAC,1
ACATTACAGAACAATG,1
ACATTACATATTTCTG,1
ACATTACATTACCCGA,1
ACATTACCAGTAATCA,1
ACATTACCCCATGGGG,1
ACATTACGCCATGAAC,1
ACATTACGTAAATAAA,1
ACATTACTAATTAGAA,1
ACATTACTAATTGGGA,1
ACATTAGAAGGATAAC,1
ACATTAGGCCGATTAC,1
ACATTAGTATCACCTG,1
ACATTATAAGAGCGAC,1
ACATTATAATTTAACT,1
ACATTATAGCAAAGGT,1
ACATTATAGCAATGCA,1
ACATTATATCAAATGG,1
ACATTATATTAAAGGT,1
ACATTATCACCGCCCT,1
ACATTATCCGAACATA,1
ACATTATCCTATGGTC,1
ACATTATCGAAAAAAA,1
ACATTATCTAATGAAT,1
ACATTATTAAGTAACA,1
ACATTATTAAGTATCT,1
ACATTATTAATCAACG,1
ACATTATTACTATCAA,1
ACATTATTACTATCCT,1
ACATTATTACTATCGA,1
ACATTATTCGATGATC,1
ACATTATTGCTATCCA,1
ACATTCAAACATTACA,1
ACATTCAACGAAATCC,1
ACATTCACAGACATAA,1
ACATTCAGGACCCAAC,1
ACATTCATAACCCAAC,1
ACATTCATTAGACTAA,1
ACATTCATTAGCCATT,1
ACATTCATTATCCATG,1
ACATTCCATGTAGGGA,1
ACATTCCCCAATGGGG,1
ACATTCCCCCATGGTG,1
ACATTCCCTTGCAAAA,1
ACATTCCGAAGCACAA,1
ACATTCCGATGACCAA,1
ACATTCCGGCATAATT,1
ACATTCCTTAGATTTC,1
ACATTCCTTCCAAAAA,1
ACATTCGGAACCCAAC,1
ACATTCTAGTTTGTTC,1
ACATTCTATCAGCACG,1
ACATTCTATCTTGGAT,1
ACATTCTCAAACTGGG,1
ACATTCTCTTCACAAA,1
ACATTCTCTTCACGAG,1
ACATTCTCTTCACGGA,1
ACATTCTGACAATCGT,1
ACATTCTGGTATAACA,1
ACATTCTTGACGCTCC,1
ACATTGAAAGTCACAA,1
ACATTGAATATGAACT,1
ACATTGAATCAAAACT,1
ACATTGACGAAGACTC,1
ACATTGAGAACCCAAC,1
ACATTGAGCCCAAGCT,1
ACATTGAGCCTCATCT,1
ACATTGAGCTGGATTT,1
ACATTGAGGGTCCCCA,1
ACATTGATAAATTTAT,1
ACATTGATACTTATTG,1
ACATTGATGTGAGCGA,1
ACATTGCAAATCCCTA,1
ACATTGCACAAGCATA,1
ACATTGCACCCAAGCT,1
ACATTGCAGGGATCAA,1
ACATTGCCGTAGAAAT,1
ACATTGCGAAAGAAGT,1
ACATTGCGATGGATTT,1
ACATTGCGCACAAGCT,1
ACATTGGACGTCCTTA,1
ACATTGGAGGCGTATG,1
ACATTGGCTCGAAGTT,1
ACATTGGGCTGGATTT,1
ACATTGGGGATCATGC,1
ACATTGTAAACTTGAA,1
ACATTGTACATATGGA,1
ACATTGTACATATGGG,1
ACATTGTATTATAAAA,1
ACATTGTCGAAAGAAA,1
ACATTGTCTATCCTGC,1
ACATTGTCTTATAAAG,1
ACATTGTGGTTCTGTT,1
ACATTGTGTTTCTGTC,1
ACATTTAACCATAGTA,1
ACATTTAATACAGTAT,1
ACATTTACCCATAGTG,1
ACATTTACGCCTCAGA,1
ACATTTAGAAATAACG,1
ACATTTAGTGCCTTAA,1
ACATTTATAAATAAGG,1
ACATTTATATACTCCT,1
ACATTTCACGTTTCAA,1
ACATTTCAGGTCGAAG,1
ACATTTCATAATCTGA,1
ACATTTCATCGTGTTC,1
ACATTTCTAAACTCGG,1
ACATTTCTGTATCAAC,1
ACATTTGACCGCTGCA,1
ACATTTGCTTATATCA,1
ACATTTGGATCCGGAG,1
ACATTTGGCAGACATT,1
ACATTTGTAGGTCAGG,1
ACATTTTAAGCTTCCC,1
ACATTTTAATAGTATT,1
ACATTTTACATGGACA,1
ACATTTTATCACTCCC,1
ACATTTTATGTTATAA,1
ACATTTTCAAGCCGTG,1
ACATTTTCCAACCGTG,1
ACATTTTCCAGCAGTG,1
ACATTTTCCAGCCTTG,1
ACATTTTCCATCCGTG,1
ACATTTTCTGCTAAAA,1
ACATTTTGACGATAGT,1
ACATTTTGGAACAGAG,1
ACATTTTGTACCAGAG,1
ACATTTTTGACCAGAG,1
ACATTTTTGATTCAGA,1
ACATTTTTGATTCTGT,1
ACATTTTTGGTTCTGA,1
ACATTTTTTATTCTGA,1
ACCAAAAAAACTCCTG,1
ACCAAAAAAACTCTTT,1
ACCAAAAAAGACCATT,1
ACCAAAAAATACCAGT,1
ACCAAAAAATTCAATT,1
ACCAAAAACAGACAGT,1
ACCAAAAACAGTCTAC,1
ACCAAAAACCTCGACT,1
ACCAAAAACTCCGCGC,1
ACCAAAAACTGACTTC,1
ACCAAAAAGAATACTA,1
ACCAAAAATAGCTTAG,1
ACCAAAACACAAAACG,1
ACCAAAACACAAAATC,1
ACCAAAACGATTACAA,1
ACCAAAACTTTAGTGC,1
ACCAAAAGACAAAATG,1
ACCAAAAGGCTGACAT,1
ACCAAAAGGCTGGCGT,1
ACCAAAAGTCCCTGGA,1
ACCAAAATAAGATATA,1
ACCAAAATGCGAAAAG,1
ACCAAAATTAATTTTA,1
ACCAAACACATTAAAT,1
ACCAAACAGCCAACTC,1
ACCAAACATAACAAAT,1
ACCAAACATATCTTAG,1
ACCAAACCACTAAAGG,1
ACCAAACCAGAAGATC,1
ACCAAACCGGGCCCTA,1
ACCAAACTACTAGATT,1
ACCAAACTATATAGTA,1
ACCAAACTGAAACTGA,1
ACCAAAGAAAAGAACC,1
ACCAAAGACACCTCAA,1
ACCAAAGACCCCAATA,1
ACCAAAGAGAATAACT,1
ACCAAAGAGAATCCAT,1
ACCAAAGAGGTTGCTA,1
ACCAAAGAGTTTACTA,1
ACCAAAGATGTTACTA,1
ACCAAAGATTTGTACC,1
ACCAAAGCCCACCTAT,1
ACCAAAGCGCTACATA,1
ACCAAAGCTCATGCTT,1
ACCAAAGTAATAATAC,1
ACCAAATAACGCGGTG,1
ACCAAATAAGAACTGT,1
ACCAAATAAGAGAAAT,1
ACCAAATAGAGACCTC,1
ACCAAATCAATGATAC,1
ACCAAATCAGGGAAAT,1
ACCAAATCGATGATAA,1
ACCAAATCGATTATAC,1
ACCAAATCTGGTCAGC,1
ACCAAATGCACTATAA,1
ACCAAATGGCTTCCTG,1
ACCAAATGTAAATTCC,1
ACCAAATTCCCAAAAT,1
ACCAAATTCCCTAGAG,1
ACCAACACAGGATTAA,1
ACCAACACATTAAGAG,1
ACCAACACGGATAAAA,1
ACCAACACTTGCCATC,1
ACCAACATCCAAATAA,1
ACCAACATGAGTGGTT,1
ACCAACATTGGCACGA,1
ACCAACCAGGCGAGAA,1
ACCAACCATCAAAGCT,1
ACCAACCATGTTGACC,1
ACCAACCATGTTGTAA,1
ACCAACCCACCACACA,1
ACCAACCCTGATTGCT,1
ACCAACCGAAAAAAAC,1
ACCAACCGTCTATATA,1
ACCAACCTACCATTCT,1
ACCAACCTCAGAAATT,1
ACCAACCTCTAACAGC,1
ACCAACCTTACATATC,1
ACCAACGATGTTGTGA,1
ACCAACGGACCTACAT,1
ACCAACGGTCATGACG,1
ACCAACGTGATACAAC,1
ACCAACTAACTCAGAT,1
ACCAACTAATGATTGT,1
ACCAACTAATTCACCG,1
ACCAACTACAAAATTT,1
ACCAACTATGTTGTAA,1
ACCAACTCATGTAGCG,1
ACCAACTCCAGGACCT,1
ACCAACTCCTCGATGC,1
ACCAACTGCAAAATTG,1
ACCAACTTAAATACAC,1
ACCAACTTACCAATTG,1
ACCAACTTCAAAATTT,1
ACCAACTTGAATACAA,1
ACCAACTTGAATACAT,1
ACCAACTTGAATACTC,1
ACCAACTTTTTAAGAT,1
ACCAAGAAAACTACTG,1
ACCAAGAAAACTCATG,1
ACCAAGAAAAGGATTT,1
ACCAAGAAAATGAGCT,1
ACCAAGAACTGAATTG,1
ACCAAGAACTGGATCG,1
ACCAAGAAGACTCCTG,1
ACCAAGAATCCTAGAC,1
ACCAAGAATTCTACAG,1
ACCAAGAGAAAAACAA,1
ACCAAGAGAAAAATAT,1
ACCAAGAGAAAGATAA,1
ACCAAGAGCTGAATCG,1
ACCAAGAGGTACTACT,1
ACCAAGAGTGAAGGTC,1
ACCAAGATGAACTGCT,1
ACCAAGATGCCCGAAA,1
ACCAAGCCAAGATTAC,1
ACCAAGCCAATGAACA,1
ACCAAGCCAATGGACG,1
ACCAAGCCATCGAATA,1
ACCAAGCCCATGAGCA,1
ACCAAGCGATACTACT,1
ACCAAGCGGCACTACT,1
ACCAAGCGGTACCACT,1
ACCAAGCGTCCGAATG,1
ACCAAGCGTTACTACT,1
ACCAAGCTAAATTCGC,1
ACCAAGCTTAATTCGG,1
ACCAAGCTTACTTCGC,1
ACCAAGGAAAACGCAT,1
ACCAAGGACCAAAATA,1
ACCAAGGACTGATGAA,1
ACCAAGGGAGAATATA,1
ACCAAGTGCTAATATC,1
ACCAAGTGGTAACGAA,1
ACCAAGTGTCAACGAA,1
ACCAAGTTTAATTCGC,1
ACCAATAACAAGGAAA,1
ACCAATAACAGGGACA,1
ACCAATAACCCCATAG,1
ACCAATAACCCTGCAA,1
ACCAATAAGCTGTAAC,1
ACCAATAATAAGCCTA,1
ACCAATAATAATCCCA,1
ACCAATACGCTCGTCC,1
ACCAATACTTAACAAC,1
ACCAATAGCCAATCCT,1
ACCAATAGCCCTTTTT,1
ACCAATATAATTATTG,1
ACCAATATAATTATTT,1
ACCAATATGTGGATCT,1
ACCAATATTTAGATCT,1
ACCAATATTTCGATCT,1
ACCAATATTTGGATAT,1
ACCAATATTTGGATCC,1
ACCAATATTTGGATGT,1
ACCAATCAAATATTAC,1
ACCAATCACAAGCAGA,1
ACCAATCCATAGTACC,1
ACCAATCCGGAGTACC,1
ACCAATCCTATACTCA,1
ACCAATCGCGTGGATA,1
ACCAATCGCTGAGAAC,1
ACCAATCGCTGATCAC,1
ACCAATCGGTGAGCAC,1
ACCAATCTAATCATAG,1
ACCAATCTGTTTAGGA,1
ACCAATCTTAATTCGC,1
ACCAATGATGTTGTAA,1
ACCAATGATTACTTTC,1
ACCAATGCCAAAAATG,1
ACCAATGCGTTCACAA,1
ACCAATGCTATTCTAC,1
ACCAATGGCGTAGATA,1
ACCAATGGTATTCTGC,1
ACCAATGTAAACGTTC,1
ACCAATGTATTCCATT,1
ACCAATTATTTAATAC,1
ACCAATTCCAGGACAT,1
ACCAATTCGATAATGA,1
ACCAATTCGCGAAAAT,1
ACCAATTCGGACTGTA,1
ACCAATTGAGTCTTTA,1
ACCAATTGATACAAAC,1
ACCAATTGATTCTTTC,1
ACCAATTGCGTGGATA,1
ACCAATTGGCTACATG,1
ACCAATTTGCTCGGAA,1
ACCACAAAAATAACAC,1
ACCACAAAACAAACGC,1
ACCACAAACGCCTTTG,1
ACCACAAAGACCAAAG,1
ACCACAAAGCTGATGC,1
ACCACAAATCAAATGA,1
ACCACAACATACGGTC,1
ACCACAACTCGACCAC,1
ACCACACACAGTGACT,1
ACCACACCACCAACCG,1
ACCACACCACTTCACA,1
ACCACACGCGCGGTCC,1
ACCACACTATCCCATC,1
ACCACACTCATGTTAA,1
ACCACAGAAAAACCGA,1
ACCACAGAGGGGGGAT,1
ACCACAGATCCAAGAT,1
ACCACAGGAAAACCAC,1
ACCACAGGATATATTA,1
ACCACAGGATTAGTCA,1
ACCACAGGTGCACTCA,1
ACCACAGTATAACCGG,1
ACCACAGTATCCTATC,1
ACCACAGTCAGATCCA,1
ACCACAGTGACTGGAC,1
ACCACATAAAGATGAC,1
ACCACATAAAGTGACT,1
ACCACATACAGTGAAT,1
ACCACATATAGACACA,1
ACCACATATTGAGACA,1
ACCACATCGGTTCTCC,1
ACCACATGGAAAAACT,1
ACCACATGTAAAGACT,1
ACCACATTTGTCCTCC,1
ACCACCAAAAGAACAA,1
ACCACCAACGCTTTAC,1
ACCACCAACTCATTAC,1
ACCACCAACTCATTGA,1
ACCACCAACTCATTTC,1
ACCACCAACTCTTTGC,1
ACCACCAAGATGAGCA,1
ACCACCAAGGTTACGC,1
ACCACCAAGGTTCCCC,1
ACCACCAATGTTACGT,1
ACCACCACACAAAATA,1
ACCACCACATGTTTGC,1
ACCACCACCCATGTTT,1
ACCACCACGGCTAATG,1
ACCACCACGTGTCAGA,1
ACCACCACTCCCCACG,1
ACCACCATCTCATTGC,1
ACCACCATTAACTCCC,1
ACCACCCAAAAAGGTT,1
ACCACCCATCGTAAAC,1
ACCACCCATCTGACAG,1
ACCACCCCAAAACGTT,1
ACCACCGAACCACAAC,1
ACCACCGAAGACTGGA,1
ACCACCGACACTTCAA,1
ACCACCGACTTCGCTG,1
ACCACCGCCAGAGCAT,1
ACCACCGCTTCAAATG,1
ACCACCTACCATACAA,1
ACCACCTACTGACCCA,1
ACCACCTCATACCATC,1
ACCACCTCTAGGTACC,1
ACCACCTGACACAATA,1
ACCACCTGCTACAATC,1
ACCACCTTCACACGAT,1
ACCACCTTGGATACTA,1
ACCACCTTTGAGACTA,1
ACCACGAAATCGATTT,1
ACCACGAACCATAAAA,1
ACCACGAACCGAGTGG,1
ACCACGAAGAGATTGT,1
ACCACGAATATACCTC,1
ACCACGACAACACAGA,1
ACCACGACCAAAGTCG,1
ACCACGACCACAGTCT,1
ACCACGACCATAGTCG,1
ACCACGACCTATAAAC,1
ACCACGAGACTATCCG,1
ACCACGAGCGGATGCC,1
ACCACGAGTCTACACA,1
ACCACGCATGAACTTT,1
ACCACGCCTGCTTCTG,1
ACCACGCTGCCAACGA,1
ACCACGGACCGAATCA,1
ACCACGGAGCTGATTG,1
ACCACGGTACAGTAGT,1
ACCACGGTGAATAGAC,1
ACCACGTAATTAACTG,1
ACCACGTACTGAGTAC,1
ACCACGTCAGATAACG,1
ACCACGTCCACAGTCG,1
ACCACGTGCACGTAAT,1
ACCACGTGCTACTTAA,1
ACCACTAAAGCACTTA,1
ACCACTACACATTACT,1
ACCACTACCAAAAATG,1
ACCACTACCTTCCCTA,1
ACCACTACGATTCAGG,1
ACCACTCATCTGAAAG,1
ACCACTCATCTGACAT,1
ACCACTCATCTTACAG,1
ACCACTCATGCGCCAT,1
ACCACTCCCAAAAATG,1
ACCACTCTAAACAGTC,1
ACCACTGAGCGGCACA,1
ACCACTGATACAGCCT,1
ACCACTGCAAAAAATG,1
ACCACTGCAATGTCCA,1
ACCACTGCCAAAAACG,1
ACCACTGCCAAAAGCG,1
ACCACTGCGAAAAATG,1
ACCACTGCGACCAATC,1
ACCACTGCTAAAAATG,1
ACCACTGTCTCGCTAT,1
ACCACTTATCCTTCGA,1
ACCACTTCCAAAAATG,1
ACCACTTCCTATACCA,1
ACCACTTCTAATTTGC,1
ACCACTTGGCTTAACA,1
ACCACTTGGTTTACTG,1
ACCACTTGTGAAGCTC,1
ACCAGAAAAAAGGTAG,1
ACCAGAAAAAAGGTAT,1
ACCAGAAAAAAGGTCA,1
ACCAGAAAAAAGTTAA,1
ACCAGAAAAAATGTAA,1
ACCAGAAAAATATTAA,1
ACCAGAAAAATCAATA,1
ACCAGAAAAGAGGTAA,1
ACCAGAAACAAATCAC,1
ACCAGAAACGAAACAC,1
ACCAGAAACGAACCAC,1
ACCAGAAACGAATCAA,1
ACCAGAAACGAATCAT,1
ACCAGAAATCTAACCA,1
ACCAGAAATGAATCAC,1
ACCAGAACGGTAGCAT,1
ACCAGAAGATAGAGGG,1
ACCAGAAGCGTGTATT,1
ACCAGAATAATGAATA,1
ACCAGAATGTTAAGAC,1
ACCAGACAAATCAACA,1
ACCAGACAAATCAGTA,1
ACCAGACACACGACGA,1
ACCAGACAGATCAATA,1
ACCAGACATTCTAGGT,1
ACCAGACCTTAGTATC,1
ACCAGACTTGAAAAAA,1
ACCAGAGACAAGCTGA,1
ACCAGAGACGCCCATG,1
ACCAGAGATCATCAAA,1
ACCAGAGATCGTAGAG,1
ACCAGAGATTTTAAAA,1
ACCAGAGGCAATATAA,1
ACCAGAGTCAAGCAAG,1
ACCAGAGTTAATACAA,1
ACCAGAGTTATCTATA,1
ACCAGAGTTATTTATG,1
ACCAGAGTTGAAGCCG,1
ACCAGATGCTAGGCTT,1
ACCAGCAAAGAATCAT,1
ACCAGCAAAGACACAT,1
ACCAGCAAAGACTAAT,1
ACCAGCAACCCAAAAG,1
ACCAGCAACCCATTGG,1
ACCAGCAAGGACTCAT,1
ACCAGCACCAATGTCA,1
ACCAGCACCCACAATT,1
ACCAGCACTTCCCCAG,1
ACCAGCATAGGCTATG,1
ACCAGCCAAAAACGTT,1
ACCAGCCAAGCCAAAT,1
ACCAGCCAAGTTGAAA,1
ACCAGCCAATCGACAA,1
ACCAGCCGGCTGGCAA,1
ACCAGCCTGTCCCATG,1
ACCAGCGACACCTAAG,1
ACCAGCGGAAATACTA,1
ACCAGCGGCAATATTA,1
ACCAGCGGCGATATAA,1
ACCAGCGGTAATATAA,1
ACCAGCTAAGCGACAA,1
ACCAGCTAGAAACAGA,1
ACCAGCTAGGAACAGA,1
ACCAGGAAAAAAGTAA,1
ACCAGGACCTCATCTG,1
ACCAGGACCTTATCTG,1
ACCAGGATGCAGATTC,1
ACCAGGATGTAAGCAG,1
ACCAGGCACTTACTTT,1
ACCAGGCGCTGACTTT,1
ACCAGGGAATATCTCA,1
ACCAGGGATGACCTTA,1
ACCAGGGGAGAATACA,1
ACCAGGGGCGAGACCA,1
ACCAGGTAACTGCATA,1
ACCAGGTAGACCATAC,1
ACCAGGTATGCGTAGC,1
ACCAGTAAAAGGCAAA,1
ACCAGTAAGTAACCAC,1
ACCAGTAGAGACCAAT,1
ACCAGTAGATATGACT,1
ACCAGTAGGTACGACT,1
ACCAGTATAGGCAGAG,1
ACCAGTATTTGGATCT,1
ACCAGTCGCCCTAAGT,1
ACCAGTCGTGGTAATG,1
ACCAGTCTATGCCCAA,1
ACCAGTCTGTGACCAA,1
ACCAGTCTGTGCCCAT,1
ACCAGTCTGTTCCCAA,1
ACCAGTGATCTCTGTA,1
ACCAGTTAGCGATGCT,1
ACCAGTTAGCGGTGCC,1
ACCAGTTAGCGGTTCT,1
ACCAGTTAGCTGTGCT,1
ACCAGTTATATAAAGA,1
ACCAGTTATCGGTGCT,1
ACCAGTTGCAATTGCT,1
ACCAGTTGTCAAACAC,1
ACCAGTTTCTACCCAC,1
ACCATAAAAAAGGTAA,1
ACCATAAAAATATTCA,1
ACCATAAACATTAATA,1
ACCATAAACGAATCAC,1
ACCATAAAGAAACCCT,1
ACCATAAATAGGGTCT,1
ACCATAAATCTAACAG,1
ACCATAAATTCAACAG,1
ACCATAACACATTTGT,1
ACCATAACCCACACAA,1
ACCATAACTATCGCCA,1
ACCATAACTCATATCA,1
ACCATAATAGAGCACT,1
ACCATAATCTCGTGTA,1
ACCATAATGTTAAGCC,1
ACCATAATTGCCCCCA,1
ACCATAATTGGGATAA,1
ACCATACAGAAGCTAG,1
ACCATACAGCGAACTA,1
ACCATACAGTTTGACT,1
ACCATACATTTTAAAA,1
ACCATACATTTTAACT,1
ACCATACCCCGACCAT,1
ACCATACCCCGATCAC,1
ACCATACCCCGTTCAT,1
ACCATACCCGGATCAT,1
ACCATACCTCGATCAT,1
ACCATACGCGAACACA,1
ACCATACTCGGACCGC,1
ACCATACTCTGCAAAA,1
ACCATACTTCATAAGA,1
ACCATAGTCAAGAGGA,1
ACCATAGTCAGGAAGC,1
ACCATAGTCCAGGATG,1
ACCATAGTCCCGGATT,1
ACCATATAAGCACACA,1
ACCATATACTAGTGAA,1
ACCATATATAGAACTA,1
ACCATATCACATAACA,1
ACCATATGACCATGAC,1
ACCATATGCCATAAAG,1
ACCATATTAAGGGGAG,1
ACCATATTATTAACAT,1
ACCATCAAAGACTCAT,1
ACCATCAACCAAAACG,1
ACCATCAACCCGAAAG,1
ACCATCACATAAGAAT,1
ACCATCACCAAGAGTG,1
ACCATCACCATACAAA,1
ACCATCATCACCTGGG,1
ACCATCCAAAAGCTAG,1
ACCATCCAAATTTTAC,1
ACCATCCACCCAAACG,1
ACCATCCACCGAAACG,1
ACCATCCAGAATCTAG,1
ACCATCCAGGAGCTAG,1
ACCATCCATGACCAAA,1
ACCATCCCAACTTTAC,1
ACCATCCCATAAACCC,1
ACCATCCCGACTTGAC,1
ACCATCCGCCAAAACG,1
ACCATCGACCGGGATA,1
ACCATCGTACCCAAAC,1
ACCATCGTTTATGTAA,1
ACCATCTAACCCCCGG,1
ACCATCTACAGGACAA,1
ACCATCTAGAAGCTAG,1
ACCATCTATTAGTTAT,1
ACCATCTCAACTTGAC,1
ACCATCTGGATGTATA,1
ACCATCTTAAAGGAGC,1
ACCATCTTAAGTATAA,1
ACCATCTTGATTACAG,1
ACCATGAAAAAACAGG,1
ACCATGAAAAACAAGG,1
ACCATGAAAAACAGGG,1
ACCATGAAAAACCAGT,1
ACCATGAAAAACCGGG,1
ACCATGAAAAATCAGG,1
ACCATGAAACAGATCT,1
ACCATGAAACATTCAT,1
ACCATGAAGAAAGACC,1
ACCATGAAGAACCAGG,1
ACCATGACACAGATCA,1
ACCATGACACATATCT,1
ACCATGACACGGATCT,1
ACCATGACACTGTGAA,1
ACCATGACCATGTGAA,1
ACCATGACCCCGTGAA,1
ACCATGACCCTCTGAA,1
ACCATGACCCTGATAC,1
ACCATGACCCTGCGAA,1
ACCATGACCCTGTGGA,1
ACCATGACCCTGTTAA,1
ACCATGACTAGTACTC,1
ACCATGAGCTTCCAGA,1
ACCATGAGGAAAAAAC,1
ACCATGAGGAAAGAAC,1
ACCATGAGGTACAATA,1
ACCATGCACCCACACT,1
ACCATGCCAATTAACG,1
ACCATGCCGTAGAAAT,1
ACCATGGAAAACCAGG,1
ACCATGGACGTGTCGA,1
ACCATGGATGCGTAGC,1
ACCATGGCATAACTCA,1
ACCATGGCGTTGCCCA,1
ACCATGGTATTCTGAA,1
ACCATGTAAAACAACC,1
ACCATGTACGGAATTT,1
ACCATGTATATACCCC,1
ACCATGTCAGAATATA,1
ACCATGTCGATACCCC,1
ACCATGTCTATGCCCC,1
ACCATTAAAAGACAAA,1
ACCATTAAAATTGGAC,1
ACCATTAAATCGTGAG,1
ACCATTAATACACAAA,1
ACCATTAATTATCTCC,1
ACCATTACACAGATCT,1
ACCATTACACGCAATA,1
ACCATTACGTTGCCCA,1
ACCATTACTTAAATAT,1
ACCATTAGAACCGCCG,1
ACCATTAGATACGACT,1
ACCATTATATAAGTTA,1
ACCATTATGCCCTTGC,1
ACCATTCAAAAACGGC,1
ACCATTCAACGTAGCG,1
ACCATTCAAGTAGAGA,1
ACCATTCTAAAAAAGC,1
ACCATTCTAACAAATT,1
ACCATTCTGACCTTGC,1
ACCATTCTGCCCTTGA,1
ACCATTCTGCCCTTTC,1
ACCATTCTGCTGCTTA,1
ACCATTGAATATGTGT,1
ACCATTGACAATAAGT,1
ACCATTGAGGGAGCGA,1
ACCATTGCAAGAAACA,1
ACCATTGCGTCTACAG,1
ACCATTGCTTAAATTA,1
ACCATTGTCCAGCTCC,1
ACCATTTAACAATAAA,1
ACCATTTAAGAAATGC,1
ACCATTTAGTTATAAT,1
ACCATTTATTTCCACA,1
ACCATTTCCAATACAG,1
ACCATTTCCTTAGCTT,1
ACCCAAAAAAAGTACC,1
ACCCAAAAACAGAACA,1
ACCCAAACGTACCGCC,1
ACCCAAATAAAATATT,1
ACCCAAATAAATGTAA,1
ACCCAAATACAATAGT,1
ACCCAAATACGATATT,1
ACCCAAATGAATGTCA,1
ACCCAAATGCAATATT,1
ACCCAACCCCAGCTTA,1
ACCCAACCGGGCTCTA,1
ACCCAACCTCTCAACG,1
ACCCAACCTCTTAAAG,1
ACCCAACCTCTTAACT,1
ACCCAACTAAAACTGA,1
ACCCAACTAAGCCGAC,1
ACCCAACTCAAACTGA,1
ACCCAACTCAATTGCC,1
ACCCAACTGAAACTGT,1
ACCCAACTGAAATTGA,1
ACCCAACTGCAAAAAA,1
ACCCAACTGCGAATAG,1
ACCCAACTGTAAAAGA,1
ACCCAACTTCGTACTC,1
ACCCAACTTTAAAAAA,1
ACCCAAGAAATGTATT,1
ACCCAAGAAGAACAAA,1
ACCCAAGACCGCGGTG,1
ACCCAAGACTCCGGTG,1
ACCCAAGACTGAGGTG,1
ACCCAAGACTGCGATG,1
ACCCAAGACTGCGGTA,1
ACCCAAGACTGCTGTG,1
ACCCAAGATCAATGCT,1
ACCCAAGATCGAACCG,1
ACCCAAGATTGCGGTG,1
ACCCAAGCCCTTTTAA,1
ACCCAAGCGCGCCTCA,1
ACCCAAGCGTGCAACA,1
ACCCAAGGCATTAAGG,1
ACCCAAGTGAAACTGA,1
ACCCAAGTTTAAATCA,1
ACCCAATAAGTTAATG,1
ACCCAATACCATTGAT,1
ACCCAATACTGCGGTG,1
ACCCAATCAGGATATA,1
ACCCAATGTAAAGTAT,1
ACCCAATTGGAAAGTG,1
ACCCACAATTTCTTAA,1
ACCCACACATGACCCC,1
ACCCACAGTGACAGTG,1
ACCCACCAAGCGAGCG,1
ACCCACCACACATCAG,1
ACCCACCACCACTTGT,1
ACCCACCAGCGCTCTT,1
ACCCACCATGACCAAA,1
ACCCACCGCCTGACGT,1
ACCCACCGGATCTCCT,1
ACCCACCTAGGTAACA,1
ACCCACGAAAGGCCGA,1
ACCCACGAAATCACGA,1
ACCCACGGTCCGACTT,1
ACCCACGTCTAACGAA,1
ACCCACTAATTGTATA,1
ACCCACTACAAAAAAA,1
ACCCACTACCCCAGGA,1
ACCCACTCTAGTGCGC,1
ACCCACTGGGGTAAAA,1
ACCCACTTAGCAGTTC,1
ACCCACTTTAGGCATG,1
ACCCAGAAACCCCGTA,1
ACCCAGACATATAATT,1
ACCCAGACATATCATA,1
ACCCAGACCAACGCAC,1
ACCCAGACGTATCATT,1
ACCCAGACTTAGGAAA,1
ACCCAGAGGACGCAAT,1
ACCCAGATAAGGATTT,1
ACCCAGCATTAATCAG,1
ACCCAGCCAAACAATG,1
ACCCAGCTCATTTTAG,1
ACCCAGGACTGCGGTG,1
ACCCAGGTATTATGTG,1
ACCCAGTACAATAAAA,1
ACCCAGTATGCCCCCT,1
ACCCAGTCACAAGCAT,1
ACCCAGTTATTACGAG,1
ACCCATAAATTCAAAA,1
ACCCATAACCGTCCGC,1
ACCCATAAGCTCAATA,1
ACCCATACGGAAATAT,1
ACCCATAGTCTCAATA,1
ACCCATATACAATATT,1
ACCCATATACCGTTTA,1
ACCCATATCTACTGTT,1
ACCCATCATGAGTAGA,1
ACCCATCATTCGACCC,1
ACCCATCCAGTTGTCA,1
ACCCATCCGACAGAAA,1
ACCCATCCTACAGAAG,1
ACCCATCGAAGTGGCC,1
ACCCATCGCTGAGCAC,1
ACCCATCTCATGTTAG,1
ACCCATCTGGTTTGGC,1
ACCCATGATACCCTCT,1
ACCCATGATAGATCAC,1
ACCCATGGAACTCGTC,1
ACCCATGTAAACCTTC,1
ACCCATGTAAACTTTC,1
ACCCATGTCTCGCTAT,1
ACCCATGTTCCCCCGC,1
ACCCATTACACGTCTA,1
ACCCATTCCAATTTAA,1
ACCCATTGTTAAAGGA,1
ACCCATTTAAACGTTC,1
ACCCATTTGATCGGAA,1
ACCCATTTGCTAGGAA,1
ACCCATTTGCTCGTAA,1
ACCCATTTTCCATAAC,1
ACCCATTTTTGTGTAT,1
ACCCATTTTTGTGTTT,1
ACCCCAAAACCGAACA,1
ACCCCAAATCGCTCAC,1
ACCCCAACACGCTCAC,1
ACCCCAACGACACACT,1
ACCCCAACTAGCTCAC,1
ACCCCAACTCGCTCAA,1
ACCCCAAGGCAGTAAG,1
ACCCCAATCGTATAAT,1
ACCCCACACCATAACG,1
ACCCCACAGACAGAGA,1
ACCCCACATCAGATAA,1
ACCCCACCAATCGAAA,1
ACCCCACCCACCAGGC,1
ACCCCACCGCGCCTCA,1
ACCCCACCTGGTATTA,1
ACCCCACTGAAGCATC,1
ACCCCAGAAAAAGACG,1
ACCCCAGAAACAGAGA,1
ACCCCAGAAATAGTGA,1
ACCCCAGAAATATCGA,1
ACCCCAGAAATGGCGA,1
ACCCCAGAAATTGCGA,1
ACCCCAGAAGTAGCGA,1
ACCCCAGAATACAGAA,1
ACCCCAGAGCGCCTCA,1
ACCCCAGCGCGCCTCT,1
ACCCCAGCGTACCGCC,1
ACCCCAGGAGCACTCA,1
ACCCCAGGCCCGGATT,1
ACCCCAGGTGCAATCA,1
ACCCCAGGTTCACTCA,1
ACCCCAGTATAACATG,1
ACCCCAGTGTGAATCT,1
ACCCCAGTTATGAAGC,1
ACCCCATAAATAGCGA,1
ACCCCATAACTCATAC,1
ACCCCATACCAAGCAA,1
ACCCCATATGCAAACT,1
ACCCCATCCCAAACAA,1
ACCCCATCGCGCCTCA,1
ACCCCATGAACCAAGA,1
ACCCCATGAGAGGCGC,1
ACCCCCAAAATACCAC,1
ACCCCCAAATTATAAA,1
ACCCCCAATCGGACAT,1
ACCCCCACATATCAGC,1
ACCCCCACATATCGGG,1
ACCCCCACCGAACACA,1
ACCCCCAGATAACTGA,1
ACCCCCGACCTGTCCA,1
ACCCCCGACTTCACTG,1
ACCCCCGACTTCGATG,1
ACCCCCGACTTTGCTG,1
ACCCCCGAGTTCGCTG,1
ACCCCCGGCCCGGACT,1
ACCCCCGGTCAGACTT,1
ACCCCCGGTCCGAATT,1
ACCCCCGGTCCGACAT,1
ACCCCCTAAATACAAA,1
ACCCCCTCAAGATGCC,1
ACCCCCTCATGGGACA,1
ACCCCCTCTAACCAAC,1
ACCCCCTGCCCGGATT,1
ACCCCCTGTTGAATAG,1
ACCCCCTTATTTTCAC,1
ACCCCGAAGATCGTGC,1
ACCCCGATACGTCGAA,1
ACCCCGGAAATAGCGA,1
ACCCCGGAGTGACCTA,1
ACCCCGGATTAAAGCC,1
ACCCCGGTCTCGCTAT,1
ACCCCGTAATACATAT,1
ACCCCGTACGTTACTT,1
ACCCCTAAACGCTCAC,1
ACCCCTAAAGCAGATA,1
ACCCCTAAAGTACTCC,1
ACCCCTAATTTTGCAA,1
ACCCCTACCGAAAACA,1
ACCCCTATTCTTAAAT,1
ACCCCTCACGGCGGTA,1
ACCCCTGCCTCGCTAT,1
ACCCCTTACTTACTCT,1
ACCCCTTACTTCACAA,1
ACCCCTTAGTTCACAA,1
ACCCCTTCAGAAACAC,1
ACCCCTTCAGTCTGAC,1
ACCCCTTGCGGTACTG,1
ACCCCTTGCTTGTCTT,1
ACCCGAAAAAAGGTAA,1
ACCCGAAAAAGAGCTA,1
ACCCGAAACGAACCAT,1
ACCCGAACAACGTTTC,1
ACCCGAACCAAGCTGT,1
ACCCGAACTCGCTCAC,1
ACCCGAAGTGAGATGG,1
ACCCGAATAGTGATAC,1
ACCCGAATAGTGATCT,1
ACCCGAATATTGATCC,1
ACCCGAATCAGTACAC,1
ACCCGAATGCGATGTA,1
ACCCGAATTATGTGAA,1
ACCCGACAATAAGAGC,1
ACCCGACAGCCAAGCT,1
ACCCGACTAAGACGAC,1
ACCCGACTAAGCAGAC,1
ACCCGACTAAGCCGAA,1
ACCCGACTGAGCCGAC,1
ACCCGACTGGGTAACT,1
ACCCGATTATGTTGGA,1
ACCCGATTCACTCACT,1
ACCCGATTTTCACGAT,1
ACCCGCAACCACAATT,1
ACCCGCAATTGTACTT,1
ACCCGCACTCACAATT,1
ACCCGCCAAATCACGA,1
ACCCGCCTAACACCAT,1
ACCCGCCTAGCAACAT,1
ACCCGCCTAGCACCAG,1
ACCCGCGAAATGTACC,1
ACCCGCGCATTTAGAT,1
ACCCGCGGTCAAGGGC,1
ACCCGCGTATACTGCA,1
ACCCGCTAACTGATGT,1
ACCCGCTCGGACTGTT,1
ACCCGCTGTAAGCCCT,1
ACCCGCTTAAAGTTAT,1
ACCCGGAAAAAATGAG,1
ACCCGGAAACACTGTA,1
ACCCGGAATGATGACG,1
ACCCGGACAAACAATG,1
ACCCGGACCCTAATCA,1
ACCCGGAGAAGTACTA,1
ACCCGGCCAAAAAATG,1
ACCCGGCCAAACAATC,1
ACCCGGCCAAGCAATG,1
ACCCGGCCCACCTGAG,1
ACCCGGCGATATAGCG,1
ACCCGGGGTAAAACAC,1
ACCCGGGTTTCACGAT,1
ACCCGGTAACAAGACC,1
ACCCGGTAATAGTAAG,1
ACCCGGTAGATCATAC,1
ACCCGGTCAAACAATG,1
ACCCGGTCAAGTGCCA,1
ACCCGTACGATCTACG,1
ACCCGTACGATCTCCG,1
ACCCGTACGGGCTAAA,1
ACCCGTATTCGAAATA,1
ACCCGTCAGGGCTAAA,1
ACCCGTGCGGGCTAAA,1
ACCCGTGGCGAGACCA,1
ACCCGTGGTCAAACAC,1
ACCCGTTCCTGGACCT,1
ACCCTAAAACTTGCAA,1
ACCCTAAACAAACTGA,1
ACCCTAAAGAAACTCT,1
ACCCTAACTCTTTATG,1
ACCCTAACTGATATAA,1
ACCCTAAGACACCCAA,1
ACCCTAAGGCTTGCAC,1
ACCCTAATAAAGCACT,1
ACCCTAATAGATCACT,1
ACCCTAATAGTGATCC,1
ACCCTAATCCACACCT,1
ACCCTACACCCACACT,1
ACCCTACAGAATACAA,1
ACCCTACATGACCAAA,1
ACCCTACCTGGTGCAC,1
ACCCTACGGATAGCGT,1
ACCCTACTAGACACAC,1
ACCCTAGGCCGAATGA,1
ACCCTATCTCCACAGT,1
ACCCTATCTCCACCTT,1
ACCCTATCTCCATCGT,1
ACCCTATCTGATATAA,1
ACCCTATCTTCACCGT,1
ACCCTATTAACTTTAG,1
ACCCTATTGTTGAATA,1
ACCCTATTTTAGATAC,1
ACCCTCAAATGTATAG,1
ACCCTCAATGACCAAA,1
ACCCTCAGAGCTTATG,1
ACCCTCAGCAAATACA,1
ACCCTCAGTACAGAGT,1
ACCCTCAGTACATAGT,1
ACCCTCATTAAAACAG,1
ACCCTCCATGACCGTA,1
ACCCTCCATGACGAAA,1
ACCCTCCATGACTAAA,1
ACCCTCCATGAGCAAA,1
ACCCTCCCACCACAAC,1
ACCCTCCCGCCACCTA,1
ACCCTCCCTACACCTA,1
ACCCTCGAAACAGGTG,1
ACCCTCGAAATCACGA,1
ACCCTCGACACTAAGT,1
ACCCTCGACTTCGCTG,1
ACCCTCGCGAGTAATT,1
ACCCTCGGCACTACCA,1
ACCCTCGGTAAGACTT,1
ACCCTCTAAAGATCAT,1
ACCCTCTAGCATTCCG,1
ACCCTCTAGTAAGGGA,1
ACCCTCTATCATTACG,1
ACCCTCTATCATTCCA,1
ACCCTCTATCATTCCT,1
ACCCTCTCTGGTGGTT,1
ACCCTCTGTCAGAAAT,1
ACCCTCTGTCATTCCG,1
ACCCTCTTACCCAAAC,1
ACCCTCTTCCCTTCGA,1
ACCCTCTTCTATTAGC,1
ACCCTGAAAAAAGTGA,1
ACCCTGAAAGCATATG,1
ACCCTGAACCATCCAA,1
ACCCTGAGTCATAACT,1
ACCCTGATATAATCTG,1
ACCCTGATGAAACTAA,1
ACCCTGCAAAAATACT,1
ACCCTGCAGCCACACT,1
ACCCTGCCATAATACT,1
ACCCTGCCTACCATAC,1
ACCCTGCCTTAAGACG,1
ACCCTGCGGAAACAAC,1
ACCCTGGAAGCACATG,1
ACCCTGGAGTATTATG,1
ACCCTGTAAGCATATG,1
ACCCTGTCATAGTGAA,1
ACCCTGTGAAGCAATT,1
ACCCTGTTAAGCACAA,1
ACCCTTAAAAAAAAAC,1
ACCCTTAAAGCGACAT,1
ACCCTTAGCACTATTA,1
ACCCTTAGTCTGCTCC,1
ACCCTTATAGCTATAC,1
ACCCTTCACACAAGTG,1
ACCCTTCACACTAAGT,1
ACCCTTCAGACTATAC,1
ACCCTTCGCTAAATCG,1
ACCCTTCTAGTTTGGC,1
ACCCTTCTGGTTTGAC,1
ACCCTTCTGGTTTGGG,1
ACCCTTCTGGTTTTGC,1
ACCCTTGAAAACTGGT,1
ACCCTTGAACGGAATT,1
ACCCTTGACACTAATT,1
ACCCTTGAGACTAAGT,1
ACCCTTGAGACTGCAT,1
ACCCTTGAGTCCCTCA,1
ACCCTTGATACTAAGT,1
ACCCTTGCATTCTGTA,1
ACCCTTGCCATCCGCA,1
ACCCTTGGATCCCTCA,1
ACCCTTGGGTCACTCA,1
ACCCTTGGGTCCCCCA,1
ACCCTTGGGTCCCTAA,1
ACCCTTGGTAACATGT,1
ACCCTTTAACTTGAAC,1
ACCCTTTCGAGTAACT,1
ACCCTTTCGAGTCAAT,1
ACCCTTTTATTAACCA,1
ACCCTTTTCATCCACT,1
ACCGAAAACTCAATCG,1
ACCGAAAATCACGTAA,1
ACCGAAAATCAGTCCA,1
ACCGAAACCAACGAAT,1
ACCGAAACCCTCCCAA,1
ACCGAAAGTGCAAAAG,1
ACCGAAATGTCTTATA,1
ACCGAAATTACTTACA,1
ACCGAACAAAAAAATA,1
ACCGAACAGAAAATGG,1
ACCGAACATCCATTCA,1
ACCGAACCCCGCGCCT,1
ACCGAACCGCGTTAGA,1
ACCGAACCTCCAACGC,1
ACCGAACCTCCCAAAT,1
ACCGAACGGATAATTT,1
ACCGAACGGCATGGAC,1
ACCGAAGAAAACGGAG,1
ACCGAAGGGCATGGCC,1
ACCGAAGGTATCACTA,1
ACCGAAGGTGCCACTA,1
ACCGAAGGTGTAACTA,1
ACCGAATACCATTGAA,1
ACCGAATATCAATGCT,1
ACCGAATATGTACAAA,1
ACCGAATCATCTTTCT,1
ACCGAATGGCGAAATG,1
ACCGAATGTGCCAGTA,1
ACCGAATGTGTCACTA,1
ACCGACAACGACGAAC,1
ACCGACAACTAATTCC,1
ACCGACACCCTCCCAA,1
ACCGACACGCAGCTCA,1
ACCGACAGAGTATCGC,1
ACCGACCAACGCTGTA,1
ACCGACCTAGGAAATA,1
ACCGACCTGTAATAAT,1
ACCGACGAACACAATT,1
ACCGACGACACTTCAA,1
ACCGACGCCCCATGCA,1
ACCGACGCGCACAAAA,1
ACCGACTAGGCGAGAG,1
ACCGACTATGCAAAGG,1
ACCGACTGACCATCAT,1
ACCGACTGAGCTCAAC,1
ACCGACTGAGGTAAAA,1
ACCGACTTGGGTAAAA,1
ACCGAGAAAACTCAAG,1
ACCGAGCAAAGATTAA,1
ACCGAGCCATACGCAC,1
ACCGAGCCATCTTTCT,1
ACCGAGCGACCTACGG,1
ACCGAGGAAACTAAAG,1
ACCGAGGACCTTTTTT,1
ACCGAGGAGTGGAGTT,1
ACCGAGGTAACCTTGA,1
ACCGAGGTACGATTGT,1
ACCGAGGTCAGATTGT,1
ACCGAGTAAAGATGAA,1
ACCGAGTACATACGTA,1
ACCGAGTAGAGGATGT,1
ACCGAGTAGATACGTA,1
ACCGAGTAGCCCCATA,1
ACCGAGTATGGTGTAA,1
ACCGAGTCTGTTAGAA,1
ACCGAGTTATTCAGGA,1
ACCGAGTTCGACATCA,1
ACCGATAAAATGCATT,1
ACCGATAAATCAACAT,1
ACCGATAACTCTGCTA,1
ACCGATAAGATATTGG,1
ACCGATAAGATTAGAT,1
ACCGATAAGGCAACAT,1
ACCGATAAGTGGAAGG,1
ACCGATAGACACATGA,1
ACCGATAGGGACCATG,1
ACCGATATCCACTTCA,1
ACCGATATTAAGAGAA,1
ACCGATCAATGTAAAA,1
ACCGATCAGTGTAAAA,1
ACCGATCATCGTAAAA,1
ACCGATCCGAATACAG,1
ACCGATCTATTGCATA,1
ACCGATCTTTAGCTGA,1
ACCGATGCCACTCAAG,1
ACCGATGGGCGAGAAT,1
ACCGATGGTCATCCAC,1
ACCGATGGTGATACAC,1
ACCGATGGTGATCCAA,1
ACCGATGTACTATACA,1
ACCGATTAGAACATGG,1
ACCGATTATCAACAAT,1
ACCGATTCTCTGCGGC,1
ACCGATTGATACTACA,1
ACCGATTGTCAAAGGA,1
ACCGATTTGTATTATG,1
ACCGATTTTAGCATTG,1
ACCGATTTTGCCGTCG,1
ACCGCAAACATAACAA,1
ACCGCAAACATGACCA,1
ACCGCAATTCCATAAC,1
ACCGCACCTACAAGTT,1
ACCGCACGCTGTAAAA,1
ACCGCACTCACACCAT,1
ACCGCAGCTAAAACAT,1
ACCGCATAAAATTTCG,1
ACCGCATCATGGGACA,1
ACCGCATGGAAGCCAT,1
ACCGCATGTTGGCTTC,1
ACCGCCAATAGTTTCA,1
ACCGCCAGGAGAGACA,1
ACCGCCAGTAAGACCG,1
ACCGCCATCGATGATT,1
ACCGCCCAAATCAAAA,1
ACCGCCCAACCAGTTA,1
ACCGCCCAAGCAACCC,1
ACCGCCCAATGGTTTA,1
ACCGCCCGCGGTATGA,1
ACCGCCGACACTTAAA,1
ACCGCCGAGACTTCAA,1
ACCGCCGAGTAACTCC,1
ACCGCCGCAGGCTAAG,1
ACCGCCTAATTTCCAG,1
ACCGCCTACTTTGCAG,1
ACCGCCTCATGGCACA,1
ACCGCCTCATGGGTCA,1
ACCGCCTTATGGGACA,1
ACCGCGAACAAATTGC,1
ACCGCGAGACAAGAAC,1
ACCGCGATCGATTATT,1
ACCGCGCGAAGCAGTA,1
ACCGCGGACACTTCAA,1
ACCGCGGGACCCAACG,1
ACCGCGTCATCGTTGC,1
ACCGCGTCATGGGACA,1
ACCGCTAATTATAATC,1
ACCGCTACACTTAAAG,1
ACCGCTACAGGTAACA,1
ACCGCTAGAAAGTAAT,1
ACCGCTATGACAACTC,1
ACCGCTCTTCCGATCT,1
ACCGCTCTTTCTAACT,1
ACCGCTGGGTTTACTG,1
ACCGCTGTCGGAGAGA,1
ACCGCTGTTCACACAA,1
ACCGCTTCATTATAAT,1
ACCGCTTCGTTTACTG,1
ACCGCTTCTCTCCTCT,1
ACCGCTTGATTTACTG,1
ACCGCTTGCTTTACTG,1
ACCGCTTGGTATACTG,1
ACCGCTTGGTTTAATG,1
ACCGCTTGGTTTACCG,1
ACCGCTTGGTTTACTA,1
ACCGCTTTAGACGTGC,1
ACCGCTTTCAAACAAC,1
ACCGGAAAAAAAGTAA,1
ACCGGAAAAAAGGTAA,1
ACCGGAAAACAAAAAG,1
ACCGGAAAATCAATAA,1
ACCGGAAACCACGACA,1
ACCGGAAACGAATCAC,1
ACCGGAAATAAGACGT,1
ACCGGAAGGACATCCG,1
ACCGGAAGTAATTACA,1
ACCGGAATATTAACAC,1
ACCGGAATCGGATATC,1
ACCGGACAGTCAATAA,1
ACCGGACCAACAAAAA,1
ACCGGAGACAAGATAT,1
ACCGGAGCAAATCAAC,1
ACCGGATAATCAATAA,1
ACCGGATCGTGCACCA,1
ACCGGATGAAGCAAAC,1
ACCGGCAAAACTACAC,1
ACCGGCAAAGTTGAAA,1
ACCGGCACTTGATACA,1
ACCGGCAGACCCCTCT,1
ACCGGCAGTCGACATG,1
ACCGGCATAATGGCTT,1
ACCGGCCAACTTGAAA,1
ACCGGCCAAGACACTG,1
ACCGGCCACGTACTGA,1
ACCGGCCAGGCGTAAA,1
ACCGGCCCCAGTCGGT,1
ACCGGCCGAGTTGAAA,1
ACCGGCGGCAATACTA,1
ACCGGCTCACGCTCAT,1
ACCGGCTCCCGCTAAT,1
ACCGGCTCCCGCTCAA,1
ACCGGCTCCCGCTCAG,1
ACCGGCTCCCGCTTAT,1
ACCGGCTCCTGCTCAT,1
ACCGGCTCGCGCTCAT,1
ACCGGCTCTACTAGAA,1
ACCGGCTGATTGTATG,1
ACCGGCTTAATAGTGC,1
ACCGGGACCATATCCC,1
ACCGGGACGATAGCCC,1
ACCGGGATATCTAATT,1
ACCGGGCACAAATCGG,1
ACCGGGCCCAAATAGG,1
ACCGGGCTCACGGCCC,1
ACCGGGGCACCTCAGT,1
ACCGGGGGGAGCCCAT,1
ACCGGGTTCACGTCCC,1
ACCGGGTTGACGGCCC,1
ACCGGTAAAGTTTATA,1
ACCGGTACATTTTATA,1
ACCGGTACCATAGCCC,1
ACCGGTAGAGTTTATA,1
ACCGGTAGCTATAAAC,1
ACCGGTCATGATCGCA,1
ACCGGTCCTGATAGCA,1
ACCGGTCCTGATCGCG,1
ACCGGTCGACCAAGAT,1
ACCGGTGAACCCTTGG,1
ACCGGTTACTCTTCTG,1
ACCGGTTCACATGGTT,1
ACCGTAAAATCACGCC,1
ACCGTAAAGCATGAAA,1
ACCGTAAAGCATTAAC,1
ACCGTAAGCGAGCCAA,1
ACCGTAAGCTAGCCGA,1
ACCGTAATAAGAGCTA,1
ACCGTACAATTATATC,1
ACCGTACAGTTAGATC,1
ACCGTACCATTACGCC,1
ACCGTACGATATAAAA,1
ACCGTACGCCGTAAAA,1
ACCGTACGCTATAAAA,1
ACCGTACTCTGTAAAA,1
ACCGTAGAATTAGATC,1
ACCGTAGAGAGAAAGC,1
ACCGTAGATTGACAAC,1
ACCGTAGCAAATGCAA,1
ACCGTATACGGCAGCG,1
ACCGTATATAAGATCG,1
ACCGTATCGAATAATA,1
ACCGTATCTCCACCGT,1
ACCGTCATTAGTTGAA,1
ACCGTCCAAAGACCAG,1
ACCGTCCAAGTTGAAA,1
ACCGTCCAATTTTCCC,1
ACCGTCCTAAAACACC,1
ACCGTCGAAACATGTG,1
ACCGTCTATCATTTGT,1
ACCGTCTCATGGGACA,1
ACCGTCTGGCCATCTC,1
ACCGTCTTTCGTGTAT,1
ACCGTGAATTCTGGCA,1
ACCGTGAATTCTTCCA,1
ACCGTGACCGATTTCC,1
ACCGTGCGGTGACACT,1
ACCGTTAAACGTAGTA,1
ACCGTTAACAACTTCC,1
ACCGTTAATGCGACTA,1
ACCGTTATATAAAGTG,1
ACCGTTATTCCGACAC,1
ACCGTTCAACGTACCG,1
ACCGTTCAACGTATCG,1
ACCGTTCCTATTAGAA,1
ACCGTTTAACAAAAAC,1
ACCGTTTAAGTCGGCA,1
ACCGTTTGCTTCACAG,1
ACCGTTTTATTAAGCT,1
ACCGTTTTGTTCCTAC,1
ACCGTTTTTGACATAT,1
ACCTAAAACGCCTTTG,1
ACCTAAACAAGGACCT,1
ACCTAAACTAACGCTC,1
ACCTAAACTCCCCGGA,1
ACCTAAAGCGGAAAAA,1
ACCTAAATATATAGGC,1
ACCTAAATCAGATATA,1
ACCTAAATGGATAGGC,1
ACCTAACAAAAATGCA,1
ACCTAACAAATCATTG,1
ACCTAACATCAACAGG,1
ACCTAACATCCCCGGA,1
ACCTAACCAAACGAGA,1
ACCTAACCAGTTTTTC,1
ACCTAACCTCCCGGGA,1
ACCTAACCTCCTCGGA,1
ACCTAACGAATAATTG,1
ACCTAACGAATCATTT,1
ACCTAACGGCATGGCC,1
ACCTAACTCACCACAC,1
ACCTAACTTCCCCGGA,1
ACCTAACTTCGTACTT,1
ACCTAAGAAACTACAG,1
ACCTAAGAAATCAACT,1
ACCTAAGATCGATTAC,1
ACCTAAGATGTATTAA,1
ACCTAAGCATTGTCAG,1
ACCTAAGCCCCGTGAT,1
ACCTAAGGCAGAAGAG,1
ACCTAAGTAGGAATGG,1
ACCTAAGTTCTTTTCA,1
ACCTAATAACAATATA,1
ACCTAATACGACGGTC,1
ACCTAATACGTCTGGT,1
ACCTAATATTGAAACA,1
ACCTAATATTTGTATA,1
ACCTAATCCTAATAGC,1
ACCTAATCTAAAGCAC,1
ACCTAATCTCATTCCA,1
ACCTAATCTCCCCGGA,1
ACCTAATGAAAACTTC,1
ACCTAATGAAACATTC,1
ACCTAATGAAACCTTA,1
ACCTAATGAACCAAGA,1
ACCTAATGAAGCCTTC,1
ACCTAATTAAATTGAA,1
ACCTAATTAATCTTGG,1
ACCTACAAATTATAAA,1
ACCTACAACCACTTGT,1
ACCTACACATAACCCC,1
ACCTACACATGAACCC,1
ACCTACACATGACCCG,1
ACCTACACCTATAAAA,1
ACCTACACGAATAAAA,1
ACCTACACGACCATTA,1
ACCTACACGCATAAAA,1
ACCTACACGGCACGCT,1
ACCTACACGTGCCATC,1
ACCTACACTCACCGAC,1
ACCTACACTGATAAAA,1
ACCTACACTGCCAAGC,1
ACCTACACTTACCATC,1
ACCTACACTTGACATC,1
ACCTACACTTGCCATA,1
ACCTACACTTGTCATC,1
ACCTACACTTTCCATC,1
ACCTACAGGATTAGCT,1
ACCTACATAAAGCACA,1
ACCTACCAAGAGAGCG,1
ACCTACCAAGCGAGAG,1
ACCTACCAAGCGATCG,1
ACCTACCAATCGAGCG,1
ACCTACCAATCTTTAT,1
ACCTACCACCACTTGC,1
ACCTACCACCACTTGG,1
ACCTACCATCCGTAGT,1
ACCTACCCAAACGATG,1
ACCTACCCACCTATAA,1
ACCTACCCCGAAAGTC,1
ACCTACCCGAAACCAA,1
ACCTACCCGAGACCCA,1
ACCTACCCTGCCACAC,1
ACCTACCTAAAAGATG,1
ACCTACCTAAACGATT,1
ACCTACCTAGGCAATA,1
ACCTACCTGAAACCCA,1
ACCTACGGTGAGCATA,1
ACCTACGTATTAATTC,1
ACCTACTCATGTAGTT,1
ACCTACTGTGACAAAT,1
ACCTAGAAAAATAAGA,1
ACCTAGAAAACTAATA,1
ACCTAGAATTATTATG,1
ACCTAGATTATGTTTG,1
ACCTAGCAAAGATGAA,1
ACCTAGCACTAAGCCA,1
ACCTAGCATGTAAAAG,1
ACCTAGCCATTGAACA,1
ACCTAGCCTAACAACG,1
ACCTAGCGCCTGAGGT,1
ACCTAGGGCAGCAGAG,1
ACCTAGGTCCAACCCT,1
ACCTAGGTCTTAAGAT,1
ACCTAGTAAAACAAAA,1
ACCTAGTATTAAGTCA,1
ACCTAGTCATCTTTCT,1
ACCTAGTCCGCATAAT,1
ACCTAGTGCCCATTAA,1
ACCTATAAAAGGACCT,1
ACCTATAAAGCAACAT,1
ACCTATAAATGGAAGG,1
ACCTATAACCTCAAAT,1
ACCTATAAGATAATAG,1
ACCTATAAGCACAATA,1
ACCTATAAGCGCAAGA,1
ACCTATACAAGGAACT,1
ACCTATACAAGGACCC,1
ACCTATACAGGGACCT,1
ACCTATACATCATTAT,1
ACCTATAGGAATAGCT,1
ACCTATAGGATTAGTT,1
ACCTATATCACACCAA,1
ACCTATATTACACCAT,1
ACCTATATTCCTCAGG,1
ACCTATCAAACTTCGG,1
ACCTATCAATATGTCT,1
ACCTATCACCTCTCCA,1
ACCTATCATCTATCAG,1
ACCTATCGTAAAGTCT,1
ACCTATCGTACCACCA,1
ACCTATCTAATAAACG,1
ACCTATCTACCCTGGC,1
ACCTATCTGACCTGGC,1
ACCTATCTGCCCATAC,1
ACCTATCTGCCCTGCC,1
ACCTATCTGCCCTGGA,1
ACCTATCTGCCCTGGG,1
ACCTATCTGCCCTGTC,1
ACCTATCTGCTCTGGC,1
ACCTATCTGTCCTGGC,1
ACCTATCTTCCCTGGC,1
ACCTATGACATACTTC,1
ACCTATGAGCCCTCCG,1
ACCTATGATGTACTTC,1
ACCTATTAACACATAG,1
ACCTATTAACCAAGAT,1
ACCTATTCCTAAGCTG,1
ACCTATTGAACCTAAC,1
ACCTATTTCAACTTCA,1
ACCTATTTGCCCTGGC,1
ACCTCAAACATAACCA,1
ACCTCAAACATGGAAC,1
ACCTCAAACTCATCTC,1
ACCTCAAAGCTTATGA,1
ACCTCAAAGTCTATTG,1
ACCTCAAATACTAACA,1
ACCTCAAATCGTTCCT,1
ACCTCAAATTTCTACT,1
ACCTCAACAGGATATT,1
ACCTCAACCTTTATAG,1
ACCTCAACTTTCATAG,1
ACCTCAAGACTACAGG,1
ACCTCAAGTCGTTTGA,1
ACCTCAATAAAACGAA,1
ACCTCAATGATCAATC,1
ACCTCAATGATCGAGC,1
ACCTCAATTATCAAGC,1
ACCTCACAACAATAGT,1
ACCTCACAGTCCGGTC,1
ACCTCACCGTCCCGTC,1
ACCTCACCGTCCGGTA,1
ACCTCACGCATATCTA,1
ACCTCACTGAAGCACC,1
ACCTCACTGAAGCATA,1
ACCTCACTTAAGCATC,1
ACCTCAGAAACTACAA,1
ACCTCAGATATCAGCT,1
ACCTCAGCAACTAATC,1
ACCTCAGCGCGCCTCA,1
ACCTCAGGATAACTTA,1
ACCTCAGTACGCTCCA,1
ACCTCAGTCCAACCCT,1
ACCTCATAAAAGCTAA,1
ACCTCATAACCGAAAT,1
ACCTCATAACTCATAA,1
ACCTCATATAACTAAC,1
ACCTCATGAACCAATA,1
ACCTCATGAACGAAGA,1
ACCTCATGACTCATAC,1
ACCTCATTATAGCATC,1
ACCTCCAAATCATCTC,1
ACCTCCAACAACCCCG,1
ACCTCCAACAATACCG,1
ACCTCCAACAATCACG,1
ACCTCCAACTCATCAC,1
ACCTCCAAGAATCCCG,1
ACCTCCACCGAAAGTC,1
ACCTCCAGACAACATG,1
ACCTCCAGACCAGTGA,1
ACCTCCAGCTGTTCTC,1
ACCTCCAGGCAACATG,1
ACCTCCAGTCAACACG,1
ACCTCCAGTCGACATG,1
ACCTCCATCAATAAAC,1
ACCTCCATTCAACATG,1
ACCTCCCAGCATGGAA,1
ACCTCCCCAGAAAGTC,1
ACCTCCCCCGAAAGTT,1
ACCTCCCTCGAAAGTC,1
ACCTCCGAAATACTTC,1
ACCTCCTACTCAAAAT,1
ACCTCCTACTTTCCAG,1
ACCTCGAACATTAAAA,1
ACCTCGAGTAACAGCC,1
ACCTCGAGTAACGGGC,1
ACCTCGAGTAAGTAGT,1
ACCTCGAGTCAACATG,1
ACCTCGATCGATGATT,1
ACCTCGGCGGTAGCTT,1
ACCTCGTCGGTAGCTA,1
ACCTCGTCTACGACAC,1
ACCTCGTGAACCAAGA,1
ACCTCGTGGAAAAACA,1
ACCTCGTTGAAACAAA,1
ACCTCTAAACTATAGA,1
ACCTCTAAATTAAAAT,1
ACCTCTAGTCAACATG,1
ACCTCTATCGTCTAGT,1
ACCTCTCAGTCGGTAC,1
ACCTCTCCGTTCACCG,1
ACCTCTCCGTTCCCAG,1
ACCTCTCCGTTCCCCC,1
ACCTCTCGATAAACTG,1
ACCTCTCTAACCCTGG,1
ACCTCTCTAATAAATG,1
ACCTCTCTGTTCCCCG,1
ACCTCTCTTTCGAACT,1
ACCTCTGCATTATAAT,1
ACCTCTGCGGTAGCTA,1
ACCTCTTAAACAATAA,1
ACCTCTTAATCCAACA,1
ACCTCTTAATCGGCAG,1
ACCTCTTCCTGGACCT,1
ACCTCTTGCCCCCAGT,1
ACCTCTTTATATATCT,1
ACCTCTTTTCGAGATG,1
ACCTGAAAAAGATCTA,1
ACCTGAACAAACGAGA,1
ACCTGAACCCAGAAAG,1
ACCTGAACGCTTCAAC,1
ACCTGAACTAACCAGT,1
ACCTGAAGTAGGGTGG,1
ACCTGAAGTGTGTAAC,1
ACCTGAATAACTTCGA,1
ACCTGAATACTGTATA,1
ACCTGAATAGTGATCC,1
ACCTGAATCAAACTGG,1
ACCTGAATCACAATGG,1
ACCTGAATCAGTAAAC,1
ACCTGAATCAGTACAA,1
ACCTGAATGAGTACAC,1
ACCTGAATTCCTCAGG,1
ACCTGACAGGCTGACC,1
ACCTGACAGGCTGACT,1
ACCTGACAGTCTGACG,1
ACCTGACCAAACGAGG,1
ACCTGACCAAACGGGA,1
ACCTGACCCCGCAAAC,1
ACCTGACGGGCTGACG,1
ACCTGACGTCATCATG,1
ACCTGAGAAAACGGAC,1
ACCTGAGAAAGAGCTA,1
ACCTGATCCACTACGT,1
ACCTGATCCGATGCTC,1
ACCTGATCTGATGATC,1
ACCTGATGTCATAACC,1
ACCTGCAAGGCATAAC,1
ACCTGCCAATCACCAC,1
ACCTGCCAATTCAAGA,1
ACCTGCCAGTCGATTC,1
ACCTGCCATACCTTAA,1
ACCTGCCCCTGTTTGG,1
ACCTGCCTGTTATAAG,1
ACCTGCGAACAAGAGT,1
ACCTGCTCCCGCTCAT,1
ACCTGCTGTCTGTGGA,1
ACCTGGAACGCGATTA,1
ACCTGGAAGGAATAAC,1
ACCTGGAGGCCAACAG,1
ACCTGGCAAAGAAGTA,1
ACCTGGCAAGGAGGGG,1
ACCTGGCATTACCGTG,1
ACCTGGCCGACTCATC,1
ACCTGGCGACACATCA,1
ACCTGGCGACCTCACC,1
ACCTGGGACTACAATA,1
ACCTGGTATTTCAATC,1
ACCTGGTCTGATGCTC,1
ACCTGGTGACTATGAA,1
ACCTGGTGTACATCAT,1
ACCTGGTTTAGCCGTA,1
ACCTGTAACACAATAT,1
ACCTGTAACGCGATAT,1
ACCTGTAACTCAATAT,1
ACCTGTAAGCATATGA,1
ACCTGTAAGCCTATTA,1
ACCTGTAAGGCAATAT,1
ACCTGTACAGTTTATA,1
ACCTGTACCTGGACCT,1
ACCTGTAGGATTAGCT,1
ACCTGTATCAGTACAC,1
ACCTGTATTACTCAGG,1
ACCTGTATTCCCCAGG,1
ACCTGTATTCCTAAGG,1
ACCTGTATTCTTCAGG,1
ACCTGTATTTGTTAGA,1
ACCTGTCCTGCTAAGC,1
ACCTGTCGGTAAACTG,1
ACCTGTCTTCGTTAGA,1
ACCTGTGAGTTTAAAA,1
ACCTGTTAAATATGCG,1
ACCTGTTCCTCGACCT,1
ACCTGTTCCTGAACCT,1
ACCTGTTCCTGCACCT,1
ACCTGTTCCTGTACCT,1
ACCTGTTCCTTGACCT,1
ACCTGTTGTTTAGGAT,1
ACCTTAAACTATTCCA,1
ACCTTAAAGGAGGATT,1
ACCTTAACAAGTTGAC,1
ACCTTAACACCATCAT,1
ACCTTAACACTTCAAC,1
ACCTTAACATGCGGTA,1
ACCTTAACTAACAATT,1
ACCTTAACTGTCCCCA,1
ACCTTAACTGTGCCAA,1
ACCTTAACTGTGGCCA,1
ACCTTAAGAAAAGAAA,1
ACCTTAAGTCGATGAT,1
ACCTTAATCAGTACAC,1
ACCTTAATGATCAAGC,1
ACCTTAATGGACTTTT,1
ACCTTAATTCAAAATC,1
ACCTTACACGAGTTGC,1
ACCTTACAGCCAATAA,1
ACCTTACATATTATAG,1
ACCTTACGAATGCACG,1
ACCTTACGCTGTAAAA,1
ACCTTACTGAAAAACA,1
ACCTTACTGGACTTTG,1
ACCTTAGAAATCAACA,1
ACCTTAGCCCCATCCG,1
ACCTTAGCTGTGCCCA,1
ACCTTAGGGATAACAC,1
ACCTTAGTGACGTGCG,1
ACCTTATAGACAATAA,1
ACCTTATCTTACTGAT,1
ACCTTATCTTAGAAAA,1
ACCTTATGGTTTAATA,1
ACCTTCAAAATTTTAC,1
ACCTTCAAATTAGACT,1
ACCTTCACACTGATGT,1
ACCTTCAGCTTATTAA,1
ACCTTCATTAGACCAA,1
ACCTTCCAAATTTTAA,1
ACCTTCCAAATTTTAT,1
ACCTTCCACAGCACAT,1
ACCTTCCACCAAAACG,1
ACCTTCCATGAGATGC,1
ACCTTCCCAATTTTAC,1
ACCTTCCCACTTTAAT,1
ACCTTCCCAGAACGAG,1
ACCTTCCCCAAACGTT,1
ACCTTCCGGCTCTGAA,1
ACCTTCCTAACTCTCT,1
ACCTTCGAAACAGGTG,1
ACCTTCGAACACTGAT,1
ACCTTCGAACTCCAGT,1
ACCTTCGCCTAGTTGG,1
ACCTTCTACAGCACAC,1
ACCTTCTACATCACAT,1
ACCTTCTAGAGCACAT,1
ACCTTCTGTGAGCAAT,1
ACCTTCTTATTAACAA,1
ACCTTGAAAACAAAAG,1
ACCTTGAAGCATAAGA,1
ACCTTGAATCGATGAT,1
ACCTTGACAAATGAAA,1
ACCTTGACACAATCAT,1
ACCTTGACACCACCAT,1
ACCTTGACATCATCAT,1
ACCTTGACGCCATCAT,1
ACCTTGAGTCGGTGAT,1
ACCTTGAGTCTATGAT,1
ACCTTGATGCACACCT,1
ACCTTGATTCGATGAT,1
ACCTTGCGACAAACGT,1
ACCTTGGGGATCATAC,1
ACCTTGGGTAATATCT,1
ACCTTGTAAACTGTCT,1
ACCTTGTATATTTTAT,1
ACCTTGTGACCGAACA,1
ACCTTGTGAGGTGTAG,1
ACCTTGTTACTGGGTT,1
ACCTTGTTTAAAAAGT,1
ACCTTGTTTATCTTAT,1
ACCTTTAAAAGGTACC,1
ACCTTTAATGGCAACT,1
ACCTTTACACCATCAT,1
ACCTTTCAATCTGGTC,1
ACCTTTCAGTCGGTTC,1
ACCTTTCATCGCGTTC,1
ACCTTTCATCGTGCTC,1
ACCTTTCATCGTTTTC,1
ACCTTTCATCTTGTTC,1
ACCTTTCCCGAAGTTT,1
ACCTTTCCCTAGATTA,1
ACCTTTCCTCAATAGG,1
ACCTTTCCTCAATATA,1
ACCTTTCGGCTCTAAA,1
ACCTTTCTCCCGTATG,1
ACCTTTGAAAGGAATT,1
ACCTTTGAACTGAATT,1
ACCTTTGATAGCTTAA,1
ACCTTTGCCCCATGAT,1
ACCTTTGTGCAAAATT,1
ACCTTTTAAGGAGCAG,1
ACCTTTTATCGTGTTC,1
ACCTTTTCCCGCTCCC,1
ACCTTTTGAATAACTA,1
ACCTTTTGTATTATTC,1
ACCTTTTTCTGGAAAC,1
ACCTTTTTTGATTTCA,1
ACGAAAAAAAGTTGGT,1
ACGAAAAAACTCTTTT,1
ACGAAAAAGATAATCG,1
ACGAAAAATGCCATAA,1
ACGAAAACACCGCCAT,1
ACGAAAACACCTCCAG,1
ACGAAAACATAAATGA,1
ACGAAAACATATAGAT,1
ACGAAAACGCAGGAAG,1
ACGAAAACTATGTCAC,1
ACGAAAAGATATTCCA,1
ACGAAAAGCATAAACA,1
ACGAAAAGTCACCCAG,1
ACGAAAATAATATGTT,1
ACGAAAATAGAGCATC,1
ACGAAAATATTCAAGT,1
ACGAAAATCAACACCG,1
ACGAAAATTACAGCGT,1
ACGAAACAACCTACAG,1
ACGAAACACCCACAAC,1
ACGAAACACTTTGGCT,1
ACGAAACAGTGCCCGT,1
ACGAAACCACAAGCAA,1
ACGAAACCTAAGCATG,1
ACGAAACGGTAGGCGA,1
ACGAAACGTGAAGTCA,1
ACGAAACTAATGTGTT,1
ACGAAAGAAATATGCG,1
ACGAAAGACAAAGACA,1
ACGAAAGATCGGTACA,1
ACGAAAGATTTCCCCA,1
ACGAAAGCGAGGCCAA,1
ACGAAAGCTGCTTGAA,1
ACGAAAGTGATAAAGT,1
ACGAAATAACCGAGAC,1
ACGAAATAACTAAAGC,1
ACGAAATAACTACAAC,1
ACGAAATAACTACAGA,1
ACGAAATAACTACAGT,1
ACGAAATACAAAAAAT,1
ACGAAATACCAGAGAC,1
ACGAAATACCCTAGAC,1
ACGAAATATAACACGA,1
ACGAAATATAAGTAGA,1
ACGAAATATAAGTATC,1
ACGAAATCCAATCGTC,1
ACGAAATCCGACCCTC,1
ACGAAATCGAAGCATG,1
ACGAAATGTCCGAGAA,1
ACGAAATTAACCATCC,1
ACGAAATTCAAACAAT,1
ACGAAATTGCAGACAA,1
ACGAACAAACGTACAA,1
ACGAACAACATGGGAT,1
ACGAACAATAGCACTA,1
ACGAACAATGGGCCTC,1
ACGAACACAAACATAA,1
ACGAACACAATGGGAT,1
ACGAACACCCCTACTC,1
ACGAACAGCAAATAGA,1
ACGAACAGTAATCAAT,1
ACGAACAGTCACCCAT,1
ACGAACAGTCACTCAG,1
ACGAACAGTCTAAAAG,1
ACGAACATAATGTGTT,1
ACGAACATACGCAAAT,1
ACGAACATATGCCCTT,1
ACGAACATCCGCACAT,1
ACGAACATCGAAATAA,1
ACGAACATGCTGATCA,1
ACGAACATTGGCACGA,1
ACGAACCAGCTTATGG,1
ACGAACCATATAATTC,1
ACGAACCGTGGTAAAA,1
ACGAACCTAATGTTTT,1
ACGAACCTATAAAACC,1
ACGAACCTATAAAACT,1
ACGAACGACATTAAGC,1
ACGAACGCTCAAATCA,1
ACGAACGGTCATGACG,1
ACGAACGGTGAAACAG,1
ACGAACGTCATAAGCG,1
ACGAACGTCATAGGAG,1
ACGAACGTCATAGGCA,1
ACGAACGTCATAGTCG,1
ACGAACGTGATAGGCG,1
ACGAACTCAATAATCA,1
ACGAACTCATAGCCAG,1
ACGAACTTCCAAAGCG,1
ACGAACTTCCGATTCG,1
ACGAAGACATCACTAA,1
ACGAAGACCGCACAAG,1
ACGAAGAGCGCCGCAA,1
ACGAAGAGTCACCCAG,1
ACGAAGATAGAGCAGC,1
ACGAAGCGAAAAAAGC,1
ACGAAGCGAAACAAGA,1
ACGAAGCGAACCAAGT,1
ACGAAGCGACCCGAGT,1
ACGAAGCTATTATGCT,1
ACGAAGCTCCCCAAGA,1
ACGAAGGAGATACCTC,1
ACGAAGGAGATACTAC,1
ACGAAGGATAAAGAAT,1
ACGAAGGATGTCAGAG,1
ACGAAGGCATTGAGAA,1
ACGAAGGCCATCTCTT,1
ACGAAGGCGCAGCGCA,1
ACGAAGGTAGCTTCAA,1
ACGAAGGTCATAGGCG,1
ACGAAGGTGAAATGCG,1
ACGAAGGTTCCATAAC,1
ACGAAGTAGATAACAA,1
ACGAAGTAGCATTCCC,1
ACGAAGTATAAAAAAT,1
ACGAAGTCACCACTAG,1
ACGAAGTCAGCTGAAA,1
ACGAAGTCCCAAATAA,1
ACGAAGTTCGGCGATA,1
ACGAATAAAAACTCCG,1
ACGAATAAACCTTGGC,1
ACGAATAATATGGCTC,1
ACGAATACCTCCCTCA,1
ACGAATACCTTACTCA,1
ACGAATACCTTCCTAA,1
ACGAATACCTTCCTTA,1
ACGAATACTGACCTAT,1
ACGAATAGAACATCTC,1
ACGAATATCTTCCTCA,1
ACGAATATGTGCTCAA,1
ACGAATCATATGCACA,1
ACGAATCGAACGCTAC,1
ACGAATCGCCGCCTAC,1
ACGAATCGGTGACATC,1
ACGAATCTACACACTG,1
ACGAATCTACGCTTGA,1
ACGAATGAAATGAGAG,1
ACGAATGAACTCTGAT,1
ACGAATGATCGTGTCT,1
ACGAATGGACTTACTC,1
ACGAATGTACATAAGC,1
ACGAATGTTCTATTTA,1
ACGAATGTTGTAATAC,1
ACGAATTAAGTTCAAA,1
ACGAATTAATGATCAA,1
ACGAATTATCCCGCAC,1
ACGAATTCCAACAAGC,1
ACGAATTCGCTCTCAA,1
ACGAATTCGGACAAGC,1
ACGAATTGGCATATAC,1
ACGAATTTTCTAAATG,1
ACGACAAAAATGAATT,1
ACGACAAAACTGCTAC,1
ACGACAAAGCAAATGA,1
ACGACAAATAAAATGA,1
ACGACAACAATATATC,1
ACGACAACACTGAACA,1
ACGACAACCTACGAAG,1
ACGACAACGATATATT,1
ACGACAAGACAGAGTC,1
ACGACAAGAGGTTCTT,1
ACGACAAGCGAAGATA,1
ACGACAAGGCTTCAAT,1
ACGACAAGTTTCAACA,1
ACGACAATAACTATCA,1
ACGACAATTCGGACTA,1
ACGACAATTGATAACG,1
ACGACAATTTAGCAAA,1
ACGACACAACTACAAA,1
ACGACACAATTTGGGT,1
ACGACACACCTAATAG,1
ACGACACAGCTTCAAT,1
ACGACACGAATCACTA,1
ACGACACGGCTTAAAT,1
ACGACACTAACTTAGA,1
ACGACACTACACCGAT,1
ACGACACTATATCAAC,1
ACGACACTTGAATAGA,1
ACGACAGAAGGATTCA,1
ACGACAGAGCGGTACA,1
ACGACAGATCGGTACT,1
ACGACAGATCTGTACA,1
ACGACAGATTGGTACA,1
ACGACATAACCATTAG,1
ACGACATAATTCAGCA,1
ACGACATAGAAACATC,1
ACGACATGCATTCACC,1
ACGACATGCGTTGAGC,1
ACGACATGTCTAAATA,1
ACGACATGTCTAACTT,1
ACGACATGTCTGACTA,1
ACGACATTACAGCTAA,1
ACGACCAAATTGAAGC,1
ACGACCAACAATTTTA,1
ACGACCAACCATAATT,1
ACGACCAACGAGTAAA,1
ACGACCAAGTTTGATT,1
ACGACCATAAGTAGCA,1
ACGACCCAAACCCAAA,1
ACGACCCACCCGTACC,1
ACGACCCACTGATCCC,1
ACGACCCCACCTTGTT,1
ACGACCGAAGCTCTTT,1
ACGACCGCCCAAATCA,1
ACGACCGCTCAAAAAA,1
ACGACCGGTCAAATCA,1
ACGACCGTCGGTTTTG,1
ACGACCTAGAAGATAA,1
ACGACCTCGGAACCTA,1
ACGACCTCTCAAATCA,1
ACGACCTGCTACAATC,1
ACGACGAAATCAGTTA,1
ACGACGAACCCTAAAA,1
ACGACGAGCAAAATAA,1
ACGACGATTATTCCAA,1
ACGACGATTCTCACAA,1
ACGACGCAATCCAGAT,1
ACGACGCATTCTGACC,1
ACGACGCCCATCTCTT,1
ACGACGCCTAGAAGGC,1
ACGACGCGAGTTAATA,1
ACGACGCGATGTAATA,1
ACGACGCGGGGTAATA,1
ACGACGCTATAATAAG,1
ACGACGGATCGGTACA,1
ACGACGGATTTCACCA,1
ACGACGGCGATCTCTT,1
ACGACGGCGCGATTAA,1
ACGACGGTCAACCAAC,1
ACGACGTACGGGAACC,1
ACGACGTATGACTGAG,1
ACGACGTCAGCTAAAA,1
ACGACGTTCTACAGCT,1
ACGACTAATCTAGCCA,1
ACGACTACTGGTTCAA,1
ACGACTATGTAGCAAA,1
ACGACTATTAAAAGAC,1
ACGACTCCGCGCAACA,1
ACGACTCGGAAAGTAC,1
ACGACTCTAACCCTAT,1
ACGACTCTAATGAGGC,1
ACGACTCTACAACATC,1
ACGACTGCGCAAAGGT,1
ACGACTGCTAATGATT,1
ACGACTGCTGTGGCAT,1
ACGACTGGAGGGCCGT,1
ACGACTGTGCGGAATA,1
ACGACTTAGCCTTTAA,1
ACGACTTGATCAGTAT,1
ACGAGAAACGAATCAC,1
ACGAGAAAGTGCCCGT,1
ACGAGAAGGGGTAAAA,1
ACGAGAAGGTTAAATG,1
ACGAGAATACATATCG,1
ACGAGAATACGTATAG,1
ACGAGAATACTTATCG,1
ACGAGAATGTTAAGTC,1
ACGAGACAGTGACCGT,1
ACGAGACAGTGCCCCT,1
ACGAGACAGTTCCCGT,1
ACGAGACATTGCCCGT,1
ACGAGACTCAGGTGAT,1
ACGAGACTCTAATTTC,1
ACGAGACTCTTGTGAT,1
ACGAGACTTCCTGAAA,1
ACGAGAGATCATCAAA,1
ACGAGAGCCCGAAGCA,1
ACGAGATAATGAACGA,1
ACGAGATAGACAACGA,1
ACGAGATATCCATCAG,1
ACGAGATATTCGTAGA,1
ACGAGATCGGATGCAG,1
ACGAGATCTCCATCAC,1
ACGAGATCTCCATCAT,1
ACGAGATGATTCCTCT,1
ACGAGATGGTATTAAC,1
ACGAGATGTGGCTTTA,1
ACGAGATTACAATCGC,1
ACGAGATTTCCTATGG,1
ACGAGCAAAATAACAT,1
ACGAGCAAAGAGAATG,1
ACGAGCAACGAAGGTC,1
ACGAGCAATGTCATAC,1
ACGAGCACAATAAGAT,1
ACGAGCACAATGGATT,1
ACGAGCACAGTAACAT,1
ACGAGCAGAGGTAAAA,1
ACGAGCAGGGTTAAAA,1
ACGAGCAGTGGTAAAA,1
ACGAGCATAGGCGAGA,1
ACGAGCCAAGAGAATA,1
ACGAGCCGAACTTGAA,1
ACGAGCCGACGACGAG,1
ACGAGCCGAGCGTTGT,1
ACGAGCGACGAATAGG,1
ACGAGCGCTTCGAAAG,1
ACGAGCGGTCAAGGGC,1
ACGAGCGTAAAATTAC,1
ACGAGCTAAAAAGAAA,1
ACGAGCTCAATAACAT,1
ACGAGGAAAATTAAAA,1
ACGAGGACGAGCCTAT,1
ACGAGGACTATCAAAA,1
ACGAGGACTATCAAAC,1
ACGAGGACTATCAATT,1
ACGAGGAGCTCCCAGA,1
ACGAGGAGCTTCCAGA,1
ACGAGGATAACCACGT,1
ACGAGGCAGATCACTT,1
ACGAGGCAGTGCCCGT,1
ACGAGGCCAAAAGGTA,1
ACGAGGCGGACAAGCG,1
ACGAGGCTCTTATTGT,1
ACGAGGCTCTTCTAAG,1
ACGAGGCTCTTCTTAG,1
ACGAGGGAATATTATC,1
ACGAGGTCAGGCGTTC,1
ACGAGGTCCGAAATGG,1
ACGAGGTTGCAAGGAC,1
ACGAGGTTTCGACACG,1
ACGAGTAAAATAACAA,1
ACGAGTAATACAAAGG,1
ACGAGTAATGCCATAC,1
ACGAGTACCCGAATCA,1
ACGAGTACCGCCATAC,1
ACGAGTACCTTTCAAC,1
ACGAGTACGGCCATAC,1
ACGAGTACTACCATAC,1
ACGAGTACTATCAAAT,1
ACGAGTACTCCCATAC,1
ACGAGTACTGGCATAC,1
ACGAGTACTTTCATAC,1
ACGAGTATAAAAAACA,1
ACGAGTATAAAAAGCG,1
ACGAGTATCAAAAGAG,1
ACGAGTATCGAAAGCG,1
ACGAGTCATCGAAAAG,1
ACGAGTCCATTAATTT,1
ACGAGTCGAACCGACA,1
ACGAGTCGAGCTGACA,1
ACGAGTCTGGAGCGCG,1
ACGAGTGAAAGAACAA,1
ACGAGTGACTATTATC,1
ACGAGTGAGACACGAT,1
ACGAGTTCGTGGTAAT,1
ACGATAAAACCAACCA,1
ACGATAAAATGCCCAT,1
ACGATAAAATGTACAT,1
ACGATAAAATGTGCAT,1
ACGATAAAGCGGCCTA,1
ACGATAAAGTGTCCAT,1
ACGATAAATATTCAAG,1
ACGATAACAGGATCCA,1
ACGATAACGTCGCCTG,1
ACGATAACTGCTCTAA,1
ACGATAAGCAAAATGA,1
ACGATAAGCTATATTG,1
ACGATAAGCTCGACTT,1
ACGATAAGCTCGCCTC,1
ACGATAAGTTGTATTG,1
ACGATAATAGAAGCCG,1
ACGATAATAGTTTGAG,1
ACGATAATTGGTTACA,1
ACGATACAATTAGTAT,1
ACGATACCAATAGAAT,1
ACGATACCTTTACAGG,1
ACGATACTATTACGAG,1
ACGATACTTGCTCTCC,1
ACGATAGACCGAGCAA,1
ACGATAGATCGGTACA,1
ACGATAGATGCTCAGA,1
ACGATAGTCAATCGTC,1
ACGATATAGCCTAGAC,1
ACGATATATAGGCATC,1
ACGATATCATTGTAAA,1
ACGATATCCCTTCTTT,1
ACGATATCGCACAATC,1
ACGATATCTCCATCAG,1
ACGATATTCTGCCAGG,1
ACGATCAAAACTATAC,1
ACGATCAAATGATACA,1
ACGATCACAAAAAAAC,1
ACGATCACGCCTGTGT,1
ACGATCAGCAGTGGGG,1
ACGATCATAGTTTTAG,1
ACGATCCCGCCCGTCA,1
ACGATCGGCAAAAAAA,1
ACGATCTTATGTACTA,1
ACGATCTTTGGTACTA,1
ACGATCTTTTTACGCT,1
ACGATGAAGATGAAAT,1
ACGATGACACGCTTAC,1
ACGATGACCCTGTGAA,1
ACGATGACTCAAATAG,1
ACGATGATAAGCGAAC,1
ACGATGCAACGGTTAC,1
ACGATGCAGAATACAG,1
ACGATGCATGTAGATC,1
ACGATGCCAATAGAAA,1
ACGATGCCAATAGAAC,1
ACGATGCCAATAGAGT,1
ACGATGCCAATAGTAT,1
ACGATGCCAGCTTATG,1
ACGATGCCAGTAGAAT,1
ACGATGCCCTCAAGTC,1
ACGATGCGCACGACAC,1
ACGATGCGGATGACAC,1
ACGATGCTCATGACAC,1
ACGATGGAATATATTT,1
ACGATGGAGAAAAAAG,1
ACGATGGTCCCTAGTA,1
ACGATGTAAGACTGAG,1
ACGATGTAGATAACAA,1
ACGATGTATGAATGAG,1
ACGATGTATGACTGAT,1
ACGATGTATGACTGGG,1
ACGATGTATTACTGAG,1
ACGATGTCAATAGAAT,1
ACGATGTTATTTATAC,1
ACGATGTTCAACAAAG,1
ACGATGTTCCACGAAG,1
ACGATGTTTTATCAAA,1
ACGATTAAAGGCAAGG,1
ACGATTAAATGTCCAT,1
ACGATTAAATTTCTTT,1
ACGATTAAGACTCCTT,1
ACGATTAATGACCATA,1
ACGATTAATTAGTACA,1
ACGATTAGGCACAATA,1
ACGATTATATCAAGAT,1
ACGATTATCCTGAAGA,1
ACGATTATCGTAACAT,1
ACGATTATGGATAATT,1
ACGATTCAGAACAATA,1
ACGATTCATAAACCCT,1
ACGATTCATAACCATA,1
ACGATTCCCCAGTTAG,1
ACGATTCCCCTACCCG,1
ACGATTCGAACTGACA,1
ACGATTCGACCCACCA,1
ACGATTCTAAGCCATC,1
ACGATTCTCAGATACA,1
ACGATTGGAGAATCCA,1
ACGATTTAGGCTGAAC,1
ACGATTTATTATTTCA,1
ACGATTTCCTATTTAT,1
ACGATTTTTAAGACTC,1
ACGATTTTTACTGGAA,1
ACGCAAAAAACCTACT,1
ACGCAAAAGAAAAACA,1
ACGCAAACGAAATTCA,1
ACGCAAACGGTGGACT,1
ACGCAAAGTGCCATAT,1
ACGCAAAGTGCTCCTT,1
ACGCAAATAGATAACC,1
ACGCAAATATGAACGC,1
ACGCAACCGTGAATCG,1
ACGCAACCTGTAAGAG,1
ACGCAACCTTGCAAAA,1
ACGCAACGACTCGCAG,1
ACGCAACGCCGATATA,1
ACGCAACTTAAGACAA,1
ACGCAAGAAACGACCG,1
ACGCAAGAAAGAGTAG,1
ACGCAAGCGGACGGCA,1
ACGCAAGGAGGATTAA,1
ACGCAAGTCACATCAA,1
ACGCAAGTCGAGCAAG,1
ACGCAAGTTAAATAAA,1
ACGCAAGTTCGTAAGC,1
ACGCAAGTTCTTCAGC,1
ACGCAAGTTTCTCTAG,1
ACGCAATAAAGTTTTT,1
ACGCAATAAATGGGGA,1
ACGCAATAGAATAGTA,1
ACGCAATATGCAAGCG,1
ACGCAATTTCAAATCC,1
ACGCACAAATGCTGTC,1
ACGCACAACTGCACCT,1
ACGCACACATTCTAAA,1
ACGCACAGACCACTCC,1
ACGCACAGTCAACTCC,1
ACGCACAGTCCACTCT,1
ACGCACCAGCCATTAT,1
ACGCACCAGCGCAGCA,1
ACGCACCATGGTTAAC,1
ACGCACCCAAGTACCA,1
ACGCACCCACAATACC,1
ACGCACCGTCTGACTC,1
ACGCACCTAGAACATC,1
ACGCACCTGAATCCCA,1
ACGCACGAAGCACCCA,1
ACGCACTACCACGCTC,1
ACGCACTATGGCTCTG,1
ACGCACTTATCAAAGA,1
ACGCAGAACAGTAACT,1
ACGCAGAACCTCTCTC,1
ACGCAGACCCACATAA,1
ACGCAGACTGCACTAT,1
ACGCAGAGAGGAGAAA,1
ACGCAGAGATTTTGCT,1
ACGCAGATAATAACCA,1
ACGCAGATAATCAACC,1
ACGCAGATTATTCCAA,1
ACGCAGCAACTACTAG,1
ACGCAGCTGATGACTA,1
ACGCAGGTTACTTAGG,1
ACGCAGGTTCGTCAGC,1
ACGCAGTAAGTTCAAC,1
ACGCAGTCCAATTAAC,1
ACGCAGTTACAAGATA,1
ACGCAGTTACCACATA,1
ACGCAGTTACCAGACA,1
ACGCAGTTTACTTCGG,1
ACGCATAAACGACATA,1
ACGCATAAATAATGTG,1
ACGCATAAGGTCTATC,1
ACGCATAATTAGAAAA,1
ACGCATATACCAACGG,1
ACGCATATAGGTTCAA,1
ACGCATATCGGACTTG,1
ACGCATCAAAGGATTC,1
ACGCATCAAGTCTATC,1
ACGCATCATGTTATAT,1
ACGCATCCCAGAATTA,1
ACGCATCGACAAGTAC,1
ACGCATCGATAATGTT,1
ACGCATCGATAATTTG,1
ACGCATCGGTAATGTG,1
ACGCATCTAAATATAG,1
ACGCATCTAGCACATC,1
ACGCATGGAATCTCCC,1
ACGCATGTAACTGGAT,1
ACGCATGTTTTAATAC,1
ACGCATTACTAAATCT,1
ACGCATTATTTGGCCT,1
ACGCATTCAGTTCAAC,1
ACGCATTCCAACAAAT,1
ACGCATTGATAACCAG,1
ACGCCAAAAAAGACAT,1
ACGCCAAAACCCTAAC,1
ACGCCAAACAAGAACG,1
ACGCCAAATGACCTTA,1
ACGCCAATAAGCTGAA,1
ACGCCAATGTCATTCA,1
ACGCCAATTATTCCAA,1
ACGCCAATTCCTATAA,1
ACGCCAATTGAGCAAC,1
ACGCCACAGACTCACG,1
ACGCCACGTATTAGAC,1
ACGCCACTGATCAAAA,1
ACGCCAGACAAATTAA,1
ACGCCAGGCCTGCCTC,1
ACGCCAGTCTCAAAAC,1
ACGCCATACCTATATA,1
ACGCCATCCTTGAACT,1
ACGCCATTCGTGACAA,1
ACGCCCAAAGTTGCCC,1
ACGCCCAACGAAAGTA,1
ACGCCCAGGGTCCCCA,1
ACGCCCATACAGAAGG,1
ACGCCCATATTTAAAT,1
ACGCCCCAAAGGATTC,1
ACGCCCCCCATATCAT,1
ACGCCCCGTAGCTAAC,1
ACGCCCGAATAAAGCA,1
ACGCCCGCATCAACAT,1
ACGCCCGCCTGCTTTT,1
ACGCCCTAACTGGAGA,1
ACGCCCTGATCTTAAG,1
ACGCCCTTAGCATCTT,1
ACGCCCTTGGCATTTC,1
ACGCCGAAGACCAGAA,1
ACGCCGACATCACAAC,1
ACGCCGACCAAAAAAC,1
ACGCCGAGAGTACAAC,1
ACGCCGAGTCAACGAC,1
ACGCCGATAATAAACA,1
ACGCCGATATCGTCCA,1
ACGCCGATGATTCCAA,1
ACGCCGATTATTCGAA,1
ACGCCGCTATGCTATT,1
ACGCCGGATAAAATAT,1
ACGCCGGGAATCCCCG,1
ACGCCGTAAAACCCTT,1
ACGCCGTAAATAAATT,1
ACGCCGTTACCGGTCA,1
ACGCCTAAAAATAATG,1
ACGCCTAAAAGGATTC,1
ACGCCTAAACCTTATG,1
ACGCCTAACTATGCCA,1
ACGCCTAATACATATA,1
ACGCCTATACCAATGG,1
ACGCCTCAAAGGACTC,1
ACGCCTCAAAGGGTTC,1
ACGCCTCAAATGATTC,1
ACGCCTCAACATTATG,1
ACGCCTCAGAGGATTC,1
ACGCCTCGCAAACAAA,1
ACGCCTCGCAGACAAA,1
ACGCCTCTAATGAGGA,1
ACGCCTCTAATGAGTC,1
ACGCCTCTAATGTGGC,1
ACGCCTCTACAAGTGT,1
ACGCCTCTACTGAGGC,1
ACGCCTCTGATGAGGC,1
ACGCCTCTTGGTCTCC,1
ACGCCTGCACGAGTAC,1
ACGCCTGGACCTAAAT,1
ACGCCTGTACGAATAC,1
ACGCCTGTATGAGTAC,1
ACGCCTGTCTCTGGGA,1
ACGCCTTGGACCATTA,1
ACGCCTTTAAGCGCAA,1
ACGCGAATTATCTATA,1
ACGCGAATTATGTAGA,1
ACGCGACGGGACGATC,1
ACGCGACTAAACCCCT,1
ACGCGAGACAAAAAAA,1
ACGCGAGACAGAGTTT,1
ACGCGAGTTCGTCAGC,1
ACGCGATCGAATTACA,1
ACGCGATCTAAACGAA,1
ACGCGATTATACGGAG,1
ACGCGCATGACCGCGA,1
ACGCGCATTAAGTTCC,1
ACGCGCCAATGGCCCT,1
ACGCGCCCCGCCCCCA,1
ACGCGCCGACTACGAG,1
ACGCGCGATCCTGTAT,1
ACGCGCGGACGACGAG,1
ACGCGCGGGCAAGGGC,1
ACGCGGAACAAAAAAC,1
ACGCGGACCAAAAAGC,1
ACGCGGACGAAAAAAC,1
ACGCGGAGGTCAGTCC,1
ACGCGGCAGATCAATT,1
ACGCGGCATGCTACTT,1
ACGCGGGACCAAAAAA,1
ACGCGGGAGAAAACGC,1
ACGCGGTAATAGTAAG,1
ACGCGTAACAACTGCC,1
ACGCGTAACTTTAAAC,1
ACGCGTAATAGTAAAG,1
ACGCGTCAAAACTGCC,1
ACGCGTCAATTAATTT,1
ACGCGTCAGATCACTT,1
ACGCGTCTGCTATGCC,1
ACGCGTGACAAAAATT,1
ACGCGTGTACCCCTCA,1
ACGCGTTAACTTTCGG,1
ACGCGTTATTATATCC,1
ACGCGTTCCGGCTCCC,1
ACGCGTTCCTATGGAA,1
ACGCGTTTATGTCATG,1
ACGCTAAAAAGCAACA,1
ACGCTAAAACAAACCA,1
ACGCTAAACTTCAGCG,1
ACGCTAAAGACTCAAT,1
ACGCTAAAGATTCAAG,1
ACGCTAAATATTCAAT,1
ACGCTAACCCCCGACG,1
ACGCTAACGCTAAATG,1
ACGCTACAAATGAAGA,1
ACGCTACAAGCGATTA,1
ACGCTACTAATAATGG,1
ACGCTACTCCTCTAAT,1
ACGCTAGACCAAAAAA,1
ACGCTAGCGTCATCTG,1
ACGCTAGCTGTAAAGC,1
ACGCTATAAACTTATG,1
ACGCTATAAAGTTATA,1
ACGCTATACAAGTAGC,1
ACGCTATAGTAGACGA,1
ACGCTATATAATGTCT,1
ACGCTATCAGCCCCAT,1
ACGCTATCTAATGTCC,1
ACGCTATCTAGCCATC,1
ACGCTATGAAAAACTT,1
ACGCTATGTAATGTCT,1
ACGCTATTCTTGAATA,1
ACGCTATTTTTGAATA,1
ACGCTCAAAATGAAGA,1
ACGCTCAACGGCAAGC,1
ACGCTCATTAAGACAA,1
ACGCTCCTACCAAGCA,1
ACGCTCCTACCACCCA,1
ACGCTCCTACCACTCA,1
ACGCTCCTCCTATGCT,1
ACGCTCGAATACTTAC,1
ACGCTCTAAATTATTG,1
ACGCTCTAGCTTGTAA,1
ACGCTGAGATCCTTTA,1
ACGCTGATAGTCTATT,1
ACGCTGATATAAGGAT,1
ACGCTGCCACATTTAC,1
ACGCTGCGTACTCAAA,1
ACGCTGCTACATAGAG,1
ACGCTGGCATCTCCAT,1
ACGCTGTGAGATTCAT,1
ACGCTGTGATGAGAAT,1
ACGCTGTTAAAATGCA,1
ACGCTGTTGTTGAATA,1
ACGCTTAAGACTCCTC,1
ACGCTTAATATTCAAG,1
ACGCTTATATCAGGAT,1
ACGCTTATCGTCTATT,1
ACGCTTCCATTAATTT,1
ACGCTTGAAAATTACC,1
ACGCTTGCACGAGGAC,1
ACGCTTGTACGAGTAC,1
ACGCTTTAAACCCCAT,1
ACGCTTTAACTAAAAA,1
ACGCTTTCGATTGAGT,1
ACGCTTTCGATTGCAT,1
ACGCTTTCGATTTCGT,1
ACGGAAAAAATAGAAT,1
ACGGAAAAACAACTTA,1
ACGGAAAACCTTACGA,1
ACGGAAAAGCAGTCCA,1
ACGGAAAAGGATAGCG,1
ACGGAAAAGGCATGTA,1
ACGGAAAAGTCATGTG,1
ACGGAAAATAAGTCCA,1
ACGGAAAATCAGTACA,1
ACGGAAAATCAGTCGA,1
ACGGAAAATCATTCCA,1
ACGGAAACATCAAATT,1
ACGGAAACCATTTCGT,1
ACGGAAACTGCTTAGA,1
ACGGAAATCCAAACTC,1
ACGGAAATGCAATCCT,1
ACGGAAATGGAATAAA,1
ACGGAAATTATGGACA,1
ACGGAACAATATCGAT,1
ACGGAACCGACAAACG,1
ACGGAACCGCTATGCA,1
ACGGAAGATCAAAGCA,1
ACGGAAGATCTATTCC,1
ACGGAAGCTCTGTTCC,1
ACGGAAGTGAACACTA,1
ACGGAAGTGTTATGTC,1
ACGGAATACACTAGAA,1
ACGGAATGCTCTGATA,1
ACGGACAAATAATTTC,1
ACGGACAAATACCTAA,1
ACGGACAAATATTTTC,1
ACGGACAACCCCGCCG,1
ACGGACAAGCCTATAA,1
ACGGACAAGGGCTCCC,1
ACGGACAATCACAGTC,1
ACGGACAGGAGGAATC,1
ACGGACAGTCACCCAG,1
ACGGACATCGTCGTAC,1
ACGGACATGTAAACCC,1
ACGGACCCATATATAC,1
ACGGACCTACAACGAT,1
ACGGACCTAGCCCACG,1
ACGGACGAGAGGAATA,1
ACGGACGCAGACTATA,1
ACGGACGCAGGCTATT,1
ACGGACTAAATTGGAC,1
ACGGACTCAAGTCATA,1
ACGGACTGATCATCGG,1
ACGGAGAAACCCGCCG,1
ACGGAGAAATACTTTC,1
ACGGAGAACACCGCCG,1
ACGGAGAACCCAGCCG,1
ACGGAGAACCCCACCG,1
ACGGAGAACCCCCCCG,1
ACGGAGAACCCCGGCG,1
ACGGAGAACCCTTCCG,1
ACGGAGAACGTACCCA,1
ACGGAGAAGCAATCCA,1
ACGGAGACCAGATGCA,1
ACGGAGACCGGTACAA,1
ACGGAGAGCCCCGCCG,1
ACGGAGATGCGACTCT,1
ACGGAGCGTACAATGT,1
ACGGAGCTCTCAAGAA,1
ACGGAGGATCTAGCAT,1
ACGGAGGTACAACCTC,1
ACGGAGTAAATGGAGA,1
ACGGAGTACTGGTAAT,1
ACGGAGTATCAAATGT,1
ACGGAGTCATCTTTCT,1
ACGGAGTTATCCGAAG,1
ACGGATAAAGGAAGTC,1
ACGGATAAATTAGACC,1
ACGGATAACCACCTAG,1
ACGGATAAGATAGATA,1
ACGGATACGAGTCCGA,1
ACGGATAGAACAAATA,1
ACGGATATCAATGAAA,1
ACGGATCGCCATAGTG,1
ACGGATCTATATTTCG,1
ACGGATCTCCTCTAAT,1
ACGGATGAACTGCGAG,1
ACGGATGACTCCATCC,1
ACGGATGGACTGACTT,1
ACGGATGTAAAAATGA,1
ACGGATGTAAAGCGAT,1
ACGGATGTACATCGAT,1
ACGGATGTCTATATCC,1
ACGGATGTGCAGCGAT,1
ACGGATTAAAGAAGTC,1
ACGGATTAAGGAAGCC,1
ACGGATTAGGGAAGTC,1
ACGGATTATCAAATGT,1
ACGGATTCATAAAAAA,1
ACGGATTCCTTAACTA,1
ACGGATTTATAATTAT,1
ACGGATTTTTATTACG,1
ACGGCAACACCTACCA,1
ACGGCAACCCCAAAAA,1
ACGGCAATAACTATAA,1
ACGGCAATAACTATCT,1
ACGGCACACTACGAGG,1
ACGGCACCAAGGCCTC,1
ACGGCACCCTCGAAAG,1
ACGGCAGAATTATAAT,1
ACGGCAGCTTACTAAC,1
ACGGCAGGCATACCTC,1
ACGGCAGGCCCGCCTC,1
ACGGCAGGCCTGCCTA,1
ACGGCAGGCCTGCCTT,1
ACGGCAGGCCTGCGCA,1
ACGGCAGTAACTATCA,1
ACGGCATATAAACAAA,1
ACGGCATGACTAAACT,1
ACGGCATGAGTCTCAC,1
ACGGCCACTAAATATT,1
ACGGCCACTTAAATCG,1
ACGGCCCAAACCAATA,1
ACGGCCCATGTGTAAA,1
ACGGCCCCAGGGTCCA,1
ACGGCCCCGATGGTTC,1
ACGGCCCGAATCCAGA,1
ACGGCCCTCCCAAACG,1
ACGGCCGTAATTAGAA,1
ACGGCCGTAATTCGAG,1
ACGGCCGTACTGGTTC,1
ACGGCCTATGCGTAAA,1
ACGGCCTATGTGCAAA,1
ACGGCCTATTTGTAAA,1
ACGGCCTCATGGGACA,1
ACGGCCTGTGAGGTGA,1
ACGGCGAAAACTGTTA,1
ACGGCGAAACAAATGC,1
ACGGCGAAACAACTCT,1
ACGGCGAAACACATCT,1
ACGGCGAAACAGCTCT,1
ACGGCGAAACGCCTCT,1
ACGGCGAAGCACCTCT,1
ACGGCGACGTAAAAAC,1
ACGGCGATAAAGATGC,1
ACGGCGATAGCATGCG,1
ACGGCGATTATAATCA,1
ACGGCGCGTGATTTGG,1
ACGGCGGGCCTGCCTC,1
ACGGCGGTACAACCTA,1
ACGGCGGTACAACCTT,1
ACGGCGGTGCAACCTC,1
ACGGCGTTCACACGAT,1
ACGGCGTTCGCACAAT,1
ACGGCTAAACACCTCT,1
ACGGCTAGGCCCGAGG,1
ACGGCTAGTCCCGAGG,1
ACGGCTATCCCACTAG,1
ACGGCTGCCAATTCGT,1
ACGGCTGCGAAAGAAT,1
ACGGCTGGCCTAGAAT,1
ACGGCTGTACGAGTAC,1
ACGGCTGTATATATCC,1
ACGGCTGTCTATATCA,1
ACGGCTGTCTTTATCC,1
ACGGCTGTTTATATCC,1
ACGGCTTGAGGACCCT,1
ACGGCTTGGAAAGTGA,1
ACGGGAAAAAGAACTG,1
ACGGGAAAAATATTCA,1
ACGGGAAACGTAACTC,1
ACGGGAAGTGTTATAG,1
ACGGGAAGTTTTGTAG,1
ACGGGAATAACTATCA,1
ACGGGAATACAAACAC,1
ACGGGAATACATCTGT,1
ACGGGAATCTAGGACA,1
ACGGGAATTATCCCCA,1
ACGGGAATTCATTTGT,1
ACGGGACATATAGTAC,1
ACGGGACCAATAGTAC,1
ACGGGACCTACAGTAC,1
ACGGGACTAAATATAG,1
ACGGGACTAAATATAT,1
ACGGGACTAGATATAC,1
ACGGGACTGAATATAC,1
ACGGGAGAGTAGTTCA,1
ACGGGAGTGCCTCACG,1
ACGGGATAAGATACGA,1
ACGGGATCACATAGCC,1
ACGGGATCCAACAACT,1
ACGGGATTACAAGAAG,1
ACGGGATTCCTCCCAT,1
ACGGGATTTTCTGACC,1
ACGGGCAAAACAACTG,1
ACGGGCAAAAGAAATG,1
ACGGGCAAAAGAACTT,1
ACGGGCAATCACAATC,1
ACGGGCACCCCAAATC,1
ACGGGCAGACACACCC,1
ACGGGCATAGCCCTTT,1
ACGGGCCAAGAGAATG,1
ACGGGCGAGGATAACA,1
ACGGGCTAAGATAAGA,1
ACGGGCTAAGATACAA,1
ACGGGCTAAGATACGG,1
ACGGGCTAAGATACTA,1
ACGGGCTCACTAGCCA,1
ACGGGCTCTAACGCAC,1
ACGGGCTTAAACGAAG,1
ACGGGCTTAACCAAAG,1
ACGGGGAACCAAGTGA,1
ACGGGGAACCCCGCCG,1
ACGGGGACCTTAACGA,1
ACGGGGATGATAATCA,1
ACGGGGATTATAATAA,1
ACGGGGATTATAATGA,1
ACGGGGCAATCAGAGC,1
ACGGGGGAACAACCTG,1
ACGGGGGATAAAGCAT,1
ACGGGTAAAAATGTTG,1
ACGGGTAGAAAATCAT,1
ACGGGTATCCAACTAG,1
ACGGGTATCCTACTAT,1
ACGGGTCCACATTAAT,1
ACGGGTCTCTATTTCG,1
ACGGGTGTAATTAGAT,1
ACGGGTGTCTATATCC,1
ACGGGTTATATCGCAA,1
ACGGGTTCACGCACAA,1
ACGGGTTTTCAACGGG,1
ACGGTAAAAATCGAAT,1
ACGGTAAAACCATAAA,1
ACGGTAAAACTAACAA,1
ACGGTAAATTAGCGGG,1
ACGGTAACAATTTCAA,1
ACGGTAACCGGGACTC,1
ACGGTAAGTGTTGTAG,1
ACGGTAATAATGTCAA,1
ACGGTACTAAATATAC,1
ACGGTACTTTTACCCA,1
ACGGTAGAAGCGTATA,1
ACGGTAGAAGTGTATA,1
ACGGTAGAATTTGATA,1
ACGGTAGAGGTGGATA,1
ACGGTAGATAATTACA,1
ACGGTATAAAGCATAC,1
ACGGTATAAGAGAAAT,1
ACGGTATATCAAATGG,1
ACGGTATCAGCGCCAT,1
ACGGTATCCACAGTTA,1
ACGGTATCCCAAGTTA,1
ACGGTATCCCCGGTTA,1
ACGGTATCTAACAAAG,1
ACGGTATGAGTCTGAC,1
ACGGTATTACAAGACG,1
ACGGTATTACTAAACT,1
ACGGTATTCCAGAGAC,1
ACGGTATTCCCAGTTA,1
ACGGTCAAACCCTCAT,1
ACGGTCAAAGTAAACA,1
ACGGTCAAGATTCAAG,1
ACGGTCAATCCATGCT,1
ACGGTCACAATGTCAA,1
ACGGTCACTACATGCT,1
ACGGTCACTCCATGAT,1
ACGGTCACTCCATGCC,1
ACGGTCACTGAGAGTT,1
ACGGTCATAGTGTCAA,1
ACGGTCCGAGACAGAA,1
ACGGTCTTAGGCTGTT,1
ACGGTGACAGGAAAAA,1
ACGGTGACCTGTACGA,1
ACGGTGAGAAATCGAT,1
ACGGTGATTTTTCATT,1
ACGGTGTTAAGCTTTT,1
ACGGTGTTCGCACGAT,1
ACGGTTAAAGGAATTT,1
ACGGTTACTCCATGCT,1
ACGGTTAGACCCACCA,1
ACGGTTAGGCTTTGAT,1
ACGGTTATACCGTGAT,1
ACGGTTATGCGGTGAT,1
ACGGTTCAAGCAAATC,1
ACGGTTCACGATTTCA,1
ACGGTTCTAAATCAAG,1
ACGGTTTATCACAAAA,1
ACGGTTTCATCCCTAG,1
ACGGTTTCTTTCCTAT,1
ACGGTTTTACGCTTTT,1
ACGTAAAAAGAAATCA,1
ACGTAAAACCTTGACG,1
ACGTAAAACTCAAAGT,1
ACGTAAAACTGCGACG,1
ACGTAAAATACTAAGC,1
ACGTAAACAAATACAT,1
ACGTAAACAACAGCTT,1
ACGTAAACGGTAGACT,1
ACGTAAAGCACATTTT,1
ACGTAAAGTAACAAAG,1
ACGTAAAGTACAATAT,1
ACGTAAATCAAATTAC,1
ACGTAAATGAATGCCA,1
ACGTAAATGTACATAC,1
ACGTAAATGTCAATTT,1
ACGTAACATACACTCC,1
ACGTAACATATATAAG,1
ACGTAACCAATATCCA,1
ACGTAACCAATCTCCT,1
ACGTAAGATCAAGCTT,1
ACGTAAGGGCCCATTG,1
ACGTAAGTACTGCAGC,1
ACGTAAGTGATAAAGT,1
ACGTAATAAATCTGTC,1
ACGTAATAACAAAGGC,1
ACGTAATAAGTATGTC,1
ACGTAATAAGTCTTTC,1
ACGTAATACCAATAGA,1
ACGTAATACTCCGGAC,1
ACGTAATAGCCATACA,1
ACGTAATAGGTCTGTC,1
ACGTAATATCAAATGT,1
ACGTAATCAATCTCCA,1
ACGTAATCACATTTCG,1
ACGTAATCTAACAATT,1
ACGTAATGGCATCGGT,1
ACGTAATTACGATAAT,1
ACGTAATTCCAACTGA,1
ACGTACAAAAATGACC,1
ACGTACAACATTGACG,1
ACGTACAACCTGGACG,1
ACGTACAACCTTTACG,1
ACGTACAACGTTGACG,1
ACGTACACAATGATAT,1
ACGTACACGCAAATAT,1
ACGTACAGCTTCCTGA,1
ACGTACAGGATGCTGT,1
ACGTACATAATCAAGG,1
ACGTACATGAGACTTA,1
ACGTACATTTGACTCC,1
ACGTACCACTATCTAG,1
ACGTACCAGAACGCAC,1
ACGTACCATAAAAAGG,1
ACGTACCATGGCTCTG,1
ACGTACCCTAAAATCA,1
ACGTACGGAACCAAAA,1
ACGTACGTTAAATAAA,1
ACGTACGTTAGTTCGC,1
ACGTACTAAAAAATAG,1
ACGTACTAAAAGCTAG,1
ACGTACTAAGGCTCTG,1
ACGTACTATGAATCTG,1
ACGTACTATGACTCTG,1
ACGTACTATGCCTCTG,1
ACGTACTCGAGGCAAA,1
ACGTACTGTACCATGG,1
ACGTACTGTGGCTCTG,1
ACGTAGAACCCCGCCG,1
ACGTAGACCCACACAA,1
ACGTAGACCTTAGCAT,1
ACGTAGACCTTCACAA,1
ACGTAGAGAAACGAAC,1
ACGTAGAGCCCATTTT,1
ACGTAGATCTACACAA,1
ACGTAGATGTTTGCAA,1
ACGTAGATTAAAGCTA,1
ACGTAGCCACACCGAT,1
ACGTAGCCACCCATAC,1
ACGTAGCCCCGACCTG,1
ACGTAGCCTCAAAGAA,1
ACGTAGCTAAAAGAAC,1
ACGTAGTAAAAACTAG,1
ACGTAGTACCAGGAAC,1
ACGTAGTGAGTGAGCT,1
ACGTATAACAGTAAGA,1
ACGTATAACCAGCTTG,1
ACGTATAACCTTGACG,1
ACGTATAGAAAAGCAA,1
ACGTATCAACCCCACA,1
ACGTATCACCGTCAAA,1
ACGTATGACTGGAGAA,1
ACGTATTAAACAATAA,1
ACGTATTGTTCGTAAC,1
ACGTATTTACCAACGT,1
ACGTATTTCACTTGCA,1
ACGTATTTTAAAGAAG,1
ACGTATTTTCGAGGCT,1
ACGTCAAAGACGAGGG,1
ACGTCAAATTAACACA,1
ACGTCAACGTAGAAAT,1
ACGTCAATAAGACTGC,1
ACGTCAATAAGTCTGC,1
ACGTCAATTACCATCT,1
ACGTCACAACAAAACC,1
ACGTCACAACAACAAC,1
ACGTCACACCAACACC,1
ACGTCACATAGACCAA,1
ACGTCACCAAAATCTG,1
ACGTCACGACAACACC,1
ACGTCACTACGCCGTC,1
ACGTCACTTCCGTACC,1
ACGTCAGAGTGTGCCA,1
ACGTCAGATGAGAACA,1
ACGTCAGTAATAAGTC,1
ACGTCAGTGGACAGGA,1
ACGTCATAACAAAACG,1
ACGTCATCAGGGCAAG,1
ACGTCATCCAGCAAGA,1
ACGTCATCCCTCAAGA,1
ACGTCATGCGTTGAAC,1
ACGTCATTAGTGTACT,1
ACGTCATTCAATCAAC,1
ACGTCCAATCACTATT,1
ACGTCCACCAGTTAAC,1
ACGTCCACCTTAGTGT,1
ACGTCCACGTTATTGT,1
ACGTCCAGCGCTATCT,1
ACGTCCATCAATAACT,1
ACGTCCATCCATCCCA,1
ACGTCCCCGAAATCTG,1
ACGTCCCTATCGAAAG,1
ACGTCCTACCTAAACT,1
ACGTCCTATGTATCCT,1
ACGTCCTATGTGTAAA,1
ACGTCCTCAATCAATA,1
ACGTCCTCATTGTAAG,1
ACGTCCTCGATCAAAA,1
ACGTCGAAGACGTGAC,1
ACGTCGAATCAAGCTA,1
ACGTCGACAACGACAT,1
ACGTCGATTATTCCAA,1
ACGTCGCAACAATACT,1
ACGTCGCAACCTATAA,1
ACGTCGCATGATATCA,1
ACGTCGCCACACATGA,1
ACGTCGGAATCAACCC,1
ACGTCGGACTTTTTAG,1
ACGTCGGATTGCACAT,1
ACGTCGGTACAACCTC,1
ACGTCGTCTACAGAGG,1
ACGTCGTGAGTAAGAT,1
ACGTCTAGAAGGCAGG,1
ACGTCTATTTTCAGTT,1
ACGTCTCACGTCGGAA,1
ACGTCTCATGATCTCA,1
ACGTCTCGACCTTCCG,1
ACGTCTCTAATGAGGC,1
ACGTCTGAACATCAGA,1
ACGTCTGACTAAAATA,1
ACGTCTTACCCTGTTA,1
ACGTCTTATTTGTTTG,1
ACGTCTTCAGACATCG,1
ACGTCTTTATACTACT,1
ACGTCTTTTCGAGATG,1
ACGTGAAAAGCATATG,1
ACGTGAAATCCAGATT,1
ACGTGAATAAGGCTGC,1
ACGTGAATGAAGCCCA,1
ACGTGAATGCGCAACG,1
ACGTGACAAAGTTCAC,1
ACGTGACAACAACACC,1
ACGTGACGATAAGCCT,1
ACGTGACGGCCTGTAG,1
ACGTGACGTTTAAAAC,1
ACGTGAGAGTTAAGTC,1
ACGTGAGAGTTCACTC,1
ACGTGAGAGTTCTGTC,1
ACGTGAGGCCGATTAC,1
ACGTGATTTTCTAAAA,1
ACGTGCAACCTTGACG,1
ACGTGCACAGAACTTC,1
ACGTGCAGACACACCT,1
ACGTGCCCAAAATCTG,1
ACGTGCCTTACCGCTT,1
ACGTGCGACCGTCCGT,1
ACGTGCGTCGTCTCAG,1
ACGTGCTAACTATTCA,1
ACGTGCTAACTTTCTT,1
ACGTGCTAATGTCTCC,1
ACGTGCTGGTTATACA,1
ACGTGCTTAGCAGGGA,1
ACGTGGAAATTCAGAG,1
ACGTGGAACTGGAGAA,1
ACGTGGACATATATCA,1
ACGTGGACCGAGAGGC,1
ACGTGGACTATCAAAT,1
ACGTGGAGGAAAAACA,1
ACGTGGATAAATATCA,1
ACGTGGATTATAATCA,1
ACGTGGCCCGAGAGGC,1
ACGTGGCGAATTAATA,1
ACGTGGGCCCAATCTC,1
ACGTGGTAAACCGCCA,1
ACGTGGTAACCATTAA,1
ACGTGGTCATAAGCTA,1
ACGTGGTCATAATCTG,1
ACGTGGTCCTAGGTCC,1
ACGTGGTCGAATCTAG,1
ACGTGGTTCCCTTGAA,1
ACGTGTAACCTTAAAC,1
ACGTGTAACTCTAAAC,1
ACGTGTAACTTTAAAA,1
ACGTGTAAGTTTAAAC,1
ACGTGTACACTAACCA,1
ACGTGTACCCAGCATG,1
ACGTGTATCCCACTAG,1
ACGTGTCATAAACTGG,1
ACGTGTGAAATATAAA,1
ACGTGTGACCTTCCGT,1
ACGTGTGACGGTCCGT,1
ACGTGTGCAAATTGGC,1
ACGTGTGCTGACACAT,1
ACGTGTGGTTCGTAAC,1
ACGTGTTAAATAAGAT,1
ACGTGTTACCGTCCGT,1
ACGTGTTACGGCTCCC,1
ACGTGTTATCGTCACA,1
ACGTGTTCAGACATAG,1
ACGTGTTCAGACATCT,1
ACGTGTTCATACATCT,1
ACGTTAACCCAAAGCA,1
ACGTTAACCTTGAAAG,1
ACGTTAAGATAGCTGC,1
ACGTTAAGATCACAGG,1
ACGTTAAGATTGCCGC,1
ACGTTAAGGGTCCCCA,1
ACGTTAATAAATCGGA,1
ACGTTAATTATATTAT,1
ACGTTACAGAGACGAC,1
ACGTTACCAAGCATAT,1
ACGTTACCATGAATAT,1
ACGTTACTTATCCAAT,1
ACGTTAGAAAGCTAAG,1
ACGTTAGAGTTCAGTC,1
ACGTTAGGATTACACA,1
ACGTTAGTAGACCAGA,1
ACGTTAGTTAACATAC,1
ACGTTATAAACTTATA,1
ACGTTATCCCCAGTTA,1
ACGTTATCTAATGTCT,1
ACGTTATTTAACTAAC,1
ACGTTATTTATCCAAG,1
ACGTTATTTCAATAAC,1
ACGTTATTTCACTAAA,1
ACGTTCAAACTACAGC,1
ACGTTCACCACTTGAT,1
ACGTTCATAATGTCAA,1
ACGTTCATCTGGCTAG,1
ACGTTCATCTGGTTCG,1
ACGTTCATCTGTCTCG,1
ACGTTCATGTGGCTCG,1
ACGTTCATTAATAGTT,1
ACGTTCCTACATTAGT,1
ACGTTCCTTACACTAT,1
ACGTTCCTTTTAGTGA,1
ACGTTCGAAGGTTAAA,1
ACGTTCGACTACTTAC,1
ACGTTCGCCACTGGAT,1
ACGTTCGCCCTAAATA,1
ACGTTCGCCTTCAATA,1
ACGTTCGTCCTCAATA,1
ACGTTCTAAACATCGG,1
ACGTTCTCAACATCTG,1
ACGTTCTCCCTCAATA,1
ACGTTCTGCATAAGAT,1
ACGTTCTGTTTACTTT,1
ACGTTGAGGCTCCCCA,1
ACGTTGAGGGACCCCA,1
ACGTTGAGGGTACCCA,1
ACGTTGAGGGTCCACA,1
ACGTTGATACCCCTGT,1
ACGTTGATGGATAATT,1
ACGTTGCAAATATTAT,1
ACGTTGCTAAATTAGT,1
ACGTTGCTTACGTAAG,1
ACGTTGGAATCGCAAG,1
ACGTTGGACAGCTAAG,1
ACGTTGGAGCTTGGGG,1
ACGTTGGATACTTACA,1
ACGTTGGCCTGTATCA,1
ACGTTGGTAAACGATA,1
ACGTTGGTAAACTCTA,1
ACGTTGTAAGAACTTA,1
ACGTTGTGGGTACATG,1
ACGTTGTTTGAATCCA,1
ACGTTTAAAAGATAAA,1
ACGTTTAAAGGAACTT,1
ACGTTTAACAACCGGT,1
ACGTTTAGGTTTGTAC,1
ACGTTTAGTCATGATA,1
ACGTTTATCGACTTAT,1
ACGTTTCACGCGTTGG,1
ACGTTTCATGCCGATA,1
ACGTTTCTTCACTGAC,1
ACGTTTGATAAAAAAT,1
ACGTTTTAAACTATCT,1
ACGTTTTATCGCACCC,1
ACGTTTTATGATCCAG,1
ACGTTTTGCATACTGA,1
ACGTTTTGTGAAAGGA,1
ACGTTTTTAAAACAAA,1
ACTAAAAAAACAACAC,1
ACTAAAAAAACCTTAA,1
ACTAAAAAACAGCACA,1
ACTAAAAAATACCATT,1
ACTAAAAAATGCCAGT,1
ACTAAAAACCCCCCAC,1
ACTAAAAAGCCAAACA,1
ACTAAAAAGGTAGACT,1
ACTAAAAAGTATACTA,1
ACTAAAAATACCTCGC,1
ACTAAAAATTTTATAG,1
ACTAAAACAAGTACCA,1
ACTAAAACACCGGAAT,1
ACTAAAACGCATAGGG,1
ACTAAAACGCGCGGTA,1
ACTAAAACTTATTAAG,1
ACTAAAAGGAGGACAA,1
ACTAAAAGTACGTTGT,1
ACTAAAATAATACACA,1
ACTAAAATATGCAAGT,1
ACTAAAATATTCAAGC,1
ACTAAAATGTTCAAGT,1
ACTAAAATTAACTATG,1
ACTAAACAAGTACCAT,1
ACTAAACATTGGGAAG,1
ACTAAACCAAGTACTA,1
ACTAAACCATAAAGCT,1
ACTAAACCCTATGTGT,1
ACTAAACCGAGTACCA,1
ACTAAACCGTACAGCT,1
ACTAAACCTACATTAC,1
ACTAAACGAATAAATA,1
ACTAAACGATAGTTTC,1
ACTAAACTAAAATATA,1
ACTAAACTAATGCACA,1
ACTAAAGACTATGTCA,1
ACTAAAGCTAGGCCAA,1
ACTAAAGCTCTATTTT,1
ACTAAAGCTTTTTGGC,1
ACTAAAGGAAAATCAT,1
ACTAAAGGGCAACGAC,1
ACTAAAGGTCATGACG,1
ACTAAAGTAGACTCAA,1
ACTAAAGTGGAGCGTG,1
ACTAAATAATTTAAAA,1
ACTAAATACAAGTGCA,1
ACTAAATACCCACCAG,1
ACTAAATATAAGTAGC,1
ACTAAATCGGGCTGGA,1
ACTAAATCTCGCAAAT,1
ACTAAATGAAATGATG,1
ACTAAATGAATCGCTA,1
ACTAAATGACTAAATA,1
ACTAAATGCTAAAGCA,1
ACTAAATGGTATTAAC,1
ACTAAATTACCAGATC,1
ACTAAATTAGACACCA,1
ACTAAATTTGCATGAT,1
ACTAACAAAAAACAAT,1
ACTAACAAAACAAAAC,1
ACTAACAAAACAAAAT,1
ACTAACAAAACAAGAC,1
ACTAACAAAACAGCAC,1
ACTAACAAATGCACGG,1
ACTAACAAGATTACAA,1
ACTAACAAGCATATCG,1
ACTAACAAGGGCTCCC,1
ACTAACAATGAGCCTC,1
ACTAACACCCACTTTA,1
ACTAACACGAGGCTAG,1
ACTAACACGATGCTTG,1
ACTAACACTCCTATAT,1
ACTAACAGAACCCGCA,1
ACTAACAGACTGCCAA,1
ACTAACATAGAATTAT,1
ACTAACATATCATTAT,1
ACTAACATATGTGAAT,1
ACTAACATCGGTCGTG,1
ACTAACATGGAGTCGA,1
ACTAACCCATTAAGAG,1
ACTAACCCCGTCGATT,1
ACTAACCCGACATAAG,1
ACTAACCCTAGTCACA,1
ACTAACCGAATCGCTA,1
ACTAACCGATAATTCT,1
ACTAACCGCCCCTTTA,1
ACTAACCGCTGCTCCT,1
ACTAACCTAGTTCCGC,1
ACTAACCTGTAGATAT,1
ACTAACCTTTATCAAT,1
ACTAACGAATCTGGAT,1
ACTAACGAATCTTGCT,1
ACTAACGCTATATGAT,1
ACTAACGGTCATGATG,1
ACTAACGGTCATTACG,1
ACTAACGTCATAGGCG,1
ACTAACGTTCATGACG,1
ACTAACGTTCTCTCCA,1
ACTAACGTTGCTGCAA,1
ACTAACGTTTCACAAT,1
ACTAACTAAATATGCG,1
ACTAACTAACCACCAG,1
ACTAACTACCCACAAG,1
ACTAACTACCCATCAG,1
ACTAACTACCTATAAA,1
ACTAACTAGCAAAGGG,1
ACTAACTAGCAAAGTA,1
ACTAACTAGCAATGGA,1
ACTAACTCACGGAAAC,1
ACTAACTGAATAGCTA,1
ACTAACTGAATATGAG,1
ACTAACTGAATCCCTA,1
ACTAACTGAGTATGCG,1
ACTAACTTAATATGCG,1
ACTAACTTGCATATGC,1
ACTAAGAACAGACAAA,1
ACTAAGAATAGATAAA,1
ACTAAGACTTATTCAG,1
ACTAAGAGGGTTGCCC,1
ACTAAGAGGTATGCCG,1
ACTAAGATGAAACCAA,1
ACTAAGCCTGTCATTT,1
ACTAAGCGAAACAAGC,1
ACTAAGCGGAATCTTT,1
ACTAAGCGGGTTGACC,1
ACTAAGGCTACATAGA,1
ACTAAGGCTACATATC,1
ACTAAGTAAAAGTTTT,1
ACTAAGTAACTAAAGT,1
ACTAAGTAGAATGTCA,1
ACTAAGTGTTTTGAAG,1
ACTAAGTTACATTCGG,1
ACTAAGTTATCTATAT,1
ACTAAGTTCCTATCAC,1
ACTAATAAATGGTGGA,1
ACTAATAAATGTTACC,1
ACTAATAACAAGGACA,1
ACTAATAAGAAGCCCC,1
ACTAATAAGGAGCCCA,1
ACTAATAAGGGAGATT,1
ACTAATAATATACTCA,1
ACTAATAATCGTACAC,1
ACTAATACATCAGAGT,1
ACTAATACGACCTAAG,1
ACTAATACTTGGACAA,1
ACTAATAGACAATCAA,1
ACTAATAGGCGTGCAA,1
ACTAATAGGGCCTCTA,1
ACTAATATAAAGACGG,1
ACTAATATACAACATG,1
ACTAATATATCAGTTC,1
ACTAATATATCATTGC,1
ACTAATATATTAGTGC,1
ACTAATATTACTACTA,1
ACTAATATTTACCCAC,1
ACTAATCAAAAACAAA,1
ACTAATCACGTCTAGA,1
ACTAATCCGAGCTCCT,1
ACTAATCGGTTGTGGT,1
ACTAATCTGTGCACGA,1
ACTAATGAAAACTCTA,1
ACTAATGAGAACCAAC,1
ACTAATGAGAACTCTA,1
ACTAATGAGACACAAC,1
ACTAATGAGACCCAAA,1
ACTAATGAGACCCAGC,1
ACTAATGAGGTATTGA,1
ACTAATGATAACTATA,1
ACTAATGATACCCAAC,1
ACTAATGATTAAATCA,1
ACTAATGTAAAGACGA,1
ACTAATGTAAAGACGG,1
ACTAATGTAAAGCAGG,1
ACTAATGTAAAGCCTG,1
ACTAATGTAAAGCGGG,1
ACTAATGTCACATCGA,1
ACTAATGTGTATGAGG,1
ACTAATTAAATCTATT,1
ACTAATTAAGTCCAAA,1
ACTAATTAGATCTCTT,1
ACTAATTATAGTACAC,1
ACTAATTATCTTACAC,1
ACTAATTATTGTACAC,1
ACTAATTATTTCTATG,1
ACTACAAAAAAAACGC,1
ACTACAAAAATTAAAC,1
ACTACAAAACTTCGTA,1
ACTACAAAATCAGTTA,1
ACTACAAACATTCTAA,1
ACTACAAAGACTAAAC,1
ACTACAAATACTGAGG,1
ACTACAAATACTTGGG,1
ACTACAAATATTAAAC,1
ACTACAAATCAAATGA,1
ACTACAAATTTCAACA,1
ACTACAACAATTAGGT,1
ACTACAAGAAGCGGGT,1
ACTACAAGCAACGGTT,1
ACTACAAGTGGTCTAC,1
ACTACACACGCATTAC,1
ACTACACCTGTCATTT,1
ACTACACGGCTTCAAT,1
ACTACACGGTAGTGCG,1
ACTACAGACTATATCA,1
ACTACAGACTATTTCA,1
ACTACAGACTTTGTCA,1
ACTACAGAGACGGAAA,1
ACTACAGGTGCAGAGA,1
ACTACAGTCAGACCCG,1
ACTACAGTCAGATACA,1
ACTACAGTCAGATCCG,1
ACTACATAAAAACATC,1
ACTACATACAAACATC,1
ACTACATACTAAAATG,1
ACTACATAGAAACATG,1
ACTACATAGAAATATC,1
ACTACATATATGGTTT,1
ACTACATCAAGCGTGT,1
ACTACATCATCTTAGG,1
ACTACATGCCAGAGGG,1
ACTACATGTCTAACTA,1
ACTACATTGAAGTCTC,1
ACTACCAAATGGCCCG,1
ACTACCAACAGTTTTA,1
ACTACCAATGCAAAAC,1
ACTACCACAAGAATAA,1
ACTACCACAAGTCGCA,1
ACTACCACATGGCCCC,1
ACTACCACATGGGCCG,1
ACTACCACATTACCAT,1
ACTACCACGTGGCCCG,1
ACTACCATAACTCGAT,1
ACTACCATATGAAAAA,1
ACTACCATATTAACAA,1
ACTACCCATTAAGAAA,1
ACTACCCCCTAGCTGC,1
ACTACCCGAGAGGGAT,1
ACTACCCGGATGACGC,1
ACTACCCGTAATAATC,1
ACTACCCGTATGAAGC,1
ACTACCCTAAGGACAA,1
ACTACCCTAAGGACCC,1
ACTACCCTAATTACCA,1
ACTACCGCAGAAGAAA,1
ACTACCGGACCTTTAC,1
ACTACCGGGTGGGTGT,1
ACTACCGGGTGTGACA,1
ACTACCGGTGCAAAGA,1
ACTACCGGTGCGGAGA,1
ACTACCTATTCAAGAA,1
ACTACCTCCAGTAGAA,1
ACTACCTCCTACAATC,1
ACTACCTGATACAATC,1
ACTACCTGCCGGGCCG,1
ACTACCTGCTACAATT,1
ACTACCTGTGCAGAGA,1
ACTACCTTCTACAATC,1
ACTACCTTGAAGCGGC,1
ACTACCTTTAAGAGGC,1
ACTACCTTTAAGCGGA,1
ACTACCTTTAAGCGGT,1
ACTACCTTTAAGCGTC,1
ACTACCTTTAAGTGGC,1
ACTACGAAAACTCGGG,1
ACTACGAACCGAATGG,1
ACTACGAATGTTAGGA,1
ACTACGCAAACTAGGG,1
ACTACGCAAACTCTGG,1
ACTACGCGATCGACAC,1
ACTACGGAACCGTATA,1
ACTACGGGACTCTGAA,1
ACTACGGTCAACCCAC,1
ACTACGGTCCCAATAA,1
ACTACGGTTAATTGGT,1
ACTACGTAGGAATACA,1
ACTACGTAGGGTTTTA,1
ACTACGTGAAAGGACG,1
ACTACGTGCTACAATC,1
ACTACGTTAATCTACC,1
ACTACGTTACGTCTTG,1
ACTACGTTGACTCAAC,1
ACTACGTTGGCAAAAC,1
ACTACTAAGATGTTCA,1
ACTACTAATTGAAAAT,1
ACTACTACCACAGCCG,1
ACTACTACTTTGCAAT,1
ACTACTAGACACAATT,1
ACTACTATAAAATGAG,1
ACTACTATAAACCTAC,1
ACTACTATACTGATTT,1
ACTACTATAGTGACGT,1
ACTACTATGTCCTAAT,1
ACTACTATTACTTGTC,1
ACTACTATTCCTTGTG,1
ACTACTCCTGTCATTT,1
ACTACTCGTTTGATGG,1
ACTACTCTACACAATT,1
ACTACTGATATGTAAT,1
ACTACTGCAAGAACAT,1
ACTACTGGACTTAATT,1
ACTACTGTCATTAGGA,1
ACTACTGTGGCAGCAA,1
ACTACTTAAATGTACT,1
ACTACTTTTAAGCGGC,1
ACTACTTTTTCTCAAT,1
ACTAGAAAAATTGGGA,1
ACTAGAAATACACTTA,1
ACTAGAAATATCACTG,1
ACTAGAACAAGACCTA,1
ACTAGAATACGTATCG,1
ACTAGAATCTCATCCA,1
ACTAGAATGTCCTACC,1
ACTAGACCCTCTTCGT,1
ACTAGACGTATCAAAA,1
ACTAGACTGGAAAAAA,1
ACTAGACTTGAAAGAA,1
ACTAGACTTTAAAAAA,1
ACTAGAGAGTATTGTG,1
ACTAGAGATCATAGAT,1
ACTAGAGCAAGAGGTT,1
ACTAGAGGAAATTTTG,1
ACTAGAGGGACCATCG,1
ACTAGAGTGGGATACA,1
ACTAGATAACAGATGT,1
ACTAGATACAGTCCAG,1
ACTAGATAGAAACATC,1
ACTAGATGAATGTAAG,1
ACTAGATTAAATTGTA,1
ACTAGATTACTAGATC,1
ACTAGATTTGCATGAT,1
ACTAGCAAAGACTCAT,1
ACTAGCAACATTTAGA,1
ACTAGCAATTAAACAA,1
ACTAGCAATTTCATAT,1
ACTAGCAGCCTGGTAA,1
ACTAGCAGGGGTAAAA,1
ACTAGCATTGTTAACC,1
ACTAGCCAGATCTCTC,1
ACTAGCCCAATAATTA,1
ACTAGCCGAGCGTTGT,1
ACTAGCCGAGGTCCCA,1
ACTAGCCGGGGTCTCA,1
ACTAGCCGGTAAAGAA,1
ACTAGCCTAGTGACTA,1
ACTAGCCTCCTGTACA,1
ACTAGCTAAGCTAAAA,1
ACTAGCTCCGCAATGA,1
ACTAGCTCCTACTAAT,1
ACTAGCTGCAATTGCT,1
ACTAGGAAAGGTACGA,1
ACTAGGACGGTTGATG,1
ACTAGGAGACGCTGAA,1
ACTAGGATGTAATCAC,1
ACTAGGCATCCTGACT,1
ACTAGGCCCGCACACC,1
ACTAGGGCGCAAAGTA,1
ACTAGGGCGTCTTACG,1
ACTAGGGTCATACTTG,1
ACTAGGTAACTAGCCG,1
ACTAGGTAATGCGTAC,1
ACTAGGTATCCTGAAT,1
ACTAGGTATCCTTACT,1
ACTAGGTATTCTGACT,1
ACTAGGTCGTAGAAAT,1
ACTAGGTGTAGCAGAC,1
ACTAGTAAAGAGTTCA,1
ACTAGTAAAGTGTTCA,1
ACTAGTAACATCTAAT,1
ACTAGTAAGAACGATG,1
ACTAGTAAGCGTCAGA,1
ACTAGTAAGGAGCCCC,1
ACTAGTAATACAATCT,1
ACTAGTAATGGAGATT,1
ACTAGTAATGTATGGT,1
ACTAGTAATTGTGAAA,1
ACTAGTACATAGCCCC,1
ACTAGTACCGCATCGA,1
ACTAGTACTGCCATAC,1
ACTAGTAGCCCTAAGT,1
ACTAGTATAACCATCA,1
ACTAGTATCAAAAGCG,1
ACTAGTCAAATAACAC,1
ACTAGTCATTCCAAAA,1
ACTAGTCGCCATAAGT,1
ACTAGTCGGCCTAAGT,1
ACTAGTCGGGTGCATT,1
ACTAGTGAACTCTGTA,1
ACTAGTGAGCTCTGTA,1
ACTAGTGATATCTGTA,1
ACTAGTGATCCCTGTA,1
ACTAGTGATCTATGTA,1
ACTAGTGATCTCCGTA,1
ACTAGTGATCTTTGTA,1
ACTAGTGATTGCGAGG,1
ACTAGTGCCGCCTGGA,1
ACTAGTGTATATAAAC,1
ACTAGTTGCAATTTCT,1
ACTAGTTGGCTCGTAG,1
ACTAGTTTCTATTCTG,1
ACTAGTTTCTGTGTTT,1
ACTAGTTTTACAGTAC,1
ACTATAAAACTTAAGC,1
ACTATAAAATAGTCAA,1
ACTATAAAATCAATCT,1
ACTATAAAATTAATGT,1
ACTATAAAATTCGGGT,1
ACTATAAACCGCCAAC,1
ACTATAAACTGAGACT,1
ACTATAAGACGCAAAA,1
ACTATAAGTTATATTG,1
ACTATAATATCAAAAA,1
ACTATAATATCGACAA,1
ACTATAATATGACAAT,1
ACTATAATGACGGAGC,1
ACTATAATGAGAAAAG,1
ACTATACACCTGAGCT,1
ACTATACATACACCAA,1
ACTATACATATCACTG,1
ACTATACATGCAAATG,1
ACTATACCAAACTTTG,1
ACTATACCAACCCATC,1
ACTATACCGCTACACC,1
ACTATACCGGTGGACG,1
ACTATACCGTACACCC,1
ACTATACGCGCGTCAT,1
ACTATACGGTATGCAA,1
ACTATACTGTAGGCAA,1
ACTATAGAACGTAATA,1
ACTATAGACTTCCACC,1
ACTATAGAGCACATCG,1
ACTATAGATGCTCCGA,1
ACTATAGTAACCATAC,1
ACTATAGTTAAGTACC,1
ACTATATAGTTAGGTA,1
ACTATATATTTAGGTC,1
ACTATATCATCTGAGG,1
ACTATATGAAAGTTAG,1
ACTATATGCATCGAAC,1
ACTATATGCGAAACTT,1
ACTATATGGGTTATAA,1
ACTATATTAACGGGGA,1
ACTATATTCAAACCTA,1
ACTATATTTAAGGACA,1
ACTATCAACAGCTTTG,1
ACTATCAACGAAGGGA,1
ACTATCAAGGAGATTA,1
ACTATCAATTCGAAAT,1
ACTATCACAGACTCTA,1
ACTATCACCGAAGGGA,1
ACTATCACCTCTAATT,1
ACTATCATATGAACAA,1
ACTATCATCACCTGCG,1
ACTATCATGTGACACT,1
ACTATCCACGAAGGGA,1
ACTATCCACGCAAACA,1
ACTATCCCAAAAAATA,1
ACTATCCCCAAAGGGA,1
ACTATCCCCGAATGGA,1
ACTATCCCCGAGGGGA,1
ACTATCCCCGGAGGGA,1
ACTATCCCCTAAGGGA,1
ACTATCCGCAATAATC,1
ACTATCCGTTCCGATT,1
ACTATCCGTTTTCGAT,1
ACTATCCTACCTAACG,1
ACTATCCTAGGTAGAC,1
ACTATCGAAGCTAAAA,1
ACTATCGCAGTCAAGG,1
ACTATCGCATGGCACT,1
ACTATCGGAACTAACA,1
ACTATCGGACCCCAAA,1
ACTATCGTTGTAATGA,1
ACTATCTATTTGCTAT,1
ACTATCTCTTCCCTAA,1
ACTATGAAAATCAGAT,1
ACTATGAAGAAACACC,1
ACTATGAAGAAATACC,1
ACTATGAAGAAGGACC,1
ACTATGACACGCATAC,1
ACTATGAGATTAAAAT,1
ACTATGCAACCACTCT,1
ACTATGCCAATAGAAT,1
ACTATGCCACGCATAA,1
ACTATGCCACTCATAC,1
ACTATGCTACATAGAG,1
ACTATGCTGACAAAGA,1
ACTATGGTGTACCTCA,1
ACTATGGTTTACCTAA,1
ACTATGTAATTAACGG,1
ACTATGTCAAAATTGA,1
ACTATGTGAAAGGACT,1
ACTATGTGAGATTCAT,1
ACTATGTGGAAGGACG,1
ACTATTAAATAGTTCT,1
ACTATTAATGAACCAG,1
ACTATTACAAAAAATA,1
ACTATTCACGCGTTGG,1
ACTATTCCAAAAAGAT,1
ACTATTCCAAGAAATA,1
ACTATTCCCCTTTCGG,1
ACTATTCGAAAAAATA,1
ACTATTCTGATCTCCA,1
ACTATTCTGGTGGCTT,1
ACTATTCTTAACACAG,1
ACTATTGAGTATAATG,1
ACTATTGATCTCTGTA,1
ACTATTGCACTTTCGG,1
ACTATTGCGCTTTCGG,1
ACTATTGGCCACAGTG,1
ACTATTGGCCTTTCGG,1
ACTATTGTAATGACCT,1
ACTATTTAAATCGAGT,1
ACTATTTAATTGCCAA,1
ACTATTTACATACCCA,1
ACTATTTACTGTTATA,1
ACTATTTATGACAACG,1
ACTATTTCAAAAAATA,1
ACTATTTCCCTTTCGG,1
ACTATTTGTACTGGAA,1
ACTATTTTCATCCATT,1
ACTCAAAAAGTGTGCA,1
ACTCAAAAATACCCAA,1
ACTCAAAAATCGACAT,1
ACTCAAAACCCCAGAT,1
ACTCAAAACTCAATCG,1
ACTCAAAAGAACATCG,1
ACTCAAAAGTATACAT,1
ACTCAAAATCATCTTG,1
ACTCAAAATTGGGAAG,1
ACTCAAACACCGCAAT,1
ACTCAAACACCGTAAT,1
ACTCAAACGCCGGAAT,1
ACTCAAAGGGATGCAT,1
ACTCAAAGTCAATATC,1
ACTCAAATAGGAATAA,1
ACTCAAATCTGTGAAT,1
ACTCAAATCTGTGAGA,1
ACTCAAATTATGTAGA,1
ACTCAAATTTGTGAAA,1
ACTCAACACAACGTTT,1
ACTCAACAGGCTGTAA,1
ACTCAACATCGGGAAG,1
ACTCAACATTAATGGC,1
ACTCAACATTAGGAAG,1
ACTCAACATTGGGAAT,1
ACTCAACATTTGGAAG,1
ACTCAACCAATATTAA,1
ACTCAACCTGTGAGAG,1
ACTCAACGCGACTTAG,1
ACTCAACGTCAATATA,1
ACTCAACTTAACTAAA,1
ACTCAACTTAGCGAAA,1
ACTCAAGAAATGACAC,1
ACTCAAGAAATTACGC,1
ACTCAAGAAGCTACAA,1
ACTCAAGATTTCTGTG,1
ACTCAAGCCTTATATT,1
ACTCAAGCTTCATATT,1
ACTCAAGGAATTCTGG,1
ACTCAAGGACTCCTGG,1
ACTCAAGGACTTCAGG,1
ACTCAAGGACTTCTAG,1
ACTCAAGGACTTCTGT,1
ACTCAAGGTAAGCAAA,1
ACTCAAGTAGTAGTCT,1
ACTCAAGTCATAGTCT,1
ACTCAAGTCGTAGTCC,1
ACTCAAGTTCTATTTT,1
ACTCAATAACAAAACA,1
ACTCAATAAGTCATCA,1
ACTCAATAATACTCAT,1
ACTCAATACAAGTCGC,1
ACTCAATACAAGTCGT,1
ACTCAATACAAGTGGG,1
ACTCAATACAAGTTGG,1
ACTCAATACAATTCGG,1
ACTCAATACAGGTCGG,1
ACTCAATAGAAGTCGG,1
ACTCAATCTGGTGGCG,1
ACTCAATTATCTCTCC,1
ACTCAATTCCATAACT,1
ACTCAATTCGTAGTCT,1
ACTCAATTTTCCCTAC,1
ACTCACAACCACCATA,1
ACTCACAAGCGCTGGG,1
ACTCACACAAAATTTT,1
ACTCACACACCCTTAA,1
ACTCACAGACATGAAT,1
ACTCACATTAACGATC,1
ACTCACCATTAAGAAA,1
ACTCACCTTGGCCGGC,1
ACTCACGAAATCTTTT,1
ACTCACGACTCTAGGA,1
ACTCACGATTGCATTT,1
ACTCACGCGTCAACAT,1
ACTCACGTAGCAGTTC,1
ACTCACTACAGCAGGA,1
ACTCACTCCAAGTTGT,1
ACTCACTGCAAAATTA,1
ACTCACTTCAGAAAAC,1
ACTCACTTTAGAACAT,1
ACTCACTTTTCACTAC,1
ACTCAGAACATCGCCT,1
ACTCAGAACCCAGTGT,1
ACTCAGAACGGAGAAC,1
ACTCAGAACTCAAATA,1
ACTCAGACAGGAGAAC,1
ACTCAGACGCATACAA,1
ACTCAGACGCTCGTAA,1
ACTCAGACTTATGGGT,1
ACTCAGAGGTCCACTA,1
ACTCAGATATTGAAGT,1
ACTCAGCAACTAAAGT,1
ACTCAGCATTGGGAAG,1
ACTCAGCGTCTTTACC,1
ACTCAGCTCCTTTACC,1
ACTCAGGAACTAAAGT,1
ACTCAGGAATAAAATA,1
ACTCAGGCAAGACACA,1
ACTCAGGCAGATAATA,1
ACTCAGGCTAACTATT,1
ACTCAGGCTAACTCTT,1
ACTCAGGTGTCTCATT,1
ACTCAGGTTAGCAATT,1
ACTCAGTAAATAAAGT,1
ACTCAGTAACTAAAGC,1
ACTCAGTAACTAAATT,1
ACTCAGTCTCAATCGA,1
ACTCAGTGATTCCCAG,1
ACTCATAAAGACCATT,1
ACTCATAATCGTACTT,1
ACTCATACATACCATT,1
ACTCATACTTCCATGT,1
ACTCATAGTACCAAGA,1
ACTCATCAGATAAATT,1
ACTCATCGATAATGTG,1
ACTCATCTAGGCCGGC,1
ACTCATCTCGCATCTA,1
ACTCATCTTCAAAAAA,1
ACTCATCTTGGCCTGC,1
ACTCATCTTGGCTGGC,1
ACTCATCTTGTCCGGC,1
ACTCATGGACTTCTGG,1
ACTCATTAATGTAACA,1
ACTCATTAATGTAAGC,1
ACTCATTACAATTTAA,1
ACTCATTAGCTAACCA,1
ACTCATTAGTGACTAA,1
ACTCATTCAAATTTAA,1
ACTCATTCCTTAACTA,1
ACTCATTTTTGTGTGT,1
ACTCCAAAATACACTT,1
ACTCCAAAATATGATG,1
ACTCCAAAATCCGATG,1
ACTCCAAATGAAATGG,1
ACTCCAACAATTGGGT,1
ACTCCAATCAATAAAT,1
ACTCCAATTAATAATA,1
ACTCCAATTAGGCTGC,1
ACTCCACAGTAATCGG,1
ACTCCACATATGGTTT,1
ACTCCACATTAAGAAA,1
ACTCCACCAACCTAAC,1
ACTCCACCCACACGCT,1
ACTCCACGGATACTTA,1
ACTCCACGGATCATTA,1
ACTCCACTAAATTGCA,1
ACTCCACTGATGAAAA,1
ACTCCACTTAGTCTCA,1
ACTCCACTTTTTGGAA,1
ACTCCAGCAACTGTCA,1
ACTCCAGGGTGTAACA,1
ACTCCAGGTGCACTCA,1
ACTCCAGTACTTAACT,1
ACTCCATAAAAAGACA,1
ACTCCATCCAGTAGTC,1
ACTCCATTCGGCAAAG,1
ACTCCCAACCCCATAG,1
ACTCCCATAAAACTTC,1
ACTCCCATTATCGCAC,1
ACTCCCATTGTGCACC,1
ACTCCCATTTTTAGAA,1
ACTCCCATTTTTGGAA,1
ACTCCCCACAACACAG,1
ACTCCCCATTAAGGAA,1
ACTCCCCATTAATAAA,1
ACTCCCCTTCAAGCAG,1
ACTCCCCTTTTTGGAG,1
ACTCCCCTTTTTGTAA,1
ACTCCCCTTTTTTGAA,1
ACTCCCGAATCAAGCA,1
ACTCCCGAGGTTATGT,1
ACTCCCGGATGTGACA,1
ACTCCCGGCTGTGACA,1
ACTCCCGGGTGTGAAA,1
ACTCCCGGGTTTGACA,1
ACTCCCGTGTGTGACA,1
ACTCCCTAGCTAATTC,1
ACTCCCTTGCAGCATC,1
ACTCCCTTTAGCCCAG,1
ACTCCGAAACCTATGC,1
ACTCCGAACAGTGGAC,1
ACTCCGAACCAAACTA,1
ACTCCGAACCATACTA,1
ACTCCGAGACGCTGAA,1
ACTCCGAGCCACACTA,1
ACTCCGAGCCATCTCA,1
ACTCCGCAAAAACTAT,1
ACTCCGGACAAAGGAG,1
ACTCCGGCCGTCGTAT,1
ACTCCGGGCTACTGTT,1
ACTCCGTACTTTGGTC,1
ACTCCTAACCACACTA,1
ACTCCTAAGGAAACAC,1
ACTCCTACCGGCTCAC,1
ACTCCTACCTGGTCAC,1
ACTCCTAGCAAAGCAC,1
ACTCCTAGGGGGATGA,1
ACTCCTATTCAAAGAA,1
ACTCCTCAAAGACTAT,1
ACTCCTCAAGCTTCTA,1
ACTCCTCATAATACAA,1
ACTCCTCATACTTTCT,1
ACTCCTCATCTAATAT,1
ACTCCTCATGATATGA,1
ACTCCTCGCAGAGCAC,1
ACTCCTGAAAACAAAA,1
ACTCCTGATGCTATGA,1
ACTCCTGGAGAGGTCA,1
ACTCCTGGGTGTGACA,1
ACTCCTGTAATGACCG,1
ACTCCTTAAAACAAAC,1
ACTCCTTAGCTAACCG,1
ACTCCTTAGCTAACTA,1
ACTCCTTATATAATAT,1
ACTCCTTATCTAAAAT,1
ACTCCTTCGAATCCAT,1
ACTCCTTGAGATAAAC,1
ACTCCTTGATAGAAAT,1
ACTCCTTGGAACTGTA,1
ACTCCTTGGACATTAG,1
ACTCCTTGGTAATCAC,1
ACTCCTTTGACATTGG,1
ACTCGAAAGTATTTGC,1
ACTCGAACAAAGCTGT,1
ACTCGAACACCGGAAT,1
ACTCGAACCAAGCCGT,1
ACTCGAACCAAGGTGT,1
ACTCGAACGTCCTACC,1
ACTCGAAGTATCAAAA,1
ACTCGAATACCTGAGG,1
ACTCGAATGTACTACC,1
ACTCGAATGTCCTAAC,1
ACTCGAATGTCCTGCC,1
ACTCGAATTACGTAGA,1
ACTCGAATTCCTATAA,1
ACTCGAATTTTCCGGA,1
ACTCGAATTTTGTAGA,1
ACTCGACAAATGAGCA,1
ACTCGACACATGATCA,1
ACTCGACAGATGAGCA,1
ACTCGACATTGGGAAG,1
ACTCGACGAATCAAAA,1
ACTCGACGCATCAAAA,1
ACTCGACGGATCAAAA,1
ACTCGACTACTTAATG,1
ACTCGACTCTCGATAG,1
ACTCGAGAAATGACGC,1
ACTCGAGACCAAAAAA,1
ACTCGAGATGTAACCC,1
ACTCGAGTGTATCACT,1
ACTCGATAAAATACTT,1
ACTCGATAGCTATGAG,1
ACTCGATCTTAATCTA,1
ACTCGATGAATTACAA,1
ACTCGATTGCTTGAGG,1
ACTCGATTGGCATGAT,1
ACTCGATTGTGAAAGC,1
ACTCGATTTGCACGAT,1
ACTCGCAACACTTAGA,1
ACTCGCAAGTGACGGG,1
ACTCGCAATTATTTGC,1
ACTCGCATACCTGCAT,1
ACTCGCCAAGCAAAAG,1
ACTCGCCGACGACGAG,1
ACTCGCGTTCACACAT,1
ACTCGCTGAGTATGAC,1
ACTCGCTGATTATGAT,1
ACTCGCTGCCGAAAAT,1
ACTCGCTGTCTGTGGA,1
ACTCGCTTAGTATGAT,1
ACTCGGAAGCTCGTAA,1
ACTCGGACCAAAAAAC,1
ACTCGGACGATCGTAA,1
ACTCGGACGCAAAGCT,1
ACTCGGACTCTCGTAA,1
ACTCGGAGGAAATTAC,1
ACTCGGATAACTAGTC,1
ACTCGGATACGCTGAA,1
ACTCGGATGACTATTC,1
ACTCGGATGGCTAGTC,1
ACTCGGATTAGAGTTA,1
ACTCGGCCTATGTTCA,1
ACTCGGCCTATTTGCA,1
ACTCGGCGCAAAAAGC,1
ACTCGGCGCCTTTACC,1
ACTCGGGATTTAAAAG,1
ACTCGGGTCCTTCCAA,1
ACTCGGTACGGATTTG,1
ACTCGGTATAAAATTT,1
ACTCGTACAAATCCTT,1
ACTCGTACAAGGAATG,1
ACTCGTACGCTCGTAA,1
ACTCGTAGACAAAACA,1
ACTCGTGAACTGGTTA,1
ACTCGTGTGAGTTATA,1
ACTCGTTAAGAAACCC,1
ACTCGTTAAGCAATAA,1
ACTCGTTAATAACACC,1
ACTCGTTACCTATACT,1
ACTCGTTGGATCGTAG,1
ACTCGTTGGCTCGCAG,1
ACTCGTTGGCTCGTAT,1
ACTCGTTGTACAGCCC,1
ACTCGTTGTAGAGGCC,1
ACTCGTTTGCTCGTAG,1
ACTCTAAAACCAACCA,1
ACTCTAAAGCGGGACC,1
ACTCTAAATATAAATG,1
ACTCTAAATATAACTT,1
ACTCTAACATGAACAA,1
ACTCTAACTTGAACAA,1
ACTCTAAGCTCCGAAC,1
ACTCTAAGGCCACTAA,1
ACTCTAAGTACTCGGA,1
ACTCTAATTATGTAGA,1
ACTCTACAAAATATTA,1
ACTCTACAACTCAAAA,1
ACTCTACAACTCAACG,1
ACTCTACACGTTAGTG,1
ACTCTACATCGGGACC,1
ACTCTACCAAACAATT,1
ACTCTACGACAGCTAT,1
ACTCTACGACATCCAT,1
ACTCTACGCTTCCCAC,1
ACTCTACGGCGGGACC,1
ACTCTAGAGGTCCTCC,1
ACTCTAGCTTCATCTG,1
ACTCTAGGACAGCCAT,1
ACTCTAGGATAGACAC,1
ACTCTAGGCCACGAAA,1
ACTCTATAAGGAGCAG,1
ACTCTATACCCACAGC,1
ACTCTATCTCGTCCTT,1
ACTCTATCTGCATAGT,1
ACTCTATGTAGAATGG,1
ACTCTATTATGTTAGC,1
ACTCTATTCAAGCTTC,1
ACTCTATTCGGGCTTC,1
ACTCTATTCTTAATAC,1
ACTCTATTTGCATGAT,1
ACTCTCAACATTTAGA,1
ACTCTCACCCTATCGT,1
ACTCTCAGATCCGAAC,1
ACTCTCAGCAATGGGT,1
ACTCTCAGCCCCGAAC,1
ACTCTCATAAAACTTA,1
ACTCTCATACGGCTTG,1
ACTCTCCAAATGAAGA,1
ACTCTCCATGACCAAA,1
ACTCTCCATTTTAATT,1
ACTCTCCGCCAAAATA,1
ACTCTCCTACATAGAG,1
ACTCTCCTTGGGCAGC,1
ACTCTCGACAATGGGT,1
ACTCTCGACAGAATTC,1
ACTCTCGACTATATCT,1
ACTCTCGCATTTAATC,1
ACTCTCGGCAATGAGT,1
ACTCTCGGGAATGGGT,1
ACTCTCTAAAACTGAT,1
ACTCTCTCCATTAAAA,1
ACTCTCTGAGGGCACA,1
ACTCTCTGCAATGGGT,1
ACTCTGAAAACCAACA,1
ACTCTGAACATCACGT,1
ACTCTGAATGCAATTC,1
ACTCTGACCGTCACGT,1
ACTCTGACGCTCGTAA,1
ACTCTGAGCAATCGTC,1
ACTCTGAGTCAACCCA,1
ACTCTGATACATAGAG,1
ACTCTGATCCGAAGGC,1
ACTCTGATCCGAAGTC,1
ACTCTGATGAAACCAA,1
ACTCTGATGACTAGTC,1
ACTCTGCTACATAGAC,1
ACTCTGGAAAGAATTC,1
ACTCTGGACAGAATTA,1
ACTCTGGACATAATTC,1
ACTCTGGAGAGAATTC,1
ACTCTGGAGGCTTAAG,1
ACTCTGGCGGATTCCT,1
ACTCTGGGAGCTTAAG,1
ACTCTGGGCAGAATTC,1
ACTCTGGGGGCTTAAT,1
ACTCTGGTGGCTTAAG,1
ACTCTGTCCGTCGTAA,1
ACTCTGTCTTGATTCT,1
ACTCTGTGATGAGAAT,1
ACTCTGTGGGATTCAT,1
ACTCTGTGTATTAACG,1
ACTCTTACCATCACGT,1
ACTCTTACCATGTCCC,1
ACTCTTATCCGAAGCC,1
ACTCTTATTATATACA,1
ACTCTTCAACTAATCC,1
ACTCTTCAACTATATT,1
ACTCTTCATCGCACTC,1
ACTCTTCATTGGTCCC,1
ACTCTTCCCCCAATGG,1
ACTCTTCGGAAACAGC,1
ACTCTTCGTCACACTC,1
ACTCTTCGTCGCAATC,1
ACTCTTCGTCTCACTC,1
ACTCTTCTACATAGAG,1
ACTCTTGAAAGCAGAA,1
ACTCTTGACAGAATTC,1
ACTCTTGACAGCAGAG,1
ACTCTTGACATCAGAA,1
ACTCTTGAGAAGAAAA,1
ACTCTTGCAAGGATTA,1
ACTCTTGGACCTCAAA,1
ACTCTTGGCAGCAGAA,1
ACTCTTGGGGCTTAAG,1
ACTCTTGTCTCAAGTT,1
ACTCTTTAATCGCCAA,1
ACTCTTTAATTGACAA,1
ACTCTTTAATTGGCAA,1
ACTCTTTAATTTCCAA,1
ACTCTTTACAATGACC,1
ACTCTTTACATAAATG,1
ACTCTTTATGCGGTAG,1
ACTCTTTCGGCCGTAC,1
ACTCTTTCGTAAAAAC,1
ACTGAAAAAATCGAAT,1
ACTGAAAAATCAATCG,1
ACTGAAAACCTTAAGA,1
ACTGAAAACGAGTGAA,1
ACTGAAAACTCAATCC,1
ACTGAAAACTCAATTG,1
ACTGAAAAGGAGCGAA,1
ACTGAAAAGGGCTCCC,1
ACTGAAAATGACCAAG,1
ACTGAAACAAAGTAAT,1
ACTGAAACAAATTCCC,1
ACTGAAACAAGTTTAT,1
ACTGAAAGCTCAATCG,1
ACTGAAAGCTGGTTGT,1
ACTGAAAGGCAACGAC,1
ACTGAAAGGTTCCTGT,1
ACTGAAATAATCTGAC,1
ACTGAAATAATCTTCC,1
ACTGAAATACTAAACT,1
ACTGAAATAGGTCAAT,1
ACTGAAATATATAATC,1
ACTGAACAAGACAATG,1
ACTGAACCACGGAATA,1
ACTGAACGGCATGGCC,1
ACTGAACTAAACGGGA,1
ACTGAAGACTCCAAGA,1
ACTGAAGATCAATGCT,1
ACTGAAGATTACTCGA,1
ACTGAAGCAAACTGGA,1
ACTGAAGCAGGCTTTT,1
ACTGAAGCCCCATGCA,1
ACTGAAGGACTTCTGG,1
ACTGAAGTAATCTGCC,1
ACTGAAGTATGACCGA,1
ACTGAAGTTCGACAAA,1
ACTGAATAACCTGCAA,1
ACTGAATATCAAATGT,1
ACTGAATCAGGGCTTT,1
ACTGAATCATTTTACA,1
ACTGAATCTAGAGGAC,1
ACTGAATGATAAAGCA,1
ACTGAATGCCAAAGCA,1
ACTGAATGCTAAAGCG,1
ACTGAATGCTAAAGCT,1
ACTGAATGGAACTGCA,1
ACTGACAAAAACATAA,1
ACTGACAAAAGGGCCC,1
ACTGACAAACATTAGA,1
ACTGACAAGGGCTCTC,1
ACTGACAAGGGCTGCC,1
ACTGACATTGAAATGA,1
ACTGACCAGCTGTCGG,1
ACTGACCCGCAAAATA,1
ACTGACCGTGAACTCA,1
ACTGACCTGGACCAAA,1
ACTGACGAGGGCTCCC,1
ACTGACGCAGCTCTAA,1
ACTGACGCCGCATGCA,1
ACTGACTCCAGACACA,1
ACTGACTGCCCGAGTC,1
ACTGACTTCAGATTGA,1
ACTGACTTCCAAACAT,1
ACTGAGAACGAGCGAA,1
ACTGAGAACGGCTCAC,1
ACTGAGAATAACGAAA,1
ACTGAGATACACATAC,1
ACTGAGATACACATGT,1
ACTGAGATACACGTAT,1
ACTGAGCATAATAATG,1
ACTGAGCCGCTAATAC,1
ACTGAGCGACTACCCT,1
ACTGAGCTAAACTAAT,1
ACTGAGGATATTTGCA,1
ACTGAGGATCTAACAT,1
ACTGAGGTACACATAT,1
ACTGAGTAACTTTCGC,1
ACTGAGTATAAGTAAG,1
ACTGAGTATGTTAGAA,1
ACTGAGTGATTCCCAT,1
ACTGAGTGCTAAAGCA,1
ACTGAGTTACACATAT,1
ACTGAGTTTATTCCGG,1
ACTGATAAACACGACG,1
ACTGATAAGATACTGG,1
ACTGATAAGATATCGG,1
ACTGATACACACGACT,1
ACTGATACACACGAGG,1
ACTGATACACACTACG,1
ACTGATACAGGCATTA,1
ACTGATATACACATAT,1
ACTGATATCCACTTCA,1
ACTGATCAAGAGGCTA,1
ACTGATCAAGGGGCGA,1
ACTGATCACATAGTTC,1
ACTGATCCCTTAACTA,1
ACTGATCGGTTACCTA,1
ACTGATCTACCACGTG,1
ACTGATCTACTACATG,1
ACTGATCTGTACCCAC,1
ACTGATGACACAAATA,1
ACTGATGCACACGACG,1
ACTGATGGAAATTCAC,1
ACTGATGTCGTAAGCT,1
ACTGATTAATACAGAG,1
ACTGATTACTTAACTA,1
ACTGATTATAGAGAGA,1
ACTGATTCCAATTTAA,1
ACTGATTCTATTTCCA,1
ACTGATTGATACACAC,1
ACTGATTTGCAGATAA,1
ACTGATTTTCAAGTGC,1
ACTGCAAAAAAGTAAG,1
ACTGCAAAAACCTCAC,1
ACTGCAAAAACTAATC,1
ACTGCAAAAGGTAAAA,1
ACTGCAACTCCGCTAT,1
ACTGCAATACCAAACT,1
ACTGCAATACTAAAAT,1
ACTGCAATACTATACT,1
ACTGCAATTAGTTACA,1
ACTGCACACATAAGAA,1
ACTGCACCCCTACCAA,1
ACTGCACCGCGGAATA,1
ACTGCACTTATTACCA,1
ACTGCAGAAAAGACCA,1
ACTGCAGAAGTAGCGC,1
ACTGCAGAGAATGGAT,1
ACTGCATAACACCTTC,1
ACTGCATCAAATGTGA,1
ACTGCATCAACTAATC,1
ACTGCATGGAATTCCC,1
ACTGCATTATAATGTA,1
ACTGCCAAACAGACGA,1
ACTGCCACCATAGCAA,1
ACTGCCAGAAGTAGTC,1
ACTGCCCAACGGCAAA,1
ACTGCCCACAGAAATA,1
ACTGCCCACATAGCAA,1
ACTGCCCCCACAGCAA,1
ACTGCCCCTCTTGGGG,1
ACTGCCCGAAGTAGTG,1
ACTGCCCGCATAGCAA,1
ACTGCCCTACGACCTG,1
ACTGCCCTCATAGCAA,1
ACTGCCGCTGTAAGCT,1
ACTGCCGGCTCCCCAA,1
ACTGCCTAATAAATAA,1
ACTGCCTCACAAAAAT,1
ACTGCCTCATGGGACA,1
ACTGCCTCTGTGAGCT,1
ACTGCCTGCATGTCTG,1
ACTGCGAACAAATTGC,1
ACTGCGAATAACACGG,1
ACTGCGCATGGAAGAA,1
ACTGCGGTAAAATACG,1
ACTGCGTAAGGATTAT,1
ACTGCGTCTTAAGATG,1
ACTGCTAAGTGGGACG,1
ACTGCTAATTGAGAAT,1
ACTGCTAATTTAAAAT,1
ACTGCTACGAGACATT,1
ACTGCTAGAAGTAGTG,1
ACTGCTATAGAACTAA,1
ACTGCTATTTAAACAA,1
ACTGCTATTTATACAC,1
ACTGCTCGCCACCCCC,1
ACTGCTGAGTGCCAGA,1
ACTGCTGCTAAAGAAT,1
ACTGCTGTATTTATTA,1
ACTGCTTAGTGCCACA,1
ACTGCTTGGCTACTAT,1
ACTGGAAAACACTTCC,1
ACTGGAAACAATGACC,1
ACTGGAAACAATGCCA,1
ACTGGAAACAATGCCT,1
ACTGGAAACAATGTCC,1
ACTGGAAAGCAAAAAA,1
ACTGGAAAGGAACAAA,1
ACTGGAACCCGTATGA,1
ACTGGAACCTTAAATC,1
ACTGGAACTGTAGGAA,1
ACTGGAAGAAAAGTTC,1
ACTGGAAGGGTTATCA,1
ACTGGAAGTGTTGTAG,1
ACTGGAATACCTGGGG,1
ACTGGAATATATCCAA,1
ACTGGAATGTACCAAT,1
ACTGGAATGTTCCAAT,1
ACTGGAATTACGGATT,1
ACTGGAATTTGCCAAT,1
ACTGGACATCAAATCT,1
ACTGGACCGGATTCAA,1
ACTGGACCGTATTCAG,1
ACTGGACCTTTCAATT,1
ACTGGAGAACCCTTGG,1
ACTGGAGGTCCTTTGA,1
ACTGGAGTACAGGTCA,1
ACTGGATAATCTATAG,1
ACTGGATACAAATGCG,1
ACTGGATGCCAGGAAG,1
ACTGGATGGGAAACCA,1
ACTGGATTACAAGACG,1
ACTGGATTGATTGGTG,1
ACTGGCACAAAAAACA,1
ACTGGCACGTTAATGA,1
ACTGGCATAAGGCAAT,1
ACTGGCATAATGGCTT,1
ACTGGCATTACTACGA,1
ACTGGCCATGTAATTG,1
ACTGGCGCAGAGATCA,1
ACTGGCGTAACGCCGC,1
ACTGGCGTACCGACGC,1
ACTGGCGTACCGCCGG,1
ACTGGCGTACCGCGGC,1
ACTGGCGTACCTCCGC,1
ACTGGCGTAGCGCCGC,1
ACTGGCGTGCCGCCGC,1
ACTGGCTAAACCCTGA,1
ACTGGCTCAAACGGAC,1
ACTGGCTGAACCCCGA,1
ACTGGCTGAACCCTGT,1
ACTGGGAAGTAAGAGC,1
ACTGGGACGCTCGTAA,1
ACTGGGACGTTCCTCC,1
ACTGGGATAGATACGG,1
ACTGGGCATGCGACAG,1
ACTGGGCATTCGACGG,1
ACTGGGCCACGAAATC,1
ACTGGGCGACAGAAGA,1
ACTGGGCGCCAAAATG,1
ACTGGGCTACAGAAAA,1
ACTGGGCTGCTCGACG,1
ACTGGGCTGCTGGATG,1
ACTGGGCTGCTTGACG,1
ACTGGGGAACAGTAAT,1
ACTGGGTAGACAAATT,1
ACTGGGTATACACATT,1
ACTGGGTCAAAAAAGG,1
ACTGGGTTCACGGCCC,1
ACTGGTAAACAAAACC,1
ACTGGTAAACAAAATA,1
ACTGGTAATAAAGTTT,1
ACTGGTAATTGAAAAT,1
ACTGGTACACGTAGAA,1
ACTGGTACATTACTAA,1
ACTGGTAGATAACACC,1
ACTGGTATAAATAGAA,1
ACTGGTATTAATGGAA,1
ACTGGTATTAGTAGAA,1
ACTGGTCAACCCTTGG,1
ACTGGTCATGCGACGG,1
ACTGGTCGACAAAGAT,1
ACTGGTGAAACCTTGG,1
ACTGGTGAACCCTAGG,1
ACTGGTGAACCCTTCG,1
ACTGGTGAACCGTTGG,1
ACTGGTGAACTCTTGG,1
ACTGGTGAAGCCTTGG,1
ACTGGTGAATCCTTGG,1
ACTGGTGATCTCTGTA,1
ACTGGTGTACCCTTGG,1
ACTGGTTAAATATCCA,1
ACTGGTTCCGTGATAG,1
ACTGGTTTAGCAAGAA,1
ACTGGTTTTATGAAAA,1
ACTGTAAACATTGAAA,1
ACTGTAAATCTTTCAA,1
ACTGTAACATGAACTC,1
ACTGTAAGGCATCTAA,1
ACTGTAAGGGTTGTCA,1
ACTGTAATGTGCCAAT,1
ACTGTACATCAACAAA,1
ACTGTACCAAAATTGC,1
ACTGTACGATTGATGA,1
ACTGTAGAACCGCGCC,1
ACTGTAGAAGTGGATA,1
ACTGTAGACATTATAA,1
ACTGTATAAATGCTGC,1
ACTGTATACATTCTGC,1
ACTGTATAGCTTGAGC,1
ACTGTATAGTAGACGA,1
ACTGTATCAACACGGA,1
ACTGTATGTTATCTCC,1
ACTGTATTTATAAACA,1
ACTGTCAGGGGGAAAC,1
ACTGTCAGGTGGCAAC,1
ACTGTCATAAGTGACT,1
ACTGTCATGCCGAAAG,1
ACTGTCCAGCCGAAAG,1
ACTGTCCCCATAGCAA,1
ACTGTCCCGAGAAAAT,1
ACTGTCCTACCGAAAG,1
ACTGTCCTGACGAAAG,1
ACTGTCCTGCCGAAAT,1
ACTGTCCTTCCGAAAG,1
ACTGTCGGCATAATTC,1
ACTGTCTCAGTTAGAT,1
ACTGTCTTATCATACC,1
ACTGTCTTGAAAAGTG,1
ACTGTGACCTATTTCC,1
ACTGTGCGCAATTAAA,1
ACTGTGCTACGAAATC,1
ACTGTGGCGCAATAGG,1
ACTGTGGTAAAAATGT,1
ACTGTGTCCTCTAGGA,1
ACTGTGTGATTTAAGT,1
ACTGTTAAAAAGTTAA,1
ACTGTTACACTGAATT,1
ACTGTTACCACCGACA,1
ACTGTTACCGATTTCC,1
ACTGTTATAAATCGTA,1
ACTGTTATCGTCATCA,1
ACTGTTCAACGTAGCG,1
ACTGTTCAACTGAATT,1
ACTGTTCAGGATTTCA,1
ACTGTTCATAACCGAC,1
ACTGTTCATTCATAAG,1
ACTGTTCCAAAAAATA,1
ACTGTTCCACTATTAA,1
ACTGTTCGACCCACCA,1
ACTGTTCGTCGCACTC,1
ACTGTTGCAAAGACTT,1
ACTGTTGGCACTACGG,1
ACTGTTGTCTGTGTCA,1
ACTGTTTACTGCAATA,1
ACTGTTTCCAATAACA,1
ACTGTTTCCTCTCGGA,1
ACTTAAAAAGATACAT,1
ACTTAAAACTCAATCG,1
ACTTAAACAAAATGCA,1
ACTTAAACATCAACTG,1
ACTTAAAGATTCAGTT,1
ACTTAAAGCCAATAAA,1
ACTTAAAGCCCATTTT,1
ACTTAAAGGTCGCATG,1
ACTTAAAGTAAAAAAG,1
ACTTAAAGTAAAATAT,1
ACTTAAAGTTCAATAT,1
ACTTAAATAATGATGG,1
ACTTAAATTACACATA,1
ACTTAACAAACAAACA,1
ACTTAACACACTTTAC,1
ACTTAACAGAAGCGGT,1
ACTTAACATAAGCAGT,1
ACTTAACATAAGCTGT,1
ACTTAACATGCATCTT,1
ACTTAACATTGGGTCA,1
ACTTAACCATTAGAAA,1
ACTTAACCCTCGTGAA,1
ACTTAACCGTCCCAAA,1
ACTTAACCTACTGCCA,1
ACTTAACTGATAAATT,1
ACTTAAGCAAGTGACA,1
ACTTAAGGCAACCGGT,1
ACTTAAGGTCAAAGCA,1
ACTTAAGTGTGGTCTG,1
ACTTAATAATAAAACC,1
ACTTAATAATATATTT,1
ACTTAATACACCTTCA,1
ACTTAATAGACTTTCA,1
ACTTAATAGCATTTAA,1
ACTTAATATGGTGCTT,1
ACTTAATCACACCATT,1
ACTTAATGAGATAGCA,1
ACTTAATGCCAGAGGG,1
ACTTAATGCTAAAGCA,1
ACTTAATGCTATAGCA,1
ACTTAATGGATTTATT,1
ACTTAATTAATTGAAA,1
ACTTAATTACGACCGA,1
ACTTAATTGCGGAAGA,1
ACTTAATTTAACTACC,1
ACTTACAACCTTGACG,1
ACTTACAACTATGCCC,1
ACTTACAAGCTGAAAG,1
ACTTACACCAAGCATC,1
ACTTACACCCCTGGTA,1
ACTTACACCTGTAAGT,1
ACTTACATCAAGCATC,1
ACTTACCACCACTTGT,1
ACTTACCATAAAAATT,1
ACTTACCATAACCAAC,1
ACTTACCCCCAAACAA,1
ACTTACCCGAAGAGGC,1
ACTTACCGCAATGATT,1
ACTTACCTATGGTGAC,1
ACTTACGAATCACGCA,1
ACTTACGACGAAAAAT,1
ACTTACGAGTAACGCA,1
ACTTACGAGTCACGCG,1
ACTTACGAGTCACGCT,1
ACTTACGAGTCACTCA,1
ACTTACGGGAATAACC,1
ACTTACGTGAACAGCT,1
ACTTACTCAAGAAAGT,1
ACTTACTCATTTTACA,1
ACTTACTCGAATTCCA,1
ACTTACTCGTAATTAA,1
ACTTACTCTGAAACAG,1
ACTTACTCTTGCTTGG,1
ACTTACTGGTTTTCAG,1
ACTTAGAAAAGAATCT,1
ACTTAGAACCAAACAG,1
ACTTAGAAGCATACTA,1
ACTTAGACCGGAGAAC,1
ACTTAGAGCTCAAATC,1
ACTTAGAGTCTAAACC,1
ACTTAGATACACATAT,1
ACTTAGCAAAGAATAT,1
ACTTAGCATGAGCATT,1
ACTTAGCCACAACAGC,1
ACTTAGCCCGCGTGAA,1
ACTTAGCGACAGCTAC,1
ACTTAGCGCCTTTACC,1
ACTTAGCGTTGTCCTA,1
ACTTAGGAAAGACACA,1
ACTTAGGAATATAAAT,1
ACTTAGGACAAGAACT,1
ACTTAGGCAAGAAACA,1
ACTTAGGCAAGACATA,1
ACTTAGGCACTCACTG,1
ACTTAGGGAGGCGTGA,1
ACTTAGGGGCCGGTGA,1
ACTTAGGTCAAGCAAA,1
ACTTAGGTCCCGAAAT,1
ACTTAGGTCCCTAACT,1
ACTTAGTCAATATCGC,1
ACTTAGTCTGTAACAT,1
ACTTAGTCTGTTAGAA,1
ACTTAGTTATTCCCAC,1
ACTTAGTTTCTAACAT,1
ACTTAGTTTGCAACAT,1
ACTTAGTTTTTAACAT,1
ACTTATAACCGTCCTG,1
ACTTATAAGTCAGTAG,1
ACTTATACACACGACG,1
ACTTATACACGCTTAG,1
ACTTATACATGCTTGG,1
ACTTATATACCGCATA,1
ACTTATATCACGCATA,1
ACTTATCATCCTTCAG,1
ACTTATCCCAGCTAAA,1
ACTTATCCGAAAAGAA,1
ACTTATCGCGATCAGC,1
ACTTATCTACCACATG,1
ACTTATCTCACCCTGC,1
ACTTATCTCAGAAACA,1
ACTTATCTTGATAAAA,1
ACTTATGAAACCGTCA,1
ACTTATGCCCCTATGT,1
ACTTATGTCAGCGCAA,1
ACTTATGTCCGCGCTA,1
ACTTATGTCCGCGTAA,1
ACTTATGTGCGCGCAA,1
ACTTATTCCAATTTAA,1
ACTTATTCCTAAAAGA,1
ACTTATTTCCGCGCAA,1
ACTTATTTTAGAGGCT,1
ACTTATTTTCGAGGAT,1
ACTTCAAAAATGTGAG,1
ACTTCAAACCCCATAG,1
ACTTCAAATGTATATG,1
ACTTCAACTTACAGTG,1
ACTTCACAACCATTGT,1
ACTTCACAAGCATTAC,1
ACTTCACACCCATTGT,1
ACTTCACACGCATCAC,1
ACTTCACATCCACTGT,1
ACTTCACTAAAATGCA,1
ACTTCACTGAATTGCA,1
ACTTCAGAGGGTCCTA,1
ACTTCAGGGATAACCC,1
ACTTCATACATTAGAA,1
ACTTCATAGCATGTGT,1
ACTTCATCCTACCAGA,1
ACTTCATGACAGAGGG,1
ACTTCATGATAATGTA,1
ACTTCATGCCAGAGTG,1
ACTTCATTGATGCAGA,1
ACTTCCAAACGTACAA,1
ACTTCCAACCCCAAAG,1
ACTTCCAACCCCATAT,1
ACTTCCAACCCCATTG,1
ACTTCCAACGCCCTAA,1
ACTTCCAACTTGAAAC,1
ACTTCCACCAGTTCAC,1
ACTTCCATAAAAATTA,1
ACTTCCATAAAATTTA,1
ACTTCCATACAAGGAC,1
ACTTCCATATAAGGAA,1
ACTTCCATGAAGCTTA,1
ACTTCCATGAGACTTA,1
ACTTCCATTAAACTTA,1
ACTTCCCTCGGAGAGT,1
ACTTCCGAAACCGTCA,1
ACTTCCGAGGTAGAAA,1
ACTTCCTAACATTCAT,1
ACTTCCTAATGACAGA,1
ACTTCCTAGTACGAAA,1
ACTTCCTGACATTAAT,1
ACTTCCTGGCATTCAT,1
ACTTCCTTATTAGAAC,1
ACTTCGAAAATTAAAA,1
ACTTCGACTCTCAAGG,1
ACTTCGACTTGCAAGG,1
ACTTCGATCTACTAGC,1
ACTTCGCCCTCCACCG,1
ACTTCGCCGAAAACGG,1
ACTTCGTATTTGACAA,1
ACTTCGTCGTAAATAT,1
ACTTCGTGAGTGAGCT,1
ACTTCTAAATTATATC,1
ACTTCTAACCATGCAA,1
ACTTCTAACCCTGCAA,1
ACTTCTAAGCTTGCAA,1
ACTTCTAATTGAAAAT,1
ACTTCTACGAAATTTT,1
ACTTCTACGCAATGGA,1
ACTTCTATGAAACTTA,1
ACTTCTCAAAGAACTG,1
ACTTCTCAACGCCCCG,1
ACTTCTCAGAACACAA,1
ACTTCTCAGAGCCCCG,1
ACTTCTCAGCGACCCG,1
ACTTCTCAGCTCCCCG,1
ACTTCTCCATATGACT,1
ACTTCTCTAACAACGA,1
ACTTCTGAAACCGTAA,1
ACTTCTGAAACCGTCT,1
ACTTCTGACAAGCAAT,1
ACTTCTGACATACGTT,1
ACTTCTGAGTGCCACA,1
ACTTCTGCCAAGAAAT,1
ACTTCTGCCTGCACTA,1
ACTTCTGTAATACAAA,1
ACTTCTGTCAAGCAAT,1
ACTTCTGTGGGATTCT,1
ACTTCTGTTTATGAAC,1
ACTTCTTAAACCGTCA,1
ACTTCTTCTTGGATAA,1
ACTTCTTGAAGTATTC,1
ACTTGAAAGTATCGAC,1
ACTTGAAATGAAACAA,1
ACTTGAACTCTAGGAA,1
ACTTGAAGACGTGAAA,1
ACTTGAAGCAACATTT,1
ACTTGAAGTCTTTATA,1
ACTTGAAGTTATGAAT,1
ACTTGACCCGCGTGAA,1
ACTTGACGCAACAAAA,1
ACTTGACGCCACAATA,1
ACTTGACTTCTTTATA,1
ACTTGAGAAAGATTCC,1
ACTTGAGAAATAATCC,1
ACTTGAGAGACCCGAT,1
ACTTGAGAGTTCAGTC,1
ACTTGAGAGTTGTTAA,1
ACTTGAGCCCCAGCTT,1
ACTTGAGCGAAATGGA,1
ACTTGAGCGGTACATA,1
ACTTGAGGAAGAATCC,1
ACTTGAGGACCCAAGT,1
ACTTGAGGATAATGAT,1
ACTTGAGTTAAGGACA,1
ACTTGATCGGACTGAA,1
ACTTGATCGGTACAAC,1
ACTTGATGCGATAGCA,1
ACTTGATTAAGCCCCG,1
ACTTGATTAAGTGTAA,1
ACTTGATTACGAGTAA,1
ACTTGATTTTAACAAG,1
ACTTGCAAACGATGTG,1
ACTTGCAACTATGAAA,1
ACTTGCAAGAACTGAA,1
ACTTGCAATGTAGCTT,1
ACTTGCACAAAACTTC,1
ACTTGCACAAAACTTT,1
ACTTGCATGAGTATAT,1
ACTTGCCTTAGTATAT,1
ACTTGCGGCATTCCAG,1
ACTTGCTCACTCTCAT,1
ACTTGCTGACACATAA,1
ACTTGCTGCCTGTGGA,1
ACTTGCTGTCCGTGGA,1
ACTTGCTGTCTGCGGA,1
ACTTGCTGTCTGTGGG,1
ACTTGGACACTGTTAA,1
ACTTGGACATAATTTA,1
ACTTGGACGCTCGTAA,1
ACTTGGAGGAAATTAT,1
ACTTGGATAGAAACGA,1
ACTTGGATCGTCGTAC,1
ACTTGGATGTCTCTCT,1
ACTTGGCATACTAATA,1
ACTTGGCCCAATAATC,1
ACTTGGCTGGTTTACA,1
ACTTGGCTTTAAATGA,1
ACTTGGCTTTCACTGC,1
ACTTGGCTTTGAATAA,1
ACTTGGCTTTGAATTA,1
ACTTGGGAGATCCCGG,1
ACTTGTACGAGGAGTA,1
ACTTGTAGGAGACATC,1
ACTTGTATTCCTCAGG,1
ACTTGTCAAATTACGT,1
ACTTGTCAGAAAGCCA,1
ACTTGTCATGAAATTG,1
ACTTGTCATGCAATAG,1
ACTTGTCCACTTTACA,1
ACTTGTCGGATACATC,1
ACTTGTCGTCTTTATA,1
ACTTGTCTGAGACATC,1
ACTTGTGAAACCGTCA,1
ACTTGTGAACCCTTTG,1
ACTTGTGAGGTAGAAA,1
ACTTGTGATCGTAGAT,1
ACTTGTGATCGTAGTA,1
ACTTGTTATCGTAGTC,1
ACTTGTTGCAATTGCT,1
ACTTGTTGGCAAAAAT,1
ACTTTAAACACCAAAA,1
ACTTTAAACCAAACAA,1
ACTTTAAACTACTCCA,1
ACTTTAAACTATTCAA,1
ACTTTAAACTATTCTA,1
ACTTTAAAGGGTGCGA,1
ACTTTAAATCGATTAC,1
ACTTTAAATGGTGCAA,1
ACTTTAAATGGTGGGA,1
ACTTTAAATGTTGCGA,1
ACTTTAAATTATTCCA,1
ACTTTAACTGAAAAAA,1
ACTTTAAGCTATTCCA,1
ACTTTAATAAATATGT,1
ACTTTACAAACAGAAG,1
ACTTTACAACGAAAGA,1
ACTTTACACACAGGAG,1
ACTTTACATAACCGAC,1
ACTTTACCATGCATAT,1
ACTTTACCTCGAGCGA,1
ACTTTACGAAGTACGT,1
ACTTTACGATCCAAGA,1
ACTTTACGCTCCAATA,1
ACTTTACGTCTTTATA,1
ACTTTACTCCGCCTTA,1
ACTTTAGAAAAAATAT,1
ACTTTATAACAGGATT,1
ACTTTATACACAGAAG,1
ACTTTATAGCCAATAA,1
ACTTTATCCCCAGTTA,1
ACTTTATCTACGTACA,1
ACTTTATCTTCCTAGT,1
ACTTTATGAGGGCACA,1
ACTTTATTCTATAGGC,1
ACTTTCAACGATGAAA,1
ACTTTCAATCGACTGA,1
ACTTTCACAATATCAG,1
ACTTTCACAGTATCCG,1
ACTTTCATTGCTGACA,1
ACTTTCCCACGAGCGA,1
ACTTTCCCTCGAGAGA,1
ACTTTCCCTTTGAACA,1
ACTTTCCGACCCATAC,1
ACTTTCCTGCCGAAAG,1
ACTTTCCTTCCTGTCA,1
ACTTTCGGATTGTAAT,1
ACTTTCGTAAATCAGA,1
ACTTTCTAGTGTGTTT,1
ACTTTCTAGTTATAAT,1
ACTTTCTATATGCGAA,1
ACTTTCTGAGGGCACG,1
ACTTTCTGTCTGTGGA,1
ACTTTCTTAGGGCACA,1
ACTTTGAAAATAAGTT,1
ACTTTGAACTACTAGC,1
ACTTTGACAAAATTTT,1
ACTTTGACTGCGAAAT,1
ACTTTGAGTCAGATTA,1
ACTTTGATCTACTAAC,1
ACTTTGATCTACTATC,1
ACTTTGCCTGGTCTCA,1
ACTTTGCTTTGAATGA,1
ACTTTGGACACTCAAT,1
ACTTTGGACAGAATTC,1
ACTTTGGACGCTCAAC,1
ACTTTGGATGCTCAAT,1
ACTTTGGGCGCTCAAT,1
ACTTTGGTAAACGCTA,1
ACTTTGGTCGCTCAAT,1
ACTTTGGTCTACTAGC,1
ACTTTGTACTGTACTG,1
ACTTTGTACTGTCCTT,1
ACTTTGTAGTTAGAAT,1
ACTTTGTTCTGTCCTG,1
ACTTTTAAAAAAACCC,1
ACTTTTAAACCATATG,1
ACTTTTAATTATCAGA,1
ACTTTTAATTTGCGAA,1
ACTTTTACATATGACT,1
ACTTTTACGATAGCCA,1
ACTTTTACTTTCTACG,1
ACTTTTAGCAACTAAC,1
ACTTTTATCTACTAGC,1
ACTTTTATTCATGAGC,1
ACTTTTCAGCGCCCCG,1
ACTTTTCATCAAACAA,1
ACTTTTCATTCATAAC,1
ACTTTTCCATATGACA,1
ACTTTTCCCATTAGCA,1
ACTTTTCCTAAAACAA,1
ACTTTTCCTCAAAAAA,1
ACTTTTCGTCATAGTT,1
ACTTTTCTAGAACACG,1
ACTTTTCTCCAGTGAA,1
ACTTTTGTACATCCAT,1
ACTTTTGTCTTTGTCA,1
ACTTTTTAACATTTGG,1
ACTTTTTAGTCTAGGA,1
ACTTTTTCCAATCGAA,1
ACTTTTTGAACACTTT,1
ACTTTTTTCCAACGCT,1
AGAAAAAAAAACAGTG,1
AGAAAAAAAAATAACT,1
AGAAAAAACAAGTCCC,1
AGAAAAAACTATCACC,1
AGAAAAAACTTCAGCC,1
AGAAAAAAGATAAATG,1
AGAAAAAAGCTCCGAT,1
AGAAAAAATAATACCT,1
AGAAAAAATCCTCTTG,1
AGAAAAACAAGCAGTG,1
AGAAAAACAATCAGTG,1
AGAAAAACAATTCCAA,1
AGAAAAACACAGATTA,1
AGAAAAACATAGTCAG,1
AGAAAAACATGACAGA,1
AGAAAAACCATTTCAG,1
AGAAAAACCTGAAGCC,1
AGAAAAACGTCATACA,1
AGAAAAAGATTTATGG,1
AGAAAAATGAACACAG,1
AGAAAAATGCAAAACA,1
AGAAAAATTGCCTACA,1
AGAAAACAACATATAG,1
AGAAAACAACCTACAG,1
AGAAAACAACCTGATT,1
AGAAAACAACGACAAA,1
AGAAAACAATTATTTC,1
AGAAAACACCCCGATT,1
AGAAAACACTATCTCA,1
AGAAAACAGATCAGGT,1
AGAAAACAGCCTGATT,1
AGAAAACAGGCAATCA,1
AGAAAACATACATACC,1
AGAAAACATTCGACAC,1
AGAAAACCAGATTCGA,1
AGAAAACCAGATTTTA,1
AGAAAACCATATTAAT,1
AGAAAACCCGATCCTA,1
AGAAAACGCCTGCCCA,1
AGAAAACGCTAGAAAA,1
AGAAAACTACTCAGGA,1
AGAAAACTCACCATTC,1
AGAAAAGAAAGTGATC,1
AGAAAAGAAGGATGAA,1
AGAAAAGAAGGGTATA,1
AGAAAAGAAGTGTTAC,1
AGAAAAGAATAATATA,1
AGAAAAGACAAAGACA,1
AGAAAAGACACACGTC,1
AGAAAAGACACCCGTA,1
AGAAAAGACGGCGACA,1
AGAAAAGAGCCAACGA,1
AGAAAAGAGCGCCTAA,1
AGAAAAGATACATACG,1
AGAAAAGATCAACCGA,1
AGAAAAGATCCTACGA,1
AGAAAAGCCACCGACA,1
AGAAAAGGACATAGTT,1
AGAAAAGTAGTAACGT,1
AGAAAAGTATAGCATC,1
AGAAAAGTGAAACCCA,1
AGAAAAGTGAAATCAA,1
AGAAAATAACTAATGA,1
AGAAAATAATCACTAG,1
AGAAAATACGAATGAC,1
AGAAAATATAACATCG,1
AGAAAATATAGATAAT,1
AGAAAATATGTTACAC,1
AGAAAATCAAACATCG,1
AGAAAATCATACCCCA,1
AGAAAATCGGACCGTA,1
AGAAAATCGTACCCCA,1
AGAAAATCTAACATAG,1
AGAAAATCTTACCCCT,1
AGAAAATCTTATCCCA,1
AGAAAATGAAAACTCT,1
AGAAAATGGCAGCATT,1
AGAAAATGGCCTTACA,1
AGAAAATGGGAACGTA,1
AGAAAATGGGACAGTA,1
AGAAAATGGTACCGTA,1
AGAAAATGTACTATTA,1
AGAAAATGTGACCGTA,1
AGAAAATGTTTTCGCT,1
AGAAAATTAGACGATC,1
AGAAAATTATTATCAC,1
AGAAAATTGGCCACCA,1
AGAAAATTTACTTTTG,1
AGAAACAAGAAGTCTA,1
AGAAACAAGAGACCAC,1
AGAAACAAGCAGTATG,1
AGAAACAAGTAAGACC,1
AGAAACAATAAAAACT,1
AGAAACAATAGATTCG,1
AGAAACACGCATTTAA,1
AGAAACACGGATTTCA,1
AGAAACACTAAGGAGG,1
AGAAACAGCCGAAAGC,1
AGAAACAGCTATATTA,1
AGAAACATCAATCTTA,1
AGAAACATCGGGCTAG,1
AGAAACATTAACTTAG,1
AGAAACCAGTAGTCAT,1
AGAAACCAGTCGACAC,1
AGAAACCATTCAACAC,1
AGAAACCATTCCGTAT,1
AGAAACCATTCGAAAC,1
AGAAACCATTCTACAC,1
AGAAACCATTGGACAC,1
AGAAACCCATGCGTGC,1
AGAAACCCCCTATCGG,1
AGAAACCCTGACATAA,1
AGAAACCGACGAAAGC,1
AGAAACCGAGGTTCTT,1
AGAAACCGCCGAAATC,1
AGAAACCGCTTATCAA,1
AGAAACCTCCGAGGGT,1
AGAAACCTCGGGATAG,1
AGAAACCTCGGGCTAT,1
AGAAACGAAAACCGTT,1
AGAAACGAAATTAATT,1
AGAAACGAAGAGTACA,1
AGAAACGAAGATAAAA,1
AGAAACGAGACTTATA,1
AGAAACGAGCCTACAC,1
AGAAACGATACTATCA,1
AGAAACGCAAGCCGAG,1
AGAAACGCGAGCCGAA,1
AGAAACGCGATTAATT,1
AGAAACGGAAATCTTA,1
AGAAACGGAGAGTATA,1
AGAAACGGTTCATTAA,1
AGAAACGTAAGCCGAA,1
AGAAACGTAATTAATT,1
AGAAACGTATAATATA,1
AGAAACTAAACCTGAT,1
AGAAACTAAAGCCAGG,1
AGAAACTAAATACAAT,1
AGAAACTAAGAGTATA,1
AGAAACTACATCGCGC,1
AGAAACTATATTATCA,1
AGAAACTATGATTATG,1
AGAAACTCAAGCCGAA,1
AGAAACTCAATAAAGT,1
AGAAACTCAGAAAGAA,1
AGAAACTGCCATCTAA,1
AGAAACTGGGCAGCAG,1
AGAAACTGGGCATCAA,1
AGAAACTTGCTGAGAA,1
AGAAACTTGTAACCGA,1
AGAAACTTTCTAAAAG,1
AGAAAGAAACACAGAA,1
AGAAAGAAAGTCACGA,1
AGAAAGAAAGTCAGAA,1
AGAAAGAAGAACGTAC,1
AGAAAGACACCTCCAA,1
AGAAAGACGTTCAAGT,1
AGAAAGAGATGTCAAT,1
AGAAAGAGGAATTTAG,1
AGAAAGATGAGCTACT,1
AGAAAGATGCCTAGTG,1
AGAAAGCAAGAAGCCA,1
AGAAAGCACGAAGCCA,1
AGAAAGCAGATAATAA,1
AGAAAGCAGGAAACCA,1
AGAAAGCGATCCTTGG,1
AGAAAGCGTATAAGAT,1
AGAAAGCTTCAAAATG,1
AGAAAGCTTTATATTG,1
AGAAAGGAAATTATGA,1
AGAAAGGCGATTTCAA,1
AGAAAGGGAATTATGC,1
AGAAAGTAGAAGACAC,1
AGAAAGTATCAAAATT,1
AGAAAGTATTTACTCA,1
AGAAAGTCGCAGGCTC,1
AGAAAGTGGCATACCA,1
AGAAAGTGGTATCCCC,1
AGAAAGTGGTTTCCCC,1
AGAAAGTGTTCTCCCC,1
AGAAAGTTATGGGAAA,1
AGAAAGTTCTGACTAT,1
AGAAATAAAATATCGA,1
AGAAATAACCACATGT,1
AGAAATAAGTCCTGAA,1
AGAAATAATAAAGGCC,1
AGAAATAATAACCTGC,1
AGAAATAATGATGAGA,1
AGAAATAATGCCGAGG,1
AGAAATACCGATGGGA,1
AGAAATACGTATGAAC,1
AGAAATACGTTTGAAC,1
AGAAATACTTCTGAAC,1
AGAAATAGCGTAGCGA,1
AGAAATAGGACAAACT,1
AGAAATAGGATTACTT,1
AGAAATATAAAGAAAC,1
AGAAATATAATGGACA,1
AGAAATATCATGGAAA,1
AGAAATATCATGTACA,1
AGAAATATCATTGACA,1
AGAAATATCCATCAGC,1
AGAAATATCCATCGCC,1
AGAAATATCCATCGGT,1
AGAAATATCCATCTGC,1
AGAAATATCGTGGACA,1
AGAAATATCTTTATTT,1
AGAAATATTTGCCGAA,1
AGAAATCAGATCAAAA,1
AGAAATCATAATACTG,1
AGAAATCATACATATA,1
AGAAATCATCATACCG,1
AGAAATCATTCGACCC,1
AGAAATCCTGTCTTAG,1
AGAAATCGCTTTAATT,1
AGAAATCGTCATACTG,1
AGAAATCTAGACTTCT,1
AGAAATGACAAATAAT,1
AGAAATGACAGGGATT,1
AGAAATGACGAGGATT,1
AGAAATGACTTAATGT,1
AGAAATGATAAGAAAC,1
AGAAATGATCATACTG,1
AGAAATGCACTAGGGT,1
AGAAATGCAGAACAAA,1
AGAAATGCCATATATG,1
AGAAATGCTCTAAAAA,1
AGAAATGGATTTCATG,1
AGAAATGTAATTCACC,1
AGAAATTAAACTACGG,1
AGAAATTAACTGTTAG,1
AGAAATTAAGGTACAC,1
AGAAATTAATGTACAA,1
AGAAATTACGAGGGAT,1
AGAAATTAGAGAACAT,1
AGAAATTCAAATTAAA,1
AGAAATTCCGAAAGCA,1
AGAAATTCCTTATATG,1
AGAAATTCGATTTCCC,1
AGAAATTGGCATATAC,1
AGAAATTGGGGATATG,1
AGAAATTTACAATTCC,1
AGAAATTTACATATCT,1
AGAAATTTACCATCTC,1
AGAAATTTATGAAATA,1
AGAAATTTCCCAAACC,1
AGAAATTTCTTGTTGA,1
AGAACAAAAACCACAC,1
AGAACAAAAAGACCAT,1
AGAACAAAAATCCACG,1
AGAACAAAACAAAAGC,1
AGAACAAAACCCTGTT,1
AGAACAAAGCTAAAAG,1
AGAACAACAGGACCAT,1
AGAACAACTCACACCA,1
AGAACAAGGTAGTTGA,1
AGAACAAGGTCATTCA,1
AGAACAATAAGGTCAC,1
AGAACAATGCCGGCGT,1
AGAACAATGTCCGAAG,1
AGAACAATTATAGACT,1
AGAACAATTGGAGAGT,1
AGAACAATTTCAGAAG,1
AGAACACAAAGAATAC,1
AGAACACAAAGAGAAA,1
AGAACACAAGCGTACG,1
AGAACACACCACGTCT,1
AGAACACCCACCCGAG,1
AGAACACCGCATCAAT,1
AGAACACCGTAAGCCG,1
AGAACACCTATATCTC,1
AGAACACCTCCATACA,1
AGAACACCTTAAACCG,1
AGAACACCTTAAGCAG,1
AGAACACCTTAAGCTG,1
AGAACACCTTATTGGA,1
AGAACACTCAATATTG,1
AGAACAGAAACGTTTC,1
AGAACAGACGCAGGTA,1
AGAACAGCAATCACAA,1
AGAACAGCATCAGAAA,1
AGAACAGTAAAGAGTA,1
AGAACAGTTTCTCTCT,1
AGAACATAACTTAATC,1
AGAACATCGCCGCAAG,1
AGAACATCTACCACAA,1
AGAACATGACGCAAGA,1
AGAACATTCTAAGGAA,1
AGAACATTGGACACCA,1
AGAACATTGGCCATCA,1
AGAACATTTAGTTACT,1
AGAACCAAAATACACG,1
AGAACCAAAATCCACC,1
AGAACCAAAATCCACT,1
AGAACCAAACGGGACA,1
AGAACCAACGCTAAAT,1
AGAACCAAGAATTTAA,1
AGAACCAATATAGGGC,1
AGAACCAATGGAAGTT,1
AGAACCAATTGCTTGC,1
AGAACCACCCTCAATA,1
AGAACCACGGTGATTT,1
AGAACCACTATAGGTG,1
AGAACCAGAGACCCTT,1
AGAACCATATTACCAC,1
AGAACCATCGAATCTT,1
AGAACCATCGAGGCTT,1
AGAACCCAAAAGCAAG,1
AGAACCCAAAGAATAT,1
AGAACCCAAAGGATAC,1
AGAACCCCAGAGACAA,1
AGAACCCCAGTGTCAC,1
AGAACCCGAAAACTAT,1
AGAACCCGGAAAGTGC,1
AGAACCGATACCATCA,1
AGAACCGCAGTAACAA,1
AGAACCGCAGTGACGA,1
AGAACCGCGCGTCAAA,1
AGAACCGCGCTTCGAA,1
AGAACCGGTAACACTC,1
AGAACCGTAATTGTTT,1
AGAACCGTAATTTATA,1
AGAACCGTCGAAGCTT,1
AGAACCTAAAAGAAAG,1
AGAACCTAATAAAGCA,1
AGAACCTATACTATCA,1
AGAACCTATTAAAATT,1
AGAACCTCAGAAAGAG,1
AGAACCTCAGTAACGA,1
AGAACCTGTCAAACGA,1
AGAACCTTTGTTTAAC,1
AGAACGAACGACCAAT,1
AGAACGAAGTGAGTCC,1
AGAACGAATCGTCATA,1
AGAACGACCGAACGAA,1
AGAACGCACGGGAACA,1
AGAACGCCAGTATCAC,1
AGAACGCCGCTTTCGT,1
AGAACGCCTTTGAATC,1
AGAACGCGTCAAACGC,1
AGAACGCTGAATCGTC,1
AGAACGGATCTTTATA,1
AGAACGGCATGAGTAA,1
AGAACGGCCAAATCCG,1
AGAACGTAATTCTATA,1
AGAACGTACCAAAAAT,1
AGAACGTAGCTACAAA,1
AGAACGTCCAAAGCCG,1
AGAACGTCGTCGATCC,1
AGAACGTCTAAGTTAC,1
AGAACGTGATAGCCGT,1
AGAACGTGCGAGCGGA,1
AGAACGTGTGAAGCAT,1
AGAACGTTAAATGGTA,1
AGAACGTTAAGCAAAA,1
AGAACGTTAGTAAGGA,1
AGAACTAAAATTACTA,1
AGAACTACTGGTTCAA,1
AGAACTAGCAACTCTG,1
AGAACTATTTTTAGCA,1
AGAACTCAAAAGGGGA,1
AGAACTCAACAAGCTA,1
AGAACTCAATAGGGTA,1
AGAACTCACACGGATA,1
AGAACTCACATATATA,1
AGAACTCCTAAAAGTG,1
AGAACTCTTAAAATAC,1
AGAACTGAAGAACAAA,1
AGAACTGAAGATACCC,1
AGAACTGATATGTAGG,1
AGAACTGATCCAATGA,1
AGAACTGATGAGATGA,1
AGAACTGTAACTTATA,1
AGAACTGTAATTCATA,1
AGAACTGTGCTCCACC,1
AGAACTGTTAACAAAG,1
AGAACTTAAAGTTTCA,1
AGAACTTAACTGTTAT,1
AGAACTTAGAAAAAGT,1
AGAACTTAGAAGACAC,1
AGAACTTCTTTTAATT,1
AGAACTTGGATAATAT,1
AGAACTTTAATTTATA,1
AGAACTTTCATTGATA,1
AGAACTTTGAGCTCAA,1
AGAAGAAAAAAAAATC,1
AGAAGAAAAAGTTCCT,1
AGAAGAAAATAATGAA,1
AGAAGAAAATCTAATA,1
AGAAGAAATATGGAAA,1
AGAAGAAATGTATTAT,1
AGAAGAACCAGCCAAC,1
AGAAGAACCCAAGAGA,1
AGAAGAACGCAATGCA,1
AGAAGAACTCTATGCA,1
AGAAGAAGAGCTCATA,1
AGAAGAAGCGTAACAA,1
AGAAGAAGCGTAACTA,1
AGAAGAATAAGACATC,1
AGAAGAATATCATTCT,1
AGAAGAATCGAATCAG,1
AGAAGAATGCGTGGCA,1
AGAAGACAACACCTGA,1
AGAAGACATACGAACC,1
AGAAGACCTAACTTAA,1
AGAAGACGAGATCATA,1
AGAAGACGAGCTGATA,1
AGAAGACGATCCTATA,1
AGAAGACGATCTCATA,1
AGAAGACTCAAATACC,1
AGAAGACTGCATCCAA,1
AGAAGACTGTTACAAA,1
AGAAGAGACAAGTGCC,1
AGAAGAGACATTAACA,1
AGAAGAGCTGCAAGCG,1
AGAAGAGTAATTAAGC,1
AGAAGAGTAATTACAC,1
AGAAGAGTAATTACGT,1
AGAAGAGTGAATTTAA,1
AGAAGAGTTTAAGCTT,1
AGAAGATAAAACGTGA,1
AGAAGATAACATGCTA,1
AGAAGATACAAAGTGA,1
AGAAGATACAACGTGG,1
AGAAGATATTGATATA,1
AGAAGATCAGTAGGTT,1
AGAAGATGCTATACCA,1
AGAAGATTAAAGTGTT,1
AGAAGATTGGGATGAG,1
AGAAGATTGTTATCAC,1
AGAAGATTTCTTGATC,1
AGAAGATTTTAAACTT,1
AGAAGATTTTCGACAT,1
AGAAGCAAAGGATACA,1
AGAAGCAACAGTTAAC,1
AGAAGCAATTATCTGT,1
AGAAGCAATTCGCAGA,1
AGAAGCACTCTATACA,1
AGAAGCACTCTATGAA,1
AGAAGCAGTCTAATTA,1
AGAAGCATCTCCATTA,1
AGAAGCATTAACTTAA,1
AGAAGCATTATTGCCC,1
AGAAGCCAACGAACTC,1
AGAAGCCAATTAGATA,1
AGAAGCCGATTAACGT,1
AGAAGCCTAATGATTT,1
AGAAGCCTATAAGATA,1
AGAAGCCTATGGCCAA,1
AGAAGCCTCGAATGAC,1
AGAAGCGCATCCGATT,1
AGAAGCGCGGGAACAA,1
AGAAGCGCTTAGCACT,1
AGAAGCGTATAAGAAT,1
AGAAGCGTATAATATA,1
AGAAGCTAACATTTTA,1
AGAAGCTCAGAACTTA,1
AGAAGCTCCATGGCAC,1
AGAAGCTTACATTTTA,1
AGAAGCTTATAAGATA,1
AGAAGGAATAAATAAT,1
AGAAGGAATCTAGACA,1
AGAAGGACACACGGGA,1
AGAAGGACTAGATTCT,1
AGAAGGACTCGAAAAT,1
AGAAGGAGTGAGGGTT,1
AGAAGGATCAATCGGC,1
AGAAGGATCTACGGCA,1
AGAAGGATGACTAGTA,1
AGAAGGATTCTTGATA,1
AGAAGGCTGACAACCG,1
AGAAGGGAGTGACACG,1
AGAAGGGTACTTATGT,1
AGAAGGGTGGCTAAGA,1
AGAAGGTAATTTAAGT,1
AGAAGGTACTCATTGT,1
AGAAGGTCTTATACTG,1
AGAAGGTGGTCTCCCC,1
AGAAGTAAAAATTTTC,1
AGAAGTAAGACTCTCA,1
AGAAGTACAGATATGA,1
AGAAGTAGACAATTGC,1
AGAAGTAGACTCCCTA,1
AGAAGTAGTGGCGTTA,1
AGAAGTATAACAATCT,1
AGAAGTATCATGGACA,1
AGAAGTCAATAACTCC,1
AGAAGTCCAGAATTAA,1
AGAAGTCCTGTCCATA,1
AGAAGTCGCAATCCTA,1
AGAAGTGACCTTACAA,1
AGAAGTGAGGCGCTTA,1
AGAAGTGCGTCACCAC,1
AGAAGTGTATTTCTCC,1
AGAAGTGTCCACTCGG,1
AGAAGTGTCCTGGTCT,1
AGAAGTTACATGGCAC,1
AGAAGTTAGGCACGTT,1
AGAAGTTCCATGGTAC,1
AGAAGTTCGAGTTCGA,1
AGAAGTTCTAGCTCGA,1
AGAAGTTCTATGAACT,1
AGAAGTTGGTATGGCT,1
AGAAGTTGGTCTAGCT,1
AGAAGTTGGTCTGGCC,1
AGAAGTTGGTCTGGTT,1
AGAAGTTTCGATAGGA,1
AGAAGTTTTCCTATTT,1
AGAATAAAAAACACCA,1
AGAATAAAAACACACC,1
AGAATAAAAACAGATA,1
AGAATAAAAGATCGAA,1
AGAATAAACAACAAGA,1
AGAATAAACTCGGACT,1
AGAATAAAGAAAACAT,1
AGAATAAATCATAGCG,1
AGAATAACAACACAGG,1
AGAATAACAATTATGA,1
AGAATAACATAACTAT,1
AGAATAACATAGCTAT,1
AGAATAACGCAACGCA,1
AGAATAACGTAGACTC,1
AGAATAACTTCGTTTA,1
AGAATAAGAACTACAG,1
AGAATAAGAACTGCAT,1
AGAATAAGAATTGCAG,1
AGAATAAGATAAGAAC,1
AGAATAAGGGAAGAAC,1
AGAATAAGGTCATCCA,1
AGAATAAGTTAGTTAT,1
AGAATAATAACTGCAG,1
AGAATAATAAGTCGAC,1
AGAATAATATCTGTGA,1
AGAATAATCTGCTACA,1
AGAATAATGAATCTCA,1
AGAATAATGACTGTCT,1
AGAATAATGTAATTAT,1
AGAATAATGTAATTTT,1
AGAATAATTTAATTCT,1
AGAATACAAAAGCTAT,1
AGAATACAAAATCGAT,1
AGAATACAACGAATTG,1
AGAATACAAGCACGAA,1
AGAATACAAGTTTAAT,1
AGAATACAATTAATCA,1
AGAATACAGAAGCGAT,1
AGAATACATTACTTAT,1
AGAATACCGCGCCTGC,1
AGAATACCGCTACTAT,1
AGAATACGTTACATAG,1
AGAATACTGACCAACA,1
AGAATAGAACGCCCCA,1
AGAATAGACAACACGA,1
AGAATAGACATTAAAC,1
AGAATAGACGATTATA,1
AGAATAGAGCACAAAC,1
AGAATAGCAGTTGTTT,1
AGAATAGGATTTTTTT,1
AGAATAGTGAGATGAG,1
AGAATAGTTTAAACTT,1
AGAATATAAAGAGAAG,1
AGAATATAAGACGTAA,1
AGAATATACATGAAAC,1
AGAATATAGAGGAACG,1
AGAATATAGCAGACTC,1
AGAATATATAGCACAT,1
AGAATATATTATTAGC,1
AGAATATCAAAGACAA,1
AGAATATCTCTCCGAG,1
AGAATATGCGAAGAAA,1
AGAATATTACACAATA,1
AGAATATTGAACGATC,1
AGAATATTGACCAAAA,1
AGAATATTTGCTTTAT,1
AGAATCAAACGTTACC,1
AGAATCAAATATAAAA,1
AGAATCAACTCAGTCG,1
AGAATCAAGAAAAAAT,1
AGAATCAAGAAAACAC,1
AGAATCAATACTAATC,1
AGAATCAATAGTGCAC,1
AGAATCAATCATGCAC,1
AGAATCAATCGCGCAC,1
AGAATCAATCGTGTAC,1
AGAATCAATCTTGCAC,1
AGAATCAATGAAATAC,1
AGAATCAATTCGTGTT,1
AGAATCAATTGTGCAC,1
AGAATCACAAAAAAAC,1
AGAATCACATACAGAA,1
AGAATCACATCGTTTA,1
AGAATCACCAAGGGAG,1
AGAATCACCATTACCA,1
AGAATCACGTCGTTTA,1
AGAATCACTCTATGCA,1
AGAATCACTTAGTTTA,1
AGAATCACTTCGTTTG,1
AGAATCACTTTGTTTA,1
AGAATCAGAGATACGT,1
AGAATCATAAGCATGA,1
AGAATCATCAGCTTAC,1
AGAATCATGACAACAT,1
AGAATCATGACATCAT,1
AGAATCATGTTCTAAG,1
AGAATCATTTCGTTTA,1
AGAATCCAAAGCCATA,1
AGAATCCAAGCGCACT,1
AGAATCCAATCTAAAT,1
AGAATCCAATTCGATA,1
AGAATCCACACCTTGA,1
AGAATCCACTTAAAGG,1
AGAATCCCATACAGAA,1
AGAATCCTAAGCCATA,1
AGAATCCTATTGCATA,1
AGAATCCTCAACTGAG,1
AGAATCCTGAACGGTA,1
AGAATCGAAACCCATA,1
AGAATCGAGAAAGGGA,1
AGAATCGATGTTACCG,1
AGAATCGTATAAGATA,1
AGAATCTAACAACCAT,1
AGAATCTAAGGCAACT,1
AGAATCTATACAAGCT,1
AGAATCTATACTAATC,1
AGAATCTGCCTTTGGC,1
AGAATCTGCTTTTGGA,1
AGAATCTTACAACGAG,1
AGAATCTTCGCACAAC,1
AGAATCTTCTTTTGGC,1
AGAATCTTGGCACAAC,1
AGAATGAACGAAAAAA,1
AGAATGAACGTGTTAA,1
AGAATGAAGCGCATTA,1
AGAATGAATCACATTA,1
AGAATGAATCGAACAA,1
AGAATGAATTGAATAA,1
AGAATGACACACTAAT,1
AGAATGACGGCCACCA,1
AGAATGACGGCCTTAT,1
AGAATGACGGTCTTAG,1
AGAATGACTTGCGGAC,1
AGAATGATACGATCCG,1
AGAATGATACGGTCCC,1
AGAATGATATTACCAT,1
AGAATGATTGCAAGCA,1
AGAATGCCAAAGTCAA,1
AGAATGCCCGGTCAAC,1
AGAATGCCGAAGGCAA,1
AGAATGCTGAACGAAT,1
AGAATGCTGGAAGAAT,1
AGAATGCTGGACAAAT,1
AGAATGCTGTACGAAT,1
AGAATGGGACAACTAC,1
AGAATGGTGAGTGAAG,1
AGAATGGTTACGAATA,1
AGAATGTATATAAAGC,1
AGAATGTATCACAGAG,1
AGAATGTCTTACAAAG,1
AGAATGTGAGCGGTGA,1
AGAATGTGATGGTATG,1
AGAATGTGCCATGTTA,1
AGAATGTGGATAAAGC,1
AGAATGTGTAAATTAG,1
AGAATGTGTATAAAGA,1
AGAATGTTAGAACAAG,1
AGAATGTTAGAGCAAA,1
AGAATGTTGGAACAAA,1
AGAATGTTTATAAAGC,1
AGAATTAAAATCACCT,1
AGAATTAAACTATGTA,1
AGAATTAAGTGCTTTT,1
AGAATTAATCAATAAA,1
AGAATTACACACGAAT,1
AGAATTACACTATCTA,1
AGAATTACTTCGTTTA,1
AGAATTATAAAATTCA,1
AGAATTATACGGTCCG,1
AGAATTATATACTTAG,1
AGAATTATCAGACAAT,1
AGAATTATCAGAGTAT,1
AGAATTATGAGATTTC,1
AGAATTATTAACCGAT,1
AGAATTATTATGCAAA,1
AGAATTCAATTTAAAT,1
AGAATTCACACCAATA,1
AGAATTCACCAAGCAA,1
AGAATTCAGTCTAAAT,1
AGAATTCATGTGGGCT,1
AGAATTCCAATTCCAG,1
AGAATTCGAAAATAAA,1
AGAATTCGAATGGAGT,1
AGAATTCGAGAATACA,1
AGAATTCGAGCCCCTG,1
AGAATTCGATACAATT,1
AGAATTCGGTGCTTTT,1
AGAATTCGTCTACACA,1
AGAATTCTATATACGA,1
AGAATTCTATTAACCG,1
AGAATTGACACAAATA,1
AGAATTGATCTCCAAC,1
AGAATTGCCGATACAC,1
AGAATTGCCGATATAA,1
AGAATTGCCTATATAC,1
AGAATTGTACTTACGA,1
AGAATTTAAACCGTCC,1
AGAATTTACAATTTAA,1
AGAATTTCAAAGACTG,1
AGAATTTCCAAGAATG,1
AGAATTTCCAAGACTT,1
AGAATTTCTAGTATAA,1
AGAATTTGACTTTATG,1
AGAATTTGATATAGAT,1
AGAATTTGTGGCATAG,1
AGAATTTGTGTCATAC,1
AGAATTTTATAAAACG,1
AGACAAAACAACCACG,1
AGACAAAAGCATGAAA,1
AGACAAAATCACTCAC,1
AGACAAAATGGATCTG,1
AGACAAACCAGAACAC,1
AGACAAACTTCCCACT,1
AGACAAACTTTACCCT,1
AGACAAAGAAGGATGC,1
AGACAAAGTGACAGCT,1
AGACAAAGTGCCAGAT,1
AGACAAAGTTCCAGCT,1
AGACAAATAAAAAACA,1
AGACAAATGATAATGA,1
AGACAAATTAACACCA,1
AGACAAATTATAGACG,1
AGACAACAAAAATTAC,1
AGACAACAAACAACTA,1
AGACAACACACAACTG,1
AGACAACACATAAGTC,1
AGACAACACCTCGTTA,1
AGACAACAGACGTTAT,1
AGACAACAGGCTATCG,1
AGACAACATAGCAAAA,1
AGACAACATCAGCCTG,1
AGACAACATGGAGACG,1
AGACAACCACACTGCA,1
AGACAACGCGTAAGTC,1
AGACAACGTAACAGTC,1
AGACAACGTTATGTTA,1
AGACAACTATACGGTG,1
AGACAACTATGCACAA,1
AGACAACTCCTCAAGG,1
AGACAACTCTTTTAGA,1
AGACAACTCTTTTATA,1
AGACAACTCTTTTGCA,1
AGACAACTGTTTTACA,1
AGACAAGAAAACACCG,1
AGACAAGAACACTCCT,1
AGACAAGAGAACTTAC,1
AGACAAGATCGCCTAA,1
AGACAAGCCTAATTAA,1
AGACAAGCGACGTTAG,1
AGACAAGGCTTATGTT,1
AGACAAGTAAACATAG,1
AGACAAGTGATCATTC,1
AGACAAGTGCATGGAA,1
AGACAATAAAGAGACT,1
AGACAATAATTTAAGT,1
AGACAATATCAATATT,1
AGACAATCGGTAAGCG,1
AGACAATCTATAGAGA,1
AGACAATTCCAACTAA,1
AGACAATTTAACACTA,1
AGACAATTTAACGCCT,1
AGACAATTTTTAAAAA,1
AGACACAAGAAAAAAG,1
AGACACAATAAAAAAT,1
AGACACAATATAGGGC,1
AGACACAATCCCTTTT,1
AGACACAATTGGGACG,1
AGACACAGCAGCTCAA,1
AGACACATATACTGAG,1
AGACACATCAGTACAA,1
AGACACATGTAGTAAA,1
AGACACCCAATCACAT,1
AGACACCTAATCCTTA,1
AGACACCTTTAACCAA,1
AGACACGAAATTGAAG,1
AGACACGAAGACAACA,1
AGACACGCCTAGCAAA,1
AGACACGGCCTCCCCA,1
AGACACGGTGATATTA,1
AGACACGTTAATCGAG,1
AGACACTAAACCGGCG,1
AGACACTATAATATGT,1
AGACACTCAATGATAT,1
AGACACTGAAATTTAA,1
AGACACTGTAAAAAAT,1
AGACACTTAAGAAATG,1
AGACAGAAAGGTCTGA,1
AGACAGAACCGGCATC,1
AGACAGAAGTTATAGA,1
AGACAGAATCCGCGGA,1
AGACAGAGCAACCAGG,1
AGACAGATATTTAGGA,1
AGACAGATATTTCTGA,1
AGACAGATATTTTGGA,1
AGACAGATGCAAATCT,1
AGACAGATGTTTCGGA,1
AGACAGATTCAAACTT,1
AGACAGCCCAATTCGG,1
AGACAGCGTAAAATAA,1
AGACAGCTAATCACTG,1
AGACAGGCAGCAACTA,1
AGACAGGCATGATGAT,1
AGACAGGTAATAACTG,1
AGACAGGTAATGACTG,1
AGACAGTAACTAAAAC,1
AGACAGTCCTATTCGG,1
AGACAGTTCGGGAAGA,1
AGACATAAACGAGTAC,1
AGACATAAATTGTTAG,1
AGACATAACTGACAAT,1
AGACATAAGTTAAGCA,1
AGACATAATAAAAGTA,1
AGACATACCAAAAGTA,1
AGACATACGAGATAAA,1
AGACATACTAGTATGA,1
AGACATAGAAATTTGA,1
AGACATAGATCTGGTT,1
AGACATAGCGATTTAG,1
AGACATAGGAATTTGA,1
AGACATAGGTCTGGTT,1
AGACATAGTAACAGTA,1
AGACATATACATCTCC,1
AGACATATAGCATGGC,1
AGACATATAGGCGTAT,1
AGACATCAACGCATCA,1
AGACATCACATGCAGT,1
AGACATCAGATCCCCG,1
AGACATCATATAGTTC,1
AGACATCCCCAACAGC,1
AGACATCGACAAGTAC,1
AGACATCGTCGTAAGT,1
AGACATGAAATCTCTC,1
AGACATGCAAGCATGT,1
AGACATTAAGGTAAAC,1
AGACATTAAGGTATAC,1
AGACATTAATCCAGAA,1
AGACATTAATGAGGTC,1
AGACATTAGCGAATCA,1
AGACATTAGGGTACAC,1
AGACATTCAGAATAGG,1
AGACATTCTCAACAGC,1
AGACATTGACATATTC,1
AGACATTGATCTAGGA,1
AGACATTTCATAAATC,1
AGACCAAAAAACTTAA,1
AGACCAAAATTGAAGC,1
AGACCAAAGAATTTAA,1
AGACCAAATGTGCTTA,1
AGACCAACAGCAAGAA,1
AGACCAACCTATGACC,1
AGACCAACTAAGGCCA,1
AGACCAAGTATAGCTA,1
AGACCAAGTCACGGTA,1
AGACCAATTAGACGCC,1
AGACCAATTATACACC,1
AGACCACAGGAACTAA,1
AGACCACAGGAAGCCT,1
AGACCACATACGGGAG,1
AGACCACATCAGACTG,1
AGACCACATCAGCATG,1
AGACCACATGAGGCCT,1
AGACCACATTAAGCCT,1
AGACCACCTCGCGAAC,1
AGACCACCTTGAGAAC,1
AGACCACCTTGCGAGC,1
AGACCACCTTGCTAAC,1
AGACCACGAGAACTAA,1
AGACCACGAGGGGTGA,1
AGACCACTCTCTAGCT,1
AGACCAGAAGAACTAA,1
AGACCAGATCTAATCT,1
AGACCAGCACAAGACC,1
AGACCAGCTAGTTGCA,1
AGACCAGTAAGGATCT,1
AGACCAGTGTATTGCA,1
AGACCATAACTCGCTC,1
AGACCATAAGAACACA,1
AGACCATAAGTAGCCC,1
AGACCATAGTCGACGC,1
AGACCATCGCAAGTTT,1
AGACCATGACCATGAG,1
AGACCCAAAAAGACAT,1
AGACCCAAAGCCGAAC,1
AGACCCAAATAAGTAC,1
AGACCCAATATAGGGG,1
AGACCCAATATAGGGT,1
AGACCCCACCGAAAGC,1
AGACCCCAGCAAGGTA,1
AGACCCCCCCCGAATG,1
AGACCCCTCGCAAGTG,1
AGACCCGAACATCAAC,1
AGACCCGGTCAAACGA,1
AGACCCGTAGAACGCA,1
AGACCCGTCTGAGCCA,1
AGACCCTACGGTGTAT,1
AGACCCTAGCTAGTAT,1
AGACCCTGAAGAGGAG,1
AGACCCTGTAAAACGA,1
AGACCCTGTCAAAAGA,1
AGACCCTGTCAAACAA,1
AGACCCTGTTAAACGA,1
AGACCCTTTACTTAAA,1
AGACCGAAGTCGAATG,1
AGACCGACCATGTAAG,1
AGACCGACTCTCTCCA,1
AGACCGAGTCAACGAC,1
AGACCGATAGCTAGCG,1
AGACCGCAGGGAATGC,1
AGACCGCTACACCCAT,1
AGACCGCTACATCTAC,1
AGACCGGAGCGAAAAA,1
AGACCGGATATGCCAG,1
AGACCGGCTATCTTTT,1
AGACCGTATGACGGTT,1
AGACCGTATGTACCAA,1
AGACCGTCTAACGGTT,1
AGACCGTCTGAAGGTT,1
AGACCGTCTGACGGTA,1
AGACCGTGGTTGAACG,1
AGACCGTGTTATGTGC,1
AGACCGTTGATTGACA,1
AGACCTAACTTCGCCT,1
AGACCTAATATTATGT,1
AGACCTAGAGATTTAG,1
AGACCTAGGGATTTAG,1
AGACCTCATGTGATCA,1
AGACCTCGGAAACCTC,1
AGACCTCGGCGTAAGT,1
AGACCTCGTAGTAAGT,1
AGACCTCGTCTACACA,1
AGACCTCTCAACCGTT,1
AGACCTCTGTTGAAAA,1
AGACCTGACTTTTTAA,1
AGACCTGATCATATCC,1
AGACCTGATGGCTGAT,1
AGACCTGCACAATTAA,1
AGACCTGCCTCAAACA,1
AGACCTGTATTCACTT,1
AGACCTTAAAAATACA,1
AGACCTTACGTCTACA,1
AGACCTTCCTCAAAGA,1
AGACGAAAACATATGA,1
AGACGAAATCAAAATT,1
AGACGAACAAAAATAG,1
AGACGAACCACTATGA,1
AGACGACACCAGAAAG,1
AGACGACACCCACTTA,1
AGACGACCCAATATGA,1
AGACGACCCACTATAA,1
AGACGACCGACTATGA,1
AGACGACGATACATCT,1
AGACGACTAAATGAAA,1
AGACGACTAAATTAAC,1
AGACGACTCAATGATT,1
AGACGACTTGATTCAC,1
AGACGAGAGTAAATAT,1
AGACGAGAGTGTGGTG,1
AGACGAGCCCAGTTTT,1
AGACGAGCCTCCAGGG,1
AGACGATAACAGCGCT,1
AGACGATAACTGAACC,1
AGACGATAGAAGCGCT,1
AGACGATCACGATAAG,1
AGACGATCACGGCCAG,1
AGACGATCCATCCAGT,1
AGACGATCGCGTTCCC,1
AGACGATGAAGTCTTC,1
AGACGATGGCTGTACT,1
AGACGATTATCGTTGC,1
AGACGCAAAAAAACGT,1
AGACGCAAGGAATGTG,1
AGACGCAATATAGGGC,1
AGACGCATACCAAAAC,1
AGACGCCCAACACACC,1
AGACGCGGGATAGACG,1
AGACGCGGGTGCTCTA,1
AGACGCGTGTGCACCA,1
AGACGCTAATACAAAA,1
AGACGCTCACGGTCAG,1
AGACGCTGCTGGTAAC,1
AGACGCTGGACTTACC,1
AGACGCTGTCAAACGA,1
AGACGCTTATCTTTCC,1
AGACGGAATCGAAAAT,1
AGACGGACGCGAAAAT,1
AGACGGACTCAAAAAT,1
AGACGGACTCGAAAAC,1
AGACGGACTCGAAAAG,1
AGACGGACTCGGAAAT,1
AGACGGACTGTGTAAA,1
AGACGGATACCATTAA,1
AGACGGATAGCTTATA,1
AGACGGATCAAGAATG,1
AGACGGCAAGCAAATT,1
AGACGGCATGGTACAA,1
AGACGGCCACATTTTA,1
AGACGGCCATGCAAAC,1
AGACGGCGTATAAGAT,1
AGACGGCTTGATTAAC,1
AGACGGGCAACCTCCG,1
AGACGGTAATTTAATT,1
AGACGGTAATTTGAGT,1
AGACGGTAGTTTAAGT,1
AGACGGTCACTGCAAC,1
AGACGGTCGCCGGCAA,1
AGACGGTGATTTAAGT,1
AGACGTAACTCTACTT,1
AGACGTATAGAGACGC,1
AGACGTCCACAGGCTA,1
AGACGTGATAAAGAGA,1
AGACGTGTTCCATTAT,1
AGACGTTAACTAAAGC,1
AGACGTTAATATTAAA,1
AGACGTTAATTTAAGT,1
AGACGTTAGTATTGAC,1
AGACGTTGGAGGTTTA,1
AGACTAAAAAATTAAA,1
AGACTAAAACATTAAA,1
AGACTAAAATAACTAT,1
AGACTAAACCCTTAAA,1
AGACTAAAGTGTCATA,1
AGACTAAATATTATAG,1
AGACTAAATTAAACTA,1
AGACTAAATTTTGCGG,1
AGACTAAATTTTTCGA,1
AGACTAACATAAATAT,1
AGACTAACCTGTGAAA,1
AGACTAACGAGCAACC,1
AGACTAACTAATACCT,1
AGACTAACTCCGCGAC,1
AGACTAACTCTGAGAC,1
AGACTAACTGCCTTTT,1
AGACTAACTTAACTAT,1
AGACTAACTTATTATA,1
AGACTAAGAATTAGAA,1
AGACTAATAACTTGTA,1
AGACTAATCGCCCTGG,1
AGACTACAAAACTGAA,1
AGACTACAAGAACTAA,1
AGACTACAATCTAAGC,1
AGACTACAATCTACGA,1
AGACTACAATCTATGC,1
AGACTACACACAACTA,1
AGACTACACCACCTAG,1
AGACTACAGTCTACGC,1
AGACTACATCAGCCTG,1
AGACTACATGAAGCCT,1
AGACTACCATAACTAT,1
AGACTACCGGCCTTTT,1
AGACTACCGTACCTCA,1
AGACTACCTAGTAATT,1
AGACTACCTGACTTTT,1
AGACTACCTTCCTTTT,1
AGACTACGAGAAAGCT,1
AGACTACGTGTCCAAT,1
AGACTACTAAAAAGCT,1
AGACTACTCAATATTG,1
AGACTACTCAATATTT,1
AGACTACTGAGAAATT,1
AGACTACTTTCCGGTT,1
AGACTACTTTTAGGAC,1
AGACTAGACCGCTATT,1
AGACTAGACTATAATA,1
AGACTAGAGCGCCTAA,1
AGACTAGATAACCCCA,1
AGACTAGATCGGACTG,1
AGACTAGCCTGGGTAT,1
AGACTAGGGATCATTC,1
AGACTAGGGCATCTAT,1
AGACTAGGTCATTTAT,1
AGACTATAAGGCAACT,1
AGACTATACGTACATA,1
AGACTATCGGTTCTAA,1
AGACTATGAAAAAGCT,1
AGACTATGCTCTAAAC,1
AGACTATGTCATCTAT,1
AGACTCAACAAAGACA,1
AGACTCAACACGGACA,1
AGACTCAAGACAGACA,1
AGACTCAAGGGACCGC,1
AGACTCAATAGGAAGA,1
AGACTCAATAGTCACA,1
AGACTCAATAGTCTAC,1
AGACTCACTGAGGGGT,1
AGACTCAGATACCGAC,1
AGACTCATGTTCCAAG,1
AGACTCATGTTCTAAT,1
AGACTCATGTTCTAGG,1
AGACTCCAGATTGAGA,1
AGACTCCGTATAGCTA,1
AGACTCCTAATGATTT,1
AGACTCCTAATGGTAG,1
AGACTCCTCGTACTAA,1
AGACTCCTTAGCCACC,1
AGACTCTAACATCAAC,1
AGACTCTAAGGAAACT,1
AGACTCTACAAAGGTA,1
AGACTCTACAAATGTC,1
AGACTCTACAAGGGTC,1
AGACTCTACAGGACTA,1
AGACTCTATAGACCCA,1
AGACTCTGAGGCAACT,1
AGACTCTGTCAAACGA,1
AGACTCTTTCAAGATT,1
AGACTGAAAATCACCG,1
AGACTGAATTCATCCG,1
AGACTGACCACTAGGT,1
AGACTGACTAATAGTT,1
AGACTGACTGACTCGT,1
AGACTGAGGAAACCCT,1
AGACTGATAAAGACAA,1
AGACTGATATAATCTG,1
AGACTGATTAATAGCT,1
AGACTGATTCTCTGAA,1
AGACTGATTTTAAAAC,1
AGACTGCCCCATAAAA,1
AGACTGCTTGACCGAG,1
AGACTGCTTGATTCAC,1
AGACTGGAAGAAAGGA,1
AGACTGGCAACCATGG,1
AGACTGGGAAATGGAC,1
AGACTGGGACCTGCAC,1
AGACTGTCACGCCAAG,1
AGACTGTTCCTAATCA,1
AGACTGTTTTAGCCCC,1
AGACTTAAATAATTCG,1
AGACTTAAATATCCGT,1
AGACTTAACTAATCAT,1
AGACTTAAGTGGGTTA,1
AGACTTAATTTACAGA,1
AGACTTACTACCGACA,1
AGACTTAGAAATATGT,1
AGACTTAGAAGGGATA,1
AGACTTATTCATAATT,1
AGACTTATTCCTAATC,1
AGACTTCAATACAATA,1
AGACTTCACACTACTG,1
AGACTTCACCATAAGT,1
AGACTTCAGAGCAGAA,1
AGACTTCATGAATCGT,1
AGACTTCCCCCTCTCC,1
AGACTTCCGCCTCTGC,1
AGACTTCGGATTTACA,1
AGACTTCGGGGCATAG,1
AGACTTCTCATTACAC,1
AGACTTGAGCTCCAAC,1
AGACTTGAGGGGACAG,1
AGACTTGATCTACAAC,1
AGACTTGGACGGTTAA,1
AGACTTGGCTCATAAT,1
AGACTTTACACGACCG,1
AGACTTTACGCAACTT,1
AGACTTTGATAAGGGT,1
AGAGAAAACATATTCC,1
AGAGAAAACATATTCT,1
AGAGAAAACTGCACTC,1
AGAGAAAAGAATCCAT,1
AGAGAAAATAAACCAT,1
AGAGAAACAAAAAGAT,1
AGAGAAACAAGATACA,1
AGAGAAACAGAAACGG,1
AGAGAAACGATTTCAG,1
AGAGAAACTAAAAACT,1
AGAGAAACTAAGTCGC,1
AGAGAAACTCCCCACT,1
AGAGAAACTTCCAACT,1
AGAGAAACTTCCCACA,1
AGAGAAAGGAGGACAG,1
AGAGAAAGTTCCCACT,1
AGAGAAATACCAGAAA,1
AGAGAAATACTCGAAA,1
AGAGAAATACTCTACA,1
AGAGAAATGGCTCATG,1
AGAGAAATTTCCCACT,1
AGAGAACAAGAGAATC,1
AGAGAACATCCATTCA,1
AGAGAACATCGCCCAC,1
AGAGAACCCCGTGATG,1
AGAGAACCCCTTGAGG,1
AGAGAACCGGGAAAAC,1
AGAGAACCTCAACTAC,1
AGAGAACCTTCCCACT,1
AGAGAACGTCGTTGAT,1
AGAGAACTAAAAATAA,1
AGAGAACTACCATGGA,1
AGAGAACTCTGTACAT,1
AGAGAACTGTGTTAAG,1
AGAGAACTTATAAAAA,1
AGAGAACTTATGTTAG,1
AGAGAAGAAGGATATA,1
AGAGAAGATAAAATGC,1
AGAGAAGATATCGCAA,1
AGAGAAGCAAGATACA,1
AGAGAAGCTTCCCACT,1
AGAGAAGGCCCTATGA,1
AGAGAAGGCCCTCTGG,1
AGAGAAGGGAGGACAC,1
AGAGAATAAAATAAAA,1
AGAGAATAAACAAAAT,1
AGAGAATAAGTCCATA,1
AGAGAATAATCGTGCT,1
AGAGAATAATTCTTAA,1
AGAGAATACGTTCTAA,1
AGAGAATAGATATTAG,1
AGAGAATAGATATTCA,1
AGAGAATCGAAAAAAA,1
AGAGAATGAAGTATTG,1
AGAGAATGAATCACGG,1
AGAGAATTAACAATCG,1
AGAGAATTGATCAATG,1
AGAGACAAAGAAGTCC,1
AGAGACAACCGCTTCG,1
AGAGACACAATACAAG,1
AGAGACACATATCCAA,1
AGAGACACATATGCCC,1
AGAGACAGAGCGGTAT,1
AGAGACATAGGAACAA,1
AGAGACATCCCACCTT,1
AGAGACATTACGTATT,1
AGAGACATTTTAGGCT,1
AGAGACCAAAAACGAA,1
AGAGACCAATCATCTA,1
AGAGACCCAGCCAAGT,1
AGAGACCTCCCAACTT,1
AGAGACCTCCCACATT,1
AGAGACCTCCCACCTC,1
AGAGACCTCGATGAAA,1
AGAGACCTGAGTAGCA,1
AGAGACCTGTACTAGT,1
AGAGACGACTCAGGCA,1
AGAGACGCCTCTTGTA,1
AGAGACGGATAAGATC,1
AGAGACGGGTTCTCAG,1
AGAGACGTATACTTTT,1
AGAGACGTATTCTGAT,1
AGAGACTAAAAAGAAT,1
AGAGACTAACTAGGTC,1
AGAGACTATCATGAAC,1
AGAGACTCCTCTCAAC,1
AGAGACTGGCCACATG,1
AGAGACTGTCGTAATG,1
AGAGACTGTTAGTACA,1
AGAGACTTAATCACGG,1
AGAGACTTGTACCCGA,1
AGAGAGAAGCACCCTC,1
AGAGAGACAAATGACA,1
AGAGAGACAAGAGTTG,1
AGAGAGACATCTCCCA,1
AGAGAGACGCTATTAA,1
AGAGAGACTCCTCAAC,1
AGAGAGACTTCCCACT,1
AGAGAGAGAAAAGTTG,1
AGAGAGAGAGAAACTA,1
AGAGAGAGGCACGGGA,1
AGAGAGAGGGAAACTC,1
AGAGAGATACCATTAA,1
AGAGAGCAAAAAAGAT,1
AGAGAGCAACATAATT,1
AGAGAGCAATAAGTGC,1
AGAGAGCAGAACTCCC,1
AGAGAGCTGACTTCAT,1
AGAGAGCTGCCAACAG,1
AGAGAGGGTTTGTTAA,1
AGAGAGGTAACCTACA,1
AGAGAGGTAACCTACG,1
AGAGAGTACTGGTAAT,1
AGAGAGTAGGAACGAT,1
AGAGAGTCACATCAGT,1
AGAGAGTTAGGCATAT,1
AGAGAGTTTTTCCAAA,1
AGAGATAACACAACCT,1
AGAGATAACTGACCTT,1
AGAGATAAGACGCATG,1
AGAGATAATTTGAGAT,1
AGAGATACAAAAGTTG,1
AGAGATACCGATTACA,1
AGAGATACTGAATCAC,1
AGAGATAGAAGCACAC,1
AGAGATAGAGAAACTC,1
AGAGATAGGGACCATG,1
AGAGATAGTATTTTAC,1
AGAGATATAGTGAGAA,1
AGAGATATCCACTTCA,1
AGAGATATCTAAAGTG,1
AGAGATATCTCAATTG,1
AGAGATATTGATGATG,1
AGAGATCAAATCCCCG,1
AGAGATCAACAAAGTA,1
AGAGATCAACTTTATT,1
AGAGATCACAAACCTT,1
AGAGATCACACCCTCA,1
AGAGATCACATGGTTA,1
AGAGATCATGTTCTAC,1
AGAGATCCAAGATACA,1
AGAGATCGTCAAAGTA,1
AGAGATCGTTGAGGAA,1
AGAGATCTTGATCTTG,1
AGAGATGCCGTCCAAC,1
AGAGATGGCGTAACTG,1
AGAGATGGTTGCCAAC,1
AGAGATGTACCCCAAT,1
AGAGATGTTCCCCTTT,1
AGAGATTCACTGAAAA,1
AGAGATTCGCTTGGCG,1
AGAGATTGAATCACGG,1
AGAGATTGCTAGCAAA,1
AGAGATTGCTAGCCTA,1
AGAGATTGGATGGAAA,1
AGAGATTTGTCGTACG,1
AGAGATTTTCCCTTTT,1
AGAGCAAAACAGCGTT,1
AGAGCAAAATAGTTAT,1
AGAGCAAACCGCTTCG,1
AGAGCAAACGCTAAAT,1
AGAGCAAATATCGCTC,1
AGAGCAACAAAAAACT,1
AGAGCAACACAATGAA,1
AGAGCAACGACTCCGA,1
AGAGCAACTAAAAACC,1
AGAGCAACTTCCCACT,1
AGAGCAAGAATCCACA,1
AGAGCAATGCGGTCCT,1
AGAGCAATGCTTCTCA,1
AGAGCAATGTATATAC,1
AGAGCACAAAACCGCC,1
AGAGCACACATCAGTT,1
AGAGCACACCCCGCAG,1
AGAGCACAGACTCTAA,1
AGAGCACCCTTGCAGG,1
AGAGCAGAAAGTACTG,1
AGAGCAGAGCGTACTG,1
AGAGCATAAACCAATT,1
AGAGCATAGATTGATA,1
AGAGCATCACCGCAAG,1
AGAGCATCATCCAACT,1
AGAGCATCGCAGCAAG,1
AGAGCATCGCCGCAAT,1
AGAGCATGTTAGTACA,1
AGAGCATTGCCGCAAG,1
AGAGCCAAACGCTTCG,1
AGAGCCAAATAGTTCC,1
AGAGCCAACCACTTCG,1
AGAGCCAACCGCTACG,1
AGAGCCAACCGCTTAG,1
AGAGCCAACCGCTTCA,1
AGAGCCAACCGCTTCT,1
AGAGCCAACCTCTTCG,1
AGAGCCAACGATAAAT,1
AGAGCCAACTCTAAAT,1
AGAGCCAGACAGTAAC,1
AGAGCCATAACAAATA,1
AGAGCCCAAAAACAAG,1
AGAGCCCAAAACGGAT,1
AGAGCCCAAAGAATAC,1
AGAGCCCTCTCGCTTA,1
AGAGCCCTGTGAAAAA,1
AGAGCCGACGCTAAAT,1
AGAGCCGTATTGCCAA,1
AGAGCCTAAAGCCCCA,1
AGAGCCTATATACAAT,1
AGAGCCTCAGAAAGAA,1
AGAGCCTGAATGCATT,1
AGAGCCTGACGACCAA,1
AGAGCCTGGTAGTACA,1
AGAGCCTTCTACACCA,1
AGAGCCTTTGAGGCCA,1
AGAGCGATGAAAAGAA,1
AGAGCGCACCGACCTC,1
AGAGCGCCAGGGAGAC,1
AGAGCGCGGTCTCTCA,1
AGAGCGGAAAGCTGCC,1
AGAGCGGCATCACAAG,1
AGAGCGGTACGTCTAC,1
AGAGCGTACTCACTAA,1
AGAGCGTGTATAAACA,1
AGAGCGTTAGTTGGAA,1
AGAGCGTTTAAGTGTC,1
AGAGCTAACCGCTTCG,1
AGAGCTACCTGTGCTA,1
AGAGCTACCTTCACTC,1
AGAGCTAGACAGGAAC,1
AGAGCTAGAGGTCTAT,1
AGAGCTAGCGGTCCAT,1
AGAGCTATTCAAAATA,1
AGAGCTATTTAATGGA,1
AGAGCTCATTAAACTC,1
AGAGCTCGTAAACCTC,1
AGAGCTGCCCACTATA,1
AGAGCTTACAATTGTA,1
AGAGCTTAGGCGAGTA,1
AGAGCTTATCCTCAAT,1
AGAGCTTGAATTTGAT,1
AGAGCTTTTATTTATA,1
AGAGGAAAAAAACAAT,1
AGAGGAAAAAGACACT,1
AGAGGAAAACTGGCGA,1
AGAGGAAACATTGATA,1
AGAGGAAAGCAGAGAG,1
AGAGGAAAGTATTTAA,1
AGAGGAAATAGATATA,1
AGAGGAAATATATGCA,1
AGAGGAAATTATATAA,1
AGAGGAACAATGACTT,1
AGAGGAACAGATAAAA,1
AGAGGAACAGATAGAA,1
AGAGGAACGCAACGCA,1
AGAGGAAGAGCTCAAT,1
AGAGGAAGCATACTAC,1
AGAGGAAGTGGCGATC,1
AGAGGAATAAAAAGCT,1
AGAGGAATAAAGAACT,1
AGAGGAATACAAGAAA,1
AGAGGAATACTAGAAA,1
AGAGGAATATCCCCCA,1
AGAGGAATGGCTATAG,1
AGAGGAATGTCTAGAG,1
AGAGGAATTGCTAGAG,1
AGAGGACACAGCTTAA,1
AGAGGACAGATATGCA,1
AGAGGACATACATATA,1
AGAGGACATACATGCA,1
AGAGGACATATATGAA,1
AGAGGAGGTTGCGAAG,1
AGAGGAGTACTAGCGC,1
AGAGGATGCAAATGCG,1
AGAGGATGGCTTTTCA,1
AGAGGATTCGGAATAA,1
AGAGGATTTTCAACAT,1
AGAGGCAAAGGATGCA,1
AGAGGCAAGATCCAGT,1
AGAGGCAGTAAAGCCA,1
AGAGGCATATAAAACT,1
AGAGGCCAACTTATAG,1
AGAGGCGAGAAATGAC,1
AGAGGCGGTGACGTTT,1
AGAGGCGGTGCCGTCT,1
AGAGGCGGTGCCTTTT,1
AGAGGCTCACTGCGAG,1
AGAGGCTCCAGTACGC,1
AGAGGGAAAAAAAACT,1
AGAGGGAAACCATTAA,1
AGAGGGACACCATTAA,1
AGAGGGAGTAAAGAAC,1
AGAGGGATACCACTAA,1
AGAGGGATACCATCAA,1
AGAGGGATACTATTAA,1
AGAGGGCAGATTGAGT,1
AGAGGGCTTAGATGCG,1
AGAGGGGTACCATTAA,1
AGAGGGTACCCGCCAA,1
AGAGGGTCATTCAAGT,1
AGAGGGTTAACGCTGA,1
AGAGGGTTACCATTAA,1
AGAGGGTTGTATTAAG,1
AGAGGTACTTGTTCCC,1
AGAGGTATAACCTACA,1
AGAGGTCACGGCAATA,1
AGAGGTCCAACTAAAT,1
AGAGGTGGGTGAAACG,1
AGAGGTGGGTGGGACG,1
AGAGGTGGTGCCGTTT,1
AGAGGTGTGCAGATCC,1
AGAGGTTCTTTCCAAA,1
AGAGGTTGCGGAGTAT,1
AGAGGTTGGTGAGACG,1
AGAGTAAAATCGGTTA,1
AGAGTAAACAACACGA,1
AGAGTAAACAATTAAA,1
AGAGTAACTAAAAACT,1
AGAGTAACTTGGATGA,1
AGAGTAAGGTAGAAAA,1
AGAGTAATGGCTAGAG,1
AGAGTACAAATTGATT,1
AGAGTACAACGCAAAA,1
AGAGTACATATATGCA,1
AGAGTACCAACCGGCA,1
AGAGTACCCTGGGCAA,1
AGAGTACCGAATGGCT,1
AGAGTACCGACCAGCA,1
AGAGTACTCGTATGTT,1
AGAGTAGATTTTTGAC,1
AGAGTAGGGTAAGCTT,1
AGAGTAGTAACACGCC,1
AGAGTAGTAACCCGCA,1
AGAGTAGTAACCCGCT,1
AGAGTAGTTACCCGCC,1
AGAGTATAGTATCAAA,1
AGAGTATCGTATAAAA,1
AGAGTATTCGCACATG,1
AGAGTATTGACCAACA,1
AGAGTCAAACGCTCAC,1
AGAGTCAAGCCTATTA,1
AGAGTCACAATACAAG,1
AGAGTCACGATGAATA,1
AGAGTCAGAACAATCA,1
AGAGTCCCAGGAGGTC,1
AGAGTCTCACTGTGAG,1
AGAGTCTCATGCGGTA,1
AGAGTCTTTAGGTATA,1
AGAGTGAAAAATCTCC,1
AGAGTGAAACAACCAA,1
AGAGTGAAACTACTAC,1
AGAGTGACCGCGGTCT,1
AGAGTGACGTATAAGC,1
AGAGTGATGTGCATCA,1
AGAGTGCCGTAGGGTT,1
AGAGTGCTTAGATCGG,1
AGAGTGGCTAATCAGG,1
AGAGTGGCTCATCAGG,1
AGAGTGGCTGATAGGG,1
AGAGTGGCTGATCGGG,1
AGAGTGGCTGGTCAGG,1
AGAGTGTCACAGTAAG,1
AGAGTGTGTGACACTC,1
AGAGTGTTAGAACAAA,1
AGAGTGTTCTACGTAT,1
AGAGTTAACCAGATCA,1
AGAGTTAAGCATTCCG,1
AGAGTTAAGTGGCTGC,1
AGAGTTACAGTTGACA,1
AGAGTTATGAGAGGGA,1
AGAGTTATTAGACAAA,1
AGAGTTCACGAATAAT,1
AGAGTTCATGGATAAA,1
AGAGTTCTCGAAAGCA,1
AGAGTTCTTTGGAACT,1
AGAGTTGCCGATATAC,1
AGAGTTGGACTCTTTT,1
AGAGTTGGTGATTCTA,1
AGAGTTGTAACAGTCC,1
AGAGTTTAAATAGCAA,1
AGAGTTTAGAGCCTTA,1
AGAGTTTCAAGCATTA,1
AGAGTTTCAGCCGAAC,1
AGAGTTTGACGACCAG,1
AGAGTTTGGATGAAAG,1
AGAGTTTTCTGGAACT,1
AGAGTTTTCTTACTCC,1
AGAGTTTTTTGGAAGT,1
AGAGTTTTTTGGAGCT,1
AGAGTTTTTTGGATCT,1
AGAGTTTTTTGGTACT,1
AGAGTTTTTTTGAACT,1
AGATAAAAAACACCAC,1
AGATAAAAAACACCCC,1
AGATAAAAACAGATTT,1
AGATAAAAATTATCTT,1
AGATAAAACAACAAGA,1
AGATAAAACCAAGTTG,1
AGATAAAACGTCAAAC,1
AGATAAAAGCCTGACG,1
AGATAAAAGCTAGTTG,1
AGATAAAAGGTGGACC,1
AGATAAAATAAAAAGA,1
AGATAAACAGCCTGAC,1
AGATAAACCTTGAATT,1
AGATAAACTATTTAAA,1
AGATAAAGAAAACTGA,1
AGATAAAGAACACTAC,1
AGATAAAGACAAATTA,1
AGATAAAGATAATGAA,1
AGATAAAGCACCTCCC,1
AGATAAAGCATAGATA,1
AGATAAAGCCTAGTTG,1
AGATAAAGTAAGGTTC,1
AGATAAATATAGATTC,1
AGATAAATATGCTGTC,1
AGATAACAAGCCTAAG,1
AGATAACACATCTCTG,1
AGATAACACCAGTTTA,1
AGATAACACTCAACTA,1
AGATAACATGGACCTG,1
AGATAACATTAAACTG,1
AGATAACCAGAAACCG,1
AGATAACCAGTTTTTC,1
AGATAACCCCCCAGAA,1
AGATAACCTAAGCTTA,1
AGATAACGAAATCGAC,1
AGATAACGTTGAATAA,1
AGATAACTCTATCGGC,1
AGATAACTCTATCTAC,1
AGATAACTTATGATAG,1
AGATAACTTTCAAAAA,1
AGATAAGACACTCCTA,1
AGATAAGACATGTCTG,1
AGATAAGCCCAATAAT,1
AGATAAGCCCTATGTT,1
AGATAAGGAACAAAGG,1
AGATAAGGGTTGCATG,1
AGATAAGGTTACCCTG,1
AGATAAGTACTATGGT,1
AGATAAGTCCACGCAA,1
AGATAAGTTACTGATA,1
AGATAATAAACATTAG,1
AGATAATAACAACAGA,1
AGATAATAAGTACTCC,1
AGATAATACAAATGTC,1
AGATAATACGAGGATG,1
AGATAATACTCCACAT,1
AGATAATACTCCACCC,1
AGATAATAGTCATTAT,1
AGATAATGCACATAAC,1
AGATAATGGCATCGGT,1
AGATAATTCGCGTCTA,1
AGATAATTCTATCGAC,1
AGATACAAAAATGACC,1
AGATACAAAACTTCGG,1
AGATACAAGTTACGAT,1
AGATACAATCAGAGTA,1
AGATACACATGATTTG,1
AGATACACATTGACCT,1
AGATACAGAGACCATT,1
AGATACATAAGTTCGA,1
AGATACATAATTTTTG,1
AGATACCAAGTAATCA,1
AGATACCACATTATCC,1
AGATACCATGAAAGTA,1
AGATACCATGGAACTG,1
AGATACCATGGGCCTG,1
AGATACCCGGAATGAG,1
AGATACCCTCGTAAAA,1
AGATACCCTTACCTGA,1
AGATACCGAATTACTG,1
AGATACCGCACATTGG,1
AGATACCGCATGGTGC,1
AGATACCGTCTAAATG,1
AGATACCTTGCTATAA,1
AGATACGAACATCATA,1
AGATACGACAACTGTA,1
AGATACGACGAAATAA,1
AGATACGTACCAAAAA,1
AGATACGTCCCCAAAA,1
AGATACGTCCTAAAAA,1
AGATACGTGCGCAGGT,1
AGATACTAGCGACCTA,1
AGATACTGAATCACGG,1
AGATACTGAATGACTG,1
AGATACTGAGTATAAA,1
AGATACTTAATCCAGT,1
AGATACTTTATTTCCA,1
AGATAGAAAGGGGCCA,1
AGATAGAAATAAAGGA,1
AGATAGAAATTTAATC,1
AGATAGAATTTGTCTT,1
AGATAGACAAAAGTTG,1
AGATAGACAGGACGCT,1
AGATAGACATACAATA,1
AGATAGACATTAAATC,1
AGATAGACGATTTAAA,1
AGATAGAGATGTCGAT,1
AGATAGAGCAGAACAT,1
AGATAGATAGCCGATA,1
AGATAGCACGAAAAAA,1
AGATAGCCACCCATAC,1
AGATAGCCAGAAAAAA,1
AGATAGCCCGGTACTT,1
AGATAGCCCTAAAAAA,1
AGATAGCGAATGCTGC,1
AGATAGCGAATGTTGG,1
AGATAGCGAATGTTTC,1
AGATAGCGGATGTTGC,1
AGATAGCTTTGAACAC,1
AGATAGGATATAGACG,1
AGATAGGGAATGTTGC,1
AGATAGGGATGTCAAT,1
AGATAGGTAAGTTATG,1
AGATAGGTGAGTTATG,1
AGATAGTAACTGACTG,1
AGATAGTACACTAGCA,1
AGATAGTACAGCTTGA,1
AGATAGTACAGGAGCA,1
AGATAGTACGCGAGCA,1
AGATAGTATACGAGCA,1
AGATAGTGGATTAGGT,1
AGATAGTTACACTATT,1
AGATAGTTGAACCAAT,1
AGATAGTTTTACGGCC,1
AGATATAAAGAATCTT,1
AGATATAAAGCCTAGT,1
AGATATAAATGCTTAT,1
AGATATAAGAACACTA,1
AGATATAAGAGGTATC,1
AGATATAATACCGATA,1
AGATATACATGCATCA,1
AGATATACATTTAATC,1
AGATATACCCTAGAAC,1
AGATATAGACTACTAA,1
AGATATAGAGTAGTAA,1
AGATATAGTTACCTCA,1
AGATATATCCTCTCTA,1
AGATATATGCTCTCTA,1
AGATATATGGGTGAAG,1
AGATATATTACGGCGA,1
AGATATATTCTCTTTA,1
AGATATATTGCTATCA,1
AGATATCAAGTACACA,1
AGATATCAATGAAGAC,1
AGATATCACTAATCTT,1
AGATATCAGATAATTA,1
AGATATCAGATTATCA,1
AGATATCATACTTTAC,1
AGATATCCAATAACGG,1
AGATATCCAGCTAATT,1
AGATATCCCAAGAACC,1
AGATATCGCATAGTTA,1
AGATATCTGATAGTTA,1
AGATATGAAACATCCC,1
AGATATGAATAATCTT,1
AGATATGACCGGCTCA,1
AGATATGAGCCGGTAT,1
AGATATGCGTGGTAAA,1
AGATATGCTATCCACC,1
AGATATGGATTAATGT,1
AGATATGTTCCCTTTT,1
AGATATGTTTCACCGG,1
AGATATTAAATATGAA,1
AGATATTAAATATGAG,1
AGATATTAATTGCACA,1
AGATATTACACGAGCA,1
AGATATTAGCTGATAC,1
AGATATTATCTTAGAA,1
AGATATTCAACCCGGG,1
AGATATTCGAGTAGCA,1
AGATATTCTAGCTTAT,1
AGATATTGTTACCGGA,1
AGATATTTGAGATTAT,1
AGATATTTGCTATTAT,1
AGATATTTTGAAAGTA,1
AGATATTTTTACGATC,1
AGATCAAAATAAAAGT,1
AGATCAACAAATCAGT,1
AGATCAACAACAGAAA,1
AGATCAACATAGTCCC,1
AGATCAACATAGTCCT,1
AGATCAACATAGTGGT,1
AGATCAAGCAAGACCA,1
AGATCAATAATCAAAA,1
AGATCAATGATGCACC,1
AGATCACACCGAAAGC,1
AGATCACACTAAAACT,1
AGATCACCACCGTCGA,1
AGATCACCAGCGCAAA,1
AGATCACCTTGCGAAC,1
AGATCACGAAAGACCA,1
AGATCACGCAAGGCCA,1
AGATCACGCCGCAGCA,1
AGATCACGTTAAACTG,1
AGATCACTTGGTACAA,1
AGATCAGAACCTTAGT,1
AGATCAGAATGAAATG,1
AGATCAGATTAAACTG,1
AGATCAGCGTACCACT,1
AGATCAGGCTAATCAT,1
AGATCAGTATAACATA,1
AGATCATCGCCGCAAG,1
AGATCATCTATAAATG,1
AGATCATCTATTCCTC,1
AGATCATTATTTGAAG,1
AGATCATTCTTCCAAT,1
AGATCATTGAACTACA,1
AGATCCAACCGAAAGC,1
AGATCCAACCGCTTCG,1
AGATCCAATCTTCTAG,1
AGATCCACACTACGGT,1
AGATCCACAGTAGTAC,1
AGATCCACTAAGCAAA,1
AGATCCAGTTACAGAA,1
AGATCCATCCTTCACG,1
AGATCCATCTATTACT,1
AGATCCCAATTCCGAC,1
AGATCCCATTACCTGA,1
AGATCCCCCTACCTGA,1
AGATCCCCTGATTAGG,1
AGATCCCCTTACCCGA,1
AGATCCCCTTACCTTA,1
AGATCCCCTTATCTGA,1
AGATCCCTTGATTATG,1
AGATCCGACAACTTTA,1
AGATCCGTATACTAAG,1
AGATCCGTCTTAAGCT,1
AGATCCTAATATGAAA,1
AGATCCTACCGAAAGC,1
AGATCCTCAGTAAATT,1
AGATCCTCGTGGATCG,1
AGATCCTCTGCGACGA,1
AGATCCTTAGTCAAAT,1
AGATCCTTATACGAAG,1
AGATCGAAAAATTTCA,1
AGATCGAAGTTGTCTT,1
AGATCGAATTTACTGT,1
AGATCGACAGGACGCC,1
AGATCGACAGGACTCT,1
AGATCGAGGGGCACGT,1
AGATCGCAAAAAAGTA,1
AGATCGCAGGAACAGC,1
AGATCGCAGTCAACCC,1
AGATCGCCAAGACATG,1
AGATCGCCACATTTTA,1
AGATCGCCCAGAAAAA,1
AGATCGCCGTGCTCGG,1
AGATCGCCTAAAAAAG,1
AGATCGCGAACCACAC,1
AGATCGCGTGGCACGT,1
AGATCGGATGAAATTG,1
AGATCGTCGTAAGAGT,1
AGATCGTTGATTAACA,1
AGATCGTTTATACCCC,1
AGATCTAAAAAGTTCT,1
AGATCTAACCATGGAA,1
AGATCTAACCCTAAAT,1
AGATCTAATCAAATAT,1
AGATCTACAACGATAC,1
AGATCTACATTACTAA,1
AGATCTACCAAAAGAT,1
AGATCTAGAGTGATGT,1
AGATCTAGATTTACCA,1
AGATCTAGTGGCTAGG,1
AGATCTATAATACTCT,1
AGATCTATAGTCTGAA,1
AGATCTATTGTCACTA,1
AGATCTCACCTAGAAC,1
AGATCTCGTCCGCTTC,1
AGATCTCTTGATTAGG,1
AGATCTGAAGAGGACG,1
AGATCTGAGCTAGAAC,1
AGATCTGATTAATGCA,1
AGATCTGGACTGAATA,1
AGATCTGTAGTATAGA,1
AGATCTGTATTTAAAT,1
AGATCTTAAAATGCAA,1
AGATCTTAAAGTATTT,1
AGATCTTAATTTTGGT,1
AGATCTTACTCTTTAG,1
AGATCTTAGGTCTATC,1
AGATCTTAGTGCTCGA,1
AGATCTTCATAAGAGT,1
AGATCTTCTTTAGAGA,1
AGATGAAAAAAACCCC,1
AGATGAAAAACACCCT,1
AGATGAAAAACACCTC,1
AGATGAAAACGCACAC,1
AGATGAAACGGCCTAG,1
AGATGAAACTAAAAGG,1
AGATGAAATTGTCCCA,1
AGATGAACAAAAAAAC,1
AGATGAACAGATACAA,1
AGATGAACCAGTAGTC,1
AGATGAACGGTCATCT,1
AGATGAACTTATAACT,1
AGATGAAGAAAAAAAG,1
AGATGAAGACGACAAA,1
AGATGAAGTGCTGGAG,1
AGATGAATACCAGAAA,1
AGATGAATATTTACCA,1
AGATGACACTGACACA,1
AGATGACACTGACTAA,1
AGATGACACTGACTCT,1
AGATGACAGCAATAGA,1
AGATGACCTAAGGAAT,1
AGATGACCTAGCAGAT,1
AGATGACTTGGTAAAA,1
AGATGAGAAATGCCAA,1
AGATGAGCAAACCCAT,1
AGATGAGCTTAGAAAT,1
AGATGAGTTCTTTACT,1
AGATGATATTGTCTCA,1
AGATGATATTGTTCCA,1
AGATGATCCCCGCACA,1
AGATGATCTGATTTAG,1
AGATGATGCCTAGTGA,1
AGATGATGTCAATTCC,1
AGATGATGTCCCCTGT,1
AGATGATTCCTAATGA,1
AGATGATTGAAACTAG,1
AGATGCAAACCTCGCC,1
AGATGCAAACCTTTCC,1
AGATGCAGGCGAGCTC,1
AGATGCATATAAATGA,1
AGATGCATTCAAGTCC,1
AGATGCCAGCGGGCTT,1
AGATGCCTAATTCACC,1
AGATGCCTACTTTTAT,1
AGATGCTATACAATTG,1
AGATGCTCGGATTTAG,1
AGATGCTCTTATTTAG,1
AGATGCTGGTTATACA,1
AGATGCTTATTTAAAA,1
AGATGCTTTAGGTATA,1
AGATGGACTCGAAAAT,1
AGATGGATATTTTTCA,1
AGATGGATGTAGCCTG,1
AGATGGATGTTTTTCT,1
AGATGGCAATAAAAAT,1
AGATGGCATGCTACAA,1
AGATGGCCAAATTTTA,1
AGATGGCCACATATTA,1
AGATGGCCACATTTTG,1
AGATGGCCCAGTAGTC,1
AGATGGCCGGGTAGAA,1
AGATGGCGACATTTTA,1
AGATGGCTAACTTGCA,1
AGATGGCTATAGCCTG,1
AGATGGCTGGAAACAT,1
AGATGGCTTTAGCCTG,1
AGATGGGATCACTAAA,1
AGATGGGTTTGACGGC,1
AGATGGTCGAATCTAG,1
AGATGGTTAAACTGAT,1
AGATGTACAGCCTAAT,1
AGATGTCCACTAAAAA,1
AGATGTGAACGTGTTC,1
AGATGTGATTCCTCCA,1
AGATGTGATTGATCCA,1
AGATGTGATTGCTACA,1
AGATGTGATTGCTCAA,1
AGATGTGCCTACTTTC,1
AGATGTGCTATAATCT,1
AGATGTGCTATTTTTC,1
AGATGTGGAATATATT,1
AGATGTGGAGGATCTT,1
AGATGTGGGTGAGACG,1
AGATGTGTATAGTAAG,1
AGATGTGTCAACAGAA,1
AGATGTTAGTAGAAAA,1
AGATGTTATCACTCCC,1
AGATGTTGATAGTAAG,1
AGATGTTGGAAATTTC,1
AGATTAAAAAATAGAA,1
AGATTAAAAACACCCC,1
AGATTAAAAAGATTGA,1
AGATTAAAAAGCTTCA,1
AGATTAAAGTAAGGCC,1
AGATTAAAGTATGGCC,1
AGATTAAATCCCACCT,1
AGATTAAATTTTGTCA,1
AGATTAAATTTTTGCA,1
AGATTAACAATATTGA,1
AGATTAACACCTGCAG,1
AGATTAACCCCGCGGG,1
AGATTAACTTTCACCC,1
AGATTAAGCAGCCTAA,1
AGATTAAGCTTGCTCG,1
AGATTAAGGACATACA,1
AGATTAATACTTGATA,1
AGATTAATCTACTTCG,1
AGATTAATTATATACA,1
AGATTAATTCATAACA,1
AGATTACAACGCGATC,1
AGATTACAAGCACAGG,1
AGATTACAGACAAGAC,1
AGATTACAGCCCACCT,1
AGATTACATCCAACCT,1
AGATTACCAACCAGCA,1
AGATTACCAATTGATT,1
AGATTACCGACAAGCA,1
AGATTACGATGACCAA,1
AGATTACGATTGACCC,1
AGATTACGCCTGCTCG,1
AGATTACGGTACTGCG,1
AGATTACTCAAAAGGA,1
AGATTACTCAAACCTT,1
AGATTACTGAAAACGT,1
AGATTACTGCGTTAGT,1
AGATTACTGTCAGGGA,1
AGATTACTTCGTTAGG,1
AGATTACTTGAGAACA,1
AGATTAGAGGCACGAA,1
AGATTAGATAGACCCA,1
AGATTAGCACTTCAAG,1
AGATTAGCCATAGACG,1
AGATTAGCCCGACAGA,1
AGATTAGGACTAGGGC,1
AGATTAGGATACAGTA,1
AGATTATAACTCTCCC,1
AGATTATAATCCATAA,1
AGATTATATTGTCCCA,1
AGATTATCGCAGCAAT,1
AGATTATCGCTTCAAG,1
AGATTATGCCTAATGA,1
AGATTATGGAAACCCC,1
AGATTATTCCGAGATT,1
AGATTCAAACCTCCAT,1
AGATTCAAACTGTTTC,1
AGATTCACACTATCCC,1
AGATTCACCGATGCCT,1
AGATTCAGAAGGAATT,1
AGATTCAGAGATACGG,1
AGATTCAGAGATACTT,1
AGATTCAGAGATATGT,1
AGATTCAGATATACGT,1
AGATTCAGGGATACGT,1
AGATTCATAAAACCGA,1
AGATTCATGAATGGAG,1
AGATTCATTAGCCATG,1
AGATTCCAAATGAGAC,1
AGATTCCAAATTGGAC,1
AGATTCCAGCCTCCAT,1
AGATTCCATATAGGGA,1
AGATTCCGATAAAAAT,1
AGATTCCTAATATCTA,1
AGATTCGAACCGCATC,1
AGATTCGAGGTGCCGT,1
AGATTCGATAACACCC,1
AGATTCGATACCACGT,1
AGATTCTATGAATCTG,1
AGATTCTCAAGCATTA,1
AGATTCTCCGATTGTT,1
AGATTCTCTCTTTCAC,1
AGATTCTCTGATTTAG,1
AGATTCTGACATTCGA,1
AGATTCTGGCACAGTA,1
AGATTCTTAGTTAAAA,1
AGATTCTTTTCGTATC,1
AGATTGAAAACCTGAT,1
AGATTGAATTTTAGGA,1
AGATTGACAACCTGAC,1
AGATTGACAAGATTGA,1
AGATTGACATTTAATC,1
AGATTGACCAAAAGAT,1
AGATTGACCAAACAAG,1
AGATTGAGAGATACGT,1
AGATTGAGATTGCAGC,1
AGATTGATAAACGGTA,1
AGATTGATACATTCAA,1
AGATTGCCTTAGACAA,1
AGATTGCGATATTGAT,1
AGATTGCGGGATTGAT,1
AGATTGCTGTAGCCTG,1
AGATTGGAAAGTGCAC,1
AGATTGGAACTACAAC,1
AGATTGGCGGGGCCGA,1
AGATTGGTTCATCTAA,1
AGATTGTATCATGAAC,1
AGATTGTATTAGCTTA,1
AGATTGTGCCTAAAAC,1
AGATTGTTATACATAC,1
AGATTTAAGGACGCGC,1
AGATTTAATAGCAATA,1
AGATTTACAGGTTACC,1
AGATTTACCAATACTC,1
AGATTTACCATCAAAC,1
AGATTTACCTTAAAAT,1
AGATTTAGAGATACGT,1
AGATTTAGCACCCTAA,1
AGATTTAGCAGACTAA,1
AGATTTCAAATGGGAC,1
AGATTTCAGGATGCTG,1
AGATTTCATAATGCTG,1
AGATTTCCCATCCATC,1
AGATTTCCCCGTGTCG,1
AGATTTCGAAACCAAG,1
AGATTTCTATACCTGG,1
AGATTTCTATCGCTGG,1
AGATTTCTCCGTGTAG,1
AGATTTCTTTATAACG,1
AGATTTGCGATGGTGT,1
AGATTTGGCAGGAAAA,1
AGATTTGGCCTTACCC,1
AGATTTGGGAGGACAA,1
AGATTTGGGATCGTGT,1
AGATTTGTAAAATATG,1
AGATTTGTCAGGACAA,1
AGATTTTAACCCAACT,1
AGATTTTAACCTAACT,1
AGATTTTAATGCTATA,1
AGATTTTAGAAATCCC,1
AGATTTTATAAATACC,1
AGATTTTATAAATCCG,1
AGATTTTCACACACGC,1
AGATTTTGATTACTCT,1
AGATTTTGTGACTCCC,1
AGATTTTTACAAGATT,1
AGATTTTTGATTCTGA,1
AGATTTTTTTGGAACT,1
AGCAAAAAAATACTAA,1
AGCAAAAAAGGAAATG,1
AGCAAAAAATAGCATG,1
AGCAAAAAATCAATTG,1
AGCAAAAACCAATCAA,1
AGCAAAAACGGAGGAA,1
AGCAAAAACGGGATCA,1
AGCAAAAACTAGTCCA,1
AGCAAAAAGATACTAC,1
AGCAAAAAGTTCAGCC,1
AGCAAAAATATCTAAA,1
AGCAAAAATCTTACCT,1
AGCAAAACAACAAGTT,1
AGCAAAACAATAATTT,1
AGCAAAACACCGACAG,1
AGCAAAACAGTAAGTT,1
AGCAAAACAGTGCATA,1
AGCAAAACCCAGACAG,1
AGCAAAACCTAAATAG,1
AGCAAAACTTACGCCA,1
AGCAAAAGTCGTAAAA,1
AGCAAAATAAGGGTCC,1
AGCAAAATCAGATATA,1
AGCAAAATCGGCTAAT,1
AGCAAAATCTATTAAA,1
AGCAAAATGAATTATG,1
AGCAAAATGACATCCC,1
AGCAAAATGAGTATGT,1
AGCAAAATGTACTAAA,1
AGCAAAATGTACTGGG,1
AGCAAAATGTCTTACC,1
AGCAAACAGATCAGTG,1
AGCAAACATAGCTTAG,1
AGCAAACATTATTCAT,1
AGCAAACGAGCCACCC,1
AGCAAACGTCATAAAA,1
AGCAAACGTCGTAAAG,1
AGCAAACGTCGTGACG,1
AGCAAACGTTATTCGT,1
AGCAAACTGAAATCCA,1
AGCAAACTTCGTAACG,1
AGCAAAGACTTCAGCC,1
AGCAAAGAGAGACAAG,1
AGCAAAGCGCTACATA,1
AGCAAAGCGTCATGAT,1
AGCAAAGGGAAACCGA,1
AGCAAAGTACCGCCCC,1
AGCAAAGTTAGCAAAC,1
AGCAAATATTGAGACA,1
AGCAAATCCGCCAACG,1
AGCAAATGACGTCACC,1
AGCAAATGCGTCAACG,1
AGCAAATTTAGCAAAC,1
AGCAACAAAGACCCAA,1
AGCAACAACGTAATCT,1
AGCAACAACTTCAACC,1
AGCAACAAGATCCCAC,1
AGCAACAAGGCTTCAA,1
AGCAACAAGTACCTTG,1
AGCAACAATATAATCT,1
AGCAACACAAGACTGG,1
AGCAACACCATAAAAC,1
AGCAACACCGCCTTTT,1
AGCAACACTATAGAAC,1
AGCAACATGCATTTTT,1
AGCAACATGTAGTAAA,1
AGCAACCAGCCCTCTG,1
AGCAACCAGTAATGAA,1
AGCAACCCCTTCAGCG,1
AGCAACCTCCCAAAAT,1
AGCAACCTTATGCTAT,1
AGCAACGACTAGCACA,1
AGCAACGATTATAACC,1
AGCAACGGTAGAATCA,1
AGCAACGTCCTGCCGT,1
AGCAACGTTTTCAAAT,1
AGCAACTATCCCTAAA,1
AGCAACTCAAATCGAA,1
AGCAACTCTTAGCTAC,1
AGCAACTGAGCTAGAC,1
AGCAACTGAGCTCCAA,1
AGCAACTGAGTGAGAC,1
AGCAACTGATCGAGAC,1
AGCAACTGGGCGAGAC,1
AGCAACTTGAGCCGGC,1
AGCAACTTTAAAGACG,1
AGCAACTTTTTAGGAT,1
AGCAAGAAAGTCACAA,1
AGCAAGAACTGAATCG,1
AGCAAGACTAACACAA,1
AGCAAGATATGAAGAA,1
AGCAAGATCATACCGC,1
AGCAAGATCATCCCGC,1
AGCAAGATCATTCCGA,1
AGCAAGATGCAAATCT,1
AGCAAGCATAGATACA,1
AGCAAGCATGTAAGAC,1
AGCAAGCGTCGTAAAA,1
AGCAAGCTACAAAATG,1
AGCAAGCTTAATTCGC,1
AGCAAGCTTCAAGATG,1
AGCAAGCTTTACTTCT,1
AGCAAGGAAAATGAAC,1
AGCAAGGAAACTAAAC,1
AGCAAGGAACAGAGGT,1
AGCAAGGAAGCACGCC,1
AGCAAGGCCAATCTCG,1
AGCAAGGCCGCAAGCG,1
AGCAAGGTCGCACGAC,1
AGCAAGTCGTAGCTAC,1
AGCAAGTTAAAGATAC,1
AGCAATAAAGACCAAA,1
AGCAATAACGGAGGAA,1
AGCAATAATATTGTAC,1
AGCAATACATCCTTAA,1
AGCAATATAATGAAAG,1
AGCAATATACATCACA,1
AGCAATATACATGACC,1
AGCAATATACATTACA,1
AGCAATATCATTCCGC,1
AGCAATATCCAGGAAC,1
AGCAATATCGAACAGG,1
AGCAATATTTCAATTT,1
AGCAATCAAATGGAGT,1
AGCAATCAATCCTGAT,1
AGCAATCGACCTAATC,1
AGCAATCTAAAATCTA,1
AGCAATCTACAATATA,1
AGCAATGACCTCGAGA,1
AGCAATGAGAAAAGGT,1
AGCAATGATATAGGGC,1
AGCAATGCAAATATGT,1
AGCAATGCGACTACTA,1
AGCAATGGGTGAATCC,1
AGCAATGGGTGAATTC,1
AGCAATGGTATTCTAC,1
AGCAATTAATGTCAAT,1
AGCAATTAGTGTTTAT,1
AGCAATTATAGAACAT,1
AGCAATTCAATACCGT,1
AGCAATTCCAGGCATG,1
AGCAATTGGGAGTTTT,1
AGCAATTGTATGCCCT,1
AGCAATTTCGAAGGAC,1
AGCAATTTGACTACTA,1
AGCACAAAAAGCAACA,1
AGCACAAAAGCGTACG,1
AGCACAAACCTTTCGT,1
AGCACAAACTTCTCGT,1
AGCACAAACTTTTCCT,1
AGCACAAACTTTTCGC,1
AGCACAAAGGATCTCG,1
AGCACAAATTTTTCGT,1
AGCACAACTAAGGCCA,1
AGCACAAGCACTATTG,1
AGCACAAGCATCATAA,1
AGCACAAGGCCTATTG,1
AGCACAAGTATAATAA,1
AGCACAAGTTAGTTGA,1
AGCACAATAAAAGAAG,1
AGCACAATAGCACACT,1
AGCACAATCCCTATTG,1
AGCACAATCTTTATCT,1
AGCACAATGCCCATAA,1
AGCACAATGTAGTTGA,1
AGCACACAAAATGTTG,1
AGCACACAAGACTTAA,1
AGCACACAAGCTTACG,1
AGCACACAAGGGTACG,1
AGCACACACAACGTCT,1
AGCACACACAACTGAG,1
AGCACACACCACGTGA,1
AGCACACACTACGTCT,1
AGCACACAGGCGTACG,1
AGCACACAGTTAAACC,1
AGCACACATGCCCATT,1
AGCACACTAATGGTCA,1
AGCACACTAGCACCAT,1
AGCACACTTCCCAACA,1
AGCACAGAATGAAGCA,1
AGCACAGACTCATTAA,1
AGCACAGAGAATTCAG,1
AGCACAGTAGATTCCT,1
AGCACAGTTGACTTTA,1
AGCACATAATGAGACA,1
AGCACATATCGCTAAA,1
AGCACATATTGATACA,1
AGCACATCTCTCCAAA,1
AGCACATGAAAATGAA,1
AGCACATGCACAAATT,1
AGCACATGGCAGTACC,1
AGCACATTATATGTTA,1
AGCACATTCCCCCTCC,1
AGCACATTTTAAATTC,1
AGCACCAACAAAGGAG,1
AGCACCAACAAAGGCT,1
AGCACCAACAACGGCG,1
AGCACCAAGTGTAGAA,1
AGCACCACACCAATAA,1
AGCACCACCAAAATAC,1
AGCACCACCAATACAG,1
AGCACCACGACTTATT,1
AGCACCATTCTCCGTA,1
AGCACCCAAAAACGTT,1
AGCACCCAGAAAACGA,1
AGCACCCAGCTCGAAC,1
AGCACCCCTACAAATC,1
AGCACCCCTCCGACTT,1
AGCACCCGGCGAGTTT,1
AGCACCGATACCTCAA,1
AGCACCGATATAGAGA,1
AGCACCGATTCAAATG,1
AGCACCGGAGGAAAAA,1
AGCACCGTCCTGCCGT,1
AGCACCTAAAGCCCCA,1
AGCACCTCGGTCTATT,1
AGCACCTGACACAGTA,1
AGCACCTGGCCGTCCA,1
AGCACGAAAAAGACTT,1
AGCACGAAATGACCCC,1
AGCACGAAGCGTTAGG,1
AGCACGAAGTTAAACC,1
AGCACGAATACTTGAA,1
AGCACGAATCTACAAC,1
AGCACGAATCTTAAAC,1
AGCACGACCGATAAAC,1
AGCACGAGAACCTTTC,1
AGCACGCAGCAACTTA,1
AGCACGCCCTGCCTCT,1
AGCACGCCTCTCCAAA,1
AGCACGGCACGAGTTG,1
AGCACGGTTAAACCAG,1
AGCACGTAACACCGTA,1
AGCACGTAATGACTTT,1
AGCACGTCGAATCCTC,1
AGCACTACAACCTCCA,1
AGCACTACCCAGACAC,1
AGCACTAGTAGATAAG,1
AGCACTATATAGCCAA,1
AGCACTATATTATAAT,1
AGCACTATCATTGATA,1
AGCACTATTTAACTCA,1
AGCACTCAACATAGTA,1
AGCACTCAACATATAA,1
AGCACTCAAGATAGAA,1
AGCACTCACTTGACCA,1
AGCACTCGTGCTGATA,1
AGCACTCTGAGTGAAA,1
AGCACTGGTACAAACA,1
AGCACTTAAACCTTTG,1
AGCACTTAACATTGTC,1
AGCACTTACATTGATA,1
AGCACTTAGTCCTTTT,1
AGCACTTGAAAATGAG,1
AGCACTTTAATTGATA,1
AGCACTTTCTTTGATA,1
AGCACTTTGATTGATA,1
AGCAGAAAAAACTTGA,1
AGCAGAAAACCTCGTA,1
AGCAGAAAATTATAAA,1
AGCAGAAACTGTGTTA,1
AGCAGAAACTTTTCGT,1
AGCAGAAAGAGGATCT,1
AGCAGAAAGCTAACCA,1
AGCAGAAATACAAAGC,1
AGCAGAAATACGCATG,1
AGCAGAACCAGATAAT,1
AGCAGAACGAGGATAT,1
AGCAGAATGATACGGT,1
AGCAGAATTGGGATAA,1
AGCAGACAAATCAATA,1
AGCAGACATATGAACT,1
AGCAGACATCTTAACT,1
AGCAGACATTCTCGGT,1
AGCAGACCAAGAAGCC,1
AGCAGACCTAAGGTTT,1
AGCAGACGTCGTAACG,1
AGCAGACGTCTGAACT,1
AGCAGAGAAAACTCGA,1
AGCAGAGAAAAGTTGA,1
AGCAGAGGAATAGGAA,1
AGCAGAGGAATGGAAA,1
AGCAGAGTCAGGGTCT,1
AGCAGAGTTTGCTAAA,1
AGCAGATAAATATTAA,1
AGCAGATAAGAAACTA,1
AGCAGATACCGATATC,1
AGCAGATACGAGGTCT,1
AGCAGATCTAGACAAT,1
AGCAGATGAGAACCTC,1
AGCAGCAAAGCGGAAT,1
AGCAGCAAATAAAAAC,1
AGCAGCAAATAAAGCC,1
AGCAGCAACAGTTAAA,1
AGCAGCAACAGTTAGC,1
AGCAGCAATTCACAGA,1
AGCAGCACATTGCATA,1
AGCAGCACCCATTAGC,1
AGCAGCAGAGCGCAGA,1
AGCAGCAGTGAAGCAT,1
AGCAGCCAAGCGACAA,1
AGCAGCCATAATGCCA,1
AGCAGCCCAACACACC,1
AGCAGCCCCTCGGAAT,1
AGCAGCCCGACTATAT,1
AGCAGCCTGACTACAT,1
AGCAGCTAAGAAAATA,1
AGCAGCTAAGCATGAT,1
AGCAGCTAAGCCTAAT,1
AGCAGCTAATGATAAA,1
AGCAGCTAGGAAACTA,1
AGCAGCTGAAGCCAAA,1
AGCAGCTGACGCAAAA,1
AGCAGCTGAGAAACTA,1
AGCAGGAAGAAGCGCC,1
AGCAGGAGCAACAAGT,1
AGCAGGAGCGTTGCGC,1
AGCAGGGCACCTCAGT,1
AGCAGGGCTGTTAAAT,1
AGCAGGTAAGGCGCAA,1
AGCAGGTACTTATTGT,1
AGCAGGTCAACCAGTT,1
AGCAGGTCACAGGAAC,1
AGCAGGTGGGATATCC,1
AGCAGTAAAGATATGA,1
AGCAGTACATATATGA,1
AGCAGTAGATACGACT,1
AGCAGTATTTCAACCC,1
AGCAGTCCTATCCATA,1
AGCAGTCCTGCCCATA,1
AGCAGTCTGACTATAT,1
AGCAGTGCCAACTGGA,1
AGCAGTGGGCGTAACA,1
AGCAGTTAAAAACGGA,1
AGCAGTTAAATACCAA,1
AGCAGTTAAATCACAA,1
AGCAGTTAAATTCCAA,1
AGCAGTTAGTGTTGAT,1
AGCAGTTCTACGAACT,1
AGCAGTTCTCGTTAGG,1
AGCAGTTGGTCTGGCT,1
AGCATAAAAAATGATA,1
AGCATAAAATACTCCA,1
AGCATAAAATATTCCG,1
AGCATAAAATATTTCA,1
AGCATAAACAATAAGT,1
AGCATAAACTATATAT,1
AGCATAAAGTATTCCA,1
AGCATAACCGAAGCAT,1
AGCATAACTGACATGT,1
AGCATAAGTATCTCAC,1
AGCATAATAGACTACA,1
AGCATAATTGCACTAG,1
AGCATAATTTTAATAT,1
AGCATACAGTTTAACT,1
AGCATACCAAACACAC,1
AGCATACCACCTAATA,1
AGCATACCCCATAGTC,1
AGCATACCCCCACAAG,1
AGCATACCTGTATAAA,1
AGCATACGTTAGTTAT,1
AGCATACTGAGCCCTA,1
AGCATAGAAGAAAGAA,1
AGCATAGAATATTCCA,1
AGCATAGAATTTAGTG,1
AGCATAGAATTTATGG,1
AGCATAGACTGATATC,1
AGCATAGATAGGGAAC,1
AGCATAGATCTAGACG,1
AGCATAGCCAGGTTCC,1
AGCATAGGAATAGAAA,1
AGCATAGGATTTAGGG,1
AGCATAGGGTAACTGA,1
AGCATAGTACAGGGAC,1
AGCATAGTACATGGAC,1
AGCATAGTAGGGTAAG,1
AGCATATCATCACTAT,1
AGCATATTTTATCTGA,1
AGCATCAAAAGACGTT,1
AGCATCAACAGTTAAC,1
AGCATCACCATACACT,1
AGCATCATAAAAGCGA,1
AGCATCATCACCTGAT,1
AGCATCATCCTGCCGT,1
AGCATCCACCAAAACG,1
AGCATCCAGAAGCTAG,1
AGCATCCCAACTTGAC,1
AGCATCCCAAGCCATA,1
AGCATCCCACATCTCA,1
AGCATCCCCCGGCGAC,1
AGCATCCCCTAGCTGC,1
AGCATCCCGTTCTATT,1
AGCATCCTAAGACATA,1
AGCATCCTAAGCCATG,1
AGCATCCTAATCCATA,1
AGCATCCTCCCGCCGT,1
AGCATCCTCCTGCCGT,1
AGCATCCTGACTATAT,1
AGCATCCTTAGCCATA,1
AGCATCGCACTGGTTA,1
AGCATCGCCCTGCCGT,1
AGCATCGGGACCAGCA,1
AGCATCGTCCTCCCGT,1
AGCATCGTCCTGCCCT,1
AGCATCGTCCTGCTGT,1
AGCATCTAAATGATAA,1
AGCATCTAAGAAACTA,1
AGCATCTAATTCCCTT,1
AGCATCTCCACTGTTA,1
AGCATGAAAAGCAAGA,1
AGCATGAAACAACCAA,1
AGCATGAAAGTGTTAA,1
AGCATGAACATGTTAA,1
AGCATGAATAGTGCAG,1
AGCATGACCCTGTGAA,1
AGCATGAGATAACAGA,1
AGCATGCATCCTGATG,1
AGCATGCCATATCCTA,1
AGCATGCCTTAGTCAC,1
AGCATGCGAAGCAAGA,1
AGCATGCGGTCTATCC,1
AGCATGCTAAGCCATA,1
AGCATGGAAACGAGTG,1
AGCATGGAACCTCCGC,1
AGCATGGGACCTGCAC,1
AGCATGTAAATTGGAC,1
AGCATGTCAACCAGGT,1
AGCATGTGAAGCAATT,1
AGCATTAAATAAGAAA,1
AGCATTAAATCCTTAA,1
AGCATTAAGCACGGAA,1
AGCATTACACTAAGAA,1
AGCATTACATCCTTAG,1
AGCATTACATTCTTAA,1
AGCATTATACACAGGC,1
AGCATTATACCAAAGA,1
AGCATTATATAGAAAT,1
AGCATTATATGAGTGA,1
AGCATTATATGTAAAT,1
AGCATTCAAAGCAAGA,1
AGCATTCAATCTAAAT,1
AGCATTCAGAATAGAT,1
AGCATTCATATAGCTG,1
AGCATTCCCAGTCTGG,1
AGCATTCCCTGGATAG,1
AGCATTCCTTAGTCAT,1
AGCATTCTTTTGCCAA,1
AGCATTGAAGGAGTTC,1
AGCATTGAGATCATCT,1
AGCATTGGCCATACAG,1
AGCATTGTGACATACT,1
AGCATTTATTGATAGA,1
AGCATTTGCCAAAATT,1
AGCATTTTCATTGATA,1
AGCCAAAACATTAGAA,1
AGCCAAACATAGCATG,1
AGCCAAACTAAGGCCA,1
AGCCAAAGCAGCTCAA,1
AGCCAAATAAGCTCTA,1
AGCCAAATATGAACAC,1
AGCCAAATGAGAGACA,1
AGCCAACAAGCGCCCT,1
AGCCAACACTCTCTAT,1
AGCCAACAGAGGATAT,1
AGCCAACCAGAGCCCT,1
AGCCAACCTACGAATT,1
AGCCAACGATTATAAA,1
AGCCAACTCTCACGAC,1
AGCCAACTCTTTTACA,1
AGCCAAGAATCGAAGA,1
AGCCAAGACAACCACG,1
AGCCAAGACGGTAGCC,1
AGCCAAGACTGCGGTG,1
AGCCAAGAGCGCCTAA,1
AGCCAAGAGTCATGAT,1
AGCCAAGCGTCATCAT,1
AGCCAAGCGTCATTAT,1
AGCCAAGCGTTATGAT,1
AGCCAAGCTTCATGAT,1
AGCCAAGTATGAAGAT,1
AGCCAATAAAATAGAC,1
AGCCAATAAAATCTCC,1
AGCCAATAAGATTGGC,1
AGCCAATCAGCGCCCT,1
AGCCAATGGAATTTCT,1
AGCCAATGGACAAATC,1
AGCCAATGGATACGAT,1
AGCCAATGGCCAAATA,1
AGCCAATGTCCAAATC,1
AGCCAATTAAGCAAAC,1
AGCCAATTCGTCATCA,1
AGCCAATTTACCAAAC,1
AGCCAATTTAGCAAAA,1
AGCCAATTTAGCAACC,1
AGCCAATTTAGCGAAC,1
AGCCAATTTATCAAAC,1
AGCCACAAAAATATCC,1
AGCCACAAGAGTTGTA,1
AGCCACACGATTACCC,1
AGCCACACTCGAAGCG,1
AGCCACAGCAGCTCGA,1
AGCCACATTGACTCAC,1
AGCCACCACATCAGAA,1
AGCCACCACTTCTTAC,1
AGCCACCGATTCGCGT,1
AGCCACCTTCATTCAA,1
AGCCACGCAATTAATT,1
AGCCACGCTCGAAGAG,1
AGCCACGCTCGAATCG,1
AGCCACGGCCTACCCA,1
AGCCACGGCCTCACCA,1
AGCCACGGCCTCCACA,1
AGCCACGGCCTCCCCC,1
AGCCACGGCCTCCGCA,1
AGCCACGGCCTCGCCA,1
AGCCACGGGCTCCCCA,1
AGCCACGTCCTCCCCA,1
AGCCACTGCCTCCCCA,1
AGCCAGAAAAGGATTT,1
AGCCAGAAGCTAACTT,1
AGCCAGAATGGAAAAA,1
AGCCAGACATATCATT,1
AGCCAGACCAATCTGA,1
AGCCAGATCCAAATCT,1
AGCCAGCATATTGAAG,1
AGCCAGCGTATTGGAG,1
AGCCAGGAAATCTATT,1
AGCCAGGAACGAAGTA,1
AGCCAGGAAGCGGCTG,1
AGCCAGGCAGGGCACA,1
AGCCAGGCGTCATGAT,1
AGCCAGTGACTTGCCA,1
AGCCAGTGGCTAGCCA,1
AGCCAGTGGCTTGCCT,1
AGCCATAAAGCATCTT,1
AGCCATAAGAATACTA,1
AGCCATACAATTACCC,1
AGCCATACGATTGCCC,1
AGCCATACTATTACCC,1
AGCCATAGCCGATCTG,1
AGCCATAGTCCTACGA,1
AGCCATATAAACAAAA,1
AGCCATATACTAGCCT,1
AGCCATATATACAATC,1
AGCCATATGCAAATCT,1
AGCCATCATATAGTCC,1
AGCCATCGTGCCTTTT,1
AGCCATGCGAGCATGT,1
AGCCATGCTCTCAAAA,1
AGCCATGTGAACTTGT,1
AGCCATTAAAGGGAAT,1
AGCCATTAATAGAAAC,1
AGCCATTAATCGAAAA,1
AGCCATTATGATGAGG,1
AGCCATTGAAATGCGT,1
AGCCATTGACAGTATA,1
AGCCATTGACATATGC,1
AGCCATTGGCTTGCCA,1
AGCCATTGTCAAAGGA,1
AGCCATTTGCATTGTA,1
AGCCATTTTATCGCTC,1
AGCCCAAAACTCAGAA,1
AGCCCAAAAGCCTATA,1
AGCCCAAAATACACTT,1
AGCCCAAAGGAGAGAT,1
AGCCCAACCAAGGCCA,1
AGCCCAACTAACGCCA,1
AGCCCAACTAAGACCA,1
AGCCCAACTCGCTCAC,1
AGCCCAATATCGGAGT,1
AGCCCAATTTAAATAG,1
AGCCCACAGTATTGTA,1
AGCCCACCGTATCGTA,1
AGCCCACCTTTTCCCT,1
AGCCCACTCTAACGAC,1
AGCCCACTCTCAAGAC,1
AGCCCACTCTCACAAC,1
AGCCCACTCTCATGAC,1
AGCCCACTGTCACGAC,1
AGCCCAGAAATAGCGA,1
AGCCCAGATCGACCCA,1
AGCCCAGCCGGCGAGA,1
AGCCCAGCGAGGCACA,1
AGCCCAGCGCGCCTCA,1
AGCCCAGTAGAACATG,1
AGCCCATGACATATAA,1
AGCCCATTCATAATCA,1
AGCCCATTCGACTACA,1
AGCCCATTCGCCTAAA,1
AGCCCATTCGCCTGCA,1
AGCCCATTCGTCAACA,1
AGCCCATTGGCCTACA,1
AGCCCCAGCAACATTA,1
AGCCCCCACGACCCGA,1
AGCCCCGTACTGTTAA,1
AGCCCCTAAAAAAAAC,1
AGCCCCTACTTCGCCT,1
AGCCCCTAGCACAGTT,1
AGCCCCTTTACACCTA,1
AGCCCGAAGACTGAAC,1
AGCCCGAAGCGGTCAA,1
AGCCCGACTTCTTTAC,1
AGCCCGAGCCCTTTAC,1
AGCCCGATTATAAATA,1
AGCCCGCAAAATGTTG,1
AGCCCGCCATCCGAAG,1
AGCCCGGAACGAAAAA,1
AGCCCGGACTTCGCCA,1
AGCCCGGCGTAGACGA,1
AGCCCGTCAGCTAAGA,1
AGCCCGTCGTAGTCGA,1
AGCCCTAAACACAGCA,1
AGCCCTAAATGATTAC,1
AGCCCTAAATTATCAC,1
AGCCCTAACATCTATC,1
AGCCCTAACTGCGCCT,1
AGCCCTAACTTCGACT,1
AGCCCTAGAGACAATG,1
AGCCCTAGGGGGAAAA,1
AGCCCTCACAGCGCAC,1
AGCCCTCGGTTGTGAT,1
AGCCCTCTCTAAAATC,1
AGCCCTCTTTGACTGA,1
AGCCCTGTCTCGCTAT,1
AGCCCTGTTAAACAAC,1
AGCCCTGTTAACCGAC,1
AGCCCTTACATAAGTC,1
AGCCCTTAGTCTTTTT,1
AGCCCTTGTTACCTAA,1
AGCCCTTTATTGTAAA,1
AGCCCTTTTAACCAAC,1
AGCCGAAAGGAAAAGT,1
AGCCGAAATAAAAATT,1
AGCCGAAATCAGAATT,1
AGCCGAAATTCGCCTA,1
AGCCGAAGATACTAAT,1
AGCCGAATGCACTAAT,1
AGCCGACCTTGAGTCT,1
AGCCGACTCCTGTATT,1
AGCCGAGAAAGTGATA,1
AGCCGAGACGGTGTGG,1
AGCCGAGCATCTTCCT,1
AGCCGAGCGCAAGCTG,1
AGCCGATAAACCCAGT,1
AGCCGCAAACAACTAC,1
AGCCGCACAACACACC,1
AGCCGCAGGCCGGGTG,1
AGCCGCATAGAACTCG,1
AGCCGCCAACTTTAAG,1
AGCCGCCTCAATACCA,1
AGCCGCCTCCTATATT,1
AGCCGCCTGCTGTATT,1
AGCCGCGGTCCATACA,1
AGCCGCTAAAAAACGT,1
AGCCGCTCAACACACC,1
AGCCGCTCCAACAACA,1
AGCCGCTTGACATTAT,1
AGCCGGAAGACATGAG,1
AGCCGGAAGGGCTGAG,1
AGCCGGACCCATCTGA,1
AGCCGGATACAATCAA,1
AGCCGGCCAAAACCCA,1
AGCCGGCCAACACACC,1
AGCCGGGCCAATCTCG,1
AGCCGGTAGACCATAC,1
AGCCGTAAAATATAAG,1
AGCCGTAACTCACACC,1
AGCCGTAAGACACACC,1
AGCCGTACCGATATCT,1
AGCCGTATTCTGAACC,1
AGCCGTCGACGTAAAA,1
AGCCGTCTTATGGCAG,1
AGCCGTGTTAACTTGT,1
AGCCTAAACAATTAAA,1
AGCCTAAAGTCATTGT,1
AGCCTAAATGTTCAAA,1
AGCCTAACGAGCAATT,1
AGCCTAACGTGGGACA,1
AGCCTAAGAAGTACTC,1
AGCCTAAGCAAACAAC,1
AGCCTAAGGCATGCAA,1
AGCCTAATAAATTAAA,1
AGCCTAATAGAACAAT,1
AGCCTAATTGAACTAG,1
AGCCTACCATATCCTA,1
AGCCTAGCGATGAGGT,1
AGCCTAGCGTCATGAT,1
AGCCTAGTAGTATGAT,1
AGCCTATAGCATCACT,1
AGCCTATAGTACACTG,1
AGCCTATCAAAACATA,1
AGCCTATCCTCCTCTC,1
AGCCTCACACTATAAA,1
AGCCTCAGGAATGCAA,1
AGCCTCAGGCACGCAA,1
AGCCTCAGGCATACAA,1
AGCCTCAGGCATGAAA,1
AGCCTCAGGCATGCAG,1
AGCCTCAGGCATGCAT,1
AGCCTCAGGCATTCAA,1
AGCCTCAGTCATGCAA,1
AGCCTCATACCAAAGA,1
AGCCTCATAGTAGACC,1
AGCCTCATGCATGCAA,1
AGCCTCCAATTCTACC,1
AGCCTCCACCACCCGA,1
AGCCTCCACGACCAGA,1
AGCCTCCACGACCCGG,1
AGCCTCCACGACCCTA,1
AGCCTCCAGGACCCGA,1
AGCCTCCATGACCAAA,1
AGCCTCCCAACACACC,1
AGCCTCGCATAAACAG,1
AGCCTCGCCACGATAT,1
AGCCTCGGGCATGCAA,1
AGCCTCGGTTACAAGA,1
AGCCTCTAACTTGAAT,1
AGCCTCTTGACATTAG,1
AGCCTGAAACACAACA,1
AGCCTGATAAACGGTA,1
AGCCTGATACCCTTAA,1
AGCCTGATATAATCTA,1
AGCCTGATATAATCTT,1
AGCCTGATATAGCTTA,1
AGCCTGATCCAATCAA,1
AGCCTGATTACACCTT,1
AGCCTGCCAAAATACT,1
AGCCTGCCATATCCAA,1
AGCCTGCCATGTCCTA,1
AGCCTGCGAAGCAATT,1
AGCCTGGACGACAAAT,1
AGCCTGGGACCAGCAC,1
AGCCTGGGGTGTGTTA,1
AGCCTGTAAATTGAAT,1
AGCCTGTAACTTGAAA,1
AGCCTGTAACTTGAGT,1
AGCCTGTATCATCCGT,1
AGCCTGTGAAGAAATT,1
AGCCTGTGACCTGCAC,1
AGCCTGTGAGGCAATT,1
AGCCTTAAAAACTCTG,1
AGCCTTAACTTCGCCT,1
AGCCTTACTACCAACA,1
AGCCTTACTGAAGAAA,1
AGCCTTAGCAGAAATC,1
AGCCTTAGGATTTACA,1
AGCCTTATAACAAAGA,1
AGCCTTATACAAAAGA,1
AGCCTTATACCCCTAA,1
AGCCTTATACCTAAGA,1
AGCCTTATGCCAAAGA,1
AGCCTTCAGTAATTAA,1
AGCCTTCATGAATATC,1
AGCCTTCCTCCTAACC,1
AGCCTTCGGTTTTACA,1
AGCCTTCTGTTGTGAT,1
AGCCTTGCATAAGAAC,1
AGCCTTGCATAAGAAT,1
AGCCTTGGGATTTACA,1
AGCCTTGTCATGTCCA,1
AGCCTTGTGCAGCCGA,1
AGCCTTTAAGTTGAAT,1
AGCCTTTAATCGAAAC,1
AGCCTTTATTAGACAA,1
AGCGAAAAAAATCCTC,1
AGCGAAAAAAATCTCC,1
AGCGAAAAGAAACCAT,1
AGCGAAAAGAAAGCAA,1
AGCGAAAAGAACCCTC,1
AGCGAAAATAAAACAT,1
AGCGAAAATAAACCAC,1
AGCGAAAATAGCAGAT,1
AGCGAAAATGAACCAT,1
AGCGAAAATTGAAACA,1
AGCGAAACCATGCATT,1
AGCGAAACCTTCCACT,1
AGCGAAACGGCCAAAC,1
AGCGAAACTAAAGGAG,1
AGCGAAACTACACATA,1
AGCGAAATACCATGGA,1
AGCGAAATAGTGACGT,1
AGCGAAATGCCATGGA,1
AGCGAACAAACAATAA,1
AGCGAACACCAATTAT,1
AGCGAACAGAATAAAG,1
AGCGAACCAAGAAGCC,1
AGCGAACGCCGTGACA,1
AGCGAACGGCATGGCC,1
AGCGAACTACCATGTA,1
AGCGAACTACCATTGA,1
AGCGAAGCTGACTAGC,1
AGCGAAGCTGCCTAGC,1
AGCGAAGCTGGCTAGA,1
AGCGAAGCTGGCTAGG,1
AGCGAAGCTGGCTATC,1
AGCGAAGCTGGCTGGC,1
AGCGAAGCTGGGTAGC,1
AGCGAAGCTGGTTAGC,1
AGCGAAGCTGTCTAGC,1
AGCGAAGCTTGCTAGC,1
AGCGAAGGGGAACCGA,1
AGCGAATAAAAAGAAT,1
AGCGAATAAGGAATAA,1
AGCGAATCAATACACC,1
AGCGAATGAAAATATC,1
AGCGAATTCGGTCTAT,1
AGCGACAGAATACGAC,1
AGCGACATATTTTCAG,1
AGCGACATGATTTTAC,1
AGCGACCGGACCACTA,1
AGCGACGACTCAAAAA,1
AGCGACGCACACGTAT,1
AGCGACGCACGATCAT,1
AGCGACGGACCGTTAC,1
AGCGACGGTGATCGCC,1
AGCGACGTGGTATTAA,1
AGCGACTAAAAAGAAC,1
AGCGACTAAAAATAAT,1
AGCGACTACAGCATCA,1
AGCGACTGGTCGATAT,1
AGCGACTTACTCATAC,1
AGCGACTTATTCTAAT,1
AGCGACTTTGAGGCCA,1
AGCGAGAAATATTAAA,1
AGCGAGAGTGACAACA,1
AGCGAGATGCCAACAG,1
AGCGAGATTCTGAGCT,1
AGCGAGCAGGGTCAAC,1
AGCGAGCGAGTCAATA,1
AGCGAGCGTCCATATA,1
AGCGAGCTGACAACAG,1
AGCGAGCTTCCAACAG,1
AGCGAGGGTGACACCA,1
AGCGAGGTGCCAACAG,1
AGCGAGTAGAGAAAAA,1
AGCGAGTAGAGAGCAA,1
AGCGAGTTATTCTAAA,1
AGCGAGTTATTCTGAT,1
AGCGAGTTTATTCCCG,1
AGCGATAAGCAGCAAC,1
AGCGATAATCCAACCT,1
AGCGATAATTTGATAT,1
AGCGATACATGCTAAC,1
AGCGATACCCCGGCGA,1
AGCGATACTTTGCCCA,1
AGCGATATAATTCTGA,1
AGCGATATACCAAATA,1
AGCGATCAGATCCCCG,1
AGCGATCAGATGTCCT,1
AGCGATCAGATGTCTA,1
AGCGATCATATGTCCA,1
AGCGATCCAAGTATTT,1
AGCGATCCGACTTCAC,1
AGCGATCTAGGAGATG,1
AGCGATCTATAGCCAC,1
AGCGATCTTCCGTGGA,1
AGCGATGCCGTCCAAA,1
AGCGATGCGCCAAATA,1
AGCGATGGCAGATTGT,1
AGCGATGGTGATCCAC,1
AGCGATGTTTATCTAG,1
AGCGATTAAAAAGAAT,1
AGCGATTATAAACGCA,1
AGCGATTCACATGAAC,1
AGCGATTCCGTGTTTC,1
AGCGATTCCTGGTTTC,1
AGCGATTCTACCTGAG,1
AGCGATTTATTCTAAT,1
AGCGATTTGACTTGAT,1
AGCGATTTTCCCAAGA,1
AGCGCAAACATAACCA,1
AGCGCAAATAAACCCA,1
AGCGCAATCAAACTTT,1
AGCGCAATCCATTACG,1
AGCGCAATGCCGCCTA,1
AGCGCAATGCTTCTCA,1
AGCGCAGAACGAAAAA,1
AGCGCAGAGTCTTATA,1
AGCGCAGAGTGTGTTA,1
AGCGCATACCTGAGTC,1
AGCGCATACTATACTC,1
AGCGCATCCAAAGTCT,1
AGCGCATGTAATTTTC,1
AGCGCATTATGCATTC,1
AGCGCATTTTATCGGG,1
AGCGCCCCCAGGAATC,1
AGCGCCCCTCCTCATT,1
AGCGCCCTCACTAACC,1
AGCGCCCTTCAGATTG,1
AGCGCCGACACTTCAA,1
AGCGCCGACTCTCATT,1
AGCGCCTAAAGTCCCA,1
AGCGCCTATCCTCAAT,1
AGCGCCTCTCTAACAT,1
AGCGCCTCTTGAACAT,1
AGCGCCTTAGAGGCCA,1
AGCGCCTTTGATGCCA,1
AGCGCCTTTGCAAGTA,1
AGCGCCTTTGGGGCCA,1
AGCGCGATCGATGATT,1
AGCGCGATGAGTAACC,1
AGCGCGCTGAGTAAAC,1
AGCGCGTCGAAGATGT,1
AGCGCGTGCGCCACAG,1
AGCGCGTGCGCCCGAG,1
AGCGCGTTCGCCCCAG,1
AGCGCTAAACAAAGGC,1
AGCGCTAATTGGTAAA,1
AGCGCTAGATCAAATG,1
AGCGCTATTAAAAAGG,1
AGCGCTATTTAAAATA,1
AGCGCTCATCCTCAAT,1
AGCGCTCATTCACCCG,1
AGCGCTCATTGATCCT,1
AGCGCTCCACAGCCTG,1
AGCGCTGCACGAAATG,1
AGCGCTTAGACACAGC,1
AGCGCTTATCATCAAT,1
AGCGCTTATCCTCAAC,1
AGCGCTTATCCTTAAT,1
AGCGCTTATCTTCAAT,1
AGCGCTTCCCACTCAC,1
AGCGCTTCTTGATCCT,1
AGCGCTTTCTTGTACT,1
AGCGCTTTGGGGGGAT,1
AGCGCTTTTGAGGCCA,1
AGCGGAACCAAAGGAG,1
AGCGGAACGAAAGGAG,1
AGCGGAACTAAAAGAG,1
AGCGGAACTAAATGAG,1
AGCGGAAGGAAGAGAT,1
AGCGGAATAATAAGGC,1
AGCGGACACTAATAAT,1
AGCGGACAGACTGAGC,1
AGCGGACAGCCTGGAT,1
AGCGGACTGATGAGAT,1
AGCGGAGAGACTCGAT,1
AGCGGAGGCACACCTC,1
AGCGGAGTACTAGAGC,1
AGCGGAGTACTAGCGA,1
AGCGGAGTACTATCGC,1
AGCGGATATATCAGAA,1
AGCGGATCACAATTAA,1
AGCGGATTAACATACT,1
AGCGGATTCGGAATGA,1
AGCGGATTCGTAATAA,1
AGCGGATTTAATTCGG,1
AGCGGCCAAGTTGAAA,1
AGCGGCCCTAAAACTT,1
AGCGGCGTAGGAACAG,1
AGCGGCTCCAGTACGA,1
AGCGGGAAGATCGGTA,1
AGCGGGACACAAACAC,1
AGCGGGCTGAATAGCC,1
AGCGGGCTGAATCGCA,1
AGCGGGCTGAATCTCC,1
AGCGGGCTGGATCGCC,1
AGCGGGCTTAATCGCC,1
AGCGGGTCATTCAATT,1
AGCGGGTTATTCAAGT,1
AGCGGTACCTGTTCCC,1
AGCGGTACTTGTTCCT,1
AGCGGTCCCGTACACG,1
AGCGGTCTTACAACAA,1
AGCGGTGAACCCCCCG,1
AGCGGTGTGCAGATAC,1
AGCGGTGTGCATATCC,1
AGCGGTTCTATAGACG,1
AGCGGTTTAAACCCTT,1
AGCGGTTTAATACCTT,1
AGCGTAAACAAGGAAT,1
AGCGTAAACAAGTCAT,1
AGCGTAAACAATGCAT,1
AGCGTAAACGTCAATC,1
AGCGTAAAGCTAGTCA,1
AGCGTAAATTCCACCA,1
AGCGTAACAATTAGAG,1
AGCGTAAGCAAGGCAT,1
AGCGTAATTCTTATAA,1
AGCGTAATTGTTAATA,1
AGCGTACACTGGGCAA,1
AGCGTACCATACGCAC,1
AGCGTACCCTGGGTAA,1
AGCGTACCCTGGTCAA,1
AGCGTACCCTGTGCAA,1
AGCGTACGAGCGCCCA,1
AGCGTAGCTGCCAGGC,1
AGCGTAGTACTAGCGC,1
AGCGTATCGTATCAAA,1
AGCGTATTAAAACCTG,1
AGCGTATTAGAATACA,1
AGCGTATTCAAACCTT,1
AGCGTATTCGGAATAA,1
AGCGTCCACCAAAACG,1
AGCGTCTAATTCAACA,1
AGCGTCTAATTCTACA,1
AGCGTCTCAGATATAC,1
AGCGTCTCCTCCTCTC,1
AGCGTCTCGGGTATAC,1
AGCGTCTTAAATTCTA,1
AGCGTCTTGACTCAAA,1
AGCGTGAAAAAACCAA,1
AGCGTGAAACAATCAA,1
AGCGTGACTTCGCCAA,1
AGCGTGTCATTCAAGT,1
AGCGTGTCTCAATTAG,1
AGCGTGTGCAAATTAA,1
AGCGTTAAAAACTTCC,1
AGCGTTAAAAGATCTT,1
AGCGTTAACCATAACA,1
AGCGTTACATCCTTAA,1
AGCGTTACGGTGGGCG,1
AGCGTTACTTGTTCCC,1
AGCGTTATGATCCGCA,1
AGCGTTCAACGTAGCG,1
AGCGTTCCAGCCGAAC,1
AGCGTTCCTAATATAA,1
AGCGTTCGACTTTAAA,1
AGCGTTGAGTGAAGCG,1
AGCGTTGGGTGAGGGA,1
AGCGTTGTAACAGTCT,1
AGCGTTGTAACGGGAA,1
AGCGTTTACACCATTG,1
AGCGTTTCGGCCGAAC,1
AGCGTTTGTACATAAA,1
AGCGTTTTTCGTGTAT,1
AGCGTTTTTTGGAACT,1
AGCTAAAAACATTTCA,1
AGCTAAAACTTGAATT,1
AGCTAAAATAAACCAT,1
AGCTAAACCAAGCTCG,1
AGCTAAACCATCAAAA,1
AGCTAAACCCCGTACT,1
AGCTAAACCTCGAATT,1
AGCTAAACCTTTAATT,1
AGCTAAACGAAAAAGA,1
AGCTAAAGCACAAACA,1
AGCTAAAGCACCAAAA,1
AGCTAAATAAAAAGAG,1
AGCTAAATAATCCTAA,1
AGCTAAATAATCTAAA,1
AGCTAACACATATTTC,1
AGCTAACACTTGTAAT,1
AGCTAACATAGATCAT,1
AGCTAACATAGCTCAG,1
AGCTAACCATGCATAA,1
AGCTAACCCCCGCCTG,1
AGCTAACCTACGCATA,1
AGCTAACGAATCATTG,1
AGCTAACGTCCTACGA,1
AGCTAACGTTATTCAT,1
AGCTAACTACCATGGA,1
AGCTAAGAGTAAACGC,1
AGCTAAGCTGGCTAGC,1
AGCTAAGGGGACCGCC,1
AGCTAAGTATACAGGA,1
AGCTAAGTGTAAACGA,1
AGCTAATAATAAACAG,1
AGCTAATAATGAACCT,1
AGCTAATAATGTCCCT,1
AGCTAATATCATTAAA,1
AGCTAATGAAACCTTC,1
AGCTAATGAAATCTCC,1
AGCTAATGCCGTGCAC,1
AGCTAATGGACGGAAT,1
AGCTAATTATTAAACT,1
AGCTACAAAAAGTCCC,1
AGCTACAAAACCCTCG,1
AGCTACACACGTTGAT,1
AGCTACACGGATAAAA,1
AGCTACAGTTACAGAA,1
AGCTACATAATCTTTA,1
AGCTACCAGAATACAA,1
AGCTACCAGTAAAACA,1
AGCTACCAGTAAAACG,1
AGCTACCAGTAAAACT,1
AGCTACCAGTAAGACC,1
AGCTACCATAAAAATT,1
AGCTACCATATCGAAG,1
AGCTACCATCGTATAT,1
AGCTACCCACAAAGTT,1
AGCTACCCGAAACCCA,1
AGCTACGAGTAAAACC,1
AGCTACGATACGACCG,1
AGCTACGTGCCTTACT,1
AGCTACTAAGTCTACT,1
AGCTACTACCGCAAGA,1
AGCTAGCATAATGGCA,1
AGCTAGCATGTAAGAC,1
AGCTAGCGGAAAAAAA,1
AGCTAGGATAGTCAAT,1
AGCTAGGATCACAATG,1
AGCTAGGCCTAAACCG,1
AGCTAGGCTCGGGTCC,1
AGCTAGGGTATTACTA,1
AGCTAGGTGTGAAACT,1
AGCTAGTAGAAACATC,1
AGCTAGTATCTAATAG,1
AGCTAGTCGAACACCT,1
AGCTAGTGGCACAATT,1
AGCTAGTTCCTATTAA,1
AGCTAGTTGACACAAC,1
AGCTAGTTTAAACACG,1
AGCTAGTTTAAATAAG,1
AGCTATAAATACCGAA,1
AGCTATAACTAAGCTA,1
AGCTATACAAGGACCT,1
AGCTATACCGATATCT,1
AGCTATATGAGCTCAA,1
AGCTATATGGATAAGC,1
AGCTATATGTTCTGTT,1
AGCTATATTATGTTTG,1
AGCTATCAAAAATTCC,1
AGCTATCTCTGCACCT,1
AGCTATCTGAATTGCC,1
AGCTATCTGATTCGAT,1
AGCTATGCAACTATGT,1
AGCTATGCCGTCCAAC,1
AGCTATGTCAGGAATA,1
AGCTATGTTAACGACT,1
AGCTATTAATGTTCTA,1
AGCTATTATGCTTCGA,1
AGCTATTCAGTCATGA,1
AGCTATTGAATTGCGT,1
AGCTATTGAGATGCGT,1
AGCTATTTAAAAGTTC,1
AGCTATTTAAATGCGT,1
AGCTATTTACTTGGCG,1
AGCTATTTGGAGTGCA,1
AGCTCAAAAAAAGCTT,1
AGCTCAAATGTCGGCA,1
AGCTCAACCATAGGCC,1
AGCTCAAGGGTCCCCT,1
AGCTCAAGTGCGCATT,1
AGCTCAATGCAGATTG,1
AGCTCAATTCAGATCG,1
AGCTCAATTCGGATTG,1
AGCTCACAACATTTAA,1
AGCTCACAAGTTGCAG,1
AGCTCACACATACTTC,1
AGCTCACACATATATC,1
AGCTCACACTACAGGC,1
AGCTCACCAGAGCGTA,1
AGCTCACCGCTAACTC,1
AGCTCACCGCTTACTA,1
AGCTCACCGTATTGTA,1
AGCTCACTGAAGCATC,1
AGCTCATAAAAGACAT,1
AGCTCATAAAATCCAT,1
AGCTCATAGAAGCCAT,1
AGCTCATCATCATTAT,1
AGCTCATGACAGCGGT,1
AGCTCATGCCAGAGGT,1
AGCTCATGCCAGCTGT,1
AGCTCATTGATCAGAC,1
AGCTCATTTATCACAC,1
AGCTCATTTTGACACC,1
AGCTCCAACACACAAA,1
AGCTCCAAGGCACTGT,1
AGCTCCACATCCCAGC,1
AGCTCCACTTACAGAA,1
AGCTCCAGTCAACATG,1
AGCTCCCTGACCTACC,1
AGCTCCTTTGAGGCCA,1
AGCTCGAACAGCCACG,1
AGCTCGACTCCGATGT,1
AGCTCGGAAAATTTAC,1
AGCTCGGCATAAACCG,1
AGCTCGTGACCCTCAG,1
AGCTCGTGGAACTTCA,1
AGCTCTAAAAATTTCT,1
AGCTCTAACCACCGAA,1
AGCTCTAACTAACGAA,1
AGCTCTAACTACCTAA,1
AGCTCTAACTGCCGAA,1
AGCTCTAACTTAAAAA,1
AGCTCTAAGTACCGAA,1
AGCTCTAATTACCGAA,1
AGCTCTACCCTTAGAC,1
AGCTCTACTAATTTGA,1
AGCTCTCAATCGGCAG,1
AGCTCTCCAGACTAAG,1
AGCTCTCCAGACTCAA,1
AGCTCTCCAGTCTCAG,1
AGCTCTCCATACTCAG,1
AGCTCTCCTAAAACTC,1
AGCTCTCTCCTACTTC,1
AGCTCTCTTAAAACTA,1
AGCTCTCTTAAAACTG,1
AGCTCTGAACCTCTCA,1
AGCTCTGACTACCGAA,1
AGCTCTGTGAAGTGCG,1
AGCTCTTAAACACACT,1
AGCTCTTTAACCCTGG,1
AGCTCTTTTCCTATGT,1
AGCTGAAACAGACATT,1
AGCTGAACACTGGGAT,1
AGCTGAACACTTAGAT,1
AGCTGAACATAATAGT,1
AGCTGAATAATCTTAA,1
AGCTGAATTACCTTAC,1
AGCTGACAACACTGCC,1
AGCTGACCAAACGAGA,1
AGCTGACGAGCACTTG,1
AGCTGACGATGCTCAA,1
AGCTGAGATCCAACCT,1
AGCTGAGCTTTATTAA,1
AGCTGAGGAATTTTGG,1
AGCTGAGGATAGAATC,1
AGCTGATATGCACGCA,1
AGCTGATGTCAATTAC,1
AGCTGATTAAGCCAAG,1
AGCTGATTTCAATTCC,1
AGCTGCAACCGTACCG,1
AGCTGCAATCCGAAAC,1
AGCTGCATAGGTTAAT,1
AGCTGCCACACCTTAA,1
AGCTGCCACGCCGTCC,1
AGCTGCCATACATGCT,1
AGCTGCCATGCCATCC,1
AGCTGCCTAGGTTAGT,1
AGCTGCCTGTTTTCCT,1
AGCTGCGTATTCGGGT,1
AGCTGCTAAAACAGCC,1
AGCTGCTCTCTTGTGA,1
AGCTGCTGCGCACTAA,1
AGCTGGACATGAGTCA,1
AGCTGGACGGCTACTC,1
AGCTGGCTGAATCGCC,1
AGCTGGGAATAAAAGT,1
AGCTGGTACCTCTGAC,1
AGCTGGTACGAGGGAA,1
AGCTGGTAGCACTGAC,1
AGCTGGTGAGACAGGT,1
AGCTGGTGCGTGACAA,1
AGCTGTAAAAGGTAGG,1
AGCTGTAACAAATAAG,1
AGCTGTACATAATACG,1
AGCTGTACCTATATCT,1
AGCTGTACTGATATCT,1
AGCTGTATGAATGGCC,1
AGCTGTCAAAGGTATG,1
AGCTGTCGTCAAAGCA,1
AGCTGTCTTTGTTAGA,1
AGCTGTGATATAATCT,1
AGCTGTGCCTACTTCC,1
AGCTGTGCGTACTTTC,1
AGCTGTGCTATAATGT,1
AGCTGTGTCCACCAAC,1
AGCTGTTAAAGGTAGG,1
AGCTGTTAAATCCCAA,1
AGCTGTTAGAAGCAAC,1
AGCTGTTTATTTAAAA,1
AGCTTAAATACACGCC,1
AGCTTAAATATATTGT,1
AGCTTAAATTTAACTT,1
AGCTTAACAATTAGAG,1
AGCTTAACACTGAGAT,1
AGCTTAACCAACAAAA,1
AGCTTAACTCTACGAC,1
AGCTTAACTGTGCCCA,1
AGCTTAATGAATCTCA,1
AGCTTAATTCGACGTT,1
AGCTTACAATTTGCAG,1
AGCTTACAGAGACGAC,1
AGCTTACGCCCCTGTG,1
AGCTTAGGGAGTTAGC,1
AGCTTAGTAGCCTAGC,1
AGCTTAGTTACTCGAT,1
AGCTTATACACCAGCA,1
AGCTTCAATTTCAACG,1
AGCTTCATCTATCTTC,1
AGCTTCCAAATTTTAC,1
AGCTTCCCCGAATGAC,1
AGCTTCGACCCTAAAT,1
AGCTTCGAGATGGACT,1
AGCTTCGGGAGCAAAA,1
AGCTTCTACGATCAGA,1
AGCTTGAATTTTAGGG,1
AGCTTGAATTTTATGA,1
AGCTTGACAAAAGTGT,1
AGCTTGACTCTACGAG,1
AGCTTGAGATTGCAAC,1
AGCTTGAGATTGTAGC,1
AGCTTGAGCCCAGATC,1
AGCTTGAGTCGATGAT,1
AGCTTGATAAACTGTA,1
AGCTTGATGAACGGTA,1
AGCTTGCGCCCATATC,1
AGCTTGCTCATTACTG,1
AGCTTGGAACCATCTC,1
AGCTTGGAGCCATCTT,1
AGCTTGGCGGGTCCGA,1
AGCTTGGCGGTGCCGA,1
AGCTTGGCTGGGCCGA,1
AGCTTGGGACCTGCAC,1
AGCTTGTGTAGTATTA,1
AGCTTTAAATAAGTGA,1
AGCTTTAACTAAGTAA,1
AGCTTTAATATCAAGG,1
AGCTTTAATGACAGTC,1
AGCTTTAATTTTAGGA,1
AGCTTTACAATCAAAC,1
AGCTTTACCATCAGAC,1
AGCTTTACCGATATCT,1
AGCTTTACTTCTTGTC,1
AGCTTTCAAAGGTAGG,1
AGCTTTCAGTATACGA,1
AGCTTTCTATATAACG,1
AGCTTTCTTAAAACTC,1
AGCTTTCTTACTCTAG,1
AGCTTTGACAATAACG,1
AGCTTTGCCATGAGAC,1
AGCTTTGCGGGGCCGA,1
AGCTTTGTTGACATGC,1
AGCTTTTAACAAGCCA,1
AGCTTTTCACGCAACC,1
AGCTTTTCCCCCCAAA,1
AGCTTTTGTTAATGAA,1
AGCTTTTTTTATAACG,1
AGGAAAAAAACGCATC,1
AGGAAAAACTTCAGCC,1
AGGAAAAAGCATAAAC,1
AGGAAAAATATCGGAT,1
AGGAAAACATAAATCC,1
AGGAAAACATTAGAAC,1
AGGAAAACCTTGTTGA,1
AGGAAAACGAACTTAC,1
AGGAAAACGATTTCTA,1
AGGAAAACGTTAAAAC,1
AGGAAAACTAAATAAA,1
AGGAAAACTGACCCTA,1
AGGAAAAGATCCTGCA,1
AGGAAAAGGCCATAAA,1
AGGAAAATAAATGAGC,1
AGGAAAATATAACGAA,1
AGGAAAATCTGTAAAT,1
AGGAAAATCTGTGAGC,1
AGGAAAATTTAAAGAA,1
AGGAAAATTTGACGAA,1
AGGAAACACTAGTTGC,1
AGGAAACAGATTCAAA,1
AGGAAACGTCCTACTC,1
AGGAAACTAACTAACT,1
AGGAAAGAAAGTTATT,1
AGGAAAGAAGTAAGGT,1
AGGAAAGAAGTGTAAC,1
AGGAAAGATAGGATAG,1
AGGAAAGCTTATTCTT,1
AGGAAAGTAGTAACTT,1
AGGAAAGTGAACACTA,1
AGGAAATAAGTGTTAC,1
AGGAAATACACCAACT,1
AGGAAATACAGTAATA,1
AGGAAATACCGCTTCC,1
AGGAAATAGCAGCTAC,1
AGGAAATGAAGCAGTA,1
AGGAAATGACCTCAGT,1
AGGAAATGATCCTGCA,1
AGGAAATGTCTTTACG,1
AGGAAATTAAAAGATG,1
AGGAAATTATTGATTT,1
AGGAAATTCCCTCAGT,1
AGGAAATTTGATGTAG,1
AGGAACAAAATTCGAC,1
AGGAACAAAATTTGAT,1
AGGAACAAAGATGGCC,1
AGGAACAAAGTTTGAC,1
AGGAACAAATAAAAAG,1
AGGAACAACCGGAACG,1
AGGAACAACTTGTAAG,1
AGGAACACAGTATTAG,1
AGGAACAGGGGATTAA,1
AGGAACCACAACCCCT,1
AGGAACCACCGGGGAC,1
AGGAACCCCAAGTGTA,1
AGGAACGCCCCACACA,1
AGGAACGGAAATCTTG,1
AGGAACGTCATAGGCG,1
AGGAACTATCTGAACT,1
AGGAACTATTAGGAAC,1
AGGAACTCAACTCTGA,1
AGGAACTGAAGGCGAA,1
AGGAACTGACTGACGC,1
AGGAACTGGACGTCTC,1
AGGAACTTGAAGCACA,1
AGGAACTTTAATGCCA,1
AGGAAGAAGTAACTGA,1
AGGAAGAATGAAACAT,1
AGGAAGACAACCTAAA,1
AGGAAGACAGACCACC,1
AGGAAGAGCCAGCCAG,1
AGGAAGAGTGAACCAT,1
AGGAAGATCTAAACAA,1
AGGAAGCAAACCAATA,1
AGGAAGCAAGAAACCA,1
AGGAAGCAATAAAGTT,1
AGGAAGCACTGCTATC,1
AGGAAGCAGTATGGTA,1
AGGAAGGAAAGTTAAT,1
AGGAAGGATAAAAAAT,1
AGGAAGGGCAACAGAA,1
AGGAAGGGCAACAGCA,1
AGGAAGGGGCTCACGG,1
AGGAAGGTAGTTTTTT,1
AGGAAGTAAGTAGTCA,1
AGGAAGTCACTTGGCC,1
AGGAAGTCAGGACACT,1
AGGAAGTCATTATAAC,1
AGGAAGTCCAAATGTT,1
AGGAAGTCCCTTAATA,1
AGGAAGTCGATTGGCC,1
AGGAAGTCGCCTGGCC,1
AGGAAGTTACCAGTTC,1
AGGAAGTTGCTTGGCC,1
AGGAAGTTTGATAAAA,1
AGGAATACCTTCCTCA,1
AGGAATACGGGCCCAT,1
AGGAATACTGAAGGTT,1
AGGAATAGCCCAATTA,1
AGGAATAGCCGCCTAC,1
AGGAATATACTAAGAA,1
AGGAATATCATGGACA,1
AGGAATCACCGCCTAC,1
AGGAATCATCATCAAA,1
AGGAATCATCATCGCA,1
AGGAATCATCATTACA,1
AGGAATCCATGAACCA,1
AGGAATCGAAGAAACA,1
AGGAATCGACGCCTAC,1
AGGAATCGCAGCCTAC,1
AGGAATCGCCACCTAC,1
AGGAATCGCCGACTAC,1
AGGAATCGCCGCATAC,1
AGGAATCGCCGCCTGC,1
AGGAATCGCCTCCTAC,1
AGGAATCGGAGCTAAC,1
AGGAATGAATTAACCC,1
AGGAATGCGTCTGTAT,1
AGGAATGCTCTAAAAA,1
AGGAATGGATTTTTAC,1
AGGAATGTGTTCAATA,1
AGGAATTACTATCCAT,1
AGGAATTAGAGAACAT,1
AGGAATTATAGTACTA,1
AGGAATTGTTCCTCTT,1
AGGAATTTGCCACTGA,1
AGGACAAAAGAATGAG,1
AGGACAAATGCCTACC,1
AGGACAACACATTTCG,1
AGGACAACCAGATTAC,1
AGGACAACGCTTTTCG,1
AGGACAACTCATTTCG,1
AGGACAATAAACAACC,1
AGGACAATCAAACACC,1
AGGACAATGAAATTCG,1
AGGACAATGCATTTCG,1
AGGACAATTTAATTAA,1
AGGACACCAACCCGAG,1
AGGACACCAGATAGTA,1
AGGACACCATAACTCG,1
AGGACACCCACCCAAG,1
AGGACACCCACCCCAG,1
AGGACACCCACCCGAC,1
AGGACACCCACCTCAA,1
AGGACACCCACCTGAG,1
AGGACACCCACTCGAG,1
AGGACACCCATTATTA,1
AGGACACGCAGCACTA,1
AGGACACGCCATAATA,1
AGGACACGCCCAATCC,1
AGGACACGGGATGGCC,1
AGGACACTCGGATAGG,1
AGGACACTGGTCCACA,1
AGGACAGCCACCCGAG,1
AGGACAGGCAAACGAA,1
AGGACATAAGCATTAA,1
AGGACATAAGTAAAAG,1
AGGACATAATGAAATA,1
AGGACATAATTAACAA,1
AGGACATAATTAACGA,1
AGGACATAGTTAACCA,1
AGGACATATGCCCCCA,1
AGGACATCAAACAACC,1
AGGACATCCACCCGAG,1
AGGACATGATTAACCA,1
AGGACATGTCAAATGA,1
AGGACATGTCCAGTGA,1
AGGACATGTCTAACTA,1
AGGACATGTGCCACCA,1
AGGACATGTTCCCCCA,1
AGGACATTGTACCAAA,1
AGGACATTTAGAAATA,1
AGGACCAAATTTGATT,1
AGGACCACAGTCAAGG,1
AGGACCAGACGCAACT,1
AGGACCATAAACAACA,1
AGGACCCCCACCCGAG,1
AGGACCCGAAAAATAT,1
AGGACCCGAAAACCAT,1
AGGACCCGAAAACTAC,1
AGGACCCGTCTCTAAA,1
AGGACCCTCCCTGAAA,1
AGGACCCTGTAACAGT,1
AGGACCCTGTAACCGC,1
AGGACCGCCGCGCATA,1
AGGACCGGAAAACTAT,1
AGGACCTAACCCGAAG,1
AGGACCTAACCCGAAT,1
AGGACCTATTTACCAA,1
AGGACCTGAAAACTAT,1
AGGACCTTAAACAACC,1
AGGACCTTAAATAGGT,1
AGGACCTTAGGAGCGC,1
AGGACGAAGTATGGTA,1
AGGACGAAGTTTCAAG,1
AGGACGACGACGAGCG,1
AGGACGACGACTCGCG,1
AGGACGCAAATTAAGA,1
AGGACGCAATATGGTA,1
AGGACGCAGTATGGTG,1
AGGACGCATTATGGTA,1
AGGACGCCCACCCGAG,1
AGGACGGAAGTAACTG,1
AGGACGTACTAGCCTA,1
AGGACGTAGATCAGGT,1
AGGACGTATATTAGGT,1
AGGACGTCAGCTGAAA,1
AGGACTAAAAAGTAGA,1
AGGACTAAAAAGTGAA,1
AGGACTAAGAAGTAAA,1
AGGACTAAGAGTTAGA,1
AGGACTAATATTTAGA,1
AGGACTATAAACAACC,1
AGGACTCACTTTTTAA,1
AGGACTCAGTATGGTA,1
AGGACTGACACCGTTT,1
AGGACTGCATATCCTA,1
AGGACTGTAATTTATA,1
AGGACTTAAAAAAAGT,1
AGGACTTAAGTCATAA,1
AGGACTTAGTAATGAT,1
AGGACTTGAAAATGAT,1
AGGACTTTACTTCCAA,1
AGGACTTTGTCGAAAC,1
AGGAGAAAACTTAATA,1
AGGAGAACACGTTTTA,1
AGGAGAACGGGTTGAT,1
AGGAGACCAGCATAAT,1
AGGAGACCTAAGATCT,1
AGGAGACGTGTGAGTC,1
AGGAGACTGCAAAAGC,1
AGGAGAGAAGTGTTAC,1
AGGAGAGCAATAAGCA,1
AGGAGATTATGATCAA,1
AGGAGATTGCATGTAA,1
AGGAGATTTACCTGGT,1
AGGAGCAATTTACCCA,1
AGGAGCACTACAAACA,1
AGGAGCAGAGTTAACC,1
AGGAGCAGATGCTAGC,1
AGGAGCATTGGAAAAC,1
AGGAGCCCTTTCCTCA,1
AGGAGCGGAAAAAAAT,1
AGGAGCTACCACCCTT,1
AGGAGCTATTAAGAAC,1
AGGAGGAAAGTGAGAA,1
AGGAGGAAAGTGCTAA,1
AGGAGGAAATTGCTGG,1
AGGAGGAATAAATAGG,1
AGGAGGAATAACATGA,1
AGGAGGAATGTGCGAA,1
AGGAGGAGAGTGCGAA,1
AGGAGGAGATGACATA,1
AGGAGGCAGTATGGTA,1
AGGAGGCTCAACTACA,1
AGGAGGCTGGGAATAT,1
AGGAGGGAGCCGACGA,1
AGGAGGGAGGCTAAGA,1
AGGAGGTAGATAACAA,1
AGGAGGTTTTTACACG,1
AGGAGTAAAAAGTAAA,1
AGGAGTAACTTTGACC,1
AGGAGTACCCGAATCA,1
AGGAGTATCAAAAGCG,1
AGGAGTCAATAACGCC,1
AGGAGTCATCATCACA,1
AGGAGTGAAGAACGCA,1
AGGAGTGACTTAACCA,1
AGGAGTTATTTCTTAA,1
AGGATAAATGCTCTAA,1
AGGATAACAACTTAGT,1
AGGATAACGAAGCCTC,1
AGGATAACGGCTCTAA,1
AGGATAACTGCTATAA,1
AGGATAACTGCTCCAA,1
AGGATAACTGCTTTAA,1
AGGATAACTGGTCTAA,1
AGGATAAGAACTGCAG,1
AGGATAAGATCCTGCC,1
AGGATAAGATGAACAA,1
AGGATAAGCAACACCA,1
AGGATAAGGGACAAGT,1
AGGATAAGTTACTGCC,1
AGGATAAGTTCCTACC,1
AGGATAAGTTCCTGTC,1
AGGATAAGTTCCTTCC,1
AGGATAAGTTGCTGCC,1
AGGATAATAATGCATC,1
AGGATAATAGTTTTGC,1
AGGATAATCCACTAAT,1
AGGATAATGCACAGAA,1
AGGATAATTCATATTC,1
AGGATAATTTCCTGCC,1
AGGATACAAAACAGCA,1
AGGATACCATAACAAA,1
AGGATACCATTACGAG,1
AGGATACCCACCCGAG,1
AGGATAGCAGGTTTGA,1
AGGATAGTCAACATGC,1
AGGATATAAAAATACG,1
AGGATATAAAAATCCA,1
AGGATATAAACATGCG,1
AGGATATATCTGAACT,1
AGGATATCGAATCATT,1
AGGATATGAGCGGACA,1
AGGATATGCAGAGATA,1
AGGATATGGGACAGGT,1
AGGATATGTGACAAGT,1
AGGATATTGGACAAGT,1
AGGATATTTCACTAGC,1
AGGATCAAAGATCGCT,1
AGGATCAAAGCAGCCA,1
AGGATCAATCAATATT,1
AGGATCACCAAATATC,1
AGGATCATAGTTTGAG,1
AGGATCATGCAACACC,1
AGGATCCAATGATGTT,1
AGGATCCGAAAACTAT,1
AGGATCCTTTCCAATA,1
AGGATCGACGAAGAAG,1
AGGATCGAGGCAGCCA,1
AGGATCGCACTCGACC,1
AGGATCGCAGCTCACC,1
AGGATCGCATTCGATC,1
AGGATCGTAACTCTGA,1
AGGATCTAGCTGAACT,1
AGGATCTATCTGAACC,1
AGGATCTCAGCTCCCC,1
AGGATCTCATAACGTG,1
AGGATCTGACGAGAAC,1
AGGATCTGACGAGACT,1
AGGATCTGACGAGATA,1
AGGATCTGGCAAAACA,1
AGGATCTGTCTGAACT,1
AGGATGAAACATACAG,1
AGGATGAACCATACAT,1
AGGATGAACCATACGG,1
AGGATGAACTCAAATT,1
AGGATGCCAATAGAAT,1
AGGATGCCTTCAAAAA,1
AGGATGTAGCACAGAG,1
AGGATGTATCAAAGAG,1
AGGATGTATCATAGAG,1
AGGATGTATCGCAGAG,1
AGGATGTATGACTGAG,1
AGGATGTGCTTTTCTT,1
AGGATGTGGGACAAGT,1
AGGATGTTGAAATCCA,1
AGGATGTTTTGTCAAA,1
AGGATTAAAAAAGCGT,1
AGGATTAAAGACGTAG,1
AGGATTAACCATACAG,1
AGGATTAAGGGAAACA,1
AGGATTAGATACCCAT,1
AGGATTATGTTATAGC,1
AGGATTATTGTACTTT,1
AGGATTCAGTAAAGAA,1
AGGATTCTCCATACGT,1
AGGATTGAGCATCACA,1
AGGATTGATCACCTAC,1
AGGATTGGCAGTTACA,1
AGGATTGTCATGATAA,1
AGGATTTAGTGACAGA,1
AGGATTTCAAACAGCC,1
AGGATTTCGCGTTATA,1
AGGATTTCGTAAATTG,1
AGGCAAAATATCCATC,1
AGGCAAAATGGAGATC,1
AGGCAAACTAGAATCA,1
AGGCAAAGGCCATGAA,1
AGGCAAATAAATAAAC,1
AGGCAAATAAGTCAAG,1
AGGCAAATCTTACCGA,1
AGGCAAATCTTGGTGG,1
AGGCAAATGTTACGGA,1
AGGCAAATGTTATCGA,1
AGGCAACAAGAAATAG,1
AGGCAACCAATGACAA,1
AGGCAACGAAATACAG,1
AGGCAACGCAATAAAG,1
AGGCAACTATTATAGA,1
AGGCAAGAATAAGTCG,1
AGGCAAGTAACGAGCT,1
AGGCAAGTATAATCCA,1
AGGCAAGTGACGATCT,1
AGGCAAGTGACTAGCT,1
AGGCAAGTGCGGAATA,1
AGGCAATATAAACCTT,1
AGGCAATATCAACCTC,1
AGGCAATATCAATCTT,1
AGGCAATATCGACCTT,1
AGGCAATGATTTACTA,1
AGGCAATTAACCAGGT,1
AGGCAATTTACGAAGA,1
AGGCACAATTCTGGAG,1
AGGCACACGAAGCGAC,1
AGGCACACTATCACGA,1
AGGCACAGTATGATAA,1
AGGCACATCCTTCGCC,1
AGGCACATCTAAAAGT,1
AGGCACCAAATCCCTA,1
AGGCACCAATGGAGTT,1
AGGCACCACCGCCGCT,1
AGGCACCCAAGAAGTT,1
AGGCACCTGTGGAATG,1
AGGCACGATTCTGGCG,1
AGGCACGGTCCCTAAC,1
AGGCACGTAGAGGACA,1
AGGCACTAAAACGGCG,1
AGGCACTAAACAGGCG,1
AGGCACTAAACCGGAG,1
AGGCACTAAACCGTCG,1
AGGCACTAAACCTGCG,1
AGGCACTAAACTGGCG,1
AGGCACTAGAAAGGCT,1
AGGCACTCATGCGTTG,1
AGGCACTTAAAACAGA,1
AGGCACTTGAAACAGA,1
AGGCAGACCACAGTTA,1
AGGCAGACGCATGGTA,1
AGGCAGAGAGGAGAAA,1
AGGCAGATATACTTAC,1
AGGCAGCAAAAACAAT,1
AGGCAGCTAGACTATC,1
AGGCAGCTTGACTAAC,1
AGGCAGGAATACGATC,1
AGGCAGGGGCTAACGG,1
AGGCAGGTAATCACTG,1
AGGCAGGTGCTCACGG,1
AGGCAGTGATCAACAA,1
AGGCAGTGATCGACCA,1
AGGCATAAAGCTTCTT,1
AGGCATAAGGCATCTT,1
AGGCATAGAATCTCCC,1
AGGCATAGTAATTTGA,1
AGGCATAGTGATGAAA,1
AGGCATATCACAAAAC,1
AGGCATCATACACTAT,1
AGGCATCATTCTGTTT,1
AGGCATCGATAATGTG,1
AGGCATCTTGACTATC,1
AGGCATGGTAAGTGAT,1
AGGCATTAAACCGGCG,1
AGGCATTAAGCATCTT,1
AGGCATTATCAACCTT,1
AGGCATTATTCGAACC,1
AGGCATTCCCCCAACT,1
AGGCATTCTACGATAG,1
AGGCATTGTGTATAGC,1
AGGCCAAAAATCGATG,1
AGGCCAAAAGAATGGG,1
AGGCCAAAATACACTT,1
AGGCCAAATGTTCTTA,1
AGGCCAACAGTCAAGG,1
AGGCCAACTACCTCGA,1
AGGCCAATACAAGCCT,1
AGGCCACAAATGACAA,1
AGGCCACCAATCACAA,1
AGGCCACCACTCCGCA,1
AGGCCACCGAGATACG,1
AGGCCACCTTTAGCCA,1
AGGCCACCTTTAGCCT,1
AGGCCACCTTTATCCG,1
AGGCCACGTCTTCTAA,1
AGGCCACTGTTATATC,1
AGGCCATAATCACTGC,1
AGGCCATAATTAACCA,1
AGGCCATAGTCGCTGC,1
AGGCCATATGTAACTT,1
AGGCCATGGCCTGAAA,1
AGGCCATGTGCGCGTC,1
AGGCCATTAAGCATAC,1
AGGCCCACAGTCAAGA,1
AGGCCCACATTCAAGG,1
AGGCCCAGACGCAACT,1
AGGCCCAGCGTTGAAG,1
AGGCCCATGAAAGCGG,1
AGGCCCCGTTGGAACC,1
AGGCCCGAATAATACA,1
AGGCCCGGACCTAAAT,1
AGGCCCTAGCCAAAAT,1
AGGCCCTGGTTTTACC,1
AGGCCCTTGAAGTCGA,1
AGGCCGAACAATAAGT,1
AGGCCGACGCAGATCT,1
AGGCCGATACTATCGT,1
AGGCCGCCCAAAGTAT,1
AGGCCGGAATGATTGG,1
AGGCCGGATTGATTAG,1
AGGCCGGTTGCTTAGT,1
AGGCCGTCCAGTGAAT,1
AGGCCGTCTGACGGTT,1
AGGCCTAAAAGATTTA,1
AGGCCTAAAGGATCGC,1
AGGCCTAACAAAACGC,1
AGGCCTAACACCGTTT,1
AGGCCTAGTTATAGAT,1
AGGCCTATCCGTAAAA,1
AGGCCTATCTGTCGGA,1
AGGCCTATGACTAAAC,1
AGGCCTCAAAGGATTC,1
AGGCCTCCGTTTGAAT,1
AGGCCTCGTCGTAAGT,1
AGGCCTCTCAAAGTAA,1
AGGCCTGATTGATTGG,1
AGGCCTGCCTCAAAGA,1
AGGCCTGGACCCAAAT,1
AGGCCTGGACCTAAGT,1
AGGCCTGGCGCGAGGC,1
AGGCCTGGGCCTAAAT,1
AGGCCTGTACGGACCA,1
AGGCCTGTCACAACCG,1
AGGCCTTACATAAGGC,1
AGGCCTTAGTAAAGAT,1
AGGCCTTATAACAGAA,1
AGGCCTTGAAGACAGG,1
AGGCGAAATAGAATGA,1
AGGCGAAATTAACCTG,1
AGGCGAACATTATCGA,1
AGGCGAATAGAACATG,1
AGGCGAATGTCTTAGA,1
AGGCGACCAGCGAGTA,1
AGGCGACCCACTATGA,1
AGGCGACCCCTGGGCA,1
AGGCGACCTAAACATA,1
AGGCGAGATTGGTTTG,1
AGGCGAGGATGCGAAT,1
AGGCGATCGAATTACA,1
AGGCGATTTCAAACGC,1
AGGCGCAATTCTGGCG,1
AGGCGCATTACCGCGA,1
AGGCGCCAAGCAATGT,1
AGGCGCCAGTTGACGC,1
AGGCGCCATGACATCT,1
AGGCGCCCGAAAGGCC,1
AGGCGCCTCCCTCCAT,1
AGGCGCGATACTTAGT,1
AGGCGCGGGACCTATC,1
AGGCGCGTTTTGTAAG,1
AGGCGCTATAACGAGA,1
AGGCGCTCCCCCATAA,1
AGGCGCTGGACCGATC,1
AGGCGGAGGGACGAGT,1
AGGCGGATCTAAGTTT,1
AGGCGGCGACAACGTC,1
AGGCGGTAATTTAAGT,1
AGGCGGTACTCAAACA,1
AGGCGTAACAGCGAAT,1
AGGCGTAAGAAAGAAA,1
AGGCGTACGATTAAAC,1
AGGCGTAGAGATGAAA,1
AGGCGTCATCTTAAAT,1
AGGCGTCCGATTAAAA,1
AGGCGTCCGATTAGAC,1
AGGCGTGAGACAGAAA,1
AGGCGTGCGAGCTCGA,1
AGGCGTTACACGAAAA,1
AGGCGTTACGTGCTTT,1
AGGCGTTGAATTAACA,1
AGGCTAAAACTGCAAC,1
AGGCTAAACCCACGGT,1
AGGCTAACAATTAGAG,1
AGGCTAAGCTAAACAC,1
AGGCTAATCATCAACC,1
AGGCTACCGTGTACCC,1
AGGCTACTACTGGATA,1
AGGCTACTGCTGGAGA,1
AGGCTAGAAAACTTGA,1
AGGCTAGCACAGGTGC,1
AGGCTCAACACTTTCC,1
AGGCTCACCTTTACAC,1
AGGCTCAGACACTATA,1
AGGCTCCAGTGGACGC,1
AGGCTCCCGCTAAATG,1
AGGCTCGAACATCAAC,1
AGGCTCGGGACCGATC,1
AGGCTCTAATTTTCTT,1
AGGCTCTACGACTTAA,1
AGGCTCTTAAGAGGCG,1
AGGCTCTTGAGAGGCA,1
AGGCTCTTGAGAGGCT,1
AGGCTGACACCACAAA,1
AGGCTGACCAGAAAGA,1
AGGCTGAGCACGAGAC,1
AGGCTGAGTAAAGTGA,1
AGGCTGATCCTTTCTA,1
AGGCTGATTTTAAAAA,1
AGGCTGCTAAATACGG,1
AGGCTGCTACTGGAGA,1
AGGCTGTAACTTGAAT,1
AGGCTGTATGGATAAA,1
AGGCTGTCGTAGATTC,1
AGGCTGTGTTAAGATA,1
AGGCTGTTAAAATCCA,1
AGGCTGTTGAAGATTC,1
AGGCTTAAAATCAACT,1
AGGCTTAATTGCGGCA,1
AGGCTTAGACGCCGCA,1
AGGCTTAGCTAAACCG,1
AGGCTTCTCTACTCCT,1
AGGCTTGCACAGAAAT,1
AGGCTTGCAGATCAAA,1
AGGCTTGCCCATAAAT,1
AGGCTTTAAAGAAATG,1
AGGCTTTTAATACCAG,1
AGGGAAAAACGTAGTT,1
AGGGAAACACATAAAA,1
AGGGAAACGAAAAACG,1
AGGGAAAGTAATAAAA,1
AGGGAAATAGGTCAAT,1
AGGGAAATTTAAAGCA,1
AGGGAAATTTAACGAA,1
AGGGAACATTGCTAAG,1
AGGGAACCAAAAAAAA,1
AGGGAACTAAACTCCT,1
AGGGAACTCTAAAGCA,1
AGGGAACTCTAAATAC,1
AGGGAACTGTAAAGCA,1
AGGGAACTTTAAAGCC,1
AGGGAACTTTAAATCA,1
AGGGAAGCTGGCTAGC,1
AGGGAATAATCAGAAC,1
AGGGAATACGACCCAT,1
AGGGAATATCAAATGT,1
AGGGAATCCTGTTAAA,1
AGGGAATCGGAAAATA,1
AGGGACAAAGATCACT,1
AGGGACAAATACTTTC,1
AGGGACAACCCTAGGG,1
AGGGACAATTCTGGCG,1
AGGGACACATTCAGTT,1
AGGGACACCGCAAGCG,1
AGGGACAGAAGAGTAT,1
AGGGACAGCGTATGAG,1
AGGGACAGGCGGTATG,1
AGGGACAGTCCTAAGA,1
AGGGACCCATTCGCAA,1
AGGGACCCTGCGAGGA,1
AGGGACCTCCCACCTT,1
AGGGACGATAATTAAT,1
AGGGACTAAAAAGAAT,1
AGGGACTAGGAAAATA,1
AGGGACTATACTCTAA,1
AGGGACTATCAGAGTA,1
AGGGACTCAGATGTAT,1
AGGGACTCGAAAAATA,1
AGGGACTCTAGTGAGG,1
AGGGACTTTAGTGCGG,1
AGGGACTTTTTTGGTA,1
AGGGAGAAATACCAGA,1
AGGGAGAGGAATCCCA,1
AGGGAGCGACTAGAAT,1
AGGGAGCGAGCCTATA,1
AGGGAGCGGGCCTATA,1
AGGGAGCGTACCTATA,1
AGGGAGCGTTCCTATA,1
AGGGAGCTAAATTAAA,1
AGGGAGCTAAGTTAAA,1
AGGGAGCTCACACTAA,1
AGGGAGCTTGCCTATA,1
AGGGAGCTTTAAATGA,1
AGGGAGGCTTCCAATG,1
AGGGAGGTACCGGTTA,1
AGGGAGTCTGCAACCA,1
AGGGATAACTCTTGCT,1
AGGGATAAGTAGCCAA,1
AGGGATACGTTCAGTT,1
AGGGATCAACCTCAGA,1
AGGGATCTAACTTAAA,1
AGGGATCTTGTCGGCT,1
AGGGATGGTTCTGAAG,1
AGGGATTAAGGAAGTC,1
AGGGATTACGAGAATT,1
AGGGATTCATTGCTTG,1
AGGGCAAAAACATCGC,1
AGGGCAAACAGCTAAA,1
AGGGCAAATCAAGAAA,1
AGGGCAAATTAAACGA,1
AGGGCAAATTAAGTTA,1
AGGGCAACTTAAAAGA,1
AGGGCAAGACGCAACT,1
AGGGCAAGTTGAAAAG,1
AGGGCACATGCACGAG,1
AGGGCACCAAGGCCTC,1
AGGGCACCAAGTAAGA,1
AGGGCACGAGACAATT,1
AGGGCACTCTAAATAT,1
AGGGCACTCTTGAAAC,1
AGGGCAGAAGCAATGC,1
AGGGCAGCCAATCGTC,1
AGGGCAGCCTCCCGCA,1
AGGGCATACAGCCGAA,1
AGGGCATATTCCCTCC,1
AGGGCATCGCGGTGAT,1
AGGGCATCTGGAAATT,1
AGGGCCAACAGATAAA,1
AGGGCCAACAGCTAAG,1
AGGGCCAACAGCTTAA,1
AGGGCCAACAGGTAAA,1
AGGGCCAACATCTAAA,1
AGGGCCAAGAGCTAAA,1
AGGGCCACAGTCAAGG,1
AGGGCCAGAAAACATG,1
AGGGCCATACGCAACT,1
AGGGCCATACGCGCAC,1
AGGGCCCATTAATATA,1
AGGGCCCCCTTGAAAC,1
AGGGCCCGTACTAAAG,1
AGGGCCCTATTGAAAC,1
AGGGCCCTCTCGAAAC,1
AGGGCCGCCAATCTTC,1
AGGGCCGGACGCAACT,1
AGGGCCGGATTTGTCA,1
AGGGCCTAGGAGAGTT,1
AGGGCCTATATGCCCA,1
AGGGCCTCCTTTATAT,1
AGGGCCTCGAAACATT,1
AGGGCCTTAATTAATT,1
AGGGCCTTAGCAAGTA,1
AGGGCCTTTGCGAGTA,1
AGGGCCTTTGCTAGTA,1
AGGGCCTTTTCAAGTA,1
AGGGCGAAACACCTCT,1
AGGGCGATTAACTAGA,1
AGGGCGCTACAAGACG,1
AGGGCGGTACAACCTC,1
AGGGCGTATTCGAACC,1
AGGGCGTTAGGCATAT,1
AGGGCTATAATATTTC,1
AGGGCTCACAACTAGA,1
AGGGCTCTCTTATACC,1
AGGGCTGAACTTCATC,1
AGGGCTGCATACCGTA,1
AGGGCTGGACCTAAAT,1
AGGGCTGTTACTTATC,1
AGGGCTTGAGTATAAT,1
AGGGGAAATACACAAG,1
AGGGGAAATGATGCGA,1
AGGGGAACATACCCAA,1
AGGGGAAGTTAGAATG,1
AGGGGAATACATTTGT,1
AGGGGAATCAAAGTTA,1
AGGGGACAACATGCAT,1
AGGGGACATTGCTCAG,1
AGGGGACCACCATAAT,1
AGGGGACCCACAATAC,1
AGGGGACCTAAACAAA,1
AGGGGACGACATACTA,1
AGGGGACGAGGGCAAA,1
AGGGGAGGCAAATGGA,1
AGGGGCAAAAGAACTG,1
AGGGGCACATCAATAA,1
AGGGGCAGGAGTTTGA,1
AGGGGCATATGCAACA,1
AGGGGCATCCACGCGC,1
AGGGGCCAGTTTCTAC,1
AGGGGCCAGTTTGTAA,1
AGGGGCGTACTACCAT,1
AGGGGCTCCACATATC,1
AGGGGCTCTAGTGCGG,1
AGGGGCTTAACCGAAG,1
AGGGGGAAAGTGCGAA,1
AGGGGGAATCAACTTA,1
AGGGGGACCACATATA,1
AGGGGGACGGACAGTT,1
AGGGGGAGTGTGTAGG,1
AGGGGGCACCTGAGTG,1
AGGGGGCCCCTTAGTG,1
AGGGGGCGACATATTA,1
AGGGGGGCCCTGAGTG,1
AGGGGGGCCTCGTGAA,1
AGGGGGGGCCCGACCT,1
AGGGGGGTGATAAAAG,1
AGGGGGTCGCATCATA,1
AGGGGTAAGACAGAAA,1
AGGGGTAATCTTCATT,1
AGGGGTACACTAGGCA,1
AGGGGTAGACCAACAA,1
AGGGGTAGTGGGAAAA,1
AGGGGTATAGACTAGC,1
AGGGGTATCCCACTAG,1
AGGGGTCCCCCCTACC,1
AGGGGTCTCTGGTCAA,1
AGGGGTGATACTAAAG,1
AGGGGTGTAGATGGGG,1
AGGGGTTCTCACTTAA,1
AGGGGTTTAATCCCTT,1
AGGGGTTTGATATTGC,1
AGGGTAAAAAACATCG,1
AGGGTAACAACTTCAA,1
AGGGTAACGATTTCAA,1
AGGGTAACTAGGGCTC,1
AGGGTACAAAACATTT,1
AGGGTACAGCTGAGCA,1
AGGGTACCATACCCAA,1
AGGGTACCTAGTGCTC,1
AGGGTACTAAACGAAA,1
AGGGTACTATACCCAA,1
AGGGTAGAATTCCGTC,1
AGGGTAGGAAGAGTCA,1
AGGGTAGGAAGATTCA,1
AGGGTATACTCCTAGC,1
AGGGTATTAAACGCGA,1
AGGGTCACAAAATTAT,1
AGGGTCCCAAAGGCTG,1
AGGGTCCCCTGAAGTT,1
AGGGTCCTCTAGACAT,1
AGGGTCCTTTGAGATA,1
AGGGTCGAACTCGATC,1
AGGGTCTGGACAACTG,1
AGGGTGAAAAGTACAC,1
AGGGTGAGCACGATAC,1
AGGGTGAGCACTAGAC,1
AGGGTGAGCGCGAGAC,1
AGGGTGAGGACGAGAC,1
AGGGTGATCACGAGAC,1
AGGGTGATTCTGTGCA,1
AGGGTGATTTGATTGG,1
AGGGTGCTCAATACGC,1
AGGGTGGAGGCAAACA,1
AGGGTGGAGTCAAACC,1
AGGGTGGCATTGCCAT,1
AGGGTGGTCTATCTAA,1
AGGGTGTAGGCAAACC,1
AGGGTGTATGAAATTG,1
AGGGTTAGAGATAATC,1
AGGGTTCAGTGACAGA,1
AGGGTTGCAGTTCAAA,1
AGGGTTGCCCACTGTC,1
AGGGTTGGAACCTCTA,1
AGGGTTGGAGATCAAA,1
AGGGTTTACAAAAAGG,1
AGGGTTTAGAAAAAAG,1
AGGGTTTAGTAACAGA,1
AGGGTTTAGTGAGAGA,1
AGGGTTTAGTTACAGA,1
AGGGTTTCAGATCAAA,1
AGGTAAAAATACAGAG,1
AGGTAAAAATGACCAA,1
AGGTAAAATGATGCGA,1
AGGTAAACAACTAAAA,1
AGGTAAACCGGGTATC,1
AGGTAAAGAAATACAT,1
AGGTAAAGGAAGTACG,1
AGGTAAAGGCCTTAGG,1
AGGTAACACATTTTGG,1
AGGTAACCGGGGTGCA,1
AGGTAACCTATCTCTA,1
AGGTAACTAGAAGTCG,1
AGGTAACTTATCATAA,1
AGGTAAGAGATGAAAC,1
AGGTAAGATGAAGAAG,1
AGGTAAGCCATATGTT,1
AGGTAAGCGGAAGAAG,1
AGGTAAGCTGAAGGAG,1
AGGTAAGCTGATGAAG,1
AGGTAAGTCTTATAAT,1
AGGTAAGTGAACACTA,1
AGGTAAGTGACGAGCT,1
AGGTAATAACGAAGGC,1
AGGTAATAAGTCTGTC,1
AGGTAATAATGGTTAA,1
AGGTAATCATCAACCC,1
AGGTAATCCTTGTAAC,1
AGGTAATCTGAAGAAG,1
AGGTAATTCGAAATAT,1
AGGTAATTGCCTACCC,1
AGGTAATTTATTCGCA,1
AGGTACAAATAGACTA,1
AGGTACAACGAGGAGT,1
AGGTACACACACACAC,1
AGGTACACTGATTGAA,1
AGGTACCAATGGAATT,1
AGGTACCAGTGAGATT,1
AGGTACCAGTGGAGTT,1
AGGTACCATTTAGTAA,1
AGGTACCCAAAGATCG,1
AGGTACCCTCATTCAG,1
AGGTACCTCAACACAG,1
AGGTACTCTCCAATGA,1
AGGTACTTTATTCGAA,1
AGGTACTTTATTCGTA,1
AGGTACTTTATTCTCA,1
AGGTAGAAAATGTACC,1
AGGTAGACAAATGACA,1
AGGTAGACTGTCATAA,1
AGGTAGAGATGTCAAT,1
AGGTAGATACGTACTG,1
AGGTAGATCTACACTA,1
AGGTAGCAAAGACCAG,1
AGGTAGCAATAAAGTT,1
AGGTAGCATATGATTA,1
AGGTAGCGAAAAGAAC,1
AGGTAGCGAGGATAAG,1
AGGTAGCGGAAGTACG,1
AGGTAGCTAAAACGAT,1
AGGTAGGCGCAAGGTC,1
AGGTAGGTGTACGACG,1
AGGTAGTAGAATGCTA,1
AGGTAGTAGTGCATAG,1
AGGTAGTCTCAAGCAC,1
AGGTATAAAACAATTG,1
AGGTATAATAAGTATA,1
AGGTATAATATAGCTA,1
AGGTATCAGGCTAACA,1
AGGTATCGCCGCCTAC,1
AGGTATCTAACGATAC,1
AGGTATGAAAATTACA,1
AGGTATGAGACAACTG,1
AGGTATGCACGTAAAA,1
AGGTATTAAGAACCAT,1
AGGTATTACCTCTAGA,1
AGGTATTATCCGAACC,1
AGGTATTATGACTTAG,1
AGGTATTATTGGAACC,1
AGGTATTCAGCTATAA,1
AGGTATTTTGAAATTA,1
AGGTCAAAATCTGTCA,1
AGGTCAACCCCTATCC,1
AGGTCAACGAAGGTTA,1
AGGTCAAGAATCCACA,1
AGGTCAAGGTCCGGAT,1
AGGTCAATAAGGACAA,1
AGGTCACCAGTCAAGG,1
AGGTCACCGAGGGCGT,1
AGGTCACCGGTCCAAA,1
AGGTCACTCTACAAGT,1
AGGTCAGAAAAAAATG,1
AGGTCAGAGAATTCCT,1
AGGTCATACAAACACA,1
AGGTCCACCAGTTCAC,1
AGGTCCACGAGGGCGT,1
AGGTCCACGCAATGAA,1
AGGTCCACGGCGGATT,1
AGGTCCAGACGCAACT,1
AGGTCCCAGAGGGCGT,1
AGGTCCCCGAGGGAGT,1
AGGTCCCCTTACCTGA,1
AGGTCCCTCGGATCAC,1
AGGTCCGATTCTGAGG,1
AGGTCCTTCGAATCAC,1
AGGTCGATACATACTG,1
AGGTCGATACCTACTG,1
AGGTCGATACGTACTA,1
AGGTCGATACGTACTT,1
AGGTCGATGATAGCCT,1
AGGTCGATTGCTGCGC,1
AGGTCGCGTTAATAGG,1
AGGTCGGATTGATTGG,1
AGGTCGTCCAAAAAGA,1
AGGTCTAACCCTATTA,1
AGGTCTACCATCAGGC,1
AGGTCTAGAACACACG,1
AGGTCTATACGTACTG,1
AGGTCTATATAATATT,1
AGGTCTCCATCTTGAC,1
AGGTCTGTTAACGCCC,1
AGGTCTTAAACAATAA,1
AGGTCTTGAGCTCATG,1
AGGTCTTGTGCAACAC,1
AGGTGAAAAGATGCGA,1
AGGTGAAAGTAACCTG,1
AGGTGAAATGACGCGA,1
AGGTGAAATGATGTGA,1
AGGTGAAATGATTCGA,1
AGGTGAAATTAGCCTG,1
AGGTGAACGGGCAAGT,1
AGGTGACAGATTAGCA,1
AGGTGACATGCCTACA,1
AGGTGACGCCCATGGA,1
AGGTGACTAATAAAAC,1
AGGTGAGATGATGCGA,1
AGGTGAGATTAACCTG,1
AGGTGAGATTTTTAAC,1
AGGTGAGTAATACGCT,1
AGGTGAGTAGTAAGCT,1
AGGTGAGTAGTACACT,1
AGGTGAGTAGTACGCC,1
AGGTGAGTAGTATGCT,1
AGGTGAGTATTACGCT,1
AGGTGATCAACTTCTC,1
AGGTGCACAGAACTGC,1
AGGTGCACCACAAACA,1
AGGTGCACTAAAAACA,1
AGGTGCACTACAAGCA,1
AGGTGCACTAGAAACA,1
AGGTGCAGTCAGCTTC,1
AGGTGCATTACAAACA,1
AGGTGCCAAGTGCTAG,1
AGGTGCCAATCACGAC,1
AGGTGCCAATGGAGTT,1
AGGTGCCTGGTAAGGC,1
AGGTGCGCTACAAACA,1
AGGTGCGTCTAATGAG,1
AGGTGCTAAAACAGCC,1
AGGTGCTACAATCATC,1
AGGTGCTCGACTTCTC,1
AGGTGCTGTAGAAGGT,1
AGGTGCTGTATACGGT,1
AGGTGGAAGAACCATA,1
AGGTGGAAGGACCCTG,1
AGGTGGAATAGTCAGC,1
AGGTGGAATGACCATA,1
AGGTGGAGGAACGAGT,1
AGGTGGCAATTCAAAG,1
AGGTGGCAATTCAACT,1
AGGTGGCCTCATCCCG,1
AGGTGGGCAGACTGCT,1
AGGTGGTAATTCAACG,1
AGGTGGTATGACTTAG,1
AGGTGGTTGACTAAGA,1
AGGTGTAACTTTAAAC,1
AGGTGTAATCTTAAAT,1
AGGTGTACTACAAACA,1
AGGTGTATTAAGAGAG,1
AGGTGTCAGAGAATTC,1
AGGTGTCATGCGCACT,1
AGGTGTCCCTATCCCA,1
AGGTGTCGAAGCAAGA,1
AGGTGTCGATGTGCAG,1
AGGTGTCGCTAGCGAG,1
AGGTGTGAAGTGTTGC,1
AGGTGTGCACGCATCC,1
AGGTGTTATTCGAACC,1
AGGTGTTTATTTAAAA,1
AGGTTAAAATGTCTAG,1
AGGTTAAAATTATCGC,1
AGGTTAAAGAGACGAC,1
AGGTTAAATCTACTTT,1
AGGTTAACTCCATGTA,1
AGGTTAAGAGCATAAG,1
AGGTTAAGATGGAGAG,1
AGGTTAAGGACATATG,1
AGGTTAAGTTCTCACT,1
AGGTTAATTGCATAAG,1
AGGTTACAGAGACGAA,1
AGGTTACAGAGACGAG,1
AGGTTACAGAGACTAC,1
AGGTTACAGATACGAC,1
AGGTTACATTACATAG,1
AGGTTACCCAATCAAC,1
AGGTTACCCCTTTTAG,1
AGGTTAGACAATAATA,1
AGGTTAGATCGCAATC,1
AGGTTAGCGTCTGTAT,1
AGGTTAGCTAGGGCCA,1
AGGTTAGGAGTACACA,1
AGGTTATCGGCAACTA,1
AGGTTATGAAACTACA,1
AGGTTATTGATGTCAA,1
AGGTTCACAAGAATAA,1
AGGTTCACGGTTTTAA,1
AGGTTCATACACTTAG,1
AGGTTCATGAATAACT,1
AGGTTCCCGTCACATA,1
AGGTTCCTAGAACGAA,1
AGGTTCGCCCTCAATA,1
AGGTTCTAAGCCGTGA,1
AGGTTCTGATAAATGA,1
AGGTTCTGTAGACAAG,1
AGGTTCTTTACATCTG,1
AGGTTGATACAGTTCC,1
AGGTTGATGTAGTTCC,1
AGGTTGCGATACCACT,1
AGGTTGCGATACCGAT,1
AGGTTGCGATACCTCT,1
AGGTTGCGATGCCGCT,1
AGGTTGCTACACTTCT,1
AGGTTGCTACATTAGT,1
AGGTTGCTATACCGCT,1
AGGTTGGCCGTCGCCG,1
AGGTTGTCTAACGACC,1
AGGTTGTTATAGGTTA,1
AGGTTTAAGGCTGAAC,1
AGGTTTACCAAGTCCT,1
AGGTTTAGCAGCCTAA,1
AGGTTTGCAATACATG,1
AGGTTTTAGAACACAC,1
AGGTTTTATAACCCAC,1
AGGTTTTGACAATAAT,1
AGGTTTTTAATTAACG,1
AGGTTTTTACCAGACT,1
AGGTTTTTACGAGACT,1
AGGTTTTTTCAACATA,1
AGTAAAAACAATTACC,1
AGTAAAAACCGAAGTA,1
AGTAAAAACCGAAGTC,1
AGTAAAAAGACATAGA,1
AGTAAAAAGTCCACCA,1
AGTAAAAATAGCCACT,1
AGTAAAAATATACTAA,1
AGTAAAAATCATTATC,1
AGTAAAAATGGAATCC,1
AGTAAAACCATTGAAC,1
AGTAAAACTATTGAAG,1
AGTAAAACTTGTTAAT,1
AGTAAAAGATACCCTA,1
AGTAAAATAATAATAC,1
AGTAAAATACGCTCAT,1
AGTAAAATAGCCGCTA,1
AGTAAAATATAGAGAA,1
AGTAAAATGTCTGACG,1
AGTAAAATGTCTTGTA,1
AGTAAACAAACTAAGA,1
AGTAAACACCATTCTA,1
AGTAAACGGTACCGAA,1
AGTAAACGTCGTAAAA,1
AGTAAACTAAAAGAAT,1
AGTAAACTAACTTCAC,1
AGTAAACTAATACACA,1
AGTAAAGAGGTAAGGT,1
AGTAAAGATCAAACAG,1
AGTAAAGCAAGAAACT,1
AGTAAAGCATGTAAAA,1
AGTAAAGCGGAATGTG,1
AGTAAAGCTCATGTAC,1
AGTAAAGGGACCTTTT,1
AGTAAAGGTTAAAGTT,1
AGTAAAGTTAAATGAA,1
AGTAAATAAGTCCATA,1
AGTAAATATAAGGAAC,1
AGTAAATATAATATTG,1
AGTAAATCAAAAGCCT,1
AGTAAATCAACATCTT,1
AGTAAATCCATGGCCG,1
AGTAAATCCCAGCGAC,1
AGTAAATCCCCCACAG,1
AGTAAATTAGGGTATA,1
AGTAAATTGGTAATTA,1
AGTAAATTGTTACTTA,1
AGTAAATTTAATAAAG,1
AGTAAATTTAATAATG,1
AGTAAATTTATTTCCG,1
AGTAACAAAAGATGCG,1
AGTAACAAACTTACGT,1
AGTAACAAAGATGGAC,1
AGTAACAAAGATGGCA,1
AGTAACAAAGATGGCG,1
AGTAACAAAGATGGCT,1
AGTAACAAAGATGGTC,1
AGTAACAAAGATTGCC,1
AGTAACAACACGAAGA,1
AGTAACAACAGATGCC,1
AGTAACAAGAGATGCG,1
AGTAACAAGCCATTGC,1
AGTAACAAGGATGGCC,1
AGTAACAATTAAATTA,1
AGTAACACATAAATCC,1
AGTAACACGTAGAGCA,1
AGTAACACGTTCCAGT,1
AGTAACACTACTCCCG,1
AGTAACACTTAGAGAA,1
AGTAACACTTATAGCA,1
AGTAACATGATATGTT,1
AGTAACATGCTGATCA,1
AGTAACCAAAATTATC,1
AGTAACCAATCTTATA,1
AGTAACCATACACAGA,1
AGTAACCCAAACAAAT,1
AGTAACCCCAAAAGTG,1
AGTAACCCCACGGGAA,1
AGTAACCCGTTCCAGC,1
AGTAACCCTATAGGCA,1
AGTAACCCTTTCCAGT,1
AGTAACCGGAACGCGG,1
AGTAACCGGCGGGTAG,1
AGTAACCTTAAGGCGC,1
AGTAACGAACCTAAGA,1
AGTAACGAAGATGGCC,1
AGTAACGATAAAGTCT,1
AGTAACGCACGTCCCT,1
AGTAACGCAGTAGTAT,1
AGTAACGGACGGGTAG,1
AGTAACGGGCGGTTAG,1
AGTAACGGGGCAGAAA,1
AGTAACTAACAGGATA,1
AGTAACTAACTTCTAT,1
AGTAACTAGCCACTGC,1
AGTAACTATTGAGGGA,1
AGTAACTCTTAGAGCA,1
AGTAACTGAAAATTTC,1
AGTAACTGAATCGCTA,1
AGTAACTGCAGGGTGA,1
AGTAACTGGCTAATAA,1
AGTAACTTAAAAATTG,1
AGTAACTTAGGGTAAA,1
AGTAACTTGGCCAAAT,1
AGTAACTTGGGGGATC,1
AGTAACTTGGGGTATA,1
AGTAACTTTAACCAAG,1
AGTAAGAAAGATGGCC,1
AGTAAGAACACAACTA,1
AGTAAGAACGAATTCC,1
AGTAAGAACGGACCCC,1
AGTAAGACGGCCTAGA,1
AGTAAGACTATTGAAC,1
AGTAAGATAAAAGTAT,1
AGTAAGATATAAAGAA,1
AGTAAGATGAGCTACT,1
AGTAAGATGTCTTGTA,1
AGTAAGCAAGTAATCA,1
AGTAAGCATACTTTAA,1
AGTAAGCCAAAGCAAC,1
AGTAAGCCAGTAATAA,1
AGTAAGCCAGTGATCA,1
AGTAAGCCCTAGAAGT,1
AGTAAGCCGTTCACAT,1
AGTAAGCTACTAGAAA,1
AGTAAGCTCTGGCTAA,1
AGTAAGGAGACTAATC,1
AGTAAGGATGTGAAGA,1
AGTAAGGATGTTACGA,1
AGTAAGGCAAGAAACT,1
AGTAAGGCACTTTTAG,1
AGTAAGGCTACTAATC,1
AGTAAGTAAAGCCCCT,1
AGTAAGTAACCCACCC,1
AGTAAGTCACTTTGAG,1
AGTAAGTCCGAGGGTA,1
AGTAAGTCGACTAATC,1
AGTAAGTGAAAGGCCA,1
AGTAAGTGCTGTAAAA,1
AGTAAGTGGTCTAAAA,1
AGTAAGTTAAGAGTCC,1
AGTAAGTTAATAGTGC,1
AGTAATAAACGATGCC,1
AGTAATAAATCATGAT,1
AGTAATAAGTTATAAA,1
AGTAATAATTAAATCA,1
AGTAATACAGTGATAG,1
AGTAATACCAGATATT,1
AGTAATACCAGGTTTT,1
AGTAATACCATAACTT,1
AGTAATACTGGCTAAC,1
AGTAATAGAATGCCAA,1
AGTAATAGAATGTAAA,1
AGTAATAGAGAATACT,1
AGTAATAGTGAGGCGT,1
AGTAATATAAAACTGA,1
AGTAATATCCCTAAAA,1
AGTAATATCGTTAAAA,1
AGTAATATTAATCATA,1
AGTAATCAAACGGAGT,1
AGTAATCAAGTTCTTT,1
AGTAATCATCATCACA,1
AGTAATCCAAGCCTGA,1
AGTAATCCAGTAATCA,1
AGTAATCCATGTTGTT,1
AGTAATCGGGGAAGCC,1
AGTAATCGTGTGTCAA,1
AGTAATCTAATCGACG,1
AGTAATCTACCCCTTC,1
AGTAATCTAGTCCCCT,1
AGTAATCTAGTCGCCA,1
AGTAATCTCGTACGCA,1
AGTAATCTGCGAAGCC,1
AGTAATGCCTCCGATG,1
AGTAATGCGACTAATC,1
AGTAATGCTCTAAAAA,1
AGTAATGTAGGAACAA,1
AGTAATTAAAAAAAGT,1
AGTAATTAAAGCCAAG,1
AGTAATTATAGGTGTT,1
AGTAATTATCGTACAC,1
AGTAATTCTAAGTGAT,1
AGTAATTCTTTGTACA,1
AGTAATTGTAAATGAT,1
AGTAATTTAGGGTATA,1
AGTACAAAAACTTCCC,1
AGTACAAAATACACTT,1
AGTACAAACATTTAAT,1
AGTACAAATGTATATA,1
AGTACAACACCAACAG,1
AGTACAACCAAATCCA,1
AGTACAACCGATATGG,1
AGTACAAGACAACCAA,1
AGTACAATCCAGTGAC,1
AGTACAATTTTGCTAG,1
AGTACACAAAAGATAA,1
AGTACACAAACACCCA,1
AGTACACACAAACCCA,1
AGTACACACACACACA,1
AGTACACACACACCAA,1
AGTACACACGTCGTAT,1
AGTACACATCGGTACA,1
AGTACACCCACCCGAG,1
AGTACACGAGGAGGTG,1
AGTACACGCCATAAGA,1
AGTACACGGCCATAAC,1
AGTACAGAAGAAGATC,1
AGTACAGCAGAATGTG,1
AGTACAGCAGTAAGAT,1
AGTACAGGCAAAGGAA,1
AGTACAGGCAAGCGAA,1
AGTACAGGGAAACGAA,1
AGTACAGGTAAACGAA,1
AGTACAGTGTCTGACT,1
AGTACAGTGTCTGATG,1
AGTACAGTGTCTGGCG,1
AGTACATAAGTAAGAG,1
AGTACATAATGTAGTG,1
AGTACATACGTAACAA,1
AGTACATAGAAACATC,1
AGTACATAGGGGTAAA,1
AGTACATCGAATCCAT,1
AGTACATCTAAAATTA,1
AGTACATCTCTTTGTA,1
AGTACATGAAAATGAG,1
AGTACCAAAAATTATA,1
AGTACCAAAAGAGGTT,1
AGTACCAAACATACCG,1
AGTACCAAAGATGGCC,1
AGTACCAACACACTGA,1
AGTACCAACTAGACAC,1
AGTACCAACTAGACCA,1
AGTACCAACTAGATCC,1
AGTACCAAGTAGACCC,1
AGTACCAATGCCAAAC,1
AGTACCACATGTCGAA,1
AGTACCACATTCTGGG,1
AGTACCAGGGACAGGA,1
AGTACCATAAACAACC,1
AGTACCATACTTGACT,1
AGTACCATAGACAGGA,1
AGTACCCAACCTAGGA,1
AGTACCCACAGTAATA,1
AGTACCCAGTAGAACC,1
AGTACCCATCTCGAAC,1
AGTACCCCTAACGAGG,1
AGTACCCGTACTCACT,1
AGTACCCTCCGTCTAA,1
AGTACCGGGAAAAAAT,1
AGTACCTAGACCAGAA,1
AGTACCTCAATAGAAG,1
AGTACCTCGAAACATT,1
AGTACCTCTAACTAGG,1
AGTACCTGCTACAATC,1
AGTACCTTTATATAAT,1
AGTACGCAAGAACGTC,1
AGTACGCAGGACCGTC,1
AGTACGCCCCCCGTGT,1
AGTACGCTTCCCGACA,1
AGTACGGCGAAGAGAA,1
AGTACGGGCAGGGACA,1
AGTACGGGCGATTACA,1
AGTACGTAACTGGAAA,1
AGTACGTAAGCTAAAT,1
AGTACGTCAACATCTT,1
AGTACGTCATAACAAA,1
AGTACGTCGTAGCAAA,1
AGTACGTGGGCTTCTC,1
AGTACTAAAAAGTAAA,1
AGTACTAACGGTATGT,1
AGTACTAGCAAAACTT,1
AGTACTAGGTAAAAAT,1
AGTACTATACAAATAA,1
AGTACTATACAAATTA,1
AGTACTATACATATCA,1
AGTACTATGAAACATA,1
AGTACTATGACTCATA,1
AGTACTATGCTCAATA,1
AGTACTCAACATAGAA,1
AGTACTCAATACTTAC,1
AGTACTCATACTATAA,1
AGTACTCATATCTGTC,1
AGTACTCCCCTTAAAT,1
AGTACTCCTAATCCGA,1
AGTACTCGACACAATT,1
AGTACTCTAAAGAAAT,1
AGTACTCTACCTCGTA,1
AGTACTCTACTCGTTA,1
AGTACTTAAAAAAAGT,1
AGTACTTAATCCCATG,1
AGTACTTACTAACGTA,1
AGTACTTACTCCCATA,1
AGTACTTAGTCCCATG,1
AGTACTTATAATATAA,1
AGTACTTATACTATGA,1
AGTACTTCAGGAGCCC,1
AGTACTTCGTAACAAA,1
AGTACTTGCAGGACAG,1
AGTACTTGTACTAAAA,1
AGTACTTTAGAAGCCC,1
AGTAGAAAGGACTCAT,1
AGTAGAAATCCCGCGA,1
AGTAGAACAGGACACC,1
AGTAGAACCCCCTTGT,1
AGTAGAACCGATTTGG,1
AGTAGAACGAGGATCT,1
AGTAGAAGAAACCTAT,1
AGTAGAAGCGAGCAAC,1
AGTAGAATACCTCCAT,1
AGTAGAATACGAAGGC,1
AGTAGAATCACAATAA,1
AGTAGAATCACTCCAT,1
AGTAGAATCCCCTTTT,1
AGTAGAATCTAAATAA,1
AGTAGAATGTCAATAA,1
AGTAGACAACACCTAA,1
AGTAGACAATGACTAA,1
AGTAGACCTCTGGCCA,1
AGTAGACCTTATTGAC,1
AGTAGACGCGTGCACT,1
AGTAGACGCTTGCATT,1
AGTAGACTCAGATGGG,1
AGTAGACTCCCCCCAA,1
AGTAGACTCCCTCCAG,1
AGTAGACTCCCTCCCA,1
AGTAGACTCCCTCCCT,1
AGTAGACTCCCTCGAT,1
AGTAGACTCCCTGCGT,1
AGTAGACTGAATGGTA,1
AGTAGACTGAGAAAGT,1
AGTAGAGCAGGGCCAA,1
AGTAGAGCAGGGCCTA,1
AGTAGAGGCGTGCATT,1
AGTAGATATCCTGTAC,1
AGTAGATCAGGGCCCA,1
AGTAGATCGTTGATCG,1
AGTAGATGAAAACAAT,1
AGTAGATGGTATTAAC,1
AGTAGATGGTCTCAAA,1
AGTAGATGTAACTACA,1
AGTAGCAAACTTTAAA,1
AGTAGCAAATATATTT,1
AGTAGCACAAAGTGAT,1
AGTAGCACAGCAGGCA,1
AGTAGCATGGGACGCA,1
AGTAGCATTAAAGAGG,1
AGTAGCCAACGGGATA,1
AGTAGCCCAGTGGGTC,1
AGTAGCCCCGTGGGTA,1
AGTAGCCGAGCTGATA,1
AGTAGCCTCCCTCCAT,1
AGTAGCGAATAACACA,1
AGTAGCTCCAAGACCG,1
AGTAGCTTTTCCTGCT,1
AGTAGGAACCGACAGG,1
AGTAGGAATTTTTGAG,1
AGTAGGACTGCTGTAC,1
AGTAGGCCCATACAAC,1
AGTAGGCCTTCCACTT,1
AGTAGGCTTACTGGTT,1
AGTAGGTACTGAGTAA,1
AGTAGTAAAGATAGAA,1
AGTAGTAAAGGTTTAT,1
AGTAGTAAGCCCCAAA,1
AGTAGTACCACTCGTA,1
AGTAGTACCCAGACCG,1
AGTAGTAGTTGAATAA,1
AGTAGTATAAATCCCC,1
AGTAGTATAACCATCC,1
AGTAGTATGTTATAGC,1
AGTAGTATTCACCCTA,1
AGTAGTCATTTCAAAA,1
AGTAGTCTCCCTCCAT,1
AGTAGTCTTATAGATA,1
AGTAGTGAAATTAGTG,1
AGTAGTGAAGAAAGAA,1
AGTAGTGAATTTTATC,1
AGTAGTGATCTCTGTA,1
AGTAGTGCTATTACAA,1
AGTAGTGTAGTAAACT,1
AGTAGTTATAAAACTA,1
AGTAGTTTATAAAAGC,1
AGTATAAAATATTCCA,1
AGTATAAACAATTATG,1
AGTATAAATAAGTCAC,1
AGTATAAATGAATTAA,1
AGTATAAATTTCCTAT,1
AGTATAACACCCAGTA,1
AGTATAAGAACACTAC,1
AGTATAAGGCACACAA,1
AGTATAATGTAAAAAT,1
AGTATAATTATCGAAA,1
AGTATAATTCGGTTTA,1
AGTATAATTTTACACA,1
AGTATACAAACCCACA,1
AGTATACAAGCGTTCA,1
AGTATACACACACCCA,1
AGTATACCACTCCTAG,1
AGTATACCGGTGGACG,1
AGTATACGAATCCCAT,1
AGTATAGCCTGATACC,1
AGTATAGCGTGATACA,1
AGTATAGCGTGTTACC,1
AGTATAGGTCCCAAGT,1
AGTATAGTAACTTTGA,1
AGTATATATGTATACC,1
AGTATATCACTTCCAC,1
AGTATATGGGACAAGT,1
AGTATATTAACTATAT,1
AGTATATTATCACATG,1
AGTATATTGAGTGAAA,1
AGTATCAACTTGGATG,1
AGTATCAAGGAAGAAG,1
AGTATCAATAGTCTAC,1
AGTATCACATGGCACT,1
AGTATCACTAACAGAC,1
AGTATCACTAACCTTG,1
AGTATCAGACGCAAAA,1
AGTATCAGATCCAACA,1
AGTATCAGGCCCTAAC,1
AGTATCAGTCGCAGAA,1
AGTATCATAGACGAAC,1
AGTATCATAGACGCAA,1
AGTATCATGTGATACT,1
AGTATCATTTAGACTC,1
AGTATCCCCTCCAATC,1
AGTATCCCTGCCTGCA,1
AGTATCCGTCGCAACC,1
AGTATCCTGCGGCGAC,1
AGTATCGAATGGCACT,1
AGTATCGACGACGAAG,1
AGTATCGCATGGAACT,1
AGTATCGCATGGCAAT,1
AGTATCGCGTGGCACT,1
AGTATCGGATGGCACT,1
AGTATCGGTCCCGAGT,1
AGTATCGTCCTGCCGT,1
AGTATCGTGGATTAAG,1
AGTATCTAATTACCAT,1
AGTATCTAATTACTAA,1
AGTATCTAATTGCCAA,1
AGTATCTAATTGGGGA,1
AGTATCTCATACAGAA,1
AGTATCTGGACAATGA,1
AGTATCTGGCAAAGGC,1
AGTATCTTCCAGATCT,1
AGTATGAACAGCATAA,1
AGTATGAACATTCGAT,1
AGTATGAAGAACATGA,1
AGTATGAATAATTAGA,1
AGTATGAATAGGTCAC,1
AGTATGAATCAGTCTC,1
AGTATGAATTTACCAA,1
AGTATGCAAGACCGTC,1
AGTATGTAAAGTGGCC,1
AGTATGTAACTAGTAC,1
AGTATGTATAAGTCAC,1
AGTATGTCCTGCGGTG,1
AGTATGTCTTCAAATT,1
AGTATGTGAAAGGACG,1
AGTATGTTGACAGACA,1
AGTATGTTTACATGAT,1
AGTATGTTTCAAGACG,1
AGTATGTTTTATCAAA,1
AGTATTAAGATATAAG,1
AGTATTAAGGATTTAA,1
AGTATTACGGCGCAAC,1
AGTATTACTGCGAAAC,1
AGTATTACTGCGTAAC,1
AGTATTAGCCACGCTG,1
AGTATTAGTTGAATAC,1
AGTATTATCATACGCC,1
AGTATTCAAGGAATCA,1
AGTATTCATAAAACAT,1
AGTATTCATAAAACGG,1
AGTATTCATAAAACTG,1
AGTATTCCAAAAAATA,1
AGTATTCCCTCCAATT,1
AGTATTCCGTCCAATC,1
AGTATTCGAAAAAAAC,1
AGTATTCGACGCGATG,1
AGTATTCGGAGGCTCA,1
AGTATTGAAATCGTCT,1
AGTATTGCCACCCTTG,1
AGTATTGCTCCACCGC,1
AGTATTGGTGGGAGTT,1
AGTATTTCTACTCCAT,1
AGTCAAAAATACACTT,1
AGTCAAAAATTAGCAC,1
AGTCAAAATGGAATCT,1
AGTCAAAATTGAATCC,1
AGTCAAACCTTCCCTC,1
AGTCAAACTAACACTA,1
AGTCAAACTAATGTAC,1
AGTCAAAGGCCATAAA,1
AGTCAAAGGTAACTCA,1
AGTCAAATAGTGTACA,1
AGTCAAATGAGAAATA,1
AGTCAAATTGCAAGAC,1
AGTCAACAAAGGATAT,1
AGTCAACAACGTAGAA,1
AGTCAACAAGGGCCAA,1
AGTCAACCATCATAGG,1
AGTCAACCCTTTAAAA,1
AGTCAACCGATGCGAA,1
AGTCAACTTAACGAAA,1
AGTCAACTTATCTGGT,1
AGTCAACTTGGGCAAA,1
AGTCAAGAAACAGCAG,1
AGTCAAGAAATCTTAC,1
AGTCAAGAACCAGCGG,1
AGTCAAGACGCTTAGG,1
AGTCAAGAGTAGCAAC,1
AGTCAAGCTTTATATT,1
AGTCAATAATGTATAA,1
AGTCAATATCAACCTT,1
AGTCAATCCAAAATGG,1
AGTCAATCTTGGAGCG,1
AGTCAATGAACATATA,1
AGTCAATGATTACGAG,1
AGTCAATGATTACTGA,1
AGTCAATGCTTTACTA,1
AGTCAATTAAAAAGGA,1
AGTCAATTATTGATTT,1
AGTCAATTTAAAAAGA,1
AGTCACAACTACGTAT,1
AGTCACAAGCTTTCAA,1
AGTCACAATATAATTG,1
AGTCACAATCTGCACG,1
AGTCACACACGGGAGT,1
AGTCACACGCGAACGG,1
AGTCACAGAGTTCATA,1
AGTCACAGCCATACTT,1
AGTCACAGCGATCAGA,1
AGTCACATACGCCACG,1
AGTCACATAGAGGAGC,1
AGTCACATATACATCC,1
AGTCACATATGCATCA,1
AGTCACATATGCATCT,1
AGTCACATCCAGTGCG,1
AGTCACCACATATCCA,1
AGTCACCACATATCCT,1
AGTCACCGGCCACTTA,1
AGTCACCGTATTTTCT,1
AGTCACCTAACCATAC,1
AGTCACCTAGCCATAA,1
AGTCACCTAGCTATAC,1
AGTCACCTCCGATAAC,1
AGTCACGAAATTAATT,1
AGTCACGATTAGCGAT,1
AGTCACGCAAGTCCCT,1
AGTCACGCACGACCCT,1
AGTCACGCACGCGTCG,1
AGTCACGCACGTCCAC,1
AGTCACGCACGTTCCT,1
AGTCACGCACTTCCCT,1
AGTCACGCATGTCCCT,1
AGTCACGCTCGAAGCG,1
AGTCACGTACACGGAC,1
AGTCACTACATATCCC,1
AGTCACTCACGTCCCT,1
AGTCAGACAGTGAGGC,1
AGTCAGACATAGTCTC,1
AGTCAGAGAGGGTAAA,1
AGTCAGATATTCACCT,1
AGTCAGATGTCATGTA,1
AGTCAGCTCTATGATA,1
AGTCAGCTTGACTATC,1
AGTCAGGAATGTATAA,1
AGTCAGGAGCAATAAA,1
AGTCAGGGGCTCACGG,1
AGTCAGTAAGAAAACT,1
AGTCAGTTAAAGACAT,1
AGTCAGTTCACTCAGT,1
AGTCATAAACCAGAAC,1
AGTCATAACGGCACAA,1
AGTCATAACTCTTGCT,1
AGTCATACACTGTAGA,1
AGTCATCACAGAATCG,1
AGTCATCGAGCCTTTT,1
AGTCATGAACGCGCTG,1
AGTCATTATCAACTTG,1
AGTCATTCCAATTTAA,1
AGTCATTGAAGCAGAC,1
AGTCATTGACTGCTAA,1
AGTCATTTAAAATGGG,1
AGTCATTTCACAACAA,1
AGTCCAAAATAAACTT,1
AGTCCAAAATACACTC,1
AGTCCAAAATATACTT,1
AGTCCAAGATACACTT,1
AGTCCAAGTCACGATA,1
AGTCCAATACAGGTTC,1
AGTCCACACAAGATTC,1
AGTCCACCGCTTAATC,1
AGTCCACCTCCATGCA,1
AGTCCACGAAATAGTC,1
AGTCCACGGATCCTTA,1
AGTCCACTAGGTTACC,1
AGTCCACTCTCACGAC,1
AGTCCAGAATACACTT,1
AGTCCAGAGTAGAAAC,1
AGTCCATAAAATACTA,1
AGTCCATGGCTCCCAA,1
AGTCCATTGAGCCCCT,1
AGTCCCAAAAACACTC,1
AGTCCCAAATTCGTGA,1
AGTCCCAACCATCCTT,1
AGTCCCAACCGCAATA,1
AGTCCCAACCGCAGGA,1
AGTCCCAACCTCAAGA,1
AGTCCCAAGATTTTAA,1
AGTCCCAATCGCAAGA,1
AGTCCCAATTATCTGT,1
AGTCCCATAGAGCAGC,1
AGTCCCATAGAGGATC,1
AGTCCCATAGGGGAGC,1
AGTCCCATGTAAAACT,1
AGTCCCCATTTAAGAA,1
AGTCCCCGGTTCATAC,1
AGTCCCCTAATACATC,1
AGTCCCCTTTTTGGAA,1
AGTCCCGAGAAGTCCT,1
AGTCCCGATAATACAG,1
AGTCCCGATTATCGAT,1
AGTCCCGCGCTACTAG,1
AGTCCCGGCATTTACC,1
AGTCCCTATGTTATCG,1
AGTCCGAAATACACTT,1
AGTCCGACCCAACATG,1
AGTCCGACCCACCACG,1
AGTCCGACCCACCCTG,1
AGTCCGACCCACCTTG,1
AGTCCGACCGACCATG,1
AGTCCGACTCACCATG,1
AGTCCGACTGAGCGGC,1
AGTCCGAGTCTCTATG,1
AGTCCGATCAAATCTG,1
AGTCCGCACACAATGA,1
AGTCCGCCTCTCTATG,1
AGTCCGCGCACCATGA,1
AGTCCGCGGTGAGCAT,1
AGTCCGCGTCTATATG,1
AGTCCGCGTTTGTACA,1
AGTCCGCTTACCTTGA,1
AGTCCGCTTCTCTATG,1
AGTCCGGACGATTACA,1
AGTCCGGAGAAATAAA,1
AGTCCGGAGCAATAAG,1
AGTCCGGGCGGAAGCT,1
AGTCCTAAAGCATATT,1
AGTCCTAAATAATAAT,1
AGTCCTAAGGAAACTC,1
AGTCCTAAGGAAATAC,1
AGTCCTAAGGAAGCAC,1
AGTCCTAAGGATACAC,1
AGTCCTAATGAAACAC,1
AGTCCTACAAAACGAC,1
AGTCCTAGGGCTAAAT,1
AGTCCTATGGCTCGTT,1
AGTCCTCACACGCTTT,1
AGTCCTCATACACTAT,1
AGTCCTCGAGGCCACA,1
AGTCCTCTGCCCCAAG,1
AGTCCTCTTGGCCTTG,1
AGTCCTGCCTACCTGA,1
AGTCCTGTTAACCAAC,1
AGTCCTTACTTGACAA,1
AGTCCTTAGCGGGCTC,1
AGTCCTTATCTAATAT,1
AGTCCTTCGCAAGACC,1
AGTCCTTCTGTATATG,1
AGTCCTTTTTAGCCGA,1
AGTCGAACCCACTCAA,1
AGTCGAATACCGACCC,1
AGTCGACAACTCTCAA,1
AGTCGACAGTGTAAGA,1
AGTCGACCTTGAAACA,1
AGTCGACTAAGGTACA,1
AGTCGACTGAGGTACA,1
AGTCGAGATGCAACCC,1
AGTCGAGATGTAACTC,1
AGTCGAGTACAGACCC,1
AGTCGAGTACCGAACC,1
AGTCGAGTACCGACCT,1
AGTCGAGTACGGACCC,1
AGTCGATATGTAACCC,1
AGTCGATCCCGAAGAA,1
AGTCGATCTACTCCTT,1
AGTCGATGGCAGTAAG,1
AGTCGATGTCAGGAAG,1
AGTCGATTACCGACCC,1
AGTCGATTTGCATGAT,1
AGTCGCAAAAAAACGT,1
AGTCGCACCCTTGTCC,1
AGTCGCACTATCATGA,1
AGTCGCAGTGCCTTAA,1
AGTCGCCAATCCCATT,1
AGTCGCCCCCCAAACC,1
AGTCGCCTAATAACCC,1
AGTCGCCTAATCACAC,1
AGTCGCCTAATCACCT,1
AGTCGCCTAATCACTC,1
AGTCGCCTACATGAGA,1
AGTCGCCTATCCGACC,1
AGTCGCCTTGTGGCTG,1
AGTCGCTTAAATGAGA,1
AGTCGCTTACATTCCT,1
AGTCGGAAACATTACG,1
AGTCGGAAACATTCCA,1
AGTCGGAAGCCACTTG,1
AGTCGGAATGCTGTAC,1
AGTCGGACGGCTACTC,1
AGTCGGATGAAAAAGG,1
AGTCGGATTAAAAACG,1
AGTCGGATTAAAAAGT,1
AGTCGGATTAACCATG,1
AGTCGGATTAACCCCG,1
AGTCGGATTAACCCTT,1
AGTCGGATTAAGCCTG,1
AGTCGGGCTGCTGTAC,1
AGTCGGTTAACTCAGT,1
AGTCGGTTCACTCAAT,1
AGTCGGTTCACTCGGT,1
AGTCGGTTCACTTAGT,1
AGTCGTAAACATTCCG,1
AGTCGTAAATTCAATC,1
AGTCGTAAGACAGAAA,1
AGTCGTAAGGAAACAC,1
AGTCGTACACTCCCCG,1
AGTCGTATAGCTCGTT,1
AGTCGTCAGATATAGG,1
AGTCGTCTCTTTGGAT,1
AGTCGTGATGTAACCC,1
AGTCGTGCCTCATTCT,1
AGTCGTTCATTATCCA,1
AGTCGTTTAAAAGAAA,1
AGTCGTTTACAAATAC,1
AGTCGTTTCACTCAGT,1
AGTCTAAAAGCATTAT,1
AGTCTAACTTGTAATG,1
AGTCTAATAGTAAAAC,1
AGTCTAATTGACAAAC,1
AGTCTACAAATTCGAA,1
AGTCTACCAACAATTG,1
AGTCTACCGAAAATTG,1
AGTCTACCGGTACTAT,1
AGTCTACTTTCCAATG,1
AGTCTAGGACCTGTTT,1
AGTCTATAATCTGACG,1
AGTCTATATTAAACAC,1
AGTCTATCACTTGCGT,1
AGTCTATCGCGGCAAC,1
AGTCTATGACTTCTAG,1
AGTCTATTACGCTTCA,1
AGTCTATTAGAAATGT,1
AGTCTATTTCATATGT,1
AGTCTCAAAAGTCTAC,1
AGTCTCAAGATTTTGA,1
AGTCTCAATAGTATAC,1
AGTCTCAATAGTCTAA,1
AGTCTCAATTGTCTAC,1
AGTCTCACGTATGCTT,1
AGTCTCACTCTAAATG,1
AGTCTCAGCGGAAAAT,1
AGTCTCAGTTGTTACC,1
AGTCTCATAATGATGA,1
AGTCTCATGATTTTAA,1
AGTCTCCAACCCCGCG,1
AGTCTCCAACCCTTAC,1
AGTCTCCACGACCCGA,1
AGTCTCCATGGAAATT,1
AGTCTCCTATAGGAGC,1
AGTCTCGATAGTCTAC,1
AGTCTCGGCAATGGGT,1
AGTCTCGTAATCAAAA,1
AGTCTCTAGAGACCCA,1
AGTCTCTATATACCCA,1
AGTCTCTATGATAACA,1
AGTCTCTCGGAATAAA,1
AGTCTGAAGACATAGC,1
AGTCTGACAAATAGAA,1
AGTCTGACCCACCATG,1
AGTCTGACGACTAGAA,1
AGTCTGAGAACTAGAA,1
AGTCTGATACGAAATT,1
AGTCTGATATAATCTG,1
AGTCTGATTTTAAAAC,1
AGTCTGCAACCGAATC,1
AGTCTGCTTGGCGTCA,1
AGTCTGGTTTAGAGCT,1
AGTCTGTAACTTGAAT,1
AGTCTGTACCCGGAGA,1
AGTCTGTACTGAGTAA,1
AGTCTGTGAGATTCAT,1
AGTCTGTTCACTCAGT,1
AGTCTTAAACTGGAGT,1
AGTCTTAATACACGCC,1
AGTCTTAATAGTCTAC,1
AGTCTTAATCCACGAC,1
AGTCTTAATCCATAAA,1
AGTCTTACACCTTAGG,1
AGTCTTAGCAGAGATC,1
AGTCTTAGCATAAATC,1
AGTCTTAGGAGAAATC,1
AGTCTTATTAAGAAAA,1
AGTCTTATTTGGGTTT,1
AGTCTTGATGAAAAGT,1
AGTCTTGCGAGCTCGA,1
AGTCTTTAAACTCCAA,1
AGTCTTTATGTATATG,1
AGTCTTTCGAAAGACC,1
AGTCTTTTCAAACCTG,1
AGTGAAAAAACTTCCC,1
AGTGAAAAAATGTATT,1
AGTGAAAACTCAATCG,1
AGTGAAAACTCCGCCT,1
AGTGAAAATATGTACT,1
AGTGAAACACGTACGA,1
AGTGAAACATGTTAAT,1
AGTGAAACTTCCCACT,1
AGTGAAACTTTTTAAT,1
AGTGAAATCAGAAGAC,1
AGTGAAATGCCTCAAT,1
AGTGAAATTCCTGAAT,1
AGTGAACAACAGCTAA,1
AGTGAACAACTATTCC,1
AGTGAACACGCTGCGA,1
AGTGAACATATCACTC,1
AGTGAACCAAAAAACA,1
AGTGAACCAAGATACA,1
AGTGAACCCATAATGA,1
AGTGAACCCTAAGCCC,1
AGTGAACGACGGCGTC,1
AGTGAACGCGTCGTAA,1
AGTGAACTACCATGGA,1
AGTGAACTTTAAAGCA,1
AGTGAAGAATACAGAT,1
AGTGAAGACTGTGAAT,1
AGTGAAGATTGGGAAT,1
AGTGAAGCAATAAACT,1
AGTGAAGGAACCACTC,1
AGTGAAGGAAGAAACT,1
AGTGAATAAAATATTG,1
AGTGAATAAGCCCATA,1
AGTGAATAAGTACATA,1
AGTGAATAAGTCAATA,1
AGTGAATAAGTCCATG,1
AGTGAATAAGTCCGTA,1
AGTGAATAAGTCGAGC,1
AGTGAATAATTCCATA,1
AGTGAATACAATAAAT,1
AGTGAATAGAATATTG,1
AGTGAATATACAGTAT,1
AGTGAATCAGTTACTC,1
AGTGAATGCGTCGTGA,1
AGTGAATGCTAAAGCA,1
AGTGAATTTGCCTGAT,1
AGTGACAAGGGCTCCC,1
AGTGACACCAAGTATT,1
AGTGACACGTTCAGTT,1
AGTGACACTTATACCG,1
AGTGACATCAAGTGTT,1
AGTGACATCAATTATT,1
AGTGACCATATGCGCT,1
AGTGACCGCCTCACTA,1
AGTGACGGATAAAAAA,1
AGTGACGGCACTGAGG,1
AGTGACTGATAACACT,1
AGTGAGAAAATTCAGA,1
AGTGAGAAAGTGAACA,1
AGTGAGAAAGTGAAGC,1
AGTGAGAAAGTTAACC,1
AGTGAGACACGCTCAA,1
AGTGAGACAGTGGAAA,1
AGTGAGAGAGAAACTC,1
AGTGAGAGATCAACCT,1
AGTGAGAGGTCCACTA,1
AGTGAGATACACATAT,1
AGTGAGCATAGCCAGA,1
AGTGAGCATGTCTTGT,1
AGTGAGCTGACACATG,1
AGTGAGGAAGTGAACC,1
AGTGAGGTTAGTATTA,1
AGTGAGTAACGGAAGA,1
AGTGAGTACAGGTCTT,1
AGTGAGTACATGGCTT,1
AGTGAGTAGACTATCG,1
AGTGAGTATACTACCC,1
AGTGAGTATATTATCG,1
AGTGAGTCTGTTAGAA,1
AGTGAGTGAAGAACAT,1
AGTGAGTTCATGCCAC,1
AGTGATAACTCTTTCT,1
AGTGATAAGATATTGG,1
AGTGATAAGATCTCTA,1
AGTGATAATAATTTTC,1
AGTGATACAAAAATTT,1
AGTGATACACACGACG,1
AGTGATACACAGACTC,1
AGTGATACCTTAACAA,1
AGTGATACGCATACTC,1
AGTGATACTCAGACTC,1
AGTGATAGAAAAATGT,1
AGTGATATGTTAACCC,1
AGTGATATTTAATCAA,1
AGTGATCACGTCTTCC,1
AGTGATCCCAGCTAAA,1
AGTGATCCTAATAGTA,1
AGTGATCTAGGCGATG,1
AGTGATGAGCTCATAC,1
AGTGATGCGGTAATGC,1
AGTGATGCTAGGCAGG,1
AGTGATGGGTCAACAC,1
AGTGATTAAACTATCC,1
AGTGATTAAGCACAGC,1
AGTGATTAAGTACACC,1
AGTGATTATACTATCG,1
AGTGATTCGTTACCAG,1
AGTGCAAAAACTTCAC,1
AGTGCAAAAACTTCCA,1
AGTGCAAAAATATCGC,1
AGTGCAAGAACCTCAT,1
AGTGCAAGATTTTCAT,1
AGTGCACAGAATAGGG,1
AGTGCACATAGCCAGA,1
AGTGCACCGTAGACAG,1
AGTGCAGCAACTAATC,1
AGTGCATACCTACCTA,1
AGTGCATCCAGCCGAA,1
AGTGCATCGAAACATT,1
AGTGCATGTCAAAAAA,1
AGTGCCAAAAGCCTTC,1
AGTGCCAAAAGCGTTA,1
AGTGCCAACAGCTAAA,1
AGTGCCAACATAACAT,1
AGTGCCAATTAGTCCA,1
AGTGCCACCGGACTAA,1
AGTGCCACTAAAGAAA,1
AGTGCCAGACGCAACT,1
AGTGCCAGGAAAAAAT,1
AGTGCCAGTCTTAAAA,1
AGTGCCATGAATAAGT,1
AGTGCCCATAGCCAGA,1
AGTGCCCCCATAGCAA,1
AGTGCCGACTCGTTGA,1
AGTGCCGATTAGTACA,1
AGTGCCTAAAACCCAA,1
AGTGCCTCAAAACATT,1
AGTGCGAAACGCCATT,1
AGTGCGAGATTTTAAT,1
AGTGCGAGATTTTCAC,1
AGTGCGATATTTTCAT,1
AGTGCGCAAGACCGTC,1
AGTGCGCATAGCAAGA,1
AGTGCGCATAGCCAAA,1
AGTGCGCATAGTCAGA,1
AGTGCGCATGATCACT,1
AGTGCGCCCCCCGTGG,1
AGTGCGCGTAGCCAGA,1
AGTGCGTACGCGCTGT,1
AGTGCGTCAACTTCAA,1
AGTGCGTGGCCTATAA,1
AGTGCGTTAAAAGGAC,1
AGTGCTAAGGAAACAC,1
AGTGCTACAGAACTAA,1
AGTGCTACCACGATAT,1
AGTGCTATCACAGTGT,1
AGTGCTATGCATACAT,1
AGTGCTCAATACTTAT,1
AGTGCTGAGTGCCACA,1
AGTGCTGTGCCAGCGA,1
AGTGCTTACAAAAACA,1
AGTGCTTCAAATATAG,1
AGTGGAAAAACTTCCC,1
AGTGGAAAGCAACAAA,1
AGTGGAACCACAATAC,1
AGTGGAACCGTTGGTT,1
AGTGGAAGAAAAGCTC,1
AGTGGAAGAAAGGTTC,1
AGTGGAATACCTGAGG,1
AGTGGAATGTCTTGGA,1
AGTGGACACACAATAC,1
AGTGGACCAACAATAC,1
AGTGGACCCATAATAC,1
AGTGGACCGACAATAC,1
AGTGGACCTTACTATC,1
AGTGGATGAAAAGTTC,1
AGTGGCATTTAGGACT,1
AGTGGCCTCCAGCAAA,1
AGTGGCGAAGAAAGAA,1
AGTGGCGTACCGCCGC,1
AGTGGCGTTTACACTA,1
AGTGGCTAACCAAATA,1
AGTGGCTAATCAAGTA,1
AGTGGCTCCTCTATAA,1
AGTGGCTTGCGCCTTT,1
AGTGGGAAGAACAGCG,1
AGTGGGAGAAAAGTTC,1
AGTGGGCCAGAAAAGA,1
AGTGGGCCCCTGAGTG,1
AGTGGGCTGCTGGACG,1
AGTGGTAAGAAAGTTT,1
AGTGGTACAAGCATCG,1
AGTGGTAGATTACGCG,1
AGTGGTCCATATTCCT,1
AGTGGTCTAAGCAAGA,1
AGTGGTGAAGAAAGAT,1
AGTGGTGAAGAAGGAA,1
AGTGGTGAAGAATGAA,1
AGTGGTGAAGAGAGAA,1
AGTGGTGTAACTTTGT,1
AGTGGTGTAGATGGGG,1
AGTGGTGTGACTTTGT,1
AGTGGTTAAAGATCCA,1
AGTGGTTTTACTTTGT,1
AGTGTAAAATACCAGC,1
AGTGTAACACAACTAC,1
AGTGTAACTAAAGACG,1
AGTGTAAGAAGATAAA,1
AGTGTACAGTATAGAA,1
AGTGTACCACAACTAA,1
AGTGTACCCTCGTGAT,1
AGTGTACCTAGGGCTC,1
AGTGTACCTCAGTACA,1
AGTGTACTTGCATAGA,1
AGTGTAGATGAAAAAA,1
AGTGTAGCATCCCAAT,1
AGTGTATAATATGCCC,1
AGTGTATCGATTCGTA,1
AGTGTATGAAATTTAT,1
AGTGTCAATTGTCAAA,1
AGTGTCAGACGTTATA,1
AGTGTCATAGACGCAC,1
AGTGTCCAAAGCCAAC,1
AGTGTCCCTATATAGT,1
AGTGTCCTGCCGAAAG,1
AGTGTCCTTATATAGT,1
AGTGTCGAGGTAACGA,1
AGTGTCGCATGGCACT,1
AGTGTCGTACTATGGC,1
AGTGTCTAATCAAATA,1
AGTGTCTCGGATATAC,1
AGTGTGAAAAGAAAAG,1
AGTGTGAAGCCCTTTT,1
AGTGTGACACGCTCAA,1
AGTGTGACCGATTTCC,1
AGTGTGAGCTACCGAT,1
AGTGTGCTTCAAAAAA,1
AGTGTGTCTAAAGGGT,1
AGTGTTAATCAAGTAA,1
AGTGTTACGCCCAGGA,1
AGTGTTACGCCCAGGT,1
AGTGTTATGCATACCA,1
AGTGTTATGCATCCTA,1
AGTGTTATGTATCCCA,1
AGTGTTCAGAAAGAAC,1
AGTGTTCCAATCTGAT,1
AGTGTTCTTAAGCTAA,1
AGTGTTGAAGAAAGAA,1
AGTGTTGGCACTATGG,1
AGTGTTTAACCATCAG,1
AGTGTTTAACCTGTAA,1
AGTGTTTAGCGCGACG,1
AGTGTTTCACAGAGGA,1
AGTGTTTGTAAATCAT,1
AGTGTTTTAAAGTAAT,1
AGTTAAAAACGCTTGC,1
AGTTAAAACCGCACAT,1
AGTTAAAAGAACAGAA,1
AGTTAAAAGTACCCGG,1
AGTTAAAATGAAGCGT,1
AGTTAAACACCGTAAT,1
AGTTAAACTAAAAAAT,1
AGTTAAACTGAAGAGT,1
AGTTAAAGAGAAATCC,1
AGTTAAAGCCAATACT,1
AGTTAAAGCCGTCAGC,1
AGTTAAATAATCTTAA,1
AGTTAAATACCGGAAT,1
AGTTAAATGACAACCT,1
AGTTAACAAACTAAGG,1
AGTTAACAACGTACCA,1
AGTTAACAATTATGTA,1
AGTTAACACAACTAAC,1
AGTTAACACCCGCACA,1
AGTTAACCAAGATAAG,1
AGTTAACCATGCCTAA,1
AGTTAACGCAAATTCA,1
AGTTAACTAGTAATAG,1
AGTTAAGAACGGCAAA,1
AGTTAAGACGAAATAA,1
AGTTAAGACTGGGAAT,1
AGTTAAGATACGACCG,1
AGTTAAGCCCTATGTT,1
AGTTAAGTACCCTACA,1
AGTTAATAACAACAGA,1
AGTTAATAATATATTG,1
AGTTAATAGTACGCAA,1
AGTTAATATAAAATAA,1
AGTTAATCTCAGTGGT,1
AGTTAATGCGATAGCA,1
AGTTAATGGAACGCAA,1
AGTTAATGTACGTTGG,1
AGTTAATTATTAAAAT,1
AGTTAATTGTTAAACT,1
AGTTAATTTGCTTTCC,1
AGTTACAAACTAGCAG,1
AGTTACAACTTAAGAG,1
AGTTACAAGTGTCAAA,1
AGTTACACAAAATTTT,1
AGTTACACAAGGCAAA,1
AGTTACACATGAAAAA,1
AGTTACACATGACCCC,1
AGTTACATAAACTCAA,1
AGTTACATCCACACCT,1
AGTTACATCCGGGATT,1
AGTTACATGAAGAGCG,1
AGTTACATTACTGTGA,1
AGTTACCAACACATAG,1
AGTTACCACTAATCAA,1
AGTTACCATAGGCAAA,1
AGTTACCCAAAAAGTT,1
AGTTACCCACAAATTT,1
AGTTACCCGCAAAGTT,1
AGTTACCTTACAAAGA,1
AGTTACCTTCTGACTC,1
AGTTACGGCATTTACC,1
AGTTACTAAAACAGCC,1
AGTTACTAAACCGACA,1
AGTTACTAGCGACCTG,1
AGTTACTCACCAATTG,1
AGTTACTTTATTCGCA,1
AGTTAGAAAGTGAACC,1
AGTTAGAACATACCGA,1
AGTTAGAACATCCAGA,1
AGTTAGAACCGAAAAC,1
AGTTAGACACCGGAAT,1
AGTTAGACTGCCAAAT,1
AGTTAGAGAAACCCTG,1
AGTTAGAGTCCTTGTA,1
AGTTAGCAAGTATTAA,1
AGTTAGCATCCTTGTA,1
AGTTAGCCGCACGACT,1
AGTTAGCGTCCTTTTA,1
AGTTAGCTGTTGTGAT,1
AGTTAGCTGTTTTGAT,1
AGTTAGCTTCCTTGTA,1
AGTTAGGCAAGACACA,1
AGTTAGGGGCAATCAG,1
AGTTAGTACACCCTCA,1
AGTTAGTAGCCCATCC,1
AGTTATAACCTTGGCA,1
AGTTATAACCTTGGGC,1
AGTTATACGCAGACTC,1
AGTTATACGTCATGAA,1
AGTTATACTAGTAGAT,1
AGTTATAGAACATTGT,1
AGTTATATGATAACAA,1
AGTTATCAACCTGATC,1
AGTTATCACTAATCTT,1
AGTTATCATTTACGCC,1
AGTTATCCACAAAGTT,1
AGTTATCCTATTAACC,1
AGTTATCGTGACGAAC,1
AGTTATGAATCTAAGC,1
AGTTATGACGAAATAA,1
AGTTATGAGCAGCGTA,1
AGTTATGCACTATGAG,1
AGTTATGTACAAAACA,1
AGTTATTATAATTAAA,1
AGTTATTATTCGAACC,1
AGTTATTCACTATGAA,1
AGTTATTGAAGCAGAA,1
AGTTATTGAAGCAGAG,1
AGTTATTGAAGCAGAT,1
AGTTATTGAAGCAGGC,1
AGTTATTGCGATCTCT,1
AGTTATTTACGATGAG,1
AGTTCAAAAGAAATAA,1
AGTTCAAACACGTATT,1
AGTTCAAACACGTCAT,1
AGTTCAAACACGTCCT,1
AGTTCAAACACGTCTA,1
AGTTCAAACACGTCTC,1
AGTTCAAATACTTCTT,1
AGTTCAACATGGTCAG,1
AGTTCAACTGTGTTTC,1
AGTTCAAGAAAAACGT,1
AGTTCAAGAATCCAAA,1
AGTTCAAGGATCCACA,1
AGTTCAATAATCCACA,1
AGTTCAATAGAGAAAA,1
AGTTCAATCACGTCTT,1
AGTTCACAAGAGTCTC,1
AGTTCACACATATTTC,1
AGTTCACAGCATGGGT,1
AGTTCACATCCATTGT,1
AGTTCACGACTAAGGG,1
AGTTCAGAATGAAGCA,1
AGTTCAGGACTAGGAT,1
AGTTCAGGACTCGGAT,1
AGTTCAGGACTGGAAT,1
AGTTCAGGACTTGGAT,1
AGTTCAGGTACTATGC,1
AGTTCAGTGTCTGACG,1
AGTTCATATACTATGC,1
AGTTCATCTCAGTCGT,1
AGTTCATGGAGTTGAT,1
AGTTCATTACAAGGAA,1
AGTTCATTCCAAGGAA,1
AGTTCATTGCAATGAA,1
AGTTCATTTCAAGGAA,1
AGTTCCAAACAGCATA,1
AGTTCCAACCCCATAG,1
AGTTCCAACTCAAGAG,1
AGTTCCAACTTAAGAT,1
AGTTCCAAGTTAAGAG,1
AGTTCCAGCAGTCAAC,1
AGTTCCAGTTACAGAA,1
AGTTCCATCAACTCAA,1
AGTTCCCATTTTATCC,1
AGTTCCCCAGTAGATA,1
AGTTCCGAAACACAAG,1
AGTTCCGACATTTACC,1
AGTTCCGACGCTATTA,1
AGTTCCGGCATTTACA,1
AGTTCCGGCATTTATC,1
AGTTCCTCACACGCAA,1
AGTTCCTCAGATGGAC,1
AGTTCCTCAGCGATTA,1
AGTTCCTCCGCGATTG,1
AGTTCCTCCGCTATTA,1
AGTTCCTCCTCGATTA,1
AGTTCCTGACATTCAT,1
AGTTCCTGCATTTACC,1
AGTTCGAACAACAACG,1
AGTTCGACACAAGGGC,1
AGTTCGATAAGAGCAA,1
AGTTCGATAATAGCCT,1
AGTTCGCGCTCAACAT,1
AGTTCGTCTAACCGTG,1
AGTTCTAAAGAAAAAC,1
AGTTCTAAATTAGATC,1
AGTTCTAAGATATTAA,1
AGTTCTAAGCTGACGC,1
AGTTCTACGAATACAT,1
AGTTCTACGAATCCAC,1
AGTTCTACTAATCCAT,1
AGTTCTAGATGTTCGT,1
AGTTCTATGCGGCACC,1
AGTTCTCAGTATTACA,1
AGTTCTCTAGCCCTAA,1
AGTTCTCTATAATATT,1
AGTTCTGGATAAACCA,1
AGTTCTTTGCAAGAAT,1
AGTTGAAAATCTAATT,1
AGTTGAAACACCACGG,1
AGTTGAAACCGTACCG,1
AGTTGAAATCATTAGA,1
AGTTGAAATGATGCGA,1
AGTTGAACACATCGCT,1
AGTTGAACATATAATT,1
AGTTGAACATCTAACT,1
AGTTGAACTCCATGGA,1
AGTTGAAGACATGAAA,1
AGTTGAATATATCGCT,1
AGTTGAATATCTAATT,1
AGTTGAATCCAAATAT,1
AGTTGACAACCTGTGA,1
AGTTGACAGAAAGCCA,1
AGTTGACATGCCTAAA,1
AGTTGACCAAGATATT,1
AGTTGACGTCTTTATA,1
AGTTGACTTAGGTACA,1
AGTTGAGCAATTGCTA,1
AGTTGAGCATCTAATT,1
AGTTGAGGCGACGATT,1
AGTTGAGTCCCAAAAG,1
AGTTGAGTCGATGGAT,1
AGTTGATAAAACAGCC,1
AGTTGCAAACCTTGCC,1
AGTTGCAACAGTACCG,1
AGTTGCAACCGTACAG,1
AGTTGCAACCGTATCG,1
AGTTGCAACCGTGCCG,1
AGTTGCAAGCGTACCG,1
AGTTGCACAAAGCAAA,1
AGTTGCACACTTGTCC,1
AGTTGCACCCTGGTCC,1
AGTTGCACCCTTGTCA,1
AGTTGCAGCCTTGTCC,1
AGTTGCATACACACCT,1
AGTTGCATCCACTCCT,1
AGTTGCATCCTTGTCC,1
AGTTGCCTCTAGCAAA,1
AGTTGCGACGAAATAA,1
AGTTGCGGGCAGAACG,1
AGTTGCTAAAACATCC,1
AGTTGCTAAAATAGCC,1
AGTTGCTGAGAGGACA,1
AGTTGCTTAATCCGAT,1
AGTTGCTTATAGGATA,1
AGTTGCTTATTTAAAA,1
AGTTGGAAGGCTACTC,1
AGTTGGACATATCACT,1
AGTTGGACATATCCCA,1
AGTTGGACGGCTACCC,1
AGTTGGCAGGGTACTA,1
AGTTGGCCATGCGTAG,1
AGTTGGCCCTATCCCA,1
AGTTGGCGACATATAA,1
AGTTGGCTGAAGCTCA,1
AGTTGGTAGTTCACAA,1
AGTTGTAAAGCAGACT,1
AGTTGTAACCGTACCG,1
AGTTGTAGAGTATTTG,1
AGTTGTAGATACTTTC,1
AGTTGTATACATAAAA,1
AGTTGTATAGAACTAC,1
AGTTGTCGATAAACCT,1
AGTTGTCGCGCTCGCC,1
AGTTGTCGGAGACATC,1
AGTTGTCTATTTAAAA,1
AGTTGTGTTACTTTGT,1
AGTTGTTGGGCATAAA,1
AGTTGTTGGGCTTAAA,1
AGTTGTTTGTTTAAAA,1
AGTTTAAAAGTGAAAA,1
AGTTTAAAATTTGTGG,1
AGTTTAAAGATTTAAG,1
AGTTTAAGAAAAAATC,1
AGTTTAAGAACTATAG,1
AGTTTAAGAATCCACA,1
AGTTTAAGTCACAGAA,1
AGTTTAATCACTATTA,1
AGTTTAATCCGATACT,1
AGTTTAATTAGTTGAA,1
AGTTTACAACCGGCGG,1
AGTTTACACTGCTCAG,1
AGTTTACAGACGCCGA,1
AGTTTACAGAGAAGGC,1
AGTTTACAGAGTGCTT,1
AGTTTACAGTACATAG,1
AGTTTACCACGCGAAG,1
AGTTTACCAGTGAAAA,1
AGTTTACGAAAAAATC,1
AGTTTACGCCGCCTTA,1
AGTTTACTTGCAAGTT,1
AGTTTAGCACTTTAAA,1
AGTTTAGTCGACGGAT,1
AGTTTAGTTGCCAGTT,1
AGTTTATCCTAATTTT,1
AGTTTATGAAAAAATA,1
AGTTTATGAAAAAATG,1
AGTTTATGAAAGAATC,1
AGTTTATGTAATTTAT,1
AGTTTATTTGCCAGTT,1
AGTTTCACAATATCCG,1
AGTTTCAGTACGTTAA,1
AGTTTCATGCTGCCTA,1
AGTTTCGACCCTAAAA,1
AGTTTCGACCGAAGAT,1
AGTTTCTAAAACAGCC,1
AGTTTCTACAACCACT,1
AGTTTCTATATAAATT,1
AGTTTCTATCCAGAGA,1
AGTTTCTATGATCCAG,1
AGTTTCTATGATCTAC,1
AGTTTCTGAGGGCACA,1
AGTTTCTTAGGCCCCT,1
AGTTTGAAGAAAAAAG,1
AGTTTGATACATAAGT,1
AGTTTGATTAGGGACC,1
AGTTTGCTATCTGCCT,1
AGTTTTAAATTCTCCC,1
AGTTTTAATATCAATA,1
AGTTTTACAATCAGAT,1
AGTTTTACATAATTAA,1
AGTTTTACCGGTAGTC,1
AGTTTTCAATAATATA,1
AGTTTTCATATAAATT,1
AGTTTTCTTTATAACG,1
AGTTTTGATGGAATAT,1
AGTTTTGCACTATGAA,1
AGTTTTGGGGGAATTC,1
AGTTTTTAAATCCTAT,1
AGTTTTTAAGTCGTGT,1
AGTTTTTATATAAGTT,1
AGTTTTTCTCAACAAG,1
AGTTTTTTACTAGACT,1
AGTTTTTTCCGTGTAG,1
ATAAAAAAAATGAAAT,1
ATAAAAAAAGCTATAC,1
ATAAAAAAATAAAACC,1
ATAAAAAACAACAGAC,1
ATAAAAAACCAGTAAA,1
ATAAAAAACTAGCACC,1
ATAAAAAACTATGATG,1
ATAAAAAAGAAAGAAT,1
ATAAAAAAGAAAGCAC,1
ATAAAAAAGAGAAGGA,1
ATAAAAAAGAGAGCAT,1
ATAAAAAAGATATATC,1
ATAAAAAAGTCCAAAA,1
ATAAAAAATAATTTAA,1
ATAAAAAATATCTTTG,1
ATAAAAAATGACCTTT,1
ATAAAAACACTTGAAG,1
ATAAAAACCATACTGT,1
ATAAAAACCCAAAGGA,1
ATAAAAACCCGACTCC,1
ATAAAAACCTATGGTG,1
ATAAAAACCTATGTTG,1
ATAAAAACTTACCTCA,1
ATAAAAACTTACTACA,1
ATAAAAACTTCCCACT,1
ATAAAAAGAAAACTGA,1
ATAAAAAGACTATCTG,1
ATAAAAAGCTTTAAAA,1
ATAAAAAGGTATTAAA,1
ATAAAAAGTAAGGTGG,1
ATAAAAAGTATTGGCG,1
ATAAAAATAAATAGGA,1
ATAAAAATAGGAGCCA,1
ATAAAAATCAGCTATG,1
ATAAAAATCATGTACC,1
ATAAAAATCGTGAAAT,1
ATAAAAATGCAATTCG,1
ATAAAACAAAAAATTC,1
ATAAAACAAAAATACC,1
ATAAAACAAGCATTGC,1
ATAAAACACATTAAAT,1
ATAAAACACCAACTGC,1
ATAAAACACGTTCCAA,1
ATAAAACACTGTCACA,1
ATAAAACAGAGGCATT,1
ATAAAACAGTTAATAT,1
ATAAAACATAAAGGGC,1
ATAAAACATAAGTCCG,1
ATAAAACATAATCAAA,1
ATAAAACATTACACGT,1
ATAAAACCAAGGCATT,1
ATAAAACCAATTAAGG,1
ATAAAACCAGCTAATA,1
ATAAAACCAGGACTAC,1
ATAAAACCATGTCGGC,1
ATAAAACCCAACTATC,1
ATAAAACCCAGATTCA,1
ATAAAACCCATGCGCG,1
ATAAAACCGAGCCAAT,1
ATAAAACGATAGAAAA,1
ATAAAACGCAAGTAAA,1
ATAAAACTAAATACAA,1
ATAAAACTAATATTCT,1
ATAAAACTAATTTTCA,1
ATAAAACTACTCACAA,1
ATAAAACTCATCTCAA,1
ATAAAACTCTAAACCG,1
ATAAAACTCTGCTGAA,1
ATAAAACTGTATATAT,1
ATAAAACTTCAACATC,1
ATAAAACTTCTATGTA,1
ATAAAACTTGACGCAA,1
ATAAAAGAACATAGCC,1
ATAAAAGAAGGATATA,1
ATAAAAGACAAAGACA,1
ATAAAAGACAACCGGA,1
ATAAAAGACAACCTGC,1
ATAAAAGACAAGTAAA,1
ATAAAAGACACCCGTC,1
ATAAAAGACATAACGA,1
ATAAAAGACATCCGGC,1
ATAAAAGACCAGTAGA,1
ATAAAAGACCAGTGAA,1
ATAAAAGACCATTAAA,1
ATAAAAGACTGTAATT,1
ATAAAAGAGCCAGTCA,1
ATAAAAGCACATACCC,1
ATAAAAGCATACCCAT,1
ATAAAAGCCATAGCGA,1
ATAAAAGCTATAACGA,1
ATAAAAGGATACAATT,1
ATAAAAGGATGAATTT,1
ATAAAAGGGAATGTAT,1
ATAAAAGGGCACAGAC,1
ATAAAAGGTACAGTTC,1
ATAAAAGTCCCCTCAA,1
ATAAAAGTCCCTACAA,1
ATAAAAGTCCCTCCAA,1
ATAAAAGTCCCTTGAA,1
ATAAAAGTCTGATATG,1
ATAAAAGTGGAGAGCA,1
ATAAAAGTTTTTAATA,1
ATAAAATAAACTTCTA,1
ATAAAATAAGTGAAAT,1
ATAAAATACGTTATGT,1
ATAAAATACTATCAGG,1
ATAAAATACTATCGGG,1
ATAAAATAGGTTACGT,1
ATAAAATATAATCATT,1
ATAAAATATATTGTAT,1
ATAAAATATTTACCCT,1
ATAAAATCAGCAGTTA,1
ATAAAATCATATTGGG,1
ATAAAATCGAAGAAGA,1
ATAAAATCGCCTAGAT,1
ATAAAATCGGACCTTA,1
ATAAAATCGTAAACGA,1
ATAAAATCGTTAACCT,1
ATAAAATCTAAATTGA,1
ATAAAATCTAGATAAT,1
ATAAAATCTCAAGCAG,1
ATAAAATGAGAGAAGA,1
ATAAAATGAGGCCCCT,1
ATAAAATGTCAGAAGA,1
ATAAAATTACAAATCG,1
ATAAAATTAGCTGGCA,1
ATAAAATTATAATAAA,1
ATAAAATTATATGTTC,1
ATAAAATTATCCTTAT,1
ATAAAATTGTAGTGCG,1
ATAAAATTGTCCGTAA,1
ATAAAATTGTTGAAAC,1
ATAAACAAAATATTAC,1
ATAAACAAAATGTTTC,1
ATAAACAAAGGTCGCC,1
ATAAACAAAGGTTGAC,1
ATAAACAAGATCTAGC,1
ATAAACAATATCTAGT,1
ATAAACAATCGCCATC,1
ATAAACACACAACTCT,1
ATAAACACCAAGACAA,1
ATAAACACCTAGACTC,1
ATAAACACGAAGGAAC,1
ATAAACAGAAAGAAAA,1
ATAAACAGCAAATAGA,1
ATAAACAGGAGATAAA,1
ATAAACAGGCAGAAAA,1
ATAAACATAAGATTCG,1
ATAAACATAGGATCCA,1
ATAAACATCAGAAAAA,1
ATAAACATCAGATCCG,1
ATAAACATCAGATTAG,1
ATAAACATCATAGATC,1
ATAAACATCATATAGC,1
ATAAACATCATGGAGC,1
ATAAACATCGCACCAG,1
ATAAACATGAACCCAT,1
ATAAACATGCTAAACC,1
ATAAACATTAATCAAT,1
ATAAACATTAGAAAAT,1
ATAAACCAAAGTCACA,1
ATAAACCAACACTCAG,1
ATAAACCAACTAGAAC,1
ATAAACCAAGCCAAAT,1
ATAAACCACACTCATC,1
ATAAACCACGTTCTAA,1
ATAAACCACGTTTCAA,1
ATAAACCAGGTTCCAA,1
ATAAACCAGTACACGT,1
ATAAACCATACGAGTT,1
ATAAACCATGGCAAGC,1
ATAAACCATTATAATC,1
ATAAACCATTCTTTAA,1
ATAAACCCGCTTATGG,1
ATAAACCGAAAGTTCT,1
ATAAACCGCCAAAGTA,1
ATAAACGAAAATGTGT,1
ATAAACGAAAGTGTGC,1
ATAAACGAAATTGTGT,1
ATAAACGAAGGTGTGT,1
ATAAACGACCCTACAC,1
ATAAACGATATAACTT,1
ATAAACGGAAATCTTG,1
ATAAACGGCTTGGTGC,1
ATAAACGTGAGTGACA,1
ATAAACGTGGACAGCA,1
ATAAACTAAGATTTAA,1
ATAAACTAAGCAAGAT,1
ATAAACTAATCAGTCC,1
ATAAACTACCAGGTAT,1
ATAAACTAGTTAAAAT,1
ATAAACTCAAGATAAC,1
ATAAACTCGACCAAAT,1
ATAAACTGCGATGCTG,1
ATAAACTGGACGCCCT,1
ATAAACTGTGAGTGAT,1
ATAAACTTCAACATGA,1
ATAAACTTCGTTTAAT,1
ATAAACTTCTCACACC,1
ATAAACTTCTTTTCAT,1
ATAAACTTGCTGCTAA,1
ATAAACTTTACTAAAC,1
ATAAAGAAAAAATGAC,1
ATAAAGAAAAGAGATA,1
ATAAAGAAACTTTCCG,1
ATAAAGAAAGTCACAA,1
ATAAAGAAGTAAAACA,1
ATAAAGAATAGCGAAA,1
ATAAAGAATCAAGTAC,1
ATAAAGAATCTGTGGA,1
ATAAAGAATGTTAAGG,1
ATAAAGAATTCTAGAT,1
ATAAAGAATTCTATAG,1
ATAAAGAATTTTAGAG,1
ATAAAGACAATCTTTT,1
ATAAAGACGCCAATAA,1
ATAAAGACGTTGTCAA,1
ATAAAGACTAATACTC,1
ATAAAGACTATCCAAG,1
ATAAAGAGTGATTTTG,1
ATAAAGATAGAACTAG,1
ATAAAGATGCCCGAAA,1
ATAAAGCAAAAACACA,1
ATAAAGCAGAAACATA,1
ATAAAGCAGAAATACA,1
ATAAAGCAGATCAAAA,1
ATAAAGCAGGAACACA,1
ATAAAGCATAAACACA,1
ATAAAGCCATTTCATG,1
ATAAAGCCCTCTGCTA,1
ATAAAGCCCTTCAAGG,1
ATAAAGCGATATAACG,1
ATAAAGCGCTAAAAAC,1
ATAAAGCGGAAACACA,1
ATAAAGGAGTTCAAAC,1
ATAAAGGCACCACTAA,1
ATAAAGGCGACGGTAT,1
ATAAAGGCTATATGGA,1
ATAAAGGCTATATGTC,1
ATAAAGGCTATATTGC,1
ATAAAGGCTTCCTAAC,1
ATAAAGGGAGAATACT,1
ATAAAGGGAGCCAAAG,1
ATAAAGGTAATAACAA,1
ATAAAGGTGTTGGATC,1
ATAAAGTAGCATTATA,1
ATAAAGTAGGCCAAAA,1
ATAAAGTATTCCTGCA,1
ATAAAGTCAGGGCATG,1
ATAAAGTGAAAATTCT,1
ATAAAGTGAGCGCCCT,1
ATAAAGTGCTTACTAC,1
ATAAAGTTAAAAGAAA,1
ATAAAGTTAAACTTCC,1
ATAAAGTTCGTAAAAA,1
ATAAAGTTTACAATCC,1
ATAAATAAAAAACAAT,1
ATAAATAAATACGGGA,1
ATAAATAACACAGAAA,1
ATAAATAACACCATAA,1
ATAAATAACAGCTTTT,1
ATAAATAACATTGGAA,1
ATAAATAAGATACTAT,1
ATAAATAAGATTAAAC,1
ATAAATAAGGTTAATG,1
ATAAATAATACTTTCC,1
ATAAATACAACATACA,1
ATAAATACAACCTAAA,1
ATAAATACAGTAATTA,1
ATAAATACATAGATAC,1
ATAAATACCAACCCAG,1
ATAAATACCAGATAAG,1
ATAAATACGAGACCGT,1
ATAAATACGTCTGAAC,1
ATAAATACTAGACCTT,1
ATAAATACTCTTACCC,1
ATAAATACTGTAAGCA,1
ATAAATAGAGACCCCC,1
ATAAATAGAGATATTA,1
ATAAATAGAGCGGATT,1
ATAAATAGCATTGAAA,1
ATAAATAGCTTATACC,1
ATAAATAGCTTTATTT,1
ATAAATAGGACAAACT,1
ATAAATAGGATTACTT,1
ATAAATAGGCATGAAC,1
ATAAATAGTAACCAAT,1
ATAAATATCATAGAGC,1
ATAAATATCGACATTC,1
ATAAATATGAGAAGTT,1
ATAAATATTATTAAAT,1
ATAAATATTCTAAACC,1
ATAAATATTTGCCCAA,1
ATAAATATTTGGTAAA,1
ATAAATCAAAGCGTTC,1
ATAAATCAACCCAGCG,1
ATAAATCACCTGTGAC,1
ATAAATCAGATGCTAT,1
ATAAATCCAGTATGGA,1
ATAAATCCCAGTATAA,1
ATAAATCGAGTCTACA,1
ATAAATCGGATACTAT,1
ATAAATCTAAAAGATC,1
ATAAATCTAAGAAGTT,1
ATAAATCTAAGGGCTG,1
ATAAATCTATATAGCA,1
ATAAATCTATTTCGTA,1
ATAAATCTCAAAACAG,1
ATAAATCTGAGAGGTT,1
ATAAATCTTAGAAGTT,1
ATAAATCTTTATATAC,1
ATAAATCTTTCGCCTA,1
ATAAATGAAGTGAACA,1
ATAAATGAGAAAAAAT,1
ATAAATGCCTTATATG,1
ATAAATGCGGGAAAAT,1
ATAAATGCGTAAAAAT,1
ATAAATGGGACCTAGC,1
ATAAATGTAAGCTACT,1
ATAAATGTCCTAATTA,1
ATAAATGTTGTTTGGA,1
ATAAATTAAGGCAAGT,1
ATAAATTAAGGCGAGA,1
ATAAATTACAATAGAG,1
ATAAATTACCTGTTAA,1
ATAAATTAGACGAGCA,1
ATAAATTAGGGCGAGT,1
ATAAATTATAATATAA,1
ATAAATTATACCAACA,1
ATAAATTCAAGTAAAG,1
ATAAATTCACTGGATA,1
ATAAATTCATATCTCC,1
ATAAATTCTCTGAATA,1
ATAAATTGAGTAGCCA,1
ATAAATTGCTATATGA,1
ATAAATTTAAACGTCC,1
ATAAATTTACCACCTC,1
ATAAATTTATAAAAAA,1
ATAAATTTCAAATCAC,1
ATAAATTTCACATCTA,1
ATAAATTTCGATGACT,1
ATAAATTTGACGATGG,1
ATAAATTTTGCAGGTC,1
ATAACAAAAAAAACAA,1
ATAACAAAAAAGTGAC,1
ATAACAAAAAATGATG,1
ATAACAAAACAATTAA,1
ATAACAAAAGCCCATG,1
ATAACAAAATGCACGT,1
ATAACAAACAACTACT,1
ATAACAAACAGTCCAC,1
ATAACAAACATCAACA,1
ATAACAAACGAAAAGC,1
ATAACAAAGAAGCCGG,1
ATAACAAAGCTATATA,1
ATAACAAATAAGCAGG,1
ATAACAAATATTCCTA,1
ATAACAAATCTTAAAA,1
ATAACAAATGAGCACT,1
ATAACAACAGCAATAG,1
ATAACAACATGCTGTT,1
ATAACAACCAACCATA,1
ATAACAACTAAAAGGA,1
ATAACAACTGTTAACC,1
ATAACAAGAGTTGAAA,1
ATAACAAGATACGGCT,1
ATAACAAGATAGAACC,1
ATAACAAGATAGGCCC,1
ATAACAAGATATACCC,1
ATAACAAGATGTCAGT,1
ATAACAAGCATGGAAG,1
ATAACAAGCTGTAAAC,1
ATAACAAGTGTAGTAG,1
ATAACAATAAGGAACA,1
ATAACAATAATATGGG,1
ATAACAATAATTTTTT,1
ATAACAATACAGATTA,1
ATAACAATAGTTCAAC,1
ATAACAATCGATGGTG,1
ATAACAATGTAATACC,1
ATAACAATTACCCCTG,1
ATAACACAAATTGCGA,1
ATAACACAAGATATTA,1
ATAACACACCAAATGC,1
ATAACACACCAACTTC,1
ATAACACACCAGCTGC,1
ATAACACACCGACTGC,1
ATAACACACGATATAA,1
ATAACACATATTCCAA,1
ATAACACATTATATTA,1
ATAACACCAGCTAATA,1
ATAACACCCCTTAACA,1
ATAACACCTAACAGGA,1
ATAACACCTACGGAAT,1
ATAACACGCAATACGA,1
ATAACACGCCAACTGC,1
ATAACACGCCGGCTCT,1
ATAACACTCAAAATTA,1
ATAACACTCACCGTTA,1
ATAACACTGTACTTCT,1
ATAACACTTAAAACAG,1
ATAACAGAAACGTTTC,1
ATAACAGACTGTAAAC,1
ATAACAGATAAGCCGG,1
ATAACAGATCATCAAC,1
ATAACAGATGATATTA,1
ATAACAGATTAAAACA,1
ATAACAGCAGAGCTGC,1
ATAACAGCATAACATA,1
ATAACAGCTGAACTGG,1
ATAACAGGAAATGATG,1
ATAACAGGCTGTAAAA,1
ATAACAGGCTGTAATC,1
ATAACAGGCTGTAGAC,1
ATAACAGGCTGTGAAC,1
ATAACAGGCTTTAAAC,1
ATAACAGGGTGTAAAC,1
ATAACAGTAACATAGG,1
ATAACAGTCTATCCCT,1
ATAACATAAATAACAA,1
ATAACATAATATGTGA,1
ATAACATAATGAACAA,1
ATAACATAATGAGGAT,1
ATAACATATACAAAGG,1
ATAACATATATTCCTA,1
ATAACATCAAAGACAA,1
ATAACATCACCCGATA,1
ATAACATCGAATAGGT,1
ATAACATCGGAGAGAG,1
ATAACATCTCTCTTCG,1
ATAACATGATAGAAGA,1
ATAACATGGAATAAAA,1
ATAACATTAAGACGAC,1
ATAACATTCAATAACC,1
ATAACATTTAAATCAA,1
ATAACCAAGCACGCCT,1
ATAACCAATGTTCACG,1
ATAACCAATTTATATA,1
ATAACCACAAGTACAA,1
ATAACCACAATGATAA,1
ATAACCACACAAGATT,1
ATAACCACGCCTCCAT,1
ATAACCACGGTGATTT,1
ATAACCAGAGGAAAAC,1
ATAACCAGAGTGACAT,1
ATAACCAGTGGGGGGC,1
ATAACCATACACAACT,1
ATAACCATCACTCGCG,1
ATAACCATCCAAAAAA,1
ATAACCATCCTAACAC,1
ATAACCATGCCCTTCC,1
ATAACCATGGAACTCA,1
ATAACCATGTAATAAC,1
ATAACCATTTAGACCA,1
ATAACCCAAACCCAAA,1
ATAACCCAAAGAATAC,1
ATAACCCAACCCGTGA,1
ATAACCCACAAGGTTC,1
ATAACCCACCGGCTCT,1
ATAACCCGCCGGCTAT,1
ATAACCCGCCGGGTCT,1
ATAACCCGTCACCAAA,1
ATAACCCTCCGGCTCT,1
ATAACCGATCTTTAGA,1
ATAACCGCGCGTCGAA,1
ATAACCGGAAGACCAT,1
ATAACCGGCACAATTC,1
ATAACCGTGAAATCCT,1
ATAACCTAAACTCATT,1
ATAACCTAACAGTTAC,1
ATAACCTAATCGCCCG,1
ATAACCTACGTTAAAA,1
ATAACCTATATGAATA,1
ATAACCTCAAATTCTT,1
ATAACCTCACTGAGAC,1
ATAACCTCATTGAGGC,1
ATAACCTGATCTGACG,1
ATAACCTGCGCAAATA,1
ATAACCTGCTTTAAAC,1
ATAACCTGTGATGGGA,1
ATAACCTGTTGTGAGT,1
ATAACCTTCAGAAAAT,1
ATAACGAAAACGGAAT,1
ATAACGAAACCTAAGT,1
ATAACGAAGTACCAAC,1
ATAACGACAATTCATC,1
ATAACGACAGCAAATT,1
ATAACGACCTTCAAGG,1
ATAACGACGGGCAAAA,1
ATAACGACTAATAGGA,1
ATAACGAGAGCCAAAC,1
ATAACGAGGACCAAAC,1
ATAACGAGGATGAGAA,1
ATAACGAGGCCCAAAC,1
ATAACGAGGGCCAAAG,1
ATAACGAGGGCCAAAT,1
ATAACGAGGGCTAAAC,1
ATAACGAGGGTCAAAC,1
ATAACGAGGTAAAACA,1
ATAACGAGGTCAGACA,1
ATAACGAGGTCCAAAC,1
ATAACGATAATAGTAC,1
ATAACGATTATCATGC,1
ATAACGATTCTCACAA,1
ATAACGCACATCGATA,1
ATAACGCATAAGTTAA,1
ATAACGCATGAAAGTA,1
ATAACGCATGATATTA,1
ATAACGCCCTTAAAGG,1
ATAACGCGAACGTTGT,1
ATAACGCGCAACCTTG,1
ATAACGCTATACGACT,1
ATAACGCTGTGGAGTT,1
ATAACGCTTAGATTCG,1
ATAACGCTTTAATCCA,1
ATAACGGACACTTCCC,1
ATAACGGACCATTCCC,1
ATAACGGACCCTTACC,1
ATAACGGAGTACCTCC,1
ATAACGGCATGAGTAA,1
ATAACGGCTCCGTTAC,1
ATAACGGGCTGTAAAC,1
ATAACGGTGCCCATTA,1
ATAACGGTTAATGACT,1
ATAACGTACCCATGGC,1
ATAACGTCCTGTAATG,1
ATAACGTGAAACCAAA,1
ATAACGTGAGAGAAGA,1
ATAACGTGCTTACAAC,1
ATAACGTGCTTACTTC,1
ATAACGTTTCACTAAA,1
ATAACTAAAAGACTTT,1
ATAACTAAAAGCAACA,1
ATAACTAAAAGCATAG,1
ATAACTAAAGGACTTG,1
ATAACTAAATACGGGG,1
ATAACTAACACAGACG,1
ATAACTAACTAGTCAC,1
ATAACTAACTCGGACT,1
ATAACTAACTGTTCCT,1
ATAACTACAGCGGCAT,1
ATAACTACGAGACACG,1
ATAACTACTTTAGAGC,1
ATAACTAGAAGTACAA,1
ATAACTAGACGATACA,1
ATAACTAGCGGTGGAC,1
ATAACTAGCTAATGTT,1
ATAACTATATGGACCC,1
ATAACTATGGCTCGCG,1
ATAACTCAAGAATACA,1
ATAACTCACGGTAACA,1
ATAACTCAGGGTAACA,1
ATAACTCATCCATAAG,1
ATAACTCCAATAGATA,1
ATAACTCGGAACACAG,1
ATAACTCTATCCACCA,1
ATAACTCTCCTAAATG,1
ATAACTCTGATACTCT,1
ATAACTGAAACCATGT,1
ATAACTGAAGATTCAA,1
ATAACTGAATTTAAGA,1
ATAACTGAGTTGTGAA,1
ATAACTGATATATAAC,1
ATAACTGATCTGCACG,1
ATAACTGATGCAGTCT,1
ATAACTGCATACTAAG,1
ATAACTGCCTAAAGAA,1
ATAACTGCTGTGGCAT,1
ATAACTGGATGTAATG,1
ATAACTGGGCTGTACT,1
ATAACTGGTAAATCAG,1
ATAACTGTATGAGCTT,1
ATAACTGTCGCACGCC,1
ATAACTGTCTAAGGAA,1
ATAACTGTCTGAAGAA,1
ATAACTTAATACAAAA,1
ATAACTTAATTTCCCA,1
ATAACTTACTTTCCAA,1
ATAACTTAGGTAACAC,1
ATAACTTAGTTTCCCA,1
ATAACTTCACCTCATA,1
ATAACTTCACGTACCT,1
ATAACTTCAGCTCAAT,1
ATAACTTCAGCTGGAC,1
ATAACTTCCACTCATA,1
ATAACTTCGATAACTT,1
ATAACTTGCTTACTAC,1
ATAACTTGTTATTTAG,1
ATAACTTTTGTTCTCA,1
ATAAGAAATCTAGACA,1
ATAAGAAATTAAGTAA,1
ATAAGAACAACGAACC,1
ATAAGAACAAGACCTA,1
ATAAGAACAGGGGGTG,1
ATAAGAACATATCTTA,1
ATAAGAACCAACTATC,1
ATAAGAACCAGCGGTG,1
ATAAGAACCAGGGTTG,1
ATAAGAACCAGGTGTG,1
ATAAGAACCCAATATC,1
ATAAGAACGGTTGCGT,1
ATAAGAACGTATACTC,1
ATAAGAACTAATATTG,1
ATAAGAACTAGCAACG,1
ATAAGAACTAGGGGTG,1
ATAAGAACTGGGCAAC,1
ATAAGAACTGGGGACC,1
ATAAGAACTGGGTACC,1
ATAAGAACTGGTCACC,1
ATAAGAACTTACTATA,1
ATAAGAACTTTCAGCG,1
ATAAGAACTTTGATAC,1
ATAAGAAGAGATATAT,1
ATAAGAAGCAGGGGTG,1
ATAAGAAGCCAAAAAC,1
ATAAGAAGGAGATCCG,1
ATAAGAAGGTACAGCT,1
ATAAGAAGTACCATTG,1
ATAAGAAGTTACAGAT,1
ATAAGAATAATAACCA,1
ATAAGAATACCCCGAG,1
ATAAGAATATAAGCTA,1
ATAAGAATCAGGGGTG,1
ATAAGAATGTCATACT,1
ATAAGAATTCCAGCCT,1
ATAAGACAAATACATA,1
ATAAGACAAGAAAGCA,1
ATAAGACACAACTATC,1
ATAAGACACATATCTT,1
ATAAGACACCAACTGC,1
ATAAGACACCCCAAAG,1
ATAAGACACCTTGCTG,1
ATAAGACATGTAGTAG,1
ATAAGACCAAACTATC,1
ATAAGACCAAATTATT,1
ATAAGACCAGTAAAAA,1
ATAAGACCATAGACAA,1
ATAAGACCCAACTACC,1
ATAAGACCCAACTATA,1
ATAAGACCGAACTATC,1
ATAAGACGCATGCACT,1
ATAAGACTAATACCTA,1
ATAAGACTACGCACAA,1
ATAAGACTGACACACT,1
ATAAGACTGATGCTAA,1
ATAAGACTTATGGTGA,1
ATAAGAGAACAGAAAG,1
ATAAGAGAACTCGAAA,1
ATAAGAGACCGGTTAC,1
ATAAGAGATACCTTAA,1
ATAAGAGATAGTTCAA,1
ATAAGAGATTTGTGAA,1
ATAAGAGCATGTTAAT,1
ATAAGAGCCAGAAAAA,1
ATAAGAGCCAGGGGTG,1
ATAAGAGCCGAGACGG,1
ATAAGAGCGATTTCTG,1
ATAAGAGCTAAGACCA,1
ATAAGAGGTTACAGCT,1
ATAAGAGTATAACCTA,1
ATAAGAGTTTTTAAGA,1
ATAAGATACAACGTGA,1
ATAAGATACAATCTGT,1
ATAAGATACTTTGAAA,1
ATAAGATAGATCATAA,1
ATAAGATAGCTAAATC,1
ATAAGATATGCTACAA,1
ATAAGATATGTATGTT,1
ATAAGATCGCACTACA,1
ATAAGATCTCCCAAAT,1
ATAAGATGAAAAGTAA,1
ATAAGATGTACCTCAA,1
ATAAGATGTTCGCATT,1
ATAAGATTAACACACT,1
ATAAGATTAACCAGGT,1
ATAAGATTATAATTGC,1
ATAAGATTGAAGACCC,1
ATAAGATTGACAAACT,1
ATAAGATTGACACACA,1
ATAAGATTGACACACC,1
ATAAGATTGACAGACT,1
ATAAGATTGCCAAACT,1
ATAAGATTTAATACCC,1
ATAAGCAAATGAACAC,1
ATAAGCAATCAAGTCT,1
ATAAGCAATGAAAAAG,1
ATAAGCAATTGGTCAA,1
ATAAGCAATTGTTCGA,1
ATAAGCACATATAGTT,1
ATAAGCACCTTTTATC,1
ATAAGCACTAGATTGT,1
ATAAGCACTCTGTACA,1
ATAAGCAGAGCGAGAC,1
ATAAGCAGTCAACGCC,1
ATAAGCATCGAATCAC,1
ATAAGCATTACAACAT,1
ATAAGCATTCAAGCGG,1
ATAAGCCAATAAAAGT,1
ATAAGCCCCTGTTATC,1
ATAAGCCCCTTCTATC,1
ATAAGCCCCTTTTATG,1
ATAAGCCCGCGAGCTG,1
ATAAGCCGTAAGCGAG,1
ATAAGCCGTACCTCAA,1
ATAAGCCTCAAGAATG,1
ATAAGCCTTACGCTCT,1
ATAAGCGAACAATCCC,1
ATAAGCGCATCCCTCG,1
ATAAGCGCCGAGAAGG,1
ATAAGCGCTAATGACA,1
ATAAGCGCTCTATACG,1
ATAAGCGGAGGGTTGA,1
ATAAGCGGATTACACT,1
ATAAGCGGCCTGACAA,1
ATAAGCGGCGGGCTGA,1
ATAAGCTAAAACAAAA,1
ATAAGCTAATAAGGAT,1
ATAAGCTACGCAAGGT,1
ATAAGCTATTCTACAC,1
ATAAGCTATTCTTTAA,1
ATAAGCTCAGCAGATT,1
ATAAGCTCATTTCAAG,1
ATAAGCTCATTTGGAG,1
ATAAGCTCGTCACGCG,1
ATAAGCTCGTTTGAAG,1
ATAAGCTCTTGAAATA,1
ATAAGCTGATAAATCA,1
ATAAGCTGCGGGTTGA,1
ATAAGCTGTACCACAA,1
ATAAGCTTGTATATGA,1
ATAAGGAAAGATCACT,1
ATAAGGAAGAACCTAC,1
ATAAGGACCCCGCTCT,1
ATAAGGACTGCATATA,1
ATAAGGACTGGGCACC,1
ATAAGGACTGTGATCT,1
ATAAGGAGATGGCCCT,1
ATAAGGATAATTATCT,1
ATAAGGATATGAAAGC,1
ATAAGGATATGACATC,1
ATAAGGATATTACAGC,1
ATAAGGATCAATCGGC,1
ATAAGGATGTGACAGC,1
ATAAGGCAGTAATTGT,1
ATAAGGCATAAATGAA,1
ATAAGGCATCTAATGA,1
ATAAGGCCAACTAGAG,1
ATAAGGCCCAACTATC,1
ATAAGGCCCCTATTTG,1
ATAAGGCCCTCAACCT,1
ATAAGGCGTTATGGAA,1
ATAAGGCTCTAAAAGC,1
ATAAGGGAGACTATTA,1
ATAAGGGATCAAGTCT,1
ATAAGGGGATTCTACA,1
ATAAGGGGCTAGTAAG,1
ATAAGGGTAAAAGAAG,1
ATAAGGGTTACACCCA,1
ATAAGGGTTACATCCC,1
ATAAGGGTTAGTCTTC,1
ATAAGGGTTTACGGAA,1
ATAAGGGTTTGCTGTC,1
ATAAGGTAATTAATTG,1
ATAAGGTAGTGGTGAT,1
ATAAGGTATCAGGCTT,1
ATAAGGTATCCACTAA,1
ATAAGGTATCCACTCT,1
ATAAGGTATCCACTTA,1
ATAAGGTCAGGCGTTC,1
ATAAGGTCCCAACCAA,1
ATAAGGTTGACACACT,1
ATAAGGTTTATGTACA,1
ATAAGTAAACACCAAA,1
ATAAGTAACACGTAAA,1
ATAAGTAAGAATAATG,1
ATAAGTAAGCTTGGAA,1
ATAAGTAATTACCTCA,1
ATAAGTACACGATATT,1
ATAAGTACCAGGGGTG,1
ATAAGTACTCTATGCA,1
ATAAGTATAAATTAGC,1
ATAAGTATGAATGGAA,1
ATAAGTATTCAACTCA,1
ATAAGTCAAGATCACT,1
ATAAGTCCAACAAAAA,1
ATAAGTCCTCCCTACT,1
ATAAGTCGTGTCCGGG,1
ATAAGTCTATTTAAAT,1
ATAAGTGAACGGATAA,1
ATAAGTGAACTAGCCG,1
ATAAGTGCATGAGAAG,1
ATAAGTGCATTAAAAA,1
ATAAGTTAAGGCGAGT,1
ATAAGTTACCGGCATA,1
ATAAGTTAGCTAGATC,1
ATAAGTTAGCTATATT,1
ATAAGTTCATTTGAAG,1
ATAAGTTCCATGGCAC,1
ATAAGTTCTAATTGGG,1
ATAAGTTGAAATAGTT,1
ATAAGTTGAACTAGTC,1
ATAAGTTGAGCTAGTT,1
ATAAGTTGGGGGCGAT,1
ATAAGTTGTCACTTTG,1
ATAAGTTGTCGCATAG,1
ATAAGTTTAGGGCGAT,1
ATAATAAAAAACATTA,1
ATAATAAAAACAAGAA,1
ATAATAAAACTAGCCA,1
ATAATAAAATCCATAA,1
ATAATAAAATGTTAGC,1
ATAATAAACACCCCGA,1
ATAATAAACACTAGAA,1
ATAATAAACATAAGAA,1
ATAATAAACGGATGGT,1
ATAATAAATCCCACAT,1
ATAATAACAAAATACT,1
ATAATAACAAATGTGA,1
ATAATAACATGTTAAT,1
ATAATAACGATCAAAA,1
ATAATAACTGAGCACT,1
ATAATAAGACCTAAAC,1
ATAATAAGACCTACAA,1
ATAATAAGATATATGG,1
ATAATAAGATCAAAAG,1
ATAATAAGCATAGAAG,1
ATAATAAGCTTTACAA,1
ATAATAAGGCCTACAC,1
ATAATAAGGTTAATCA,1
ATAATAAGTGTCGCAT,1
ATAATAAGTTTACTGT,1
ATAATAATATAACCTA,1
ATAATAATATCCCAAT,1
ATAATAATATCTAAAG,1
ATAATAATCTGTACAA,1
ATAATAATGATTGTGA,1
ATAATAATGCACGAGT,1
ATAATACAACCAACAT,1
ATAATACAAGCACTTA,1
ATAATACAGGCACTGA,1
ATAATACAGGGAGTTA,1
ATAATACATGCTACTG,1
ATAATACCAATAGATT,1
ATAATACCATAACAAC,1
ATAATACGAAGTCCAC,1
ATAATACGTCATACTA,1
ATAATACTTTGTAGTG,1
ATAATAGAACACACCT,1
ATAATAGAGACTAATC,1
ATAATAGATAAATAAA,1
ATAATAGATATTGCAA,1
ATAATAGCAGTTACCG,1
ATAATAGCTACAAAGT,1
ATAATAGGCTGTAAAC,1
ATAATAGTAATCGGAT,1
ATAATAGTCATAGGAT,1
ATAATAGTCATTGAAT,1
ATAATATAAACATATT,1
ATAATATAACAGATAA,1
ATAATATAACTAAACA,1
ATAATATAAGCCACTG,1
ATAATATAATATCAGA,1
ATAATATAGCAAATAA,1
ATAATATAGGATCATC,1
ATAATATTAAGTCTAC,1
ATAATATTCATCGGAT,1
ATAATATTGAGAATGG,1
ATAATATTGAGAATTA,1
ATAATATTGAGCAACT,1
ATAATCAAAAACCAAG,1
ATAATCAAGGACCTTG,1
ATAATCAATCGTGCAC,1
ATAATCAATGTTAACG,1
ATAATCAATTTTCACG,1
ATAATCACCTTGTCCT,1
ATAATCACTTAAATAT,1
ATAATCACTTATAGTT,1
ATAATCACTTCGTTTA,1
ATAATCAGCGTGTCAC,1
ATAATCAGTGCAAGTA,1
ATAATCAGTGTTCACG,1
ATAATCATACACGAGT,1
ATAATCATATAAAGTA,1
ATAATCATGAAAGCTC,1
ATAATCATGAGCCAGA,1
ATAATCATTCGACAAA,1
ATAATCATTGCACCTA,1
ATAATCCAAAAGAGTG,1
ATAATCCAACGGCCGA,1
ATAATCCAACTTTCCG,1
ATAATCCCCACTAGAT,1
ATAATCCCCAGCACGG,1
ATAATCCGAAAGACCG,1
ATAATCCTGACACGTA,1
ATAATCCTTGAAAACT,1
ATAATCGACAAATAAA,1
ATAATCGGAAAATAAG,1
ATAATCGGCGGGTTGA,1
ATAATCGTACATGTGC,1
ATAATCGTATCACTCT,1
ATAATCTAAGTCGACA,1
ATAATCTAATAATTAG,1
ATAATCTACACAAGCT,1
ATAATCTACTTTTTAT,1
ATAATCTAGTCGCCCG,1
ATAATCTATAAATAAA,1
ATAATCTATAAATCAC,1
ATAATCTCACACTCGA,1
ATAATCTCGCACTCTA,1
ATAATCTCTATTAAGA,1
ATAATCTCTGTTGTAG,1
ATAATCTGAGTCTACA,1
ATAATCTGTACCTCAA,1
ATAATCTGTTGACACT,1
ATAATCTTAGCATCGC,1
ATAATCTTGTAATGCT,1
ATAATCTTGTAATTCG,1
ATAATCTTGTTATGCG,1
ATAATCTTTCTCTCAA,1
ATAATGAAAATCCCCA,1
ATAATGAAAATTGATT,1
ATAATGAAGAAAGTCA,1
ATAATGAAGATACGTC,1
ATAATGACACTGTATC,1
ATAATGACGGCCTTAG,1
ATAATGAGAGGCCATT,1
ATAATGAGGTCAAACA,1
ATAATGATATGACAGC,1
ATAATGATATGTGGGG,1
ATAATGATTACCTCCA,1
ATAATGCAAATCTATG,1
ATAATGCAAGCCACTG,1
ATAATGCAATGCACTG,1
ATAATGCCGTGGTCAT,1
ATAATGCGCATATTGA,1
ATAATGGAAACAGTGT,1
ATAATGGAATGCACTT,1
ATAATGGACAACAATC,1
ATAATGGACAGCAAGC,1
ATAATGGAGTTTAATT,1
ATAATGGATAACAAGC,1
ATAATGGGGGTAAAGA,1
ATAATGGTAATGATTG,1
ATAATGGTAATTAGTG,1
ATAATGGTCTAGAAAC,1
ATAATGGTTACACCCC,1
ATAATGGTTGAGACTT,1
ATAATGGTTGAGCAAG,1
ATAATGTAAGATGTAT,1
ATAATGTAATGCACTG,1
ATAATGTAGAGTTACA,1
ATAATGTAGTTTAATA,1
ATAATGTCTCAAAAAC,1
ATAATGTGCTTCTCCG,1
ATAATGTGTATAAAGC,1
ATAATGTTAAGTACCT,1
ATAATGTTCCACGACA,1
ATAATGTTTGCCTATA,1
ATAATTAAACAAGCCA,1
ATAATTAAACTATCCA,1
ATAATTAACACGAATA,1
ATAATTAACCCACGCA,1
ATAATTAACTGGGAAT,1
ATAATTAAGTGAAAAA,1
ATAATTAATATTAGCG,1
ATAATTAATCCTACAT,1
ATAATTAATGTTCACG,1
ATAATTACACAAGAAC,1
ATAATTACCCATCTAC,1
ATAATTACGTGATCCC,1
ATAATTAGAAAATAAC,1
ATAATTAGAAATACCA,1
ATAATTAGTAGAGTAC,1
ATAATTAGTGAATGTC,1
ATAATTAGTGGATTAC,1
ATAATTATCCACGAGA,1
ATAATTATCTTGCCCA,1
ATAATTATGTCGGGCG,1
ATAATTATTACCCCCA,1
ATAATTCAATCTAAAT,1
ATAATTCACAGAACGA,1
ATAATTCACCGACGCA,1
ATAATTCAGAATAACG,1
ATAATTCAGAATAGCC,1
ATAATTCATAGTAAAA,1
ATAATTCATTGTATCG,1
ATAATTCCACACATCG,1
ATAATTCCCGACATAA,1
ATAATTCGAAAATACA,1
ATAATTCTGTTTACAT,1
ATAATTCTTTTACCTA,1
ATAATTGAAACAAGTA,1
ATAATTGAATTTAGGA,1
ATAATTGAGAGTAACA,1
ATAATTGATCGAGACT,1
ATAATTGCAGAAATAG,1
ATAATTGCAGATAGAA,1
ATAATTGCATGAGGAG,1
ATAATTGGAAAAACAT,1
ATAATTGGACAAAAAT,1
ATAATTGGACTGACCA,1
ATAATTGGTCTACTCC,1
ATAATTGTAGTCTGAC,1
ATAATTGTCTAAAGAA,1
ATAATTGTGGATCACA,1
ATAATTTAAACTTAGC,1
ATAATTTAACAAATTT,1
ATAATTTAACTAATCA,1
ATAATTTAGATACGAT,1
ATAATTTCACAAGCAC,1
ATAATTTCCAGTTAGA,1
ATAATTTCGCTCAAGG,1
ATAATTTGAGACTAAT,1
ATAATTTTAATTAAGT,1
ATAATTTTGAACCCCG,1
ATAATTTTGCTGGGAT,1
ATAATTTTGCTTGAAT,1
ATAATTTTTACCATGT,1
ATACAAAAACCGCCTT,1
ATACAAAAACTGGACA,1
ATACAAAAAGAAGTTA,1
ATACAAAAATGCTCAG,1
ATACAAAACCTCTAGA,1
ATACAAAATACTATAG,1
ATACAAAATAGTGTGC,1
ATACAAAATCGATTTT,1
ATACAAAATCGGGGTC,1
ATACAAACAACAGAAG,1
ATACAAACAATATTGC,1
ATACAAACAATGGACA,1
ATACAAACACTGGACT,1
ATACAAACGCTGGACA,1
ATACAAAGAAAAGACG,1
ATACAAAGAGGGATGG,1
ATACAAAGCGTCAAAC,1
ATACAAAGTCAAGAGC,1
ATACAAAGTTACAAAA,1
ATACAAATAGGGTCAT,1
ATACAAATCCCGACAA,1
ATACAAATCGTACAGG,1
ATACAAATCTTAGAAT,1
ATACAAATTACACCTT,1
ATACAAATTCCCCCTC,1
ATACAACAAAAATACC,1
ATACAACAAAGATAAA,1
ATACAACAACAGTTAA,1
ATACAACACTACTTTA,1
ATACAACAGAGCAAAA,1
ATACAACAGCATGTGC,1
ATACAACATAGCAGAA,1
ATACAACATGAAAAGC,1
ATACAACCCTTAACAC,1
ATACAACCTACGGAAT,1
ATACAACGCAAAGTGC,1
ATACAACGCAAGCACA,1
ATACAACGCCATAAAA,1
ATACAAGAACAAGCCA,1
ATACAAGACATCATTA,1
ATACAAGAGCACCAAA,1
ATACAAGCAATCGCAC,1
ATACAAGCCGATATTC,1
ATACAAGGAATACCAA,1
ATACAAGGCGTCATAC,1
ATACAAGGGAACGTAT,1
ATACAAGGGAATGTAC,1
ATACAAGGTGTATGTC,1
ATACAAGTCGTAGAAC,1
ATACAAGTGATAAACT,1
ATACAAGTGCATAACC,1
ATACAATAAAAAAGAA,1
ATACAATAAAAAATAC,1
ATACAATAGAAACTCT,1
ATACAATATGAAAAGC,1
ATACAATATGGTATCT,1
ATACAATATTTTAGGA,1
ATACAATCGATGATAC,1
ATACAATCGGTGCTAC,1
ATACAATGAATTATAA,1
ATACAATGCTCGTAAG,1
ATACAATGTCCCACGA,1
ATACAATTACATGTAA,1
ATACAATTACGCGAAA,1
ATACAATTATCGAATT,1
ATACAATTCATGCCAT,1
ATACACAAAAAATACC,1
ATACACAAAAACGTAA,1
ATACACAAAACTGTTT,1
ATACACAAGAATTACC,1
ATACACAAGAATTATA,1
ATACACACACAATATC,1
ATACACACACGTAGAG,1
ATACACACTTCGCCAC,1
ATACACCAACACTCAC,1
ATACACCAAGACCCAA,1
ATACACCCAGCAAAAT,1
ATACACCCCAACTTTC,1
ATACACCGGTCCATGT,1
ATACACCTCCCAATCG,1
ATACACCTTTACCTAA,1
ATACACGAAAAAGGCG,1
ATACACGCCTACCAAA,1
ATACACGTCGTAAAAA,1
ATACACGTTAACAACG,1
ATACACTAACCCAATG,1
ATACACTAATTAATTG,1
ATACACTAGCAGGTAT,1
ATACACTATGGCCCTA,1
ATACACTATTCCGTTA,1
ATACACTCAACCTCAC,1
ATACACTCAGAAAAAC,1
ATACACTCCACCTAAC,1
ATACACTCCAGTTAGG,1
ATACACTGAATTCTGC,1
ATACACTGAGTTACTA,1
ATACACTGCACCATAG,1
ATACACTGTCGCAAAG,1
ATACACTTATAGAATT,1
ATACACTTGAGATTAC,1
ATACACTTGTCGAATT,1
ATACAGAAAGGTCTGA,1
ATACAGAACAAACAAG,1
ATACAGAACTGCATAG,1
ATACAGAATATTAAGT,1
ATACAGACCCTCTAGA,1
ATACAGACTAAGCGTT,1
ATACAGAGAACCAGAA,1
ATACAGATACAGAATT,1
ATACAGATATCTAAAT,1
ATACAGATGTCTGCAC,1
ATACAGATTACTCGCT,1
ATACAGCAAAGATGAA,1
ATACAGCAAGACGCGC,1
ATACAGCAGAGTTTCC,1
ATACAGCAGCGTTACC,1
ATACAGCAGGATTCAC,1
ATACAGCATAGCAAAA,1
ATACAGCATGAGCCAC,1
ATACAGCCATACAGAG,1
ATACAGCCCGTCGGCG,1
ATACAGCCCTTATCGC,1
ATACAGCCGAGTTCCC,1
ATACAGCTTAGAGCCC,1
ATACAGCTTTATCTCG,1
ATACAGGATATTAACA,1
ATACAGGATCCGTTAC,1
ATACAGGATGACGAGA,1
ATACAGGGAGCTAAAA,1
ATACAGGTTCCCATTT,1
ATACAGTAAAAAAGAC,1
ATACAGTACTGTAGTA,1
ATACAGTCATTTAAAA,1
ATACAGTGAGCACGTG,1
ATACAGTTAATACCGG,1
ATACAGTTATTACGAG,1
ATACATAAAGACCCAA,1
ATACATAAATTGTTCG,1
ATACATAACCACATGT,1
ATACATAATACGACAA,1
ATACATAATCGTACTT,1
ATACATACCAACGTTA,1
ATACATACCAGTAATT,1
ATACATACCAGTATAA,1
ATACATACGCATGGTC,1
ATACATACTATGTCTC,1
ATACATAGACCTTGGT,1
ATACATAGTAGTGTAC,1
ATACATATAAAAGATC,1
ATACATATATTCCAAA,1
ATACATATCTAAAACC,1
ATACATATGCTCGCTG,1
ATACATATGTACAAGG,1
ATACATATGTACTAGG,1
ATACATCAATACCCAA,1
ATACATCACAGTATAA,1
ATACATCACTATTCTC,1
ATACATCATCTCTATA,1
ATACATCCCACGCCAA,1
ATACATCCGAGCTAAA,1
ATACATCCTCAACAGC,1
ATACATCCTCAAGGCC,1
ATACATCGAATCGTAC,1
ATACATCGACAAGTAC,1
ATACATCGGATATCCT,1
ATACATCTAAAATATC,1
ATACATCTACTAGCCA,1
ATACATCTTAAAGATC,1
ATACATCTTAACAAAA,1
ATACATCTTTGGATCA,1
ATACATGAAGACCCAA,1
ATACATGATGTACCGT,1
ATACATGCATGCAACA,1
ATACATGCGAGTACGT,1
ATACATTAACAGGAAC,1
ATACATTAACAGGCCT,1
ATACATTACAACAAGA,1
ATACATTACAACAGCA,1
ATACATTACTAATTAT,1
ATACATTACTGGCATA,1
ATACATTAGAACACGA,1
ATACATTATGTTAAGG,1
ATACATTATTACCAAT,1
ATACATTCTAGTAGGC,1
ATACATTCTTACAGCT,1
ATACATTGCTTATGCG,1
ATACATTGGCCTAGCG,1
ATACATTGTACAAAGT,1
ATACATTGTCGTCTTT,1
ATACATTTAGGTGTTG,1
ATACATTTTACAACTA,1
ATACATTTTATTCTTT,1
ATACATTTTCTGTACA,1
ATACCAAAAAAGAATG,1
ATACCAAAATCCTCAG,1
ATACCAAAATGCTTAG,1
ATACCAAAGAACTTAA,1
ATACCAAAGCAATGGA,1
ATACCAAAGTCAATAT,1
ATACCAAAGTGCAATC,1
ATACCAAATTACAACC,1
ATACCAAATTAGGCCA,1
ATACCAACACAGAGTA,1
ATACCAACTTCTGGAG,1
ATACCAAGAAAGCCAC,1
ATACCAAGACGGCCAC,1
ATACCAAGAGGCTCGC,1
ATACCACAATGACTTT,1
ATACCACAATTGATAC,1
ATACCACAATTGATTC,1
ATACCACCCCATGTGT,1
ATACCACCTAAGGAAT,1
ATACCACCTACAGAAT,1
ATACCACCTACATGCG,1
ATACCACCTACCGAAT,1
ATACCACCTACGCAAT,1
ATACCACCTGCGGAAT,1
ATACCACCTTGCGAAC,1
ATACCACGACCAGGAG,1
ATACCACGGCCTGTCA,1
ATACCACGGGCCAGGA,1
ATACCACGTCCTGTTA,1
ATACCACGTCCTTTCA,1
ATACCACTAAAAATTT,1
ATACCACTTAAATCAA,1
ATACCAGAACAAACTC,1
ATACCAGAAGACACCA,1
ATACCAGAATAGGACA,1
ATACCAGACCAGAACG,1
ATACCAGAGCAAGAGG,1
ATACCAGGACTCAGAT,1
ATACCAGGTATCATCA,1
ATACCATAGAATAGGT,1
ATACCATATCAACGAT,1
ATACCATATGTTAAGG,1
ATACCATCAAATCTGC,1
ATACCATCAAGAGTAC,1
ATACCATCCAGTGAAT,1
ATACCATCGAATAGTT,1
ATACCATCGGATCAAT,1
ATACCATGAATATGAG,1
ATACCATGGAACAAAA,1
ATACCATTTAACTTCG,1
ATACCATTTACATTCG,1
ATACCATTTACCTTGG,1
ATACCATTTGATCATA,1
ATACCCAAAAAAGGCG,1
ATACCCAACAAAGGAG,1
ATACCCAACGACTTCT,1
ATACCCAAGAAAGGCG,1
ATACCCAAGCTCTCAT,1
ATACCCAATATTAAGT,1
ATACCCACAAATGCTC,1
ATACCCACACCAATAA,1
ATACCCACAGAATATC,1
ATACCCACCCGCTTGC,1
ATACCCATAGTGGCTA,1
ATACCCATGGGCACGA,1
ATACCCCAAACCGTGA,1
ATACCCCAACACGTGA,1
ATACCCCAACCCGCGA,1
ATACCCCAACCCGTTA,1
ATACCCCAACCTGTGA,1
ATACCCCACATCGACT,1
ATACCCCATACAGACA,1
ATACCCCATTCAGGCA,1
ATACCCCCGTTCGCTG,1
ATACCCCGACACCAAA,1
ATACCCCGGCACCAAA,1
ATACCCCGTAAAAACT,1
ATACCCCGTAACCAAA,1
ATACCCCGTCACAAAA,1
ATACCCCGTCACCAAG,1
ATACCCCGTCACCAAT,1
ATACCCCGTCACCTAA,1
ATACCCCGTCACGAAA,1
ATACCCCGTCACTAAA,1
ATACCCCTCAGAAAAA,1
ATACCCCTCCAAGTCC,1
ATACCCCTCCAAGTGA,1
ATACCCCTCTTGTAGT,1
ATACCCCTCTTGTTCA,1
ATACCCGAGAAAGAGG,1
ATACCCGGCACAAGTA,1
ATACCCGGTGAATTAC,1
ATACCCGTTAAAAACC,1
ATACCCGTTAAAGCTC,1
ATACCCTAATCCCAAC,1
ATACCCTACTCAGAAA,1
ATACCCTGATCTTAAG,1
ATACCCTGTGAATTCC,1
ATACCGAAACAATGAA,1
ATACCGAACCGCATCA,1
ATACCGAACTTGGCCG,1
ATACCGACCGGACTCT,1
ATACCGAGAACGGTTC,1
ATACCGAGACTTGATA,1
ATACCGAGTCAACGAC,1
ATACCGATCATTAGAT,1
ATACCGCAACCCGTGA,1
ATACCGCATTGACCGT,1
ATACCGCCGATGACCA,1
ATACCGCGATCGTTAG,1
ATACCGCGTCTGAATT,1
ATACCGCTCTAACATT,1
ATACCGGACGTCCGTT,1
ATACCGGAGGCGGAAA,1
ATACCGGCTCCGCTAC,1
ATACCGGCTGCCCATA,1
ATACCGGGCTAAAAAG,1
ATACCGTAAAAGAAAA,1
ATACCGTCAGACTCAC,1
ATACCTAAACATGTGA,1
ATACCTAAGAGCATAG,1
ATACCTAATATTAAGT,1
ATACCTACAAGTACAA,1
ATACCTACCCAAATAA,1
ATACCTACGCATGTAA,1
ATACCTAGTAAAAGGT,1
ATACCTAGTACAACGT,1
ATACCTAGTGAACCAA,1
ATACCTAGTGAACTAT,1
ATACCTAGTGACGCAG,1
ATACCTCACGCAATAC,1
ATACCTCAGGACTCAA,1
ATACCTCATATGCTCA,1
ATACCTCATTCCGTAC,1
ATACCTCATTCGTCAG,1
ATACCTCCGAATCCAT,1
ATACCTCCGAGGACCA,1
ATACCTCCTATAGATA,1
ATACCTCCTTGTTCCA,1
ATACCTCGAATATACA,1
ATACCTCTTCAAATCA,1
ATACCTGACGCATAAA,1
ATACCTGAGGTCATAT,1
ATACCTGATAGTTGTA,1
ATACCTGATGATGCAG,1
ATACCTGGATAGCAAA,1
ATACCTGTTGAGTAAC,1
ATACCTTAAACTAGCA,1
ATACCTTAAAGTAACA,1
ATACCTTAACTCTGAA,1
ATACCTTGATATCACA,1
ATACCTTGATCCCGAG,1
ATACCTTGATCTTAAG,1
ATACCTTTAAAACACA,1
ATACCTTTAATATACG,1
ATACCTTTTACCTTCG,1
ATACGAAAATCGATCA,1
ATACGAAAATCTAGCA,1
ATACGAAAGTCGAGCA,1
ATACGAACAAAAAAAA,1
ATACGAACGTATACTA,1
ATACGAAGTTAAACGC,1
ATACGAATAAGGATAA,1
ATACGAATAAGTCCCG,1
ATACGAATCCCCCACG,1
ATACGAATGATGATAA,1
ATACGACAAGTAAGCA,1
ATACGACAAGTTATGC,1
ATACGACAATAAAGCA,1
ATACGACAATACGCTA,1
ATACGACAATGACGTT,1
ATACGACAATTATCAA,1
ATACGACACTACTGTA,1
ATACGACCATACACAA,1
ATACGACCATAGAAAA,1
ATACGACGATGCATAA,1
ATACGACTACCGGGCT,1
ATACGACTACTGGACT,1
ATACGACTACTGTGCT,1
ATACGACTCCCGTCCC,1
ATACGACTGCTGGGCT,1
ATACGACTTTGCAAGC,1
ATACGAGAAGTTCTGC,1
ATACGAGAATGACAAC,1
ATACGAGTGAGGATAA,1
ATACGATAACAACGCG,1
ATACGATACTGGTAAA,1
ATACGATATCAAAGCG,1
ATACGATATCAACGCT,1
ATACGATGACGCGGGT,1
ATACGATGAGAAAGTC,1
ATACGATGCAGACCTG,1
ATACGATGGCTCTTAC,1
ATACGATTAGAGATAT,1
ATACGATTCTTGACAA,1
ATACGCAACCCAATAG,1
ATACGCAGTCACACAG,1
ATACGCAGTGCCTTAA,1
ATACGCAGTTACACAG,1
ATACGCATAAGCTAAA,1
ATACGCATCCGTTGAG,1
ATACGCCCCATATGTG,1
ATACGCCTATAGAAAA,1
ATACGCCTCAATAATG,1
ATACGCCTGAGGATCA,1
ATACGCCTGCGCCTTG,1
ATACGCGCACAACATA,1
ATACGCGCAGGTCGAA,1
ATACGCTCACGGCCAG,1
ATACGCTGGGAGTGTA,1
ATACGGAAAAAATGAG,1
ATACGGAATAAATATG,1
ATACGGACTCGAAAAT,1
ATACGGAGATTAAATA,1
ATACGGAGCCATCTAG,1
ATACGGATGAGTAACG,1
ATACGGATTATCATGA,1
ATACGGATTTAAGACA,1
ATACGGCAAAGATAAA,1
ATACGGCAGAGAGGAG,1
ATACGGCTTGATTCAC,1
ATACGGGAGACTCTCA,1
ATACGGGAGCTTAATC,1
ATACGGGATCCTAATC,1
ATACGGGATCTTAATT,1
ATACGGGCAGTGCGAA,1
ATACGGGCGACTCCCA,1
ATACGGGCTACTCTCA,1
ATACGGGGAAACCCTG,1
ATACGGGGATTAAAGA,1
ATACGGGGGTTCTACA,1
ATACGGTATACCGATC,1
ATACGGTGACGAGGGT,1
ATACGGTGACGCGGAT,1
ATACGGTGAGGCGGGT,1
ATACGGTGTAATAATT,1
ATACGGTTAAATATCA,1
ATACGTAAAACACTGT,1
ATACGTAAATTACATC,1
ATACGTAAGATTCCTC,1
ATACGTAAGATTGGAA,1
ATACGTAATACATATG,1
ATACGTAATCTTGGAA,1
ATACGTACACGACAAG,1
ATACGTAGGGGAAAAG,1
ATACGTAGGGGCAAAG,1
ATACGTAGGGGGGAAG,1
ATACGTAGGGGGTAAG,1
ATACGTAGGGGTAAAG,1
ATACGTATAACATTGT,1
ATACGTATGCCCGCTG,1
ATACGTATGCTAGCTG,1
ATACGTATGCTCACTG,1
ATACGTATGCTCGCTC,1
ATACGTATGCTCTCTG,1
ATACGTATGGTGGCCC,1
ATACGTCAAGCCCATA,1
ATACGTCAGTATACGA,1
ATACGTCAGTCAAGAC,1
ATACGTCATCCAAAAA,1
ATACGTCGAATTAGAG,1
ATACGTCTTAATAGGT,1
ATACGTGAGAAATATG,1
ATACGTGAGACTATTA,1
ATACGTGAGCCAAGAC,1
ATACGTGAGTAAAGAC,1
ATACGTGAGTCAAAAC,1
ATACGTGAGTCAATAC,1
ATACGTGATTCAAGAC,1
ATACGTGCGAAATACA,1
ATACGTGTCAACTGCC,1
ATACGTGTTCGCAGGC,1
ATACGTTAACCTGTAT,1
ATACGTTAGTCAAGAC,1
ATACGTTAGTCCCCCG,1
ATACGTTCGTAGAAAA,1
ATACGTTGAACGCGTA,1
ATACGTTTAATAGGTC,1
ATACTAAAACGAACAA,1
ATACTAAAAGCAATGT,1
ATACTAAAATCGAGCA,1
ATACTAACATAACTAT,1
ATACTAACATTACATG,1
ATACTAACCCATACAC,1
ATACTAACTTCACATG,1
ATACTAAGAAATAACA,1
ATACTAAGAGAAAAAC,1
ATACTAAGATCCTAAT,1
ATACTAAGTTATTAAC,1
ATACTAATTCTGGAGA,1
ATACTACAAGAAAGCA,1
ATACTACAATCAAAAT,1
ATACTACACAGCAAAG,1
ATACTACAGCATGCCT,1
ATACTACCAACCCCTG,1
ATACTACCAAGTCTAT,1
ATACTACCATAGACAA,1
ATACTACGAAAAATGT,1
ATACTACGACATTAAG,1
ATACTACGGATGCGTC,1
ATACTACGGTATTAAC,1
ATACTACTACATAGAA,1
ATACTACTTAAAGCTA,1
ATACTACTTACATATC,1
ATACTACTTCAAAATA,1
ATACTAGAGCTAGTCA,1
ATACTAGTGTTAGATG,1
ATACTATAACAACGGA,1
ATACTATAAGATACGT,1
ATACTATAAGTTGTCC,1
ATACTATATATGTATC,1
ATACTATGTCAAAAAA,1
ATACTATTAACATATC,1
ATACTATTCACATATC,1
ATACTATTTACGTATC,1
ATACTATTTATATATC,1
ATACTCAAAATCAACA,1
ATACTCAAACACTAGA,1
ATACTCAAATGACCAC,1
ATACTCAATGAAAAGT,1
ATACTCACATACAAAC,1
ATACTCACCATAGGAT,1
ATACTCACTCATACCA,1
ATACTCACTGATTTCA,1
ATACTCACTTAGTTCA,1
ATACTCAGTGACACAG,1
ATACTCATACAAAATT,1
ATACTCATCAATTTAT,1
ATACTCATTCAAGATT,1
ATACTCCAAAATAAAG,1
ATACTCCAAAGTGATA,1
ATACTCCAACGGCTGA,1
ATACTCCACAACAAAG,1
ATACTCCACAGCAAAT,1
ATACTCCACAGCAAGG,1
ATACTCCACAGCAATA,1
ATACTCCACAGTAAAG,1
ATACTCCACGGAGGGA,1
ATACTCCATGCCTTCT,1
ATACTCCCACGCAAAA,1
ATACTCCCAGAGCTAA,1
ATACTCCCTAATTGAT,1
ATACTCCGGATGCTTC,1
ATACTCCGGTATGCAA,1
ATACTCCTCCGAGATT,1
ATACTCGAAATGTATC,1
ATACTCGAGACAGTAA,1
ATACTCGATTAGTCTC,1
ATACTCGCAACTGCGG,1
ATACTCGCATCCACAA,1
ATACTCGCGCAAGAAT,1
ATACTCGGGAGGGGGA,1
ATACTCGGTGACCCCT,1
ATACTCGTTATGGGGA,1
ATACTCTAAGGCAACT,1
ATACTCTACAGGACTG,1
ATACTCTCGTCACGCG,1
ATACTCTGTTGCATAA,1
ATACTCTTCTCTTCGT,1
ATACTGACACATAATC,1
ATACTGACGGTGTTTA,1
ATACTGAGAAAAATGT,1
ATACTGAGACAGTCTC,1
ATACTGAGGAATGTCC,1
ATACTGAGGGACAACA,1
ATACTGATAAATTCAG,1
ATACTGATCATAGTTG,1
ATACTGATCCCGATTG,1
ATACTGATGATCACAA,1
ATACTGATTTACAGCC,1
ATACTGATTTAGTTGA,1
ATACTGCAAGTTAATC,1
ATACTGCACACAATAA,1
ATACTGCACTGAGGGA,1
ATACTGCAGATGGGGT,1
ATACTGCGGCCTAGAA,1
ATACTGCTCCATTTGC,1
ATACTGGAAAGATCCT,1
ATACTGGACTTCGTCA,1
ATACTGGAGTATTGCT,1
ATACTGGATAGAAGCT,1
ATACTGGCGCAATTGG,1
ATACTGGTATCTAACA,1
ATACTGGTCCAGAACT,1
ATACTGTAAGAACTGC,1
ATACTGTAGGGCCTAA,1
ATACTGTATAAGGAAA,1
ATACTGTCATAAGGGG,1
ATACTGTCATAGGGGG,1
ATACTGTCTAACTTCT,1
ATACTGTGATGAGAAT,1
ATACTGTTTATAGCCA,1
ATACTTAAAAATTTCC,1
ATACTTAAAACATTGT,1
ATACTTAAAGAAATAG,1
ATACTTAAGAATGACA,1
ATACTTAGAAACAAAC,1
ATACTTAGACAGTTTC,1
ATACTTAGTGACATCT,1
ATACTTAGTGCAATCT,1
ATACTTATAGGATTTC,1
ATACTTATCTAACAAA,1
ATACTTATTCAAAATT,1
ATACTTATTTGGGGAA,1
ATACTTCAAAACTCTT,1
ATACTTCACGGAGGGA,1
ATACTTCACTTCACAG,1
ATACTTCATCGTATCG,1
ATACTTCATGAACTCT,1
ATACTTCCAAACTATT,1
ATACTTCCAAACTCTC,1
ATACTTCCCCCTCTGC,1
ATACTTCTGAAATTCA,1
ATACTTCTGTACTTCG,1
ATACTTCTTTAAATCA,1
ATACTTGAAGAAATAG,1
ATACTTGACGCCAACA,1
ATACTTGCACAACCCA,1
ATACTTGCATAAATAG,1
ATACTTGTAGAAATAG,1
ATACTTTAATTAGATA,1
ATACTTTACCAGACCG,1
ATACTTTATCCCAATT,1
ATACTTTATGAATGGG,1
ATACTTTCATAGCTAT,1
ATACTTTCCTAACAAC,1
ATACTTTCGCACGCAC,1
ATACTTTCTCAAGCAC,1
ATACTTTTACTACGCT,1
ATACTTTTCATTTGCC,1
ATACTTTTGAAACCCG,1
ATAGAAAAACATGACC,1
ATAGAAAACATATTCG,1
ATAGAAAAGCTGGGGA,1
ATAGAAAAGTAACATA,1
ATAGAAAATATGAGTC,1
ATAGAAAATATGATTT,1
ATAGAAAATATGGGTT,1
ATAGAAAATATTAGTT,1
ATAGAAACAAAACAAT,1
ATAGAAACAAATATAA,1
ATAGAAACACTCACGT,1
ATAGAAACGGAGCAGA,1
ATAGAAACTCCGAAAT,1
ATAGAAAGATCACGCG,1
ATAGAAAGCCTTAGAA,1
ATAGAAAGCCTTATAC,1
ATAGAAAGGAACGAAT,1
ATAGAAAGTGGCGATC,1
ATAGAAAGTTTAATGC,1
ATAGAAATCAGACACG,1
ATAGAAATCTTTAAAC,1
ATAGAAATGAGTACTA,1
ATAGAAATGAGTCTGT,1
ATAGAAATGAGTTGTA,1
ATAGAAATTAGCGCCG,1
ATAGAAATTGGTAATC,1
ATAGAACAATTTCATC,1
ATAGAACACTTCCGAA,1
ATAGAACATATACACG,1
ATAGAACATCCATTCA,1
ATAGAACCCATTACTT,1
ATAGAACCCCAGATAA,1
ATAGAACCGGAGCAGT,1
ATAGAACCGGGACTAC,1
ATAGAACCTCAATCTG,1
ATAGAACGAACACCAA,1
ATAGAACGACAGAACC,1
ATAGAACGACCACCGA,1
ATAGAACGACCGTCGA,1
ATAGAACGATCACTAT,1
ATAGAACGCGTAAGCA,1
ATAGAACGCGTGCCGA,1
ATAGAACGGAACGAAG,1
ATAGAACGTTTAATAC,1
ATAGAACTATGCCATA,1
ATAGAACTGGATATAT,1
ATAGAAGACAACCGGC,1
ATAGAAGACCGACATC,1
ATAGAAGATATCCCAA,1
ATAGAAGATATCGAAA,1
ATAGAAGATATCGCAG,1
ATAGAAGCCATAACGA,1
ATAGAAGCCCTACATC,1
ATAGAAGGACGAGCTT,1
ATAGAAGGACGCGATT,1
ATAGAAGGCTCACCAC,1
ATAGAAGTCAGATTCC,1
ATAGAATACTAGACAT,1
ATAGAATAGCAAGATG,1
ATAGAATAGTAAAATG,1
ATAGAATATTAAGCTA,1
ATAGAATCCCGACATC,1
ATAGAATGAAAAACAA,1
ATAGAATGGATATATC,1
ATAGAATTACCCTATA,1
ATAGAATTACCTTCTA,1
ATAGAATTGCCCTCTA,1
ATAGAATTGCTATTGA,1
ATAGAATTTATTAATG,1
ATAGACAAAAACATAA,1
ATAGACAATTCGACCG,1
ATAGACACAAGAGTAC,1
ATAGACACAGCCCTCT,1
ATAGACACATTCCAAT,1
ATAGACACCAGACACG,1
ATAGACACGTTACATG,1
ATAGACAGAATCTATC,1
ATAGACAGACCGTCGA,1
ATAGACAGATACGCAA,1
ATAGACAGCATCTATG,1
ATAGACAGGAATGAGA,1
ATAGACAGTAATTAAC,1
ATAGACATCAAATTCC,1
ATAGACATCCATACCA,1
ATAGACATCCATACCC,1
ATAGACATGAGACACG,1
ATAGACCAAAGATTAA,1
ATAGACCATAATCCAT,1
ATAGACCCTTCAGTTC,1
ATAGACCGAACGTCGA,1
ATAGACCGACAGTCGA,1
ATAGACCGACCATCGA,1
ATAGACCGACCGTAGA,1
ATAGACCGACCGTCAA,1
ATAGACCGGCCGTCGA,1
ATAGACCTAGCCCACG,1
ATAGACCTCCCACCTT,1
ATAGACCTTTCAGTTG,1
ATAGACGAACCGACCC,1
ATAGACGAGCACGAGT,1
ATAGACGCAGCACCTT,1
ATAGACGCGTATCAGT,1
ATAGACGGATCACCAC,1
ATAGACGGCTCACAAC,1
ATAGACGGCTCACCTC,1
ATAGACGGCTGACCAC,1
ATAGACGGGTCACCAC,1
ATAGACGGTTCACCAC,1
ATAGACGTACACTAAC,1
ATAGACTACCTAACTA,1
ATAGACTCAGCGGATG,1
ATAGACTCCATTAGGT,1
ATAGACTCGAAAACGG,1
ATAGACTGAAGAGTAC,1
ATAGACTGACAGTATT,1
ATAGACTGACTAACTA,1
ATAGACTGATGAAATT,1
ATAGACTGCTCACCAC,1
ATAGACTTAGTTCCAA,1
ATAGACTTATTTTAAA,1
ATAGACTTCCTAACTA,1
ATAGACTTGATAACTA,1
ATAGACTTGCATATTA,1
ATAGAGAACTGTGCAA,1
ATAGAGAATTGAGGGG,1
ATAGAGAATTGCGTGG,1
ATAGAGAATTGCTGGG,1
ATAGAGAATTTCGGGG,1
ATAGAGACCCACAAAT,1
ATAGAGACTACATGTA,1
ATAGAGACTCCAATTT,1
ATAGAGAGAGAAACTC,1
ATAGAGAGCACTAAAT,1
ATAGAGAGCCAAGTAG,1
ATAGAGATGTCTGAAT,1
ATAGAGATTAATCCCA,1
ATAGAGATTACGCCAA,1
ATAGAGCATACATGTA,1
ATAGAGCCAACATGTA,1
ATAGAGCCTAAATGTA,1
ATAGAGCTAAAGGCAC,1
ATAGAGCTATTGTCCT,1
ATAGAGCTCTCAAGAA,1
ATAGAGCTTACATGTA,1
ATAGAGCTTGATCAAA,1
ATAGAGGAAAGAAGCG,1
ATAGAGGAACCTAGCA,1
ATAGAGGACTAATCAA,1
ATAGAGGACTATGCAA,1
ATAGAGGACTGTGAAA,1
ATAGAGGACTGTGGAA,1
ATAGAGGATTGCGGGG,1
ATAGAGGATTGTGCAA,1
ATAGAGGCACACAAAA,1
ATAGAGGCACACATAA,1
ATAGAGGCATACACAA,1
ATAGAGGGGAGCATTC,1
ATAGAGGTACACACAA,1
ATAGAGGTAGACAAAT,1
ATAGAGGTGAATCCCA,1
ATAGAGGTGCCGCTCG,1
ATAGAGGTTATCACTG,1
ATAGAGTAAACTTCAA,1
ATAGAGTACCCGCCTG,1
ATAGAGTCAAATAGTT,1
ATAGAGTCAAGTTGTA,1
ATAGAGTCACACACAA,1
ATAGAGTCACGTTTTA,1
ATAGAGTCAGCAACCA,1
ATAGAGTCATGTTGTA,1
ATAGAGTCATTCTAAG,1
ATAGAGTCCCACAAAT,1
ATAGAGTGGGACAAAT,1
ATAGAGTTTTTTTGCT,1
ATAGATAATCCCATCT,1
ATAGATACCACTCCAT,1
ATAGATACCGATTGGG,1
ATAGATAGACTTTTCT,1
ATAGATAGCGATTGGA,1
ATAGATAGGGACCATG,1
ATAGATAGTAAATCCA,1
ATAGATATATGCATAC,1
ATAGATATCGAAACTC,1
ATAGATATCGATTGGG,1
ATAGATATGCCTATAT,1
ATAGATCACCTCATAA,1
ATAGATCAGTCCTCCA,1
ATAGATCCCCACAAAT,1
ATAGATCGATCAACCG,1
ATAGATCTATTGGCCT,1
ATAGATCTCGGATAAA,1
ATAGATCTGAAATCAG,1
ATAGATCTGAGAAGTT,1
ATAGATCTGTGTCGAA,1
ATAGATGAAATTCGGG,1
ATAGATGAACTGCGAG,1
ATAGATGACTGTGCAA,1
ATAGATGCATAGATTC,1
ATAGATGCTCAAATCT,1
ATAGATGTCCTCTGTG,1
ATAGATTAACCAACAT,1
ATAGATTACCCCCCTA,1
ATAGATTACGACAGCA,1
ATAGATTACTCATATT,1
ATAGATTAGAAGACTT,1
ATAGATTATCGAGTTC,1
ATAGATTGAAGGCTGT,1
ATAGATTGAGTAGCTA,1
ATAGATTGCAACAGCA,1
ATAGATTTAGTTCCAG,1
ATAGATTTCAAAAAGT,1
ATAGATTTGACAAGAC,1
ATAGCAAAAAAGCGAC,1
ATAGCAAAAAGTATTT,1
ATAGCAAAACAATCTA,1
ATAGCAAAACTTATCT,1
ATAGCAAAATACGAAT,1
ATAGCAAAATTAAAGT,1
ATAGCAAAGGCCTTAA,1
ATAGCAAATCCCTTAA,1
ATAGCAAATCTATTAC,1
ATAGCAACCTTCTTGA,1
ATAGCAACTAAAAACT,1
ATAGCAAGCATAGAAG,1
ATAGCAAGCCCACACA,1
ATAGCAATACGCTGAT,1
ATAGCAATATGAGAAT,1
ATAGCAATATGGCAAT,1
ATAGCAATATTACAAT,1
ATAGCAATGACCATAA,1
ATAGCAATGAGCACGA,1
ATAGCACCACGATGTA,1
ATAGCACGACCACACA,1
ATAGCACTAGAAAGGA,1
ATAGCAGTGTATGCAT,1
ATAGCATACACAATTA,1
ATAGCATATACTGCAT,1
ATAGCATATGCACATA,1
ATAGCATCCACCATCG,1
ATAGCATCCCCATCGT,1
ATAGCATCGCCGCAAG,1
ATAGCATGCTCCGTAT,1
ATAGCATTTCATATAA,1
ATAGCCAAAATACGAA,1
ATAGCCAAAATCATGG,1
ATAGCCACACAGCAGA,1
ATAGCCACACGGCCGA,1
ATAGCCACATAGCCGA,1
ATAGCCACCTGCAAGT,1
ATAGCCACGAACTGGT,1
ATAGCCACGCAATGAA,1
ATAGCCACGCACTTAA,1
ATAGCCACTCATTGAA,1
ATAGCCAGACTTAGGT,1
ATAGCCATGCACTGAA,1
ATAGCCATTGAGAGCT,1
ATAGCCATTTATCCAT,1
ATAGCCCAAAAAACCG,1
ATAGCCCAAGAAAGGA,1
ATAGCCCAATGTAAAT,1
ATAGCCCAGAGATTAA,1
ATAGCCCCCGCATCCT,1
ATAGCCCTAGAAATGA,1
ATAGCCGTAAACATCA,1
ATAGCCGTAACGAAAC,1
ATAGCCGTACTAACCA,1
ATAGCCGTACTCACAA,1
ATAGCCGTCCCAAAAC,1
ATAGCCGTCGCAACAC,1
ATAGCCTACGCCCAGC,1
ATAGCCTACTCAAAGC,1
ATAGCCTATCTTGGCC,1
ATAGCCTGTTATCGTC,1
ATAGCCTTCCCAACAC,1
ATAGCGAAATATACAA,1
ATAGCGAGACTGTCAA,1
ATAGCGAGGGCCAAAC,1
ATAGCGATAAAATAGT,1
ATAGCGATAAGCACGA,1
ATAGCGATGAGAACGA,1
ATAGCGATGAGCACAA,1
ATAGCGATTAGATCAC,1
ATAGCGATTTACTATA,1
ATAGCGCATTAGGCGT,1
ATAGCGCGCAAGCTCG,1
ATAGCGGATACATACA,1
ATAGCGGCACACACAA,1
ATAGCGGGGAGCGTTC,1
ATAGCGGTGAGCATTC,1
ATAGCGTATCTAGGCC,1
ATAGCGTCCACGTCAG,1
ATAGCGTTCGGAGTAA,1
ATAGCTAAATAATAGA,1
ATAGCTAAGACGTAAA,1
ATAGCTAATACCCAAG,1
ATAGCTACAAGTACAA,1
ATAGCTACCTGTGCTA,1
ATAGCTACTAGATGAC,1
ATAGCTATAGAAACTC,1
ATAGCTATCGAAACCC,1
ATAGCTATTCTTGACA,1
ATAGCTATTTAATGGA,1
ATAGCTATTTACCATA,1
ATAGCTCACATACACC,1
ATAGCTCTATGGTCGC,1
ATAGCTGAATTGGCGT,1
ATAGCTGCTTCAAATA,1
ATAGCTGTGACTTAAA,1
ATAGCTGTTAAAAATT,1
ATAGCTGTTCAGGACA,1
ATAGCTTAAGCTCAAT,1
ATAGCTTACTTGTACT,1
ATAGCTTAGCCGTAAA,1
ATAGCTTAGTATAATA,1
ATAGCTTATAAACCAC,1
ATAGCTTATAAACCTT,1
ATAGCTTATATATTAC,1
ATAGCTTCAGCTAAAT,1
ATAGCTTCGGCTCAAT,1
ATAGCTTGATATCCCA,1
ATAGCTTGGAAAGTGA,1
ATAGGAACACAATCTT,1
ATAGGAACCTAAATCA,1
ATAGGAACGCTGTATT,1
ATAGGAACGTAATTTA,1
ATAGGAACTATCTCCA,1
ATAGGAAGACATATGC,1
ATAGGAAGAGACCACC,1
ATAGGAATCGCGACGA,1
ATAGGAATCGGATATC,1
ATAGGAATGATATATC,1
ATAGGAATTGAAGATC,1
ATAGGAATTGACCTTA,1
ATAGGAATTGCCTCCA,1
ATAGGAATTTATACTC,1
ATAGGACAGACCCGAA,1
ATAGGACATATATGCA,1
ATAGGACCCTAACCCC,1
ATAGGACCCTAAGGCC,1
ATAGGACGGAGCAAAA,1
ATAGGACTAGCGACGA,1
ATAGGACTCACGACGA,1
ATAGGACTCCTACGCA,1
ATAGGACTCGCGGCGA,1
ATAGGACTCGTGACGA,1
ATAGGACTGGCGACGA,1
ATAGGACTTCCATTCT,1
ATAGGAGACTTTGACT,1
ATAGGAGAGTAGTTCA,1
ATAGGAGATCCAGCCC,1
ATAGGAGCAGTTTTGA,1
ATAGGAGCATAAGGCG,1
ATAGGAGCATCAGTCG,1
ATAGGAGCATTAGGCG,1
ATAGGAGGGGAGTCGC,1
ATAGGAGTACGGAAAC,1
ATAGGAGTCACCAGTT,1
ATAGGAGTTGCCTCTA,1
ATAGGATCTCGAAAAA,1
ATAGGATGATAAAGCA,1
ATAGGATGGATGTATC,1
ATAGGATGGTACAGCA,1
ATAGGCAACGTGATCG,1
ATAGGCAACTAATACA,1
ATAGGCAAGAAGGCAC,1
ATAGGCAAGTTCTGAC,1
ATAGGCAGAATTACTA,1
ATAGGCAGAGTTACTC,1
ATAGGCATGAAATAAC,1
ATAGGCATTGCTTAAC,1
ATAGGCCAAATGCTAT,1
ATAGGCCAGACACGAA,1
ATAGGCCAGACCCGAT,1
ATAGGCCAGCTATGAC,1
ATAGGCCATACCCGAA,1
ATAGGCCTACCAATAT,1
ATAGGCCTCAAGAATG,1
ATAGGCGAATCTCTTG,1
ATAGGCGCCGAGACGG,1
ATAGGCGGACTACACT,1
ATAGGCGTACTACCAT,1
ATAGGCGTTTTAATCA,1
ATAGGCTAAATGATAT,1
ATAGGCTAAATTCTAT,1
ATAGGCTAATAGAATC,1
ATAGGCTCAGCACGAG,1
ATAGGCTCTAGATAGA,1
ATAGGCTTAACCACTA,1
ATAGGGACCGAGAGTC,1
ATAGGGACTGAGATTC,1
ATAGGGAGCAATTGAC,1
ATAGGGATCATTTTAC,1
ATAGGGCAGCAATCAG,1
ATAGGGCTACCATAAG,1
ATAGGGGAAACGAGTA,1
ATAGGGGAAACGCATA,1
ATAGGGGACTGTGCAA,1
ATAGGGTAAATTAATA,1
ATAGGGTCATCAACCT,1
ATAGGGTGCGTTTAAA,1
ATAGGGTTTCTTATTG,1
ATAGGGTTTTTTATTC,1
ATAGGGTTTTTTTGAT,1
ATAGGTAAAGGTACTG,1
ATAGGTACCACACAAA,1
ATAGGTAGGCATCGCT,1
ATAGGTAGTATAAAAC,1
ATAGGTAGTGGAAAAC,1
ATAGGTCAATATGTTT,1
ATAGGTCACGAGATAA,1
ATAGGTCATTCCCGAT,1
ATAGGTCCAAGTATAA,1
ATAGGTCCCGCACAAT,1
ATAGGTCGCTATTTTC,1
ATAGGTCGGCGTTAGC,1
ATAGGTCTCATTTTAC,1
ATAGGTCTTGTATTGA,1
ATAGGTGACGAAAGAG,1
ATAGGTGAGTTGTCCT,1
ATAGGTGATTACGCCT,1
ATAGGTTAACGATTTC,1
ATAGGTTAGCGATTCC,1
ATAGGTTAGTGGCACA,1
ATAGGTTCCTAATACA,1
ATAGGTTTAACAACTA,1
ATAGGTTTAACCACTG,1
ATAGGTTTATTGACAC,1
ATAGTAAAAGCAAAAC,1
ATAGTAAACAAAATGA,1
ATAGTAAAGGAGTTGG,1
ATAGTAAAGTGGTCAC,1
ATAGTAAATGAATTCG,1
ATAGTAACCTCCTGCC,1
ATAGTAACCTTGTGCT,1
ATAGTAACCTTTCCGG,1
ATAGTAACGCTCAAAA,1
ATAGTAAGAGCACAGA,1
ATAGTAAGATCATAAT,1
ATAGTAAGATCCTGAT,1
ATAGTAAGATTCTAAT,1
ATAGTAATAAAGAAGC,1
ATAGTAATATGACAAT,1
ATAGTAATTAAATTTA,1
ATAGTAATTAATTTAG,1
ATAGTACAATCTGCCC,1
ATAGTACAGGGGCCGA,1
ATAGTACATTATACGT,1
ATAGTACCAACCAGCA,1
ATAGTACCGCTTACTC,1
ATAGTACCTTTTACGT,1
ATAGTACGAAATTATT,1
ATAGTACGGTTTGCGC,1
ATAGTACTAAAGAAGA,1
ATAGTACTCGCGACGA,1
ATAGTACTGCACACAC,1
ATAGTACTGGGATATG,1
ATAGTACTTGCCAACA,1
ATAGTACTTTGAGGTG,1
ATAGTAGATAAAAGCC,1
ATAGTAGGGGCCATGT,1
ATAGTATACTCATCGA,1
ATAGTATATTAACAAA,1
ATAGTATCATCTTATG,1
ATAGTATCCACTAAAA,1
ATAGTATCTCAGTGCA,1
ATAGTATGATACAGCA,1
ATAGTATGTTAAGGCC,1
ATAGTATGTTGAAGCC,1
ATAGTCAAACGCTCAC,1
ATAGTCAAATACTCTA,1
ATAGTCAAGAGAATCC,1
ATAGTCAATATGAGAT,1
ATAGTCACAAATAGAC,1
ATAGTCACATAGAAGT,1
ATAGTCACATAGAATG,1
ATAGTCACATTCCAGT,1
ATAGTCACATTCCTAT,1
ATAGTCACTGAGTTCA,1
ATAGTCAGCCTTGAAC,1
ATAGTCATAGGTGAAA,1
ATAGTCATGAAACATA,1
ATAGTCCAACATTGCT,1
ATAGTCCCAAATTAAT,1
ATAGTCCCACAGTCAG,1
ATAGTCCCGCAGTCAG,1
ATAGTCCTAAATTATT,1
ATAGTCCTTGCCAACG,1
ATAGTCCTTTGCAAGG,1
ATAGTCGGGGCCATGC,1
ATAGTCGGGGCCGTGT,1
ATAGTCTAACTACTCT,1
ATAGTCTATCTAGGCC,1
ATAGTCTTACTGATTA,1
ATAGTCTTCTACCAGC,1
ATAGTCTTTAAGACAG,1
ATAGTGAAACAGCACG,1
ATAGTGAAGATTGACA,1
ATAGTGAATTAATGAG,1
ATAGTGAATTCAGGCA,1
ATAGTGACTTCAAGCA,1
ATAGTGACTTCAGACA,1
ATAGTGACTTCAGGAA,1
ATAGTGACTTCAGTCA,1
ATAGTGATCAACCGTC,1
ATAGTGATGAACCGTC,1
ATAGTGATGAGCACGA,1
ATAGTGATTAAACGTC,1
ATAGTGCAACATCACG,1
ATAGTGCACTAATCAA,1
ATAGTGCATATCACAT,1
ATAGTGCATCACATCG,1
ATAGTGCATCGAATCG,1
ATAGTGCCATTTCGAA,1
ATAGTGCCGTCAAGAA,1
ATAGTGCGACAAAAAT,1
ATAGTGCGGTAGACTA,1
ATAGTGGAAAACAGAG,1
ATAGTGGAAGTCGTTT,1
ATAGTGGGCACCATAC,1
ATAGTGGGCACTTTAC,1
ATAGTGGTTCACATCA,1
ATAGTGTAATGATTGA,1
ATAGTGTAATTCTATT,1
ATAGTGTATCAGAAAC,1
ATAGTGTTACGAGAGA,1
ATAGTGTTAGAATCCG,1
ATAGTGTTGGATTAGT,1
ATAGTTAAAGATTACC,1
ATAGTTAACTACCCAC,1
ATAGTTAATCGGATAT,1
ATAGTTACAAATAGGC,1
ATAGTTACAAATTGAC,1
ATAGTTACAGAAGTGA,1
ATAGTTACGTAAAAAC,1
ATAGTTAGACAAGGCT,1
ATAGTTAGTAGAAAAC,1
ATAGTTAGTCTAATTC,1
ATAGTTAGTCTCATTA,1
ATAGTTAGTCTCGTTC,1
ATAGTTATAAAATTAA,1
ATAGTTATATGAATAC,1
ATAGTTATATGCTTAC,1
ATAGTTATATTTCAAA,1
ATAGTTATCCATCCAA,1
ATAGTTATGTGCATAC,1
ATAGTTATTAACCGTC,1
ATAGTTCATCGCATCG,1
ATAGTTCATGGACAAG,1
ATAGTTCATGGATAAA,1
ATAGTTCCTCTAATAA,1
ATAGTTCGAATAACTT,1
ATAGTTCTCACCACAA,1
ATAGTTCTCAGTCGCA,1
ATAGTTCTTATAGAGA,1
ATAGTTCTTCCCAAAG,1
ATAGTTGAAATGGAGT,1
ATAGTTGACAGGTACA,1
ATAGTTGACCGGGGAC,1
ATAGTTGCAGAAGCGA,1
ATAGTTGCAGAAGTTA,1
ATAGTTGCATAAGTGA,1
ATAGTTGCCCTGGGAC,1
ATAGTTGGAACATGAA,1
ATAGTTGGACAAACAT,1
ATAGTTGGCAAATGAA,1
ATAGTTGGCACTATAC,1
ATAGTTGGGATGAAGT,1
ATAGTTGGGTCAGATG,1
ATAGTTGGTGGCAAAA,1
ATAGTTTAACATTTTT,1
ATAGTTTATGTACAAG,1
ATAGTTTGAGCCCTAA,1
ATAGTTTGCTAACTTA,1
ATAGTTTTAAGTATCT,1
ATAGTTTTTTGGAACT,1
ATATAAAAAAATGTCT,1
ATATAAAAACAGGAGC,1
ATATAAAAACTAACAG,1
ATATAAAAAGGAAAGC,1
ATATAAAAAGGCAGTT,1
ATATAAAAAGGTAAAA,1
ATATAAAAAGGTCTAA,1
ATATAAAAATGTCAAA,1
ATATAAAACATGCAAA,1
ATATAAAACCAAGTGT,1
ATATAAAAGGCAAAGG,1
ATATAAAAGGGTCAAA,1
ATATAAAATAGGAGCA,1
ATATAAAATCACCTGA,1
ATATAAAATTAAACCC,1
ATATAAACACATCGTG,1
ATATAAACACGTGACC,1
ATATAAACAGACTGAC,1
ATATAAACAGCATGAC,1
ATATAAACAGCCTGAA,1
ATATAAACAGCCTTAC,1
ATATAAACAGCGTGAC,1
ATATAAACAGCTTGAC,1
ATATAAACAGTCTGAC,1
ATATAAACATAAAACG,1
ATATAAACATCCTGAC,1
ATATAAACATCTATGA,1
ATATAAACCGGGTACT,1
ATATAAACGACGATTG,1
ATATAAACGCCGGTTG,1
ATATAAACTTAAGCGG,1
ATATAAAGAAACTAAA,1
ATATAAAGATTCCCAA,1
ATATAAAGCATTGATA,1
ATATAAAGCCTTAGAC,1
ATATAAAGCGATACTG,1
ATATAAAGTCTGTCCA,1
ATATAAATAACTCGTT,1
ATATAAATCGACGAGT,1
ATATAAATGAAAAAAT,1
ATATAAATGACCACCC,1
ATATAAATTAGCAACA,1
ATATAAATTCGAGGGA,1
ATATAACAAAAGCTAA,1
ATATAACAAAAGGAGC,1
ATATAACAAATGGAAT,1
ATATAACAACAGGATC,1
ATATAACAAGAAAAGC,1
ATATAACAAGCAAGAT,1
ATATAACAATACGTAT,1
ATATAACACACCATGA,1
ATATAACACTCTATTA,1
ATATAACATACACTCC,1
ATATAACCACCCATTG,1
ATATAACCCCAAACAG,1
ATATAACCCGGGATAC,1
ATATAACCGGAGCAGA,1
ATATAACGAAATCAAT,1
ATATAACTAAAAATTT,1
ATATAACTACTCATGA,1
ATATAAGAAAAATCGC,1
ATATAAGAACCAAGAA,1
ATATAAGAATTGAGAC,1
ATATAAGAGGAAAGAA,1
ATATAAGATTCGCAGT,1
ATATAAGATTGGTCAA,1
ATATAAGCACGACGTG,1
ATATAAGCATTACGAT,1
ATATAAGGGATATCTA,1
ATATAAGGTTCATCTA,1
ATATAAGGTTTATGTC,1
ATATAAGTCATACTAG,1
ATATAAGTCCACGCAA,1
ATATAATAAAATCAAG,1
ATATAATAACTTTGAC,1
ATATAATAATTGAAGA,1
ATATAATACGACGGTC,1
ATATAATACGTGGTTT,1
ATATAATAGCTGCCAA,1
ATATAATAGGAATGTA,1
ATATAATAGTAAGAAC,1
ATATAATATAAGAGAA,1
ATATAATATATGGGAC,1
ATATAATATCCTAACA,1
ATATAATCAGCTATTT,1
ATATAATCATATATGA,1
ATATAATCATCTATAA,1
ATATAATCCAAGATAA,1
ATATAATCCGATATTT,1
ATATAATCGTCTATGA,1
ATATAATGGACTTAAC,1
ATATAATGGTATGGTA,1
ATATAATTAAGCGAAA,1
ATATAATTACACGAAA,1
ATATAATTACTATTGG,1
ATATAATTATATATCT,1
ATATAATTCGAACGAA,1
ATATAATTCTAATAAA,1
ATATAATTGCCTGGTC,1
ATATAATTGCGCGAAA,1
ATATAATTGTCTGTTC,1
ATATAATTTTATAATA,1
ATATACAAAAAATTTT,1
ATATACAAAAACACAA,1
ATATACAAAACTAATC,1
ATATACAAAACTCAGA,1
ATATACAACAACTGGG,1
ATATACAACCAATGGG,1
ATATACAACCCTAAAA,1
ATATACAACGCCCTAA,1
ATATACAAGATCAATG,1
ATATACAAGTATACTT,1
ATATACAAGTGAATCC,1
ATATACAATACTACGG,1
ATATACAATGAAGAAT,1
ATATACACAAAGCATC,1
ATATACACACGAGTGA,1
ATATACACGACGATTT,1
ATATACAGCCCGGAAA,1
ATATACAGGGATCCCG,1
ATATACAGGGATTCAG,1
ATATACATCCCGGCAA,1
ATATACATGGATTCTG,1
ATATACCAACCAATAA,1
ATATACCAAGTCAAGT,1
ATATACCAATAGTGTC,1
ATATACCACAAGGTTC,1
ATATACCACATAGCTT,1
ATATACCACGTTCCAA,1
ATATACCAGATCAATT,1
ATATACCATGGACCTG,1
ATATACCCCTGGTGCG,1
ATATACCCTTCAAAAT,1
ATATACCGAATGACTG,1
ATATACCGCATCCCCA,1
ATATACCGGCTAGGCG,1
ATATACGAAGTCAAGC,1
ATATACGACATGAAAT,1
ATATACGACCTTAAAT,1
ATATACGAGCGTTAGA,1
ATATACGATTGTCTCC,1
ATATACGGCTCACCAC,1
ATATACGTCCCAAAAA,1
ATATACGTGCACAAAT,1
ATATACTAAAAATGTG,1
ATATACTACATCTAAT,1
ATATACTAGGAATGTG,1
ATATACTAGTGAACTC,1
ATATACTATAATCCTC,1
ATATACTCAACTGAGA,1
ATATACTCTCTGAGCG,1
ATATACTGATGAACTC,1
ATATACTGCGCCCCAA,1
ATATAGAAAGGTCAAA,1
ATATAGAACGTTAAGG,1
ATATAGAAGCAAAGTG,1
ATATAGAAGGATTCAC,1
ATATAGAATGATGAAG,1
ATATAGAATTGCGGGG,1
ATATAGACAAGATGAT,1
ATATAGACAAGTATTC,1
ATATAGACAAGTGACA,1
ATATAGACACCTGACC,1
ATATAGACACGAACCA,1
ATATAGACACGTGACG,1
ATATAGACACGTGTCC,1
ATATAGACACTTGACA,1
ATATAGACAGCCTGAC,1
ATATAGACAGGTGACA,1
ATATAGACATGAAATT,1
ATATAGACATTTAATC,1
ATATAGACCGTAATTC,1
ATATAGACCTATTCTA,1
ATATAGACTACTTAAA,1
ATATAGACTATACCCT,1
ATATAGACTCAAATTA,1
ATATAGAGACGCCTAG,1
ATATAGAGCAGAACAT,1
ATATAGAGGAATTTGA,1
ATATAGAGGCAGTCTT,1
ATATAGAGGCCAGCCC,1
ATATAGAGGTACGCTT,1
ATATAGAGGTCCTCTT,1
ATATAGAGGTCGGCTT,1
ATATAGATACGCGACC,1
ATATAGATCTAAAACC,1
ATATAGATGTCCGCTT,1
ATATAGATGTCTGAAT,1
ATATAGATTCCAGATG,1
ATATAGCAAAGATAAA,1
ATATAGCAAGATTCAC,1
ATATAGCACAATTAGA,1
ATATAGCACAATTGTA,1
ATATAGCAGCCCCACA,1
ATATAGCAGGATTAAC,1
ATATAGCAGGATTCAG,1
ATATAGCAGGCTTCAC,1
ATATAGCAGGGTTCAC,1
ATATAGCAGTATTCAC,1
ATATAGCATGAGCATT,1
ATATAGCCACCTATTA,1
ATATAGCCCCACAAAT,1
ATATAGCCCGAAAAAA,1
ATATAGCCGGATTGGT,1
ATATAGCCTATGTGCA,1
ATATAGCGAATGTTGC,1
ATATAGCTAATAGCTA,1
ATATAGGACACACTCA,1
ATATAGGATTATCTCC,1
ATATAGGCAACGATAA,1
ATATAGGCTACATCAA,1
ATATAGGGTATAACGC,1
ATATAGGTCAGTTATG,1
ATATAGTAAATTACAG,1
ATATAGTACTATAGTG,1
ATATAGTAGAAACTCA,1
ATATAGTAGGATTCAC,1
ATATAGTAGTTTAATA,1
ATATAGTCAGGGCATG,1
ATATAGTCAGTCCAAA,1
ATATAGTCATTCCAAC,1
ATATAGTCCTGTAATG,1
ATATAGTCGATCAGGT,1
ATATAGTCGGTCCAAC,1
ATATAGTCTCGAGCGA,1
ATATAGTTGTCAATTA,1
ATATATAAAACTAGAG,1
ATATATAAATGAAACG,1
ATATATAAGACATGCT,1
ATATATAAGACATTCT,1
ATATATAAGGAAAGAA,1
ATATATAATGTAAGCA,1
ATATATACACACATCT,1
ATATATACACATGACC,1
ATATATACACGTGACA,1
ATATATACATGTTGTA,1
ATATATACCATTCTAA,1
ATATATACTGTGAGCA,1
ATATATAGAAAACCAG,1
ATATATAGACTAACAC,1
ATATATAGCACACGAT,1
ATATATAGCGATTGGG,1
ATATATAGGACAGTCG,1
ATATATAGGTCCGCTT,1
ATATATATAGCTACTC,1
ATATATATAGTAGCAA,1
ATATATATTAAAAAAA,1
ATATATATTAGCAACC,1
ATATATATTCCCTAAT,1
ATATATCCCAGTATAA,1
ATATATCCTCCAAAAT,1
ATATATCCTTCAAAAA,1
ATATATCCTTCAAGAT,1
ATATATCGGACTATGA,1
ATATATCGTCACCACT,1
ATATATCTCACTATGA,1
ATATATCTGCACCACT,1
ATATATGACCGGCTCA,1
ATATATGGGACCGTCG,1
ATATATGGGCCAATTG,1
ATATATTAAAAGACCC,1
ATATATTACAACAGCA,1
ATATATTACTCCTGCG,1
ATATATTAGAACATCT,1
ATATATTAGTATTAGT,1
ATATATTCATAAGCGG,1
ATATATTGAGTGGTGC,1
ATATATTGCCTATAGT,1
ATATATTGGCCTGGAG,1
ATATATTGTGAGGTGC,1
ATATATTGTGTCGTGC,1
ATATATTGTGTGGTTC,1
ATATATTGTGTGTTGC,1
ATATATTGTGTTGTGC,1
ATATATTTGAGTTGTA,1
ATATATTTGTCCTAAA,1
ATATATTTTCTGTACG,1
ATATCAAAAAAAGTCA,1
ATATCAAAACAAGGCA,1
ATATCAAAACAAGTAA,1
ATATCAAAACAAGTCG,1
ATATCAAAACATGTCA,1
ATATCAAAACGAGTCA,1
ATATCAAAAGCTATAC,1
ATATCAAACTCGCGCC,1
ATATCAAAGCAAGTCA,1
ATATCAAATGACTAAA,1
ATATCAAGCAGACTTT,1
ATATCAAGTGTTTGTT,1
ATATCAATAAAAATTT,1
ATATCAATACTTACTA,1
ATATCAATATCTCATG,1
ATATCAATTCGCTCCA,1
ATATCACAAAGTCTCA,1
ATATCACAATTCGAAG,1
ATATCACAGAATCAAA,1
ATATCACATACTGCAT,1
ATATCACCCGGTACCA,1
ATATCACCCGTGCAGT,1
ATATCACGTCCTGTCA,1
ATATCACGTTAATCTC,1
ATATCACGTTGTCCCT,1
ATATCACTAGATAATG,1
ATATCACTCTAGGGTA,1
ATATCACTGAATATCC,1
ATATCAGAAAACGAAT,1
ATATCAGATAAGTAGA,1
ATATCAGATCGGACCT,1
ATATCAGATTAAGTCC,1
ATATCAGGGGTAAAGT,1
ATATCAGTGATTGGCC,1
ATATCAGTGGGTGTAA,1
ATATCATAAGTTCCCC,1
ATATCATACCACAAAC,1
ATATCATCTGTGGAAC,1
ATATCATGAACACCCG,1
ATATCATGGAAACACT,1
ATATCCAAACACGGCA,1
ATATCCAAATCAAAGT,1
ATATCCAAGGAAGAAT,1
ATATCCAATTTTCTGA,1
ATATCCACAAGTCATT,1
ATATCCACGACGAAAC,1
ATATCCACGGTTAAAT,1
ATATCCAGCACAACTA,1
ATATCCAGGCTAGGCG,1
ATATCCAGTTGATATT,1
ATATCCATATACACGA,1
ATATCCATGACATATA,1
ATATCCATGGCATATA,1
ATATCCCAAACAGACA,1
ATATCCCACTAGTGCG,1
ATATCCCAGTCGAATG,1
ATATCCCATAAGGTTC,1
ATATCCCCCAACGAGC,1
ATATCCCCCTCCAGGT,1
ATATCCCCCTGGTAAG,1
ATATCCCCCTGGTGAG,1
ATATCCCCCTTTATAG,1
ATATCCCCTGTTAAAC,1
ATATCCCCTGTTAGAG,1
ATATCCCCTTACCTGA,1
ATATCCCGCTCTGAAA,1
ATATCCCGTCTAGGCG,1
ATATCCGACTCCATAC,1
ATATCCGCAAGTTTTG,1
ATATCCGTACTCACCA,1
ATATCCGTGATTTGCC,1
ATATCCGTGTAAATAT,1
ATATCCTCAAGATCAA,1
ATATCCTCGGCACTAT,1
ATATCCTGGACCCGAT,1
ATATCCTTGAAACACT,1
ATATCCTTTGCAACTA,1
ATATCGAAAGAACACA,1
ATATCGAATGGTGAAG,1
ATATCGACAACGATAA,1
ATATCGACCTGTAATG,1
ATATCGAGACACCTTC,1
ATATCGAGATACCTGC,1
ATATCGATATCCTCAT,1
ATATCGATTAACGATA,1
ATATCGCAACCACATG,1
ATATCGCAAGCACAAA,1
ATATCGCAAGCAGATG,1
ATATCGCAAGGTTATT,1
ATATCGCAGGCACATG,1
ATATCGCGACAAAGAC,1
ATATCGCGAGCACATG,1
ATATCGCGTACAAATG,1
ATATCGGAAATCTTAC,1
ATATCGGATATTAATG,1
ATATCGGGACACCTGC,1
ATATCGGGATATTGAT,1
ATATCGGTGATATCAT,1
ATATCGTCATGTAATG,1
ATATCGTCCTATAATG,1
ATATCGTCCTTTAATG,1
ATATCGTGTCTATTTT,1
ATATCTAAACATGTGC,1
ATATCTAAGTAGGGAG,1
ATATCTAATCAGATAC,1
ATATCTACACTTACTG,1
ATATCTAGAAGTGACC,1
ATATCTAGACACCTGC,1
ATATCTAGATTTACCA,1
ATATCTAGCATGAGAT,1
ATATCTAGGACTGGCT,1
ATATCTATAAACATTT,1
ATATCTATTAACACTT,1
ATATCTATTAACATTA,1
ATATCTATTACCGATA,1
ATATCTCAAGCACATG,1
ATATCTCACAGGCAAA,1
ATATCTCATGTGATCA,1
ATATCTCCAAAATTGG,1
ATATCTCGAAAATTCA,1
ATATCTCTTAGTTTTG,1
ATATCTCTTTCAAGAC,1
ATATCTGAAGCAATGT,1
ATATCTGACAAGATAA,1
ATATCTGAGGGAATAA,1
ATATCTGGCGTGAGAT,1
ATATCTGGCTTGAGAT,1
ATATCTGGGACGCAAG,1
ATATCTGTCATGAGAT,1
ATATCTGTTCATGTTC,1
ATATCTTAGAATAAGA,1
ATATCTTATAAACCAT,1
ATATCTTGACCGTAAA,1
ATATCTTGACTGCAAA,1
ATATCTTGCATGAGAT,1
ATATCTTGCTATCTAA,1
ATATCTTTAAGTAGAC,1
ATATGAAAAAACAATC,1
ATATGAAAAACACCCC,1
ATATGAAAAGAAGTTA,1
ATATGAAACCACATCC,1
ATATGAAACCCCATCA,1
ATATGAAACGCTTCGT,1
ATATGAAAGAACAATA,1
ATATGAAAGAACGATC,1
ATATGAAATCGAGACT,1
ATATGAAATTCCCCCA,1
ATATGAACTCTTTGTG,1
ATATGAAGGCCAGTAA,1
ATATGAATAAACCAAG,1
ATATGAATAATATGAT,1
ATATGAATAGATGGTG,1
ATATGAATCGTCAAAA,1
ATATGAATTGCCTCTA,1
ATATGAATTTCAAAGA,1
ATATGACAAGCTACTC,1
ATATGACACTGACTCA,1
ATATGACATGCATCTG,1
ATATGACCAACTATAG,1
ATATGACCAGTTTGTA,1
ATATGACCTCCTGCAG,1
ATATGACGCTACAGGA,1
ATATGACGGCTTAATA,1
ATATGACGTACAAACA,1
ATATGACGTATTAATA,1
ATATGACGTCTTAGTA,1
ATATGACTAATGTGAT,1
ATATGACTTCGATGAG,1
ATATGAGAAACGGGGT,1
ATATGAGACTTGGGTG,1
ATATGAGAGAACAATA,1
ATATGAGAGTCGAATT,1
ATATGAGATATTTGCC,1
ATATGAGCATATACAA,1
ATATGAGGCCGATTAC,1
ATATGAGGTTACAATT,1
ATATGAGTGAAAGCAT,1
ATATGATAACATGGCA,1
ATATGATACACCGGCC,1
ATATGATACTAGGATA,1
ATATGATAGTGTTATG,1
ATATGATATATTAATC,1
ATATGATATTACGGGA,1
ATATGATATTCCCCCA,1
ATATGATCATACGTCT,1
ATATGATCTCGAATGC,1
ATATGATGCCTGGTAG,1
ATATGATGTGCAAGAT,1
ATATGATTCACCGGCC,1
ATATGATTGACACACT,1
ATATGCAAACCTTGCC,1
ATATGCAAGGACCACC,1
ATATGCAAGTTCTAGC,1
ATATGCAATTCCCTTA,1
ATATGCCACGAATATC,1
ATATGCCCAATATAAA,1
ATATGCCTACAATGAG,1
ATATGCGACCTGAAAT,1
ATATGCGACTCTCACC,1
ATATGCGATCTTTTTT,1
ATATGCGGCCAAGGAT,1
ATATGCGTTCAAGGAT,1
ATATGCGTTTATGAAT,1
ATATGCTAAGCCGCAA,1
ATATGCTAAGTCAAGG,1
ATATGCTAGCTAGAAG,1
ATATGCTATTAAGGGA,1
ATATGCTATTACGGTA,1
ATATGCTATTACTGGA,1
ATATGCTGAGCCCCAA,1
ATATGCTGCGCCCCGA,1
ATATGCTTAAAGGCAA,1
ATATGCTTCGCCCCAA,1
ATATGCTTGCTGGGGG,1
ATATGCTTTCCTACTT,1
ATATGGACACGTGACA,1
ATATGGACCGTGATCT,1
ATATGGACTCAGATTA,1
ATATGGACTTTGATCT,1
ATATGGAGAGGTGGCC,1
ATATGGAGCTAATATT,1
ATATGGAGGTCCGCTT,1
ATATGGATAACAATAC,1
ATATGGATGACTTCCA,1
ATATGGCACAATTGGA,1
ATATGGCATTGACCGT,1
ATATGGCCTAATTGAC,1
ATATGGCCTCCTATTA,1
ATATGGCTAACCGATA,1
ATATGGCTGTAGCCTG,1
ATATGGCTGTTGAAAA,1
ATATGGCTGTTGAATA,1
ATATGGCTGTTTAAGA,1
ATATGGCTTGGATATA,1
ATATGGGATAATGGGG,1
ATATGGGGCATCTACC,1
ATATGGTATCCACTCA,1
ATATGGTCGAATCTAG,1
ATATGGTCTGTGATCT,1
ATATGGTGGCCATACT,1
ATATGGTTTTCCGCCC,1
ATATGTAAAGTTTAGA,1
ATATGTAAGCCCCCCC,1
ATATGTACAAGTAGGG,1
ATATGTACAATACGAG,1
ATATGTACTCAGATGT,1
ATATGTAGGGGGAAAG,1
ATATGTAGTAATATAG,1
ATATGTATAGAGCCCG,1
ATATGTCAAATTGCAG,1
ATATGTCACAGGAAAA,1
ATATGTCACAGTCAAA,1
ATATGTCCATATCCCA,1
ATATGTCCTCGCAAGA,1
ATATGTCTGACCATAG,1
ATATGTGACCGTCCGT,1
ATATGTGAGACGGGGT,1
ATATGTGAGTCAAGAC,1
ATATGTGCATCGAGAG,1
ATATGTGGTCAAGGAT,1
ATATGTGGTGGATCTT,1
ATATGTGGTTACAATT,1
ATATGTGTAACATCCG,1
ATATGTTAAAGAGGGT,1
ATATGTTAATAAACGA,1
ATATGTTACATTTCTA,1
ATATGTTAGTAGCAAA,1
ATATGTTCAAGAGGGT,1
ATATGTTCACATTCTC,1
ATATGTTCTGGCCAGT,1
ATATGTTGAAATGCAC,1
ATATGTTGAAGAGTGT,1
ATATGTTTGGGCCAGT,1
ATATGTTTTGACCAGT,1
ATATGTTTTTGCCAGT,1
ATATTAAAATTAAAAA,1
ATATTAAACTCATACT,1
ATATTAAAGTACGGCC,1
ATATTAAATATAGACC,1
ATATTAACAAACGTGA,1
ATATTAACACCTGACA,1
ATATTAACATGCCCAA,1
ATATTAACGAATGTGA,1
ATATTAAGATCGAATA,1
ATATTAAGATCGAATG,1
ATATTAAGCACATACA,1
ATATTAAGGAACAAGT,1
ATATTAAGTGCATGGC,1
ATATTAATAAGAAGAA,1
ATATTAATCAGGCGTT,1
ATATTAATCTGCTTCC,1
ATATTACAAAACATAC,1
ATATTACAGAAAATTT,1
ATATTACAGTAATTAA,1
ATATTACATGATACTG,1
ATATTACCATTCGGCG,1
ATATTACCATTTCGAA,1
ATATTACCCTCCAGTG,1
ATATTACCGCCTTTCA,1
ATATTACGTCTTAATA,1
ATATTACTAAAGAAGC,1
ATATTACTAATATGAT,1
ATATTACTCGTGGCAC,1
ATATTACTTGCAAATT,1
ATATTAGCAAATGTGA,1
ATATTAGCATATAGCA,1
ATATTAGCCAAAAATT,1
ATATTAGCGCAAGAAC,1
ATATTAGGATACAGTA,1
ATATTAGTCGACCTAG,1
ATATTAGTGGACTCGA,1
ATATTATAACGCTGCG,1
ATATTATAATATAAAC,1
ATATTATAGAAAGACC,1
ATATTATAGATCGAGG,1
ATATTATATCACCGGT,1
ATATTATCAACCATAT,1
ATATTATCACAATTCA,1
ATATTATCCTAGGTCA,1
ATATTATCGAAAATTT,1
ATATTATCTCGCAACT,1
ATATTATCTGATCTTA,1
ATATTATGCACCATCA,1
ATATTATGTACCCTCA,1
ATATTATGTCCGAGTT,1
ATATTATTACTCCTAA,1
ATATTATTATATTGGG,1
ATATTATTGGAATGTC,1
ATATTATTTGACACCT,1
ATATTCAAAAGACCTC,1
ATATTCAATGTCTGAT,1
ATATTCACATAGAAGG,1
ATATTCACGAACATAT,1
ATATTCATAAGAAATA,1
ATATTCATATTTCAAA,1
ATATTCATCTACTTCC,1
ATATTCATGACAGTGT,1
ATATTCATGTAAATAT,1
ATATTCATGTCAGTAT,1
ATATTCCAAAATTACA,1
ATATTCCAACCTCCAT,1
ATATTCCAATGAACTT,1
ATATTCCCACACACAC,1
ATATTCCCCTAACAAA,1
ATATTCCCCTGGTGCG,1
ATATTCCCGAACCAAA,1
ATATTCCTTGAAACTC,1
ATATTCCTTGCCAACA,1
ATATTCGAATGCACCC,1
ATATTCGATCGGACCT,1
ATATTCGCACTTCTGA,1
ATATTCGCGAACCTAT,1
ATATTCGGCATCGAAA,1
ATATTCGGGACCCGAT,1
ATATTCGGTTACAATT,1
ATATTCGTTTGAAACT,1
ATATTCTAAAACTACC,1
ATATTCTAAAATTAGA,1
ATATTCTAATAGAAGT,1
ATATTCTGCGCCCCAA,1
ATATTCTGTTGGAGCA,1
ATATTCTTCCATTAAC,1
ATATTCTTGCTGGACC,1
ATATTGAAAAACGAAC,1
ATATTGAATAGAGCTG,1
ATATTGACTGTGATCT,1
ATATTGAGTGCACAAC,1
ATATTGATTGCAAATT,1
ATATTGCACCAATAGA,1
ATATTGCAGAAGGACT,1
ATATTGCAGACAGTAG,1
ATATTGCATTCAAACT,1
ATATTGCGAGATTGAT,1
ATATTGCGTTCATGAA,1
ATATTGCTGACCATAT,1
ATATTGCTGGCAAATT,1
ATATTGCTGTTAATAC,1
ATATTGGAATACAACA,1
ATATTGGACTATAACA,1
ATATTGGCTAACCCAT,1
ATATTGGGAGCGATCT,1
ATATTGGGCATATCCA,1
ATATTGTAAATTACAG,1
ATATTGTACCATCAAA,1
ATATTGTAGGAACTGC,1
ATATTGTATCATGAAC,1
ATATTGTCCCGTGAAA,1
ATATTGTGGAACATCT,1
ATATTGTTAATTTTAT,1
ATATTGTTACACCATA,1
ATATTTAAAACTATCT,1
ATATTTAAACACCTCA,1
ATATTTAACCAACTCA,1
ATATTTAAGAAACTGA,1
ATATTTAATAAACACG,1
ATATTTAATGCACACG,1
ATATTTACCAGCCGTA,1
ATATTTACTCATCAAG,1
ATATTTAGCAGCCTAA,1
ATATTTAGCCACCTCA,1
ATATTTAGCCTCTATA,1
ATATTTAGTCTCATTC,1
ATATTTATCCTCATGC,1
ATATTTATTTATATAT,1
ATATTTCTAATAAAAG,1
ATATTTCTTCATAGTC,1
ATATTTGAGAAGCAAC,1
ATATTTGATTACACAA,1
ATATTTGCGGCCGATA,1
ATATTTGCTGAAACTA,1
ATATTTGTACAATCCA,1
ATATTTTAGACAGATG,1
ATATTTTAGGGTAAGT,1
ATATTTTATTATACCA,1
ATATTTTCAAACCAGT,1
ATATTTTCAAACTCGT,1
ATATTTTGAGATTTGT,1
ATATTTTTCTATTTCG,1
ATATTTTTGAGCGGTA,1
ATATTTTTGAGTGGGA,1
ATCAAAAAAAACAGAC,1
ATCAAAAAAACTGGGA,1
ATCAAAAACACTATCC,1
ATCAAAAACACTATCT,1
ATCAAAAACTTCAGCC,1
ATCAAAAAGTCAACTT,1
ATCAAAAATGTGATGG,1
ATCAAAAATTTTTGAA,1
ATCAAAACAATTTATG,1
ATCAAAACTACGTATC,1
ATCAAAAGACTAACTG,1
ATCAAAAGACTACCTG,1
ATCAAAAGTCCCAGAC,1
ATCAAAATAGAGCAAA,1
ATCAAAATCGTACAGG,1
ATCAAAATGACAAGGC,1
ATCAAACAAAACAAGT,1
ATCAAACAAACCTTCA,1
ATCAAACAAGGGCAAG,1
ATCAAACACACTAAAT,1
ATCAAACACTGTAACA,1
ATCAAACAGATTAAAT,1
ATCAAACAGTCAACTC,1
ATCAAACATACCAAGA,1
ATCAAACATTAACTCA,1
ATCAAACCAAGAGAGA,1
ATCAAACCCAATCGTA,1
ATCAAACCGAATCACC,1
ATCAAACCGTTGACAA,1
ATCAAACGACTCATGA,1
ATCAAACGTCGTAACG,1
ATCAAACTCGAGTGGA,1
ATCAAACTTCAAATAC,1
ATCAAAGAAAGTATCG,1
ATCAAAGAATCCGTCT,1
ATCAAAGACATTAAAT,1
ATCAAAGAGGACGCTA,1
ATCAAAGCAAATCTAA,1
ATCAAAGCCAAAAATT,1
ATCAAAGCCCACCTAT,1
ATCAAAGCGCTACATA,1
ATCAAAGGACTATCTG,1
ATCAAAGGAGTGCTAC,1
ATCAAAGTAAACTGAG,1
ATCAAATAAAAAGCTG,1
ATCAAATAAACGTGCA,1
ATCAAATAACATGACA,1
ATCAAATAACTCATGA,1
ATCAAATAATAACAAA,1
ATCAAATACAACTGAT,1
ATCAAATACAATCACA,1
ATCAAATACCGATCGC,1
ATCAAATACGGGGACG,1
ATCAAATATAACGTGT,1
ATCAAATATAGCGTGT,1
ATCAAATATTCGAGTT,1
ATCAAATCCGAAAGGG,1
ATCAAATCCGCATGAG,1
ATCAAATCCTGGACGA,1
ATCAAATGAATCATGA,1
ATCAAATGGCTCATGA,1
ATCAAATGTATCCCTG,1
ATCAAATTAACATATT,1
ATCAAATTAACATCCT,1
ATCAAATTGCACTTCT,1
ATCAAATTGTAATGCG,1
ATCAAATTGTAGTGCT,1
ATCAAATTGTATTGCG,1
ATCAAATTGTTATACA,1
ATCAAATTTTATAACA,1
ATCAACAACCTAGCCA,1
ATCAACAATATCAGTA,1
ATCAACAATCGTTCGC,1
ATCAACAATGCAATGC,1
ATCAACAATGTAATGA,1
ATCAACACAATCTAGG,1
ATCAACACATATAAAA,1
ATCAACACATCATAGC,1
ATCAACACATCCTAGA,1
ATCAACACATCCTATC,1
ATCAACACATCGTAGC,1
ATCAACACCCATAAAA,1
ATCAACAGAAGTCTTA,1
ATCAACAGAATTTAAT,1
ATCAACATCCACCGCC,1
ATCAACATGCAAATAA,1
ATCAACATGGCCTTTG,1
ATCAACATTTAAGTGA,1
ATCAACCAAAACATAA,1
ATCAACCAAACCAAAT,1
ATCAACCAAGCTAAAT,1
ATCAACCAAGTCAAAT,1
ATCAACCAATAATTCC,1
ATCAACCACGGTTCCG,1
ATCAACCCAAAGCCGC,1
ATCAACCCAGCACACC,1
ATCAACCCAGGTAAAT,1
ATCAACCCCAATACCC,1
ATCAACCCCAGAGACT,1
ATCAACCCGAATCACA,1
ATCAACCCGAATCGCC,1
ATCAACCCGAATCTTC,1
ATCAACCCGATAAATC,1
ATCAACCCGATTCACC,1
ATCAACCCGTATCACC,1
ATCAACCCTAAGCCAC,1
ATCAACCCTAAGCCGA,1
ATCAACCCTAAGCCTC,1
ATCAACCCTAATCCGC,1
ATCAACCCTATCAATC,1
ATCAACCGTAACGACC,1
ATCAACCTGAATCACC,1
ATCAACCTTTTTATCA,1
ATCAACGAAAACCCAA,1
ATCAACGAAAGTGTGT,1
ATCAACGATGTTGTAA,1
ATCAACGCTGAATAGA,1
ATCAACGTTAAGCCCC,1
ATCAACGTTCAAGTAG,1
ATCAACGTTCCGACTT,1
ATCAACGTTCGGCCCC,1
ATCAACTAACTCGAAA,1
ATCAACTAATTAACCG,1
ATCAACTAATTCACCT,1
ATCAACTAATTCACTG,1
ATCAACTAATTCGCCG,1
ATCAACTACCGGACGA,1
ATCAACTACTATCCTT,1
ATCAACTATATCTGCA,1
ATCAACTCAGACAATT,1
ATCAACTCATCCGCGG,1
ATCAACTCGATCAATC,1
ATCAACTCGGACCTTA,1
ATCAACTCTGAATAGC,1
ATCAACTTAAGAAACA,1
ATCAACTTAATCATGT,1
ATCAACTTAGTCATCT,1
ATCAACTTATTCATGT,1
ATCAACTTGGACAATA,1
ATCAACTTTAAAGACG,1
ATCAAGAAAAATTTCC,1
ATCAAGAAACTGTGCG,1
ATCAAGAATCTGTGAG,1
ATCAAGAATCTGTTCT,1
ATCAAGAATGAACTGC,1
ATCAAGACACACAACA,1
ATCAAGAGAACAGACC,1
ATCAAGATACCCCTCA,1
ATCAAGATACCCGAAT,1
ATCAAGATGTTGATGA,1
ATCAAGATTGCTAAAT,1
ATCAAGCACTGTCACA,1
ATCAAGCCCGTACCCC,1
ATCAAGCTAATGGAAG,1
ATCAAGGAGTATTAAG,1
ATCAAGGAGTATTAAT,1
ATCAAGGGAGAGTACT,1
ATCAAGGTGATCCTTT,1
ATCAAGGTGGCTAAAT,1
ATCAAGTAGAATCTCG,1
ATCAAGTATAGACTAT,1
ATCAAGTGAACTCTTA,1
ATCAAGTGCGGGTACA,1
ATCAAGTTATTACGAG,1
ATCAAGTTCAAGTTGG,1
ATCAATAAATATATAT,1
ATCAATAACCAGTCAC,1
ATCAATAAGACATTAC,1
ATCAATACAATACCTA,1
ATCAATACTTAGAACA,1
ATCAATACTTGGAATA,1
ATCAATACTTTAGAGC,1
ATCAATAGAAAATTAG,1
ATCAATAGAACCCAAA,1
ATCAATAGGGATAACA,1
ATCAATATAGCACCAG,1
ATCAATATGATTAAAT,1
ATCAATATTTTCAGCA,1
ATCAATCAAAACCTGC,1
ATCAATCAAAAGTGAC,1
ATCAATCAAAATTTAA,1
ATCAATCAACTAACCA,1
ATCAATCAATAGTGTA,1
ATCAATCAGAAATAAA,1
ATCAATCAGAAGAGCA,1
ATCAATCAGACTTGAG,1
ATCAATCATCACGGTG,1
ATCAATCCAGTTAAAT,1
ATCAATCCGAAGAGCG,1
ATCAATCCGAATCACC,1
ATCAATCCGAGGAGCA,1
ATCAATCCGGGATATT,1
ATCAATCCTTATTACC,1
ATCAATCGAGAGAAAT,1
ATCAATCGTTAGGATA,1
ATCAATGAAAAATCAA,1
ATCAATGAAGCAATGT,1
ATCAATGAATGAACTA,1
ATCAATGACATTTAGG,1
ATCAATGATACCCTCT,1
ATCAATGCAGTCTATA,1
ATCAATGCGATAAAAT,1
ATCAATGGACTTGGCA,1
ATCAATGGTATTCTAC,1
ATCAATGTGTAATTGT,1
ATCAATGTGTTTCTCG,1
ATCAATGTTTGTACAC,1
ATCAATTACATCTGCA,1
ATCAATTATATATGCA,1
ATCAATTATGTGGTTA,1
ATCAATTCCATACAGG,1
ATCAATTCGTATAAAC,1
ATCAATTGACTCACTA,1
ATCAATTGGGAGCTGT,1
ATCAATTTCATCGATT,1
ATCAATTTTCTTCAAC,1
ATCACAAAAATGAGAC,1
ATCACAAAACAATTAG,1
ATCACAAATACTTGAA,1
ATCACAAATCGAAATT,1
ATCACAAATCGAGATC,1
ATCACAACAAAATCGA,1
ATCACAAGACAATTAA,1
ATCACAAGCGGTAGTG,1
ATCACAAGTTGAAATA,1
ATCACAATAATCCAGG,1
ATCACAATACTTTTTC,1
ATCACAATCAATTGCC,1
ATCACAATCACTCGCG,1
ATCACAATTACCTGAG,1
ATCACACAAAATTTCA,1
ATCACACACGCATTCT,1
ATCACACCACAACTCT,1
ATCACACCATGAAGCT,1
ATCACACCCTCATTGA,1
ATCACACCGAATTACG,1
ATCACACGATAAAAAG,1
ATCACACGGGTGTATC,1
ATCACACGTCTCTAAA,1
ATCACACGTTTAAGAA,1
ATCACACTATGAAGCA,1
ATCACACTCACCGTTA,1
ATCACACTCCAGTGAT,1
ATCACACTCTCATTCA,1
ATCACACTGATTAAAA,1
ATCACACTTAAAACAT,1
ATCACACTTAAAAGAG,1
ATCACACTTATCTCAA,1
ATCACAGAATAAACTA,1
ATCACAGAATCTGTAC,1
ATCACAGATAAGTCAA,1
ATCACAGCATCAATCT,1
ATCACAGCATCTGCAC,1
ATCACAGCGGCACTTC,1
ATCACAGCGTCTGTAC,1
ATCACAGGCAATCAAT,1
ATCACATAATTTGACA,1
ATCACATCGAACCTCG,1
ATCACATCGAATTAAG,1
ATCACATCGAATTACC,1
ATCACATCGAGTTACG,1
ATCACATGGAATTACG,1
ATCACATTGTTACACA,1
ATCACATTGTTATATA,1
ATCACCAAAGAGTGTT,1
ATCACCAACAAGCTGC,1
ATCACCAAGTGTAGAA,1
ATCACCAATGTGCTAT,1
ATCACCACAGAACGGT,1
ATCACCACTATGCGTT,1
ATCACCAGGGTGTATC,1
ATCACCAGTCTCTAAA,1
ATCACCATAACCATAT,1
ATCACCATAACTCGCG,1
ATCACCATCACCCGCG,1
ATCACCATCACTCGCT,1
ATCACCCACTTGAAAA,1
ATCACCCAGGTGTATC,1
ATCACCCGAAATTTCA,1
ATCACCCGAAGGAAGC,1
ATCACCCGGCTCTAAA,1
ATCACCCGGGTATATC,1
ATCACCCGGGTGTAAC,1
ATCACCCTAGGACAAA,1
ATCACCCTTAAAGCAA,1
ATCACCGAAGCCATCC,1
ATCACCGAATGAACTA,1
ATCACCGCGGCAATTC,1
ATCACCGCGGCACATC,1
ATCACCGGCTTATACA,1
ATCACCGGTACGCCTA,1
ATCACCGTATTAGACA,1
ATCACCTAGCGCTTGT,1
ATCACCTCAATCCACC,1
ATCACCTCAGCAAAAG,1
ATCACCTGATTCACAA,1
ATCACCTGATTCCAAA,1
ATCACCTTCAAACGAT,1
ATCACCTTCACAAGAT,1
ATCACCTTCACACGAA,1
ATCACCTTCACATGAT,1
ATCACCTTCATACGAT,1
ATCACGAAAGGTATTT,1
ATCACGAAGCCCAAGA,1
ATCACGAAGGCGAAAG,1
ATCACGAATATGCCTC,1
ATCACGACCCATGACC,1
ATCACGACCCCTGTCC,1
ATCACGACTATTATAG,1
ATCACGAGAAATGAAT,1
ATCACGATCATTAACG,1
ATCACGATTCCATCGC,1
ATCACGCCATGAAGCA,1
ATCACGCCCCACGACC,1
ATCACGCCTGTTCCTG,1
ATCACGCCTTAAACCC,1
ATCACGGAGTCGTGGA,1
ATCACGGCGGCACTTC,1
ATCACGTAATCGTGGA,1
ATCACGTACACATGGC,1
ATCACGTACCCATGCC,1
ATCACGTAGCCATGGC,1
ATCACGTCCCATGACC,1
ATCACGTCCCTTGTCC,1
ATCACGTGAACTATTA,1
ATCACGTTCTGATATA,1
ATCACGTTTATATGAA,1
ATCACTAAAAAATTAT,1
ATCACTAAAGTCCAAC,1
ATCACTAACTTACTAA,1
ATCACTACAACCTTGC,1
ATCACTACATCCCGTC,1
ATCACTACATGGGAAC,1
ATCACTACATTAGAAC,1
ATCACTACCAAACGGG,1
ATCACTACCACCTTGT,1
ATCACTACCGCCTTGC,1
ATCACTACTTTAGATC,1
ATCACTAGCTAGTGTT,1
ATCACTATCAGAACAC,1
ATCACTATTTAACTCA,1
ATCACTCAGCATCCGT,1
ATCACTCAGTTGTTGT,1
ATCACTCCATAACCAT,1
ATCACTCCTTTAAGAA,1
ATCACTCTTAAACTTG,1
ATCACTGAATAAACTA,1
ATCACTGAATGAAATA,1
ATCACTGTACTCTCCA,1
ATCACTGTGACTTAAA,1
ATCACTTAATGAACTA,1
ATCACTTACTTTCCCA,1
ATCACTTGTAACCAAT,1
ATCACTTTAATGCCTA,1
ATCACTTTCACACGAT,1
ATCAGAAAAAAGCTAC,1
ATCAGAAAAAAGGTAA,1
ATCAGAAAGCGTCGCA,1
ATCAGAAATGGATACT,1
ATCAGAACCTAAGCCC,1
ATCAGAACGCAAGTCG,1
ATCAGAACTCAAGTAG,1
ATCAGAAGAACGGCCC,1
ATCAGAAGAGGGTTAT,1
ATCAGAAGCACAACTG,1
ATCAGAAGGTATACAG,1
ATCAGAATAGCCCATT,1
ATCAGAATCCCACACC,1
ATCAGAATCGGATATC,1
ATCAGAATTACAGCCT,1
ATCAGAATTCCAGCTT,1
ATCAGAATTCCTCAAG,1
ATCAGACAAAGAATAA,1
ATCAGACACATTAAAT,1
ATCAGACACTAAGCCC,1
ATCAGACATATTAATA,1
ATCAGACATCTGAACT,1
ATCAGACATTTTAAAA,1
ATCAGACCCAACTATC,1
ATCAGACCCCAAGCCC,1
ATCAGACCCTAAGCCT,1
ATCAGACCCTGAGCCC,1
ATCAGACCCTTCAAGC,1
ATCAGACCTAAGAACC,1
ATCAGACGTTCAACCA,1
ATCAGACTCCCGTCCC,1
ATCAGACTGTCCCATG,1
ATCAGACTTACGCTCT,1
ATCAGAGGAATAGAAA,1
ATCAGAGGCCTAGAAC,1
ATCAGATAAATCATAA,1
ATCAGATAACCCGCTC,1
ATCAGATATAAAGAGC,1
ATCAGATCACACGCTC,1
ATCAGATCCTATAACA,1
ATCAGATTCCTGACGG,1
ATCAGATTTACCGATG,1
ATCAGCAACAGTTAAC,1
ATCAGCAACTTACAAG,1
ATCAGCAAGCGTCACA,1
ATCAGCAAGCGTCTCA,1
ATCAGCAAGTGTCGCA,1
ATCAGCAATCATGGAG,1
ATCAGCAATCGAACAT,1
ATCAGCAATCGTCGCA,1
ATCAGCAATTCCCTTA,1
ATCAGCAGTATACCCG,1
ATCAGCATATAATGTG,1
ATCAGCATTACGAAAA,1
ATCAGCCAAGCGACAA,1
ATCAGCCACTCTGCTA,1
ATCAGCCCTACGCTCT,1
ATCAGCCCTCGACTTA,1
ATCAGCCCTCGACTTT,1
ATCAGCCGAGATTGGG,1
ATCAGCCTGTACCATG,1
ATCAGCCTTACTCTCT,1
ATCAGCGCATACAGGC,1
ATCAGCTCTTGAAATA,1
ATCAGCTGACGCCAAA,1
ATCAGCTGCAGACAAC,1
ATCAGCTGTACCTCAA,1
ATCAGCTTAAGCACAT,1
ATCAGCTTAGAGAGCT,1
ATCAGCTTTACGCTCT,1
ATCAGGAATAGCCAAA,1
ATCAGGAATGACCAGT,1
ATCAGGACTTGACTTT,1
ATCAGGATAAAGCTTG,1
ATCAGGATTCCACAAC,1
ATCAGGCACCCCAATA,1
ATCAGGCATCCAGATT,1
ATCAGGCCAAATACCC,1
ATCAGGCCACAAACCA,1
ATCAGGCCTTATTACC,1
ATCAGGGAGCCCTGTA,1
ATCAGGTAGGGTAACA,1
ATCAGGTGCACTCCTA,1
ATCAGGTGGAAGATGA,1
ATCAGTAAACACCGAC,1
ATCAGTAAATAAAGTG,1
ATCAGTAAATGAAGTG,1
ATCAGTAAGACCCCTT,1
ATCAGTACGACATACC,1
ATCAGTATAACAAAGA,1
ATCAGTATAACAAATA,1
ATCAGTATAACACAAA,1
ATCAGTATAACGAAAA,1
ATCAGTATAGGACTGA,1
ATCAGTATAGGCCTCA,1
ATCAGTATCAACGAGA,1
ATCAGTCAGGTACACA,1
ATCAGTCCCTTATTAC,1
ATCAGTCCTAGGTAAC,1
ATCAGTCGAACAGCTT,1
ATCAGTGACATCGCAA,1
ATCAGTGATGGACTGA,1
ATCAGTGCCATCCCAA,1
ATCAGTGCCATCGAAA,1
ATCAGTGCCATCGCAG,1
ATCAGTGCCATCGCAT,1
ATCAGTGCCATCGTAA,1
ATCAGTGCCATCTCAA,1
ATCAGTGCCTCAATAG,1
ATCAGTGCGATCGCAA,1
ATCAGTGTGGGCTGAA,1
ATCAGTTCCATCGCAA,1
ATCAGTTCCCTGCGTA,1
ATCAGTTGAATTACAA,1
ATCATAAAAAGAGTTG,1
ATCATAAAACCAACAT,1
ATCATAAAATAAAATC,1
ATCATAAACAATGTAA,1
ATCATAAAGGTCCATC,1
ATCATAAGCAACTGCT,1
ATCATAAGTATTAAGA,1
ATCATAATAGAAGTCT,1
ATCATAATCTGCCTAA,1
ATCATAATCTTAATAT,1
ATCATAATCTTAATCA,1
ATCATAATGAATCTCA,1
ATCATACAACAGTCAG,1
ATCATACAACCATCAT,1
ATCATACAGCATCAAA,1
ATCATACAGGTCAATC,1
ATCATACAGGTCCACC,1
ATCATACATTATGTGC,1
ATCATACCATAGGATA,1
ATCATACCCCAAGAAA,1
ATCATACCTCATGAGA,1
ATCATACCTGAATATA,1
ATCATACGAGAAACCG,1
ATCATACGCGGCACCT,1
ATCATACGGCAGCAAA,1
ATCATACTTACCACTA,1
ATCATAGACTACATAA,1
ATCATAGACTTCAGAA,1
ATCATAGCACAAAATT,1
ATCATAGGATGAAAAC,1
ATCATAGGATTTAGCA,1
ATCATAGTACATGTGC,1
ATCATAGTGTAAACTC,1
ATCATAGTTATCCAGA,1
ATCATATAACCAACAT,1
ATCATATATTAAGAAA,1
ATCATATCAGATAGGA,1
ATCATATCGCGATTTA,1
ATCATATGCCATAAAC,1
ATCATATGCTGTGTCG,1
ATCATATTAAGCGATC,1
ATCATCAAACACCATA,1
ATCATCAAACCGCCGT,1
ATCATCAACACTCAAT,1
ATCATCAAGAACCTAT,1
ATCATCACACACTTTA,1
ATCATCACAGACAAGT,1
ATCATCACTAATCATT,1
ATCATCAGAGCTTATG,1
ATCATCATATTAGAAT,1
ATCATCATGAGAGCCT,1
ATCATCCATGAGACGA,1
ATCATCCATGGGACAA,1
ATCATCCATTCCATTT,1
ATCATCCGGCCACAAA,1
ATCATCCTGAGAGCCT,1
ATCATCCTTACGCTCT,1
ATCATCCTTAGAATCT,1
ATCATCGAGCATTATC,1
ATCATCGCCAATTGGG,1
ATCATCGGACGCACGC,1
ATCATCGTACATTTGC,1
ATCATCGTATCGACAC,1
ATCATCTCCATGAACG,1
ATCATCTTTATAAAAT,1
ATCATGAAGGTCCTGT,1
ATCATGACTATTCGCA,1
ATCATGAGACATCATC,1
ATCATGAGGTAAGAGA,1
ATCATGATAATATCTT,1
ATCATGATATGTGACA,1
ATCATGCAAATATAGA,1
ATCATGCCGATATCAA,1
ATCATGCGACCGTAAG,1
ATCATGCTAACTGAAT,1
ATCATGCTACACTTTG,1
ATCATGCTCCCACAGA,1
ATCATGCTGATTTACA,1
ATCATGGATGTTGCTG,1
ATCATGGCACTCAACA,1
ATCATGGCCATAACTT,1
ATCATGTAAAGATGCC,1
ATCATGTACGCGACCA,1
ATCATGTTCTGATAGA,1
ATCATGTTGATTTACG,1
ATCATGTTGGTTTACA,1
ATCATTAAAAATTTCC,1
ATCATTAAAATAAGAA,1
ATCATTAAACAAGCAA,1
ATCATTAAAGTTTCGC,1
ATCATTAACGGGATTA,1
ATCATTACAGTGCTAG,1
ATCATTACGCAAGTCT,1
ATCATTACTGCCAGAA,1
ATCATTAGCCAGGGTT,1
ATCATTATAAAGATTT,1
ATCATTATAGGCCTGA,1
ATCATTATCAACGAGA,1
ATCATTATCCACTAGA,1
ATCATTATCCATGAGA,1
ATCATTCAAAGTAAAA,1
ATCATTCCAGGTCCCT,1
ATCATTCCATATTCCG,1
ATCATTCCGATATAAT,1
ATCATTCGATGTAATC,1
ATCATTCTAATGCCTA,1
ATCATTCTGATAAGAT,1
ATCATTGCAGATATTG,1
ATCATTGCAGGTATTA,1
ATCATTGCCATCGCAA,1
ATCATTGCCCAAGTCT,1
ATCATTGCCCAATACT,1
ATCATTGGGGAGCTGT,1
ATCATTGTACAAACGC,1
ATCATTGTGCAAACGA,1
ATCATTTAAACAACAC,1
ATCATTTAAGCTCTCG,1
ATCATTTATGAATGGG,1
ATCATTTCAGATATTA,1
ATCATTTCTGAACACA,1
ATCATTTCTTGACCCA,1
ATCATTTGAGTTACAG,1
ATCATTTGCTGTGTCA,1
ATCATTTGTAGACAAA,1
ATCATTTTAATGACTA,1
ATCATTTTAATGCATA,1
ATCATTTTAATGCCCA,1
ATCATTTTAATGCTTA,1
ATCATTTTAATGGCTA,1
ATCATTTTATAACATC,1
ATCATTTTGATGCCTA,1
ATCATTTTGCAAACGC,1
ATCCAAAACGGTGTGA,1
ATCCAAAACTGCACCA,1
ATCCAAAAGTAAGTAG,1
ATCCAAAAGTTCCAAA,1
ATCCAAACATAAGTCC,1
ATCCAAACATTGAAAG,1
ATCCAAACCCTTTTCA,1
ATCCAAACGTGGAAAG,1
ATCCAAACTAGCTAAC,1
ATCCAAATAGCCTTAA,1
ATCCAAATCGGAAACG,1
ATCCAAATCGGTAACA,1
ATCCAAATGAGGCGGG,1
ATCCAAATTACCCCTC,1
ATCCAAATTCCACCTC,1
ATCCAAATTGAGTGAT,1
ATCCAACCAGAGATGA,1
ATCCAACCCAATACCC,1
ATCCAAGAAATGTATC,1
ATCCAAGAATATCCAA,1
ATCCAAGCCCATATTC,1
ATCCAAGCGTCATGAT,1
ATCCAAGGAATGTATT,1
ATCCAAGTAGATATTA,1
ATCCAATACTATCCTT,1
ATCCAATATTCTGGAA,1
ATCCAATGACGGTTAC,1
ATCCAATGCCGGTTGC,1
ATCCAATTGGACAATA,1
ATCCAATTTACGAGAA,1
ATCCACACATACGTAG,1
ATCCACAGAAACTAAA,1
ATCCACAGACGGAAAC,1
ATCCACAGATGGAAAA,1
ATCCACAGCAGCTCAA,1
ATCCACAGCATGCTTT,1
ATCCACAGGACCGGAA,1
ATCCACATATAATGTG,1
ATCCACATATTGAACT,1
ATCCACCAACCCTAAA,1
ATCCACCATCCCCTAG,1
ATCCACCCAGAGAAAC,1
ATCCACCGAATTCTGC,1
ATCCACCTCATGCATA,1
ATCCACCTGCTTCTTA,1
ATCCACCTGGACAATA,1
ATCCACCTGGTCCTGA,1
ATCCACCTTATTCATA,1
ATCCACCTTTGAGGCT,1
ATCCACCTTTGCGGCC,1
ATCCACGACAGGCCGA,1
ATCCACGAGTCATACC,1
ATCCACGATACCCTCT,1
ATCCACTACCATCCTT,1
ATCCACTACTACCCTT,1
ATCCACTACTATACTT,1
ATCCACTACTATCATT,1
ATCCACTACTATCCTC,1
ATCCACTACTATCCTG,1
ATCCACTACTATTCTT,1
ATCCACTACTGTCCTT,1
ATCCACTAGGCTGATA,1
ATCCACTAGTATCCTT,1
ATCCACTCAATTCTGC,1
ATCCACTGAATTATGC,1
ATCCACTGAATTCTAC,1
ATCCACTGAGCTCCAA,1
ATCCACTTAGACAATA,1
ATCCACTTGGAAAATA,1
ATCCAGAAAAACATGC,1
ATCCAGAAAACCCTTA,1
ATCCAGAAAATTAATG,1
ATCCAGAATAATAAAA,1
ATCCAGACTCCCACAA,1
ATCCAGAGATGGAAAC,1
ATCCAGATACCAACCA,1
ATCCAGATCTCCTATG,1
ATCCAGATTCAAACTT,1
ATCCAGCAAGACGAGC,1
ATCCAGCAATTCCCTC,1
ATCCAGCCCTTCGGCG,1
ATCCAGCGTATTGAAG,1
ATCCAGCTCAAATCGT,1
ATCCAGGAAATGTATT,1
ATCCAGGACATGCAGA,1
ATCCAGGTAACAAATA,1
ATCCAGGTATCTAGCA,1
ATCCAGTCAAAACTCT,1
ATCCAGTCAAGAACAT,1
ATCCAGTGAATTCTGC,1
ATCCAGTTATTACGAT,1
ATCCATAAAAAAAGTG,1
ATCCATAAAGATCCAC,1
ATCCATAACGTAACTA,1
ATCCATAAGTGCAAAA,1
ATCCATAAGTTGTGTT,1
ATCCATAATGAATGAG,1
ATCCATAATGAATTCG,1
ATCCATAATGAGTGCG,1
ATCCATAATGATTGCG,1
ATCCATAATTAATGCG,1
ATCCATAGCCAATCTG,1
ATCCATAGGTGATTTA,1
ATCCATATAAATAACG,1
ATCCATATGGAAGCAT,1
ATCCATCTAATGATGC,1
ATCCATCTTAAAACTT,1
ATCCATGAACCAGCAC,1
ATCCATGAGACCCTCT,1
ATCCATGATAACCTCT,1
ATCCATGATACACTCT,1
ATCCATGATACATTGA,1
ATCCATGCATGAAACA,1
ATCCATGGAAGTCACC,1
ATCCATTAAACCACAC,1
ATCCATTAATGGCATA,1
ATCCATTACCCACATA,1
ATCCATTACTGGCGTA,1
ATCCATTACTGGGATA,1
ATCCATTACTGTCATA,1
ATCCATTCCCCACTAC,1
ATCCATTCTGATAGTT,1
ATCCATTCTGGTTACA,1
ATCCATTGAATTTGGA,1
ATCCATTGCCTCGCGC,1
ATCCATTGTGCATTAG,1
ATCCATTTATTACGAG,1
ATCCATTTGCACCTGT,1
ATCCATTTTATAAAAA,1
ATCCATTTTGCTAGTT,1
ATCCCAAAAAAAAAAA,1
ATCCCAAAAAGATACA,1
ATCCCAAATCAGTCGG,1
ATCCCAACAACAACCA,1
ATCCCAACACACTCTC,1
ATCCCAACTAAGGCCA,1
ATCCCAACTCGCTCAC,1
ATCCCAAGCTCAATGT,1
ATCCCAAGGCAAACAT,1
ATCCCACAATATTACA,1
ATCCCACAATGACGTT,1
ATCCCACGCCTACTAT,1
ATCCCACGGCACGTCT,1
ATCCCACTCTCACGAC,1
ATCCCACTTAGTTGAC,1
ATCCCAGAAGCCATCC,1
ATCCCAGCAGCTCATG,1
ATCCCAGCCGTCGCAT,1
ATCCCAGCGTATAGTT,1
ATCCCAGTCACTTTCT,1
ATCCCATAAAACACAC,1
ATCCCATAAAACCATA,1
ATCCCATAAGGACACA,1
ATCCCATATGCACATA,1
ATCCCATCATATAGTT,1
ATCCCATCCGTTCGGC,1
ATCCCATCGGCACTTC,1
ATCCCATGAGAGTCGC,1
ATCCCATGAGGGGCGC,1
ATCCCATGATAGGCGC,1
ATCCCATGGTATATAA,1
ATCCCCAAACGGGACA,1
ATCCCCAAATACAAGA,1
ATCCCCAAATATGTTA,1
ATCCCCAATCTTTACC,1
ATCCCCACATATCAGG,1
ATCCCCAGATATCTTT,1
ATCCCCAGGATCATGA,1
ATCCCCCCTAATTGAT,1
ATCCCCCCTCGAAAGG,1
ATCCCCCTGCGTCTAA,1
ATCCCCGAAAGTTACA,1
ATCCCCGAAGCCATAC,1
ATCCCCGAAGCTAATC,1
ATCCCCGACAAACTAT,1
ATCCCCGCACTCACTG,1
ATCCCCGGGATAATGA,1
ATCCCCTACGAATTAT,1
ATCCCCTAGAATATTG,1
ATCCCCTGTCTATAAT,1
ATCCCCTTGCACCTGT,1
ATCCCCTTTCTCAAAC,1
ATCCCGAACAGCATCA,1
ATCCCGAACCACATCA,1
ATCCCGAACTTGGACG,1
ATCCCGAACTTGGCCT,1
ATCCCGAATACGCCAG,1
ATCCCGATCTTGGCCG,1
ATCCCGATTACACCTA,1
ATCCCGATTTCAAAGC,1
ATCCCGCCTTTTGGCC,1
ATCCCGCTTCTGAACA,1
ATCCCGGAAAAATCCC,1
ATCCCGGAGCTAAGTA,1
ATCCCGGGAAAAACAG,1
ATCCCGGGGATCATGA,1
ATCCCGTATCTTAGGC,1
ATCCCTAACGGATCCT,1
ATCCCTACGTACCCTG,1
ATCCCTACGTACTTTA,1
ATCCCTAGATATCTTT,1
ATCCCTATGCTCTCCC,1
ATCCCTCAGCATCGCA,1
ATCCCTCCAAATACAA,1
ATCCCTGAGCTTCCTA,1
ATCCCTGTAAGCGGGC,1
ATCCCTTACATCAAGG,1
ATCCCTTAGTCCTTTT,1
ATCCCTTATGGATATG,1
ATCCCTTGTCCTGTTG,1
ATCCCTTTCAAGACCG,1
ATCCCTTTGAACCTGT,1
ATCCCTTTGCACCTTT,1
ATCCGAAAATCCAATT,1
ATCCGAAACAGTGTGA,1
ATCCGAAACGGTGTTA,1
ATCCGAAACTGTGGGT,1
ATCCGAAAGTCCGAAT,1
ATCCGAAATGTTATTA,1
ATCCGAACACTGAAAA,1
ATCCGAACAGTCGAAG,1
ATCCGAACCAGTGGCA,1
ATCCGAACGCATCGAT,1
ATCCGAAGCAAACCAT,1
ATCCGAAGCAGCTCAC,1
ATCCGAATATATAGCT,1
ATCCGAATCCCGTCCC,1
ATCCGACCAGGACCAA,1
ATCCGACTCCCGTCCA,1
ATCCGACTCTCGTCCC,1
ATCCGAGGCTCCTGAT,1
ATCCGAGTGTTGTAAT,1
ATCCGATAAAACAAAC,1
ATCCGATAAAACATAC,1
ATCCGATAAAACCCAC,1
ATCCGATAACAAATTA,1
ATCCGATAAGACACAC,1
ATCCGATATGACAAAA,1
ATCCGATCCGGATACT,1
ATCCGATCGATAAAAA,1
ATCCGATGAAACACAC,1
ATCCGATTTCAGTAAA,1
ATCCGCAACTGATCTA,1
ATCCGCAATCGCAAAA,1
ATCCGCAGATTCTACT,1
ATCCGCATATAATGAG,1
ATCCGCATATAATTTG,1
ATCCGCATGCTTCTTA,1
ATCCGCATTTGATTAA,1
ATCCGCCAACCAAAAG,1
ATCCGCCCAACACACC,1
ATCCGCCCAACACACT,1
ATCCGCGAATTTAAGA,1
ATCCGCGAGTCATACA,1
ATCCGCGAGTGATACC,1
ATCCGCGATTAACGGT,1
ATCCGCGGCTGAGTAA,1
ATCCGCTAGTATAAGT,1
ATCCGCTCAACAGTAG,1
ATCCGCTCATTACCTG,1
ATCCGCTTCAAAAAAA,1
ATCCGCTTGTCTTAAA,1
ATCCGGATAATTATCT,1
ATCCGGCAAAAGTAGG,1
ATCCGGCAAACAACAA,1
ATCCGGCAAGACGCGC,1
ATCCGGCCAAAAACCA,1
ATCCGGCGACCGAAAA,1
ATCCGGCTCTGGTGCA,1
ATCCGGGGAAACTTCA,1
ATCCGGTTTCGTGAAT,1
ATCCGTAAAATGACTT,1
ATCCGTCACGGCCACC,1
ATCCGTCAGAACTACG,1
ATCCGTCCCTAGTAGT,1
ATCCGTCGAATGAAAG,1
ATCCGTCGACTGTAGA,1
ATCCGTCGATCCAAAT,1
ATCCGTCGGAAAAGGG,1
ATCCGTCTAGATACTA,1
ATCCGTGATGACTTGC,1
ATCCGTGTGAACTTGT,1
ATCCGTGTTTTAGACT,1
ATCCGTTACTGGCATA,1
ATCCTAAAAATCAACA,1
ATCCTAAAACCATTAC,1
ATCCTAAAGGTCTTGA,1
ATCCTAACAAGCGCTA,1
ATCCTAACCCAGACTT,1
ATCCTAAGGAGAGGAC,1
ATCCTAAGGATAAGAC,1
ATCCTAAGTCATTATC,1
ATCCTAATACAGACTT,1
ATCCTAATACATAGAA,1
ATCCTAATCCTTTAAC,1
ATCCTAATCGAGACTT,1
ATCCTAATCTTAGTTG,1
ATCCTAATGAAACCGC,1
ATCCTACCATTAGATA,1
ATCCTACCGCACGTCT,1
ATCCTACCTAATTGAT,1
ATCCTACCTGATATAA,1
ATCCTACGAATAGCGT,1
ATCCTACGGCACTTCT,1
ATCCTACGGTACGTCT,1
ATCCTACTGGTCTATT,1
ATCCTACTTCAAAATG,1
ATCCTACTTCTACACA,1
ATCCTAGCAAAGACCT,1
ATCCTATAAAACAATC,1
ATCCTATACTCAAATA,1
ATCCTATATACAAATA,1
ATCCTATATGGCAAAA,1
ATCCTATGGAAATCCA,1
ATCCTCAAAATCAGCA,1
ATCCTCAAAATTAAGA,1
ATCCTCAAATCCAGCG,1
ATCCTCAAGACCTGTT,1
ATCCTCACTTATTAAC,1
ATCCTCAGAAATAATA,1
ATCCTCAGCAGAGTTA,1
ATCCTCAGTGGGTCGT,1
ATCCTCATATAATGTG,1
ATCCTCATCTGAGAAT,1
ATCCTCATTTTCGTGC,1
ATCCTCCAATTGACTT,1
ATCCTCCATATAAACG,1
ATCCTCCATGACCAAA,1
ATCCTCCCGAATTGAT,1
ATCCTCCGAACTAATA,1
ATCCTCCTATAAAAAA,1
ATCCTCCTATTGTCCC,1
ATCCTCCTATTGTCCT,1
ATCCTCCTGCTTCTTA,1
ATCCTCGAGAACCAAG,1
ATCCTCGCAGAACAGG,1
ATCCTCTAAGCACTTC,1
ATCCTCTACTATCCTT,1
ATCCTCTCTTAAATGA,1
ATCCTCTGGTTAATCT,1
ATCCTGAAAAAATGAG,1
ATCCTGAAACAACCTC,1
ATCCTGACAAAACGTG,1
ATCCTGACACATAATC,1
ATCCTGACCAGACAAA,1
ATCCTGACTATCCGCA,1
ATCCTGACTATTAGCA,1
ATCCTGAGAAACGGAA,1
ATCCTGAGAAGCCGAA,1
ATCCTGAGGAGCGGAA,1
ATCCTGATACTAACCA,1
ATCCTGATATAATCTG,1
ATCCTGATGAAACCAA,1
ATCCTGATTAATAACT,1
ATCCTGCCGTAGACAG,1
ATCCTGCGGAAAGTAA,1
ATCCTGGAGCACCAAG,1
ATCCTGGGACCTGCAC,1
ATCCTGTGCCCGGACA,1
ATCCTTAAAAATTTCA,1
ATCCTTAAACTCATAT,1
ATCCTTAACCCCTGAT,1
ATCCTTACTTTAAAAG,1
ATCCTTAGACTGTAGA,1
ATCCTTAGCACATCTA,1
ATCCTTAGCCCATATA,1
ATCCTTAGGGAATTTA,1
ATCCTTATACCAAAGA,1
ATCCTTATATATATAT,1
ATCCTTCCTACAAAAT,1
ATCCTTCCTACACCCC,1
ATCCTTCGAACGAGTG,1
ATCCTTCGACTGTATA,1
ATCCTTCGACTTTAGA,1
ATCCTTCGGCTGTAGA,1
ATCCTTGACGAGCAAA,1
ATCCTTGATCCCGCTT,1
ATCCTTGCCAGAAGTA,1
ATCCTTGCCCGTAGTA,1
ATCCTTGGCACACTGT,1
ATCCTTGGTGAGTCGA,1
ATCCTTGGTGCGTCAA,1
ATCCTTGGTGCGTCTA,1
ATCCTTGTTGTTTCCA,1
ATCCTTTAATCAATGA,1
ATCCTTTATGAGTGGG,1
ATCCTTTCGCTCTCTA,1
ATCCTTTGACCCGTAC,1
ATCCTTTGTACAGCCA,1
ATCCTTTGTGCGTCGA,1
ATCCTTTTATAACCAT,1
ATCCTTTTATCACCAC,1
ATCCTTTTTGGTTCCA,1
ATCGAAAAAACTGAGA,1
ATCGAAAATGGAATCC,1
ATCGAAACAAAATAAA,1
ATCGAAACATAAGTCA,1
ATCGAAACATAAGTCG,1
ATCGAAACATAAGTCT,1
ATCGAAACATAAGTGC,1
ATCGAAACATAAGTTC,1
ATCGAAACGTCTCAAA,1
ATCGAAACTACACATA,1
ATCGAAAGACTATCTG,1
ATCGAAAGGGTTCAAC,1
ATCGAAATCAAGACTA,1
ATCGAAATCCGTTCAC,1
ATCGAACAATGTTAAA,1
ATCGAACGACCACCAA,1
ATCGAACTACTGTTTC,1
ATCGAAGGGACCAGTT,1
ATCGAAGGGTCCAGCT,1
ATCGAAGGGTTCAGTT,1
ATCGAAGGTTCCAGTT,1
ATCGAAGTGAAACCCG,1
ATCGAAGTTTTTGATA,1
ATCGAATACAATGTTA,1
ATCGAATACGAGACTA,1
ATCGAATAGCACTTCG,1
ATCGAATATGCACATA,1
ATCGAATCTACACACT,1
ATCGAATGACTCATGA,1
ATCGAATGAGCCGACA,1
ATCGAATGAGCCGCTA,1
ATCGAATGGAAAGTTG,1
ATCGAATTAGATACAA,1
ATCGAATTATACCAGA,1
ATCGACAAACATTTTA,1
ATCGACAAAGAAAAAA,1
ATCGACAAAGACTAAG,1
ATCGACAAGATCAAGC,1
ATCGACAAGCATCCAA,1
ATCGACAAGCATTACT,1
ATCGACACGAAAGTAA,1
ATCGACACGAACTGGT,1
ATCGACACGCAGGCCT,1
ATCGACAGAGTATATG,1
ATCGACAGATACTCAA,1
ATCGACAGCATGACGG,1
ATCGACAGCGTGAGGG,1
ATCGACAGCGTGGCGG,1
ATCGACAGTAATTAAG,1
ATCGACATAAAGGTCC,1
ATCGACATAACCATAT,1
ATCGACATCTTCCGAC,1
ATCGACATGGTAAGGG,1
ATCGACATTAATTAAC,1
ATCGACCCGAATCACC,1
ATCGACCGAAGGAAGC,1
ATCGACCGTCCAGAAT,1
ATCGACCTAAAGGTAC,1
ATCGACCTAAAGTTCC,1
ATCGACCTCAAGAAAG,1
ATCGACCTTCCCGAAT,1
ATCGACGAACGCAATT,1
ATCGACGGAGCCGCCA,1
ATCGACTAAAATATAA,1
ATCGACTCCATTAGGC,1
ATCGACTGAAATATTA,1
ATCGACTGGGGTAAAA,1
ATCGACTTGCTGGCGA,1
ATCGAGAAATATTAGA,1
ATCGAGAATTGCGGGG,1
ATCGAGACAGTGGAAA,1
ATCGAGAGTCCAGCAA,1
ATCGAGATGGGAAACG,1
ATCGAGATGTGTCCAA,1
ATCGAGATTTAACCTC,1
ATCGAGCAGGAACCGC,1
ATCGAGCCAAAAGCCG,1
ATCGAGCCAAGCGTGG,1
ATCGAGCCAAGCGTGT,1
ATCGAGCGGAGAGATC,1
ATCGAGGAGCCCCACG,1
ATCGAGGATGTGTAGG,1
ATCGAGGCGACCCACG,1
ATCGAGGCGCCCCACA,1
ATCGAGGGAGAATACT,1
ATCGAGTCGCCCCACG,1
ATCGAGTTGTTAGCAA,1
ATCGATAAACTCAAAC,1
ATCGATAATCCCATTT,1
ATCGATACACCCATAT,1
ATCGATACTACGGCCT,1
ATCGATACTATTGCCT,1
ATCGATAGAGGCCACA,1
ATCGATATGGTTCAAC,1
ATCGATATTAACATCT,1
ATCGATATTATGGCCT,1
ATCGATCAAAAATAAA,1
ATCGATCAAAAGTGTC,1
ATCGATCAGAGCACAT,1
ATCGATCGCCAGTCAG,1
ATCGATCGTAATCAAC,1
ATCGATCTCATAAAGT,1
ATCGATCTCGTATAAA,1
ATCGATGAGAGCCGCA,1
ATCGATGGGATGAATC,1
ATCGATGTACTCTCCA,1
ATCGATGTCTATGATA,1
ATCGATTAAACCCAAC,1
ATCGATTAAGTAGGGA,1
ATCGATTAATCGACTG,1
ATCGATTATAGGAATA,1
ATCGATTCCGGGTTTC,1
ATCGATTCGGACCTAA,1
ATCGATTCTGCTAGTT,1
ATCGATTGATCAGGTA,1
ATCGATTTTTTAAAAA,1
ATCGCAAAAAACTAAA,1
ATCGCAAAGGATTACT,1
ATCGCAACGAACTGGT,1
ATCGCAACTAGTTCTA,1
ATCGCAAGATGAAATA,1
ATCGCAAGTCTCAAAG,1
ATCGCAAGTTTAAATA,1
ATCGCAATCTAGCTAT,1
ATCGCAATTAACCCAG,1
ATCGCAATTCTCCTAC,1
ATCGCAATTGTACGCT,1
ATCGCACACTAAACGA,1
ATCGCACCATGAAGCA,1
ATCGCACCCCCTAGCA,1
ATCGCAGAATACGAAT,1
ATCGCAGATGAATAAC,1
ATCGCAGTTTAAGGCT,1
ATCGCATAAACGGAGG,1
ATCGCATAGGCACATA,1
ATCGCATATGAACATA,1
ATCGCATATGATAAGA,1
ATCGCATCAACAGAAA,1
ATCGCATTACAAGCAA,1
ATCGCCAATATCTTAA,1
ATCGCCACAAACTGGT,1
ATCGCCACAACCATAC,1
ATCGCCACGAACTGTT,1
ATCGCCAGAATGAAGA,1
ATCGCCATAACCATAC,1
ATCGCCATCCTGTACG,1
ATCGCCATTGATAGCT,1
ATCGCCCGAAGGAATC,1
ATCGCCCGAAGTAAGC,1
ATCGCCCGTCTCTAAA,1
ATCGCCCTAAGGAAGC,1
ATCGCCCTGGTATAGC,1
ATCGCCGTACAACGCG,1
ATCGCCGTACTCTCCA,1
ATCGCCTAAAGCCCCA,1
ATCGCCTACAATATTG,1
ATCGCCTACCCCGCAG,1
ATCGCCTACTCAACAT,1
ATCGCCTCATTACCTG,1
ATCGCCTTATTCCAAA,1
ATCGCGAAACAACCAA,1
ATCGCGAACGGACACA,1
ATCGCGAATATCCTTC,1
ATCGCGACCGAAATGA,1
ATCGCGACCTATGGAA,1
ATCGCGAGCTCCTCCC,1
ATCGCGAGGCAAATCA,1
ATCGCGATCCAGGGAT,1
ATCGCGCGGCAAATAT,1
ATCGCGCTCCCACAGA,1
ATCGCGGACAAGAAGT,1
ATCGCGGAGGCTCTAA,1
ATCGCGGGTTAAGGTA,1
ATCGCGTAATTCGTAG,1
ATCGCTAACACAAATG,1
ATCGCTACAAGTAACA,1
ATCGCTACTATATCTC,1
ATCGCTATCCAAGGAT,1
ATCGCTATGAAAGAAC,1
ATCGCTATGACTTAAA,1
ATCGCTATTGAACGCA,1
ATCGCTCACTATACTT,1
ATCGCTCCCGAACCGA,1
ATCGCTCTGACTTAAA,1
ATCGCTGTACTCTACA,1
ATCGCTGTGAATTAAA,1
ATCGCTGTGACCTAAA,1
ATCGCTTATCCTCAAT,1
ATCGCTTATCTAAAAA,1
ATCGCTTCGGCGATGC,1
ATCGCTTTAAGAAAGT,1
ATCGCTTTACTCTCCA,1
ATCGCTTTGACTTAAA,1
ATCGGAAAAAGCCAGG,1
ATCGGAAAACGTGAAA,1
ATCGGAAAATAGTCTT,1
ATCGGAAGCAGAGAAA,1
ATCGGAATTAATTACT,1
ATCGGAATTTGTCAGG,1
ATCGGACAACGTATCC,1
ATCGGACAAGATTAAA,1
ATCGGACACGGTAAGC,1
ATCGGACATATCAGAA,1
ATCGGACCCTAAGCCC,1
ATCGGACTTAATTAGT,1
ATCGGACTTGAAGATC,1
ATCGGAGAAATTGGGG,1
ATCGGAGACTACGACC,1
ATCGGAGATAAGGGAT,1
ATCGGAGTTAATTACT,1
ATCGGATACTGTGGTG,1
ATCGGATATAGTAGAA,1
ATCGGATATTAACCCT,1
ATCGGATCACGAAATA,1
ATCGGATCATTACCTG,1
ATCGGATGATACAGCA,1
ATCGGATGCCGGGAAA,1
ATCGGATTTAATTCGC,1
ATCGGCAAGCGTCGCA,1
ATCGGCATCGAATGCA,1
ATCGGCCTGTCCCATG,1
ATCGGCGAAATTGCGG,1
ATCGGCGAGTACGTGA,1
ATCGGCGTAGAATGCA,1
ATCGGCGTCGAATGAA,1
ATCGGCTAATTACCTG,1
ATCGGCTCATCAACCT,1
ATCGGCTCATTAACTG,1
ATCGGCTCATTACATG,1
ATCGGCTCATTACCTT,1
ATCGGCTCATTACGTG,1
ATCGGCTCATTATCTG,1
ATCGGGACAACCATCA,1
ATCGGGCCCTCAACCT,1
ATCGGGCCGCGTGCTA,1
ATCGGGGACAAGTAAC,1
ATCGGGTTTGATACTA,1
ATCGGTAAGGAAAATC,1
ATCGGTACAGTTTATA,1
ATCGGTATATCAAAAC,1
ATCGGTATGTAGTCCT,1
ATCGGTATGTTTTTAA,1
ATCGGTGTAGATGGGG,1
ATCGGTTAGCAGGACC,1
ATCGGTTTAAGGAAAA,1
ATCGGTTTGAGGAAGA,1
ATCGTAAACTCTAGTT,1
ATCGTAACACTCAGCA,1
ATCGTAACATCACACT,1
ATCGTAAGCCTTGAAC,1
ATCGTAATGCTTCCTA,1
ATCGTACAATCTAGTT,1
ATCGTACTTAATTACT,1
ATCGTAGAGAGCCAAT,1
ATCGTAGCACGACTAA,1
ATCGTAGCGTGAGTCA,1
ATCGTAGCTGATTATG,1
ATCGTAGGTATTTCTT,1
ATCGTAGGTGTTTCAT,1
ATCGTATATTAGCATC,1
ATCGTATCCGTAATCA,1
ATCGTATTAGGATCTC,1
ATCGTCAAGATCTTAA,1
ATCGTCAAGGATTGCC,1
ATCGTCAATGCTAAAT,1
ATCGTCATCGGTGACT,1
ATCGTCATTGTCACAA,1
ATCGTCCAACGCCATT,1
ATCGTCCAATGGCATT,1
ATCGTCCTATAAAAAC,1
ATCGTCCTATGCCATT,1
ATCGTCCTTGCCAACA,1
ATCGTCGCTCCATATA,1
ATCGTCGGGGCCATGT,1
ATCGTCTAACCCGCAA,1
ATCGTCTAATTCCACA,1
ATCGTCTCGGATATAC,1
ATCGTCTTAGACTGCT,1
ATCGTGAACTAAAAGA,1
ATCGTGACAGGAAAAA,1
ATCGTGCAATGATAGG,1
ATCGTGCTCCCACATA,1
ATCGTGCTCCCACGGA,1
ATCGTGCTGCCACAGA,1
ATCGTGGCTCCAGATA,1
ATCGTGGGATGCAACC,1
ATCGTGGGATGCACAC,1
ATCGTGGGATGCTCCC,1
ATCGTGGGATGGACCC,1
ATCGTGTCATCAACCT,1
ATCGTGTGAAAAGCCC,1
ATCGTGTTACGAGAGG,1
ATCGTGTTACGAGATA,1
ATCGTGTTACTAGATA,1
ATCGTTAAAGATGACC,1
ATCGTTAAATCAAACC,1
ATCGTTAACTGGGAAT,1
ATCGTTAACTTCGATG,1
ATCGTTAAGATGTGTT,1
ATCGTTAAGTCAAAAC,1
ATCGTTAAGTCAAACA,1
ATCGTTAAGTCAGACC,1
ATCGTTCAATAATAAA,1
ATCGTTCTCCCACAGA,1
ATCGTTGCTATCCCCA,1
ATCGTTGGTGGAAAAA,1
ATCGTTGGTGGCGAAA,1
ATCGTTGTAAACCTTA,1
ATCGTTTAAGTACGAC,1
ATCGTTTAGGTCCGAC,1
ATCGTTTCACTTCTTA,1
ATCGTTTTAATGCCTA,1
ATCTAAAAAACTTAAT,1
ATCTAAAAAGGTCAAA,1
ATCTAAAAATCATACA,1
ATCTAAAACGTGTAGA,1
ATCTAAAAGAATGTAG,1
ATCTAAAAGCCCCAGA,1
ATCTAAAAGGACACAA,1
ATCTAAAATTTAGAAT,1
ATCTAAACATTCTACG,1
ATCTAAACATTTGACG,1
ATCTAAACCAACATGC,1
ATCTAAACCGTGTACT,1
ATCTAAACTATTCGCG,1
ATCTAAAGCACCCGAA,1
ATCTAAAGGGAAGCAA,1
ATCTAAATAGGTACCC,1
ATCTAACAGGAAAGAA,1
ATCTAACCAACTTAAA,1
ATCTAACCATGCCTAA,1
ATCTAACCCATTACTT,1
ATCTAACGGAGTCTAG,1
ATCTAACTATCTGAAT,1
ATCTAACTGGTCCTGA,1
ATCTAACTTATGCAAC,1
ATCTAAGAAGCACAGA,1
ATCTAAGACCATGAGA,1
ATCTAAGCATGACCAT,1
ATCTAAGCATGCACAT,1
ATCTAAGGGTCCAGTT,1
ATCTAAGTTCGAGGCT,1
ATCTAATAAGACGGTC,1
ATCTAATACAAAGATG,1
ATCTAATACGACTGTC,1
ATCTAATACGATGGTC,1
ATCTAATATGAGACCG,1
ATCTAATCGTAACCCT,1
ATCTAATGATGTGAGA,1
ATCTAATTATATGCAG,1
ATCTAATTGTATATCT,1
ATCTACAAAAAATCTT,1
ATCTACAAAGCCGACT,1
ATCTACAAATTTAAAA,1
ATCTACAACGATTACA,1
ATCTACAATTCCCTTA,1
ATCTACAGAAGCAATT,1
ATCTACAGACGTATTC,1
ATCTACAGGGATGATA,1
ATCTACATCATATCAG,1
ATCTACATGGTCCTGA,1
ATCTACATTCTCGATT,1
ATCTACATTGAGATAC,1
ATCTACATTTTTGTCA,1
ATCTACCAGTAAAACC,1
ATCTACCATATCGAAG,1
ATCTACCCGAGCAGGG,1
ATCTACCCTTCAACTC,1
ATCTACCGGACCGCCA,1
ATCTACCTAGTCCTGA,1
ATCTACCTGGTACTGA,1
ATCTACCTTGTCCTGA,1
ATCTACGAAAAATTTT,1
ATCTACTGAATTCTGC,1
ATCTAGAAAAATAAAC,1
ATCTAGAAATAAACTA,1
ATCTAGAAATAGAATC,1
ATCTAGAAGATTAATG,1
ATCTAGAAGCGGACCA,1
ATCTAGACAATGCACA,1
ATCTAGCAGAAAAAAG,1
ATCTAGCAGGATTCAC,1
ATCTAGCAGGGACTTT,1
ATCTAGCCGTCATTTA,1
ATCTAGCGGATAGCTA,1
ATCTAGGAAAAATCCC,1
ATCTAGGAAATTAATG,1
ATCTAGGCAATAAAAC,1
ATCTAGGGGTTAACAT,1
ATCTAGTAGATCAGGT,1
ATCTAGTCGATAAGGT,1
ATCTAGTCGATCAGAC,1
ATCTAGTCGATCGGGT,1
ATCTAGTCGGTCAGGT,1
ATCTAGTGAGGTACTC,1
ATCTATAAAAAGTCTG,1
ATCTATAAAACGGAGA,1
ATCTATAACAAGACAC,1
ATCTATAATCCCATCT,1
ATCTATAATGCTTAAA,1
ATCTATATTGAGTTGT,1
ATCTATCAAAACCTAC,1
ATCTATCACATTTCCT,1
ATCTATCACTAATCTT,1
ATCTATCCGGCAAATC,1
ATCTATCCGTCAAATT,1
ATCTATCGATGAATGA,1
ATCTATCTGGTCCTGA,1
ATCTATCTTTCAAGAC,1
ATCTATGAACCTACTA,1
ATCTATGATACCCTCT,1
ATCTATGATCTACTAA,1
ATCTATTAATTTAACT,1
ATCTATTGAAATGCGT,1
ATCTATTGCCAGCACT,1
ATCTATTGGAACCCAG,1
ATCTCAAAACGGCATG,1
ATCTCAAACATGAAAC,1
ATCTCAAACATGGAAA,1
ATCTCAAACATGGATC,1
ATCTCAAACATGTAAC,1
ATCTCAAACATTGAAC,1
ATCTCAAAGACTAACA,1
ATCTCAAATACTAACC,1
ATCTCAAATATGGAAC,1
ATCTCAAATATTATCA,1
ATCTCAAATGACCAGT,1
ATCTCAAATTGCTACT,1
ATCTCAACCTATTCCA,1
ATCTCAAGCATGGAAC,1
ATCTCAAGGTTCAGCA,1
ATCTCAATAATCTTGG,1
ATCTCAATCCTTTAAC,1
ATCTCAATGACAACAT,1
ATCTCAATTGGAAACC,1
ATCTCACAAAGAATAA,1
ATCTCACCGTGGACCG,1
ATCTCACGGGGCCAAA,1
ATCTCAGAAACCACTT,1
ATCTCAGACATGGAAC,1
ATCTCAGATACCACTT,1
ATCTCAGCGTTAACAT,1
ATCTCAGGGTTATCAT,1
ATCTCAGTGTTAACAT,1
ATCTCATAACAGCGCA,1
ATCTCATAGACCACTT,1
ATCTCATAGACTAATT,1
ATCTCATCCGCTTGAA,1
ATCTCATGCCAGCGGT,1
ATCTCATTAAGTATCA,1
ATCTCATTATTAATGA,1
ATCTCCATAACCATAT,1
ATCTCCATGTTACCGT,1
ATCTCCATTGAGAGCT,1
ATCTCCCAAACGAATG,1
ATCTCCCATGAAGATC,1
ATCTCCCGAAGGAAGC,1
ATCTCCCTACCCATTC,1
ATCTCCGCAGATCTAG,1
ATCTCCGCGAATCTAG,1
ATCTCCTAACAGTGCA,1
ATCTCGAACATGGAAC,1
ATCTCGACTCGAGAAT,1
ATCTCGCCAAAACTTT,1
ATCTCGCCCACACGAC,1
ATCTCGCTCACACAAC,1
ATCTCGGAAAAATCTC,1
ATCTCGGAAATAAAAC,1
ATCTCGGACGATCACT,1
ATCTCGGAGAAATCCC,1
ATCTCGGCAATAAAAA,1
ATCTCGGCCTAAACCG,1
ATCTCGTAAGACACAT,1
ATCTCGTGCAGACTTC,1
ATCTCGTTACCCACTC,1
ATCTCGTTTCAGAAGA,1
ATCTCTAAAAAGTTCT,1
ATCTCTAGCATCAAAA,1
ATCTCTAGTAACTTTG,1
ATCTCTAGTAGCTGTG,1
ATCTCTATAAATAAAA,1
ATCTCTCAACATCAAG,1
ATCTCTCAATAAAGCC,1
ATCTCTCCCACACAAC,1
ATCTCTGATAAAAGCA,1
ATCTCTGCAATAAAAC,1
ATCTCTGTACTCTCCA,1
ATCTCTTAAGGAGAAC,1
ATCTCTTTGCAATCAA,1
ATCTCTTTTTCTATGT,1
ATCTGAACATTAGGTA,1
ATCTGAACATTCGACG,1
ATCTGAACTAAGGCTG,1
ATCTGAAGGTCTACCC,1
ATCTGAAGTAACATTG,1
ATCTGACGACCCGTCT,1
ATCTGACTGACGCACT,1
ATCTGACTTAATTACT,1
ATCTGATAAAAATAAG,1
ATCTGATAAAATGGAA,1
ATCTGATAAGACTAAG,1
ATCTGATAAGCAGCTA,1
ATCTGATATAAGACCC,1
ATCTGATCGCAAATCG,1
ATCTGATGTGCCTTTG,1
ATCTGCAATTCCCCTA,1
ATCTGCAATTCCCTAA,1
ATCTGCAATTCCCTTG,1
ATCTGCACCAATTCAA,1
ATCTGCACCTGAAGCC,1
ATCTGCAGGGACTTTT,1
ATCTGCATTGCAATAT,1
ATCTGCCACGCCGTCC,1
ATCTGCCAGTCGATGG,1
ATCTGCCGACAATTTT,1
ATCTGCGAAATTGGGG,1
ATCTGCGAACCTACTA,1
ATCTGCGTTTAACAGC,1
ATCTGGATTGGCTTTA,1
ATCTGGCGGTAAATCA,1
ATCTGGCTTATGCCAC,1
ATCTGGGAAAAATCCC,1
ATCTGGGCATAAAGGA,1
ATCTGGTAGTCAAGAC,1
ATCTGGTCGATCAGGT,1
ATCTGGTTGCCCACTC,1
ATCTGTACGCGGCTAG,1
ATCTGTATACCTGTAA,1
ATCTGTATGACCCCGT,1
ATCTGTATTAATGGCC,1
ATCTGTATTCCTCAGG,1
ATCTGTCAAAGGTAGG,1
ATCTGTCATATACACC,1
ATCTGTGAACATACTA,1
ATCTGTGAACCTAATA,1
ATCTGTGAACCTGCTA,1
ATCTGTGACTAATTAT,1
ATCTGTGAGCCTACTA,1
ATCTGTGAGGGAAGAA,1
ATCTGTGGAAATACAC,1
ATCTGTTAACCTACTA,1
ATCTGTTATTTAATAA,1
ATCTGTTCCCCGATCT,1
ATCTTAAAATATATTC,1
ATCTTAACAATCGCTA,1
ATCTTAACATTCGACG,1
ATCTTAACCGGGATAG,1
ATCTTAACTGTGCCCA,1
ATCTTAAGATGCCTAA,1
ATCTTAAGGCTTACTG,1
ATCTTAAGTAACATTA,1
ATCTTAATAACAATAG,1
ATCTTAATACTTTAAC,1
ATCTTAATTAAACGTG,1
ATCTTACATATAAGTG,1
ATCTTACATATTAACA,1
ATCTTACCCCATCATA,1
ATCTTACCCCATTCTA,1
ATCTTACCGGCGCGAC,1
ATCTTACGGGGCCACA,1
ATCTTACTCCATCCTA,1
ATCTTACTGCACTCTA,1
ATCTTACTTAAATGTG,1
ATCTTAGCCTTGACAT,1
ATCTTAGCCTTGACGA,1
ATCTTAGTCAACATCT,1
ATCTTATAACATGACA,1
ATCTTATAACGCTGCG,1
ATCTTATAGAGGCACT,1
ATCTTATCAATCACTT,1
ATCTTATGAGGAAATT,1
ATCTTATGGGGCCAAA,1
ATCTTATTGGGCATCT,1
ATCTTCAATCAGTAAC,1
ATCTTCAATTCCCTTA,1
ATCTTCAGATGACCAT,1
ATCTTCAGATTTTCAA,1
ATCTTCATATGCCCAT,1
ATCTTCCCAAACACAC,1
ATCTTCCCACACACAA,1
ATCTTCGGCCAAGGCG,1
ATCTTCTAACTGAGCA,1
ATCTTCTACATGAGCA,1
ATCTTCTACCTTAGCA,1
ATCTTCTAGAACCTAT,1
ATCTTCTAGACGCACT,1
ATCTTCTAGCTGAGCA,1
ATCTTCTAGGTAGGAG,1
ATCTTCTATAGGCACT,1
ATCTTCTCAGAGTCAG,1
ATCTTCTGCGGCAAAA,1
ATCTTGAAACTGAATT,1
ATCTTGAAAGATCGAT,1
ATCTTGAAAGGTATGG,1
ATCTTGAACCATGCGT,1
ATCTTGAATGGTGTGG,1
ATCTTGACACCATCAT,1
ATCTTGAGACTGAATG,1
ATCTTGAGAGGATTAA,1
ATCTTGAGTGGTATGG,1
ATCTTGATAAACGGTA,1
ATCTTGCAATTGATTC,1
ATCTTGCATTTAAACT,1
ATCTTGCGCCAATAGA,1
ATCTTGGATGGTATGG,1
ATCTTGGCAATAAAAC,1
ATCTTGGCTTACAATC,1
ATCTTGGGACGGCAAA,1
ATCTTGTGGTAGCATA,1
ATCTTGTTCCAACGTC,1
ATCTTGTTCCCACAAT,1
ATCTTTAAAAATTTCC,1
ATCTTTAACACAAATG,1
ATCTTTAACGGCAACT,1
ATCTTTAAGGGCAACT,1
ATCTTTAATGACAACT,1
ATCTTTAATGGAAACT,1
ATCTTTAATGGCAACC,1
ATCTTTAATGGTAACT,1
ATCTTTACAACGAAGA,1
ATCTTTACCATCAAAC,1
ATCTTTATGGAAAATT,1
ATCTTTCCGTTAGGTA,1
ATCTTTCGTTGAATGA,1
ATCTTTCTGAACTGGC,1
ATCTTTCTTTATAACG,1
ATCTTTGCACAAGATA,1
ATCTTTGGTTTAGCTG,1
ATCTTTTATATTATTC,1
ATCTTTTCCTGAGCAT,1
ATCTTTTGCTGTGTCG,1
ATCTTTTGGTTAAGAA,1
ATCTTTTTGGTTGATT,1
ATGAAAAACACGCTTG,1
ATGAAAAAGACTGTCC,1
ATGAAAAAGAGGATGA,1
ATGAAAAAGCTAGACA,1
ATGAAAAAGTGAATTA,1
ATGAAAAATCAAGAGC,1
ATGAAAAATCAAGTTC,1
ATGAAAAATCTATACA,1
ATGAAAAATGAAGAGT,1
ATGAAAAATGAAGATC,1
ATGAAAAATGAATAGC,1
ATGAAAACAAGTCGAC,1
ATGAAAACAGACCACC,1
ATGAAAACATTAAACA,1
ATGAAAACCGGTAAGA,1
ATGAAAACGTGGCCTA,1
ATGAAAACTATGAAAA,1
ATGAAAACTATGACAC,1
ATGAAAACTATTTCAC,1
ATGAAAACTCGCAGTA,1
ATGAAAACTGTGTCAC,1
ATGAAAAGATTCTGCC,1
ATGAAAAGTATTATTT,1
ATGAAAATAAGATTAT,1
ATGAAAATACGATTAG,1
ATGAAAATAGATACAA,1
ATGAAAATATCTAGAG,1
ATGAAAATCAACCATA,1
ATGAAAATCAACCATG,1
ATGAAAATCTGTAAAT,1
ATGAAAATCTGTGAGC,1
ATGAAAATGCAGCTGA,1
ATGAAAATGCTAAGTA,1
ATGAAAATTCGACAAT,1
ATGAAAATTGTTAGAA,1
ATGAAAATTTGTTATC,1
ATGAAACAAGATTTGA,1
ATGAAACAAGGAACTG,1
ATGAAACAAGGTACTG,1
ATGAAACAATACCTTT,1
ATGAAACACAAAGCAT,1
ATGAAACACTATTACC,1
ATGAAACCGAGGCATT,1
ATGAAACCGCTGCTTA,1
ATGAAACCTCTGCTAA,1
ATGAAACGATGGGGTA,1
ATGAAACTAAGAAGAA,1
ATGAAACTATGACAGT,1
ATGAAACTCTTTCCGC,1
ATGAAAGAAAGTTAAT,1
ATGAAAGACCAGTAAA,1
ATGAAAGACGAAAAAG,1
ATGAAAGATGACGCTA,1
ATGAAAGCTAGGCCAA,1
ATGAAAGTTACAGTTA,1
ATGAAATAACCTATAT,1
ATGAAATAACTATACT,1
ATGAAATAATCCCATC,1
ATGAAATAGCCGGCTG,1
ATGAAATCAGCCTGAA,1
ATGAAATCTAAGCATG,1
ATGAAATCTACCAACG,1
ATGAAATGAAGCAGTA,1
ATGAAATGATGCTGTG,1
ATGAAATGGACCATTA,1
ATGAAATTAATGGATA,1
ATGAAATTACCTTGAA,1
ATGAAATTCAAGACGA,1
ATGAAATTGAAACAAT,1
ATGAACAAAAAGGTTT,1
ATGAACAAACAACAAA,1
ATGAACAAATAAGGAA,1
ATGAACAAATCTAAAC,1
ATGAACACATAAATCC,1
ATGAACACGAAGGACC,1
ATGAACAGCTTACCCC,1
ATGAACAGCTTATCCA,1
ATGAACAGGGGATTCA,1
ATGAACATACAATAAG,1
ATGAACATACAGTCAG,1
ATGAACATATGCACTT,1
ATGAACATCAAATGAA,1
ATGAACATGAGCTTTG,1
ATGAACATTTCACACA,1
ATGAACCAACCATTTC,1
ATGAACCAAGATAAAT,1
ATGAACCAATCGACAC,1
ATGAACCACACGGGTA,1
ATGAACCCCAGAGCAC,1
ATGAACCTACACACTG,1
ATGAACCTATAATTCA,1
ATGAACCTCATGCAAA,1
ATGAACGCTTAACGTG,1
ATGAACGGATTTAAGA,1
ATGAACGGCGAAGACG,1
ATGAACGTTAACAACG,1
ATGAACTAAAACCATA,1
ATGAACTAAACAACGG,1
ATGAACTAGCTCGACA,1
ATGAACTAGTAAATCT,1
ATGAACTAGTTTATAT,1
ATGAACTATACAACTG,1
ATGAACTCATTCATTA,1
ATGAACTGAAGCCAGC,1
ATGAACTGATCATCGG,1
ATGAACTGGCTCACCT,1
ATGAACTTAGTCATGT,1
ATGAACTTCAACTTCT,1
ATGAACTTCATGTAGC,1
ATGAAGAACCAAAATC,1
ATGAAGAATGAGCATT,1
ATGAAGACAAACCACC,1
ATGAAGACAGAACACC,1
ATGAAGACAGACCAAC,1
ATGAAGACAGACGACC,1
ATGAAGACCAACCCAG,1
ATGAAGAGGAAATCGT,1
ATGAAGATAAGATTAG,1
ATGAAGATACCGTTAG,1
ATGAAGATGACATCGC,1
ATGAAGATGGTAACGA,1
ATGAAGCAAACCCCGT,1
ATGAAGCAACATTAAG,1
ATGAAGCACAACCCTT,1
ATGAAGCACAACTATT,1
ATGAAGCACACACCTA,1
ATGAAGCACATCTCTT,1
ATGAAGCGACCCAAGT,1
ATGAAGCGTATGCTCT,1
ATGAAGGAACCTTTAA,1
ATGAAGGACCAACCCC,1
ATGAAGGAGCATTAAG,1
ATGAAGGATCGCACTA,1
ATGAAGGTAGACAAAT,1
ATGAAGTAAAATACAA,1
ATGAAGTAACGCCACT,1
ATGAAGTACTTAGACG,1
ATGAAGTACTTAGCAG,1
ATGAAGTAGTAAAGTA,1
ATGAAGTCTGGAGAAG,1
ATGAAGTTCACGAAGA,1
ATGAAGTTCATGACGA,1
ATGAAGTTTGCAGAAG,1
ATGAAGTTTGGAGAAT,1
ATGAAGTTTTGAGAAG,1
ATGAATAACGTATTGG,1
ATGAATAACTCCCACA,1
ATGAATAATAGGGTAC,1
ATGAATACAGACATAG,1
ATGAATACAGACATCT,1
ATGAATACATTAGCGT,1
ATGAATACCTTCCTCA,1
ATGAATACGAGTACAA,1
ATGAATACGGACATCG,1
ATGAATAGCACAGCCC,1
ATGAATATACAATCAG,1
ATGAATATACCATTAG,1
ATGAATATCAAATTAA,1
ATGAATATCCGAACAC,1
ATGAATATTTGGCAAC,1
ATGAATCACAACTCTT,1
ATGAATCACATTCTAA,1
ATGAATCACATTCTTA,1
ATGAATCACCTTCAAA,1
ATGAATCACGGGAATT,1
ATGAATCAGAAAGCAG,1
ATGAATCATTGCTGAT,1
ATGAATCCAATATGGA,1
ATGAATCCGGGGTAGT,1
ATGAATCGATAGAACG,1
ATGAATCGCCGCCTAC,1
ATGAATCTAAACACTG,1
ATGAATCTACACGCTG,1
ATGAATCTACGCACTG,1
ATGAATCTTTTGACCA,1
ATGAATCTTTTGCCCG,1
ATGAATCTTTTTCCCA,1
ATGAATGCAAAATTCG,1
ATGAATGCAAGAATAC,1
ATGAATGCAAGCATAA,1
ATGAATGGCATTTGCA,1
ATGAATGTAAGCATAC,1
ATGAATGTACACACTG,1
ATGAATGTACTGAACA,1
ATGAATGTATCGCTTA,1
ATGAATGTGGAGCGTG,1
ATGAATGTTATCAAAC,1
ATGAATGTTGTGATGA,1
ATGAATGTTTCGATTA,1
ATGAATGTTTCGCCTA,1
ATGAATTAAATGGTTC,1
ATGAATTAACCACACC,1
ATGAATTAACCATACT,1
ATGAATTATACAACGG,1
ATGAATTATATGGTTG,1
ATGAATTATATTGTTC,1
ATGAATTCACTGGGTA,1
ATGAATTCACTTGATA,1
ATGAATTGAGTAGCTA,1
ATGAATTGGCATATAC,1
ATGAATTTCAAATTCT,1
ATGAATTTCTTATCAA,1
ATGAATTTGGAAAGAT,1
ATGAATTTGGCTAAGA,1
ATGAATTTTACAGGTC,1
ATGAATTTTAGAGTAA,1
ATGACAAAAAGATTAA,1
ATGACAAAAATACGGA,1
ATGACAAAAATTGTAC,1
ATGACAAAAGACCGTA,1
ATGACAAAATGTAGCG,1
ATGACAAACAAAACCA,1
ATGACAAAGGACCGGA,1
ATGACAAATAAGCCGG,1
ATGACAAATCAAATGA,1
ATGACAACAAATAAAC,1
ATGACAACAATATATT,1
ATGACAACATGCCACA,1
ATGACAAGAGACTGCG,1
ATGACAAGATGGGGTA,1
ATGACAAGCACGCTTG,1
ATGACAAGCTCAATGT,1
ATGACAATAAAATTCG,1
ATGACACAAGATTTCG,1
ATGACACAATTCTGGC,1
ATGACACACGCAGTAA,1
ATGACACACGCGATAA,1
ATGACACACTGACCAC,1
ATGACACATATTCCTA,1
ATGACACATGATATTA,1
ATGACACCATATAAAA,1
ATGACACCCACCTGAG,1
ATGACACCTTAAACTT,1
ATGACACGAATCACTA,1
ATGACACGAGGTCCGA,1
ATGACACGGTGGGGTA,1
ATGACACTAAGAAAGC,1
ATGACACTACAAAAGG,1
ATGACACTATTCTAGC,1
ATGACACTATTCTGTC,1
ATGACACTCTTCTGTA,1
ATGACACTCTTTCGAA,1
ATGACACTGAGAAAGG,1
ATGACACTGTTCTGGC,1
ATGACACTGTTGGACA,1
ATGACAGAACCCTACA,1
ATGACAGCCTGAAAAT,1
ATGACAGTAATCACGA,1
ATGACAGTCGAGTATT,1
ATGACAGTTATAAAGG,1
ATGACATAATCAGATT,1
ATGACATAATTAACCA,1
ATGACATAGCCAGCTG,1
ATGACATAGCCGGATG,1
ATGACATAGCCGGCTT,1
ATGACATATCCGGCTG,1
ATGACATCAATGATGC,1
ATGACATCAGTGATGT,1
ATGACATCATCTAACC,1
ATGACATCCTAAATTA,1
ATGACATTAGTGATGC,1
ATGACATTATCAAGCC,1
ATGACATTCAGATAAC,1
ATGACATTTAGAAATA,1
ATGACATTTCGTCTGA,1
ATGACCAAACCATTTC,1
ATGACCAAATGGTGGC,1
ATGACCAACGAGTACA,1
ATGACCAAGCCCAATC,1
ATGACCAAGCTCTCAT,1
ATGACCACAAGGAAAA,1
ATGACCACACAGAAAA,1
ATGACCACACGGGAAA,1
ATGACCACCCACACCA,1
ATGACCACTCTCTTTC,1
ATGACCAGCCCCCGCA,1
ATGACCAGCCCTCGCA,1
ATGACCAGTACCAATG,1
ATGACCATAGAACGAT,1
ATGACCATCGGCACAA,1
ATGACCATCGGTAGCT,1
ATGACCATGGCATCTT,1
ATGACCCAACCATTTA,1
ATGACCCAGTGAATCG,1
ATGACCCTACCATTTC,1
ATGACCCTCAAGACTA,1
ATGACCCTCAAGAGGA,1
ATGACCCTCAATACGA,1
ATGACCCTCGAGACGA,1
ATGACCGAAACTCACA,1
ATGACCGGAGCCTAAA,1
ATGACCGGCATACTAT,1
ATGACCGGGTTAATAT,1
ATGACCTGCCCGTCTA,1
ATGACGACAGAATTAT,1
ATGACGACATAATGAT,1
ATGACGACGACGCGCG,1
ATGACGACGGAATGAT,1
ATGACGACTCAACTTC,1
ATGACGATGACTCAGT,1
ATGACGATTAAGAATA,1
ATGACGCAAATATACC,1
ATGACGCGCATAGCAG,1
ATGACGCTTAAAAAGT,1
ATGACGCTTTCCTCTC,1
ATGACGGCCTGAAGTA,1
ATGACGTACCTTCCCG,1
ATGACGTACTTTCCAG,1
ATGACGTAGCCGGCTG,1
ATGACGTCAGATATTC,1
ATGACTAAAAGCAACC,1
ATGACTACATCTAATA,1
ATGACTATCGTTAGCT,1
ATGACTATGAAAAGCC,1
ATGACTATGGTTAGAC,1
ATGACTCACTTTTGAA,1
ATGACTCCAGGTCTCA,1
ATGACTCCCAAAGAGA,1
ATGACTCCCCCTCAAA,1
ATGACTCCGCTTCAAA,1
ATGACTCGTAATGAAC,1
ATGACTCGTTTGATGG,1
ATGACTCTAACATAGA,1
ATGACTCTCGCATAGA,1
ATGACTCTTAGAGAAC,1
ATGACTGACCAAGCCC,1
ATGACTGACCCAGACC,1
ATGACTGACCCATCAC,1
ATGACTGAGACAGCAA,1
ATGACTGTGAATATGA,1
ATGACTGTGAGGTTCC,1
ATGACTTAACCAAGCT,1
ATGACTTAACCGAGCA,1
ATGACTTAACCGAGCG,1
ATGACTTAACCTAGCT,1
ATGACTTAAGAAAGCT,1
ATGACTTAATCGAGCT,1
ATGACTTACAGGGGCT,1
ATGACTTAGAAATATA,1
ATGACTTATAACGATA,1
ATGACTTCAAATATAA,1
ATGACTTCACACATGG,1
ATGACTTCATCCAATA,1
ATGACTTGAGAAAGCC,1
ATGACTTGAGAATGCT,1
ATGACTTGCCTCTTCA,1
ATGACTTGTAGCACAA,1
ATGACTTGTCTTCAAA,1
ATGACTTTGACCAGGA,1
ATGAGAAAAGGATAAA,1
ATGAGAAAATATCATA,1
ATGAGAAACAAAATAG,1
ATGAGAAAGAAAATGC,1
ATGAGAAAGTACCTAC,1
ATGAGAACAGAGTCTA,1
ATGAGAACAGGATTAA,1
ATGAGAACCAGGGGTG,1
ATGAGAACTAAGGAAC,1
ATGAGAACTCGATCAA,1
ATGAGAAGCGATTAAT,1
ATGAGAAGGCATTAAT,1
ATGAGAATAACGCGCT,1
ATGAGAATCCAACCAC,1
ATGAGACAATTGGACA,1
ATGAGACAGAGATATT,1
ATGAGACAGTGCCCGT,1
ATGAGACCGGGCATAC,1
ATGAGACGAGCGTTGT,1
ATGAGACTACGGACAA,1
ATGAGACTCCGGTGAT,1
ATGAGACTGCGAGGGC,1
ATGAGACTTAGTGTGC,1
ATGAGAGAACGGACTG,1
ATGAGAGACCCCATAC,1
ATGAGAGATAGTTCGA,1
ATGAGAGATATGCAAG,1
ATGAGAGGTAGCTAAG,1
ATGAGAGTCATGCGAA,1
ATGAGAGTGCAACATT,1
ATGAGATAGTGACTGA,1
ATGAGATCACACCTGT,1
ATGAGATTGACACACT,1
ATGAGATTTATCAGAC,1
ATGAGATTTATCCTAC,1
ATGAGCAAGAATTATC,1
ATGAGCAAGTCTCTAG,1
ATGAGCAGATTCAACC,1
ATGAGCAGCCAAACGA,1
ATGAGCAGGCCAACGA,1
ATGAGCCAAGAGAATG,1
ATGAGCCAGAATAAAT,1
ATGAGCCCAATTGTGC,1
ATGAGCCCGACATAAT,1
ATGAGCCGAGCGTAGT,1
ATGAGCCGAGCGTTTT,1
ATGAGCCTAATTGTTC,1
ATGAGCGAAAAACAAA,1
ATGAGCGAGGCCTTAC,1
ATGAGCGAGGTTTAAA,1
ATGAGCGGAGTCAAGC,1
ATGAGCTGTACCTCAA,1
ATGAGCTTTTCCACCT,1
ATGAGGAAACCATAGC,1
ATGAGGAAACTACCCC,1
ATGAGGACAAAACTCA,1
ATGAGGACAGACCACC,1
ATGAGGACCTCAAGAA,1
ATGAGGACGAACCAAG,1
ATGAGGACTATCAAAT,1
ATGAGGATGTAAAACA,1
ATGAGGCAGGACAGTA,1
ATGAGGCATATTAAGA,1
ATGAGGCCACGATAAG,1
ATGAGGCCACTCTAAG,1
ATGAGGCTAACCGATA,1
ATGAGGCTCTTCTCAG,1
ATGAGGGAGTAGATTA,1
ATGAGGGGACCCGCCA,1
ATGAGGGTAAAAATGA,1
ATGAGGTAGATAACAA,1
ATGAGGTCCAGATTAG,1
ATGAGGTCCTAACCCA,1
ATGAGGTCGAGAATAG,1
ATGAGGTCGGGCGTTC,1
ATGAGGTGCAAGTGAT,1
ATGAGGTTTACGTACA,1
ATGAGTAAGGAAAGCC,1
ATGAGTAAGTCAGGAG,1
ATGAGTAATCAAAACT,1
ATGAGTACACCCAAAA,1
ATGAGTACGGGAAAAG,1
ATGAGTAGAATTTACT,1
ATGAGTAGATACCTAC,1
ATGAGTAGCCGGAACA,1
ATGAGTATGTTCGGAC,1
ATGAGTCAGTGCATGC,1
ATGAGTCATATTAACA,1
ATGAGTCGAAACTTAT,1
ATGAGTCGTACAAAAA,1
ATGAGTCGTACTGTAG,1
ATGAGTGACCAAAATA,1
ATGAGTGAGTCTCTAG,1
ATGAGTGATCGTTGCG,1
ATGAGTGGGTAATAAT,1
ATGAGTGTGCTAATAA,1
ATGAGTTACATGCTAT,1
ATGAGTTAGAACCGTA,1
ATGAGTTAGAACCTTG,1
ATGAGTTAGCTAGATT,1
ATGAGTTCCTTAATAA,1
ATGAGTTCTAATTGTG,1
ATGAGTTCTAATTTGG,1
ATGAGTTGCGCCCTCC,1
ATGAGTTTTAATTGGG,1
ATGATAAAAAAGGAGA,1
ATGATAAAAAGGTCCC,1
ATGATAAAACCGAAAC,1
ATGATAAAACCTAAAT,1
ATGATAAAATGTTCCA,1
ATGATAAAGAAGGTAC,1
ATGATAACAACGCGTG,1
ATGATAACCAACACCA,1
ATGATAACTGAGTAGC,1
ATGATAAGAAAGCGGT,1
ATGATAAGCCATTAAT,1
ATGATAAGCGCATCTA,1
ATGATAAGTGCCTCTA,1
ATGATAATACTTGAAA,1
ATGATAATATCAAGAG,1
ATGATAATCGGAACCT,1
ATGATAATCTAAAGAG,1
ATGATAATGTCAAGAG,1
ATGATAATGTTATGTA,1
ATGATAATGTTCTTTA,1
ATGATACACGAATGTT,1
ATGATACGGACCTTTG,1
ATGATACTGAGTTAAA,1
ATGATAGAAATCCACT,1
ATGATAGAATTTATTG,1
ATGATAGGCACCGAAC,1
ATGATAGGTGGCCAAA,1
ATGATAGTGACATTGC,1
ATGATATAAAAATCCG,1
ATGATATAAATAAGTG,1
ATGATATACACACACA,1
ATGATATACCACCTAC,1
ATGATATATAGTGATT,1
ATGATATCAACACACA,1
ATGATATCCAAACACA,1
ATGATATCCACACACC,1
ATGATATCCACATACA,1
ATGATATCGATGACTT,1
ATGATATCTTACTATC,1
ATGATATGCCACAATT,1
ATGATATGCCATGGGT,1
ATGATATTAACTATAT,1
ATGATATTCACACACA,1
ATGATATTGAGAATGA,1
ATGATATTTACAAACA,1
ATGATCAAGTGGCAAG,1
ATGATCAATTTGCTCT,1
ATGATCACACTCCCCT,1
ATGATCATATCACTCT,1
ATGATCATTCAAATCA,1
ATGATCCAAAGTCGAT,1
ATGATCCATATAAAAT,1
ATGATCCCGGAATTGA,1
ATGATCCCGTACTACG,1
ATGATCCCTTATAAAG,1
ATGATCCGGCATTCTT,1
ATGATCCGTAAGCAAA,1
ATGATCCTAAGAACTT,1
ATGATCCTAATAAACA,1
ATGATCCTTTCGTGAA,1
ATGATCGATCGGTATT,1
ATGATCGATTTACCAT,1
ATGATCTACTACTGGA,1
ATGATCTCATACTACG,1
ATGATCTGCCATTGGT,1
ATGATCTGGGAAAAGA,1
ATGATCTTCAGATGCA,1
ATGATGAAACATCAAA,1
ATGATGAAAGATAGGA,1
ATGATGAAATCAGTAG,1
ATGATGAAGGGACATC,1
ATGATGACATACGCTC,1
ATGATGACCAGGAAAA,1
ATGATGACCCGGCGAG,1
ATGATGACCTACCAAA,1
ATGATGACTCATTGTG,1
ATGATGCACGTCTTGA,1
ATGATGCCAGGCCCCA,1
ATGATGCCATTGACAA,1
ATGATGCCCAAAACAT,1
ATGATGCCCGACCCCA,1
ATGATGCCCGGCCCAA,1
ATGATGCCCGGCCCGA,1
ATGATGCCGCCGATAA,1
ATGATGCCGGGCCCCA,1
ATGATGGAATGCACTG,1
ATGATGGACCCCTGTA,1
ATGATGGACTAAACGT,1
ATGATGGGCATTTGCA,1
ATGATGGGTAATTAAC,1
ATGATGTCCCGCAGGA,1
ATGATGTCCGGCCCCA,1
ATGATGTTAATCAGGA,1
ATGATGTTCACGACGA,1
ATGATGTTCCACAAAG,1
ATGATGTTGATTTACA,1
ATGATTAAAACGAATA,1
ATGATTAAACTAGCCA,1
ATGATTAACACTAATA,1
ATGATTAATAATGGCT,1
ATGATTAATGAAAGCC,1
ATGATTACCCCTGGTT,1
ATGATTACTAAAGCCA,1
ATGATTACTGTATTCG,1
ATGATTCCCGGCCCCA,1
ATGATTCGCTTAAGAG,1
ATGATTGACATATATA,1
ATGATTGAGCGTAAAT,1
ATGATTGATAAGAAGT,1
ATGATTGCACACAATT,1
ATGATTGCCCACACGA,1
ATGATTTATAGACTCA,1
ATGATTTCAAAAGCAC,1
ATGATTTCACAATCAC,1
ATGATTTCATAAGCAC,1
ATGATTTGAAACCCAA,1
ATGATTTGACAAGCAC,1
ATGATTTGCTGTCGCA,1
ATGCAAAAGGAAGTTA,1
ATGCAAAATAGAGAGT,1
ATGCAAAATCTGACGA,1
ATGCAAACAGGCACCA,1
ATGCAAAGATTCTGAC,1
ATGCAAAGATTCTTCC,1
ATGCAAAGCTCAATGT,1
ATGCAAAGGCCATAAA,1
ATGCAAAGTGCTCCGT,1
ATGCAAATTAGTGTTC,1
ATGCAAATTCGTGTTG,1
ATGCAACAAAGTAGAC,1
ATGCAACAAGGGCCAA,1
ATGCAACACTTTTTCT,1
ATGCAACATGATAAGG,1
ATGCAACCAGGAAACT,1
ATGCAACCCAGCGTCC,1
ATGCAACCTAACTAAT,1
ATGCAACGCAATACAG,1
ATGCAACGGAGTTTAG,1
ATGCAACTCAACGGTA,1
ATGCAACTTCAAGGAT,1
ATGCAACTTCACTGAT,1
ATGCAAGAAAACAATT,1
ATGCAAGCCCTAGGTG,1
ATGCAAGCCTTCATAA,1
ATGCAAGCTAAGACCA,1
ATGCAAGGGGGGACCT,1
ATGCAAGTTACATTTA,1
ATGCAATAACCCCATC,1
ATGCAATAATACCATC,1
ATGCAATAATACTCGG,1
ATGCAATAATCACATC,1
ATGCAATAATCCTATC,1
ATGCAATACTGTCTGT,1
ATGCAATAGTAAATCT,1
ATGCAATATAGGGAAC,1
ATGCAATATGATGAAA,1
ATGCAATCAAACGGTG,1
ATGCAATGTATTCAAG,1
ATGCACAAACTTTATA,1
ATGCACAAATGATGTC,1
ATGCACAAATGCTGTA,1
ATGCACAAATGCTTTC,1
ATGCACAAGCTCTCAT,1
ATGCACAATAACTTTT,1
ATGCACAATCTCAATG,1
ATGCACAATTCTGGCG,1
ATGCACAGATGCTGTC,1
ATGCACAGTTAACATG,1
ATGCACATTGATCTTT,1
ATGCACCAAACACGAG,1
ATGCACCAAACAGGGC,1
ATGCACCAAACCTCTG,1
ATGCACCATAATATCA,1
ATGCACCCCTACGGAC,1
ATGCACCTATCCTACT,1
ATGCACCTGGATCTTT,1
ATGCACCTTTATCTTT,1
ATGCACGACAGTAGCA,1
ATGCACGACATAGAAA,1
ATGCACGACTTGCTGT,1
ATGCACGGCGTGGATT,1
ATGCACGTTAACAACC,1
ATGCACGTTAACAACT,1
ATGCACTAAAACGGTG,1
ATGCACTACTATCCTT,1
ATGCACTAGCCTTACC,1
ATGCACTAGTAAAGTA,1
ATGCACTATACGAATA,1
ATGCACTCAAACGGTA,1
ATGCACTCAAACGGTC,1
ATGCACTTGTGTTGAC,1
ATGCACTTTTGATAGA,1
ATGCAGAAACCTACAC,1
ATGCAGAAACGGCGAA,1
ATGCAGAACTGTAGTA,1
ATGCAGACAAAACAGG,1
ATGCAGACAACGTGTG,1
ATGCAGAGATTCTGCC,1
ATGCAGAGGTAAATTG,1
ATGCAGCACCACCATC,1
ATGCAGCACTGTAGTA,1
ATGCAGCCCTCATCTA,1
ATGCAGCTTGACTATC,1
ATGCAGGAACAAAAAG,1
ATGCAGGAACCTGACA,1
ATGCAGGCACACAGAT,1
ATGCAGGGGTACTGAT,1
ATGCAGTAAGCGAAAT,1
ATGCAGTAATAACACG,1
ATGCAGTCCAAATAGT,1
ATGCAGTTACCCTCTT,1
ATGCATAAAGCATCTT,1
ATGCATAACCAAGTTT,1
ATGCATAAGTATGATT,1
ATGCATAATGTATCTA,1
ATGCATACTAAAGAAG,1
ATGCATATGGAAGCAT,1
ATGCATATGTGGCAAC,1
ATGCATCCAATACCTA,1
ATGCATCCTACATCAG,1
ATGCATCTAACTAAGT,1
ATGCATCTCTGGCAGA,1
ATGCATGAATCTATCC,1
ATGCATGATAGCAATT,1
ATGCATGCGAGTACGT,1
ATGCATGCTATCAAAC,1
ATGCATGGAATCTCCC,1
ATGCATGGGTAGAATA,1
ATGCATGGTAATCACG,1
ATGCATGTAATAGATG,1
ATGCATGTAATCAAAC,1
ATGCATGTGCCAAGGT,1
ATGCATGTTATAAAAC,1
ATGCATGTTATCAAAT,1
ATGCATGTTATTAAAC,1
ATGCATGTTCAAAGGT,1
ATGCATGTTCCAATGT,1
ATGCATTAACAGAATG,1
ATGCATTCATGGTCAT,1
ATGCATTCCACATCAG,1
ATGCATTCTACATCAT,1
ATGCATTCTACATCTG,1
ATGCATTCTGCTAGTT,1
ATGCATTTAAACAGAA,1
ATGCATTTACTCAAGC,1
ATGCCAACATCGCTGA,1
ATGCCAAGATCAATGT,1
ATGCCAATCTCAATGT,1
ATGCCACCAATGACAA,1
ATGCCACCACATGAAG,1
ATGCCACCCGTAACTA,1
ATGCCACTGATGAAAA,1
ATGCCAGCAATAGCCC,1
ATGCCAGTACCAGACC,1
ATGCCATAATAACCAT,1
ATGCCATACAACTGAT,1
ATGCCATACTCAGAGA,1
ATGCCATACTCGGAGC,1
ATGCCATATAGTAGAA,1
ATGCCATGAGCCTATT,1
ATGCCATGGGAAGTCC,1
ATGCCATGGGAATCGT,1
ATGCCCAACCTCTCAT,1
ATGCCCAAGCCCTCAT,1
ATGCCCAAGCTCTAAT,1
ATGCCCAAGCTCTCAC,1
ATGCCCAAGCTCTTAT,1
ATGCCCAAGTTCTCAT,1
ATGCCCAATCTCTCAT,1
ATGCCCACAGTCAAGG,1
ATGCCCACTATTAAGA,1
ATGCCCAGAAGGACCT,1
ATGCCCAGACAGAAGG,1
ATGCCCAGAGTTGCCC,1
ATGCCCAGGCTCTCAT,1
ATGCCCCAATGAGATT,1
ATGCCCCGAAAATGAC,1
ATGCCCCTAATAAGAT,1
ATGCCCGAAATAGCGG,1
ATGCCCGAACTAACAA,1
ATGCCCGCTTAAACAA,1
ATGCCCTACAATATTG,1
ATGCCCTACGTTTTCA,1
ATGCCCTCCGCGTGAA,1
ATGCCCTGGGAATCGT,1
ATGCCGAAGGACCCAT,1
ATGCCGAATCAAATAG,1
ATGCCGACGACGTGTG,1
ATGCCGAGTCAACTAG,1
ATGCCGATCAAACCTA,1
ATGCCGATTCCAATGC,1
ATGCCGCATATAGTAA,1
ATGCCGCATATAGTGA,1
ATGCCGCGGCGCTCCT,1
ATGCCGCTAAATGAAG,1
ATGCCGCTACGTAATA,1
ATGCCGGAAAAGCAAT,1
ATGCCGTATATAAAGT,1
ATGCCGTATATTAAGT,1
ATGCCGTATTCTCCAC,1
ATGCCGTCGCATCCCT,1
ATGCCGTCTGCACCCT,1
ATGCCGTGGGAATAGT,1
ATGCCGTGGGAATCGC,1
ATGCCTAACACTAAAG,1
ATGCCTAACTATGCCA,1
ATGCCTAAGCAAGGGT,1
ATGCCTACGACCTAAA,1
ATGCCTAGTGTCAAGG,1
ATGCCTATAAACATCA,1
ATGCCTATAGGATTTC,1
ATGCCTATCGGTTATG,1
ATGCCTCAAAGGATTC,1
ATGCCTCATACACTAT,1
ATGCCTCCCAAAGAAT,1
ATGCCTCTACTAAAAG,1
ATGCCTGATACTTACT,1
ATGCCTGATGAATGAA,1
ATGCCTGCATATCGTA,1
ATGCCTGTACGAGTAC,1
ATGCCTGTCAGTTGCG,1
ATGCCTTATTACGACA,1
ATGCCTTCTATTAAGT,1
ATGCCTTGACCAGGGT,1
ATGCCTTGGGAATCGT,1
ATGCCTTTTCGGAAAC,1
ATGCGAACACTGAAAA,1
ATGCGAACGCTGTATT,1
ATGCGAAGAAGTTCTA,1
ATGCGAATACTAAGGC,1
ATGCGAATAGTTCACC,1
ATGCGACAAGAAAGCA,1
ATGCGACACAGTCACA,1
ATGCGACCCAACCCTA,1
ATGCGACGATGATGGT,1
ATGCGACGCCAAAAGT,1
ATGCGAGAACCATCAC,1
ATGCGAGATTAAGCTA,1
ATGCGAGCTCTTGTGA,1
ATGCGAGCTTAAACAA,1
ATGCGAGGCCTTGTGA,1
ATGCGAGGTCTCGTGA,1
ATGCGAGGTCTTGTTA,1
ATGCGATAAAACACAC,1
ATGCGATAGAATTACA,1
ATGCGATAGTGTGCAC,1
ATGCGATCAAATTACA,1
ATGCGATCATATGCGA,1
ATGCGATCCAATTACA,1
ATGCGATCGAATTACG,1
ATGCGATCGAATTACT,1
ATGCGATGGAATTACA,1
ATGCGATGGTGGAAAA,1
ATGCGATGTCTTGTGA,1
ATGCGATTGCGTATCT,1
ATGCGCCGACGACGAG,1
ATGCGCCTACGATGTA,1
ATGCGCCTCAAGAATG,1
ATGCGCGAAAAACAAA,1
ATGCGCGCACGTAACT,1
ATGCGCGCCTAAACAA,1
ATGCGCGGATTAAAGT,1
ATGCGCGGTCAAGGGC,1
ATGCGCTCGTCACGCG,1
ATGCGCTGACAAGGAT,1
ATGCGGAAAACAAAGC,1
ATGCGGAACTAAATAG,1
ATGCGGAGGTAAGTCC,1
ATGCGGAGGTCATTCC,1
ATGCGGAGGTCGGTCC,1
ATGCGGAGGTCTGTCC,1
ATGCGGCTGATGACTA,1
ATGCGGCTTTAAGACA,1
ATGCGGGATCCGAACC,1
ATGCGGGGCGTATATC,1
ATGCGGTCGAATTACA,1
ATGCGGTGACGCGGGT,1
ATGCGGTTAAAAATGA,1
ATGCGTAAGCTTGGAA,1
ATGCGTACATTTCACT,1
ATGCGTATCGAAGAAA,1
ATGCGTCAATGCTACT,1
ATGCGTCAATGCTATA,1
ATGCGTCAATGCTATC,1
ATGCGTCAATGCTGTT,1
ATGCGTCGATGCTATT,1
ATGCGTCTATGCTATT,1
ATGCGTTAATGCTATT,1
ATGCGTTACTAAGTAT,1
ATGCGTTCTACATCAG,1
ATGCTAAAACCGACGC,1
ATGCTAAGGAGAAGAC,1
ATGCTAATAAACTAAG,1
ATGCTAATCCAGACTT,1
ATGCTAATTATGAGTT,1
ATGCTACTACATAGAA,1
ATGCTACTACTGGAGA,1
ATGCTACTGATCACTC,1
ATGCTACTTCTGGATA,1
ATGCTAGACAACCATT,1
ATGCTAGATAACCATC,1
ATGCTAGATAGAAGCT,1
ATGCTAGATAGCCATT,1
ATGCTAGCAGCTTAAA,1
ATGCTAGCTCTCCATA,1
ATGCTAGGACAAAACG,1
ATGCTAGGCAACTTAT,1
ATGCTAGGTCTTGTGA,1
ATGCTAGGTGGCCGAA,1
ATGCTAGGTTGCCAAA,1
ATGCTAGTATAAAAAC,1
ATGCTAGTATAAAGAT,1
ATGCTAGTATATAAAT,1
ATGCTAGTGTAAAAAT,1
ATGCTATAAACTTATA,1
ATGCTATAACCCTCAC,1
ATGCTATACTAATACC,1
ATGCTATCGGTCTCGA,1
ATGCTATCTTATGCCG,1
ATGCTATTGTTGAATA,1
ATGCTCAAATGGGGTC,1
ATGCTCAAGTGGCAAT,1
ATGCTCACACGCTGCT,1
ATGCTCACACTGACAC,1
ATGCTCACGGAGACCT,1
ATGCTCACTAAGACAA,1
ATGCTCATCCCAAACT,1
ATGCTCATTAAAACAA,1
ATGCTCATTAAGAAAA,1
ATGCTCATTAAGACAG,1
ATGCTCATTAAGAGAA,1
ATGCTCATTAATACAA,1
ATGCTCCAATGGGTTC,1
ATGCTCCCACACAAAA,1
ATGCTCCCACGCAAAT,1
ATGCTCCCACGCTAAA,1
ATGCTCGAACTAGATC,1
ATGCTCGCCTAGTCAT,1
ATGCTCGCTGGCATTT,1
ATGCTCGGAAACTTAT,1
ATGCTCGGCAATTTAT,1
ATGCTCGGCAGCTTAT,1
ATGCTCGTAATACAAC,1
ATGCTCGTGATACAAA,1
ATGCTCGTGTTAAAAA,1
ATGCTCTAACTAGATG,1
ATGCTGATATCTAATG,1
ATGCTGATTAACACGA,1
ATGCTGATTACAACGA,1
ATGCTGATTACCAAGA,1
ATGCTGATTACCACTA,1
ATGCTGATTACTACGA,1
ATGCTGATTATCACGA,1
ATGCTGCACACGGAAA,1
ATGCTGCACCCGGAAA,1
ATGCTGCACGCGAAAA,1
ATGCTGCAGGCGGAAA,1
ATGCTGCCAAAAACAT,1
ATGCTGCCAAATGAAG,1
ATGCTGCCCAAAACAC,1
ATGCTGCCCAAAAGAT,1
ATGCTGCCCAAAATAT,1
ATGCTGCCCATAACAT,1
ATGCTGCCCCAAACAT,1
ATGCTGCCGAAAACAT,1
ATGCTGCCGCCGATAA,1
ATGCTGGATAGAAGAT,1
ATGCTGGGTAGAAGCT,1
ATGCTGGTAAAAATGA,1
ATGCTGTAGAACCCAA,1
ATGCTGTATAGAAGCT,1
ATGCTGTCAGCATAGC,1
ATGCTGTCCAAAACAT,1
ATGCTGTCTATTAAGT,1
ATGCTGTGTCCAGCAA,1
ATGCTGTGTGTATAGA,1
ATGCTTACAGGATTTC,1
ATGCTTACGCAACTTT,1
ATGCTTAGGGGTTTTC,1
ATGCTTAGGGTTGTTC,1
ATGCTTATAAGATTTC,1
ATGCTTATAGAATTTC,1
ATGCTTATAGGACTTC,1
ATGCTTATAGGATCTC,1
ATGCTTATAGGATTCC,1
ATGCTTATAGGATTTA,1
ATGCTTATAGGATTTT,1
ATGCTTATTGGATTTC,1
ATGCTTCAACCACCTG,1
ATGCTTCAACCATATG,1
ATGCTTCCAAACTCTT,1
ATGCTTCCACGCAAAA,1
ATGCTTCGACTGTAGA,1
ATGCTTCTATATGCCA,1
ATGCTTGAACAATCTA,1
ATGCTTGATAGAAGCT,1
ATGCTTTCCATAGGTA,1
ATGCTTTTAAGGAAAC,1
ATGCTTTTTCTCCGCA,1
ATGGAAAAAACTGGGA,1
ATGGAAAAAATCGAAT,1
ATGGAAAAACCTGCAG,1
ATGGAAAAAGACAAAT,1
ATGGAAAACCTTGCAT,1
ATGGAAAAGAATGTCC,1
ATGGAAAAGACTGTCA,1
ATGGAAAAGACTGTGC,1
ATGGAAAAGAGTGTCC,1
ATGGAAAAGGCCACAA,1
ATGGAAAATAACGTGT,1
ATGGAAAATCAGTCCA,1
ATGGAAAATGAAACAT,1
ATGGAAAATGATAAGG,1
ATGGAAACACCAATCA,1
ATGGAAACATTCTGAT,1
ATGGAAACATTCTGTT,1
ATGGAAACTAAAAGAC,1
ATGGAAATAGATAGAT,1
ATGGAAATAGTGATTG,1
ATGGAAATCTAAATAC,1
ATGGAAATCTAACTAA,1
ATGGAAATGGGGTCTT,1
ATGGAACAAGGCGGCG,1
ATGGAACAATTGGACA,1
ATGGAACAATTTAATC,1
ATGGAACAATTTCATA,1
ATGGAACACTTACGAA,1
ATGGAACAGATATTGT,1
ATGGAACAGCAAAGAG,1
ATGGAACAGCACAGAA,1
ATGGAACAGCACAGAT,1
ATGGAACAGTTTCATC,1
ATGGAACATGATAAGA,1
ATGGAACATGATAATG,1
ATGGAACCAAGTCGAC,1
ATGGAACCGGAAAGCA,1
ATGGAACCTGCCTATT,1
ATGGAACGCGCAAGCA,1
ATGGAACGCTTCCGAA,1
ATGGAACTTATTTTCC,1
ATGGAAGAATTTCATC,1
ATGGAAGAGCACAGAG,1
ATGGAAGCAATGGCCT,1
ATGGAAGGTCTGGGTT,1
ATGGAAGTAAAAATAG,1
ATGGAAGTCTTGGTTA,1
ATGGAATAAACCATCA,1
ATGGAATATAACTTAG,1
ATGGAATCTAAATCTC,1
ATGGAATGGGGGAATG,1
ATGGAATTACATGAAC,1
ATGGAATTGTGAAGGG,1
ATGGACAAACGCTAAT,1
ATGGACAAACTCTCAT,1
ATGGACAACCTTACAT,1
ATGGACAAGCGCTCAT,1
ATGGACACTATTAAGA,1
ATGGACAGAAAACACA,1
ATGGACATCAGACACG,1
ATGGACATCTTCCGGC,1
ATGGACATGGTCACAC,1
ATGGACCAATACTTAA,1
ATGGACCAATCATTTC,1
ATGGACCACCGCCTTC,1
ATGGACCAGACTGAAA,1
ATGGACCCATTCGCAA,1
ATGGACCCCATGTTAT,1
ATGGACCGATCATCGG,1
ATGGACCTAATACTAC,1
ATGGACGTTCACGCAC,1
ATGGACTAAATTTGAC,1
ATGGACTAACAAAATT,1
ATGGACTAGTCTATAT,1
ATGGACTAGTTTGTTC,1
ATGGACTATTTTATAT,1
ATGGACTCTAGTGCGG,1
ATGGACTGAGTTCCAT,1
ATGGACTGATCATCGA,1
ATGGACTGATCATCGT,1
ATGGACTGATCGTCGG,1
ATGGACTGCCTAACTA,1
ATGGAGAAGACTGTCC,1
ATGGAGACAGACCACC,1
ATGGAGAGCCCGGAGA,1
ATGGAGAGGACATCGC,1
ATGGAGATCGTAACGA,1
ATGGAGATGGGCAACG,1
ATGGAGCAACACCAAT,1
ATGGAGCACGACAATC,1
ATGGAGCCATAATTCC,1
ATGGAGCCCGACAAAC,1
ATGGAGCCCGACAACC,1
ATGGAGCCCTAATTCC,1
ATGGAGCTGGAAGGAA,1
ATGGAGCTTATTGTCC,1
ATGGAGGACACGTTAG,1
ATGGAGGAGAGACAGA,1
ATGGAGGCAAATACAA,1
ATGGAGGCACACACAA,1
ATGGAGGCTTCCAATG,1
ATGGAGGGCAAACGGA,1
ATGGAGGGTACACGGA,1
ATGGAGGTGCCAGGCA,1
ATGGAGGTGGAGCTAC,1
ATGGAGTAAACTTCAA,1
ATGGAGTAAATTGGAC,1
ATGGAGTAAGATATCT,1
ATGGAGTAGGAGGCTG,1
ATGGAGTAGTTTATAT,1
ATGGAGTCACGTTGTA,1
ATGGAGTCATAAAAAA,1
ATGGAGTGGTCCCGAA,1
ATGGAGTTGTCTTGTT,1
ATGGAGTTTAAGATAA,1
ATGGAGTTTTAAAGAT,1
ATGGATAAAATTCATA,1
ATGGATAAATAGCCAA,1
ATGGATAAGGATAATG,1
ATGGATAATCGGTAGA,1
ATGGATACTACCAATA,1
ATGGATAGATGGAGCG,1
ATGGATATACGTCAAA,1
ATGGATATCTGATGAA,1
ATGGATATGGGCAACC,1
ATGGATATTCGTTAGA,1
ATGGATATTTTCACCA,1
ATGGATCACTTCATAA,1
ATGGATCAGAAAGTAG,1
ATGGATCCAAACTTAG,1
ATGGATCCAACCTTAT,1
ATGGATCCAGCGACCT,1
ATGGATCCATAAAAAA,1
ATGGATCCATCGACCC,1
ATGGATCCTTAATTCC,1
ATGGATCGAAATAGCG,1
ATGGATCTAGTTCCTG,1
ATGGATCTCCTAAATA,1
ATGGATGAGAACCAAA,1
ATGGATGGTTAGGCCT,1
ATGGATGGTTAGTCCA,1
ATGGATGTTCCAAGGT,1
ATGGATTAAAAAACCA,1
ATGGATTATGATACGT,1
ATGGATTCATAAAAAT,1
ATGGATTCATAAGAAA,1
ATGGATTCATATAAAA,1
ATGGATTCTACCAACC,1
ATGGATTGCCCTGAAA,1
ATGGATTGGAAAGTGA,1
ATGGATTGGTATCTCA,1
ATGGATTTCAACTTCT,1
ATGGCAAACTTTGAAT,1
ATGGCAAAGGTGACAC,1
ATGGCAACCAGCAAAT,1
ATGGCAAGCACACATG,1
ATGGCAATAACTATCA,1
ATGGCAATGATTCAAA,1
ATGGCAATTTAACAAA,1
ATGGCACAATCATTTC,1
ATGGCACAGTCCACGA,1
ATGGCACATCTAGATG,1
ATGGCACCGTAACACA,1
ATGGCACCTTCCTATT,1
ATGGCACGAAAATACG,1
ATGGCACTATTTCACG,1
ATGGCACTGAGAAAGC,1
ATGGCAGAAAAGCCAG,1
ATGGCAGATGGACCCA,1
ATGGCAGCCTCCCGCA,1
ATGGCAGGCCTGCCTC,1
ATGGCATAATCAGATT,1
ATGGCATAGAACTTAG,1
ATGGCATCCAGCCGAA,1
ATGGCATCGAATAGGT,1
ATGGCATCGTTGGGTG,1
ATGGCATCTTTGGGCG,1
ATGGCATCTTTGGGTT,1
ATGGCATGAACCTATT,1
ATGGCATGATCCTATT,1
ATGGCATTAGCCTATT,1
ATGGCCAACAGCTAAA,1
ATGGCCAACCCTAGGG,1
ATGGCCAACTATTGTG,1
ATGGCCACACGGAAAA,1
ATGGCCACCTGAAAGT,1
ATGGCCAGAGGAAATC,1
ATGGCCAGTTCCCTAG,1
ATGGCCATTTGAACAT,1
ATGGCCCAATCATTTT,1
ATGGCCCAATTATTTC,1
ATGGCCCTTCATCAAA,1
ATGGCCGACCCAAGTG,1
ATGGCCGGGATACTAT,1
ATGGCCGGTGTCATCT,1
ATGGCCGTAACGAAAA,1
ATGGCCGTAACGAACC,1
ATGGCCGTAACTAAAC,1
ATGGCCGTCCCAACAC,1
ATGGCGAAATGTTAAT,1
ATGGCGAACGGATGCT,1
ATGGCGAAGAGGATTC,1
ATGGCGCAATCATTTC,1
ATGGCGCCCACACGAA,1
ATGGCGCCGATATATA,1
ATGGCGGTAACATCCA,1
ATGGCGGTGACAGCCA,1
ATGGCGTATTCGAACC,1
ATGGCGTCTTAAGTTC,1
ATGGCGTGGGAATCGT,1
ATGGCTAAAAATGCAC,1
ATGGCTAGTTGCCTAA,1
ATGGCTATATCCGGAC,1
ATGGCTATCTCTAACA,1
ATGGCTCAATCATTTC,1
ATGGCTCATAACCAAA,1
ATGGCTCATACGGCAC,1
ATGGCTCCATTCAGTA,1
ATGGCTCTATCCGGAA,1
ATGGCTCTGTCCGGAC,1
ATGGCTGAATATTCAA,1
ATGGCTGCCAATTCGT,1
ATGGCTTTATCCGGAC,1
ATGGGAAAAGGGATTG,1
ATGGGAAACTCCTTCC,1
ATGGGAAAGGACTAAG,1
ATGGGAAATGACTTAG,1
ATGGGAAATTACTAAG,1
ATGGGAACGATGTATT,1
ATGGGAACGCTCTATT,1
ATGGGAACGCTTTATT,1
ATGGGAACGGACAGTT,1
ATGGGAAGGAACCAGC,1
ATGGGAAGTGACTAAG,1
ATGGGAATAGGGACTG,1
ATGGGAATAGTGATTG,1
ATGGGAATATGGATTG,1
ATGGGAATGCACATAC,1
ATGGGAATGGGGATTG,1
ATGGGAATTACTATAG,1
ATGGGACAACTCTTAA,1
ATGGGACAAGGACCGT,1
ATGGGACTCGCGACGA,1
ATGGGAGATGACTAAG,1
ATGGGAGCAGAACAAA,1
ATGGGAGTAGTTGAAT,1
ATGGGAGTGCACATAT,1
ATGGGATAACTTGCAG,1
ATGGGATTCAATAGAC,1
ATGGGCAACTAACACA,1
ATGGGCACCCCAAATC,1
ATGGGCAGACACACCT,1
ATGGGCATCCACGCGC,1
ATGGGCATTCAAGAAC,1
ATGGGCCAATACTTGA,1
ATGGGCCAGAGAAGAT,1
ATGGGCCAGTTTGTAC,1
ATGGGCCGATACTTAA,1
ATGGGCGATGGTAGAG,1
ATGGGCGCTAACGCAC,1
ATGGGCGTAACGAAAC,1
ATGGGCGTACTAACAT,1
ATGGGCGTACTACAAT,1
ATGGGCGTACTATCAT,1
ATGGGCGTCATAATGC,1
ATGGGCGTGCTACCAT,1
ATGGGCTCCAGTTCTT,1
ATGGGCTGTTATGCTA,1
ATGGGGAAAGGAAGAG,1
ATGGGGAAGTAAGCAA,1
ATGGGGAATGACTAAG,1
ATGGGGACAGACAGTT,1
ATGGGGACGGACAGTC,1
ATGGGGAGGCCTCGCC,1
ATGGGGATGCACATAT,1
ATGGGGCATATTAACA,1
ATGGGGCGCGAAGAAC,1
ATGGGGGATAATGGGG,1
ATGGGGGGCATTAATC,1
ATGGGGGTAAAAATGA,1
ATGGGGTCCAGAATAG,1
ATGGGTAAAAATGTTG,1
ATGGGTACCGTATCTA,1
ATGGGTAGTAGAAAAC,1
ATGGGTCACGCGCAAA,1
ATGGGTCATGCACAAA,1
ATGGGTCTAGTTACTG,1
ATGGGTCTGGTTCCTG,1
ATGGGTGATTTGCACG,1
ATGGGTGCTTTGCACA,1
ATGGGTGCTTTGCACC,1
ATGGGTGCTTTGGACG,1
ATGGGTGCTTTGTACG,1
ATGGGTTAACCTCAAG,1
ATGGGTTAACTTCAAA,1
ATGGGTTCATAAAAAA,1
ATGGGTTCCAGTTTTG,1
ATGGGTTCGAAGACAT,1
ATGGGTTCTAAGAAAT,1
ATGGGTTGTCACCATC,1
ATGGGTTGTTGCCGCG,1
ATGGTAAACACCTAAC,1
ATGGTAAATCCATGCT,1
ATGGTAACAGTAACGT,1
ATGGTAAGAGCACAGC,1
ATGGTAATAGGGATTG,1
ATGGTAATATTCGCCT,1
ATGGTACAAATAGGGA,1
ATGGTACACATACCAC,1
ATGGTACGATCGATAC,1
ATGGTACGCCCCACGA,1
ATGGTATAATAAGAAC,1
ATGGTATAATGCAATG,1
ATGGTATAGTGTTCCT,1
ATGGTATCATAAGGAC,1
ATGGTATCGCCACAAG,1
ATGGTATGAATTATTT,1
ATGGTCACTCCGCCAT,1
ATGGTCACTTCGACAT,1
ATGGTCAGGCATCGAA,1
ATGGTCCCATACTACG,1
ATGGTCTTTACTAGGT,1
ATGGTGAATCTGTCAT,1
ATGGTGAGCCTCACGA,1
ATGGTGAGCCTCCCTA,1
ATGGTGAGTAAGCAAA,1
ATGGTGCAGCCGATAA,1
ATGGTGCCACCGATAA,1
ATGGTGCCGCAGATAA,1
ATGGTGCCGCCGACAA,1
ATGGTGCCGCCGGTAA,1
ATGGTGCCGGCGATAA,1
ATGGTGTCTTAACACA,1
ATGGTTAAAACACAAA,1
ATGGTTAAAGCACAAC,1
ATGGTTAGATAGTAAT,1
ATGGTTAGGCATCGAA,1
ATGGTTATACGGTGAT,1
ATGGTTCATGCGCAAA,1
ATGGTTCCAAAAGGTA,1
ATGGTTCCAATCGGTA,1
ATGGTTCCGAACGGTA,1
ATGGTTCCGCCGATAA,1
ATGGTTCGGATCACCG,1
ATGGTTGCAGATCAAA,1
ATGGTTGCGAACGTAC,1
ATGGTTGCTTTGCACG,1
ATGGTTGGAGGTCTAG,1
ATGGTTTAAACACAAC,1
ATGGTTTAATGCAAAC,1
ATGGTTTCATAAAAAA,1
ATGGTTTTAGAGGTAC,1
ATGTAAAAACTTAAAA,1
ATGTAAAAAGGTCAAA,1
ATGTAAAAAGTCAACC,1
ATGTAAAAGAATACAA,1
ATGTAAAAGACTGTCC,1
ATGTAAAAGCGAACCC,1
ATGTAAACATCTTTTT,1
ATGTAAACCGCTTAAA,1
ATGTAAACGCCAAACA,1
ATGTAAATATTCCGAA,1
ATGTAAATCTAACTAC,1
ATGTAACAAGGAAAGC,1
ATGTAACATAGTTTCA,1
ATGTAACCAAAAATAC,1
ATGTAACGAACAACAT,1
ATGTAACTAACACTAC,1
ATGTAACTAAGAAGAA,1
ATGTAACTATCTGAAT,1
ATGTAACTGATACTAC,1
ATGTAACTTAATTAAC,1
ATGTAACTTCCTAGTA,1
ATGTAAGAAAAATAGT,1
ATGTAAGAAATTCCAA,1
ATGTAAGAATTACAAT,1
ATGTAAGAATTTCAAT,1
ATGTAAGCACGATAAT,1
ATGTAAGCTGAAGAAG,1
ATGTAAGTGCGATGGT,1
ATGTAAGTTACAGTTA,1
ATGTAATAACTATTTA,1
ATGTAATCTTAGTTAG,1
ATGTAATGATCATTTC,1
ATGTAATGCATACAGA,1
ATGTAATGCCTAGCAG,1
ATGTAATGGAAGTGAT,1
ATGTAATGGAAGTTTC,1
ATGTAATGGCAACATG,1
ATGTAATTCACCCTCA,1
ATGTAATTTAGCGACA,1
ATGTACAACTAGGGTC,1
ATGTACAACTCAAAGG,1
ATGTACACGATTAAGT,1
ATGTACATAATTGTAC,1
ATGTACCAGGTGCCGC,1
ATGTACCCGGTTCCGC,1
ATGTACCTAAAATGTG,1
ATGTACCTACGAAACG,1
ATGTACGAACTACTAT,1
ATGTACGACCCTACAT,1
ATGTACGATTATCTCC,1
ATGTACGCAACACCAT,1
ATGTACGCTAATAGTA,1
ATGTACGGATTAAAGT,1
ATGTACTAAGATTACC,1
ATGTACTAGTACTAAA,1
ATGTACTATAATTAAC,1
ATGTACTATGGCTCTG,1
ATGTACTCCAAAAATT,1
ATGTACTGACCTATGG,1
ATGTACTGCACTATGG,1
ATGTACTGCCATATGG,1
ATGTACTGCGCTATGG,1
ATGTACTGCGTCCAAC,1
ATGTAGAACATAAGAG,1
ATGTAGAAGACGTGAC,1
ATGTAGACATCACAGA,1
ATGTAGAGCATGCAAA,1
ATGTAGAGCATTCGCA,1
ATGTAGCAGGATTCAC,1
ATGTAGCATACATGCA,1
ATGTAGGCAAAGTATG,1
ATGTAGTAGTGCAATC,1
ATGTAGTATGTAACCG,1
ATGTAGTCTTGTAAAG,1
ATGTAGTGCGATATAA,1
ATGTAGTTTCATGTCA,1
ATGTATAAAGTTTAGA,1
ATGTATAAATCATACA,1
ATGTATAATACGGAGT,1
ATGTATACCATAAATC,1
ATGTATACTGAGTTCA,1
ATGTATAGCACTAAAT,1
ATGTATATATTTACTC,1
ATGTATATGTTGAACC,1
ATGTATATTTTTAACC,1
ATGTATCAGAAAGCAG,1
ATGTATCATGTACAGA,1
ATGTATCCAAATAAAG,1
ATGTATCCTGAGTTAA,1
ATGTATCCTGAGTTCT,1
ATGTATCCTGATTTCA,1
ATGTATCGCAATAATG,1
ATGTATCGCGTGTCGG,1
ATGTATCGGGAAAGTT,1
ATGTATCTTAGCAATA,1
ATGTATGAAGATAACA,1
ATGTATGATATGATAT,1
ATGTATGCAGATATTG,1
ATGTATGTTATTCAAC,1
ATGTATTCATGCATCG,1
ATGTATTTAACAACGT,1
ATGTATTTACAAACGT,1
ATGTATTTACCAACGC,1
ATGTATTTGCCAACGT,1
ATGTATTTTCCAAGGT,1
ATGTATTTTGAAAGTA,1
ATGTCAAAAACGAGGG,1
ATGTCAAAACTAAATA,1
ATGTCAAAATCTGTCA,1
ATGTCAAATACTAACA,1
ATGTCAAGATCAGGTT,1
ATGTCAAGCTTAAGAG,1
ATGTCAATAAACAGCT,1
ATGTCAATGTATAAAG,1
ATGTCAATGTATCAAA,1
ATGTCACACAAGAAAC,1
ATGTCACCCGTGCAGT,1
ATGTCACCGAATCAAA,1
ATGTCACCGATAAAGC,1
ATGTCACCTAAACACT,1
ATGTCACCTGAACCCT,1
ATGTCACTAATTTAGC,1
ATGTCACTATAGGGAC,1
ATGTCACTGAGAAAGC,1
ATGTCAGACGACTCAT,1
ATGTCAGACTCCATAC,1
ATGTCAGAGACAAACC,1
ATGTCAGATAATTTGC,1
ATGTCAGCGAGTGTCA,1
ATGTCAGTCGGTGTTT,1
ATGTCATAACATACAT,1
ATGTCATAATCCTTTA,1
ATGTCATCTTAGTTAT,1
ATGTCATGAAGTACAA,1
ATGTCCAACCGGGAGG,1
ATGTCCAAGCTCTCAT,1
ATGTCCATAAATCTAA,1
ATGTCCATGACTCGCC,1
ATGTCCCAAAGGAATA,1
ATGTCCCAACCGAATG,1
ATGTCCCAATCATTTC,1
ATGTCCCACAAGGTTC,1
ATGTCCCCCTTTAAAC,1
ATGTCCGACTCAATAC,1
ATGTCCGAGTCCATAC,1
ATGTCCGCATCAACAT,1
ATGTCCGTACCTAACA,1
ATGTCCGTAGGTGTTT,1
ATGTCCGTCAGACTCA,1
ATGTCCGTCGGTGTCT,1
ATGTCCGTCGTTGTTT,1
ATGTCCTCTCGAGTAG,1
ATGTCCTGGTTCCTGT,1
ATGTCCTTATTACTGA,1
ATGTCGATCACCCAAA,1
ATGTCGCGGAGATGCA,1
ATGTCGCTAACCGATA,1
ATGTCGTAAATCAGAA,1
ATGTCGTAAATCTGAG,1
ATGTCGTAAATTAGAG,1
ATGTCGTAACGAAACA,1
ATGTCGTCTTAGTTAG,1
ATGTCGTGGGAATCGT,1
ATGTCTAAAACCTCCA,1
ATGTCTACGAATCTGA,1
ATGTCTACTTACTTGT,1
ATGTCTAGAGTAAGCA,1
ATGTCTAGTCTCAACA,1
ATGTCTATCGGGTAAC,1
ATGTCTCACAAACAAT,1
ATGTCTCTAAATACAA,1
ATGTCTCTATCCGGAC,1
ATGTCTGAACTAACAA,1
ATGTCTGGCCCAGATG,1
ATGTCTTACAAAAAAT,1
ATGTCTTATAGCGAGG,1
ATGTCTTCGATACAAG,1
ATGTCTTGAGAAAGCT,1
ATGTCTTGGAAAGTGA,1
ATGTGAAATATACATG,1
ATGTGAAATGACTAAG,1
ATGTGAACGATAAAAT,1
ATGTGAACTATACGTG,1
ATGTGAACTATTCATG,1
ATGTGAAGCCAGACTA,1
ATGTGACAATTGGACA,1
ATGTGACCACCCATTA,1
ATGTGACCAGATGAGA,1
ATGTGACGCCCATGGA,1
ATGTGACTAATATGAT,1
ATGTGACTAATCAAAT,1
ATGTGACTGTTCATCG,1
ATGTGACTGTTCCTCA,1
ATGTGACTGTTCCTCT,1
ATGTGACTTAAAACAG,1
ATGTGACTTTTCCTCG,1
ATGTGAGAACGAGTGT,1
ATGTGAGAGTCGAATG,1
ATGTGAGCTATACATG,1
ATGTGAGGTCTTGTGA,1
ATGTGAGGTTAAACCT,1
ATGTGAGTAATAGCAC,1
ATGTGAGTAGTACGCT,1
ATGTGATAAGTAGTAT,1
ATGTGATACCAAAGAG,1
ATGTGATTAAAACAGT,1
ATGTGATTTCCTTAAC,1
ATGTGCAAGATAAAAT,1
ATGTGCACGATAAAAC,1
ATGTGCACTACAAACA,1
ATGTGCATAAGTATAA,1
ATGTGCGGAGCGGATG,1
ATGTGCGGATTAAGGT,1
ATGTGCGGATTGAAGT,1
ATGTGCGTTAAAGTGG,1
ATGTGCTAAAAAATGG,1
ATGTGCTATGGCAGGA,1
ATGTGCTGTAGACGGT,1
ATGTGGAAACTAAAGT,1
ATGTGGACAAAACTCA,1
ATGTGGACATACAGAA,1
ATGTGGACGAGTAAAC,1
ATGTGGAGGTCAGTCC,1
ATGTGGATGAACACAG,1
ATGTGGATTAAAGGAG,1
ATGTGGCAGAGAAACT,1
ATGTGGCATATTCCAG,1
ATGTGGCCGCGTAAAC,1
ATGTGGCCTAGTAAAC,1
ATGTGGCCTCATCCCG,1
ATGTGGCTAACCAATA,1
ATGTGGCTAACCGAAT,1
ATGTGGCTAACCTATA,1
ATGTGGCTAGCCGATA,1
ATGTGGGCCGAGAGGC,1
ATGTGGGTAACCGATA,1
ATGTGGTATAATGGGG,1
ATGTGGTATCTTTACT,1
ATGTGTAAAGTTTACA,1
ATGTGTAACCTGCTTG,1
ATGTGTAAGCAACATA,1
ATGTGTAAGGTTTAGA,1
ATGTGTAATCAACAGA,1
ATGTGTACGAGGCTAG,1
ATGTGTATCATCCAGT,1
ATGTGTCCATCTTGAC,1
ATGTGTCTTGCAACAA,1
ATGTGTCTTGCAACAT,1
ATGTGTCTTGCAGCAG,1
ATGTGTGCAGACACAT,1
ATGTGTGCAGATATAG,1
ATGTGTGCAGATATTT,1
ATGTGTGCATATATTG,1
ATGTGTGCGGATATTG,1
ATGTGTGCTTTGCACG,1
ATGTGTTCAGACATCG,1
ATGTGTTCAGATATTG,1
ATGTGTTTTGGCCAGT,1
ATGTTAAACAAATCAG,1
ATGTTAAACATACCAT,1
ATGTTAAACATACCCG,1
ATGTTAAAGAAAAAAT,1
ATGTTAAAGAAAAGAC,1
ATGTTAAAGGCGCACA,1
ATGTTAAATAAAAAAC,1
ATGTTAAATAGTAATA,1
ATGTTAAATTTACACC,1
ATGTTAACCATGAAAG,1
ATGTTAACCTTCAAAG,1
ATGTTAACCTTGAAAC,1
ATGTTAACGCTAGCAA,1
ATGTTAACGCTCGAAA,1
ATGTTAACTATTATTA,1
ATGTTAACTCTCGCAA,1
ATGTTAACTGTTAATA,1
ATGTTAAGCTTGATAA,1
ATGTTAAGGTAACTAT,1
ATGTTAATAAACTATA,1
ATGTTAATACCGAATC,1
ATGTTACAAACCCAGA,1
ATGTTACAAAGGAATA,1
ATGTTACACGACACAC,1
ATGTTACAGAGACGAC,1
ATGTTACATGCTACTG,1
ATGTTACCGAGGCGAT,1
ATGTTACCTGTTATCA,1
ATGTTACTGACAGGAA,1
ATGTTAGAAAATAACA,1
ATGTTAGAGATGGTAC,1
ATGTTAGCAAAAAATT,1
ATGTTAGTATAAAAAT,1
ATGTTATACGATACAC,1
ATGTTATAGTGGCACC,1
ATGTTATATACTTTAA,1
ATGTTATATATATAAG,1
ATGTTATATATCCAAG,1
ATGTTATCAAACAAAT,1
ATGTTATCTAAAAAAA,1
ATGTTATCTTAGTTAG,1
ATGTTATGGTAACTAT,1
ATGTTATTAACATTTC,1
ATGTTATTCCACATAA,1
ATGTTATTCGGATGAC,1
ATGTTCAACAAACTCC,1
ATGTTCAACAAATCCC,1
ATGTTCAACAAATTAC,1
ATGTTCAACAAATTCT,1
ATGTTCAACTACTTCT,1
ATGTTCAAGAAATTCC,1
ATGTTCAATCGCGGTT,1
ATGTTCACAAGCTGCT,1
ATGTTCACGCGCTGCT,1
ATGTTCAGATACTGGC,1
ATGTTCAGATGCCCAT,1
ATGTTCATTCGCAAGC,1
ATGTTCCATTAAACCT,1
ATGTTCCCATAAGACT,1
ATGTTCCGTCATTGAA,1
ATGTTCGACCAAAATA,1
ATGTTCGTGCATAGGG,1
ATGTTCTAGAGGCACT,1
ATGTTGACGCTCGCAA,1
ATGTTGACTCGACTCA,1
ATGTTGCATTACCCCG,1
ATGTTGCCAGATACCT,1
ATGTTGCCGAATACCT,1
ATGTTGCCGGATACAT,1
ATGTTGCCGGATACCC,1
ATGTTGCCGTATACCT,1
ATGTTGCCTCCTTTTC,1
ATGTTGCGATACCGCT,1
ATGTTGCGATATCAAC,1
ATGTTGCGGGATACCT,1
ATGTTGCTAACCGATA,1
ATGTTGGAAAACGAAC,1
ATGTTGGATAATGGGG,1
ATGTTGGCCAGTTTAC,1
ATGTTGGCGAAACTAT,1
ATGTTGGGCGAACAAC,1
ATGTTGGTAAAACTAT,1
ATGTTGGTCCGTCGAG,1
ATGTTGGTGAAATTAT,1
ATGTTGGTGGGTTCAC,1
ATGTTGGTGTAACTAT,1
ATGTTGTCACAAAAAT,1
ATGTTGTCCAGTTTAT,1
ATGTTGTCGAAACAGC,1
ATGTTGTTAATAATCT,1
ATGTTTAAAAAAAAGA,1
ATGTTTAAACTCATAA,1
ATGTTTAACAAAAATA,1
ATGTTTACCAAGGCCT,1
ATGTTTACGAAAAGGC,1
ATGTTTACGATAGCCA,1
ATGTTTACGCAAAGGA,1
ATGTTTATCATCCATA,1
ATGTTTCAAGATGCTG,1
ATGTTTCCATAAGAAT,1
ATGTTTCCGTAAGACT,1
ATGTTTCTAAAAGAAC,1
ATGTTTCTATAAGACT,1
ATGTTTGTGAAACTAT,1
ATGTTTTACAATGTCG,1
ATGTTTTACCATGTCA,1
ATGTTTTACCATGTCT,1
ATGTTTTAGCAGTAGC,1
ATGTTTTAGCAGTATT,1
ATGTTTTAGTTTTGAA,1
ATGTTTTAGTTTTTAG,1
ATGTTTTATCAGTAGT,1
ATTAAAAAATAATTAA,1
ATTAAAAACAAAGCAT,1
ATTAAAAACAATAAAA,1
ATTAAAAACTCAAATT,1
ATTAAAAATATAAAGT,1
ATTAAAAATCTCTCAG,1
ATTAAAAATTTAAACA,1
ATTAAAACGAACAAAT,1
ATTAAAACGGACCCAG,1
ATTAAAACTCAAATAG,1
ATTAAAACTGTAAACG,1
ATTAAAAGACAGGGCT,1
ATTAAAAGAGAACCAT,1
ATTAAAAGGAGCACAT,1
ATTAAAAGGCCCAGAC,1
ATTAAAAGTCACAGAC,1
ATTAAAAGTCCCGGAC,1
ATTAAAATGAATAAGG,1
ATTAAAATGAGAATAA,1
ATTAAAATGCACAAAT,1
ATTAAAATGGAGTCGA,1
ATTAAAATGTCGACGA,1
ATTAAAATTCCCAGAC,1
ATTAAAATTTTCCTAT,1
ATTAAAATTTTCCTCC,1
ATTAAACAAATTATAT,1
ATTAAACAAGGTCCCA,1
ATTAAACAATTTACCG,1
ATTAAACACAAATCAT,1
ATTAAACACACAACCG,1
ATTAAACACACGCATT,1
ATTAAACACTTTACCA,1
ATTAAACAGGATGAAA,1
ATTAAACATAAAAGGC,1
ATTAAACATAATTGAA,1
ATTAAACATACGCATC,1
ATTAAACCATTACTAT,1
ATTAAACCCGATTATG,1
ATTAAACGCAAAAACT,1
ATTAAACTACAGAGGA,1
ATTAAACTACCACTGA,1
ATTAAACTAGTGCAAT,1
ATTAAACTCACCGTTA,1
ATTAAACTGCCACTTA,1
ATTAAACTTAAAGCAC,1
ATTAAAGAAATACTAT,1
ATTAAAGAAGCCAAAT,1
ATTAAAGACAATGATA,1
ATTAAAGACATAAACA,1
ATTAAAGACATAATCA,1
ATTAAAGACCAGTAAA,1
ATTAAAGACTGCTGAA,1
ATTAAAGAGAAACTGT,1
ATTAAAGAGCTACGAC,1
ATTAAAGAGCTCCTAC,1
ATTAAAGAGTACTATT,1
ATTAAAGATCTCCGAC,1
ATTAAAGCCATAACAC,1
ATTAAAGCGATAGGAT,1
ATTAAAGGATGAAATT,1
ATTAAAGGATTCTTAC,1
ATTAAAGGCCACACTC,1
ATTAAAGTCCCTTCAA,1
ATTAAAGTCTTCTTAC,1
ATTAAATAAGTCATCA,1
ATTAAATAGAAAAATG,1
ATTAAATAGTGCTTAA,1
ATTAAATATAATCCAG,1
ATTAAATCGAATACAA,1
ATTAAATCGCCGATCA,1
ATTAAATCTAGCACAA,1
ATTAAATGAATAACAA,1
ATTAAATTACCTGGCA,1
ATTAAATTGGACCATT,1
ATTAAATTTTAAAAAC,1
ATTAACAAAAATAAGT,1
ATTAACAAAAGTAAAT,1
ATTAACAACGCATTTT,1
ATTAACAAGAGTAAGT,1
ATTAACAATCCTATAC,1
ATTAACACGAGGCTTG,1
ATTAACACGGAGTCGA,1
ATTAACACTAATTCGT,1
ATTAACACTTGAATGA,1
ATTAACAGAATACACT,1
ATTAACAGAATCTCGG,1
ATTAACAGACTAACGG,1
ATTAACAGAGTGACAT,1
ATTAACAGCATAACGG,1
ATTAACAGCCTAACGC,1
ATTAACAGCCTAACGT,1
ATTAACAGCCTAATGG,1
ATTAACAGCTCACAAT,1
ATTAACAGGCTAACGG,1
ATTAACAGGTACATAA,1
ATTAACATACAATCAG,1
ATTAACATCCATTTTT,1
ATTAACATCGCATCAG,1
ATTAACATCGCCCCAG,1
ATTAACATCTCACCAG,1
ATTAACATCTGTGAAT,1
ATTAACATGAAAATCT,1
ATTAACATGGAGTAGA,1
ATTAACATGTTAGTGG,1
ATTAACATTTATTACA,1
ATTAACCCCAATTCTA,1
ATTAACCCCATAAAAA,1
ATTAACCCGATAACAA,1
ATTAACCCGGGATATT,1
ATTAACCGAATCAAAA,1
ATTAACCTACTACAAA,1
ATTAACCTATAGACGT,1
ATTAACCTTTTGGCCA,1
ATTAACGAAGACAAAT,1
ATTAACGAATCCAAAT,1
ATTAACGATTTAGAGC,1
ATTAACGCCTCTAGAC,1
ATTAACGGACACTTTA,1
ATTAACTACTCTTAGC,1
ATTAACTAGCCATTGC,1
ATTAACTCCTATGGAG,1
ATTAACTCCTCCTAAC,1
ATTAACTCGCATATAA,1
ATTAACTCTAATCATC,1
ATTAACTGACATTTTA,1
ATTAACTGCAGCTTGT,1
ATTAACTGTAACCGTT,1
ATTAAGAAAAATAAAC,1
ATTAAGAAACTAATTA,1
ATTAAGAACGTTCTCA,1
ATTAAGAACTCAGGAT,1
ATTAAGAATTTAAACC,1
ATTAAGACAAGCCTAT,1
ATTAAGACAGACCACC,1
ATTAAGACGAAGTCGT,1
ATTAAGACGCAAATAA,1
ATTAAGACGCACAAAT,1
ATTAAGACGGATTGTG,1
ATTAAGACGTGGCAGA,1
ATTAAGACTATCAGGA,1
ATTAAGAGAAGCACAT,1
ATTAAGAGCCCAGGAT,1
ATTAAGAGCTCAGGAA,1
ATTAAGAGCTCAGGGT,1
ATTAAGAGCTCAGTAT,1
ATTAAGAGCTCGGGAT,1
ATTAAGAGGACATCGC,1
ATTAAGAGGCAGTGAC,1
ATTAAGAGGTCAGGAT,1
ATTAAGATCGTAACGA,1
ATTAAGATCTCAGGAT,1
ATTAAGCACTTTACCG,1
ATTAAGCATACGCTAG,1
ATTAAGCCTCAGCGCG,1
ATTAAGCCTTATTACC,1
ATTAAGCGGCAGTGAA,1
ATTAAGCTACTAGAAA,1
ATTAAGGCAAAGAAAA,1
ATTAAGGCCATAACAT,1
ATTAAGGTAGCGCTTT,1
ATTAAGGTGATCGAAT,1
ATTAAGTACCCTAAAG,1
ATTAAGTACCCTTGAG,1
ATTAAGTACGATTGGT,1
ATTAAGTCATTAAGGA,1
ATTAAGTTCACATAGT,1
ATTAATAAACCTATTA,1
ATTAATAACGGGGTTC,1
ATTAATAAGAAAATCC,1
ATTAATAATACTCCTA,1
ATTAATAATATCTGTT,1
ATTAATAATATCTTTG,1
ATTAATAATGAAGAGA,1
ATTAATACAGGCCGGG,1
ATTAATACATATCTAA,1
ATTAATACATATCTAG,1
ATTAATACATATCTGC,1
ATTAATACATTGAACA,1
ATTAATACCAAGTCGT,1
ATTAATACGGATTGGG,1
ATTAATACTACATAAA,1
ATTAATAGAATGTCAA,1
ATTAATAGAGAGCTGT,1
ATTAATATACAATTAG,1
ATTAATATACCACTAG,1
ATTAATATACCATTGG,1
ATTAATATATCATTAG,1
ATTAATATCAAATGAA,1
ATTAATATCAAATGAT,1
ATTAATATCCCTAATC,1
ATTAATATGTAGGAAA,1
ATTAATCAACCAGAAA,1
ATTAATCACTTCCTAA,1
ATTAATCATAAAATCA,1
ATTAATCATTAAGTCT,1
ATTAATCCGGGGTATT,1
ATTAATCCGTGATATT,1
ATTAATCGAAGCAAAA,1
ATTAATCGTTTGATGG,1
ATTAATCTACACACTG,1
ATTAATCTCTACTAAT,1
ATTAATCTTGATGAAA,1
ATTAATCTTTTGCCCA,1
ATTAATGAATTGGACA,1
ATTAATGCAGATCGCA,1
ATTAATGCAGATCGGC,1
ATTAATGCAGATCTCC,1
ATTAATGCTAAAAAGG,1
ATTAATGGCTGTGGTT,1
ATTAATGTCACATGTT,1
ATTAATGTCCACAATC,1
ATTAATGTCCGCAGCC,1
ATTAATGTCGCACTAT,1
ATTAATTCAGACGATT,1
ATTAATTCAGAGCGGA,1
ATTAATTCGACCAATT,1
ATTAATTCTACCAATT,1
ATTAATTCTCAGATGA,1
ATTAATTTACTCCGAG,1
ATTACAAAACAATTAA,1
ATTACAAAGACTTACA,1
ATTACAAATGAACAAC,1
ATTACAACAACAAGGG,1
ATTACAACAACGGGGG,1
ATTACAACGGGGCACG,1
ATTACAACTGCTTTTC,1
ATTACAACTGGATACA,1
ATTACAACTTAGACCG,1
ATTACAAGATACCCTA,1
ATTACAAGCAGGGATA,1
ATTACAATAATGGGTT,1
ATTACAATCACCGTTA,1
ATTACAATCGCTTCTA,1
ATTACAATGTTTTCAA,1
ATTACAATTGCCGATT,1
ATTACAATTTTGCTAG,1
ATTACACAGATCGTCA,1
ATTACACATATAATAG,1
ATTACACATATAATCA,1
ATTACACATTGATGGG,1
ATTACACCATGAAGCA,1
ATTACACCTAACCACC,1
ATTACACTCAACGTTA,1
ATTACACTCACCATTA,1
ATTACACTCACCCTTA,1
ATTACACTCACCGATA,1
ATTACACTCACCGTTG,1
ATTACACTCACCTTTA,1
ATTACACTCAGCGTTA,1
ATTACACTCATACAAA,1
ATTACACTGACCGTTA,1
ATTACACTGAGAAAGC,1
ATTACACTTACCGTTA,1
ATTACAGAAGAGGATC,1
ATTACAGAAGGTGCAA,1
ATTACAGAATAAGATC,1
ATTACAGATCGAACTA,1
ATTACAGCAACATACC,1
ATTACAGCAGGTGAAA,1
ATTACAGCAGGTGCAG,1
ATTACAGCATTTCAAA,1
ATTACAGCCAATTGCT,1
ATTACAGTAGGTGCAA,1
ATTACAGTGATCATTC,1
ATTACATAAGTAAAAG,1
ATTACATAATCCAAGT,1
ATTACATAATTCAAAG,1
ATTACATACTATAGGC,1
ATTACATACTCAACCG,1
ATTACATAGTCGAGAG,1
ATTACATCAATCAATT,1
ATTACATCACCTTCTT,1
ATTACATCATCGGTAA,1
ATTACATCGTAAATGT,1
ATTACATCGTTTCAAA,1
ATTACATCTAATACAA,1
ATTACATCTTACCTAC,1
ATTACATGAGGTAACT,1
ATTACATGATTTGACA,1
ATTACATTAGATAATT,1
ATTACATTATATGTTA,1
ATTACATTGGAAACTG,1
ATTACATTTAGACGAC,1
ATTACCAATTAACTGA,1
ATTACCAGAGTGAAAT,1
ATTACCAGCATGGATA,1
ATTACCAGTTAAACAA,1
ATTACCATAGTGACAT,1
ATTACCATATAACAAC,1
ATTACCATATAGCAAC,1
ATTACCATGATAGGCG,1
ATTACCATGCTAGGAG,1
ATTACCATGCTAGTCG,1
ATTACCCAAAATTTCA,1
ATTACCCACTTCCTAA,1
ATTACCCATGCACAAT,1
ATTACCCCCCAGCTTT,1
ATTACCCCTTGCCCAA,1
ATTACCCGCCAACTTT,1
ATTACCCTCAAGACGA,1
ATTACCCTCCAACTTT,1
ATTACCCTGGCTATAT,1
ATTACCGAAAATCAGT,1
ATTACCGCAAGACAGG,1
ATTACCGCTACAACAA,1
ATTACCGTATTCAAAT,1
ATTACCTAATAGATGT,1
ATTACCTCAACGCGAT,1
ATTACCTCAATAGAAG,1
ATTACCTCGGCATATT,1
ATTACCTGCATCCTTT,1
ATTACCTGTCTGGAGT,1
ATTACCTTTAAGCGGC,1
ATTACCTTTACAACAA,1
ATTACCTTTCCCGACT,1
ATTACGAACCATTCTG,1
ATTACGAAGCTAACCA,1
ATTACGAATATCTATA,1
ATTACGACAGAATGAT,1
ATTACGAGGGCCAAAC,1
ATTACGAGTGTACCCT,1
ATTACGATACGGGTAC,1
ATTACGATATAATCAC,1
ATTACGATATCCTACC,1
ATTACGATATGGATAC,1
ATTACGATTAAGACCT,1
ATTACGATTACCATTT,1
ATTACGCAACCAACGT,1
ATTACGCAAGACCGTC,1
ATTACGCAAGAGGCCT,1
ATTACGCAATCTGTCC,1
ATTACGCACACATAGA,1
ATTACGCCCCATGACC,1
ATTACGCCGAAGGATG,1
ATTACGCTTTGACTTA,1
ATTACGGAAAAGAAAA,1
ATTACGGAAGTTGGGC,1
ATTACGGAATTTGGAC,1
ATTACGGCAAAGAAGA,1
ATTACGGCAGGTGCAA,1
ATTACGGCCTAATTTC,1
ATTACGGTCTTATCAC,1
ATTACGTAAATACGGT,1
ATTACGTACATGCGGT,1
ATTACGTACTTTCCCG,1
ATTACGTAGTGTTTGC,1
ATTACGTCAAAGAAAA,1
ATTACGTGTTTTCATA,1
ATTACGTTTCGACAGG,1
ATTACTAAACAGAATA,1
ATTACTAACTTCCTAA,1
ATTACTAAGAATGCCA,1
ATTACTAAGACAGAAA,1
ATTACTACAAGGATAA,1
ATTACTACACATGTGC,1
ATTACTACATAAACAT,1
ATTACTACATTAAACA,1
ATTACTACCCGAATTA,1
ATTACTAGATTCATGC,1
ATTACTAGCGAGACCG,1
ATTACTAGCTAATGTT,1
ATTACTAGGTAACAGG,1
ATTACTATAACCGCAA,1
ATTACTATGCTTAGAC,1
ATTACTATTCCCTGAC,1
ATTACTCAATAGACAA,1
ATTACTCACTTCATAA,1
ATTACTCCCTTCTACA,1
ATTACTCCGGTATTAT,1
ATTACTCGATCCATGC,1
ATTACTCGATTCATGA,1
ATTACTCGATTCATGG,1
ATTACTCGATTCATTC,1
ATTACTCGCGAGACAG,1
ATTACTCGTTTGAGGG,1
ATTACTCGTTTTATGG,1
ATTACTCTAAGAAGTT,1
ATTACTCTATTCATGC,1
ATTACTCTCACATAGA,1
ATTACTCTCCAAAAAA,1
ATTACTCTCGAGACCG,1
ATTACTGAATAAAATA,1
ATTACTGGAATGTTCC,1
ATTACTGGACAATAAC,1
ATTACTGGAGTGTTCT,1
ATTACTGGATTATATT,1
ATTACTGGCTTAAATA,1
ATTACTGGGATGTTCT,1
ATTACTGGTTCATATT,1
ATTACTGGTTTGTATT,1
ATTACTGTAATCGCAA,1
ATTACTGTAGAGGAGG,1
ATTACTGTGACCGCAA,1
ATTACTTAACCGAGCT,1
ATTACTTAATAAAATC,1
ATTACTTACATACGGT,1
ATTACTTCGAAGTAAG,1
ATTACTTCGAAGTCAT,1
ATTACTTCGAATTCAG,1
ATTACTTCGACTTAAC,1
ATTACTTGAGAAAGCT,1
ATTACTTGCCATGAAA,1
ATTACTTGTGTGGATA,1
ATTACTTTTAAACGCA,1
ATTAGAAAAGGATAGA,1
ATTAGAAACAAAAGGG,1
ATTAGAAACACATCGC,1
ATTAGAAACCGCGAAT,1
ATTAGAAATGTCCATC,1
ATTAGAACCACGGCTG,1
ATTAGAACCAGGGGTG,1
ATTAGAACGAAATTAA,1
ATTAGAACGAAATTAT,1
ATTAGAACGGTGGTAC,1
ATTAGAAGATAAGCTA,1
ATTAGAATAAGTGACC,1
ATTAGAATCAGTCACA,1
ATTAGAATGATCCCGA,1
ATTAGAATTTATTCTT,1
ATTAGACAATTTTCCA,1
ATTAGACAGTCCTTCG,1
ATTAGACAGTCTTTCT,1
ATTAGACCACCCCATA,1
ATTAGACCATAAAAAT,1
ATTAGACCATTGCCAT,1
ATTAGACCCCCTCCAT,1
ATTAGACCGCAGAAAC,1
ATTAGACGCGGCTGAA,1
ATTAGACTCTCTCCAT,1
ATTAGACTTGGGGACA,1
ATTAGACTTGGTAACA,1
ATTAGAGAAGAAGATC,1
ATTAGAGAGGAAGGGG,1
ATTAGAGAGTAAAACT,1
ATTAGAGGTGTTATTG,1
ATTAGAGTAACAATAA,1
ATTAGAGTAATGAATA,1
ATTAGATAACAGATGC,1
ATTAGATAACATATGT,1
ATTAGATAACGGATGT,1
ATTAGATAATTTGACA,1
ATTAGATAGTTTACTT,1
ATTAGATATTCAACTA,1
ATTAGATCTTAGCCCA,1
ATTAGATCTTGAAATA,1
ATTAGATGGCATATTT,1
ATTAGATTGATACGCA,1
ATTAGCAAACAGACTT,1
ATTAGCAAGGCATTGT,1
ATTAGCAGCCTAACGG,1
ATTAGCAGCTCATAAT,1
ATTAGCAGTGGTGGAA,1
ATTAGCATGAAAAATG,1
ATTAGCATGGAGTCGA,1
ATTAGCCACCCCAATA,1
ATTAGCCCACCCGATT,1
ATTAGCCCTTCACTAT,1
ATTAGCCGAGCGTTGT,1
ATTAGCCGCCCTACCC,1
ATTAGCCTAATTGTGC,1
ATTAGCCTTCGTGAGT,1
ATTAGCGGAAACCGTA,1
ATTAGCGTGCTAATAA,1
ATTAGCTAAGAGATTG,1
ATTAGCTATACAAGCA,1
ATTAGCTCTGATTAAA,1
ATTAGCTGTACCTCAA,1
ATTAGCTTAACATGGG,1
ATTAGCTTCCAATTAA,1
ATTAGCTTTTAAAGTC,1
ATTAGGAAAGCCAAGT,1
ATTAGGAAGTACGCAC,1
ATTAGGAATAGTGACC,1
ATTAGGAGAAAGTTAT,1
ATTAGGAGCGCTAACT,1
ATTAGGAGCTCGGGAT,1
ATTAGGATAAAGTTAG,1
ATTAGGCACCCTTCTG,1
ATTAGGCATATTGACC,1
ATTAGGCATTATCAAA,1
ATTAGGCGCAGCATTG,1
ATTAGGGACATGCAGA,1
ATTAGGGCTAGCAAAA,1
ATTAGGTATAGTGACC,1
ATTAGGTCCAGAATAG,1
ATTAGGTCTCGAAGCA,1
ATTAGGTGAAACGACC,1
ATTAGTACATATCTAC,1
ATTAGTACTTCCACAA,1
ATTAGTAGAAAACCGC,1
ATTAGTATAACCATCC,1
ATTAGTATATTGATCT,1
ATTAGTCGGATTTACA,1
ATTAGTCGTGGTGGAA,1
ATTAGTGATCTCTGTA,1
ATTAGTGCATACACGC,1
ATTAGTGGGCCATACA,1
ATTAGTGTATTCACAG,1
ATTAGTGTGCTAACAA,1
ATTAGTTACATAGGAG,1
ATTAGTTACCCGCCCA,1
ATTAGTTAGCCGTCCA,1
ATTAGTTTAGAAAGGG,1
ATTATAAAACCGAAAT,1
ATTATAAAACTATTGA,1
ATTATAAAATCCGTGT,1
ATTATAAACACAAATA,1
ATTATAAAGGAGGAAT,1
ATTATAAATGTAGTTT,1
ATTATAACAGATTAGA,1
ATTATAACAGGGGAAG,1
ATTATAACATAGAGCT,1
ATTATAACCACATCAC,1
ATTATAAGAAAGAAAG,1
ATTATAAGATCTAAAG,1
ATTATAAGCCTAACGT,1
ATTATAAGTTTCAATA,1
ATTATAATAACCTGTC,1
ATTATAATAACTGTGT,1
ATTATAATAATACGCT,1
ATTATAATCACACTCA,1
ATTATAATGTTCTGTA,1
ATTATAATTGCAGATT,1
ATTATAATTGCCTATT,1
ATTATAATTGCGATTT,1
ATTATACAAGCACTGA,1
ATTATACACTACACCT,1
ATTATACATAATAGCA,1
ATTATACCAAACGTTG,1
ATTATACCCCAGCTGA,1
ATTATACCTAAAGATC,1
ATTATACGGAGCTAGT,1
ATTATACGGAGCTCCT,1
ATTATACGTAGCTCGT,1
ATTATACTAAAAAACA,1
ATTATACTATACACCT,1
ATTATACTCACCGTTA,1
ATTATACTCCACACCT,1
ATTATACTCTACACCC,1
ATTATACTGAGCTCGT,1
ATTATACTGTACACCT,1
ATTATAGGCCTCCAAA,1
ATTATAGGTACTAAAT,1
ATTATATAATTTGACA,1
ATTATATACAATAAAA,1
ATTATATAGAAAGGCA,1
ATTATATATGAAACCC,1
ATTATATCAACCCATA,1
ATTATATCCACACACA,1
ATTATATCGAGATTTA,1
ATTATATTGCTCCACA,1
ATTATATTGGCCCACA,1
ATTATATTTGCTATTG,1
ATTATCAAAATCGAAA,1
ATTATCAAGAGAAATA,1
ATTATCAATTGGACAG,1
ATTATCAGACGCGGCC,1
ATTATCAGATCGTAAA,1
ATTATCAGGGATGGCT,1
ATTATCAGTTAAACTA,1
ATTATCATATTTACAA,1
ATTATCATCGGTGACT,1
ATTATCATGGCGATTT,1
ATTATCATTGCGATCT,1
ATTATCATTGCTATTT,1
ATTATCCATTTATATA,1
ATTATCCCACTCTCAC,1
ATTATCCCCAGACACA,1
ATTATCCGTCTACGAT,1
ATTATCCTAAGGAGCA,1
ATTATCCTATTTCCCT,1
ATTATCGACTAGAAAC,1
ATTATCGTACCCAAAC,1
ATTATCTAATATGACT,1
ATTATCTAATTAGTGG,1
ATTATCTCATGAAACA,1
ATTATCTCCTGGATTA,1
ATTATCTCTTATGTGT,1
ATTATGAAACTAACCA,1
ATTATGAAGCTAACCG,1
ATTATGAAGCTAACTA,1
ATTATGAAGGTATGAA,1
ATTATGAATAAGTCAC,1
ATTATGAATGTGTGAA,1
ATTATGACAGAACGGA,1
ATTATGAGACACGACG,1
ATTATGAGGCTAACCA,1
ATTATGATCCTAACGT,1
ATTATGATGACATGAG,1
ATTATGATGCTAGCAA,1
ATTATGATGTAGCTAT,1
ATTATGATTGCCGATT,1
ATTATGATTTGTAAGT,1
ATTATGCAATCTATAA,1
ATTATGCCCGGCCCCA,1
ATTATGCGTAAAGACG,1
ATTATGCTGAAACTAC,1
ATTATGGAGCCCGTGC,1
ATTATGGATGAGACTT,1
ATTATGGATTGCAGCT,1
ATTATGGCACAAAGAT,1
ATTATGGCGACCGTGC,1
ATTATGGCGCCCGTTC,1
ATTATGGCGCCCTTGC,1
ATTATGGCGCCCTTTC,1
ATTATGGGCTTCTTGA,1
ATTATGGTCGAGACTT,1
ATTATGTATTTTCCTC,1
ATTATGTGCCACAATT,1
ATTATGTTAACACACA,1
ATTATGTTGACCTAAC,1
ATTATGTTTCCTTGAC,1
ATTATTAAAACATACC,1
ATTATTAAAACCACCT,1
ATTATTAAAATCAAAT,1
ATTATTAACAGACTGC,1
ATTATTAAGACGACCT,1
ATTATTAATAAACGTA,1
ATTATTAGATTACCAA,1
ATTATTCAATCAAACT,1
ATTATTCCCAAAAACT,1
ATTATTCCCAACAAAA,1
ATTATTCTGAGTAATG,1
ATTATTGAAAAGCGCA,1
ATTATTGAAACAAAAA,1
ATTATTGAACTGAAAT,1
ATTATTGCACCAACCC,1
ATTATTGCACCAGCCA,1
ATTATTGCACTTATGA,1
ATTATTGCGGGCCAAA,1
ATTATTGTGCAAACGC,1
ATTATTTATCCATGAA,1
ATTATTTCACAAACAT,1
ATTATTTCACAAGCAC,1
ATTATTTCGGAACAAC,1
ATTATTTGGAACCCAA,1
ATTCAAAAAAGTAGAC,1
ATTCAAAACATGCAAA,1
ATTCAAAAGATTTAAC,1
ATTCAAAAGATTTATA,1
ATTCAAAATCTATTCA,1
ATTCAAAATGGCTAAA,1
ATTCAAAGAACTAAAG,1
ATTCAAAGAATATTTA,1
ATTCAAAGATTCTGCC,1
ATTCAAAGCTGGAATT,1
ATTCAAAGGATATGTA,1
ATTCAAAGGATTCATA,1
ATTCAAAGGTATACAG,1
ATTCAAAGTATTTATA,1
ATTCAAATAACAGCTC,1
ATTCAACAACTGGACC,1
ATTCAACAACTTGCCC,1
ATTCAACATAGCAAAA,1
ATTCAACCACACGAAG,1
ATTCAACCCAAACTCC,1
ATTCAACGAAAGATTC,1
ATTCAACGACTTCAAT,1
ATTCAACGATGACGAC,1
ATTCAACGTATAAAGT,1
ATTCAACTGAGGTACT,1
ATTCAACTGGTGCAAT,1
ATTCAACTGTCAGGTC,1
ATTCAACTTAGGTATT,1
ATTCAACTTGAAATCC,1
ATTCAAGAACCTATCA,1
ATTCAAGCAATAAATT,1
ATTCAAGCCACGCAAC,1
ATTCAAGCTAAGACCA,1
ATTCAAGCTTTGGACA,1
ATTCAATAAGTCATCG,1
ATTCAATAAGTCATGA,1
ATTCAATAATCCCATC,1
ATTCAATAGACAAAGG,1
ATTCAATAGAGCATAT,1
ATTCAATCAAAGCTAA,1
ATTCAATCTAGCAAAA,1
ATTCAATCTTATACAG,1
ATTCAATGAGTCATCA,1
ATTCAATGTCTCACCG,1
ATTCACAAACATGCCG,1
ATTCACAAACCCATAT,1
ATTCACACAAGTGACC,1
ATTCACAGACTTCAAT,1
ATTCACATCACCCCAA,1
ATTCACATCGCGACAT,1
ATTCACCAAACACGAA,1
ATTCACCAAACAGTCG,1
ATTCACCACATATCCC,1
ATTCACCCCCCTGCTG,1
ATTCACCCTCCGTCAA,1
ATTCACCGACCTCAAT,1
ATTCACCTAACGATGT,1
ATTCACCTAGCCATAC,1
ATTCACCTCCGATAAC,1
ATTCACGAGTGACCTA,1
ATTCACGCACGTCCCT,1
ATTCACGCGAAATTGT,1
ATTCACGGATATATTT,1
ATTCACGGATGTTAAG,1
ATTCACGGTCAGTGCC,1
ATTCACGTATTTCCTT,1
ATTCACTACTATTAGC,1
ATTCACTCAAATAAGA,1
ATTCACTCAGATACGA,1
ATTCACTGCGTAGTTG,1
ATTCACTGGCCCTCAC,1
ATTCACTGTCATCAAC,1
ATTCACTGTCTTCATC,1
ATTCACTTAAAATATT,1
ATTCAGAGGCTATAAG,1
ATTCAGCCTAGAATTA,1
ATTCAGCGGAAGGGAT,1
ATTCAGGACATGCAAA,1
ATTCAGGACATGCTGA,1
ATTCAGGAGATGCAGA,1
ATTCAGTAAACTTCAA,1
ATTCAGTAACCCACCC,1
ATTCAGTATACATGGT,1
ATTCAGTGCGACCAGG,1
ATTCAGTGTCACTGGT,1
ATTCAGTTATAATTTC,1
ATTCAGTTATTACGAG,1
ATTCAGTTGCGAGCTC,1
ATTCATAAATAATTTA,1
ATTCATAGACTCGAAA,1
ATTCATATGATGATTC,1
ATTCATATGTAAGCAT,1
ATTCATCAACACCATC,1
ATTCATCACCACAATC,1
ATTCATCCTACCTGAA,1
ATTCATCGAGTTCAAG,1
ATTCATCTAATGATCC,1
ATTCATCTAATGATGA,1
ATTCATCTAATTATGC,1
ATTCATGACATGCAGA,1
ATTCATGACCCCAGAT,1
ATTCATGATGAGGGAA,1
ATTCATGCTTATCGTT,1
ATTCATGGTAACCGTA,1
ATTCATGGTCGACTTT,1
ATTCATTAGAAGACAA,1
ATTCATTAGGCACCTC,1
ATTCATTAGGCTCAGA,1
ATTCATTCTAGCACAA,1
ATTCATTCTTATTGTT,1
ATTCATTCTTGAATGA,1
ATTCATTGGGAGCGTG,1
ATTCCAAAAAGATAAA,1
ATTCCAAAGAGATACA,1
ATTCCAACACCAACTC,1
ATTCCAACACTGAAAA,1
ATTCCAACATGTAGCC,1
ATTCCAAGACAAGGTG,1
ATTCCAAGGAATATGA,1
ATTCCAAGTACTACTG,1
ATTCCACATATAAAGT,1
ATTCCACATATTGTTG,1
ATTCCACCCCAGATGA,1
ATTCCACCCCAGCTGA,1
ATTCCACCCTAACAAG,1
ATTCCACCCTAACTAT,1
ATTCCACCCTAGATGT,1
ATTCCACCGAAATATA,1
ATTCCACGAAATCCAC,1
ATTCCACGGATGGACA,1
ATTCCAGAACGCCTTC,1
ATTCCAGATTAATGAT,1
ATTCCAGCACACCCAA,1
ATTCCAGCCTGGACTA,1
ATTCCAGCTCACACAC,1
ATTCCAGGCACAAGGA,1
ATTCCAGGCCAGTTTT,1
ATTCCATAATGTCCTC,1
ATTCCATCACCACATG,1
ATTCCATCTGAAGCAC,1
ATTCCATCTGCAGTAC,1
ATTCCATTAACATAAT,1
ATTCCCAAAATCTCCA,1
ATTCCCAACCGCAAGA,1
ATTCCCAAGCATACAG,1
ATTCCCACACGCTAAG,1
ATTCCCACATAGAGTC,1
ATTCCCACATTTAGCC,1
ATTCCCACCACATTGT,1
ATTCCCAGCAACCAAG,1
ATTCCCAGCAATATTT,1
ATTCCCAGGCCCGCGC,1
ATTCCCAGTGCCTTAA,1
ATTCCCATCGTGTCGA,1
ATTCCCATTCCATTGG,1
ATTCCCATTCGACCAA,1
ATTCCCCCAACCCAAA,1
ATTCCCCCCAGGGTGT,1
ATTCCCGAAACCCAAA,1
ATTCCCGAAGCTAATG,1
ATTCCCGAGCAAGAGG,1
ATTCCCGAGGCTAATC,1
ATTCCCGATGAAACCG,1
ATTCCCGCAACCAAAA,1
ATTCCCGCAAGCCAAA,1
ATTCCCGCTCAACAGG,1
ATTCCCGGGTAAAAAC,1
ATTCCCTAAACTCTGC,1
ATTCCCTCTCAACAGA,1
ATTCCCTGGCTGTATT,1
ATTCCCTTTAATCGCA,1
ATTCCGAAACTCGTCT,1
ATTCCGAATAATGTAA,1
ATTCCGAGAGGAACTG,1
ATTCCGAGATATTTCA,1
ATTCCGAGGAATAGGA,1
ATTCCGAGTCCAATCT,1
ATTCCGCCAGATGAGA,1
ATTCCGCCCTAGATGA,1
ATTCCGGACACACCCA,1
ATTCCGGTTGATAATC,1
ATTCCGTCTCTTACAC,1
ATTCCGTGCTAAGCTA,1
ATTCCGTGGGAATCGT,1
ATTCCGTTGAGCAATT,1
ATTCCTAAACATGTGC,1
ATTCCTAACCGCCAAA,1
ATTCCTACAAATGTGC,1
ATTCCTACATATGTGC,1
ATTCCTACATGTAGCC,1
ATTCCTACTATGAAAA,1
ATTCCTAGACATGTGC,1
ATTCCTCAAAAGACCT,1
ATTCCTCAAAGACACC,1
ATTCCTCACACAATAC,1
ATTCCTCACGCAATAA,1
ATTCCTCACTCAATAC,1
ATTCCTCAGGCAATAC,1
ATTCCTCCAAGGAAAA,1
ATTCCTCGGGAGCGTG,1
ATTCCTCTCTAATATG,1
ATTCCTGAGGCGTAAA,1
ATTCCTGCAACCCAAA,1
ATTCCTGCCATACCCA,1
ATTCCTTACTTGACAA,1
ATTCCTTCATCCGCAA,1
ATTCCTTGGGAGCATG,1
ATTCCTTTAAGTTACT,1
ATTCCTTTATGGGATT,1
ATTCGAAAACTGAAAA,1
ATTCGAAAAGAAGTAC,1
ATTCGAAAATAAATCT,1
ATTCGAAAATCACAGA,1
ATTCGAAATGTCAATC,1
ATTCGAACACTAAAAA,1
ATTCGAACACTGAAAT,1
ATTCGAACACTGAAGA,1
ATTCGAACACTTAAAA,1
ATTCGAACAGAACGGG,1
ATTCGAACGAATTGGT,1
ATTCGAATACTGAAAA,1
ATTCGAATGCAACCGA,1
ATTCGAATGCACCAAA,1
ATTCGAATTTCTCAAG,1
ATTCGACACAAAATCC,1
ATTCGACAGAAACTCA,1
ATTCGACATTGTATCA,1
ATTCGACCCATAAGCT,1
ATTCGACTATCAGCGA,1
ATTCGACTGAGGTATT,1
ATTCGAGATGTAACCC,1
ATTCGAGCTTGGATCT,1
ATTCGAGTAAAACAAG,1
ATTCGAGTCACCACAT,1
ATTCGAGTTTTCTCTT,1
ATTCGATATTAGCCCA,1
ATTCGATCTTAGCACA,1
ATTCGATGCAAGGGAT,1
ATTCGATGGTGTGAAC,1
ATTCGATTAATCGAAA,1
ATTCGATTGACACACT,1
ATTCGATTGCATAACA,1
ATTCGATTTTGTGAAC,1
ATTCGCAAGTTAACCA,1
ATTCGCAATCAGGATC,1
ATTCGCAATTATGGGA,1
ATTCGCACATCTTCGT,1
ATTCGCACTAAATCTA,1
ATTCGCACTTGATCGT,1
ATTCGCAGTGACTTAA,1
ATTCGCAGTGCATTAA,1
ATTCGCAGTGCCATAA,1
ATTCGCAGTGCCTCAA,1
ATTCGCAGTGCTTTAA,1
ATTCGCATATAATGTG,1
ATTCGCCCACACGATT,1
ATTCGCCCATCCGATT,1
ATTCGCGCTGACCATT,1
ATTCGCGCTTGCAGTC,1
ATTCGGAGGACTTATA,1
ATTCGGAGGACTTGCA,1
ATTCGGAGGAGTTACA,1
ATTCGGAGTACTTACA,1
ATTCGGATAACATATC,1
ATTCGGGCAGATCTAG,1
ATTCGGGCCCGGTATC,1
ATTCGGGTTACTTGAT,1
ATTCGGTACTTTAACG,1
ATTCGGTCTCGGTATC,1
ATTCGGTGAACAGAAA,1
ATTCGGTGCACATAAA,1
ATTCGGTTCACTCAGT,1
ATTCGTAAGATTGAAA,1
ATTCGTAAGGTTAGCA,1
ATTCGTAGGACTTACA,1
ATTCGTAGTACAAGGA,1
ATTCGTAGTGCAAGGG,1
ATTCGTATCTACCCTC,1
ATTCGTCAATGCTATT,1
ATTCGTCACGCAATAC,1
ATTCGTCACTATCCTT,1
ATTCGTCTACTGCCAG,1
ATTCGTCTATCAAGGA,1
ATTCGTGAAAACTGGT,1
ATTCGTGACTACTCGA,1
ATTCGTGATATTTTAT,1
ATTCGTGGACCCCGGA,1
ATTCGTTACCGAAAAG,1
ATTCTAAAACACACAC,1
ATTCTAAAATAACGAA,1
ATTCTAAATCATCGTA,1
ATTCTAAATGTCCATC,1
ATTCTAACACTGAAAA,1
ATTCTAACATGGGAAT,1
ATTCTAACATTCTTGC,1
ATTCTAAGATCGTAAA,1
ATTCTAAGGTCGTCAA,1
ATTCTAATAAGGGACT,1
ATTCTAATGAACATAA,1
ATTCTAATTAAAATAA,1
ATTCTACAAATTCGAC,1
ATTCTACATCAACACT,1
ATTCTACCACAGCTGA,1
ATTCTACCCCAGCACC,1
ATTCTACCCCAGCTCA,1
ATTCTACCCCAGCTGT,1
ATTCTACCCCATCTGA,1
ATTCTACCCCGGCTGA,1
ATTCTACCCTAGATGA,1
ATTCTACCTCTGTAAA,1
ATTCTAGATAACCATT,1
ATTCTAGGAAGACTGC,1
ATTCTAGGATCATTCT,1
ATTCTAGGTGGCCAAA,1
ATTCTAGTACCATTCT,1
ATTCTAGTATAAAAAT,1
ATTCTAGTCGCAGTAC,1
ATTCTATAGCCAAGTA,1
ATTCTATATAAGCATT,1
ATTCTATATCAGGATT,1
ATTCTATCACCACATG,1
ATTCTATCATTGAAGC,1
ATTCTATCCTGGCAGT,1
ATTCTATTATTGAACC,1
ATTCTATTCATACACG,1
ATTCTCAAATTCTTGC,1
ATTCTCAACGAATCAA,1
ATTCTCAAGTGGCAAG,1
ATTCTCACAGAGACCT,1
ATTCTCACATTCTCGC,1
ATTCTCACGTTCTTGC,1
ATTCTCAGATACATCT,1
ATTCTCAGTGCCTTAA,1
ATTCTCCACCTTAGTA,1
ATTCTCCCACCCGATT,1
ATTCTCCCACGCAAAA,1
ATTCTCCCGCTTTAAA,1
ATTCTCCCTTATGTGT,1
ATTCTCCTAGTACCGT,1
ATTCTCGAAAAAACGC,1
ATTCTCGAGAAAAAGC,1
ATTCTCGCTATCTTAA,1
ATTCTCGCTTGCCGTC,1
ATTCTCGGTCATTAAA,1
ATTCTCGTGTACCTAA,1
ATTCTCTACAGCACTC,1
ATTCTCTCATATGTGT,1
ATTCTCTCTCGAAGCA,1
ATTCTCTCTTATGTTT,1
ATTCTCTGTTGGAGCA,1
ATTCTCTTGTGTTTAC,1
ATTCTGAACCCAATAA,1
ATTCTGAGAGCAAACT,1
ATTCTGAGAGTGAATG,1
ATTCTGAGCGTGGATG,1
ATTCTGAGGACTTACA,1
ATTCTGATACCTAAAA,1
ATTCTGCACCCAATAA,1
ATTCTGCACGCGGAAA,1
ATTCTGCATGGAGTCA,1
ATTCTGCCCAAAACAT,1
ATTCTGCTGACACTAT,1
ATTCTGGACAGAATTC,1
ATTCTGGATAGAAGCT,1
ATTCTGGCAACTCGGC,1
ATTCTGTACGCCATAG,1
ATTCTGTCACAGAAAA,1
ATTCTGTCGGCATCGT,1
ATTCTTAAAACAAATG,1
ATTCTTAAACCCATAT,1
ATTCTTAAACTAATAT,1
ATTCTTAAACTGTAGT,1
ATTCTTAACAATCGGG,1
ATTCTTAACCAAGCTG,1
ATTCTTAATGCTCTGA,1
ATTCTTAGCAGAAATC,1
ATTCTTAGCGTGAATG,1
ATTCTTAGTACAAGGG,1
ATTCTTATGTATACTA,1
ATTCTTCAATAGCCAA,1
ATTCTTCACATCAGCT,1
ATTCTTCCAGATGAGA,1
ATTCTTCGGATCACCG,1
ATTCTTCTCATACCAA,1
ATTCTTGAAAACTGGA,1
ATTCTTGAAACATTAT,1
ATTCTTGACGAACCGA,1
ATTCTTGCCGAATGAA,1
ATTCTTGTGCTAAAGC,1
ATTCTTTACAAAGCTC,1
ATTCTTTCCACAAGTA,1
ATTCTTTCTTATGTGT,1
ATTCTTTTAAAGCCCT,1
ATTCTTTTAGCCCAGT,1
ATTGAAAAAACACTGG,1
ATTGAAAAGACTGTCC,1
ATTGAAAAGCCCTGAG,1
ATTGAAAAGTCCCACG,1
ATTGAAATAAATAGAA,1
ATTGAAATACTATAAC,1
ATTGAAATGTTTGAAC,1
ATTGAAATTAGCGACT,1
ATTGAAATTTCTAATT,1
ATTGAACAAATGTTGA,1
ATTGAACAGCACAGAG,1
ATTGAACAGGACATCT,1
ATTGAACCTGAGCGTT,1
ATTGAACGATTTAACA,1
ATTGAACGATTTACCT,1
ATTGAACGCTTTCCGC,1
ATTGAACGTTTTACCA,1
ATTGAACTAAAGCCGA,1
ATTGAACTATTTACCA,1
ATTGAACTCAAGACGA,1
ATTGAACTCAATCCGA,1
ATTGAACTGCCACTGA,1
ATTGAAGACTAGAATA,1
ATTGAAGACTATAAGA,1
ATTGAAGACTGGAAGA,1
ATTGAAGCAAGAAACT,1
ATTGAAGGGTCCAGTT,1
ATTGAATAAACGAATT,1
ATTGAATAAGACATAC,1
ATTGAATAAGACATGA,1
ATTGAATAATACATGC,1
ATTGAATATAATATTG,1
ATTGAATATATGCCAA,1
ATTGAATGATATGATG,1
ATTGAATGCCACCATG,1
ATTGAATGTAGGCAAG,1
ATTGAATTAAGGTTTA,1
ATTGAATTGTAAGCCG,1
ATTGAATTGTAAGCTT,1
ATTGAATTGTTGAGCT,1
ATTGACAAAAACCATT,1
ATTGACAATGATATCC,1
ATTGACACAACGTAAT,1
ATTGACAGACTCCTAC,1
ATTGACAGCCTAACGG,1
ATTGACAGGGGAGGCA,1
ATTGACATACCAGCAA,1
ATTGACATACGGACTA,1
ATTGACATCAAGTATT,1
ATTGACATTAACAGAA,1
ATTGACCAACGTCTAA,1
ATTGACCATTATATCC,1
ATTGACCGTGATATCC,1
ATTGACCTTCAATGCG,1
ATTGACGAGTCTGTGA,1
ATTGACGGCTTTCTGG,1
ATTGACGTAAACACCC,1
ATTGACGTAACGGACC,1
ATTGACGTCTTTCGGG,1
ATTGACTAACCGGCCA,1
ATTGACTAATACGGAG,1
ATTGACTATGATATCC,1
ATTGACTCACCGGTCA,1
ATTGACTCACCTGCCA,1
ATTGACTGCCAACATG,1
ATTGACTGCTCAAAGA,1
ATTGACTTCCACCATG,1
ATTGACTTGAATCATG,1
ATTGAGAAATAAAACT,1
ATTGAGAAATGTAGTT,1
ATTGAGAAATGTTAAT,1
ATTGAGACTATCACGG,1
ATTGAGAGACCAGGCC,1
ATTGAGAGCTCAGGAT,1
ATTGAGAGGAAGGGAT,1
ATTGAGATACACATAT,1
ATTGAGCAAACTTCAA,1
ATTGAGCAAATGTGAT,1
ATTGAGCACACGTGAT,1
ATTGAGCACATTTGAT,1
ATTGAGCAGTGAGACA,1
ATTGAGCATAAGTGAA,1
ATTGAGCATACGTTAA,1
ATTGAGCATACTTGAA,1
ATTGAGCGAGAAATCT,1
ATTGAGCGATTTACCA,1
ATTGAGCGCATGTGAT,1
ATTGAGCTAGAAGCCG,1
ATTGAGGAATATAGAT,1
ATTGAGGACATGCAGA,1
ATTGAGGCAAATGCCA,1
ATTGAGGGAGTGTACA,1
ATTGAGGGCTTTCGGG,1
ATTGAGTAAACCTCAA,1
ATTGAGTAAACTTCGA,1
ATTGAGTAACGGAAGA,1
ATTGAGTAAGCTTCAA,1
ATTGAGTAGTCCAGAT,1
ATTGAGTATTAAAAGC,1
ATTGAGTCTTAGGAAA,1
ATTGAGTGAACTTCAA,1
ATTGAGTTTTTTTGAT,1
ATTGATAAAACGCGTA,1
ATTGATAAATATTAAC,1
ATTGATAAGATATTGG,1
ATTGATACTCTTGTTC,1
ATTGATACTTGAACTG,1
ATTGATAGAAATGGCC,1
ATTGATATGATATGCA,1
ATTGATATGCCATGCA,1
ATTGATATGCTGTGCA,1
ATTGATCACCTCATAA,1
ATTGATCCCAAAACTT,1
ATTGATCCGGGATATT,1
ATTGATCCGGTATGAG,1
ATTGATCGAAAGGGAT,1
ATTGATCGGAAAAATG,1
ATTGATCGGAAGGGAT,1
ATTGATCTAATGATGC,1
ATTGATCTCGCTGCAA,1
ATTGATCTGGTGAACT,1
ATTGATCTTTATGAAA,1
ATTGATGATAGGCATC,1
ATTGATGTGCTATGCA,1
ATTGATTAAACTTCAA,1
ATTGATTAAGCACACC,1
ATTGATTACTCACATT,1
ATTGATTATTAACAGC,1
ATTGATTCCTTAACTA,1
ATTGATTTCAGAACGG,1
ATTGCAAAGATGTAAC,1
ATTGCAAATCAAACCA,1
ATTGCAAATCTGGGCC,1
ATTGCAAGAAAATAAT,1
ATTGCAAGCGGGAATG,1
ATTGCAAGCGGGCATG,1
ATTGCAATCAAAACCG,1
ATTGCACAAATGGACA,1
ATTGCACATCTTTATA,1
ATTGCACGACCGCATA,1
ATTGCACGCCACGCAA,1
ATTGCAGATGGAACCA,1
ATTGCAGATGTACCCA,1
ATTGCAGTCGATGCGT,1
ATTGCAGTGTAGTAAC,1
ATTGCATATTGGTAAA,1
ATTGCATCATGCTCTT,1
ATTGCATCATGCTTTT,1
ATTGCATCCGTCCGGC,1
ATTGCATCCTACAGCG,1
ATTGCATCTTTGGGTG,1
ATTGCATGCCCACTAA,1
ATTGCATTCAACACAA,1
ATTGCATTCGTACGCT,1
ATTGCCAAATACAATA,1
ATTGCCACCTTACTTA,1
ATTGCCACGTTAATGA,1
ATTGCCATAGTATCTA,1
ATTGCCATATCGTAAG,1
ATTGCCCAAAAGTAAT,1
ATTGCCCATATATTAT,1
ATTGCCCTCTACTTTA,1
ATTGCCGATCGTGGAA,1
ATTGCCGATGGGATAA,1
ATTGCCGATTAGTCCA,1
ATTGCCGCAAGTTCCT,1
ATTGCCGCACGCTCCT,1
ATTGCCGCACGTTCAT,1
ATTGCCGCACGTTCCG,1
ATTGCCGCATGTTCCT,1
ATTGCCGCTCAACAGA,1
ATTGCCGGAGTGACAT,1
ATTGCCTAAATATGTC,1
ATTGCCTCGGAAATCA,1
ATTGCCTGAATATGCC,1
ATTGCGAACCATAAAA,1
ATTGCGAATCACGGAC,1
ATTGCGAATTCCGCAG,1
ATTGCGACAGAGTCAA,1
ATTGCGAGATGTTAAT,1
ATTGCGATGCTAGCAA,1
ATTGCGCACTGGAGAA,1
ATTGCGCGTCACGGAC,1
ATTGCGGATCGTTACT,1
ATTGCGGATGGACCCA,1
ATTGCGTAATTCGGTA,1
ATTGCGTACAACTAAA,1
ATTGCGTTTGGCTTCG,1
ATTGCTAAAACAGAAA,1
ATTGCTAAGAAGGGCC,1
ATTGCTATATGTCCAG,1
ATTGCTATCGAAGTAT,1
ATTGCTCATACTTATC,1
ATTGCTCCTTAGTAAA,1
ATTGCTCGGAGATACG,1
ATTGCTGAGGCAAGCA,1
ATTGCTGCGTTGGGCT,1
ATTGCTGTACTCTCCA,1
ATTGCTTCGTTGGGCC,1
ATTGGAAAAGGATAAA,1
ATTGGAAACTAAATCT,1
ATTGGAACAAGCGCGG,1
ATTGGAACACTGAAAA,1
ATTGGAAGAATCGATA,1
ATTGGAAGCCAAAAAT,1
ATTGGAAGGACCGACG,1
ATTGGAATTAACAAGT,1
ATTGGACCCACAATAC,1
ATTGGACGATGCACCA,1
ATTGGACTATCCACGC,1
ATTGGACTCTGCACCA,1
ATTGGACTTAATTACT,1
ATTGGAGACTAATAGT,1
ATTGGAGAGGGGTACG,1
ATTGGAGCCAGAGACT,1
ATTGGAGCCCACAAAG,1
ATTGGAGCTGACGGAC,1
ATTGGAGTAAAAATAA,1
ATTGGAGTAACAACAA,1
ATTGGAGTAACAATTA,1
ATTGGAGTGACAATAA,1
ATTGGAGTGCTTAACC,1
ATTGGATACGTCTACT,1
ATTGGATGACTTGGAA,1
ATTGGATGCAAACAAT,1
ATTGGCACGTTAATTA,1
ATTGGCACGTTGATGA,1
ATTGGCAGGACCTACG,1
ATTGGCAGTAACGGTC,1
ATTGGCATGTTAATGA,1
ATTGGCCAATAAAATA,1
ATTGGCCATGTAATTA,1
ATTGGCCCGCATAGCA,1
ATTGGCCTCTAATTTA,1
ATTGGCCTCTATTTTA,1
ATTGGCCTCTGCTTTA,1
ATTGGCGAATACCTCT,1
ATTGGCGAGGACTACT,1
ATTGGCGTGCCCACAC,1
ATTGGCTCATTACCTG,1
ATTGGCTTAAGACAAT,1
ATTGGCTTGTAAAACA,1
ATTGGGACCTCTTGCT,1
ATTGGGAGAGCTAACT,1
ATTGGGAGGACTTACA,1
ATTGGGATGGTAATTA,1
ATTGGGCGACTCTATT,1
ATTGGGCTGAATCGCC,1
ATTGGGGCTAGCATAA,1
ATTGGGGTCCTTAACC,1
ATTGGTACGGTTACCC,1
ATTGGTAGGACCGACG,1
ATTGGTATGGTGCGGC,1
ATTGGTATTATGGGAT,1
ATTGGTCAAGGCAAGT,1
ATTGGTCCATAAAATA,1
ATTGGTCCCTTCATCA,1
ATTGGTCCTCGCTATT,1
ATTGGTCGCATAAGCC,1
ATTGGTCTCGAAGTTT,1
ATTGGTGCTTTGCACG,1
ATTGGTGGCGAATTCC,1
ATTGGTTAAAGATCCA,1
ATTGGTTATTAAAAAC,1
ATTGGTTCCGTGCTCG,1
ATTGGTTCTATTCCTT,1
ATTGTAAAACCATGAC,1
ATTGTAAAACGTACGT,1
ATTGTAAAAGTTTATC,1
ATTGTAAAATAATGAC,1
ATTGTAAAATCATAAC,1
ATTGTAAAATCATGAG,1
ATTGTAAATACACTCA,1
ATTGTAAATCCTTCAA,1
ATTGTAAATCTTCCAA,1
ATTGTAAATTCCAACA,1
ATTGTAACATACGTAA,1
ATTGTAACATCAAATA,1
ATTGTAACTAAGAACC,1
ATTGTAAGCATTACCC,1
ATTGTAAGCCACAACC,1
ATTGTAATACACAAAC,1
ATTGTAATACCGGAGT,1
ATTGTAATCCATGTCA,1
ATTGTAATGGGCTATG,1
ATTGTAATGGGCTCCG,1
ATTGTAATGGGCTCTA,1
ATTGTAATGTAAGGCG,1
ATTGTAATTGGCTCTG,1
ATTGTACAAAAAAACA,1
ATTGTACAAAATCGAA,1
ATTGTACAAGTTAACC,1
ATTGTACAGATAGTAA,1
ATTGTACATTAGCATC,1
ATTGTACCCATGAAAA,1
ATTGTACCCATGCAGA,1
ATTGTACCTTCCTAAA,1
ATTGTACTCAAAGTTA,1
ATTGTAGCGGACACGA,1
ATTGTATAAAATTAAA,1
ATTGTATACAACTAAC,1
ATTGTATAGAAGAATT,1
ATTGTATATACAGTGG,1
ATTGTATATTATACAC,1
ATTGTATCGCCAGAAC,1
ATTGTATGCAAACTAC,1
ATTGTATGCGAAATAC,1
ATTGTATGGGTTCGAG,1
ATTGTATGTAAACAAT,1
ATTGTATTAAATACAA,1
ATTGTATTAAATGTAA,1
ATTGTATTAAATTAGA,1
ATTGTATTAAATTCAA,1
ATTGTATTAGGATCTG,1
ATTGTATTATCGAATA,1
ATTGTATTATGGAAAC,1
ATTGTATTGAATTAAA,1
ATTGTCAAAGAGATAC,1
ATTGTCAACTCCGGGG,1
ATTGTCAACTCGATCC,1
ATTGTCACAATTTGTG,1
ATTGTCACCTAATGTA,1
ATTGTCACGTTAATGA,1
ATTGTCATCGGTGATT,1
ATTGTCATGGGTGACT,1
ATTGTCCAAAAGGAAT,1
ATTGTCCAACTAGAAT,1
ATTGTCCATCTAGGAT,1
ATTGTCCATCTATAAT,1
ATTGTCCCATAAAATA,1
ATTGTCCTTTACCTAT,1
ATTGTCGCCGCTTCAG,1
ATTGTCGCCTCGATAA,1
ATTGTCGCGAAGTCAC,1
ATTGTCGCTACATCGG,1
ATTGTCTTCGAGCTTT,1
ATTGTGAGCGCTAACT,1
ATTGTGCCCATGCAAA,1
ATTGTGCCCTCAAATT,1
ATTGTGGACTAGTAGT,1
ATTGTGGTAACAGACG,1
ATTGTGTTACGAGAGA,1
ATTGTGTTTAGCTTCG,1
ATTGTGTTTGGCTACG,1
ATTGTTAAAACAAGTG,1
ATTGTTAAACTGTAGC,1
ATTGTTAAACTGTATT,1
ATTGTTAAAGATAATA,1
ATTGTTAACCCATTCC,1
ATTGTTAATCAAACTC,1
ATTGTTACAAAATTCC,1
ATTGTTACAAACCAGA,1
ATTGTTACGAGGCCAA,1
ATTGTTAGGACCATAC,1
ATTGTTATGCATCCCA,1
ATTGTTCATGTACCAT,1
ATTGTTCATTCATAAC,1
ATTGTTCCACTGAATT,1
ATTGTTCCCCTTAAAA,1
ATTGTTCCTCTACATT,1
ATTGTTCGGACCACCG,1
ATTGTTCGGATAACCG,1
ATTGTTCTACTCCACT,1
ATTGTTCTGATCACCG,1
ATTGTTCTGGGACCCC,1
ATTGTTGACGTGAGGA,1
ATTGTTGCAAACGTGT,1
ATTGTTGCATTCCAAA,1
ATTGTTGCGATTTGGC,1
ATTGTTGGGTACAAAC,1
ATTGTTGTACTATGGC,1
ATTGTTTAAAACACGT,1
ATTGTTTAAATGAGAT,1
ATTGTTTAAATGCAAT,1
ATTGTTTAAATGCGAA,1
ATTGTTTAAATGCTAT,1
ATTGTTTAGATGCGAT,1
ATTGTTTCTCACAATT,1
ATTGTTTGCACCATAC,1
ATTGTTTGGATCACCG,1
ATTTAAAAACACCTTC,1
ATTTAAAAACTATGCG,1
ATTTAAAACTTCCTGA,1
ATTTAAAAGAGACGCT,1
ATTTAAACAAAAATTG,1
ATTTAAACAAAGATTC,1
ATTTAAACACGAACAA,1
ATTTAAACTGGCAATG,1
ATTTAAAGATTAATGA,1
ATTTAAAGCAACTCGC,1
ATTTAAATAGCCAATT,1
ATTTAAATAGTAAATT,1
ATTTAAATCCGAATTA,1
ATTTAAATCGTTGTGT,1
ATTTAAATGATTTAGG,1
ATTTAAATGATTTTAG,1
ATTTAAATGATTTTGT,1
ATTTAAATGTTTCTAG,1
ATTTAAATTATTTTGG,1
ATTTAACATTTACAGA,1
ATTTAACATTTGCAGC,1
ATTTAACCGAGGGTTA,1
ATTTAACGAAAATGCA,1
ATTTAACGAAACTCGC,1
ATTTAACGCAAATCGC,1
ATTTAACGCAACTCTC,1
ATTTAACGGTCGGACC,1
ATTTAACGTGCAAGAC,1
ATTTAACTATATGAAT,1
ATTTAACTATCCGAAT,1
ATTTAACTATCTTAAT,1
ATTTAACTCAACTCGC,1
ATTTAACTCGGTACTA,1
ATTTAACTCTTCTGGT,1
ATTTAACTGTCTGAAT,1
ATTTAACTGTGCAGAA,1
ATTTAACTTAACGTGA,1
ATTTAACTTCATAAAC,1
ATTTAAGAAAAACCTA,1
ATTTAAGAAACGTCCT,1
ATTTAAGACAGCGGCC,1
ATTTAAGACTAGAAGA,1
ATTTAAGTAAACTTTG,1
ATTTAAGTAGATTACA,1
ATTTAATAACAAGCGC,1
ATTTAATAACACCATT,1
ATTTAATAAGTAGAGA,1
ATTTAATACCAGAAAT,1
ATTTAATACTGGAAAT,1
ATTTAATATAAAATAC,1
ATTTAATATTGTTTCC,1
ATTTAATCACACAATT,1
ATTTAATCACGAAACT,1
ATTTAATCATACTTCT,1
ATTTAATCCAGCCGTC,1
ATTTAATCTAACTACC,1
ATTTAATCTCAAGGCC,1
ATTTAATCTTACTTTT,1
ATTTAATGACAGAAGT,1
ATTTAATGGCACGCAA,1
ATTTAATTGCTAACTA,1
ATTTAATTTTACTTCT,1
ATTTAATTTTTAGTCA,1
ATTTACAAAGACGACT,1
ATTTACAAAGCCTACT,1
ATTTACAAATCACAAT,1
ATTTACAAATGTGAAT,1
ATTTACAACGACTCGC,1
ATTTACAACTTCCCGA,1
ATTTACAAGGCCGACT,1
ATTTACAAGTTAACCA,1
ATTTACAATCCTAACC,1
ATTTACACATAATTGA,1
ATTTACACTAAATCCA,1
ATTTACAGATACTCAA,1
ATTTACAGTTCATAAT,1
ATTTACATAAAGTGAA,1
ATTTACATAATTGGAC,1
ATTTACATTTCATCTC,1
ATTTACATTTGCAAAG,1
ATTTACCATAAGCAAA,1
ATTTACCATCATGATA,1
ATTTACCCAATTACAG,1
ATTTACCCGAGCGGGG,1
ATTTACCGAGCCGCTC,1
ATTTACCGGTAGAACC,1
ATTTACCGGTAGGACC,1
ATTTACCGGTCGGGCC,1
ATTTACCGGTCGTACC,1
ATTTACCTAGTCTCCA,1
ATTTACGACAGCCAAA,1
ATTTACGATGTCTAAG,1
ATTTACGCACCATCTA,1
ATTTACGTGCAATAGA,1
ATTTACGTTCAATAAA,1
ATTTACTAATTAGGCA,1
ATTTACTACACAATAC,1
ATTTACTACAGCAGGA,1
ATTTACTACCATATAG,1
ATTTACTAGCAGTAAT,1
ATTTACTAGTCAAGAT,1
ATTTACTCATTGTGTT,1
ATTTACTCCCACTTAA,1
ATTTACTCCTCTCATA,1
ATTTACTCTCAAGGCA,1
ATTTACTCTCAAGTCC,1
ATTTACTGCCACCATG,1
ATTTACTGCCCTATGG,1
ATTTACTTACCAATTG,1
ATTTACTTAGTGCTCA,1
ATTTACTTATATATAT,1
ATTTACTTGTTGATAA,1
ATTTAGAAAAAGATGC,1
ATTTAGAAAAATAAAA,1
ATTTAGAAAATCATAA,1
ATTTAGAAAGACATGC,1
ATTTAGAAGAATAAAC,1
ATTTAGAAGCGGACAA,1
ATTTAGAAGCTCCTAA,1
ATTTAGAAGTCTAGTC,1
ATTTAGAATACACAGG,1
ATTTAGAATGAGCATT,1
ATTTAGACTAATACCT,1
ATTTAGAGAAATAAAC,1
ATTTAGAGTCTCAACC,1
ATTTAGATAAATTATG,1
ATTTAGATAGGGGCTG,1
ATTTAGATAGTCAATT,1
ATTTAGATAGTTCCCT,1
ATTTAGATCAACTATG,1
ATTTAGATCAGAGACC,1
ATTTAGATCCTTTGTT,1
ATTTAGCACAAGAATA,1
ATTTAGCAGGAGCATT,1
ATTTAGCAGGGACTTC,1
ATTTAGCATACGTGAA,1
ATTTAGCATGATCATT,1
ATTTAGCATGGACTTT,1
ATTTAGCATTAGCATT,1
ATTTAGCCAAGTGAAG,1
ATTTAGCGCCGAAATT,1
ATTTAGGACCAGAACT,1
ATTTAGGACTAGAGAA,1
ATTTAGGATAATTAGT,1
ATTTAGGTCAAGCACA,1
ATTTAGGTGATCCCGA,1
ATTTAGTATGAGCATT,1
ATTTAGTATGGCGCTT,1
ATTTAGTCAATAAGTC,1
ATTTAGTCAATAAGTT,1
ATTTAGTCAATGCCAA,1
ATTTAGTCACGTTGTA,1
ATTTAGTGAGAATATA,1
ATTTAGTTATCCACAA,1
ATTTAGTTCTAAGTGC,1
ATTTATAAAACTGCCA,1
ATTTATAACAATAACG,1
ATTTATACGCAGAGTA,1
ATTTATAGGCCATGTA,1
ATTTATATCAATTATG,1
ATTTATATGACTAACA,1
ATTTATATTAAAGAAT,1
ATTTATCAAATCAGCT,1
ATTTATCAAATCCTCT,1
ATTTATCAGTTGAATA,1
ATTTATCGCAATACTG,1
ATTTATCGGTCGGACC,1
ATTTATCTAATGATGC,1
ATTTATCTTGATGAAA,1
ATTTATGAAAGCATGA,1
ATTTATGAGAAAATCT,1
ATTTATGGGAGGCCTA,1
ATTTATGTAGACCCAC,1
ATTTATGTCAGATGCT,1
ATTTATGTCAGTCGCT,1
ATTTATGTCAGTTACT,1
ATTTATGTCTGTTGCT,1
ATTTATGTTAGTTGCT,1
ATTTATTACCATAAAG,1
ATTTATTAGGAGTAAT,1
ATTTATTAGTTGATAA,1
ATTTATTGAAGCAGAC,1
ATTTATTGGCTAAGTA,1
ATTTATTGTAAAAAAA,1
ATTTATTTACAAATCT,1
ATTTATTTACAAGTCA,1
ATTTATTTACCAACGT,1
ATTTATTTAGCTATTG,1
ATTTATTTTAATAACA,1
ATTTATTTTTGGAACC,1
ATTTCAAAATATGGAT,1
ATTTCAAAATCTATAA,1
ATTTCAAACATGGAAC,1
ATTTCAAACATGTGAG,1
ATTTCAACTCCAGATA,1
ATTTCAAGAATCCACA,1
ATTTCAAGATAAGCGC,1
ATTTCAAGTTAATCGC,1
ATTTCAATAGAAAGGA,1
ATTTCAATCTGCCTGA,1
ATTTCAATGAGTACCA,1
ATTTCAATTAATTCTG,1
ATTTCAATTAGTAACA,1
ATTTCACAAAATAGAC,1
ATTTCACATCTTTCCA,1
ATTTCACCCAAAGTAT,1
ATTTCACCTAAACCCT,1
ATTTCAGAACACATTT,1
ATTTCAGACTATAATG,1
ATTTCAGAGACCACTT,1
ATTTCAGCACCAAAGA,1
ATTTCAGCAGTCAAAA,1
ATTTCAGCATATTCAA,1
ATTTCAGTCCTATAGA,1
ATTTCATAAGTCGAGG,1
ATTTCATAATTCGAGA,1
ATTTCATACAGCCGTC,1
ATTTCATAGCTTCCCT,1
ATTTCATAGGTCGAGA,1
ATTTCATATAACTATC,1
ATTTCATATAAGCTCG,1
ATTTCATATAGAGAGA,1
ATTTCATATATCTTAA,1
ATTTCATCAGATTCAA,1
ATTTCATCATGCTATT,1
ATTTCATCCAGCAGTC,1
ATTTCATCCAGCCTTC,1
ATTTCATCCATCCGTC,1
ATTTCATCGAAGTAAT,1
ATTTCATCGAGCCGTC,1
ATTTCATCTAGCCGTC,1
ATTTCATGAAACACAA,1
ATTTCATGATAGGTTT,1
ATTTCATGTTTGTAGC,1
ATTTCCAAAAATAGAC,1
ATTTCCAAATCAATCT,1
ATTTCCAACGAATCGC,1
ATTTCCAACTACTCGC,1
ATTTCCAAGAATGAGG,1
ATTTCCAAGGATCCCG,1
ATTTCCAATGCGGGCC,1
ATTTCCACAAATCAAA,1
ATTTCCACTACGAAGG,1
ATTTCCATCTTGGCCC,1
ATTTCCATGCAGAGAG,1
ATTTCCATTCGCAAAG,1
ATTTCCCAAGATAGAC,1
ATTTCCCACTTACCAC,1
ATTTCCCATTAAGATA,1
ATTTCCCCCTTACCAC,1
ATTTCCCCTCCAACTT,1
ATTTCCCTCTTAACAC,1
ATTTCCCTCTTACAAC,1
ATTTCCCTTTTACCAC,1
ATTTCCGAAATATGTC,1
ATTTCCGCACATTGAC,1
ATTTCCGCCCTTGTCA,1
ATTTCCTAGATCAATG,1
ATTTCCTCATCTGTCC,1
ATTTCCTCGGTAAAAA,1
ATTTCCTGGCTAGAAG,1
ATTTCCTGTAAGCGGG,1
ATTTCCTGTTGGAGCA,1
ATTTCCTTAGCGACTG,1
ATTTCCTTATCCGCTG,1
ATTTCGACGTAACATA,1
ATTTCGCATCACGGAC,1
ATTTCGCATTGACAGG,1
ATTTCGCTCGAAACAT,1
ATTTCGCTCTTACCAC,1
ATTTCGCTTGGATCTA,1
ATTTCGGACTATCATG,1
ATTTCGTATTGATAGG,1
ATTTCGTCAATGACAA,1
ATTTCGTCGGGTAAAA,1
ATTTCGTGTATAAAGT,1
ATTTCGTTAGCGACCG,1
ATTTCGTTTTCCGCCC,1
ATTTCTAAAATGACCA,1
ATTTCTAACCGCCAAA,1
ATTTCTAATCTCCAAA,1
ATTTCTACATATGCTA,1
ATTTCTACATCCGCTA,1
ATTTCTACGATAGCCA,1
ATTTCTACGTCAAATT,1
ATTTCTATAACCTAGA,1
ATTTCTATTACTAAAG,1
ATTTCTCATTAAAATA,1
ATTTCTCCGCCCCCCT,1
ATTTCTCTCCTTTCAA,1
ATTTCTGAAAGGACCA,1
ATTTCTGATAGAATGT,1
ATTTCTGCCAAGCAAT,1
ATTTCTGCGTTGGGCC,1
ATTTCTGGATTTGCCT,1
ATTTCTGTATCTTTCA,1
ATTTCTTATCCAAACT,1
ATTTCTTCATGAAGAG,1
ATTTCTTGAATACTAT,1
ATTTCTTTCGCACAAC,1
ATTTGAAAAACCTTTC,1
ATTTGAAAAAGCTTTG,1
ATTTGAAAAAGGTGTA,1
ATTTGAAAGAAATATG,1
ATTTGAAAGACCTTTG,1
ATTTGAAAGTTTATAA,1
ATTTGAAATATAAGCC,1
ATTTGAACAGGACGGG,1
ATTTGAACGCAAAAAA,1
ATTTGAACTGTGTACA,1
ATTTGAAGATAGTCTC,1
ATTTGAAGCCTTTAAT,1
ATTTGAAGCCTTTGCT,1
ATTTGAAGTAACAAGT,1
ATTTGAAGTTAAGCGC,1
ATTTGAATATTAGTCG,1
ATTTGACAAAAATATG,1
ATTTGACAGAAGTATG,1
ATTTGACATCTGGATC,1
ATTTGACATTTTATAA,1
ATTTGAGAAACTCTAC,1
ATTTGAGAAACTCTGT,1
ATTTGAGCATTGTAAT,1
ATTTGAGCTAGCACTA,1
ATTTGAGGGCAGAACG,1
ATTTGAGTAAAACAAT,1
ATTTGAGTAAGACAAG,1
ATTTGAGTGACTACAA,1
ATTTGAGTTACTATAA,1
ATTTGATTAATTGAAA,1
ATTTGATTTACTACAA,1
ATTTGCAACTTCCTGA,1
ATTTGCAAGTTAACCC,1
ATTTGCAAGTTAGCCA,1
ATTTGCAAGTTGACCA,1
ATTTGCAATCATGATC,1
ATTTGCAATTAAGGTT,1
ATTTGCAATTAAGTCT,1
ATTTGCAATTTAACCA,1
ATTTGCACACAAATGT,1
ATTTGCACCCATTATC,1
ATTTGCACCCTTGTCC,1
ATTTGCACCTGATGAA,1
ATTTGCACTAAATCTG,1
ATTTGCAGGTCATTAA,1
ATTTGCAGTTCAATTT,1
ATTTGCATATTATCAA,1
ATTTGCCATTGTTAGG,1
ATTTGCCCAAAAGTCA,1
ATTTGCCGTCATAGAG,1
ATTTGCCTCTACTTTA,1
ATTTGCGAGTTAACCA,1
ATTTGCGGACAGAACG,1
ATTTGCGGATTAAAGT,1
ATTTGCGGGCAGATCT,1
ATTTGCGTGAGGAATA,1
ATTTGCTAAAACAGCC,1
ATTTGGAAAAGTCAGT,1
ATTTGGAACAGTGGTA,1
ATTTGGACTTTAGTTG,1
ATTTGGAGCGCTAACT,1
ATTTGGATAAAAGAAC,1
ATTTGGCACACTTCAT,1
ATTTGGCATGAGCATT,1
ATTTGGCCGAGTAAAC,1
ATTTGGCTAACCGATA,1
ATTTGGCTATCAACGC,1
ATTTGGCTCATGATTA,1
ATTTGGCTTTGAATGA,1
ATTTGGGACAGTTCAA,1
ATTTGGGAGTCTTCTA,1
ATTTGGGCATTGTTAT,1
ATTTGGTCACGTGAAC,1
ATTTGGTGCATGCAAA,1
ATTTGGTGCGTGCACA,1
ATTTGGTGGAACGACC,1
ATTTGGTTGTCCGCCC,1
ATTTGGTTTTACGCCC,1
ATTTGGTTTTCCACCC,1
ATTTGGTTTTCCGACC,1
ATTTGGTTTTCCTCCC,1
ATTTGGTTTTCTGCCC,1
ATTTGTAAAGTTTAGA,1
ATTTGTAATCACCAGG,1
ATTTGTACCCATGATC,1
ATTTGTACGCGGCTAG,1
ATTTGTATGAAGACGA,1
ATTTGTATTAATAAAA,1
ATTTGTCAGTGTTAGG,1
ATTTGTCATAGCGGTG,1
ATTTGTCATCGTTAGG,1
ATTTGTCATTCACCCC,1
ATTTGTCATTGTTAGT,1
ATTTGTCCCACCCAAC,1
ATTTGTCGCGCTCGCC,1
ATTTGTGAAAGCATTA,1
ATTTGTGAAAGTATGA,1
ATTTGTGATTGTAATA,1
ATTTGTTATCTTAAAA,1
ATTTGTTGGGCGTAAA,1
ATTTGTTTATTTAAAA,1
ATTTGTTTTTCCGCCC,1
ATTTTAAAACTATGCC,1
ATTTTAAAATCATGAC,1
ATTTTAAACAAGGTCA,1
ATTTTAAGGCTTACTT,1
ATTTTAATAGAAAAAA,1
ATTTTAATCAGGTGTT,1
ATTTTAATCCCGAATC,1
ATTTTAATGTAAAAAA,1
ATTTTAATGTTTACCA,1
ATTTTACAACAAGTAA,1
ATTTTACAGAAATATG,1
ATTTTACATAGTAACA,1
ATTTTACCCTCAAATT,1
ATTTTACCCTCCCCAT,1
ATTTTACCGGAAATAA,1
ATTTTACCTTAAATGA,1
ATTTTACTACATACCA,1
ATTTTACTGACTAGGC,1
ATTTTACTGGGTGTCC,1
ATTTTACTGTCTGACT,1
ATTTTAGAAAGTTCCC,1
ATTTTAGGGTTTATAA,1
ATTTTAGGGTTTCTAC,1
ATTTTAGGGTTTTTAA,1
ATTTTATAACGATGCG,1
ATTTTATAACGCTGAG,1
ATTTTATACCTCAGGC,1
ATTTTATATCCATCAA,1
ATTTTATATTGGTAAA,1
ATTTTATCAATCAATT,1
ATTTTATCAATCGCTT,1
ATTTTATCCAGCCGTC,1
ATTTTATGAGGATCTT,1
ATTTTATGCGAACTAC,1
ATTTTATGGAATAGAG,1
ATTTTATTAAATTAAA,1
ATTTTATTATTAGTCA,1
ATTTTATTCAATAGAG,1
ATTTTATTCATATCCC,1
ATTTTCAAAACACGGT,1
ATTTTCAAATAGAATA,1
ATTTTCAAATGGAGAT,1
ATTTTCAACAAATTCC,1
ATTTTCAAGGATCACG,1
ATTTTCAAGGATCCCA,1
ATTTTCAAGGGTCCCG,1
ATTTTCAATGATCCCG,1
ATTTTCACAGCCACGG,1
ATTTTCACTTTGCCGT,1
ATTTTCAGGCTAAATA,1
ATTTTCAGGGATCCCG,1
ATTTTCAGTCAGATTA,1
ATTTTCATCCAGCTAC,1
ATTTTCATCGGTGACT,1
ATTTTCATTGATTAAT,1
ATTTTCCCAGCAAATA,1
ATTTTCCCCTCAAATA,1
ATTTTCCCGAACAGCA,1
ATTTTCCCGGACATCA,1
ATTTTCCCGTGAAAAA,1
ATTTTCCCTGTTTATA,1
ATTTTCCGGAATGATA,1
ATTTTCCGTTGGAGCA,1
ATTTTCCTATACAAGA,1
ATTTTCCTCATAGAGT,1
ATTTTCCTGCTGTCCA,1
ATTTTCGACCCTAAAT,1
ATTTTCGAGAAAACGC,1
ATTTTCGAGGATCCCG,1
ATTTTCGCCAATCGGA,1
ATTTTCGGAGAACAAA,1
ATTTTCGTTCGCAAGC,1
ATTTTCTAAGAACAAA,1
ATTTTCTCAGCTGCAA,1
ATTTTCTGAAGACTAT,1
ATTTTCTGCTCCGAAC,1
ATTTTCTGTCGGAGCA,1
ATTTTCTGTTAGAGCA,1
ATTTTCTGTTGGAGAA,1
ATTTTCTGTTGGGGCA,1
ATTTTCTTCCAAAGCT,1
ATTTTCTTTTGGAGCA,1
ATTTTGAAAAACGAAC,1
ATTTTGAACAGTGGTC,1
ATTTTGACAAGTCAGT,1
ATTTTGAGACAGATTA,1
ATTTTGAGTAATAAGG,1
ATTTTGAGTCAGACTA,1
ATTTTGAGTCAGAGTA,1
ATTTTGAGTGAGATTA,1
ATTTTGATGGTGAGAT,1
ATTTTGATGTTGAGGG,1
ATTTTGATTCAGATTA,1
ATTTTGCCCCTGGTAT,1
ATTTTGCTAAAACTAC,1
ATTTTGCTGATCATAT,1
ATTTTGCTGTCCATAT,1
ATTTTGGAATATATCT,1
ATTTTGGGACATGAAA,1
ATTTTGGTAACATTTC,1
ATTTTGGTCAAGCAAA,1
ATTTTGGTGTTGAAGG,1
ATTTTGGTGTTGAGTG,1
ATTTTGTAAAACGTTT,1
ATTTTGTGCATGCACA,1
ATTTTGTGTGACGGTA,1
ATTTTGTTTTCCGGAA,1
ATTTTTAATAACTCAC,1
ATTTTTAATATACATC,1
ATTTTTACGATAACCA,1
ATTTTTACGATAGCGA,1
ATTTTTACGATAGCTA,1
ATTTTTAGATACCAAG,1
ATTTTTAGTCAGATTA,1
ATTTTTATAATATTAT,1
ATTTTTATGATAGCCA,1
ATTTTTATGCGGAAAC,1
ATTTTTATTACAATCG,1
ATTTTTCATCAGTCCT,1
ATTTTTCGATAACAAG,1
ATTTTTCGATACCAGG,1
ATTTTTCGATACTAAG,1
ATTTTTCGGATCACCG,1
ATTTTTCGGTACCAAG,1
ATTTTTCTGAAACTAC,1
ATTTTTCTGGACCTAG,1
ATTTTTCTGTCCTCTA,1
ATTTTTGCTCACAATT,1
ATTTTTGGATTCGAAT,1
ATTTTTGTAAAAAAAT,1
ATTTTTTAAGGGGCAA,1
ATTTTTTATATAAATT,1
ATTTTTTCCTAAGATT,1
ATTTTTTTCAAAAGCT,1
ATTTTTTTCCAAAGAT,1
ATTTTTTTTGACACAG,1
CAAAAAAAAAACCCGT,1
CAAAAAAAAAGTATGC,1
CAAAAAAAAATGCTAC,1
CAAAAAAAAGATATCG,1
CAAAAAAAATTGCAAT,1
CAAAAAAACAGTATGA,1
CAAAAAAACCAAACAA,1
CAAAAAAACCATATCT,1
CAAAAAAACTATCGCA,1
CAAAAAAAGGCATTAC,1
CAAAAAAAGTTGAGAC,1
CAAAAAAATACTCTTA,1
CAAAAAACAACCGTTA,1
CAAAAAACCCAAGCAA,1
CAAAAAACCGACTGAC,1
CAAAAAACCTATCCTC,1
CAAAAAACTCTAGAAC,1
CAAAAAAGACTGCCAG,1
CAAAAAAGATACCAAA,1
CAAAAAAGATGATACC,1
CAAAAAAGGTTGCCTC,1
CAAAAAAGGTTGTCTT,1
CAAAAAAGTTCTCAAA,1
CAAAAAATAAGGAAAA,1
CAAAAAATACCATTTA,1
CAAAAAATAGGTCTTA,1
CAAAAAATCTAACTAG,1
CAAAAAATGGACGGAA,1
CAAAAAATGGCATTAC,1
CAAAAAATTAAAAAAG,1
CAAAAAATTCAATTTG,1
CAAAAAATTCTAAACC,1
CAAAAAATTCTAAGCA,1
CAAAAAATTCTAAGGC,1
CAAAAAATTTCATTTG,1
CAAAAAATTTTAACCA,1
CAAAAACAAAGCGCCC,1
CAAAAACAAATAAAAC,1
CAAAAACACTAAGCCA,1
CAAAAACACTTTCCAC,1
CAAAAACAGAAAATAC,1
CAAAAACAGATAAAAC,1
CAAAAACAGCTTGAGG,1
CAAAAACAGGCACTAT,1
CAAAAACAGGGAGCAT,1
CAAAAACATAATTGAA,1
CAAAAACATAGCGACC,1
CAAAAACATATACTCC,1
CAAAAACATATCCACA,1
CAAAAACATATCGCCC,1
CAAAAACATATGAAAC,1
CAAAAACATCAGAGAG,1
CAAAAACATCGGCGAG,1
CAAAAACCATACAGAT,1
CAAAAACCATATTAAT,1
CAAAAACCTAACAATG,1
CAAAAACGCTGCGATC,1
CAAAAACGGCGCCTAT,1
CAAAAACTAACAGCCT,1
CAAAAACTACATTTCA,1
CAAAAACTCCTAAAAC,1
CAAAAACTCTAAATTG,1
CAAAAACTGATAGGAA,1
CAAAAACTGGCATAGA,1
CAAAAACTTATACTCC,1
CAAAAACTTTCATGTT,1
CAAAAAGAAAATCAGT,1
CAAAAAGAACCTAAAT,1
CAAAAAGACATGCCTC,1
CAAAAAGAGGGACTGT,1
CAAAAAGATATAAAAC,1
CAAAAAGCGGAATATT,1
CAAAAAGCGGACTCAT,1
CAAAAAGCTATGCCAG,1
CAAAAAGCTCTGCCAA,1
CAAAAAGTCGGCTCTG,1
CAAAAAGTGACGCAAT,1
CAAAAAGTGGGCTCTC,1
CAAAAATAAAAACACT,1
CAAAAATAAATGGCAG,1
CAAAAATAACATGAAT,1
CAAAAATAAGACTTTT,1
CAAAAATAATAACACC,1
CAAAAATACGATGGAT,1
CAAAAATACTCTGAAC,1
CAAAAATAGATATATC,1
CAAAAATAGGAACTGT,1
CAAAAATAGTAATCTG,1
CAAAAATATATACTGT,1
CAAAAATATGGCTGAA,1
CAAAAATATTATAAGA,1
CAAAAATATTGTACGA,1
CAAAAATCACTGCAAC,1
CAAAAATCAGATGGCT,1
CAAAAATGAGATATGG,1
CAAAAATGCTATGAAC,1
CAAAAATGCTCTCAAC,1
CAAAAATGCTCTGAAA,1
CAAAAATGCTCTGAAT,1
CAAAAATGCTCTTAAC,1
CAAAAATGGAACTATG,1
CAAAAATGGAGAAAAA,1
CAAAAATGTTCTGAAC,1
CAAAAATTACTAATCA,1
CAAAAATTATTCCATT,1
CAAAAATTGAAGTGGA,1
CAAAAATTGGGCTCTG,1
CAAAAATTGTTATATA,1
CAAAAATTTTACGAAG,1
CAAAACAAAATGCTAA,1
CAAAACAAAGAACTGG,1
CAAAACAAATCTGATG,1
CAAAACAAATCTTATA,1
CAAAACAACCCAAATA,1
CAAAACAATAATAATC,1
CAAAACAATACTCAAT,1
CAAAACAATATAGATC,1
CAAAACACATTGGCCT,1
CAAAACACGAGGACTG,1
CAAAACAGTAAAGACC,1
CAAAACAGTAGAGACA,1
CAAAACATGAAAACCA,1
CAAAACATTAGCCTAT,1
CAAAACATTGTACCTT,1
CAAAACCAAAAAGCTA,1
CAAAACCAAGTGTTTG,1
CAAAACCAATCCCAAT,1
CAAAACCACTAGAAGC,1
CAAAACCAGACCAACA,1
CAAAACCAGTTAAAAC,1
CAAAACCATAATTGGA,1
CAAAACCATATAAAAC,1
CAAAACCATCTCCTAC,1
CAAAACCATTAGAGGC,1
CAAAACCCAGACCGCT,1
CAAAACCCCAAAAACA,1
CAAAACCCTAGTCACA,1
CAAAACCGACGCCTAT,1
CAAAACCGAGTATCTG,1
CAAAACCGGAGCCTAT,1
CAAAACCGGCGCATAT,1
CAAAACCGGCGGCTAT,1
CAAAACCGGTGTATCT,1
CAAAACCTAAATGATC,1
CAAAACCTACCTAAAG,1
CAAAACCTCTAGGGTG,1
CAAAACCTTGTCTAGA,1
CAAAACGAACATTAGC,1
CAAAACGAACGCGAGA,1
CAAAACGACATTTATC,1
CAAAACGAGGCCAAAC,1
CAAAACGCAACATCTA,1
CAAAACGCACCAATGG,1
CAAAACGCTATAAGCG,1
CAAAACGCTTGCTTAG,1
CAAAACGTAAAAGATC,1
CAAAACGTGTAAACCA,1
CAAAACTACACCGTAT,1
CAAAACTACTCAGGGC,1
CAAAACTCGACACTAT,1
CAAAACTGGCGGTAAT,1
CAAAACTGGTCTCTTG,1
CAAAACTTCAAAAAAA,1
CAAAACTTTTTCGAAA,1
CAAAAGAAAAACGACC,1
CAAAAGAAAAACTTCA,1
CAAAAGAAAAATCATT,1
CAAAAGAAAGGCGCAC,1
CAAAAGAAATTATCAT,1
CAAAAGAACCCACTGC,1
CAAAAGAAGGGCGCAA,1
CAAAAGACACGTTCAA,1
CAAAAGACCCCACTTC,1
CAAAAGACCTGGATTA,1
CAAAAGAGCATCTTGA,1
CAAAAGATATAGATTG,1
CAAAAGATTCTCCCAA,1
CAAAAGCACAACCAAC,1
CAAAAGCACGTGAGAT,1
CAAAAGCACTAGCCAA,1
CAAAAGCCGAACCCTT,1
CAAAAGCCTACAAGAT,1
CAAAAGCGAATTAAAG,1
CAAAAGCTGTGCTATA,1
CAAAAGCTTAAGGCAC,1
CAAAAGCTTGACTATC,1
CAAAAGGACAGTCAAT,1
CAAAAGGAGCACGCCT,1
CAAAAGGCAAGGGCAC,1
CAAAAGGCCCACGCCT,1
CAAAAGGTTTATAACT,1
CAAAAGGTTTTACTCA,1
CAAAAGTAAAAAGACT,1
CAAAAGTAAAACGTTA,1
CAAAAGTACCACTTTA,1
CAAAAGTACCGACACA,1
CAAAAGTCCCCTGATA,1
CAAAAGTCTTGCGATC,1
CAAAAGTGAAAAGAAC,1
CAAAAGTGCTTGTCGA,1
CAAAAGTGTGAAGAAC,1
CAAAAGTTCATAACTT,1
CAAAAGTTGAGGAACG,1
CAAAATAAAAGCAACC,1
CAAAATAAACATTGTA,1
CAAAATAAGACAACGC,1
CAAAATAAGACCAAGC,1
CAAAATAAGACCACTC,1
CAAAATAAGGCTTAAA,1
CAAAATAAGGGCGCAC,1
CAAAATAAGTAAATAC,1
CAAAATAAGTGCATAA,1
CAAAATAATACCACGC,1
CAAAATACACTAATGA,1
CAAAATACGAGGCCTG,1
CAAAATACGGAAGTAG,1
CAAAATAGGACCACGC,1
CAAAATATAACAGCTC,1
CAAAATATTAAATGAA,1
CAAAATCAAACACTTA,1
CAAAATCAAACCAACC,1
CAAAATCAACATTCTA,1
CAAAATCAATACATAG,1
CAAAATCAATTATCAT,1
CAAAATCACCCCATTT,1
CAAAATCACCGGGTAA,1
CAAAATCAGCACCCGT,1
CAAAATCAGCATTGTA,1
CAAAATCGAAATGAGC,1
CAAAATCGAGCACTCA,1
CAAAATCGATCTAATG,1
CAAAATCGGATCACTT,1
CAAAATCGGCCGGGGA,1
CAAAATCTGATCATGT,1
CAAAATCTTACAAGAT,1
CAAAATGCCAATTAGA,1
CAAAATGGAGGATACA,1
CAAAATGGCAGGTTGG,1
CAAAATGGCTCATCCT,1
CAAAATGTTATATATT,1
CAAAATTAAAGCATTG,1
CAAAATTAAGGTTTTC,1
CAAAATTAATACAACA,1
CAAAATTACCATAGCA,1
CAAAATTCATATCTCC,1
CAAAATTCGAAAGGAT,1
CAAAATTGCTCTGAAC,1
CAAAATTGGGACGACC,1
CAAAATTGGTTGGAAC,1
CAAAATTGTAAAGAAC,1
CAAAATTTAAGATACA,1
CAAAATTTAAGTGACA,1
CAAAATTTAATACTCA,1
CAAAATTTATCAAATA,1
CAAAATTTATCAAATG,1
CAAAATTTCGTTACAA,1
CAAAATTTGGACAACC,1
CAAACAAACATGCCCT,1
CAAACAAAGTCCTCAC,1
CAAACAAATAATAAGG,1
CAAACAACCCCTCTTA,1
CAAACAACTAATAATT,1
CAAACAACTGTTCCTT,1
CAAACAAGAGCGGAGG,1
CAAACAAGGTAAAAAC,1
CAAACAATCTACCCAA,1
CAAACAATCTAGCAAA,1
CAAACAATGTGCCGAT,1
CAAACAATTAAGATTT,1
CAAACAATTACTGCAG,1
CAAACAATTCCAATAT,1
CAAACACAAGCCCTCG,1
CAAACACAAGCTAATG,1
CAAACACAATGAATTC,1
CAAACACAGAATAAGG,1
CAAACACATAATAAGA,1
CAAACACGTAATAAGG,1
CAAACACTATAAAAAC,1
CAAACACTGCTGACCT,1
CAAACACTGGCATATA,1
CAAACACTGTGCCCAT,1
CAAACACTGTGCCGAA,1
CAAACACTGTGGACCT,1
CAAACAGTAAGACAGA,1
CAAACAGTAATTGTCT,1
CAAACATAGGGCTGAA,1
CAAACATAGGTTTATC,1
CAAACATATGGCCGAA,1
CAAACATATGGCTGAT,1
CAAACATATGTCTGAA,1
CAAACATCAGGCGCAA,1
CAAACATCCCGTATTA,1
CAAACATCCCTTATAC,1
CAAACATCTGACGCAA,1
CAAACATCTGGCACAA,1
CAAACATCTGGCGAAA,1
CAAACATCTGGCGCAG,1
CAAACATCTGGCGGAA,1
CAAACATTCCTAATTC,1
CAAACCAAAATTTCAA,1
CAAACCAAACCCCCGA,1
CAAACCAAACCCGCAA,1
CAAACCAAAGCCCTCG,1
CAAACCAAAGGTCAAC,1
CAAACCACACCTTACA,1
CAAACCACATCAGTGC,1
CAAACCACGTGATAAG,1
CAAACCATGCCCTTCC,1
CAAACCCAACCACTAA,1
CAAACCCAAGCCCTCT,1
CAAACCCAGGCCCTCG,1
CAAACCCAGTCAACAT,1
CAAACCCCACCAGTAA,1
CAAACCCCAGTGTCAC,1
CAAACCCGATACCTGT,1
CAAACCCGGGATATAA,1
CAAACCCTGATGACGA,1
CAAACCGATACAAAAA,1
CAAACCGGGATTCCAC,1
CAAACCGTACGCTGTC,1
CAAACCGTATCTACAA,1
CAAACCGTATCTATTA,1
CAAACCGTTGATTTTC,1
CAAACCTAACCACCAA,1
CAAACCTAAGCTTGAA,1
CAAACCTGAAATAACA,1
CAAACCTGCCAAGCGA,1
CAAACCTTAGGTACTA,1
CAAACCTTATCTATAA,1
CAAACCTTCAGCGCGT,1
CAAACCTTGGGTACGT,1
CAAACGAAACCTAAGT,1
CAAACGAAATACACTT,1
CAAACGAACCCACTGT,1
CAAACGAACTCCTCAT,1
CAAACGAATCACATAT,1
CAAACGAATTAATTAT,1
CAAACGACAAACCAAC,1
CAAACGACACCACTGT,1
CAAACGACCTGTGCCC,1
CAAACGACTAATGCGA,1
CAAACGAGGATGCTAC,1
CAAACGATCGAAAGAA,1
CAAACGATGATGAAGG,1
CAAACGCAGACCACAC,1
CAAACGCAGACCGCCC,1
CAAACGCCCGGGAGAA,1
CAAACGCTGTTTATTG,1
CAAACGGAAATTTCTC,1
CAAACGGATATCGGCT,1
CAAACGGGCATTACAT,1
CAAACGTAGTCTAGTG,1
CAAACGTCATTTCCTT,1
CAAACGTGACTCACCA,1
CAAACGTGCCGACAGC,1
CAAACGTTATACTTAA,1
CAAACGTTGACAACTT,1
CAAACGTTGGGAACGT,1
CAAACTAAAATGATTC,1
CAAACTAAGAGGTGTT,1
CAAACTAATAGCGGCT,1
CAAACTACATACTGAC,1
CAAACTAGAGTGTCAG,1
CAAACTATAAAGAGCC,1
CAAACTATAACAGCAC,1
CAAACTATCTGCTAGA,1
CAAACTCACATCCCCC,1
CAAACTCATATCCCTC,1
CAAACTCATTCTTGGA,1
CAAACTCTATCTAAGT,1
CAAACTGAATAAGAGC,1
CAAACTGAGTAAAAAA,1
CAAACTGCAATTCCTT,1
CAAACTGGGATGTGCT,1
CAAACTGTGTCCGATA,1
CAAACTTCAATAGTAA,1
CAAACTTCTTAAAAGC,1
CAAACTTTGTCTCTAG,1
CAAAGAAAACCCGATA,1
CAAAGAAAATATATCA,1
CAAAGAAAATTTAATA,1
CAAAGAAACTCATATA,1
CAAAGAAACTGTATTC,1
CAAAGAAAGCCAGCTG,1
CAAAGAAAGCCCGGTA,1
CAAAGAAAGTATGCGC,1
CAAAGAAATCCCGATA,1
CAAAGAACAGCACTGC,1
CAAAGAACCTATGTAT,1
CAAAGAAGAATGACTT,1
CAAAGAAGGTAAAAGT,1
CAAAGAATACCGATAA,1
CAAAGAATATATAACG,1
CAAAGAATTAAGCATG,1
CAAAGAATTACGATAA,1
CAAAGAATTCCGATTA,1
CAAAGACAAAAAATCA,1
CAAAGACAAAACGCCC,1
CAAAGACAACTGCATA,1
CAAAGACCATCGGCTG,1
CAAAGACCTACATTCA,1
CAAAGACGACGCTTCA,1
CAAAGACGAGAGAGCT,1
CAAAGACGCGTGAGCT,1
CAAAGACGGTGAATGT,1
CAAAGACGTACGCTTA,1
CAAAGACTCCATAATA,1
CAAAGACTCTATACTA,1
CAAAGACTGCAGAACA,1
CAAAGACTGCGGACCT,1
CAAAGACTGTTAGTAA,1
CAAAGACTTTAAAATT,1
CAAAGAGAAAAAAGAT,1
CAAAGAGAACACATTC,1
CAAAGAGACAATATAA,1
CAAAGAGCATTATTAT,1
CAAAGAGCGATACAAA,1
CAAAGAGCTCACGATA,1
CAAAGATAATAAAAGA,1
CAAAGATAGATTTTAC,1
CAAAGATATGGCTGAA,1
CAAAGATATTCGTAGG,1
CAAAGATCCCGCAAAG,1
CAAAGATCCCTCAAAA,1
CAAAGATCGCACAAAG,1
CAAAGATCTCACAAAA,1
CAAAGATCTCACTCAG,1
CAAAGATCTCTCTCAG,1
CAAAGATGATTACAAA,1
CAAAGATGGAAAATTT,1
CAAAGATTACGGATAT,1
CAAAGATTATTCTCAT,1
CAAAGATTGATTTTTC,1
CAAAGATTTCCCTCAG,1
CAAAGCAACAGAAGCT,1
CAAAGCAAGTATTCGC,1
CAAAGCACAAAGAATT,1
CAAAGCACGTAGCCAG,1
CAAAGCATATTCGCAA,1
CAAAGCCAGCTCTGTT,1
CAAAGCCATCTATGTT,1
CAAAGCCATTGAAACC,1
CAAAGCCCACCACTAA,1
CAAAGCCCGGTTTACA,1
CAAAGCCGACTTCTAT,1
CAAAGCCTGTAATAGC,1
CAAAGCCTTAGGTCAA,1
CAAAGCCTTGTTTACA,1
CAAAGCGACCGTTGAC,1
CAAAGCTGAGTATACG,1
CAAAGCTTACGGATGT,1
CAAAGCTTACGTATAT,1
CAAAGCTTTTTAGAAA,1
CAAAGGACCCCACTGC,1
CAAAGGAGACAACACC,1
CAAAGGATGCACATGG,1
CAAAGGATGCGACTCA,1
CAAAGGCAATACACTT,1
CAAAGGCCAGGTACAA,1
CAAAGGCCAGGTACAC,1
CAAAGGCCGAGATAAC,1
CAAAGGCCGCAATAAC,1
CAAAGGCCGCTTGACC,1
CAAAGGCGAGATAAAG,1
CAAAGGCGCATAAAGA,1
CAAAGGCGCATATAGA,1
CAAAGGCGCCGAAAAT,1
CAAAGGCGGATACAGA,1
CAAAGGCTAGACGTTA,1
CAAAGGCTCTTAGTAA,1
CAAAGGCTGGACCAGC,1
CAAAGGCTGGATGTTA,1
CAAAGGCTTCAATGCC,1
CAAAGGCTTTGGGTTA,1
CAAAGGGAGGAGATAT,1
CAAAGGTAAACGGAGT,1
CAAAGGTAACAGGAGT,1
CAAAGGTAACCAGAGT,1
CAAAGGTAACCGGATT,1
CAAAGGTAACCGTAGT,1
CAAAGGTAGCCGGAGT,1
CAAAGGTATAAACGAA,1
CAAAGGTATGAACGAA,1
CAAAGGTCCATCTGGC,1
CAAAGGTGACCGGAGT,1
CAAAGGTGCTGCAAAC,1
CAAAGGTGTTGACAGC,1
CAAAGGTTAGATAAAG,1
CAAAGGTTTAATCTCG,1
CAAAGTAAACAAATCC,1
CAAAGTAAATAGACTA,1
CAAAGTAAATATCTAT,1
CAAAGTAACAAAACAA,1
CAAAGTAACACATAGG,1
CAAAGTAATCCTTAAA,1
CAAAGTACATACACTA,1
CAAAGTACATAGAATA,1
CAAAGTACATAGACTT,1
CAAAGTACGAATTAAG,1
CAAAGTACTTATGCGA,1
CAAAGTAGAAAAATTC,1
CAAAGTATATTACTTT,1
CAAAGTCCCTATGCGA,1
CAAAGTCCTTTAGTCG,1
CAAAGTCTCTATTTGA,1
CAAAGTCTGGACGTTA,1
CAAAGTGCTTATGCGA,1
CAAAGTGTCCGAGTCC,1
CAAAGTTAAAATAAAA,1
CAAAGTTAACCCAAAA,1
CAAAGTTAAGAAGGAT,1
CAAAGTTACAAGATAT,1
CAAAGTTACATAGGGG,1
CAAAGTTCCACTTAAA,1
CAAAGTTTAAGGCGAG,1
CAAAGTTTAAGGCTGG,1
CAAAGTTTACACAATA,1
CAAATAAAAACTGAAT,1
CAAATAAAAAGCGATT,1
CAAATAAACAGCTTCT,1
CAAATAAAGAAAGATG,1
CAAATAAATTACACCA,1
CAAATAACCTTTCCGA,1
CAAATAAGACAATAAT,1
CAAATAAGAGAATATT,1
CAAATAAGCGTTGGCT,1
CAAATAAGGTACACTA,1
CAAATAATAAATCTAG,1
CAAATAATAGATCGCA,1
CAAATAATATTCTAGC,1
CAAATAATCTATGTAT,1
CAAATAATTTGCCTTG,1
CAAATACAAAAGTCAA,1
CAAATACAAAGCTATT,1
CAAATACAAATAAATC,1
CAAATACAACATCGCC,1
CAAATACAACTATCCC,1
CAAATACAGGAAGATT,1
CAAATACAGGGCCCCA,1
CAAATACAGGTATTAA,1
CAAATACAGTAAGGTT,1
CAAATACATGGATTAA,1
CAAATACATGGCAAAA,1
CAAATACCAAAGCGGC,1
CAAATACCTTACACTA,1
CAAATACGTGGAATTT,1
CAAATACGTTCTTGAC,1
CAAATACTAAATATAG,1
CAAATACTAACAACAA,1
CAAATACTGAGCAAGT,1
CAAATAGAACGGAATC,1
CAAATAGAACGGGAGC,1
CAAATAGAACGTAAGC,1
CAAATAGATACCATCA,1
CAAATAGCTCTTTAAA,1
CAAATAGGCAACAAAA,1
CAAATAGGCATTATAA,1
CAAATAGGGCGCCGCA,1
CAAATAGGTCATACAA,1
CAAATAGGTTATAAAA,1
CAAATAGGTTATACGA,1
CAAATAGTACCTCTAT,1
CAAATATAACAGAATA,1
CAAATATCACTGAGGG,1
CAAATATCCCGCAAAA,1
CAAATATCTCCATAGG,1
CAAATATCTCGCAAAA,1
CAAATATGAAAGGGGC,1
CAAATATGAGTATATA,1
CAAATATGGATAGAAG,1
CAAATATGTTATACAA,1
CAAATATTAATCTACC,1
CAAATATTAGCCAATT,1
CAAATATTAGCTCGCA,1
CAAATATTCAGCCCAA,1
CAAATCAAAATTTAAA,1
CAAATCAACTGCCAGA,1
CAAATCAAGCCTCAAA,1
CAAATCACCGTGAAAA,1
CAAATCACGAGGAGAC,1
CAAATCAGGAATAACC,1
CAAATCAGTAATCACC,1
CAAATCATATTACACT,1
CAAATCATTTCCCTTG,1
CAAATCCAAGCCCTCG,1
CAAATCCACCGGAACA,1
CAAATCCACTTCCAGA,1
CAAATCCAGCGGCCGC,1
CAAATCCCAACATTGC,1
CAAATCCCGCAGCCGC,1
CAAATCCCGCGGCAGC,1
CAAATCCCGCGGCCTC,1
CAAATCCTGAGCAAGG,1
CAAATCCTTTTACAAT,1
CAAATCGAAACCCTCA,1
CAAATCGACTGCCAGA,1
CAAATCGAGCGCCGCA,1
CAAATCGATTGAAGAC,1
CAAATCGATTGGAGGC,1
CAAATCGATTTAAGGC,1
CAAATCGCAGCCTACT,1
CAAATCGGGAGCCGCA,1
CAAATCGGGCGCCGAA,1
CAAATCGTTTGCCTTG,1
CAAATCTAACGTTACT,1
CAAATCTAAGCCCCCG,1
CAAATCTCAATGAGGG,1
CAAATCTCACCGAGGG,1
CAAATCTCTTCATCTG,1
CAAATCTGAAAGGGGG,1
CAAATCTGAAATGGGC,1
CAAATCTGGAAAATTA,1
CAAATCTGTAACCGAA,1
CAAATCTGTAATTTAA,1
CAAATCTTAATCATAC,1
CAAATCTTGTGGACCC,1
CAAATCTTGTGGCCCA,1
CAAATGAAACTGTCAG,1
CAAATGAACCCATAAG,1
CAAATGAAGCCATACT,1
CAAATGAATCCATTCT,1
CAAATGACTAAGAACA,1
CAAATGACTTTAAATC,1
CAAATGAGCAAGGAGA,1
CAAATGAGCCAGAAGA,1
CAAATGAGCCGGGCGT,1
CAAATGAGCGAGGAGA,1
CAAATGATCTTTTACA,1
CAAATGATGTATAGCT,1
CAAATGCCTTAATCCT,1
CAAATGCTCTCAAAAA,1
CAAATGGATTTTGATA,1
CAAATGGCTCACAAAA,1
CAAATGGGTAACAAAA,1
CAAATGTAAATCAACA,1
CAAATGTACCTATGAA,1
CAAATGTCATGCTTTA,1
CAAATGTCGGCCACAA,1
CAAATGTTCTCAAAAC,1
CAAATTAAAACAATCT,1
CAAATTAAACAAAGTG,1
CAAATTAAATCGTCAT,1
CAAATTAACCTAATTG,1
CAAATTAATCAAAGTT,1
CAAATTAATCAATGTG,1
CAAATTAATCGAAGTG,1
CAAATTACATGATAAA,1
CAAATTACATTTAGCT,1
CAAATTACCAAATAAC,1
CAAATTACCAACTAAA,1
CAAATTAGAAGAAAGT,1
CAAATTAGAATAAAGG,1
CAAATTAGGAAAACTC,1
CAAATTAGGAACACTA,1
CAAATTAGGAACACTT,1
CAAATTAGGAGAAAGG,1
CAAATTAGGGGGGTAA,1
CAAATTATAATTGTAA,1
CAAATTATGAACACTC,1
CAAATTATGTTTTAGC,1
CAAATTCAGAACTAGC,1
CAAATTCAGTGAATCT,1
CAAATTCAGTTACACA,1
CAAATTCAGTTATACT,1
CAAATTCATAAGGATC,1
CAAATTCATTGAATAT,1
CAAATTCCGAACTAGA,1
CAAATTCCGAACTAGT,1
CAAATTCCGAACTTGC,1
CAAATTCCTAACTAGC,1
CAAATTCCTATTACGA,1
CAAATTCCTTTCGCCG,1
CAAATTCGCCCTACTG,1
CAAATTCGCTTAGTGA,1
CAAATTCGTAACAGCC,1
CAAATTCTCTCAAAAC,1
CAAATTGAATCAAAAC,1
CAAATTGACGGGACAA,1
CAAATTGATTCTGATA,1
CAAATTGCAATTTGGG,1
CAAATTGCGTTTAGCT,1
CAAATTGCTTTGAACA,1
CAAATTGCTTTGACCT,1
CAAATTGCTTTGATCA,1
CAAATTGGAAACCAAA,1
CAAATTGGACCTACTG,1
CAAATTGGCACTACTG,1
CAAATTGGCCCTAATG,1
CAAATTGGGAACCACA,1
CAAATTGGGCCTACTG,1
CAAATTGTCACTCACT,1
CAAATTTAAATCAGAA,1
CAAATTTAACCCAAAG,1
CAAATTTAACCCCCCG,1
CAAATTTAAGCCCCAG,1
CAAATTTAAGCCCCGG,1
CAAATTTAAGGCCCCG,1
CAAATTTAAGTCCCCG,1
CAAATTTACGGTAAAT,1
CAAATTTATTGAATCT,1
CAAATTTCAATCAAAG,1
CAAATTTCCAACTGGC,1
CAAATTTCTGCTAAAA,1
CAAATTTCTTTGACCA,1
CAAATTTTAGCAGGAG,1
CAAATTTTATGTCTCA,1
CAAATTTTTGATTTAA,1
CAACAAAAAAAACATA,1
CAACAAAAAAATGTGG,1
CAACAAAAACTTTCAC,1
CAACAAAAAGCAACAC,1
CAACAAAACGGCGAGC,1
CAACAAAACGTTGAAC,1
CAACAAAATAGGCATA,1
CAACAAAATCGACATA,1
CAACAAAATCGCCATA,1
CAACAAAATCGGCATG,1
CAACAAAATCTGCATA,1
CAACAAACCAACACTA,1
CAACAAACCTAATGAT,1
CAACAAACGTTTGCTG,1
CAACAAAGGCATTAAA,1
CAACAAAGTTGCAACT,1
CAACAAATCACTAAAA,1
CAACAAATCTTCCACT,1
CAACAAATGTAAATAA,1
CAACAAATGTCCTGAG,1
CAACAAATTCATCATA,1
CAACAACAACAAATCA,1
CAACAACAAGAGACCC,1
CAACAACACCAGAATT,1
CAACAACAGCTTTCAC,1
CAACAACATTCACCAA,1
CAACAACCGCGACGCT,1
CAACAACCGTCACTAT,1
CAACAACCTTCCCCAG,1
CAACAACGAGCCTAGG,1
CAACAACGCTCCCAAA,1
CAACAACGGTCACAAA,1
CAACAACGGTGAAGGC,1
CAACAACTATAAGGTG,1
CAACAACTATACAGTG,1
CAACAACTATACGGTT,1
CAACAACTATAGGGTG,1
CAACAACTATATTTCA,1
CAACAACTATCAAAGC,1
CAACAACTGTAATTGG,1
CAACAACTGTCCCAAA,1
CAACAACTTCAACACT,1
CAACAAGATGGCTTTG,1
CAACAAGCGAAATATT,1
CAACAAGCGGGATATT,1
CAACAAGCTCTAGACA,1
CAACAAGCTTAACCAT,1
CAACAAGGAGACAGTC,1
CAACAAGGGCCATCGT,1
CAACAAGGTAACGTAT,1
CAACAAGGTCCATCAT,1
CAACAAGGTCCGTCGT,1
CAACAAGTACATTTCA,1
CAACAAGTCTCGAAAA,1
CAACAAGTTCCATCGT,1
CAACAATAAAGCGGTT,1
CAACAATAACTTTGCT,1
CAACAATACAATGCCT,1
CAACAATAGAGAAAAA,1
CAACAATAGATATACC,1
CAACAATAGATATATA,1
CAACAATAGCGTATCC,1
CAACAATAGCGTATCG,1
CAACAATATAAACCCC,1
CAACAATATAAAGAAT,1
CAACAATATACACCCA,1
CAACAATATATATATC,1
CAACAATCATTTTGCT,1
CAACAATCCCTCTCGA,1
CAACAATCCCTTAATT,1
CAACAATCGATTAATT,1
CAACAATCGCTTTGCT,1
CAACAATCGTAAGAGC,1
CAACAATCTAAAGAAC,1
CAACAATCTGGGATAA,1
CAACAATGGAGAAAAG,1
CAACAATGGTGTCACC,1
CAACAATTACCTAAAG,1
CAACAATTACGACGAT,1
CAACAATTACGTACAA,1
CAACAATTATAAAAGC,1
CAACAATTATCAAACC,1
CAACAATTATCAAAGT,1
CAACAATTATCAAGGC,1
CAACAATTATCAATGA,1
CAACAATTATCAGAGC,1
CAACAATTGTCAAAGC,1
CAACACAAAACCCAAT,1
CAACACAAGGTAGTCG,1
CAACACAATATCAATA,1
CAACACACATGAAGCT,1
CAACACACCGATGAGT,1
CAACACACGACAGCAG,1
CAACACAGAAACAAAC,1
CAACACAGCCAAGACT,1
CAACACAGGCATCATT,1
CAACACAGGGATGGCT,1
CAACACATTGTACGAA,1
CAACACATTGTAGCGT,1
CAACACCAATGATAAT,1
CAACACCCCCAAGCCT,1
CAACACCCCTCAAAGC,1
CAACACCGGCTATAAT,1
CAACACCTAAAATCAT,1
CAACACCTTATAGCGT,1
CAACACCTTGACCGCT,1
CAACACCTTGTAGAGT,1
CAACACCTTGTATCGT,1
CAACACCTTGTGGCGT,1
CAACACGAAGCCAAAC,1
CAACACGACATACGAC,1
CAACACGACTCCTAAG,1
CAACACGACTGTCCTC,1
CAACACGAGGCCAAAA,1
CAACACGAGGCCAAAT,1
CAACACGAGTCCAAAC,1
CAACACGATAGAAGTG,1
CAACACGATGCCAAAC,1
CAACACGCGGGGGAAA,1
CAACACGGATGAAAAT,1
CAACACGTTGAACCTA,1
CAACACTAAACCGCCC,1
CAACACTAGGCCAAAC,1
CAACACTATACAACAT,1
CAACACTCAGGGGAAA,1
CAACACTGCTGATCCA,1
CAACACTGTACAATTT,1
CAACACTGTTGAAAGC,1
CAACACTTGACGAAAC,1
CAACAGAATAGTTAAA,1
CAACAGAATCGTGGAC,1
CAACAGACATAATCAA,1
CAACAGACCCAGCTTT,1
CAACAGACCCTTTACA,1
CAACAGACCGAGCTGT,1
CAACAGACCTGGAACA,1
CAACAGACCTGTGCCC,1
CAACAGACGCAGCTGT,1
CAACAGACGCTTAGTA,1
CAACAGACGTCCGTGG,1
CAACAGACTGACAGTA,1
CAACAGATGGCCTTGT,1
CAACAGATTGTAGACG,1
CAACAGATTTAAAGGA,1
CAACAGCAAAGGATGG,1
CAACAGCACAAATACA,1
CAACAGCATATCTTCA,1
CAACAGCATGCCTATG,1
CAACAGCATTCACCAC,1
CAACAGCCCAACTTGC,1
CAACAGCCCCAAACCA,1
CAACAGCGAAAAGAGC,1
CAACAGCGTAGATATG,1
CAACAGCTCAAATTGC,1
CAACAGCTCAACTTTC,1
CAACAGCTGTTTATTG,1
CAACAGGACAAGCTTG,1
CAACAGGACACCCTAC,1
CAACAGGATATCATTA,1
CAACAGGCAGATCGAC,1
CAACAGGGCCAGGTGT,1
CAACAGGGTCCATCGT,1
CAACAGGTCTACGGTC,1
CAACAGTAACGACACA,1
CAACAGTACAACCTTC,1
CAACAGTACCGACAAA,1
CAACAGTAGTAAGCTA,1
CAACAGTATAACCTCT,1
CAACAGTATACTCTCA,1
CAACAGTCCAAGTACA,1
CAACAGTCGGTCATAT,1
CAACATAAAAAAATAT,1
CAACATAAAAACAAGA,1
CAACATAAAACTGATA,1
CAACATAAATATCTAT,1
CAACATAACAACCATA,1
CAACATAACTTACTGT,1
CAACATAACTTCGAAT,1
CAACATAAGAAGAAGA,1
CAACATACTTTCACTG,1
CAACATAGAAACAACG,1
CAACATAGAAAGAACA,1
CAACATAGAAGCAACA,1
CAACATATAGCGTACC,1
CAACATATAGGAAACT,1
CAACATATCCTTGGAA,1
CAACATCAAACGATGA,1
CAACATCAAGCACTCA,1
CAACATCAATAAATAG,1
CAACATCAATACATAC,1
CAACATCAGCCATTAG,1
CAACATCATCCAGAGT,1
CAACATCATCGCCATG,1
CAACATCCAACCTACC,1
CAACATCCCGAAAAAA,1
CAACATCCCGTATACG,1
CAACATCGAGAACTCA,1
CAACATCGAGCAATCA,1
CAACATCGATCACTCA,1
CAACATCGGACCTAAT,1
CAACATCGGGCACTCA,1
CAACATCGTACCTAGT,1
CAACATCGTACCTGAT,1
CAACATCTAGCACTCA,1
CAACATCTGAACTCCC,1
CAACATCTTAGACCAC,1
CAACATCTTGGTCTAT,1
CAACATGAAAAGTAGA,1
CAACATGAAAATAAGA,1
CAACATGAAACCTCAC,1
CAACATGAACAATACA,1
CAACATGATCAAAATC,1
CAACATGCGAAATACA,1
CAACATGCTGATCCTA,1
CAACATGTAAATTAGA,1
CAACATGTTTCAATAT,1
CAACATTACCGACACA,1
CAACATTAGCAGGCCA,1
CAACATTAGCCTAAAG,1
CAACATTAGGAGGCCC,1
CAACATTATAATTCTA,1
CAACATTCACGAAATA,1
CAACATTGAGCACTCA,1
CAACATTGCCTTAACA,1
CAACATTTTTGCTGCT,1
CAACCAAAACAGGCCT,1
CAACCAAAAGAGACCC,1
CAACCAAAATATCACA,1
CAACCAAACCACATTC,1
CAACCAAAGTACATTA,1
CAACCAACGCTAACAG,1
CAACCAACTAAATTTT,1
CAACCAAGACAGCAAG,1
CAACCAAGATCCAAGC,1
CAACCAATCAAATTCG,1
CAACCAATCCATTTAA,1
CAACCAATCTAGCAAA,1
CAACCAATTGACCTGG,1
CAACCACAAGACACCC,1
CAACCACAAGAGACCA,1
CAACCACCTCAATAAG,1
CAACCACTAATGGTCG,1
CAACCACTAGGTCTCC,1
CAACCACTATATTCAA,1
CAACCAGAATGACAAC,1
CAACCAGCTATGCCGG,1
CAACCAGGGATTCCGC,1
CAACCAGTAGCTTAAA,1
CAACCAGTTTTTCGGC,1
CAACCATAAAATGCCT,1
CAACCATACAATGCCC,1
CAACCATACAATTCCT,1
CAACCATACTTAGTTA,1
CAACCATAGACGTGTT,1
CAACCATATATCCAAC,1
CAACCATCATAATAAA,1
CAACCATCCAGTTGCT,1
CAACCATCTTAGAGTC,1
CAACCATGACAACCAT,1
CAACCATGACAGCAAT,1
CAACCATGGTCAGATA,1
CAACCATGTTAAGATA,1
CAACCATTCATATGCC,1
CAACCCAAATGCGAGG,1
CAACCCAAGTTTAACC,1
CAACCCAATATTTTTA,1
CAACCCACAAAGTTCT,1
CAACCCACATCACATG,1
CAACCCACGACAGCAT,1
CAACCCACGACATCAG,1
CAACCCACGATAGCAG,1
CAACCCACTACAGCAG,1
CAACCCAGAAGTTTGG,1
CAACCCAGACTACACC,1
CAACCCAGACTAGGCA,1
CAACCCATAACCACAG,1
CAACCCATAATGTGAA,1
CAACCCATACGAGGCA,1
CAACCCCAAGATACAC,1
CAACCCCAGAGAATGG,1
CAACCCCAGCCGAGCA,1
CAACCCCAGTCCGAGA,1
CAACCCCCAGCCTGAC,1
CAACCCCCATTACTAG,1
CAACCCCCGACTCGGA,1
CAACCCCTAAATCGGA,1
CAACCCCTAGTAAGTG,1
CAACCCCTGTTTATTG,1
CAACCCGAACTTTACA,1
CAACCCGCGGAGAGAA,1
CAACCCGGAATGAGGG,1
CAACCCGTTATCACTA,1
CAACCCTAAACCGCCT,1
CAACCCTAAACCGCTC,1
CAACCCTAAACTGCCC,1
CAACCCTAAAGAACTA,1
CAACCCTAACTTTACC,1
CAACCCTAATGAAACC,1
CAACCCTCAAAGTACT,1
CAACCCTGAACCGCCC,1
CAACCCTTAAACATAG,1
CAACCCTTAAAGCACC,1
CAACCCTTTGCACAGC,1
CAACCGAAGAGAGTAG,1
CAACCGACCATATTCA,1
CAACCGACCTGTTCCC,1
CAACCGACTAACTTAA,1
CAACCGAGAACGGTTC,1
CAACCGAGCTTACCCT,1
CAACCGAGGTAACGAT,1
CAACCGATGTTTATTG,1
CAACCGCAGGGAATGC,1
CAACCGCATATCTCAC,1
CAACCGCATCAGACTA,1
CAACCGCCCGTAAGGC,1
CAACCGCCGACCTCGC,1
CAACCGCCTTCACCGA,1
CAACCGCGACTCACCA,1
CAACCGCTCACTAAAT,1
CAACCGCTCACTTAAT,1
CAACCGCTCTTCTCGC,1
CAACCGCTCTTTATTG,1
CAACCGCTGTTCATTG,1
CAACCGCTGTTTAATG,1
CAACCGCTGTTTACTG,1
CAACCGCTGTTTATAG,1
CAACCGCTTGGCAGCC,1
CAACCGCTTTTTATTG,1
CAACCGGAGAGAACAA,1
CAACCGGCAGTCACCC,1
CAACCGGGGCTGCAAC,1
CAACCGGGTACACAAT,1
CAACCGGGTCCGCAAC,1
CAACCGGGTCCGCAAT,1
CAACCGTGAATCACCA,1
CAACCGTGACCCACCA,1
CAACCGTGACTAACCA,1
CAACCGTGACTCAACA,1
CAACCGTGACTCACAA,1
CAACCGTGACTCACCG,1
CAACCGTGACTCACGA,1
CAACCGTGACTCATCA,1
CAACCGTGACTCGCCA,1
CAACCTAAAAGGTGTT,1
CAACCTAAACGGACCC,1
CAACCTAAAGATAACT,1
CAACCTAAATGGACAC,1
CAACCTAAATGGAGCC,1
CAACCTAAATGGGCCC,1
CAACCTAACACCAAGT,1
CAACCTAACACTAAAA,1
CAACCTAAGAGGTGCT,1
CAACCTAAGAGGTTTT,1
CAACCTAAGCCGAGCA,1
CAACCTAAGTGGACCC,1
CAACCTACCAACAACC,1
CAACCTACGGATATTA,1
CAACCTACTAACTTAC,1
CAACCTAGAAGTTTGT,1
CAACCTAGATGGACCC,1
CAACCTAGGAGGTGTT,1
CAACCTATACAGATGT,1
CAACCTATATGAAACT,1
CAACCTCCCGTATAAG,1
CAACCTCCCGTATACT,1
CAACCTCGATCACATT,1
CAACCTCGGCCGAGCA,1
CAACCTCTAATTGTCA,1
CAACCTCTACAAAACA,1
CAACCTCTCACTGAAT,1
CAACCTCTGTTTATTG,1
CAACCTGCGGTAGGAC,1
CAACCTGCGGTAGGCA,1
CAACCTGCGGTATGCC,1
CAACCTGGCAGTGGAC,1
CAACCTGGTCCACAAT,1
CAACCTGTACATCAAA,1
CAACCTGTCACTCACT,1
CAACCTTAAAAATAAG,1
CAACCTTCACCCGAAG,1
CAACCTTCTAAGATAC,1
CAACCTTGACTCACCA,1
CAACGAAAACCTGAAG,1
CAACGAAACAATTAAG,1
CAACGAAACAATTCAG,1
CAACGAACGATAACTC,1
CAACGAAGAATAGTGA,1
CAACGAAGATTTCCTA,1
CAACGAAGGTGCCAAG,1
CAACGAATAAAGGTGG,1
CAACGAATACCTTAAC,1
CAACGAATCCATATAT,1
CAACGAATCCCTAAAA,1
CAACGAATGCCTTAAC,1
CAACGACATCGGCGAG,1
CAACGACCAACTTGAA,1
CAACGACCCTTTCACT,1
CAACGACTAACACCAA,1
CAACGACTAACGAGAA,1
CAACGACTAAGGTAAC,1
CAACGACTATAGAGAA,1
CAACGACTATCTAGAA,1
CAACGACTCCAGAACA,1
CAACGACTGCAGAAAA,1
CAACGACTGCGGAACA,1
CAACGACTTCAACACC,1
CAACGACTTCAGAACA,1
CAACGACTTCGACACT,1
CAACGAGAAAAAACTA,1
CAACGAGCGACTCACC,1
CAACGAGTATGGAGTA,1
CAACGAGTCTGGAGTG,1
CAACGATAAAAGAAAT,1
CAACGATAAGCTGATG,1
CAACGATACATTATTA,1
CAACGATCACGTGGAA,1
CAACGATCACGTTGCA,1
CAACGATCACTTTGCT,1
CAACGATCCAAGACCG,1
CAACGATCTCGAAAAA,1
CAACGATCTTGAAGCA,1
CAACGATGCTCAGAGA,1
CAACGATGCTCGGAGC,1
CAACGATGCTGATCCA,1
CAACGATGGGAAAAAA,1
CAACGATGGGAGGAAA,1
CAACGATGTGCTCGAA,1
CAACGATGTGGCAGTA,1
CAACGATTACAATCAC,1
CAACGATTTATACCGA,1
CAACGATTTCAAAAAA,1
CAACGATTTCAATAAC,1
CAACGATTTCGAAGAA,1
CAACGATTTCGCAAAA,1
CAACGATTTCGGAAAA,1
CAACGATTTCTAAAAA,1
CAACGCAACACAACCC,1
CAACGCAATTAGGAGT,1
CAACGCAATTCCACCC,1
CAACGCACAAAGGTGG,1
CAACGCACCCCACATG,1
CAACGCAGAAATCAAC,1
CAACGCAGCATTACAG,1
CAACGCATAAATGTGG,1
CAACGCATGAAGGTGG,1
CAACGCATGATCCAGT,1
CAACGCATGGCGCGTT,1
CAACGCCTACAATGAG,1
CAACGCCTCGATCTTA,1
CAACGCCTGAATAAAA,1
CAACGCGAGGCCAAAC,1
CAACGCGCCAAAACCT,1
CAACGCGGCTAATGCA,1
CAACGCTAAACCAATA,1
CAACGCTATGACAACG,1
CAACGCTATTAATAAC,1
CAACGCTCACGGCTTG,1
CAACGCTCACTACAGG,1
CAACGCTCCTAATGCA,1
CAACGCTCTAACGGAC,1
CAACGCTGAAAAGTCG,1
CAACGCTGAGCGCAGC,1
CAACGCTGATGATCCA,1
CAACGCTGCTGTTCCA,1
CAACGCTTTGCAGGAT,1
CAACGGACAACAATCA,1
CAACGGACGCACATGG,1
CAACGGACTATAACTC,1
CAACGGAGCCACGACA,1
CAACGGCAAAATCATC,1
CAACGGCAGATGGACA,1
CAACGGCCAGCTGTAA,1
CAACGGCCATGCAAAC,1
CAACGGGGTAGAGTGT,1
CAACGGTAAAGACAAT,1
CAACGGTATAGCCTCT,1
CAACGGTATGACCTCT,1
CAACGGTCGTCACAGT,1
CAACGTAAATATATAT,1
CAACGTAAATATCAAT,1
CAACGTAAATGTCTAT,1
CAACGTAAATTTCAGC,1
CAACGTAAGACGAAGA,1
CAACGTAAGTATCTAT,1
CAACGTAATCAATTAA,1
CAACGTACAACGAAGA,1
CAACGTACGACGAATA,1
CAACGTACTAAATGCA,1
CAACGTACTACGAAGA,1
CAACGTAGCCTAGGAC,1
CAACGTCAAAATACTA,1
CAACGTCAAATGGACA,1
CAACGTCAACGCTGGA,1
CAACGTCACCGACAAC,1
CAACGTCCACTTAAGT,1
CAACGTCGACTATTGG,1
CAACGTCTTCTTGGAA,1
CAACGTCTTTACCTTC,1
CAACGTGCCGAATATA,1
CAACGTGCGAAATAGA,1
CAACGTGCGACGAAGA,1
CAACGTGCGAGATACA,1
CAACGTGGCCTAAGAC,1
CAACGTGGCCTAGGAA,1
CAACGTGGCCTAGTAC,1
CAACGTGGCTATCGGC,1
CAACGTGGCTTAGGAC,1
CAACGTGTAAGTATAT,1
CAACGTGTCCTAGGAC,1
CAACGTGTGAATTAAT,1
CAACGTGTTACTTAAT,1
CAACGTTAAAATGGTC,1
CAACGTTAATATTAAA,1
CAACGTTAGCCTGCAG,1
CAACGTTAGTTGGGGA,1
CAACGTTATCGGAATG,1
CAACGTTCAAGACAAC,1
CAACGTTCCCTAGAGC,1
CAACGTTTAATGGCGC,1
CAACGTTTGTACATAG,1
CAACTAAAAACTAGCT,1
CAACTAAACCATGCAT,1
CAACTAAACTTATGCT,1
CAACTAAACTTTAACT,1
CAACTAAACTTTCACA,1
CAACTAAAGCAAGAGT,1
CAACTAAAGTCTATAA,1
CAACTAAATAACACCT,1
CAACTAAATACCGCCT,1
CAACTAAATGCCGGAA,1
CAACTAAATTCCCCTC,1
CAACTAAATTCCTGGA,1
CAACTAACAAACATTA,1
CAACTAACATTAATCA,1
CAACTAACCAAATTTT,1
CAACTAACCCATCATA,1
CAACTAACGACTGAGA,1
CAACTAACTAAATTTA,1
CAACTAACTAAATTTC,1
CAACTAAGCATTCAAT,1
CAACTAAGGTCCATCC,1
CAACTAATATATCAAA,1
CAACTAATATATCAAT,1
CAACTAATCACATAAA,1
CAACTAATCTGCGTTC,1
CAACTAATGATTAGGG,1
CAACTAATTGACCAGC,1
CAACTACAAAAAGACA,1
CAACTACAAATCTCAC,1
CAACTACAACATGCAT,1
CAACTACACAATGCAT,1
CAACTACACCATGAAT,1
CAACTACACCATGGAT,1
CAACTACACCTGCTTA,1
CAACTACCATTTCATG,1
CAACTACGACAATACC,1
CAACTACTATCGAGAA,1
CAACTAGAAAAAATGT,1
CAACTAGAAATTAATA,1
CAACTAGAAGCCTTAC,1
CAACTAGAAGGTCACA,1
CAACTAGAGAAAAAAA,1
CAACTAGAGATAATAA,1
CAACTAGATCCCAAAT,1
CAACTAGGATTTTGAG,1
CAACTAGTCAAACACA,1
CAACTATAGAAAATAA,1
CAACTATAGGCCTAAG,1
CAACTATCTCTGTGTT,1
CAACTATGAACACACG,1
CAACTATGTGCTAACC,1
CAACTATTAATCCACC,1
CAACTATTATCCCACA,1
CAACTATTTCAATCAC,1
CAACTCAAGTGCGAGG,1
CAACTCAATCCTTACA,1
CAACTCACCGAATGAT,1
CAACTCACCGACTGGT,1
CAACTCACCGACTTAT,1
CAACTCACCTACTGAT,1
CAACTCAGAATTCAAT,1
CAACTCAGCATTCAAC,1
CAACTCAGCTAATTTT,1
CAACTCATAAAGGTGG,1
CAACTCATTTACAGAG,1
CAACTCCAAGATCGCG,1
CAACTCCAATCTAACA,1
CAACTCCACTTTAGAA,1
CAACTCCCATCCGTTT,1
CAACTCCCTGGTACAC,1
CAACTCGACCGGGCCA,1
CAACTCGACCGTACCA,1
CAACTCGACCTGACCA,1
CAACTCGCAGGGGAAA,1
CAACTCGCCTAATGCA,1
CAACTCGCGGCCATAA,1
CAACTCGGTGTTGACC,1
CAACTCTACGCGAACT,1
CAACTCTAGGAAAATG,1
CAACTCTCACTACCGG,1
CAACTCTCAGCGAACT,1
CAACTCTCCGAGAACT,1
CAACTCTCGGCGAACT,1
CAACTCTGAACACATG,1
CAACTCTGGCTTCTAA,1
CAACTCTGTCCTCTAA,1
CAACTCTGTGCGACAT,1
CAACTCTGTTGCATAA,1
CAACTCTTTAAGGCCT,1
CAACTGAAGACTCCAA,1
CAACTGACAAGAGTTA,1
CAACTGACAATCTTCA,1
CAACTGACATGGAACA,1
CAACTGACCCGGAACA,1
CAACTGACCCTCGGCC,1
CAACTGACCTAGAACA,1
CAACTGACCTCGAACA,1
CAACTGACCTGAAACA,1
CAACTGACCTTGAACA,1
CAACTGACGTGGAACA,1
CAACTGACTAAATTTT,1
CAACTGAGGATGAATG,1
CAACTGAGTTAATTTA,1
CAACTGATCACTTAAC,1
CAACTGATTGAACAGC,1
CAACTGATTGACCATC,1
CAACTGCAACATCGCG,1
CAACTGCAAGATCGTG,1
CAACTGCAATATCGCG,1
CAACTGCGTTAATACC,1
CAACTGCTCAACAACC,1
CAACTGGAAGATCGCG,1
CAACTGGGACCACAAA,1
CAACTGTAATTAAAAA,1
CAACTGTACCCCATTC,1
CAACTGTATAACCTCT,1
CAACTGTCACAACATT,1
CAACTGTGAAATTTTG,1
CAACTGTGGCAGAAAC,1
CAACTGTTCCTAATCA,1
CAACTTAAATGCTGAT,1
CAACTTAAGGAAAATG,1
CAACTTACAACGATTT,1
CAACTTACGACGAAGA,1
CAACTTACTAGAGTCT,1
CAACTTATAGGAAACT,1
CAACTTATTGACCAGC,1
CAACTTCACAGATGTG,1
CAACTTCATTGGGAGT,1
CAACTTCGTACCTAAT,1
CAACTTCGTGAATACC,1
CAACTTCTATAAACTG,1
CAACTTCTCACTCACT,1
CAACTTGATCCAGTGT,1
CAACTTGCCTTATATG,1
CAACTTGCGAAATACA,1
CAACTTGGCCTAGGAC,1
CAACTTGTCACTGACT,1
CAACTTGTGAAGCGGC,1
CAACTTTAAAACAAAA,1
CAACTTTAAAAGAAAG,1
CAACTTTAATAAAATA,1
CAACTTTAGCTCCTAG,1
CAACTTTATAAAATTA,1
CAACTTTATTTGGGGA,1
CAACTTTTCACTCACT,1
CAAGAAAAAAAGCGAT,1
CAAGAAAAAAAGCTTT,1
CAAGAAAAAAATTAAA,1
CAAGAAAAAAATTTAC,1
CAAGAAAAAGGTTTAG,1
CAAGAAAAATAGCGTT,1
CAAGAAAAATTCCTTG,1
CAAGAAAACACATTCC,1
CAAGAAAAGATGCAGT,1
CAAGAAAATAGCTGTT,1
CAAGAAACAAACCCGA,1
CAAGAAACAATCAGAC,1
CAAGAAACAATCAGAT,1
CAAGAAACGATGAAGT,1
CAAGAAACGATGCAGA,1
CAAGAAACGATGCTGT,1
CAAGAAACTAAACCGA,1
CAAGAAACTAACCAGA,1
CAAGAAACTAACCCTA,1
CAAGAAACTAATCCGA,1
CAAGAAACTATGCAGT,1
CAAGAAAGGATGCAGT,1
CAAGAAAGGGTCCGAG,1
CAAGAAAGTAACCCGA,1
CAAGAAATAAATGCAA,1
CAAGAAATACATTGGA,1
CAAGAAATAGACAAAC,1
CAAGAAATAGGACCAA,1
CAAGAAATCAAACCCA,1
CAAGAAATCCCTCCAC,1
CAAGAAATGCTAGTTA,1
CAAGAACAAATTAGAA,1
CAAGAACACAGAATAA,1
CAAGAACAGGACAATG,1
CAAGAACAGTGAGCAT,1
CAAGAACATCCATTCA,1
CAAGAACCACAAACAG,1
CAAGAACCACCACTTG,1
CAAGAACCCCACATAT,1
CAAGAACGAAATTTAC,1
CAAGAACGGAATATGG,1
CAAGAACTATAATTGG,1
CAAGAAGAAAAGCGTT,1
CAAGAAGAAAATGCCT,1
CAAGAAGAACATTAAA,1
CAAGAAGATTATCAAC,1
CAAGAAGCATCGATAT,1
CAAGAAGCGATCCCAA,1
CAAGAAGCTAACACAA,1
CAAGAAGTATAATTAA,1
CAAGAATAAAGTCAAA,1
CAAGAATAATGACTGA,1
CAAGAATACTGGCTGA,1
CAAGAATAGCTACAAT,1
CAAGAATAGGACGAAA,1
CAAGAATATCAGTCTA,1
CAAGAATATCTACAAG,1
CAAGAATCATCCAACT,1
CAAGAATCGAATGCTA,1
CAAGAATGAAGGTTAC,1
CAAGAATGCTAATTGA,1
CAAGAATGCTCTGAAC,1
CAAGAATTATACAATA,1
CAAGAATTATTGGGGT,1
CAAGAATTGAATACTA,1
CAAGACAATCATAATA,1
CAAGACAATGACTATT,1
CAAGACACCAAATGAC,1
CAAGACACGAGGCCTG,1
CAAGACACGCAGCGTT,1
CAAGACACTTAGATAA,1
CAAGACAGTTAGTACT,1
CAAGACATGAGATGAG,1
CAAGACATGCGATCTA,1
CAAGACATGTGTAGCC,1
CAAGACATGTGTCCCG,1
CAAGACATTTGTAGCA,1
CAAGACATTTGTATCC,1
CAAGACCAAACACAGG,1
CAAGACCAAACTGTAA,1
CAAGACCACATTTTCA,1
CAAGACCACCTAGCGT,1
CAAGACCACTTCGTTA,1
CAAGACCAGAGAATAA,1
CAAGACCATGTACCCG,1
CAAGACCATTAGAAGC,1
CAAGACCCAAGTGGTG,1
CAAGACCCAAGTTATG,1
CAAGACCCAATTGATG,1
CAAGACCCAGACGTCG,1
CAAGACCCGGACGTCG,1
CAAGACCGACGCACCT,1
CAAGACCGACTCTATA,1
CAAGACCGCATCAAGA,1
CAAGACCTGCTGACAC,1
CAAGACCTTGTAGCGT,1
CAAGACGACGACCATA,1
CAAGACGAGGGCTGTA,1
CAAGACGCATATTGGA,1
CAAGACGCCTCTTGTA,1
CAAGACGCTTTGATCT,1
CAAGACGGAGAAAGAG,1
CAAGACGGAGAACGAT,1
CAAGACGTAGAACGAG,1
CAAGACTAAAGCATGA,1
CAAGACTACTAATTGA,1
CAAGACTACTGATGGA,1
CAAGACTGACAGTATT,1
CAAGACTGATAATTGA,1
CAAGACTGGTAATTGA,1
CAAGACTTCTAATTGA,1
CAAGACTTGTTCAGTC,1
CAAGACTTTTACTGTC,1
CAAGAGAAAACCTGCC,1
CAAGAGAAAAGTACAT,1
CAAGAGAAAAGTCAAT,1
CAAGAGAAAAGTCTAT,1
CAAGAGAAAATTCCAT,1
CAAGAGAAAGTCCAAT,1
CAAGAGAAATAACCTA,1
CAAGAGAAATGGTGAT,1
CAAGAGAAGACGAAGT,1
CAAGAGAAGGGCGCAC,1
CAAGAGACCGGCTTCC,1
CAAGAGACGAAAACAT,1
CAAGAGACGATGCAGT,1
CAAGAGAGTCTAACTA,1
CAAGAGCAAGCCCTAC,1
CAAGAGCCCCACAGGA,1
CAAGAGCGCATTAAGG,1
CAAGAGCGTGCGCATG,1
CAAGAGCTGTATAAGA,1
CAAGAGCTTTACGCAA,1
CAAGAGGAACATTGAA,1
CAAGAGGACAACACAG,1
CAAGAGTATAATTTAA,1
CAAGAGTGACCATCAC,1
CAAGAGTGACGAGCAC,1
CAAGAGTTCATATTAT,1
CAAGAGTTTACGGAAT,1
CAAGAGTTTTACACCT,1
CAAGAGTTTTAGGTCG,1
CAAGATAACAACAAAA,1
CAAGATAACAAGGAGT,1
CAAGATAACCCCCCCC,1
CAAGATAAGACCACGC,1
CAAGATAATAACAACG,1
CAAGATAATATGTAAT,1
CAAGATACAACGTTTT,1
CAAGATACATTTCCCA,1
CAAGATACCAGGGCAT,1
CAAGATACTAACCCGA,1
CAAGATACTAACGTTC,1
CAAGATACTGCTTCCC,1
CAAGATACTGCTTCCG,1
CAAGATAGGAGGTTCC,1
CAAGATAGGTGCCGGG,1
CAAGATATGGACGCTC,1
CAAGATATTCACACCA,1
CAAGATATTGACACTC,1
CAAGATATTGACGCTA,1
CAAGATATTTACGCTC,1
CAAGATCAAAGCAACC,1
CAAGATCAGCAAGACG,1
CAAGATCAGCAATCCG,1
CAAGATCAGCCAGCCG,1
CAAGATCATCAAGCCG,1
CAAGATCCACTGACTA,1
CAAGATCCATCACTCC,1
CAAGATGCAGATGTCC,1
CAAGATGCCCGGGTTT,1
CAAGATGCCGATATCC,1
CAAGATGCCGATGTAC,1
CAAGATGCCGATTTCC,1
CAAGATGCGGATGTCC,1
CAAGATGCTAATCCTA,1
CAAGATGCTGATGTCC,1
CAAGATGGAATACACA,1
CAAGATGTCCTCTATG,1
CAAGATGTGCTCTATT,1
CAAGATGTGGATCATA,1
CAAGATTACCCTTGCC,1
CAAGATTAGGGAGGTA,1
CAAGATTATCATTGCC,1
CAAGATTCCGATGTCC,1
CAAGATTCTCCAGAAT,1
CAAGATTGATAAAATA,1
CAAGATTGCAACCGCG,1
CAAGATTGTACTACCA,1
CAAGATTTGAAAAGAT,1
CAAGCAAAAGCATTTG,1
CAAGCAAACAGGCCCA,1
CAAGCAACACAAGGGT,1
CAAGCAACTGCAAAAC,1
CAAGCAAGACTGGAAT,1
CAAGCAAGTCTCGTTC,1
CAAGCACAAAACATAC,1
CAAGCACCATCCAACT,1
CAAGCACGACCCAGAA,1
CAAGCACGACCCCGGA,1
CAAGCACGACGAGATC,1
CAAGCACGACGATGTT,1
CAAGCACTACTAAAAA,1
CAAGCACTTAAAGCGA,1
CAAGCACTTTCTGAGT,1
CAAGCAGACATAAAGA,1
CAAGCAGCGAGATATA,1
CAAGCAGCTATGCCAG,1
CAAGCAGTGCAACTTT,1
CAAGCATAAACGTAAA,1
CAAGCATAGAATGACA,1
CAAGCATAGACATGTT,1
CAAGCATATCGAGAAC,1
CAAGCATCACCCAACT,1
CAAGCATCATCCAGCT,1
CAAGCATCATCTAACT,1
CAAGCATCCCCATCCT,1
CAAGCATCCCCATCTT,1
CAAGCATGAGGGCTCA,1
CAAGCATGCGGGCTAA,1
CAAGCATGGGGGCTCA,1
CAAGCATGTTCATCTA,1
CAAGCATTATAACCCA,1
CAAGCATTTTCTGAGT,1
CAAGCCAACACGCCCA,1
CAAGCCAACAGGCCAA,1
CAAGCCAACAGGCCCG,1
CAAGCCAACAGGTCCA,1
CAAGCCAAGCAAACAA,1
CAAGCCACAATCGATA,1
CAAGCCACCAACGACT,1
CAAGCCATTTTAAACT,1
CAAGCCCAAGCCCTCG,1
CAAGCCCACCCTACAC,1
CAAGCCCACGAAACTT,1
CAAGCCCAGAGTAGCC,1
CAAGCCCATACATCGG,1
CAAGCCCATACCTCTG,1
CAAGCCCCACGATGTT,1
CAAGCCCCAGTAAAGG,1
CAAGCCCGTATAATGG,1
CAAGCCCGTATCATTG,1
CAAGCCGACGACTATA,1
CAAGCCGACTACCATA,1
CAAGCCTAAGACAAAG,1
CAAGCCTACGACCATA,1
CAAGCCTTAAAGCAAC,1
CAAGCCTTAAAGCACA,1
CAAGCCTTATCGTGCA,1
CAAGCCTTCGAATTAG,1
CAAGCCTTGTTCAGTA,1
CAAGCGAAGAAGCACA,1
CAAGCGAATCATGACA,1
CAAGCGACCAGCTTCC,1
CAAGCGACCGCCTTCC,1
CAAGCGACCGGATTCC,1
CAAGCGACCGGCCTCC,1
CAAGCGACCGGCTTCT,1
CAAGCGACCGTCTTCC,1
CAAGCGAGACATTACG,1
CAAGCGAGTTTGAAAT,1
CAAGCGCAAAAGATCG,1
CAAGCGCGACGATGTT,1
CAAGCGGCTTATCCAC,1
CAAGCGGTAAGACCTC,1
CAAGCGTGCGGGCTCA,1
CAAGCGTTCACAACTT,1
CAAGCGTTGAAAACTT,1
CAAGCGTTTACAACTT,1
CAAGCTAAAAAGCACA,1
CAAGCTAAAGAATGTG,1
CAAGCTAAAGGGACCC,1
CAAGCTAAATTCTTCT,1
CAAGCTAATGGCAGCG,1
CAAGCTACAAACGACT,1
CAAGCTACATTTACCA,1
CAAGCTACCAAAGACT,1
CAAGCTACCAAATGAT,1
CAAGCTACCAACTACT,1
CAAGCTACCGGCTTCC,1
CAAGCTATAGAATATG,1
CAAGCTATATAATGTG,1
CAAGCTCACATCCCTC,1
CAAGCTCAGCACAACC,1
CAAGCTCGTTCTAAAC,1
CAAGCTGCGGTAGGCC,1
CAAGCTGGTATTGGTT,1
CAAGCTTAAAAATGAA,1
CAAGCTTACTTCGAAT,1
CAAGCTTACTTTTAAT,1
CAAGCTTAGTTTGAAT,1
CAAGCTTATAGGGACT,1
CAAGCTTCAGTATTTT,1
CAAGCTTCATACCAGT,1
CAAGCTTTAACGATGG,1
CAAGCTTTGACAACTT,1
CAAGGAAAGTACAATC,1
CAAGGAAATAACTCAA,1
CAAGGAACAACTATTT,1
CAAGGAACGACGATTT,1
CAAGGAACTCTAGATC,1
CAAGGAAGACCGGAAT,1
CAAGGAAGACTGGAAA,1
CAAGGAAGAGTGTCGA,1
CAAGGAAGATTTCCCC,1
CAAGGAATAGACGTAC,1
CAAGGACAAATTCCCA,1
CAAGGACCAGCATATT,1
CAAGGACGAGCCAAAG,1
CAAGGAGAAAATTAAA,1
CAAGGAGAAACATCAG,1
CAAGGAGATGAGAACA,1
CAAGGAGGTAACGGTT,1
CAAGGAGTACACCGGG,1
CAAGGAGTGAGCCCAG,1
CAAGGAGTTGCGTAAA,1
CAAGGATTCCTACACA,1
CAAGGATTGATACACA,1
CAAGGATTGATACCGA,1
CAAGGCAAAGCCATTA,1
CAAGGCAAGAAGACAA,1
CAAGGCACTTCTAACA,1
CAAGGCAGTCTCGTTC,1
CAAGGCATTGCTTAAC,1
CAAGGCCAAAGGACCA,1
CAAGGCCAACTTATAG,1
CAAGGCCAGAATACAA,1
CAAGGCCATTAAAACC,1
CAAGGCCATTGAAAAC,1
CAAGGCCATTGAAACA,1
CAAGGCGAATAAGTAC,1
CAAGGCGACAAAGACG,1
CAAGGCGCAAACCATC,1
CAAGGCGTAAACTATC,1
CAAGGCTCGCCTATAA,1
CAAGGGAAAGGTCCCT,1
CAAGGGAACCCGAACG,1
CAAGGGAACGGTCCAT,1
CAAGGGAACGTTCCCT,1
CAAGGGAACTGTCCCT,1
CAAGGGAAGTCAAAAT,1
CAAGGGAGACTGGAAT,1
CAAGGGATCCGTATCA,1
CAAGGGCAACCGAACG,1
CAAGGGCACCGGAACG,1
CAAGGGCCTGACAATA,1
CAAGGGCCTTAGTACA,1
CAAGGGCGTTGGGTTA,1
CAAGGGCTCGACCAGC,1
CAAGGGGTTAACACTT,1
CAAGGGTAGATGCACC,1
CAAGGGTGACGGTCGG,1
CAAGGGTTTAACACTG,1
CAAGGTAACCAACTCA,1
CAAGGTACACGAATCT,1
CAAGGTACATAGACTA,1
CAAGGTAGACTGGAAT,1
CAAGGTCACCCGAACG,1
CAAGGTCCCTAACTAG,1
CAAGGTCCTAACAATA,1
CAAGGTCGAGCCAAAG,1
CAAGGTGAAACTAACC,1
CAAGGTGAACGACGCG,1
CAAGGTGACATTCATG,1
CAAGGTGGCCATATCA,1
CAAGGTTAACAATGAA,1
CAAGGTTACTAAACCC,1
CAAGGTTATAACCGAC,1
CAAGGTTGAACCCTAC,1
CAAGGTTGAACCTTAC,1
CAAGGTTTATCAATAC,1
CAAGGTTTGTAACATG,1
CAAGTAAACCCTAATG,1
CAAGTAACAACTACTG,1
CAAGTAACATAAGGAA,1
CAAGTAACTTGGATGA,1
CAAGTAAGGTATAGCA,1
CAAGTAAGTTCCCATG,1
CAAGTAATCCTCCATG,1
CAAGTAATGCAAAAAA,1
CAAGTACAGAGCGTTT,1
CAAGTACAGCGATGTT,1
CAAGTACATAACAAAT,1
CAAGTACCAAGAAGCC,1
CAAGTACCCAGATGAA,1
CAAGTACGCTAAGAAG,1
CAAGTACGGGTAAATT,1
CAAGTACGGTACTTAC,1
CAAGTACTAAGTGATG,1
CAAGTACTAAGTGCTC,1
CAAGTACTAAGTTCTG,1
CAAGTACTAATTGCTG,1
CAAGTACTGAGTGCTG,1
CAAGTAGAAAATCACC,1
CAAGTAGCAAACTAGA,1
CAAGTAGCGAACTACA,1
CAAGTAGGATCCAAAT,1
CAAGTAGGATTAGGAT,1
CAAGTAGGTGGCGATA,1
CAAGTAGTAGCTATGT,1
CAAGTATAATTAACGA,1
CAAGTATACAGTAGTA,1
CAAGTATAGACGTGTT,1
CAAGTATATCTAAGAG,1
CAAGTATATCTCGGAG,1
CAAGTATATTCTTATC,1
CAAGTATCATAGCATT,1
CAAGTATCGAGTAGTA,1
CAAGTATTAGATTACC,1
CAAGTATTCTAGGTTA,1
CAAGTATTGCTACACA,1
CAAGTATTTACTTCTT,1
CAAGTCAAACCTGTTC,1
CAAGTCACACGTGGAT,1
CAAGTCACGCATGGAT,1
CAAGTCAGCTAGAGAC,1
CAAGTCAGGAATCACC,1
CAAGTCCAAATTTAAA,1
CAAGTCCAACTTTAAG,1
CAAGTCCAACTTTGAA,1
CAAGTCCAAGATATCC,1
CAAGTCCACATCTGGA,1
CAAGTCCAGAGATGTT,1
CAAGTCCAGCCAAGGC,1
CAAGTCCATACAAGGT,1
CAAGTCCGCCATTCCT,1
CAAGTCCGCTAGATAC,1
CAAGTCCGTATCATGG,1
CAAGTCCTCAGTTCAC,1
CAAGTCGAAGATGTCG,1
CAAGTCGCACACCTCA,1
CAAGTCTATTAAGTAA,1
CAAGTCTCACAACATT,1
CAAGTCTGAGTATGCA,1
CAAGTCTGTTAAATAA,1
CAAGTCTGTTTAACGA,1
CAAGTCTTCCATGAAA,1
CAAGTCTTGCACGAAA,1
CAAGTGAAGCCTCCCA,1
CAAGTGAGCAAAGCCT,1
CAAGTGATGTACAGCT,1
CAAGTGCCCCACACTA,1
CAAGTGCCCTAGTCGA,1
CAAGTGCCGCATGCCT,1
CAAGTGCGCCTTGTTA,1
CAAGTGCTGAGCCTCC,1
CAAGTGGAAGTCGTTT,1
CAAGTGGACCAATGGT,1
CAAGTGGTATACCATT,1
CAAGTGTAACAACATT,1
CAAGTGTACGTTAAAC,1
CAAGTGTACTGAACTG,1
CAAGTGTCCCACACGA,1
CAAGTGTCCCACATTA,1
CAAGTGTCCCAGACTA,1
CAAGTGTCCTACACTA,1
CAAGTTAACCACAAAC,1
CAAGTTACAAGTTAAC,1
CAAGTTAGGAACACTC,1
CAAGTTATACAAACTT,1
CAAGTTCCCTCGGTCA,1
CAAGTTCGTTCTAAAC,1
CAAGTTGAAAACCACA,1
CAAGTTGGCCCATTAT,1
CAAGTTGTAACGGCTC,1
CAAGTTGTTAGTTACC,1
CAAGTTGTTGGCTACC,1
CAAGTTGTTGGTTAAC,1
CAAGTTGTTGGTTACA,1
CAAGTTTACCTAGCAA,1
CAAGTTTAGCTAGCAG,1
CAAGTTTAGGAAGCGG,1
CAAGTTTAGGCAGAGG,1
CAAGTTTCACAACATT,1
CAAGTTTGACACATAC,1
CAATAAAAAAAGCGTT,1
CAATAAAAAAGGATTT,1
CAATAAAAAGCTTGGC,1
CAATAAAACCTTCACA,1
CAATAAAACTGAACTA,1
CAATAAAACTGCATTA,1
CAATAAAAGAACGATG,1
CAATAAAAGATTTATA,1
CAATAAAAGCGAGAGC,1
CAATAAAAGTGCACTA,1
CAATAAAATCCTGTGT,1
CAATAAAATTACCCCA,1
CAATAAAATTGTCATT,1
CAATAAACCCAACAAA,1
CAATAAACCCAATAAC,1
CAATAAACCTAACTGG,1
CAATAAACGCATCCGT,1
CAATAAAGCCTATGCT,1
CAATAAATACGTGAAA,1
CAATAAATACTTGCAA,1
CAATAAATAGAAACTG,1
CAATAAATGATATGTA,1
CAATAAATGTAAATAC,1
CAATAAATTAATGATA,1
CAATAAATTAATGCTG,1
CAATAAATTAATTCTA,1
CAATAACAAAGAGTAA,1
CAATAACAACCTGTGT,1
CAATAACAATACGTAT,1
CAATAACACTTGGAAA,1
CAATAACAGAAACTGA,1
CAATAACAGCGGGAGC,1
CAATAACATACTGTGT,1
CAATAACATAGGACCA,1
CAATAACATCCTCTGT,1
CAATAACATCCTTTGT,1
CAATAACCACAACCAG,1
CAATAACCAGAGACCA,1
CAATAACCCCGCCGCA,1
CAATAACCCCTATCTA,1
CAATAACCGTACTTAA,1
CAATAACTAACAGTCT,1
CAATAACTATACGGTG,1
CAATAACTCGGAATTA,1
CAATAACTTAGAAACT,1
CAATAAGAAATAATAG,1
CAATAAGACCATAACC,1
CAATAAGAGAGCTAAG,1
CAATAAGAGAGCTTAA,1
CAATAAGAGCAATTAT,1
CAATAAGATACTATCA,1
CAATAAGATAGCATCA,1
CAATAAGATGGTTTCA,1
CAATAAGCACACACTA,1
CAATAAGCCCATTGGC,1
CAATAAGCCTATCGGC,1
CAATAAGCCTATTGAC,1
CAATAAGCCTATTGTC,1
CAATAAGCCTATTTGC,1
CAATAAGCGCATACTA,1
CAATAAGCGTATTGGC,1
CAATAAGCTCACACTA,1
CAATAAGTAAGTACCT,1
CAATAAGTACTTACCT,1
CAATAAGTCAAATTGC,1
CAATAAGTTACGAAGG,1
CAATAATAAAGTCAGA,1
CAATAATAATTCTGGA,1
CAATAATACACTAAAC,1
CAATAATACGTCGAAT,1
CAATAATAGAGATTCC,1
CAATAATAGTAACATA,1
CAATAATAGTAATATC,1
CAATAATCAAGGTATC,1
CAATAATCAGGGATAA,1
CAATAATCATAACAAA,1
CAATAATCCGAAATTG,1
CAATAATCGCACACTA,1
CAATAATCGTGTTCTA,1
CAATAATCTACACTTT,1
CAATAATCTGGGATTA,1
CAATAATCTGGTATAA,1
CAATAATGGATCTCGC,1
CAATAATGTACAAAAC,1
CAATAATTAATATGTA,1
CAATAATTACCTACAT,1
CAATAATTAGACAATA,1
CAATAATTAGGAAGTC,1
CAATAATTATCAAAGC,1
CAATAATTATCATATA,1
CAATAATTATCCCATA,1
CAATAATTATTTGGGT,1
CAATAATTCAAATAGC,1
CAATAATTCACACTTT,1
CAATAATTGTACTTCA,1
CAATAATTTACAATTT,1
CAATAATTTATCTTCT,1
CAATACAAATAAAAAT,1
CAATACAAGATCTGAA,1
CAATACAATAAAAATA,1
CAATACAATACTTTAG,1
CAATACACAGAGACTA,1
CAATACACAGAGAGAG,1
CAATACACAGAGTTAG,1
CAATACACAGATTGAG,1
CAATACACATGATTTG,1
CAATACACCAACACTA,1
CAATACACCACCCGCG,1
CAATACACCCTGTATA,1
CAATACACTCAATACG,1
CAATACACTGTACCAA,1
CAATACAGGTAGAAGA,1
CAATACATAGAAAATG,1
CAATACATAGAAATTG,1
CAATACATCGAAGGTT,1
CAATACATGATTATCA,1
CAATACATGCTTGTCA,1
CAATACATTTTAGGAA,1
CAATACCAAAATTGAT,1
CAATACCAACAAACCC,1
CAATACCAGGGCATCC,1
CAATACCAGTACCATA,1
CAATACCATAAGTCAA,1
CAATACCATATCCTCT,1
CAATACCATGCGTCAA,1
CAATACCATTGGTGAC,1
CAATACCCAAAATTAG,1
CAATACCGAAAAGACT,1
CAATACCGTCTAAATG,1
CAATACCGTTACATTG,1
CAATACCTCTTTGTAC,1
CAATACCTGACGCACC,1
CAATACCTGAGAGAGA,1
CAATACCTTAATGACG,1
CAATACCTTACGCCAT,1
CAATACGACATAACTA,1
CAATACGACGATATTC,1
CAATACGAGAGCTGTA,1
CAATACGATCTAAACT,1
CAATACGTAGGTCCAA,1
CAATACTAACCGTACA,1
CAATACTAACCGTTGT,1
CAATACTACGTTCATG,1
CAATACTCAAAAGCAC,1
CAATACTCGCAAAACG,1
CAATACTGTAGACTGT,1
CAATAGAAAAACGACC,1
CAATAGAAACATGTAA,1
CAATAGAAAGTACATT,1
CAATAGAAATTTTATT,1
CAATAGAACAGCAACG,1
CAATAGAACAGTAACA,1
CAATAGAACATTAACG,1
CAATAGAAGTCCAAAC,1
CAATAGACATACAATA,1
CAATAGAGAATTAAAG,1
CAATAGAGCAGGAGTA,1
CAATAGAGCAGTAACG,1
CAATAGAGCTGAACTA,1
CAATAGAGCTGCACTG,1
CAATAGAGCTGTACTA,1
CAATAGATATCATCCA,1
CAATAGATATCATCTC,1
CAATAGATCTGCACTA,1
CAATAGATGAAAAAGC,1
CAATAGATGTAACTAA,1
CAATAGATGTCGCCCA,1
CAATAGATTCCATATG,1
CAATAGCAGCCTTTGC,1
CAATAGCAGGAGATTC,1
CAATAGCAGTCGAATT,1
CAATAGCATATCACTA,1
CAATAGCATCCTGTGT,1
CAATAGCCGTTGTAAA,1
CAATAGCGAAGTATTT,1
CAATAGCTAGGGTACA,1
CAATAGCTATAGGAGA,1
CAATAGCTCATTAATA,1
CAATAGCTGCAACTAA,1
CAATAGGAACCACGAT,1
CAATAGGAGCAACTAA,1
CAATAGGAGGATAATT,1
CAATAGGCAATTAACG,1
CAATAGGCATCAAACG,1
CAATAGGTAAAAGAGC,1
CAATAGGTATAAGAGC,1
CAATAGTAAAGAAACA,1
CAATAGTAGTAACATC,1
CAATAGTAGTCATGTA,1
CAATAGTCAGCACAAG,1
CAATAGTCTGGTATCT,1
CAATAGTGACCAGCAC,1
CAATAGTGATCATGTA,1
CAATAGTTATATACCA,1
CAATATAAAAAATAAA,1
CAATATAAAAACAAAA,1
CAATATAAAATCCAAG,1
CAATATAAATAAGTGC,1
CAATATAAATGAAAAG,1
CAATATAACAGTAACG,1
CAATATAAGTCCAATT,1
CAATATAAGTTCAAAC,1
CAATATAATTCCTTAC,1
CAATATACAAATAACT,1
CAATATACAACATTTT,1
CAATATACAAGCGATG,1
CAATATACACTAAGGG,1
CAATATACACTACTCA,1
CAATATACAGAGTGAG,1
CAATATACATTAACAC,1
CAATATACCATCAAAA,1
CAATATACCCTACTCC,1
CAATATACCGTAAAAA,1
CAATATACCGTCATAA,1
CAATATACCTTCAAAA,1
CAATATACTTGAATAC,1
CAATATAGAAAAGGCA,1
CAATATAGAAACAAGA,1
CAATATAGAGACAATA,1
CAATATAGTATCACAA,1
CAATATATCGTCAAAA,1
CAATATATTAAACAAG,1
CAATATATTGACGCTC,1
CAATATATTTGAGGAA,1
CAATATCACTTTATAC,1
CAATATCCTTATAGGT,1
CAATATCGTCATCGGA,1
CAATATCGTCCTTACT,1
CAATATCGTGACTACC,1
CAATATCTATACTAAG,1
CAATATCTATAGGAAA,1
CAATATCTATGTTAAC,1
CAATATCTCTTATTCT,1
CAATATGACATCGTCA,1
CAATATGACCGGCTCA,1
CAATATGATTAGCTTT,1
CAATATGATTCCTTAG,1
CAATATGCAATGCGGT,1
CAATATGGACAAGTCA,1
CAATATGGACACGCAT,1
CAATATGGCCAACTCA,1
CAATATGTCACATCGG,1
CAATATGTTAAATAAG,1
CAATATTAAAGCAAGA,1
CAATATTAACCATAGG,1
CAATATTAACCCGGAG,1
CAATATTAACCGCAGC,1
CAATATTACCGTGATG,1
CAATATTCCGGACTGA,1
CAATATTCGTTAAACG,1
CAATATTCTTGGAGTT,1
CAATATTGATGAACTG,1
CAATATTTATACGTGA,1
CAATATTTATATTTTT,1
CAATATTTCTACGTTA,1
CAATATTTTTATCTGA,1
CAATCAAAAAAAAGTT,1
CAATCAAAATATTCAC,1
CAATCAAACTTAAGCG,1
CAATCAAAGAACAGTT,1
CAATCAAATACAACCT,1
CAATCAAATGAAAGGT,1
CAATCAACAAATCAGT,1
CAATCAACCAGGCTTT,1
CAATCAACCATGTTCT,1
CAATCAACGAGAACAC,1
CAATCAACTACATATA,1
CAATCAACTTGTCTTT,1
CAATCAAGGTCCATCC,1
CAATCAATATTCAAGC,1
CAATCAATGAGCACAC,1
CAATCACAATATACGC,1
CAATCACATACCCTTA,1
CAATCACCAAATCTGA,1
CAATCACCCAGAATCA,1
CAATCACTCGGAATCA,1
CAATCACTCGGAATTT,1
CAATCAGAAAGGATTT,1
CAATCAGACCAATGTA,1
CAATCAGCAATTAACG,1
CAATCATCAGAGAAAT,1
CAATCATCATCCAACT,1
CAATCATCCCCATCGT,1
CAATCATTACCGACGT,1
CAATCCAAAGCAATGT,1
CAATCCAAAGCTTGCT,1
CAATCCAAATCCAAGG,1
CAATCCAACCAAACAA,1
CAATCCAACTACAATG,1
CAATCCACAAAGTACT,1
CAATCCACCCAAAAAA,1
CAATCCACCTTTAAGT,1
CAATCCACGCAAACAA,1
CAATCCACGGGAAACG,1
CAATCCAGAATACACC,1
CAATCCAGACTACAAC,1
CAATCCATACTACACC,1
CAATCCATAGAACAAG,1
CAATCCCAAAGAACTA,1
CAATCCCACAACAACC,1
CAATCCCACAACCAAT,1
CAATCCCACAATCCAT,1
CAATCCCATGGAACAT,1
CAATCCCATTATCTTA,1
CAATCCCATTTAACAA,1
CAATCCCCGTTGTAAA,1
CAATCCCGACGATGTT,1
CAATCCCGTATCATGG,1
CAATCCCTCTAACAAC,1
CAATCCGAACTTTACC,1
CAATCCGAAGAAACCT,1
CAATCCGAATAAGTAC,1
CAATCCGACGACCATA,1
CAATCCGGACTACACC,1
CAATCCGTGTGATAGC,1
CAATCCTACAACAGAT,1
CAATCCTCGATTATAC,1
CAATCCTGAGCATGAG,1
CAATCCTTAAAGCACC,1
CAATCCTTGATGCGAT,1
CAATCCTTGTTGTCTA,1
CAATCGAAACTGAACA,1
CAATCGAACGCTTAGA,1
CAATCGAAGCCCATCC,1
CAATCGAAGCCCTGCC,1
CAATCGAATCCCAGCC,1
CAATCGAGAAAAATCA,1
CAATCGAGTGGAAATG,1
CAATCGATACCATCTA,1
CAATCGATAGGGTACA,1
CAATCGATCTCTTTTG,1
CAATCGATGAAAAAGA,1
CAATCGATGTCCCCCA,1
CAATCGATGTCGCACA,1
CAATCGATGTCGCCAA,1
CAATCGATTTAAGATA,1
CAATCGCAAAGCCAAT,1
CAATCGCATACATCAA,1
CAATCGCCAAATAACC,1
CAATCGCCGCTACACC,1
CAATCGCTAGGTTACA,1
CAATCGCTAGTGTACA,1
CAATCGCTGGGGTACA,1
CAATCGGAAAACACTG,1
CAATCGGATACATAGC,1
CAATCGGCAATTAACT,1
CAATCGGTGCAGGCCA,1
CAATCGGTGCATGCCG,1
CAATCGGTGCGGGCCG,1
CAATCGGTTTAAGCTA,1
CAATCGTAACTATTTC,1
CAATCGTACTACTAGT,1
CAATCGTATATATATC,1
CAATCGTCAATGTCCT,1
CAATCGTTTATCGACG,1
CAATCTAAATCGTAGT,1
CAATCTAACGTCATCG,1
CAATCTAAGCCCAGCC,1
CAATCTAAGTAAGTGC,1
CAATCTACGTTTGGCT,1
CAATCTACTTTTAGCT,1
CAATCTAGAAAAAGCA,1
CAATCTAGAAAAGGAA,1
CAATCTAGAAAAGGGA,1
CAATCTAGAGAAGGCA,1
CAATCTAGATAAGTGC,1
CAATCTAGGGGAAATG,1
CAATCTAGTAAAGGCA,1
CAATCTATAAAAGGCA,1
CAATCTATGAATTTGA,1
CAATCTATGATATTAC,1
CAATCTATGGAACGCT,1
CAATCTATGTCGCCCA,1
CAATCTATTCCGGCCA,1
CAATCTCAACAACTTG,1
CAATCTCCAATTATAC,1
CAATCTCTCTCTAAGA,1
CAATCTCTGACTCCTG,1
CAATCTGAATAAGTGC,1
CAATCTGCAATTAACG,1
CAATCTGCAATTCGGT,1
CAATCTGGGCTGAAAG,1
CAATCTGTACTTAACC,1
CAATCTGTGCAGGCCG,1
CAATCTTAATCTACCA,1
CAATCTTACCTAAAAC,1
CAATCTTATGAGAGGA,1
CAATCTTCAACAAAAC,1
CAATCTTCCGAAGCAA,1
CAATCTTCCTTGGAGA,1
CAATCTTGTGATAGGA,1
CAATCTTGTGGCTAGG,1
CAATCTTTAACTTTTC,1
CAATCTTTAATGTAAC,1
CAATGAAAAAGAAATA,1
CAATGAAACAAGACAA,1
CAATGAAACAAGCCAG,1
CAATGAAACAATCCAA,1
CAATGAAACAGGAATA,1
CAATGAAACCCAATGA,1
CAATGAACAAGTGATC,1
CAATGAAGATCGACGA,1
CAATGAAGATCGCAGA,1
CAATGAAGATCGCCTA,1
CAATGAAGATCGTCGA,1
CAATGAAGGGACTTAA,1
CAATGAATGGAACGCT,1
CAATGAATTGTTTGTC,1
CAATGACAAGCTACCC,1
CAATGACAGCGCTATA,1
CAATGACAGGAAATAT,1
CAATGACATCAAAGGT,1
CAATGACATGGAATAT,1
CAATGACGATGGATTG,1
CAATGACTCCTAGTAC,1
CAATGAGACTCAGGAC,1
CAATGAGATTATACGT,1
CAATGAGCCTATTGGC,1
CAATGAGCGCACACTA,1
CAATGAGGAAACCCAA,1
CAATGAGGAAAGCCAG,1
CAATGAGGAAAGCCGA,1
CAATGAGGAAAGCGAA,1
CAATGAGGAAATCCAA,1
CAATGAGTAAAGCCAA,1
CAATGAGTTAAACTAA,1
CAATGATCAAAAGCGT,1
CAATGATCACTGACCT,1
CAATGATCCATGGGAC,1
CAATGATGACTGACCA,1
CAATGATGGAAGTCAT,1
CAATGATGTAAGCGAT,1
CAATGATTAATGACTC,1
CAATGATTACCATACG,1
CAATGATTCTAATTAA,1
CAATGCAACGAAAATA,1
CAATGCAAGCTATCCA,1
CAATGCAAGTTATCTT,1
CAATGCACCGTAAGTA,1
CAATGCAGCAATCACC,1
CAATGCATAGAAACTG,1
CAATGCATGCTGCAAA,1
CAATGCATGCTTATCA,1
CAATGCCAATCCGTTG,1
CAATGCCAGAAGACAA,1
CAATGCCCCCATGAAT,1
CAATGCCGCCGACCCA,1
CAATGCCGCGGAGATT,1
CAATGCGGCACGTCGA,1
CAATGCTAGAAGTTCC,1
CAATGCTCCCAAAAAC,1
CAATGCTGATCAAGTA,1
CAATGCTTAACAACAG,1
CAATGCTTACACTCAC,1
CAATGCTTATCAAGTG,1
CAATGGAAAATTTCAT,1
CAATGGAAGCCAAACC,1
CAATGGAAGCCCAGCC,1
CAATGGACTATGTTCT,1
CAATGGACTCAGCGCT,1
CAATGGATATAAACCT,1
CAATGGATGACGCGCA,1
CAATGGATGGACAAAA,1
CAATGGATTCTTAACT,1
CAATGGATTTAAGCTA,1
CAATGGATTTGCTTCC,1
CAATGGCACCCGAACG,1
CAATGGCCTCGTTCTA,1
CAATGGGAAACCAAAC,1
CAATGGGACATGAAAT,1
CAATGGGACCACTGAC,1
CAATGGGCACACTGAC,1
CAATGGGGAAAGCCAA,1
CAATGGGTCAAATTAG,1
CAATGGGTTTGCTTTC,1
CAATGGTAACAAACAC,1
CAATGGTGATGGCTTT,1
CAATGGTGCTGGCTTT,1
CAATGGTTGTGGCTTT,1
CAATGGTTTTGCTTCC,1
CAATGTAACTATTGAA,1
CAATGTAAGTATTCAA,1
CAATGTAATATTTTCA,1
CAATGTACGCCAAAAA,1
CAATGTACGCCAAAAT,1
CAATGTATAAATTTGA,1
CAATGTATCAACAAAT,1
CAATGTATGGAACGCC,1
CAATGTATGGGACGCT,1
CAATGTCAAAACCCGA,1
CAATGTCAAATTTACC,1
CAATGTCGGATTTTAG,1
CAATGTCTCATTGAGA,1
CAATGTGAACGATAAC,1
CAATGTGACGTGCTCA,1
CAATGTGGAAGTATAT,1
CAATGTGTTAAACAAG,1
CAATGTTAACACGTGA,1
CAATGTTACTTAAAGA,1
CAATGTTATTAGCTTT,1
CAATGTTATTTGGGGA,1
CAATGTTCCATTCCAA,1
CAATGTTTCACTATGT,1
CAATGTTTCGCTGGAA,1
CAATGTTTCGCTTGAC,1
CAATGTTTTGTCCAAT,1
CAATGTTTTTAATACG,1
CAATTAAAATTGTTCT,1
CAATTAAACAATGCCT,1
CAATTAAACATCAGTA,1
CAATTAAATCAGACTG,1
CAATTAAATGTATAGA,1
CAATTAACACAGCATC,1
CAATTAACCACCCAGC,1
CAATTAAGAACTTATA,1
CAATTAAGATCCATCC,1
CAATTAAGATGACTTG,1
CAATTAAGCACATCTA,1
CAATTAAGCCTTTTCC,1
CAATTAAGCTCCATCC,1
CAATTAAGGTCGATCC,1
CAATTAATACACGAAA,1
CAATTAATAGATTAAG,1
CAATTAATAGTTAGCC,1
CAATTAATATCTTTTA,1
CAATTAATCGACACAA,1
CAATTAATCGGAAATA,1
CAATTAATGATCAGAA,1
CAATTAATGTCCATCC,1
CAATTACAACTGAACT,1
CAATTACAGCAACCTG,1
CAATTACAGCCAAGCT,1
CAATTACATAATAAAA,1
CAATTACCCAATAAAG,1
CAATTACCGGCTCACC,1
CAATTACCGGCTCCCA,1
CAATTACCTGCTCCCC,1
CAATTACGCCATTATC,1
CAATTACGTAAGCTGG,1
CAATTACTACGGTTGA,1
CAATTACTCTACACAA,1
CAATTACTGAGCAACA,1
CAATTAGAAAATATCA,1
CAATTAGAACCTGTGG,1
CAATTAGACACTGTGG,1
CAATTAGCACCTAAAA,1
CAATTAGGATAAGGAT,1
CAATTAGGGAATTTCT,1
CAATTAGGGTAAGGAT,1
CAATTAGGTTAAGAAT,1
CAATTAGTCACCGTAA,1
CAATTAGTTAATGCAT,1
CAATTAGTTGCTATGT,1
CAATTATAACTGAAAT,1
CAATTATAAGTTGATG,1
CAATTATACGTTAATG,1
CAATTATAGCTGAACT,1
CAATTATATGAATAGT,1
CAATTATATTGACAAA,1
CAATTATCCGGGTATG,1
CAATTATGAAAAACAA,1
CAATTATGGAGAGAAG,1
CAATTATGTAGATAAT,1
CAATTATTAAAGGGCG,1
CAATTATTGCACATAA,1
CAATTATTGTCCACAT,1
CAATTATTTAAGGGCG,1
CAATTCAACTATGGAC,1
CAATTCAATAGACCAA,1
CAATTCAATCGACAAA,1
CAATTCAATCGACCAG,1
CAATTCAATCGACCAT,1
CAATTCACAATCAAAC,1
CAATTCACCCAAACAA,1
CAATTCATAAAGCGAA,1
CAATTCATACACGAAA,1
CAATTCATTAGATACC,1
CAATTCCAGAAAACTC,1
CAATTCCAGATACAGC,1
CAATTCCAGTCCAAAA,1
CAATTCCATAATGGAA,1
CAATTCCCCCATTATC,1
CAATTCCGAACCCGCA,1
CAATTCCGATCAATGC,1
CAATTCCGCTAGAGAC,1
CAATTCCGGACCCGCA,1
CAATTCCGGACGTACG,1
CAATTCCGGTATCTTA,1
CAATTCCGGTCAATGC,1
CAATTCCTAACGCGAT,1
CAATTCCTAATATCAA,1
CAATTCCTCCCCATTT,1
CAATTCCTCTCAATGC,1
CAATTCCTGACTCGAT,1
CAATTCGACCTCAAGA,1
CAATTCGACGCTTGAC,1
CAATTCGGATAGAGAC,1
CAATTCTAATGCATAG,1
CAATTCTATCGCGGCC,1
CAATTCTATCGTAGCC,1
CAATTCTATCGTTGCC,1
CAATTCTCATGATACA,1
CAATTCTGAACACACG,1
CAATTCTGACGCTACT,1
CAATTCTTGGATATGG,1
CAATTGAAAATGAACA,1
CAATTGAATAACACGT,1
CAATTGAATCGTCAAA,1
CAATTGACAGACAATA,1
CAATTGAGCTAAAAAT,1
CAATTGATATAAGATT,1
CAATTGATGCGGAGAT,1
CAATTGCAAGATCGCG,1
CAATTGCATTTAAAAC,1
CAATTGCCCCCCATTT,1
CAATTGCCTCCCATTT,1
CAATTGCCTCCCTAAT,1
CAATTGCCTGCTGATT,1
CAATTGCTAAACAACC,1
CAATTGCTACCCATTT,1
CAATTGCTCACCATTT,1
CAATTGCTCCCAATTT,1
CAATTGCTCCCCACTT,1
CAATTGCTTAATGTTA,1
CAATTGCTTGACCCCC,1
CAATTGGAAAACTGAA,1
CAATTGGCCCACTGAC,1
CAATTGGCCCTTATCA,1
CAATTGGGGAAGTTCT,1
CAATTGGTAAAAAACA,1
CAATTGGTAAAACAAA,1
CAATTGGTAAAACACT,1
CAATTGGTAAAACAGA,1
CAATTGGTTTGCTTCC,1
CAATTGTGAACAACAA,1
CAATTGTTAAAACACA,1
CAATTGTTCCGCACAA,1
CAATTGTTTTAAGGCC,1
CAATTTAAACATGACT,1
CAATTTAAAGGTTTCA,1
CAATTTAACAGTTGGA,1
CAATTTAAGAAATTTC,1
CAATTTAAGAACAGAA,1
CAATTTAAGATCGATT,1
CAATTTAATGTTGATG,1
CAATTTACGCACATGA,1
CAATTTACTCGTCAAA,1
CAATTTAGGAGATTTC,1
CAATTTAGTTACCCTC,1
CAATTTATAAATAACT,1
CAATTTATCGATTACC,1
CAATTTATGCACATAA,1
CAATTTATGCACATTA,1
CAATTTCAATTGACCC,1
CAATTTCACACAAGAC,1
CAATTTCAGCGCGCAC,1
CAATTTCCGAAGTAGA,1
CAATTTCGAGGCAAGG,1
CAATTTGAGGCCCGCG,1
CAATTTGATCTCGATT,1
CAATTTGCGCTCGATT,1
CAATTTGCGTCAAAAG,1
CAATTTGGCCAAGTCA,1
CAATTTGTAATAAAGC,1
CAATTTGTAGGTCAGG,1
CAATTTGTCAATCAGA,1
CAATTTGTCACTCACT,1
CAATTTGTTGGTTACC,1
CAATTTTAACAGACTT,1
CAATTTTAAGAATTCA,1
CAATTTTAGCACGCCT,1
CAATTTTAGGAATGCA,1
CAATTTTATAACGCCT,1
CAATTTTATCAAGCCT,1
CAATTTTATCACGCCA,1
CAATTTTATCACTCCT,1
CAATTTTATCGCGCCT,1
CAATTTTATCTCCGAA,1
CAATTTTCATTCCCGT,1
CAATTTTCCCCCATCC,1
CAATTTTCGTCAAAAA,1
CAATTTTCTCTCGTGT,1
CAATTTTGGAAATTTC,1
CAATTTTGTAAGATGT,1
CAATTTTTGAATTAAA,1
CAATTTTTTTCCCTGG,1
CACAAAAAATAATTAG,1
CACAAAAAATATCGCA,1
CACAAAAACCTCCGCG,1
CACAAAAACTATAGCA,1
CACAAAAAGACCATTT,1
CACAAAAAGTATCGCA,1
CACAAAAATTGATTAT,1
CACAAAACAGAAAATG,1
CACAAAACATCAAAAC,1
CACAAAACATGAGAGT,1
CACAAAACATGGTTTG,1
CACAAAACCCAAACAA,1
CACAAAACCTACTGAC,1
CACAAAACGGAACATC,1
CACAAAACGTATTCAA,1
CACAAAAGTCACCCCC,1
CACAAAAGTCATACCC,1
CACAAAATATGTAGGT,1
CACAAAATATTTTCTT,1
CACAAAATGCTTTTCT,1
CACAAAATTATGATGC,1
CACAAAATTGAAAACT,1
CACAAAATTGGAGCTA,1
CACAAACAAGAAAGAG,1
CACAAACCACATACAC,1
CACAAACCTAAGCCTA,1
CACAAACGATGTGGCT,1
CACAAACTAAACTAAT,1
CACAAACTGCTAAAAC,1
CACAAAGAAACTTCCT,1
CACAAAGAAGTATCTT,1
CACAAAGAGACTTCCG,1
CACAAAGATACATACT,1
CACAAAGCTCTGCCAG,1
CACAAAGCTTTTCTAA,1
CACAAAGTGACCTTCA,1
CACAAAGTTTAAGTAA,1
CACAAATAACAGCTTC,1
CACAAATAACATATAC,1
CACAAATAACTCACTT,1
CACAAATAATAACACG,1
CACAAATAATAGCACC,1
CACAAATAATTTACTT,1
CACAAATAGCGAGATG,1
CACAAATATGATCTTC,1
CACAAATCATTGATCC,1
CACAAATCCAGACTCT,1
CACAAATCTGATCTTA,1
CACAAATGAAAAAATA,1
CACAAATGAAGCAAGA,1
CACAAATGCTCTGAAC,1
CACAAATTATTCACGA,1
CACAACAACTAAGTTG,1
CACAACACAATCTAGG,1
CACAACACAGACCGCT,1
CACAACACTGATTGGA,1
CACAACAGAACGCTTG,1
CACAACAGATATCACG,1
CACAACAGCTTAAGCA,1
CACAACATAATAGTCA,1
CACAACATGTGACAAT,1
CACAACATTATAGCGA,1
CACAACCAGCATAAAG,1
CACAACCCAGACCGTT,1
CACAACCCATACCGCT,1
CACAACCCATGAAGAT,1
CACAACCCCCTTGACT,1
CACAACCCCTAAAGAT,1
CACAACCCCTGAAGGT,1
CACAACCCCTTAAGAT,1
CACAACCCGTGAAGAT,1
CACAACCGGAAAACCG,1
CACAACCGTACGGAAG,1
CACAACGAACCCACTT,1
CACAACGACAGATAAA,1
CACAACGACATTTCAA,1
CACAACGCAGAAAACA,1
CACAACGGCTCACATA,1
CACAACGTCACTACAC,1
CACAACGTCACTACCT,1
CACAACGTCACTACTC,1
CACAACGTTTCACATA,1
CACAACTAATATTTAA,1
CACAACTCGAAACTTT,1
CACAACTGGGATTAAT,1
CACAAGAAACAATACA,1
CACAAGAACTTATATA,1
CACAAGAAGAAAAACA,1
CACAAGAAGAGAAACA,1
CACAAGAAGATAAAAA,1
CACAAGAAGCGCAACA,1
CACAAGAGAAAGACAA,1
CACAAGAGAATAAAAC,1
CACAAGAGGTGCTTTC,1
CACAAGATCTAGAAAC,1
CACAAGATGGTAAAAC,1
CACAAGATTGAAAGTC,1
CACAAGATTTTGTTTA,1
CACAAGCAATAGAAAG,1
CACAAGCCCAAAAACT,1
CACAAGCTGAAATGTG,1
CACAAGCTGGACTATC,1
CACAAGCTTGACTATG,1
CACAAGGAAAAATTTT,1
CACAAGGAAACATTCT,1
CACAAGGACACAATCT,1
CACAAGGAGAGATGTA,1
CACAAGGAGGGACTGT,1
CACAAGGGGCTAAAAG,1
CACAAGGTCTGAAGAT,1
CACAAGTACATAGCCC,1
CACAAGTAGACTTGAG,1
CACAAGTATAATACTC,1
CACAAGTCAAGCTAGA,1
CACAAGTCTGATCTTC,1
CACAAGTTAACCGTAT,1
CACAAGTTACGTCAAA,1
CACAAGTTCACATCAT,1
CACAATAAAAACTTTC,1
CACAATAACAAAATCC,1
CACAATAAGACCATTA,1
CACAATAATTCAAAAA,1
CACAATAATTTCTGCC,1
CACAATACACTATCAG,1
CACAATACCACCAATT,1
CACAATACCCGCAATT,1
CACAATACCTTATTTA,1
CACAATACTCATTGGA,1
CACAATACTGATTCGA,1
CACAATACTGATTTGA,1
CACAATAGACGAAGTT,1
CACAATAGCAGTAAAA,1
CACAATAGTGATTGGA,1
CACAATATAAGTGGAA,1
CACAATATAGCGTGAA,1
CACAATATATCACAAA,1
CACAATCAGACTTGAG,1
CACAATCCAAGCTGTT,1
CACAATCCCCCAAGTG,1
CACAATCCTATACTCA,1
CACAATCGACACGCTT,1
CACAATCGCCTAGCAC,1
CACAATCGTTCCATAA,1
CACAATCTAAGCCCCA,1
CACAATCTGAGCCCCA,1
CACAATCTGCTTAATT,1
CACAATCTGGAATTCC,1
CACAATCTTAGCCCCG,1
CACAATCTTAGCCCCT,1
CACAATCTTAGCCCGA,1
CACAATCTTATCCCCA,1
CACAATGACCTTTCTG,1
CACAATGACTGATATA,1
CACAATGGACTATTCA,1
CACAATGGTTATCCCT,1
CACAATGTAAAATCGC,1
CACAATGTAGCCCATG,1
CACAATGTAGCCTATA,1
CACAATTAACACCCTA,1
CACAATTAATCCATCT,1
CACAATTACAACTAGA,1
CACAATTAGTAAACCT,1
CACAATTCCAGGCATG,1
CACAATTCGCATAAAT,1
CACAATTCGCGAAAAT,1
CACAATTCTAGGTAAT,1
CACAATTCTCACGCAA,1
CACAATTCTGGGTAAA,1
CACAATTCTTATAAAT,1
CACAATTGTAAGGATT,1
CACAATTGTCACGAAA,1
CACAATTGTCGCGCAA,1
CACAATTGTGACGCAA,1
CACAATTTACACCAGA,1
CACAATTTACCCAGCA,1
CACAATTTATCCCATA,1
CACACAAAAAACCCCC,1
CACACAAAACCACCTG,1
CACACAAAACTCATTA,1
CACACAAACTAAGTTG,1
CACACAAAGCCAGCTG,1
CACACAAATCGCTGCA,1
CACACAAATTAGCCAA,1
CACACAACAAAAAAAA,1
CACACAACACGACCAC,1
CACACAACATAAAATA,1
CACACAACGCTTTAAA,1
CACACAACGCTTTAAG,1
CACACAACTCGACAAC,1
CACACAACTCGACCAA,1
CACACAACTCGACCAT,1
CACACAACTCGATCAC,1
CACACAACTGGACCAC,1
CACACAACTTGACCAC,1
CACACAAGGGCCGATC,1
CACACAAGGTAACTTG,1
CACACAAGGTGATAAG,1
CACACAAGGTTGGCCC,1
CACACAAGTCTCCAAT,1
CACACAAGTTCAAGCA,1
CACACAAGTTTCTGAA,1
CACACAATAGCCAATC,1
CACACAATATTACAGA,1
CACACAATCGCCTTAA,1
CACACAATGTTTTCTT,1
CACACACAAATCTAAC,1
CACACACATAATAAGG,1
CACACACCAACCTTGC,1
CACACACCAATTCATG,1
CACACACTACCGCTCA,1
CACACACTGCGGACCT,1
CACACAGAAATAATTG,1
CACACAGACCAGCACT,1
CACACAGATAATCCCT,1
CACACAGATCAGGACT,1
CACACAGCCAACCCAG,1
CACACAGCTCGACCAC,1
CACACAGTATTCTCAA,1
CACACAGTGCAACTTT,1
CACACATACATGTCGC,1
CACACATCATTGATAC,1
CACACATCCCTTACAC,1
CACACATCGTTAAGTG,1
CACACATCGTTGATCC,1
CACACATCTGGCGCAA,1
CACACATGGATACGAT,1
CACACATTCACCACAT,1
CACACATTCACCCCAC,1
CACACATTCACTCCAT,1
CACACATTCGGGATAC,1
CACACATTTGCTCCAT,1
CACACCAAAAACCACC,1
CACACCAACTAAGTTA,1
CACACCAACTGAGTTG,1
CACACCAAGATTCTAC,1
CACACCAAGGGTAACA,1
CACACCACTTATCCTA,1
CACACCAGAAATAAAC,1
CACACCAGTTAACCTA,1
CACACCAGTTATACTA,1
CACACCAGTTATCCCA,1
CACACCATAATAGTCG,1
CACACCATAATAGTCT,1
CACACCATAATAGTTA,1
CACACCATACAATTCA,1
CACACCATACTCCTGA,1
CACACCATATTACATA,1
CACACCATGATAGTCA,1
CACACCATGTTCATCC,1
CACACCCAAGTCCACA,1
CACACCCACGGGACCG,1
CACACCGAATTTGATA,1
CACACCGAGTGGCTAG,1
CACACCGATTCGCTAG,1
CACACCGATTGGCAAG,1
CACACCGATTGGCTAT,1
CACACCGATTGTCTAG,1
CACACCGCCCTAATTT,1
CACACCGCCTTTGAAG,1
CACACCGTATCTATAA,1
CACACCTAAAGTTAAA,1
CACACCTAAGTACACA,1
CACACCTACACTATCT,1
CACACCTACCAGTAGT,1
CACACCTATACCACGA,1
CACACCTATCCTAACA,1
CACACCTTTCCTACAC,1
CACACGAAGTACTATG,1
CACACGAGTGTTCCAC,1
CACACGATTGAAACTC,1
CACACGATTGAAAGTT,1
CACACGATTTAAAGTC,1
CACACGCAAAAAACGA,1
CACACGCAAGATTACA,1
CACACGCATCAGATAA,1
CACACGGAAATCATCC,1
CACACGGACTCCTACA,1
CACACGGAGTCCTGCA,1
CACACGGGAAGATATT,1
CACACGTTGGAATCTT,1
CACACTAAAAAAAGGG,1
CACACTAAAAATACGG,1
CACACTAAAAATGAAT,1
CACACTAAATACACGA,1
CACACTACTCTACAAC,1
CACACTAGAGAATCCA,1
CACACTAGGAGGAAAA,1
CACACTAGTCATCGGT,1
CACACTAGTCTAAGCA,1
CACACTAGTCTAGGAA,1
CACACTATGCCGGCTA,1
CACACTATTAAGGACC,1
CACACTATTAGCATCT,1
CACACTCAGTAGAAAG,1
CACACTCATGGACACT,1
CACACTCCAATAATTT,1
CACACTCCGTACAAAG,1
CACACTCGAACATCCA,1
CACACTCGAGTCTAGA,1
CACACTCGCATATAGC,1
CACACTCGTCGGCCCT,1
CACACTCGTCGGCTCG,1
CACACTCTGCCGCAAA,1
CACACTCTGTACAAAA,1
CACACTCTTGAAACCT,1
CACACTGAAAAATCTA,1
CACACTGAAAATTCAG,1
CACACTGAAACGAGAA,1
CACACTGGCATTTCGG,1
CACACTGGTACAAACA,1
CACACTTAGCTCCTTC,1
CACACTTCGCCCCTTC,1
CACACTTCGCTACTTC,1
CACACTTCGCTCCTTA,1
CACACTTCGCTCCTTT,1
CACACTTCGCTGCTTC,1
CACACTTCTGTACTCT,1
CACACTTTGCTCCTTC,1
CACACTTTTCCTGCAC,1
CACACTTTTTCTACAC,1
CACAGAAACCAGAAAC,1
CACAGAAAGCAGAACT,1
CACAGAAAGCCATCTG,1
CACAGAAATAACTCAA,1
CACAGAACAATAATCG,1
CACAGAACGTTACAAG,1
CACAGAACTGGGACGA,1
CACAGAAGAAAGAAGT,1
CACAGAAGCACCGCTA,1
CACAGAAGCGTGTATT,1
CACAGAAGGCACCTGC,1
CACAGAATACAGAAAC,1
CACAGAATGTTACGGC,1
CACAGAATGTTATAGA,1
CACAGACAACGAGATT,1
CACAGACCCAACGAAA,1
CACAGACCCGTCACAC,1
CACAGACCGGAATAGA,1
CACAGACGAAGGTTCT,1
CACAGACGCTAGACGC,1
CACAGACTATGACCTT,1
CACAGAGATAAATAGG,1
CACAGAGCAATAACCG,1
CACAGAGCCGTAAACT,1
CACAGAGCTAAATGGG,1
CACAGAGGACACTACG,1
CACAGAGTGGTAAACT,1
CACAGATAAACACCTA,1
CACAGATCCCGCAAAA,1
CACAGATTAATACAAG,1
CACAGCAAAAGGAGCC,1
CACAGCAAAAGGATCG,1
CACAGCAAAAGTAGCG,1
CACAGCAAGAGGAGCG,1
CACAGCAAGTTACAAG,1
CACAGCACATTACAAG,1
CACAGCACGCTACAAG,1
CACAGCAGACTTCTAT,1
CACAGCATTAATTCAA,1
CACAGCATTGTATATT,1
CACAGCCGACCTCTAT,1
CACAGCCGGCTTCTAT,1
CACAGCCTACACGTAA,1
CACAGCCTATAAACAA,1
CACAGCGAAATTTGGA,1
CACAGCGACATTTCGA,1
CACAGCGACATTTGGG,1
CACAGCGATATTTGGA,1
CACAGCGATTGGCTAG,1
CACAGCTAGAATCAGA,1
CACAGCTCACAAACCG,1
CACAGCTTCGCCAATC,1
CACAGGAAACCTACAT,1
CACAGGAAGGTAAAAA,1
CACAGGAATCGCAGCT,1
CACAGGAATTAAAGAC,1
CACAGGACTGACGCGT,1
CACAGGAGAATATAAC,1
CACAGGAGATGCTTTC,1
CACAGGAGGTGATTTC,1
CACAGGCCCGCCCGAC,1
CACAGGCCTATTCCAA,1
CACAGGGAATATCTCA,1
CACAGGGACATGAAAT,1
CACAGGTGATCTATTG,1
CACAGTAAGAGTAGTA,1
CACAGTAATCACCTCT,1
CACAGTACAGCCCAAG,1
CACAGTACCCCCAATT,1
CACAGTAGTAACTGAT,1
CACAGTATAACGTGAA,1
CACAGTATAGCTATTT,1
CACAGTATGAAACAAA,1
CACAGTCCCACTTAAA,1
CACAGTCCTTCTTCAC,1
CACAGTCTATTGGCAC,1
CACAGTGCATGAATGC,1
CACAGTGTAACAACGA,1
CACAGTGTGAACCAAA,1
CACAGTTAGGTTGTTT,1
CACAGTTATAGCGAAT,1
CACAGTTCACACAATA,1
CACAGTTCATGAAGGC,1
CACAGTTCGCATCGTG,1
CACAGTTTACACAACA,1
CACAGTTTACACAATG,1
CACAGTTTACATAATA,1
CACAGTTTATACAATA,1
CACATAAAAAAAAAGA,1
CACATAAAAGACTCCT,1
CACATAAAGCCAGCTG,1
CACATAAAGTCTATGT,1
CACATAAAGTTCAAAC,1
CACATAAATTAAAGCA,1
CACATAAATTGGAGAG,1
CACATAAGAACATCTA,1
CACATAAGTTCTAAAA,1
CACATAATTGGGACGA,1
CACATACAGTATTCGA,1
CACATACATCGCTTAA,1
CACATACCCCGTTGGT,1
CACATACCTTGAAGAG,1
CACATACGAGCAGAGA,1
CACATACGCCGTGGAA,1
CACATACTCCGATTGT,1
CACATACTTGTTTCAC,1
CACATAGCAAGAAATA,1
CACATATAACACAATC,1
CACATATAATTTAAAA,1
CACATATACAAATCAT,1
CACATATACAAGTGGT,1
CACATATCTGCCAAGG,1
CACATATGCATGCATG,1
CACATATGTTTTACAC,1
CACATATTCAGCCAAA,1
CACATATTCAGTCCAA,1
CACATATTGAGCCCAA,1
CACATATTGGACAGAG,1
CACATCAAAAACAAAT,1
CACATCAAAAATAAAC,1
CACATCAAAAGGAGCG,1
CACATCAAAGACTACT,1
CACATCAAATCCTTCT,1
CACATCAAGAACACAT,1
CACATCAAGGACTCCT,1
CACATCAAGTTCAATC,1
CACATCAATGTTAATG,1
CACATCACACTTTTCC,1
CACATCACCAAGAGTG,1
CACATCACGGAAGCTT,1
CACATCACGTACGCTT,1
CACATCACTACCATAA,1
CACATCACTCTTCAAG,1
CACATCATTACAACGT,1
CACATCCATATGATAA,1
CACATCCCGTAGGGCA,1
CACATCCCGTAGGGGT,1
CACATCCCGTAGTGGA,1
CACATCCGAGCAGGGA,1
CACATCGAAACGTGAA,1
CACATCGAAACGTGAC,1
CACATCGATTGGCTAG,1
CACATCGGATGGAGGC,1
CACATCGGGGATGACT,1
CACATCGTCAATTGAT,1
CACATCTAACCATTTT,1
CACATCTAATTACCTT,1
CACATCTCGCGCACAA,1
CACATCTGAAGCCTTA,1
CACATCTTACGGCCTT,1
CACATCTTAGCAATCC,1
CACATGAATGAGTCGA,1
CACATGAATGATTTCA,1
CACATGACAAAAACTG,1
CACATGATAACAACTG,1
CACATGCAACTTCAGA,1
CACATGCCGTCAGATA,1
CACATGCCTTAACACA,1
CACATGCGCCAACCAA,1
CACATGGAGACAGTCT,1
CACATGGCAACAACTG,1
CACATGGCATATTTTA,1
CACATGGCTGAACTAA,1
CACATGGGATACCGAA,1
CACATGGTAAAAGCGA,1
CACATGGTAAAGTTTC,1
CACATGGTCGTTATCT,1
CACATGTACTCAAATT,1
CACATGTAGCCTGACA,1
CACATGTCATATGTTA,1
CACATGTGCCAAACAA,1
CACATGTGCGAACCAA,1
CACATGTTATACGCTT,1
CACATGTTTAAAGAGG,1
CACATTAAACTAGTCA,1
CACATTAACAATGTTG,1
CACATTAACCTCGAGA,1
CACATTAAGGGAATCG,1
CACATTAAGTGCATTC,1
CACATTAATTACGCAA,1
CACATTACCAACTAAC,1
CACATTACTTTTATAT,1
CACATTAGAAACCCAA,1
CACATTAGAAGAAAGG,1
CACATTAGAGGCACAC,1
CACATTAGGAACACTC,1
CACATTATATAACCCC,1
CACATTATATCACACC,1
CACATTATATCAGCCC,1
CACATTATATCATCCC,1
CACATTATATTTGTCT,1
CACATTATCCACTACC,1
CACATTATCCACTGCT,1
CACATTATGAAGGACA,1
CACATTCAAATCCTGA,1
CACATTCAAGACATCC,1
CACATTCGTGTTTAAA,1
CACATTGAAGTCAACT,1
CACATTGAATCACTGA,1
CACATTGAGAGTTGTT,1
CACATTGATACCCTTG,1
CACATTGCTACGCACA,1
CACATTGGAAAAAGAT,1
CACATTGGCCAAGTAC,1
CACATTGGCCAGGTAA,1
CACATTGGTAACGGCT,1
CACATTGTCCAATATG,1
CACATTGTCCAGGTAC,1
CACATTGTTTCTTGGC,1
CACATTTAAGTCGGCA,1
CACATTTCCAGCCTCA,1
CACATTTGCCAACCAA,1
CACATTTTTCCAATGC,1
CACCAAAAATAATAAT,1
CACCAAAACGAACTTG,1
CACCAAAAGGACTTCT,1
CACCAAAAGTGATTAT,1
CACCAAACAAGTTTGG,1
CACCAAACAAGTTTTA,1
CACCAAACCTTCTGAC,1
CACCAAACGTTACCGA,1
CACCAAACTAATAATA,1
CACCAAACTCCTCAAG,1
CACCAAACTCCTGAAT,1
CACCAAACTCCTTAAG,1
CACCAAACTCGTGAAG,1
CACCAAAGTATTTGAC,1
CACCAAAGTCTCCAAT,1
CACCAAATATCGTTGC,1
CACCAAATGGTATACA,1
CACCAACAAAAATTCA,1
CACCAACAAAATTATG,1
CACCAACAAATTAGTA,1
CACCAACAAATTTATG,1
CACCAACAAGCTTATG,1
CACCAACATTCCAAGC,1
CACCAACCAATTCATG,1
CACCAACCATATCCCG,1
CACCAACCGTCAGATA,1
CACCAACCTACCCCTG,1
CACCAACGATGTGCCT,1
CACCAACGATGTTGCT,1
CACCAACGGGTTACCA,1
CACCAACGTAGATACA,1
CACCAACGTAGATGAT,1
CACCAACGTTGTGGCT,1
CACCAACTGATGTAAG,1
CACCAACTTAGATGCA,1
CACCAACTTGGGTACG,1
CACCAAGAAAAAAGGC,1
CACCAAGACGTTGATG,1
CACCAAGGATGTGGCT,1
CACCAAGGGCTGACGG,1
CACCAAGGTCTCCAAC,1
CACCAAGTGTCAGATA,1
CACCAAGTTTTTCAGA,1
CACCAATAACGATTTC,1
CACCAATAGGTACGCA,1
CACCAATATACCCGCT,1
CACCAATCAAGAGTAG,1
CACCAATCGCTTAATT,1
CACCAATGTATTAGCA,1
CACCAATTAGAATCAA,1
CACCAATTTGCTCTCA,1
CACCACAAAATTAGTA,1
CACCACACGGAATCTG,1
CACCACAGCCTAAGCA,1
CACCACATCTGATGAA,1
CACCACATGATAGCGA,1
CACCACATGATTACAA,1
CACCACATTCTAAGCC,1
CACCACCAAAGTTAAA,1
CACCACCAAATGGTAG,1
CACCACCAAATTATTA,1
CACCACCGGAATTATA,1
CACCACCGTGCAAAGC,1
CACCACCTTCATTCAA,1
CACCACGTCCCCGGCG,1
CACCACGTGTTGAAAC,1
CACCACGTTTCAACCA,1
CACCACTAATAACACC,1
CACCACTAGACACGCA,1
CACCACTGATATCACG,1
CACCACTTAACAAAAC,1
CACCACTTCACCCGGC,1
CACCAGAAAGGTCATA,1
CACCAGAAGACAATAG,1
CACCAGAAGTACTATG,1
CACCAGAATAATAAAT,1
CACCAGACAGGGCACA,1
CACCAGACATCGATAA,1
CACCAGACCGAGTTCG,1
CACCAGATGGCCTGAT,1
CACCAGCCAAACAACT,1
CACCAGCGAAGGTAAT,1
CACCAGCGACGATAAT,1
CACCAGCTACCGAGTA,1
CACCAGCTAGAAAGGA,1
CACCAGCTAGAGAGGG,1
CACCAGCTATAGAGGA,1
CACCAGCTGGAGAGGA,1
CACCAGGAAACATATC,1
CACCAGGAAATCTGAC,1
CACCAGGCAGGACACA,1
CACCAGGCAGGGCATA,1
CACCAGGCAGGGCGCA,1
CACCAGGCAGGGTACC,1
CACCAGGCAGGTCACA,1
CACCAGGGGCTAAAAT,1
CACCAGGGGCTGAAAG,1
CACCAGGTCTTACAAA,1
CACCAGGTTAATGTCC,1
CACCAGTAGCAAGCTA,1
CACCAGTAGTAAGCCA,1
CACCAGTAGTAATCTA,1
CACCAGTTTAAAAGTT,1
CACCATAAATTTATGG,1
CACCATAACAGTTACC,1
CACCATAACTTACTTT,1
CACCATAACTTGCTGT,1
CACCATACTGAGTTCG,1
CACCATATACGCCTGG,1
CACCATATATAGAGGT,1
CACCATATGGCCTTGT,1
CACCATATGGCGACCA,1
CACCATATTAGCATCT,1
CACCATATTATCTTGA,1
CACCATCAATTCCGTC,1
CACCATCACGGCCGCC,1
CACCATCCAAAAAACT,1
CACCATCCAAACAAAT,1
CACCATCCAAACAATT,1
CACCATCCAAACTACT,1
CACCATCCAAGCAACT,1
CACCATCCAGACAACT,1
CACCATCCAGCTACAG,1
CACCATCCAGGAAAGA,1
CACCATCCGAACAACT,1
CACCATCCGATTCCTC,1
CACCATCCTTACCCAC,1
CACCATCGACCCAACT,1
CACCATGCAGGGCACA,1
CACCATGCCTTTCAAC,1
CACCATGCCTTTTAAA,1
CACCATGTACCGTAGA,1
CACCATGTAGACGAAT,1
CACCATTAAGATCACT,1
CACCATTAATATCACA,1
CACCATTAGTAAGCTA,1
CACCATTATAAGGATT,1
CACCATTCAAACAACT,1
CACCATTCAAACCCGA,1
CACCATTGAACCATGC,1
CACCATTTAGCTTCAA,1
CACCATTTAGTTTAAA,1
CACCCAAAAATCTAAC,1
CACCCAAAACATGCCT,1
CACCCAAACTAGTCCC,1
CACCCAAAGATCCCAA,1
CACCCAAAGGACTTAT,1
CACCCAAAGGACTTCC,1
CACCCAAAGTAATTAA,1
CACCCAAAGTACTATG,1
CACCCAAATATCCAAA,1
CACCCAAATGAATGTG,1
CACCCAAATTTAACCT,1
CACCCAACACTAACAG,1
CACCCAACAGATCAAT,1
CACCCAACCAATTCAT,1
CACCCAACCGATTCAT,1
CACCCAACGCTAACAA,1
CACCCAACGCTAATAG,1
CACCCAACTCTAACAG,1
CACCCAAGGACCGCCC,1
CACCCAAGTCTCCAAA,1
CACCCAAGTCTCCAGT,1
CACCCAAGTGGCCCTG,1
CACCCAATAGGCAGCT,1
CACCCAATGGAACTGT,1
CACCCACAAACATTCT,1
CACCCACAAATTCATG,1
CACCCACACTAACCAA,1
CACCCACCAATCCATG,1
CACCCACCAATTCATC,1
CACCCACCTATTCATG,1
CACCCACCTCAAGAAG,1
CACCCACGAAAGCTCG,1
CACCCACGCGCACTGA,1
CACCCACGTCTGAAGC,1
CACCCAGAACTGAAGA,1
CACCCAGAGCATTACA,1
CACCCAGCAATGAACA,1
CACCCAGCACCGAACG,1
CACCCAGCCCTAATTT,1
CACCCAGGAGTACCCC,1
CACCCATAAAGAACGT,1
CACCCATACGTAATTA,1
CACCCATCTTAGCGTC,1
CACCCATGATAGAGTC,1
CACCCATGATCCAAAC,1
CACCCATGCCCCAAAA,1
CACCCATGCCCTAACA,1
CACCCATTATAACCAT,1
CACCCATTCTAGAGTC,1
CACCCATTTTAAATTA,1
CACCCCAAGTACTATG,1
CACCCCACACACTAAC,1
CACCCCACGACAGCAG,1
CACCCCAGAGATTACA,1
CACCCCAGGGATGGCT,1
CACCCCAGTAAAACGA,1
CACCCCAGTCATAGTC,1
CACCCCAGTCATCGCC,1
CACCCCCAACGTTGCT,1
CACCCCCATCCACAGC,1
CACCCCCTTGAATGGT,1
CACCCCGAAATATGTC,1
CACCCCGACAAGAGGG,1
CACCCCGCCCTAGTTT,1
CACCCCGGCTCGACAT,1
CACCCCGTCCTAATTT,1
CACCCCGTTCTGAGAA,1
CACCCCTAAACCGCCC,1
CACCCCTACAGAGAAC,1
CACCCCTAGCACCCTC,1
CACCCCTATTAGTTTT,1
CACCCCTCTTCACGAC,1
CACCCCTGGCACCCGC,1
CACCCGAAACTTTGAA,1
CACCCGAACTTGTCTC,1
CACCCGAAGACTGAAC,1
CACCCGAAGTAACGAT,1
CACCCGACTATCGGAA,1
CACCCGACTTGCCTCG,1
CACCCGCAACCGGACT,1
CACCCGCCAATTCATG,1
CACCCGCCAGTAGACA,1
CACCCGGAATTTCCGT,1
CACCCGGGGTGCCAAA,1
CACCCGTGACTCACCA,1
CACCCGTTTAGTCGAC,1
CACCCTAAAACTAAAA,1
CACCCTAAGAGAAAAC,1
CACCCTAAGAGGTGTT,1
CACCCTACTAGAGCCT,1
CACCCTAGTACACTAT,1
CACCCTATAAGCATCT,1
CACCCTATTAGCATAT,1
CACCCTATTCCGGGCA,1
CACCCTATTCTACCAG,1
CACCCTATTCTTAAAT,1
CACCCTCAAGGAAAGA,1
CACCCTCAGAGACTGA,1
CACCCTCCAGTAAAGA,1
CACCCTCGCTCTAGCA,1
CACCCTGTCGGAAGCC,1
CACCCTTAAACCTGAA,1
CACCCTTCACACGTAC,1
CACCCTTCACCCTTAC,1
CACCCTTCACCGACCT,1
CACCCTTCCACGACCT,1
CACCCTTCCCCGACAT,1
CACCCTTGAACCATTC,1
CACCCTTGAATCATGC,1
CACCCTTGCCCGACCT,1
CACCCTTGCTCCGTGT,1
CACCCTTGGCAACCCC,1
CACCCTTTAACGCAAT,1
CACCCTTTCCCGACCT,1
CACCCTTTTTCAAACA,1
CACCGAAACGCTAATG,1
CACCGAAATTGATTAT,1
CACCGAACATTCTGAC,1
CACCGAACCCAATAGT,1
CACCGAACCTTCTAAC,1
CACCGAACCTTTTGAC,1
CACCGAACTTTAAACA,1
CACCGAACTTTCTGAC,1
CACCGAATAGTATTTC,1
CACCGACAGATGTACG,1
CACCGACAGGGTGGTT,1
CACCGACATATGGTTG,1
CACCGACCATTAGAGC,1
CACCGACCCAAAGAAA,1
CACCGACCCAATGAAA,1
CACCGACTAAAAATGG,1
CACCGACTACAAACGC,1
CACCGACTATACACCC,1
CACCGACTATACCCCA,1
CACCGACTCCAAACTC,1
CACCGACTGTCGCGTT,1
CACCGAGAAATGCCGC,1
CACCGAGCACTAAAGC,1
CACCGAGCGCAAGCTG,1
CACCGAGGATGGACCC,1
CACCGATCTCAGGATA,1
CACCGATGACCGGAAA,1
CACCGATGCTCAGAGC,1
CACCGATGGTGATCAG,1
CACCGATGGTGATCCT,1
CACCGATGGTGATCGG,1
CACCGATGGTGGTCCG,1
CACCGATGGTTATCCG,1
CACCGATTTCAGTAAA,1
CACCGCAAAGGTCATA,1
CACCGCACCTCAGAAT,1
CACCGCATTTGATTAA,1
CACCGCCCGCAATCCG,1
CACCGCCGACGCAAAT,1
CACCGCCGCCACAAAT,1
CACCGCCGCCTCAAAT,1
CACCGCCTCCGCAAAT,1
CACCGCCTTTTAGTTG,1
CACCGCGAGATGCCGC,1
CACCGCGATAGTAAGT,1
CACCGCGGATGGCCCC,1
CACCGCGGGCCATCTG,1
CACCGCTGTTCACTCC,1
CACCGCTTGATCAACA,1
CACCGCTTTATAGCCA,1
CACCGGAAAGGTCAAA,1
CACCGGAAAGGTGATA,1
CACCGGAAAGTTCATA,1
CACCGGCACCGTGACA,1
CACCGGCTAAAAACAC,1
CACCGGGACTATGCCA,1
CACCGGGAGAACTAGG,1
CACCGGTATGTATAGG,1
CACCGGTCATGGGCCT,1
CACCGGTCTCACGGTG,1
CACCGGTGGATACGAT,1
CACCGGTGGCACCCAC,1
CACCGGTGTGTCTAGG,1
CACCGTAAAAAATTGG,1
CACCGTAAAGCGACAA,1
CACCGTAACACGAACA,1
CACCGTACACAGAACA,1
CACCGTACTTACACAA,1
CACCGTATAGCCAACA,1
CACCGTCAATATAAGT,1
CACCGTCACAGCCGCC,1
CACCGTCACCAATTTA,1
CACCGTCACGGCAGCC,1
CACCGTCAGGGCCGCC,1
CACCGTCCTCTTGGCC,1
CACCGTCTGCTTGGCC,1
CACCGTCTTACTAAAG,1
CACCGTCTTCTGACAC,1
CACCGTCTTTACTGAC,1
CACCGTGACTGGAAAC,1
CACCGTGATTGGCAAC,1
CACCGTGCGAAATACA,1
CACCGTGTATAATATT,1
CACCGTGTTCAGTTTT,1
CACCGTGTTTACTGGC,1
CACCGTTAACTTGCCG,1
CACCGTTAACTTTCCC,1
CACCGTTACGGACCAA,1
CACCGTTATTGACCAA,1
CACCGTTTGGACACAG,1
CACCGTTTTCTTGGCC,1
CACCTAAAAAGTGAAG,1
CACCTAAAACCTTTGG,1
CACCTAAAGTCTAAGT,1
CACCTAAAGTTCTGGC,1
CACCTAAATAATTCAG,1
CACCTAACAACAAAGT,1
CACCTAACATTAATCT,1
CACCTAACGATTGTAT,1
CACCTAACTATATCAC,1
CACCTAAGAAGTACCT,1
CACCTAAGCAAACAAC,1
CACCTAAGCACCGCTA,1
CACCTAATTTAGAAAC,1
CACCTACACGAGACAA,1
CACCTACAGAGTGAAG,1
CACCTACAGATGTACA,1
CACCTACATAACCCTC,1
CACCTACATCACCATC,1
CACCTACATCACCCTA,1
CACCTACCAAGGAAGG,1
CACCTACCAATTCATG,1
CACCTACCACGGATGG,1
CACCTACCAGAAATCA,1
CACCTACCCAACGAAA,1
CACCTACCCCAATATC,1
CACCTACTATACCCCC,1
CACCTAGAAATCTCTA,1
CACCTAGAAATTACCA,1
CACCTAGAACATTACA,1
CACCTAGAATTTCCGT,1
CACCTAGTCATTCAAT,1
CACCTATAACCCCTAG,1
CACCTATACAAGTGTT,1
CACCTATTTGAGAATT,1
CACCTATTTGTTAACA,1
CACCTCCCACAAGAAC,1
CACCTCCCATTACTAG,1
CACCTCCGTTAGTAAA,1
CACCTCGAAATCACCA,1
CACCTCGGATAAGGCT,1
CACCTCTAATAGCTTA,1
CACCTCTACAAAAGAC,1
CACCTCTAGTAAGGAT,1
CACCTCTCGCTACCTG,1
CACCTCTCTCCTGGTT,1
CACCTCTCTTTAGGTA,1
CACCTCTTTTTAGAAA,1
CACCTGAAAAAACAAT,1
CACCTGAAAGGTCATA,1
CACCTGAATTTGCTAA,1
CACCTGACTTTGATAA,1
CACCTGACTTTTCTAA,1
CACCTGATTGGAAGTA,1
CACCTGCACAACGACA,1
CACCTGCCTTAATCCT,1
CACCTGGAGTTTCAAT,1
CACCTGGCAGCCCCCG,1
CACCTGGGGTTTCCAT,1
CACCTGTAAAACGCGC,1
CACCTGTAATAACCCC,1
CACCTGTATACCAAAA,1
CACCTGTATGTCTAGG,1
CACCTGTTAAGTCACC,1
CACCTTAAACATATAG,1
CACCTTAACACATGAG,1
CACCTTAAGGGAATAG,1
CACCTTAAGGGAATCT,1
CACCTTAAGGGAATTG,1
CACCTTAAGTGAATCG,1
CACCTTAATGAGAATG,1
CACCTTCAATACCATA,1
CACCTTCAATACTATA,1
CACCTTCAATATGATA,1
CACCTTCAATGCGATA,1
CACCTTCACGGCCGCC,1
CACCTTCCTTAGTAAA,1
CACCTTCGATACGATA,1
CACCTTCGTCACGTTA,1
CACCTTCTAAACAAAA,1
CACCTTCTTAACCGCA,1
CACCTTGAAAAACTCT,1
CACCTTGAGGGAATCG,1
CACCTTGAGTTTCCAT,1
CACCTTGCACATGACA,1
CACCTTTAACATAACA,1
CACCTTTAACTTGCCC,1
CACCTTTGTACCAAAA,1
CACCTTTGTCTTATTC,1
CACCTTTTGATAAGCG,1
CACCTTTTGATCAGAG,1
CACGAAAAAAAGCGTT,1
CACGAAAAAAGCACAT,1
CACGAAAACTAATCAG,1
CACGAAAAGGCAATGG,1
CACGAAAAGTTGGAAG,1
CACGAAAATATGTTTT,1
CACGAAAATGGCGGTC,1
CACGAAAATTGCACCA,1
CACGAAACAAAAAACC,1
CACGAAACATCACAAC,1
CACGAAACGGCCAAAC,1
CACGAAACTCACAAAA,1
CACGAAACTTTCGCAA,1
CACGAAAGCAGCAAGA,1
CACGAAAGGGCAATGA,1
CACGAAATAGGAGCTA,1
CACGAAATCCCAGGTT,1
CACGAAATCCTATGTT,1
CACGAAATGCTAGGTT,1
CACGAAATGGGAGCTA,1
CACGAAATTGAAGCTA,1
CACGAAATTGGAGATA,1
CACGAAATTGGGGCTA,1
CACGAAATTGTAGCTA,1
CACGAACAATGATCAG,1
CACGAACGATAAGGAG,1
CACGAACTGTATACCG,1
CACGAACTTCCTACAA,1
CACGAAGGTTAGGTTT,1
CACGAATAACCGTACC,1
CACGAATAGACCAGAA,1
CACGAATATCGTCTAT,1
CACGAATATCTTTGAA,1
CACGAATGGTTTGACA,1
CACGAATTAGACAATA,1
CACGAATTTACAATAT,1
CACGAATTTCAGGTGC,1
CACGACAAAATACAAC,1
CACGACAAACAAACGA,1
CACGACAAACGGTTAT,1
CACGACAAAGAAAAAA,1
CACGACAAAGCGTGCA,1
CACGACAAGCATCATA,1
CACGACAATACTATTG,1
CACGACAATTGCGAAT,1
CACGACAGCAGCAAAA,1
CACGACAGCAGCAATA,1
CACGACCAAAACCATT,1
CACGACCAACGTAACA,1
CACGACCAGGTGTGTT,1
CACGACCCATGTTTTT,1
CACGACCCCTTTAACC,1
CACGACCGGAATAGTA,1
CACGACCGGTTTGACA,1
CACGACCTTTCACTCA,1
CACGACGTCACTACCC,1
CACGACGTCTGAAGAT,1
CACGACTATGACGCCG,1
CACGACTATGCCGCAG,1
CACGACTATGCCGCCT,1
CACGACTATGCCTCCG,1
CACGACTCAATACACA,1
CACGACTCGGAGATCT,1
CACGACTCGTTTGACA,1
CACGACTGAATCTGAT,1
CACGACTGGAGACTCT,1
CACGACTGGTTTGAGA,1
CACGAGAAACCCCCCC,1
CACGAGAACATAGAAT,1
CACGAGAACATATCAT,1
CACGAGACAGAGAAAC,1
CACGAGACGTATATAC,1
CACGAGAGGCAGAAAC,1
CACGAGATGACAACCA,1
CACGAGCCCAAGAATC,1
CACGAGCGGACTCAAT,1
CACGAGGATTTCTAGA,1
CACGAGGCTAATTTAC,1
CACGAGGTAAAACCTC,1
CACGAGGTTTAGATAT,1
CACGAGTAACAAAGAT,1
CACGAGTGACACATAC,1
CACGATAAGAACCTGA,1
CACGATACAACATTTT,1
CACGATACCGACAACC,1
CACGATACTGATTGGA,1
CACGATACTTTGCCCA,1
CACGATAGATTTGCAA,1
CACGATATAATCTAAC,1
CACGATATGAAAACCA,1
CACGATATGTAGCACC,1
CACGATATTCACACCA,1
CACGATCAATTAAACA,1
CACGATCGGTCATAAC,1
CACGATCTGATCATGT,1
CACGATCTTTACGCAA,1
CACGATGCAAACGTAC,1
CACGATGCCGATGTCC,1
CACGATGCGTATAATC,1
CACGATGTAAGACACT,1
CACGATGTACTATACA,1
CACGATTAGCGTCGCC,1
CACGATTGTAAGGATT,1
CACGATTTTTTAAAAA,1
CACGCAAAAAAAAACC,1
CACGCAAAAAAACAAA,1
CACGCAAAAAACAAAC,1
CACGCAAAACACTAAC,1
CACGCAACAACCTATA,1
CACGCAACCACGAAGG,1
CACGCAACCGTGAAGG,1
CACGCAACGATGTTAA,1
CACGCAACGCTAACAG,1
CACGCAACGGCGAAGG,1
CACGCAAGACACAAAC,1
CACGCAAGCGGTGTAA,1
CACGCAAGGTTGGCTC,1
CACGCAAGGTTGTCCC,1
CACGCAAGTGGTGGAA,1
CACGCAATAAGTCAAC,1
CACGCAATGTTGGCCC,1
CACGCACGTTAAGAAC,1
CACGCAGAGCAACTTT,1
CACGCAGCGCAACTTT,1
CACGCAGGCGGTGGAA,1
CACGCAGTCCAACTTT,1
CACGCATAAAAGTAAA,1
CACGCATAAACTTAAA,1
CACGCATAAGCGTAAA,1
CACGCATAAGTAGCAT,1
CACGCATAAGTCGTAT,1
CACGCATACAAAAACC,1
CACGCATACAGCAGAA,1
CACGCATAGAAAAACC,1
CACGCATAGACGTAAA,1
CACGCATTGCAACTTT,1
CACGCATTGGAACGAA,1
CACGCCAAAAACCATT,1
CACGCCAAAAAGGAGA,1
CACGCCAACCTCCCAC,1
CACGCCAACCTTGAAC,1
CACGCCAAGCTGGAAC,1
CACGCCACAGAATTCA,1
CACGCCACCATACTCA,1
CACGCCACCATAGAAT,1
CACGCCACCCCAAAAA,1
CACGCCACTCATTCGA,1
CACGCCATAAGTCGAC,1
CACGCCATTGGATGGG,1
CACGCCCAAAACAATT,1
CACGCCCAAAACCACT,1
CACGCCCAAAACCATC,1
CACGCCCCAATTGATC,1
CACGCCGAATCTGATA,1
CACGCCGAATTTGTTA,1
CACGCCGAGTTTGATA,1
CACGCCGATTGGCTAG,1
CACGCCGCAGGATAGA,1
CACGCCTAATTTGATA,1
CACGCCTTAAAGCACC,1
CACGCCTTACGAATGG,1
CACGCCTTAGTTGATG,1
CACGCCTTATGAATGT,1
CACGCCTTCCGTAAAC,1
CACGCGATGAAAACCA,1
CACGCGATGACAACAA,1
CACGCGATGACAAGCA,1
CACGCGATTGAAAGTC,1
CACGCGATTGCCGTAT,1
CACGCGCAAGTCCTCG,1
CACGCGCGCTTCTTAG,1
CACGCGCTGGCGGAAG,1
CACGCGGATTTCTATA,1
CACGCGTACGCGAGTT,1
CACGCGTCGATGAGAC,1
CACGCGTCTGGTATCT,1
CACGCGTGATCACAAG,1
CACGCGTTTAGTCGAT,1
CACGCTAAACACAAAT,1
CACGCTACAGGTAACA,1
CACGCTAGAATGCGCC,1
CACGCTATCCAACTAC,1
CACGCTATGACAACCA,1
CACGCTCAAGTCTAGA,1
CACGCTCATCTACACT,1
CACGCTTACTATAATT,1
CACGCTTGAACCATGC,1
CACGCTTGATTAACGC,1
CACGCTTTTCCTACAC,1
CACGGAAAACACAAAC,1
CACGGAAAGCCAGCTG,1
CACGGAAATCCCATCT,1
CACGGAACTCCAATCT,1
CACGGAAGACAGTCTG,1
CACGGAATCCAAAGAT,1
CACGGAATTACAAAAA,1
CACGGAATTGGAGCTA,1
CACGGACAAGCATATT,1
CACGGACCACCATATT,1
CACGGACCAGCGTATT,1
CACGGACCATCATATT,1
CACGGACCCATCACCC,1
CACGGACCTCTTTTAG,1
CACGGACCTGAGCAAT,1
CACGGACGGTACAATG,1
CACGGACTGTATACCA,1
CACGGAGATATGAAAG,1
CACGGAGATCGGAAAG,1
CACGGATCGCCTATAA,1
CACGGATTAGTTACTC,1
CACGGCAAGCTGCTAT,1
CACGGCACCCTGAGGG,1
CACGGCACCGATGAAC,1
CACGGCATAGAGAACT,1
CACGGCATTGGATGGA,1
CACGGCCACCAATAGC,1
CACGGCCAGGCGTAAA,1
CACGGCCCATACACTA,1
CACGGCCCGAAGATGT,1
CACGGCCCTGATCAAT,1
CACGGCCGAAGACACT,1
CACGGCCGGCACAATG,1
CACGGCCGTGAAATCC,1
CACGGCCTCCCAGATT,1
CACGGCCTGAGAACTC,1
CACGGCCTGTACAATG,1
CACGGCTCCCCTATAA,1
CACGGCTCGCATATAA,1
CACGGCTGACCATCAT,1
CACGGCTGAGACCTAG,1
CACGGCTTGCCTATAA,1
CACGGGACTCACGCAC,1
CACGGGCCCTTGAACC,1
CACGGGGCAACAAATT,1
CACGGTAGAATTGAAG,1
CACGGTAGGATCGATA,1
CACGGTATACAACGTA,1
CACGGTCAGATGTCAT,1
CACGGTCCCAACAACA,1
CACGGTCGTTCTAAAC,1
CACGGTCTCCGTTTTG,1
CACGGTGAACGAAGCG,1
CACGGTGAACGACCCG,1
CACGGTGAACGGCGCG,1
CACGGTGAATGACGCG,1
CACGGTGTAACAAATT,1
CACGTAAAAAACCTGT,1
CACGTAAACAACATGT,1
CACGTAAACAACCTGG,1
CACGTAAATAACTAAG,1
CACGTAAATCTTAGTA,1
CACGTAACTAGCAACC,1
CACGTAACTGGCAACA,1
CACGTAAGTCCTAAAA,1
CACGTAAGTGAAGCCT,1
CACGTACAACGAGTTG,1
CACGTACATCAGAAGC,1
CACGTACCATCACCCG,1
CACGTACGTGAAGGCT,1
CACGTAGAAATGGTCC,1
CACGTAGCATGGTAAT,1
CACGTAGGTTTGGTCA,1
CACGTAGTACTCTTAA,1
CACGTAGTCTAAAACA,1
CACGTAGTGTAAAATA,1
CACGTATAAATTCACT,1
CACGTATGCGCGGTTG,1
CACGTATTTTCAAAAA,1
CACGTATTTTGACGGA,1
CACGTCCAACTTTAAA,1
CACGTCCGGTACAATG,1
CACGTCCTAGCTTATA,1
CACGTCCTAGCTTCTC,1
CACGTCGAATAGAGCA,1
CACGTCTAAGTGCCTT,1
CACGTCTCTAAAAACC,1
CACGTCTGATACGAGA,1
CACGTCTTGAGAACTC,1
CACGTCTTGCTGTTCA,1
CACGTGAACCCTATTG,1
CACGTGACAAACAACA,1
CACGTGACCTATATAT,1
CACGTGACTAATTAAA,1
CACGTGATAAAACTTG,1
CACGTGATAGGAGGTC,1
CACGTGATTGCCTTAT,1
CACGTGATTGCTGTAT,1
CACGTGATTTCCGTAT,1
CACGTGCACTCCGGGT,1
CACGTGCGAAATTGTG,1
CACGTGCGACTTGTTA,1
CACGTGCTCCTTGTTA,1
CACGTGGCATATGTTA,1
CACGTGGCTCTCTTAG,1
CACGTGTGGCACTCTA,1
CACGTTCAAATCCCGA,1
CACGTTCCAAGCAATC,1
CACGTTCCTCGTATCA,1
CACGTTCTATTCAACC,1
CACGTTGAATTGTTGA,1
CACGTTGCTACCAAAA,1
CACGTTGTTAACCATT,1
CACGTTTAAGTCGGCA,1
CACGTTTAGCACTATC,1
CACGTTTCCTATCACC,1
CACGTTTCGTATCACC,1
CACTAAAAAACGCCAC,1
CACTAAAAATAGAGTT,1
CACTAAAACCACATTC,1
CACTAAAACCCAATGA,1
CACTAAAAGTATCCCC,1
CACTAAAATAACCAGT,1
CACTAAAATACGGCAC,1
CACTAAAATCGAATAT,1
CACTAAACCAGCGAGA,1
CACTAAACGAGCGAGA,1
CACTAAACGCACAAAA,1
CACTAAACGTAAATAC,1
CACTAAACTAGAGAGA,1
CACTAAACTAGCGAGT,1
CACTAAACTAGCGATA,1
CACTAAATGTAAATAA,1
CACTAAATTAAGCCCA,1
CACTAAATTTAAATAC,1
CACTAACAAGACCTCA,1
CACTAACACAGTATAA,1
CACTAACAGAACCAGT,1
CACTAACATAAACAGT,1
CACTAACATCCTGTGT,1
CACTAACCACTGATAG,1
CACTAACCCAGAGACT,1
CACTAACGCAACCGAA,1
CACTAACGCCTACATA,1
CACTAACGTGATTTTG,1
CACTAACTAAACACAA,1
CACTAACTACGCACCG,1
CACTAACTCAGAGTAT,1
CACTAACTGAACACAA,1
CACTAACTTAACAAAA,1
CACTAACTTGACACAA,1
CACTAAGACCGAATAT,1
CACTAAGATACCATCA,1
CACTAAGATACGCACC,1
CACTAAGATCTAATAT,1
CACTAAGCGCACACTA,1
CACTAAGGTACTGAAG,1
CACTAATAACGCGATA,1
CACTAATCCTTAATCG,1
CACTAATCGAAAATAG,1
CACTAATCTGGGATAA,1
CACTAATGGAAATCCC,1
CACTAATTAATGCAAC,1
CACTAATTAATGTTAA,1
CACTAATTATGCAATA,1
CACTAATTATTGAGTA,1
CACTAATTCCCGCAAT,1
CACTACAAAAAAACGC,1
CACTACAATGCTTAAC,1
CACTACACAGTGCCTT,1
CACTACACGACTATCG,1
CACTACAGGTGACAGC,1
CACTACATGGATTAGC,1
CACTACATTAATGACA,1
CACTACCATAAAAACA,1
CACTACCATAACCCTT,1
CACTACCATGTGCTAA,1
CACTACCCCTTCACCT,1
CACTACCCCTTTACCA,1
CACTACCCGTTCACCA,1
CACTACCGTATAGAAG,1
CACTACCTAGGCTTGA,1
CACTACGAGTAGAACA,1
CACTACGAGTCTAATC,1
CACTACGCAATGCTAT,1
CACTACGCGACTATCT,1
CACTACGCTGCCGGGG,1
CACTACGGTGAGCATA,1
CACTACGTCCCGATAA,1
CACTACTAAATACCAG,1
CACTACTAGTTCCTTG,1
CACTACTAGTTTAAAC,1
CACTACTATGCCGCCG,1
CACTACTCGTGGTAGT,1
CACTACTGAGCAGGTC,1
CACTACTGGTTTGACA,1
CACTACTGTGGCGGCG,1
CACTACTTGATGCGAT,1
CACTACTTTTCCACCG,1
CACTAGAAGACAAACA,1
CACTAGAAGGAAGCAA,1
CACTAGACAAACTTCC,1
CACTAGAGAAGAGCCA,1
CACTAGAGCGATTTCT,1
CACTAGAGGCAATCGC,1
CACTAGATGAACTGTC,1
CACTAGCACACCAGAG,1
CACTAGCCACAAATCA,1
CACTAGCCGAACTGTC,1
CACTAGCCGAAGAACA,1
CACTAGCCTTTTAATA,1
CACTAGCGATTGTGTT,1
CACTAGCGGCAATCTC,1
CACTAGCTGAAATGTC,1
CACTAGCTGTACCCTA,1
CACTAGCTGTGCCCGA,1
CACTAGCTGTGCCTTA,1
CACTAGCTGTTCCCTA,1
CACTAGGGCGTGAGAA,1
CACTAGGGGCGAGTTT,1
CACTAGGTCGAATAGC,1
CACTAGTTAATCTAAA,1
CACTATAACGATCAGT,1
CACTATAATTGAATAC,1
CACTATAATTTCAAAG,1
CACTATACCAGTGGTG,1
CACTATACGTGAATAC,1
CACTATACTTTAATAC,1
CACTATAGAGAAGTCA,1
CACTATAGTCCTTTAA,1
CACTATAGTTCGTAAC,1
CACTATAGTTGAATAC,1
CACTATATAAGTAAGA,1
CACTATATAAGTACAA,1
CACTATATGCTTCAGA,1
CACTATATTTCAAAGA,1
CACTATCCGGCGATAG,1
CACTATCGATGAAATT,1
CACTATCGGCAATCGC,1
CACTATCTGAACTGTC,1
CACTATCTGATTCGAT,1
CACTATCTGTGCCCTA,1
CACTATGCGAAAGGGA,1
CACTATGGGCTCAACA,1
CACTATGTACTTAACC,1
CACTATGTCACTCGGA,1
CACTATGTCTATATCA,1
CACTATGTGACTGATG,1
CACTATTAAAGTCCAT,1
CACTATTAAATACCAT,1
CACTATTAAATAGCAG,1
CACTATTAACAACTAG,1
CACTATTAACCACAGC,1
CACTATTAACCTCAGC,1
CACTATTCAATCATTA,1
CACTATTCAGAAATAC,1
CACTATTGAATCTAAA,1
CACTATTGAATGTAGA,1
CACTATTGCTGTAGCA,1
CACTATTGTAAGGATT,1
CACTATTGTTCAAGAT,1
CACTATTTATACATGC,1
CACTATTTCAATCCGA,1
CACTCAAAACACAAAC,1
CACTCAAAATAACTCG,1
CACTCAAACCCATCAA,1
CACTCAAAGACCTTAT,1
CACTCAAAGTTATCAA,1
CACTCAACCTAAACGT,1
CACTCAAGAAATAAAA,1
CACTCAAGGGCCCAAT,1
CACTCAATCAGAACTG,1
CACTCAATGACGCACC,1
CACTCACAAGTTGGGA,1
CACTCACACGTTCACA,1
CACTCACAGAATAAGT,1
CACTCAGAACCTAAAC,1
CACTCAGTATAGGCAG,1
CACTCAGTGTAGGTAG,1
CACTCATAAACGTAAA,1
CACTCATAAATGTTAA,1
CACTCATAAGTCGCAT,1
CACTCATCCCCGCAAT,1
CACTCATGCTAAGAAA,1
CACTCATTAATGTATA,1
CACTCATTAATGTTAG,1
CACTCATTACCCAAAA,1
CACTCATTCACGCAAT,1
CACTCATTCCCGAAAT,1
CACTCATTCCCGCGAT,1
CACTCATTCCCTCAAT,1
CACTCATTCCGGCAAT,1
CACTCATTGCCGCAAT,1
CACTCATTGTAGGCAG,1
CACTCCAAGATTCCAC,1
CACTCCAAGATTCTAA,1
CACTCCAAGGTTCTAC,1
CACTCCAATATTCTAC,1
CACTCCACCCAAACAA,1
CACTCCATGAATGACA,1
CACTCCATGAGTCCCA,1
CACTCCATGATTCTAC,1
CACTCCATGCGTTAGG,1
CACTCCATTAATGTCA,1
CACTCCATTCCGGGCA,1
CACTCCCACGTTCAGA,1
CACTCCCATAATTTTA,1
CACTCCGTTAATGACA,1
CACTCCTAAAGTAACT,1
CACTCCTATTAGTTTG,1
CACTCCTTAGTTGCTG,1
CACTCCTTGATGCGTT,1
CACTCCTTGATGGGAT,1
CACTCCTTTATGCGAT,1
CACTCGAACTTAATAA,1
CACTCGAACTTAGTAC,1
CACTCGAGACCCAATC,1
CACTCGAGGACCCAAT,1
CACTCGCAAAAATAAC,1
CACTCGCCCAAGTCCA,1
CACTCGCCCGCCCGAC,1
CACTCGGAAAAACATA,1
CACTCGGCACAGAGCC,1
CACTCGTCTTCAAATC,1
CACTCGTTCCCGCAAT,1
CACTCTACAAAATAGT,1
CACTCTACACACACTA,1
CACTCTAGAACGAACG,1
CACTCTAGGTGGCGTT,1
CACTCTATTCCGGACA,1
CACTCTATTCCGGCCA,1
CACTCTATTCCGGGAA,1
CACTCTATTGCGGGCA,1
CACTCTCAAATAGGAT,1
CACTCTCAAATTATAC,1
CACTCTCCAATTATGC,1
CACTCTCGTGGAGTTC,1
CACTCTGAAGAATTGA,1
CACTCTGAGCCCTTAG,1
CACTCTGCACACTTCA,1
CACTCTGCCTAACAAA,1
CACTCTGGAGCGTCTC,1
CACTCTGTAATTAACC,1
CACTCTGTACTTAAAA,1
CACTCTGTATTCTCTG,1
CACTCTGTCGGAAGCA,1
CACTCTGTCGGGAGCC,1
CACTCTTAATTGACCG,1
CACTCTTAATTGGCAG,1
CACTCTTAATTGGCCT,1
CACTCTTAATTTGCCG,1
CACTCTTAGCAAACCT,1
CACTCTTCAGTATTTT,1
CACTCTTGGCGCAACT,1
CACTCTTTACTTAACC,1
CACTCTTTATTCTCTG,1
CACTCTTTCGGAAGCC,1
CACTCTTTTCACCCAG,1
CACTGAAAACCAATGA,1
CACTGAAACCACCAAT,1
CACTGAAACCCAACGA,1
CACTGAAAGCAGTAAC,1
CACTGAAAGCCAATGA,1
CACTGAAAGCTATCCA,1
CACTGAAATAATAATT,1
CACTGAAATAGAACCT,1
CACTGAACAAGCGATC,1
CACTGAACAAGTTATC,1
CACTGAAGCAATCACC,1
CACTGAAGCACCGCTA,1
CACTGAATATACAACA,1
CACTGAATATTGTTCG,1
CACTGACAATAACTGA,1
CACTGACAGATGTACA,1
CACTGACCAACTAAAA,1
CACTGACCCGCCCGAC,1
CACTGACTTTAAATTA,1
CACTGAGAGTCAAAGA,1
CACTGAGATGAATGCA,1
CACTGAGTTGAAAAAA,1
CACTGATACCCTATCG,1
CACTGATGACCATTTA,1
CACTGATGTAGTCGAG,1
CACTGATTACGCGAAC,1
CACTGATTTAGGCGAG,1
CACTGATTTATTTTGG,1
CACTGCAACGCAAAAT,1
CACTGCAAGCAAAAGC,1
CACTGCAAGCTATACA,1
CACTGCAAGCTATTCA,1
CACTGCAATGCTGGAA,1
CACTGCACCGCAAGTA,1
CACTGCAGCAATCACA,1
CACTGCAGCAATCAGC,1
CACTGCAGCAATCATC,1
CACTGCCGAGGAGATT,1
CACTGCGACTTCCAGA,1
CACTGCTACCAAACTA,1
CACTGCTCACAAAAAC,1
CACTGCTCCCAAAGAC,1
CACTGCTCCCAATATC,1
CACTGCTCCCAGAAAC,1
CACTGCTCGCAAAAAC,1
CACTGCTGGTCTAACC,1
CACTGCTTTTGGGGTA,1
CACTGGATTATCGAAA,1
CACTGGCCCGCACGAC,1
CACTGGCCCGCCCGTC,1
CACTGGCCCGCGCGAC,1
CACTGGCCGGCCCGAC,1
CACTGGCCTGCCCGAC,1
CACTGGGCTTTAAAGA,1
CACTGGGCTTTAACTA,1
CACTGGTAGTTATTTA,1
CACTGGTATCATACAG,1
CACTGGTCGGGATATC,1
CACTGGTGTATCAAGA,1
CACTGGTTGGAAAAAA,1
CACTGTAAAATTTACC,1
CACTGTAAATTTCAGC,1
CACTGTAACAAAAACT,1
CACTGTAACTCGAAGT,1
CACTGTAACTTCCAGA,1
CACTGTAAGTAAAAGA,1
CACTGTAATTCCAAGT,1
CACTGTACAAAATAGC,1
CACTGTACAAAATATT,1
CACTGTACCTTAAGTC,1
CACTGTATCGCCGATG,1
CACTGTATTCATTACA,1
CACTGTCAAATTTGCC,1
CACTGTGAATTCCAGA,1
CACTGTGTAATACTTG,1
CACTGTGTTATACTTA,1
CACTGTTCTGTCAAAG,1
CACTGTTTTATTAGCA,1
CACTTAAAACTGATTA,1
CACTTAAACAACCTGT,1
CACTTAAACCCTATTG,1
CACTTAAAGCACTATT,1
CACTTAAATATAACAC,1
CACTTAAATCCAGCCC,1
CACTTAAATGGAGAAC,1
CACTTAACATAGTTTT,1
CACTTAACATCGTGCC,1
CACTTAACGAGTCACA,1
CACTTAACGTAGTTTA,1
CACTTAAGAACTAATA,1
CACTTAAGCACTAAAC,1
CACTTAAGCGTAATAA,1
CACTTAATATGGTTCG,1
CACTTAATATTCCATA,1
CACTTAATTAAAAATT,1
CACTTAATTTAGGCTG,1
CACTTACAATAATTGA,1
CACTTACACAACGACA,1
CACTTACGTGAAGCCT,1
CACTTAGAAAACAAAA,1
CACTTAGAAAGCAACA,1
CACTTAGATCACCTCG,1
CACTTAGCACAACTAA,1
CACTTAGTATTCCATT,1
CACTTAGTGATGATAA,1
CACTTATAATACTCAT,1
CACTTATATAAGAGAG,1
CACTTATATTCTATGG,1
CACTTATCCCGAAGAA,1
CACTTATTAATTCCTA,1
CACTTATTCCCGCAAT,1
CACTTCAGATAGAGAC,1
CACTTCAGATATAAAC,1
CACTTCAGCTGTGAAT,1
CACTTCAGGTAGAAAC,1
CACTTCAGTATCTTTA,1
CACTTCATATAGAAAC,1
CACTTCATGAGATACC,1
CACTTCATTAGATAAC,1
CACTTCATTAGATACA,1
CACTTCATTATATACC,1
CACTTCATTGGATACC,1
CACTTCCACGCAAAAT,1
CACTTCCATAAAACGA,1
CACTTCCCTAGTCATA,1
CACTTCCGTAAAACTA,1
CACTTCGAACATCGGA,1
CACTTCGGAACAACAT,1
CACTTCGTCATCATAA,1
CACTTCGTCATTAGAA,1
CACTTCGTTAGATACC,1
CACTTCTTAGAGCAGT,1
CACTTGAAAAATAAAA,1
CACTTGACCAAGTCCA,1
CACTTGATTGACACCC,1
CACTTGCACAACAACA,1
CACTTGCACAACGTCA,1
CACTTGCACAATCGGA,1
CACTTGCAGTGCCAAT,1
CACTTGCCCAAGTCCG,1
CACTTGCCCAAGTCCT,1
CACTTGCCCGCCCGAC,1
CACTTGCCGTATTTAA,1
CACTTGCGTGACAGTA,1
CACTTGGGGGGACAAC,1
CACTTGTACTGCAGAT,1
CACTTGTAGGTATTCG,1
CACTTTAAAATCTACG,1
CACTTTAAGAGCGCAA,1
CACTTTAGAACGAACA,1
CACTTTATCTATTATC,1
CACTTTATTATATACC,1
CACTTTCAAAACGCAC,1
CACTTTCAAGCCCAAA,1
CACTTTCAATGTCAAA,1
CACTTTCACAACGACA,1
CACTTTCACAGAAAGC,1
CACTTTCACAGACTTA,1
CACTTTCACCTACTTA,1
CACTTTCATAATCCAT,1
CACTTTCGTAGCGTGA,1
CACTTTCGTCTTATTC,1
CACTTTCTAGGCAAGG,1
CACTTTCTGATACATA,1
CACTTTGACTAACAAA,1
CACTTTGACTTCCAGA,1
CACTTTGCAATACTAC,1
CACTTTGGACTCAACA,1
CACTTTGTTTGAGTGC,1
CACTTTTAACTACATA,1
CACTTTTCCAACTACC,1
CACTTTTCCTAACAAA,1
CACTTTTGTCCGAATG,1
CACTTTTGTCGTATTC,1
CACTTTTGTCTTATGC,1
CACTTTTGTTGAGTGC,1
CACTTTTTACTCGTCC,1
CACTTTTTACTCGTCT,1
CACTTTTTTACATAAT,1
CAGAAAAAGGGGGTAA,1
CAGAAAACATCTACTA,1
CAGAAAACCAAAACTG,1
CAGAAAACCTCGATCC,1
CAGAAAACTCTTAGTA,1
CAGAAAAGACAGACCA,1
CAGAAAAGGAACTGGT,1
CAGAAAAGGGATTATA,1
CAGAAAAGTGCATGGT,1
CAGAAAATACTGAAAC,1
CAGAAAATAGTGAGCC,1
CAGAAAATCAAAAATG,1
CAGAAAATCCTCCGTC,1
CAGAAAATGAAAACTG,1
CAGAAAATTCCCAACA,1
CAGAAACAGGAAGATT,1
CAGAAACAGGTGAAGA,1
CAGAAACCCACAGACT,1
CAGAAACGAGGCAGTA,1
CAGAAACTATTACTCC,1
CAGAAACTCATCCGTC,1
CAGAAACTCCTACGTC,1
CAGAAAGAATTAACCC,1
CAGAAAGACAAAAAAA,1
CAGAAAGACCGTAACC,1
CAGAAAGACGAAAGAA,1
CAGAAAGACTAAAAAA,1
CAGAAAGAGGAAAAAA,1
CAGAAAGCACATGAAT,1
CAGAAAGGCGAAAAAA,1
CAGAAAGGTCTGCATT,1
CAGAAAGTAGTGCGCC,1
CAGAAAGTCAACAGAA,1
CAGAAATAACGATTTC,1
CAGAAATACATGGACC,1
CAGAAATACCCAGCGA,1
CAGAAATAGAAACCGC,1
CAGAAATCGAGAAACA,1
CAGAAATCGATCCACG,1
CAGAAATCTTCCTGAA,1
CAGAAATTCCCAATTG,1
CAGAAATTCGATAGAA,1
CAGAAATTGATACACG,1
CAGAAATTGATTTCTT,1
CAGAAATTGCATTGCA,1
CAGAAATTGTAAAAAA,1
CAGAAATTTGTACTCG,1
CAGAACAAAGGAATGG,1
CAGAACAAATAGCTTC,1
CAGAACAATCACATGT,1
CAGAACAATTTGTACT,1
CAGAACACAAATGAAA,1
CAGAACACCGGAACGC,1
CAGAACAGAAAGTACC,1
CAGAACAGCTGAGAGA,1
CAGAACATACAATAAG,1
CAGAACATATAGTAAG,1
CAGAACCAACACTCAC,1
CAGAACCAACTCAAAC,1
CAGAACCAGATATGAG,1
CAGAACCATGTACCCG,1
CAGAACCCAAACAAAT,1
CAGAACCCAGATCAAC,1
CAGAACCCAGGAACGC,1
CAGAACCCCGATCAGC,1
CAGAACCCGGATCAAC,1
CAGAACGAAAAAAGTT,1
CAGAACGAATGCCTTA,1
CAGAACGCCCGGTTCA,1
CAGAACGGAAACTATA,1
CAGAACGGGCAATGAA,1
CAGAACGTAAAAGGCA,1
CAGAACGTCTGAAGAT,1
CAGAACTATTCTCCCG,1
CAGAACTCATTCATTA,1
CAGAACTCCCACAAGT,1
CAGAACTGGACGTCTC,1
CAGAACTGTGCGGAAT,1
CAGAACTTACCATAGA,1
CAGAAGAAAAACCTCA,1
CAGAAGAAAATATTGA,1
CAGAAGAAACAATAAA,1
CAGAAGAAACAATATA,1
CAGAAGAAACAGTACA,1
CAGAAGACCATCGGCG,1
CAGAAGACGAATCAGA,1
CAGAAGACGTAAAAGT,1
CAGAAGAGACAATACA,1
CAGAAGAGCTATTTGT,1
CAGAAGATATTCTGCC,1
CAGAAGATGTAGACGT,1
CAGAAGATGTGTATAC,1
CAGAAGCACTCGATCT,1
CAGAAGCAGAGCGTAG,1
CAGAAGCATATAAAGC,1
CAGAAGCATATAGACC,1
CAGAAGCATATCTCTG,1
CAGAAGCCCGATCAAC,1
CAGAAGCGATCTGCGA,1
CAGAAGCGATCTTCAA,1
CAGAAGCTAATAGGGG,1
CAGAAGCTCCCTCACA,1
CAGAAGGAAAGGGCAC,1
CAGAAGGAACCACGCG,1
CAGAAGGAATGTCTTA,1
CAGAAGGCAAAGGCAC,1
CAGAAGGCAAGCGCAC,1
CAGAAGGCAAGGGAAC,1
CAGAAGGCAAGGTCAC,1
CAGAAGGCAAGTGCAC,1
CAGAAGGTAGTTTTTT,1
CAGAAGTAAAATTTGG,1
CAGAAGTAACCAAGAA,1
CAGAAGTACATGGACA,1
CAGAAGTATATCTCCC,1
CAGAAGTGCTGGATAG,1
CAGAAGTTCCGCGTCT,1
CAGAATAAAAGATGAT,1
CAGAATAAAGATGTTA,1
CAGAATAACAACAAAA,1
CAGAATAAGAATGACT,1
CAGAATAAGGATGTTA,1
CAGAATAATGATGTTG,1
CAGAATAATGATGTTT,1
CAGAATAATTAATAAG,1
CAGAATACCGTCTAAA,1
CAGAATACCTGCTCCT,1
CAGAATACGCCAGATC,1
CAGAATAGCCCAATTA,1
CAGAATAGTACTAAAA,1
CAGAATAGTCATGCAA,1
CAGAATAGTGATGTTA,1
CAGAATATATTTCTAG,1
CAGAATATTATAAGAC,1
CAGAATCACCCCATTT,1
CAGAATCACCGGCTAA,1
CAGAATCATATGCACA,1
CAGAATCCCAGAATCG,1
CAGAATCCCCTCAAAG,1
CAGAATCCCTGGTTAC,1
CAGAATCCCTTCGAAG,1
CAGAATCTACATTACC,1
CAGAATCTGATAAGAC,1
CAGAATGAAATATTTG,1
CAGAATGACCATAGAA,1
CAGAATGACCCTGGAA,1
CAGAATGATCTATATG,1
CAGAATGCCCAAACCC,1
CAGAATGTATAATATT,1
CAGAATTAAATAGTTG,1
CAGAATTATTTAAGAT,1
CAGAATTCATAAACCT,1
CAGAATTCGAAGGATA,1
CAGAATTTTCAGACTT,1
CAGACAAAAGGTTAGG,1
CAGACAAAGATTATAA,1
CAGACAAAGGGGGTGA,1
CAGACAAAGGTGGTAA,1
CAGACAAAGTATAACC,1
CAGACAAATAAACACA,1
CAGACAAATAGGGAAA,1
CAGACAAATCAGACAA,1
CAGACAAATGGGGTAA,1
CAGACAACCCATATAA,1
CAGACAACGGAAATAA,1
CAGACAATAACCCCAC,1
CAGACAATCTAGCCAA,1
CAGACAATGGGGGTAA,1
CAGACAATTCCTAATA,1
CAGACACAAATAGAAG,1
CAGACACAATGAATAC,1
CAGACACATAAGTTGT,1
CAGACACATAATAAGG,1
CAGACACCAGATTTAC,1
CAGACACCAGCTTTAA,1
CAGACACCATAACTCG,1
CAGACACCGGCTTTAC,1
CAGACACTATGACACC,1
CAGACAGACCAAGCCA,1
CAGACAGACTAAGCCT,1
CAGACAGCGTAACTAA,1
CAGACAGGGCCTTGAA,1
CAGACAGTACTTATAA,1
CAGACAGTATGAAGCA,1
CAGACATAAAAGTTGT,1
CAGACATAGAAGTTGT,1
CAGACATATAAGCTGT,1
CAGACATATAAGTCGT,1
CAGACATATAAGTTGC,1
CAGACATCCGATGGAT,1
CAGACATGAAATCATG,1
CAGACATGGATTCATT,1
CAGACATTAAACCCAG,1
CAGACATTAAATGCAA,1
CAGACATTACACCAAG,1
CAGACATTACACCCAC,1
CAGACATTACACCCCG,1
CAGACATTGCACCCAG,1
CAGACCAAACCTTCGA,1
CAGACCAAATACGCGA,1
CAGACCAATACGGAAA,1
CAGACCAATCATTCGA,1
CAGACCAATCCTTAGA,1
CAGACCAATCCTTCGG,1
CAGACCAATTCTTCGA,1
CAGACCACAAAAGTGA,1
CAGACCACATATGTCG,1
CAGACCACTCCGGACT,1
CAGACCAGTTATCCTA,1
CAGACCATCGATTTTC,1
CAGACCATTCTGAGAT,1
CAGACCCAAAGAAGGT,1
CAGACCCACAAATCTC,1
CAGACCCACCTGGAGG,1
CAGACCCACTGATCCC,1
CAGACCCAGAAATGTC,1
CAGACCCAGTGAATCG,1
CAGACCCATTCACGCA,1
CAGACCCTCGCGCAAC,1
CAGACCCTCTCGCCAC,1
CAGACCGAATGTCTTA,1
CAGACCGATACAATGT,1
CAGACCGCAATAGAAT,1
CAGACCGGGTCCGGGA,1
CAGACCTAACACGGAG,1
CAGACCTAATGTCGCC,1
CAGACCTAGTTTGAAC,1
CAGACCTGGTCTCTTG,1
CAGACCTTAAACGAAA,1
CAGACGAAAGCAACTC,1
CAGACGAATACACAAT,1
CAGACGACAATAGAAT,1
CAGACGCACATCAATG,1
CAGACGCAGACCACCC,1
CAGACGCAGCGCATTC,1
CAGACGCCAGCCAGTG,1
CAGACGCCTCCGAAAA,1
CAGACGCCTCTCCGTT,1
CAGACGCGCGGACGAA,1
CAGACGCTACCTAAAC,1
CAGACGCTACCTACAT,1
CAGACGCTACCTATAC,1
CAGACGCTCGCGCCAC,1
CAGACGCTTCCCCGTT,1
CAGACGGCAATAAAAT,1
CAGACGGCAATAGAAG,1
CAGACGGCGATAGAAT,1
CAGACGTACGGGAACC,1
CAGACTAAGAGACTAC,1
CAGACTACACCGGACT,1
CAGACTACATTTCTAG,1
CAGACTACTACCGGAT,1
CAGACTACTCAGGACT,1
CAGACTACTCCGATCT,1
CAGACTACTCGGGACT,1
CAGACTACTGCGGACT,1
CAGACTAGTGCTTCCT,1
CAGACTATATCCGACA,1
CAGACTATATTTCTGG,1
CAGACTATTGGATAAT,1
CAGACTCCCTGGCTAC,1
CAGACTCGGCTCCATC,1
CAGACTCGTAATGCAG,1
CAGACTGCTCCGGACT,1
CAGACTGTTCGAAAAA,1
CAGACTGTTTACTGCC,1
CAGACTTAATACAAAT,1
CAGACTTAGCACCAAT,1
CAGACTTATAAAATTC,1
CAGAGAAACCGTACGC,1
CAGAGAACCATTCACA,1
CAGAGAACGGAATGAG,1
CAGAGAACTGACCCTA,1
CAGAGAACTGAGTGAG,1
CAGAGAACTTTCGATG,1
CAGAGAAGCACTAACT,1
CAGAGAAGTCAAATTT,1
CAGAGAAGTTCCACCA,1
CAGAGAATAATAGGCA,1
CAGAGAATAATATAGA,1
CAGAGAATAATATCAA,1
CAGAGAATAGACTAAA,1
CAGAGAATCAAAGTAA,1
CAGAGAATCTATGTAT,1
CAGAGAATTATATCGA,1
CAGAGACATACTTAAG,1
CAGAGACCCCATTACC,1
CAGAGACCCCCAGATG,1
CAGAGACGAGGTCACG,1
CAGAGAGACCCCATAC,1
CAGAGAGATACGAGCC,1
CAGAGAGATCACGATA,1
CAGAGAGCAACGAGCC,1
CAGAGAGCATCGCACC,1
CAGAGAGCTACGACCC,1
CAGAGATATTTCACCT,1
CAGAGATCTACGAGCC,1
CAGAGATCTCCCTCAG,1
CAGAGATGCCCAGCGA,1
CAGAGATTACGCGCGG,1
CAGAGATTGACTTCTT,1
CAGAGATTGATCTCTT,1
CAGAGATTGATTTATT,1
CAGAGATTTATTTCTT,1
CAGAGCAAAAGATAAC,1
CAGAGCAACATTCACA,1
CAGAGCAATAGATGAC,1
CAGAGCAATATATAAC,1
CAGAGCACAATGGATT,1
CAGAGCACAATTCACA,1
CAGAGCACCACTCACA,1
CAGAGCACCATTCAAA,1
CAGAGCACCTCGAACG,1
CAGAGCACCTTTCACA,1
CAGAGCACTCCGAACC,1
CAGAGCACTCTCGATG,1
CAGAGCAGGAAACAAG,1
CAGAGCATCCTGCAGA,1
CAGAGCCAGTAATTCA,1
CAGAGCCATCTCTGTT,1
CAGAGCCTACATTGAC,1
CAGAGCGAAACCCCGA,1
CAGAGCGTTCTAAGAC,1
CAGAGCTAAACTGTTA,1
CAGAGCTAACTGCCTG,1
CAGAGCTACCTACTCA,1
CAGAGCTCTTATTCAG,1
CAGAGCTCTTCCCTGG,1
CAGAGCTGATAAGTGC,1
CAGAGCTGGTCTAACC,1
CAGAGCTTACAAAGTA,1
CAGAGGAACCTTAATA,1
CAGAGGAATAGATAAC,1
CAGAGGACATGCCCCG,1
CAGAGGACCATTCACA,1
CAGAGGATAATATCGA,1
CAGAGGCAATATATAA,1
CAGAGGCATCCTTAAG,1
CAGAGGCGAAAAATAA,1
CAGAGGCGGCGGCTTA,1
CAGAGGGAAAAAGGTC,1
CAGAGGGAGGCTCGCA,1
CAGAGGGCTGGTTGTC,1
CAGAGGGTTACTAGAG,1
CAGAGGTAAAAACGGG,1
CAGAGGTAACCGGAGT,1
CAGAGGTACCTATTGT,1
CAGAGGTCCTAACCCA,1
CAGAGGTGCATTACAC,1
CAGAGGTGGATTACAA,1
CAGAGGTTGATTACAC,1
CAGAGTAACTAACCCG,1
CAGAGTAAGAACCTCA,1
CAGAGTAAGTCATTAA,1
CAGAGTAATACAAAGG,1
CAGAGTACAACCAAAA,1
CAGAGTACACCAGATC,1
CAGAGTACACCATCCT,1
CAGAGTACATAGACTA,1
CAGAGTACATGTGAGA,1
CAGAGTACCCGAATCA,1
CAGAGTACGCCATCCT,1
CAGAGTAGCCTCAAAC,1
CAGAGTATAACCACTT,1
CAGAGTATATTTCTAG,1
CAGAGTCCCCTTTAAG,1
CAGAGTCTAAACTATC,1
CAGAGTGAGCACCTCA,1
CAGAGTGCTTTAGACC,1
CAGAGTTCGCCGCCAA,1
CAGAGTTGGATTACAC,1
CAGAGTTGTGTTAGTA,1
CAGAGTTTAATCGACT,1
CAGATAAAAACCCCCC,1
CAGATAAAGTCAGCTT,1
CAGATAAATAGGTATG,1
CAGATAACGCAACTCG,1
CAGATAACTTGCCACT,1
CAGATAACTTTTTCTT,1
CAGATAAGATGGAGGT,1
CAGATAAGGAGCTATC,1
CAGATAAGTACAAATC,1
CAGATAAGTTCCAATT,1
CAGATAATAACGACTC,1
CAGATAATATAAGTAT,1
CAGATACAAAAACCCC,1
CAGATACAAACCACCC,1
CAGATACATTGCCACT,1
CAGATACCGGTATGGA,1
CAGATACCTCGCCACT,1
CAGATACTAGCGACTC,1
CAGATACTATGAAACC,1
CAGATACTATGACACA,1
CAGATACTATGACATC,1
CAGATACTATGGCACC,1
CAGATACTCTCAGATT,1
CAGATAGAAAACTTGA,1
CAGATAGACAATTAGG,1
CAGATAGAGCACATAC,1
CAGATAGAGCATATAG,1
CAGATAGAGCTACTAC,1
CAGATAGCAATCAGGG,1
CAGATAGCTACGAGCC,1
CAGATAGGTACCAAAT,1
CAGATAGTCAATCGTC,1
CAGATATACCAGGCAA,1
CAGATATATAAGATTA,1
CAGATATCAAAGACTT,1
CAGATATCGATGACTT,1
CAGATATGCTTATATA,1
CAGATATGGAGAGAAG,1
CAGATATGGGAACATC,1
CAGATCAACGTGAAAA,1
CAGATCAATCCTTCGA,1
CAGATCACAGTGAAAA,1
CAGATCACCACGCTCC,1
CAGATCACCATGAAAA,1
CAGATCACCATTCACA,1
CAGATCACCGTTAAAA,1
CAGATCACCTTGAAAA,1
CAGATCACTACGAACC,1
CAGATCACTCCGAACT,1
CAGATCACTCCGAATC,1
CAGATCAGCAGTGGGG,1
CAGATCAGTACATGCC,1
CAGATCATATTCGAGA,1
CAGATCCACAACCAAT,1
CAGATCCCAGCTACAA,1
CAGATCCCCAACGACT,1
CAGATCCTAATAAACG,1
CAGATCGCATTCGTCT,1
CAGATCGCCTTTGCTT,1
CAGATCTATCTGGGAC,1
CAGATCTGCTAAATAT,1
CAGATCTTAATACATC,1
CAGATGAAACCCAAGG,1
CAGATGAAAGACAAGG,1
CAGATGAAATAAAGAA,1
CAGATGAAGATGAAAT,1
CAGATGACCCAAGCCT,1
CAGATGACCCTTAGCG,1
CAGATGACCGTGAAAA,1
CAGATGACTTATAGGG,1
CAGATGAGAACAAGAT,1
CAGATGAGATATGAAC,1
CAGATGAGATCGAAAA,1
CAGATGAGTGATCGAG,1
CAGATGATTAAATGGT,1
CAGATGCATCGCTGAA,1
CAGATGCCAGATAAAC,1
CAGATGCCAGCGAAGG,1
CAGATGCCGGCAAAGG,1
CAGATGCCTTATAGGT,1
CAGATGCCTTATAGTG,1
CAGATGCGACCGAAAA,1
CAGATGCTACCTACAC,1
CAGATGGAGGTCCTTT,1
CAGATGGCAGTCCTTT,1
CAGATGGCCTCGTAGA,1
CAGATGGCGGCTCGCA,1
CAGATGGCGGTCATTT,1
CAGATGGGACCACAAA,1
CAGATGGGTATCACAA,1
CAGATGTAACGCTTAA,1
CAGATGTACAAGGCAA,1
CAGATGTACAGGGCAA,1
CAGATGTACCAGGCGA,1
CAGATGTAGCAGGCAA,1
CAGATGTCGCAAAAGG,1
CAGATGTCGGTCCTTT,1
CAGATGTGATCGAAAA,1
CAGATGTTGCAAAAAG,1
CAGATTAAAGGACTAC,1
CAGATTAATAGGCAAT,1
CAGATTAGAAGAAAGG,1
CAGATTAGAATATTAA,1
CAGATTAGGGTTATCA,1
CAGATTAGGTTGATCA,1
CAGATTAGTGTGATCA,1
CAGATTATATCACCCC,1
CAGATTATGGTGATCA,1
CAGATTCCGAACTAGC,1
CAGATTCCGGACACCA,1
CAGATTCGTGCGGACA,1
CAGATTCTAAGCCATC,1
CAGATTGAGTCTAAAT,1
CAGATTGCCAAAGTCA,1
CAGATTGCTAACGTCA,1
CAGATTGTTATATTGT,1
CAGATTTGTTTTAGTT,1
CAGCAAAAACCGACTT,1
CAGCAAAAACGGCAAC,1
CAGCAAAACCGGGAAC,1
CAGCAAAACCTGCAAC,1
CAGCAAAAGCGGCAAC,1
CAGCAAAAGGTACATA,1
CAGCAAAATATGACAA,1
CAGCAAAATCGGCATA,1
CAGCAAAATGGAGATC,1
CAGCAAAATGTAAATG,1
CAGCAAACTAATACGG,1
CAGCAAAGCATAAGCA,1
CAGCAAATCGGAATAA,1
CAGCAAATTTTATCAA,1
CAGCAAATTTTATCGA,1
CAGCAACATTCGTCCC,1
CAGCAACCCCGTAATA,1
CAGCAACCGACTAAGA,1
CAGCAACCTTTCTTAG,1
CAGCAACGAAAGTTTG,1
CAGCAACGCAAGTTTT,1
CAGCAACTATCACTCC,1
CAGCAACTATTAATCC,1
CAGCAACTATTACTCA,1
CAGCAACTATTACTCT,1
CAGCAACTATTGCTCC,1
CAGCAACTTAGACCCC,1
CAGCAACTTAGGGCCC,1
CAGCAAGCAATATGTA,1
CAGCAAGTCGAGCAAG,1
CAGCAATAAAGATTTC,1
CAGCAATAACCAAGAA,1
CAGCAATAACGATTGC,1
CAGCAATAACTATTTC,1
CAGCAATAATGATTTC,1
CAGCAATACTCCGGAC,1
CAGCAATAGAAACAAT,1
CAGCAATAGCGATTTC,1
CAGCAATATCGTACAC,1
CAGCAATCGCTTAATT,1
CAGCAATCTCTCTGAC,1
CAGCAATGAACCTGTT,1
CAGCAATGCACATGTT,1
CAGCAATGCACCTTTT,1
CAGCAATTCGACGGCG,1
CAGCAATTGGGATTGA,1
CAGCAATTTAAAACCT,1
CAGCACAAAAAATAAT,1
CAGCACAGAGGTGTAC,1
CAGCACATCCTTCGCC,1
CAGCACTAACGAGTGA,1
CAGCACTAGAGAACGA,1
CAGCACTAGCCTTACC,1
CAGCACTATTGTTCAC,1
CAGCACTATTTGTACG,1
CAGCACTCACATCCAG,1
CAGCAGAAAATATAGC,1
CAGCAGAAAGTGCAAA,1
CAGCAGAAATAGAAGT,1
CAGCAGAAATAGACTT,1
CAGCAGAAATGGACGT,1
CAGCAGAAGACTATCA,1
CAGCAGAAGTAGACGT,1
CAGCAGAGCCGACCCA,1
CAGCAGATCAGAATTA,1
CAGCAGATGTGTGTAC,1
CAGCAGCAACCAAGAA,1
CAGCAGCAACTACTAG,1
CAGCAGCAGACTACCA,1
CAGCAGCATAAGTACA,1
CAGCAGCATTTAAGAA,1
CAGCAGCCCTCATCTA,1
CAGCAGTAAACAAGAA,1
CAGCAGTAACCAAAAA,1
CAGCAGTAGACTATCA,1
CAGCAGTCGATAATAG,1
CAGCAGTGTCATAAAA,1
CAGCAGTTTTAATAGC,1
CAGCATAAATACTAAT,1
CAGCATAACTTACTGT,1
CAGCATACAAAAAGAT,1
CAGCATACACCTGGCG,1
CAGCATACGTACATCC,1
CAGCATAGACAACTTA,1
CAGCATAGTTCAGAAG,1
CAGCATATAGCCAACA,1
CAGCATCAACTAAAAT,1
CAGCATCGTACCTAAT,1
CAGCATCTACAAGTGT,1
CAGCATCTATTACTCC,1
CAGCATGAAACGCTTT,1
CAGCATGCGTAGGCGG,1
CAGCATGGAATCAGTA,1
CAGCATGGTAAGACAA,1
CAGCATTAACTTTCAT,1
CAGCATTCAATCATTA,1
CAGCATTCGGGATAAC,1
CAGCCAAACCAGAGAA,1
CAGCCAAAGCAGCCCT,1
CAGCCAACAACAGGCC,1
CAGCCAACAGCTAACC,1
CAGCCAACCCTGTTTT,1
CAGCCAAGCATAATCA,1
CAGCCAAGCATAGGCA,1
CAGCCAAGGATAAGCA,1
CAGCCAAGTTGTTGGC,1
CAGCCAATTCTGAGAT,1
CAGCCACAAAAAAACC,1
CAGCCACACTAACCAA,1
CAGCCACAGATACAAG,1
CAGCCACAGTACTTAA,1
CAGCCACCAGGACAGC,1
CAGCCACGAATGGTCG,1
CAGCCACTCGGCCTTG,1
CAGCCACTGATCTGTA,1
CAGCCACTGGGCTTTG,1
CAGCCAGAGAATAGAA,1
CAGCCAGCTACTTCAA,1
CAGCCAGGGGGTGGAC,1
CAGCCAGTAAGGGATT,1
CAGCCATCATAATCTT,1
CAGCCATTTAGTGCTC,1
CAGCCATTTATATCAA,1
CAGCCCAATCCTTACA,1
CAGCCCAGAGAACAAC,1
CAGCCCAGGGATGGCT,1
CAGCCCAGGTTACCTC,1
CAGCCCATAAATTAAT,1
CAGCCCCAAAAAAAAC,1
CAGCCCCATAAAATAT,1
CAGCCCCATTAAAAAC,1
CAGCCCCATTAGCTGG,1
CAGCCCCCAAGACAGC,1
CAGCCCCCAGGAAAGC,1
CAGCCCCCAGGACAGA,1
CAGCCCCCAGGACATC,1
CAGCCCCCGGGAAAGC,1
CAGCCCCCGGGACAGC,1
CAGCCCCTGAATCGTG,1
CAGCCCCTGACTCGTT,1
CAGCCCGATCTGACAA,1
CAGCCCTACTAAATCC,1
CAGCCCTTAAGTGGCG,1
CAGCCCTTAGATATAT,1
CAGCCCTTCTCAATAC,1
CAGCCGAAGGCCAAGT,1
CAGCCGACACATCAAA,1
CAGCCGACAGCCAGTG,1
CAGCCGATCGCCCAAA,1
CAGCCGCATAAGCACA,1
CAGCCGCATAAGTAAA,1
CAGCCGCATGAGTACA,1
CAGCCGCCCAAAGTAT,1
CAGCCGGGAATCCCCG,1
CAGCCGTCAGCCAGTG,1
CAGCCTAAACCGACAA,1
CAGCCTAAGAGGTGTT,1
CAGCCTACCTACGCGA,1
CAGCCTAGACAGTCCG,1
CAGCCTATACAAGTGT,1
CAGCCTATCGTTAAAC,1
CAGCCTATGATTGACA,1
CAGCCTATGCTAGGAG,1
CAGCCTATGGGATAAT,1
CAGCCTATTTGATAAT,1
CAGCCTCACAAAGGAT,1
CAGCCTCACGAAAGAT,1
CAGCCTCATAAGTACA,1
CAGCCTCATATCTCAC,1
CAGCCTCGCGAAAGCT,1
CAGCCTCGTCTCCGAC,1
CAGCCTCTAAAAGTGT,1
CAGCCTCTAGAAAGCT,1
CAGCCTCTCAAAAGCT,1
CAGCCTCTCGAAAGCC,1
CAGCCTCTCGCAAGCT,1
CAGCCTCTGCAAGGAA,1
CAGCCTCTTGAAAGCT,1
CAGCCTGGTTCAACCA,1
CAGCCTTAAAATTAGA,1
CAGCCTTGACAGTCCT,1
CAGCCTTGGCATGCCA,1
CAGCCTTTGAGGAAAT,1
CAGCGAAACATGTAAT,1
CAGCGAACAAATAATA,1
CAGCGAACAATTCCAA,1
CAGCGAACCAAAAACC,1
CAGCGAACCACTAACT,1
CAGCGAACCTTCTGAC,1
CAGCGAAGAACTAACT,1
CAGCGAAGTAAAGTCA,1
CAGCGAAGTACTAACT,1
CAGCGAATAAACAGAT,1
CAGCGAATCACTAACT,1
CAGCGAATTAAAACTA,1
CAGCGAATTAACAGAT,1
CAGCGAATTCAATCTA,1
CAGCGACCCTCATAAG,1
CAGCGACCTACTTTCA,1
CAGCGACGGACTCAAT,1
CAGCGACTATCGAGAA,1
CAGCGAGAATCCGCCC,1
CAGCGAGGGGCTTCAG,1
CAGCGAGTCTGGAGTA,1
CAGCGATAACAGACAG,1
CAGCGATGGCACAATG,1
CAGCGATGGCACTCAT,1
CAGCGATGGCTATTCG,1
CAGCGATTCCGGACCG,1
CAGCGATTTCGAAAAA,1
CAGCGCAGTTATACAC,1
CAGCGCATAATAGAAT,1
CAGCGCATAATGGACT,1
CAGCGCATGATAGACT,1
CAGCGCGGTTAGACAC,1
CAGCGCTACCATTTGC,1
CAGCGCTAGAAAGACA,1
CAGCGCTTAGACATAT,1
CAGCGCTTCCAAACGA,1
CAGCGGATCCACTAAG,1
CAGCGGATCTAAGTTT,1
CAGCGGATCTTAACGA,1
CAGCGGCATGCTACTT,1
CAGCGGCTTGTTTACC,1
CAGCGGGGGAAGGGCG,1
CAGCGGTATAACCTCT,1
CAGCGGTGTCCCAAAA,1
CAGCGTAAACCTACAA,1
CAGCGTAAGCCGACAA,1
CAGCGTACTACCAATC,1
CAGCGTATAGCCAGCA,1
CAGCGTATAGCCGACA,1
CAGCGTATCCCCTAAG,1
CAGCGTATCCCGAATT,1
CAGCGTATGGCCAACA,1
CAGCGTCAGCGCGGTC,1
CAGCGTCCATCAAAAA,1
CAGCGTCTCCAAACGA,1
CAGCGTGTCATACAGG,1
CAGCGTTAAAAGTGAC,1
CAGCGTTCAATCTGAA,1
CAGCGTTTTCCAACCA,1
CAGCTAAACTCTTGGT,1
CAGCTAAACTCTTGTG,1
CAGCTAAATACCACCT,1
CAGCTAAGTCCCAATT,1
CAGCTAAGTTACAATT,1
CAGCTAAGTTCAAATT,1
CAGCTAAGTTGCAATT,1
CAGCTAATAGCCTTCA,1
CAGCTAATAGTATTCA,1
CAGCTAATAGTCTACA,1
CAGCTAATAGTCTTAA,1
CAGCTAATATATACAT,1
CAGCTACACATATACA,1
CAGCTACCACAATATC,1
CAGCTACCCAACGACT,1
CAGCTACCGCAATATC,1
CAGCTACCTGTATGGG,1
CAGCTACTCCAATATC,1
CAGCTAGAAAACTTCA,1
CAGCTAGAAAACTTGG,1
CAGCTAGAAAACTTTA,1
CAGCTAGAAACCTTGA,1
CAGCTAGACTCTTGGG,1
CAGCTAGAGAACTTGA,1
CAGCTAGAGACACACA,1
CAGCTAGATCCAGATC,1
CAGCTAGCATAAATAT,1
CAGCTAGGCCTGCGTT,1
CAGCTAGGTTCCAATT,1
CAGCTAGTCACCAGAG,1
CAGCTATAAAACTTGA,1
CAGCTATAGTAAAAGC,1
CAGCTATGATAAAGAA,1
CAGCTCACAACAATAA,1
CAGCTCACAATGCACG,1
CAGCTCAGACTAGTCG,1
CAGCTCAGCCTAGTAG,1
CAGCTCAGCCTAGTCA,1
CAGCTCAGTTAGACAC,1
CAGCTCATAATAGACT,1
CAGCTCCACAACGACT,1
CAGCTCCCAAACGACT,1
CAGCTCCCCAACAACT,1
CAGCTCCCCAACGATT,1
CAGCTCCCCGACGACT,1
CAGCTCCCGAAATCAA,1
CAGCTCCGCACTGCTA,1
CAGCTCCGCCCCAAGA,1
CAGCTCCGTACTAAAG,1
CAGCTCCTCGAAACGG,1
CAGCTCCTGAATACCC,1
CAGCTCCTGACTCGTG,1
CAGCTCTAGAAGTCTA,1
CAGCTCTCCATTAGTG,1
CAGCTCTGCATCCTAG,1
CAGCTGACAAGAGTTA,1
CAGCTGACCTGGAACA,1
CAGCTGAGACATGACA,1
CAGCTGATGCATTGTT,1
CAGCTGCCCATAGTGT,1
CAGCTGCTAAATCAGT,1
CAGCTGCTATTTAACC,1
CAGCTGGAAAACTTGA,1
CAGCTGGATCTGTATT,1
CAGCTGGGAGCACAAA,1
CAGCTGTAGGTACAAT,1
CAGCTTAAACCGACAA,1
CAGCTTAAGCCTTACA,1
CAGCTTAATAATCGGA,1
CAGCTTATAATATTAA,1
CAGCTTCAGTTCAGGC,1
CAGCTTCCCTTTGTAT,1
CAGCTTGAGATTCCGA,1
CAGCTTTCATCAAAAG,1
CAGCTTTCGCTCAGAG,1
CAGCTTTCGTTCAGAA,1
CAGCTTTGACGTGAGA,1
CAGCTTTGTATTCCTT,1
CAGCTTTTACGAACAC,1
CAGCTTTTCCAAACGA,1
CAGGAAAAAGCATGAC,1
CAGGAAAACTACACTA,1
CAGGAAAAGACACACG,1
CAGGAAAAGAGAGAAA,1
CAGGAAAATACGTCTT,1
CAGGAAACAAATTTGC,1
CAGGAAACGAGTGAAA,1
CAGGAAATTATGCAGT,1
CAGGAACAAAGTTCCC,1
CAGGAACCTTACACCG,1
CAGGAACCTTGTAATC,1
CAGGAACTATGCACAC,1
CAGGAAGAAAACCTCT,1
CAGGAAGACTGATTCG,1
CAGGAAGCCTGATTGG,1
CAGGAAGCCTGGTTCG,1
CAGGAAGGTATGGATA,1
CAGGAAGGTTAAGTTT,1
CAGGAAGTAAGCTTAG,1
CAGGAATACTTGTTTT,1
CAGGAATATAAAATAA,1
CAGGAATCCTGATTCG,1
CAGGAATGAACAAGAT,1
CAGGAATGTACTGGCA,1
CAGGAATTAGACAATA,1
CAGGACAAAACCGAGC,1
CAGGACAAAGGGAAAA,1
CAGGACAAATTCTATA,1
CAGGACAACAACAAAA,1
CAGGACAACCGAGCAG,1
CAGGACAAGTTCGATA,1
CAGGACAATGTACCCG,1
CAGGACATGATCGTGG,1
CAGGACATGCACCCAT,1
CAGGACATTCAAGCCC,1
CAGGACATTTGTAGCC,1
CAGGACCACTACTTAT,1
CAGGACCATCATACGA,1
CAGGACCATGCAACAA,1
CAGGACCATGTACCTG,1
CAGGACCATTTACCCG,1
CAGGACCCTAGGCCGA,1
CAGGACCGAACAAAGT,1
CAGGACCGGTCACTTA,1
CAGGACCTACATATTA,1
CAGGACCTGACCGTGG,1
CAGGACCTGATCGTTG,1
CAGGACCTTCAACCCC,1
CAGGACCTTCAAGCTC,1
CAGGACCTTCAAGTCC,1
CAGGACCTTGCGATCT,1
CAGGACGCACATGAAT,1
CAGGACGGACATAACT,1
CAGGACGGTATGAATA,1
CAGGACGGTATTGATA,1
CAGGACGTAAGATTAG,1
CAGGACTAAAGATACA,1
CAGGACTCACGGGATT,1
CAGGACTCTCGGTATT,1
CAGGACTCTCGTGATT,1
CAGGACTCTCTGGATT,1
CAGGACTCTGGGGATT,1
CAGGACTGCGACCAAA,1
CAGGACTGCTAATTGA,1
CAGGACTTCGAATAGG,1
CAGGAGAAACATTCTA,1
CAGGAGATCGAATATT,1
CAGGAGATGTATACTA,1
CAGGAGCAAAGTGAGT,1
CAGGAGCCGTGTTGTG,1
CAGGAGCGATGCTACC,1
CAGGAGCTTAAAGTTT,1
CAGGAGCTTCAAGCCC,1
CAGGAGCTTGTCACTC,1
CAGGAGGCAATCATTA,1
CAGGAGGGCCCTAAAA,1
CAGGAGTAATACTAAG,1
CAGGAGTACTTTCAGA,1
CAGGAGTTAAGGGAAA,1
CAGGATAAAAACAAAA,1
CAGGATAACAAAAAAA,1
CAGGATAACAATAAAA,1
CAGGATAACAGAACAG,1
CAGGATAACAGCAAAA,1
CAGGATAACGACAAAA,1
CAGGATAACTGAACAA,1
CAGGATACTCACACCA,1
CAGGATAGCAACAAAA,1
CAGGATAGTCCAGAAG,1
CAGGATAGTTCATAAG,1
CAGGATAGTTCGGAAG,1
CAGGATATTAACACCA,1
CAGGATATTAATTACC,1
CAGGATATTCACAACA,1
CAGGATATTCGCACCA,1
CAGGATATTTAAGCGA,1
CAGGATCCCCGATCTC,1
CAGGATCTAATCTTGA,1
CAGGATCTGATATTGA,1
CAGGATCTGATCTTGG,1
CAGGATCTGATCTTGT,1
CAGGATCTGATCTTTA,1
CAGGATCTTATCTTGA,1
CAGGATTAAAGTAGAA,1
CAGGATTAAATAACCA,1
CAGGATTAATCCGAGA,1
CAGGATTACAACAAAA,1
CAGGATTCGTAAAAAG,1
CAGGATTCTACCCCAA,1
CAGGATTCTCGGGATT,1
CAGGATTCTGATCATA,1
CAGGCAAACGGCGGGT,1
CAGGCAACAAGACCTA,1
CAGGCAACTCACCCAT,1
CAGGCAAGCTCGGATT,1
CAGGCAAGGGCCTGGG,1
CAGGCAATCAATTAAA,1
CAGGCAATCAATTGAA,1
CAGGCAATTAAGCTAG,1
CAGGCACACTACTTAT,1
CAGGCAGCCTCCCGCA,1
CAGGCAGCGTCCTTTA,1
CAGGCAGGACCTGGCA,1
CAGGCAGGGGGTGGAG,1
CAGGCAGTTTACCTGA,1
CAGGCATAAAATTTCT,1
CAGGCATACAGAGGTG,1
CAGGCATACATCGGTG,1
CAGGCATATAAGTTGT,1
CAGGCATGTAGAGGAC,1
CAGGCCATCAAAAAGC,1
CAGGCCATTCCCACAA,1
CAGGCCATTCTGAGAT,1
CAGGCCCACGACATTG,1
CAGGCCCGCTACTTAT,1
CAGGCCCGGCATACAC,1
CAGGCCGACGACCATA,1
CAGGCCTGGGCGAACG,1
CAGGCCTGTTTCGCCT,1
CAGGCGAAAAAGCACA,1
CAGGCGACCGGCTTCC,1
CAGGCGACGAATCCAT,1
CAGGCGATAGCATGCG,1
CAGGCGCAAAACCGAG,1
CAGGCGTAAATCACTA,1
CAGGCGTAGTACAACA,1
CAGGCGTGGCCGTCCA,1
CAGGCGTGGGCCAAAC,1
CAGGCTAAACCTCCAC,1
CAGGCTAAGACAAACA,1
CAGGCTAAGCCAAAAA,1
CAGGCTAATCCAAACA,1
CAGGCTATATTTCTAG,1
CAGGCTCTCTTATACC,1
CAGGCTCTTCTAGCCA,1
CAGGCTGTGATAAATT,1
CAGGCTTAACAATGAA,1
CAGGCTTAACTGCAAT,1
CAGGGAAAATGACGAT,1
CAGGGAAACTGATCTC,1
CAGGGAACATAACGAT,1
CAGGGAACATGAAGAT,1
CAGGGAACATGACTAT,1
CAGGGAACGTGACGAT,1
CAGGGAAGAGTGTAGA,1
CAGGGAATTAAAACAC,1
CAGGGACCTCGTAAGC,1
CAGGGAGAAAATTGAA,1
CAGGGAGACAGTTATA,1
CAGGGAGAGAATTAAA,1
CAGGGAGCTACGAGCC,1
CAGGGAGCTCACGATA,1
CAGGGAGGAAATTAAA,1
CAGGGAGGTGAATTGC,1
CAGGGAGTAAAGATCC,1
CAGGGAGTAAATCTCC,1
CAGGGAGTCTGAAAAC,1
CAGGGATAAAATTAAA,1
CAGGGATAACAGGGAA,1
CAGGGATTAAAGCTCC,1
CAGGGATTATATGTAC,1
CAGGGCACATGAGGTC,1
CAGGGCACCATTCACA,1
CAGGGCACGCAGGCAA,1
CAGGGCATAGCCCTTT,1
CAGGGCCATTGAAACC,1
CAGGGCCCCCAGTAGC,1
CAGGGCCCCTCTGAAT,1
CAGGGCCGGTCAGAAA,1
CAGGGCGAAAATTAAA,1
CAGGGCGAATATCAGT,1
CAGGGCTCTACAAAGA,1
CAGGGGAACGCAAGTG,1
CAGGGGAACGGTCCCT,1
CAGGGGAATCATGACA,1
CAGGGGACTTATTTAT,1
CAGGGGAGAGATCGGC,1
CAGGGGATAATCGAAC,1
CAGGGGATTTATATAT,1
CAGGGGCGGTGCTACC,1
CAGGGGCTCGCTACGA,1
CAGGGGGTAAAGCTCC,1
CAGGGGTACAGTTATA,1
CAGGGTAAAAATGTTG,1
CAGGGTAACAACAAAA,1
CAGGGTACAACAGGAC,1
CAGGGTACCACTAATG,1
CAGGGTAGAGTGTCGA,1
CAGGGTATTCACACCA,1
CAGGGTCATGCAGGCC,1
CAGGGTCCCTACCTAG,1
CAGGGTGAAAATTAAA,1
CAGGGTGGTATTACAA,1
CAGGGTGTTATATAAC,1
CAGGGTTATACAAAGA,1
CAGGGTTCGACAAAGA,1
CAGGGTTCTAAAAAGA,1
CAGGGTTCTACAAAGC,1
CAGGGTTCTATAAAGA,1
CAGGTAAAACCTGGAT,1
CAGGTAAAGCATATGC,1
CAGGTAAAGCATGTGG,1
CAGGTAACACGTCTGT,1
CAGGTAAGGCATATGG,1
CAGGTAATGCAAACAA,1
CAGGTACACTGCAAGA,1
CAGGTAGAGAATAGAA,1
CAGGTAGCCCACAATA,1
CAGGTAGCCTATAATA,1
CAGGTATACAATAGGA,1
CAGGTATAGACCAAAT,1
CAGGTATCCTACAATA,1
CAGGTATGCAGCCTAG,1
CAGGTATGCATCCTCG,1
CAGGTCAAATTCCGTG,1
CAGGTCAAGCACCTAG,1
CAGGTCAATAAAGCTA,1
CAGGTCAATATGGCTA,1
CAGGTCAATCCTTACA,1
CAGGTCACCCAGGCAA,1
CAGGTCATAAATCGGT,1
CAGGTCCCATAGAAAT,1
CAGGTCCTGTAGAAAT,1
CAGGTCGAAAGGGGAA,1
CAGGTCGAACGGAGAA,1
CAGGTCGAACGGCGAA,1
CAGGTCGATATTGGAC,1
CAGGTCGTGAGTAGTG,1
CAGGTCGTGGATCAAT,1
CAGGTCTACAAAGGAT,1
CAGGTCTCTCGGGATT,1
CAGGTCTGTTTAAAAT,1
CAGGTGAAAATATATC,1
CAGGTGAATCCGTTTA,1
CAGGTGATAGGCCAGC,1
CAGGTGATTTATTTAT,1
CAGGTGCCACTCAATT,1
CAGGTGGACAGTTATA,1
CAGGTGGCCTGCTGCA,1
CAGGTGGTAAACTAAG,1
CAGGTTAAGAAAACCA,1
CAGGTTAGTATGGCTA,1
CAGGTTCTAGCACTAT,1
CAGGTTCTGATCTTGA,1
CAGGTTGAATAAAGTT,1
CAGGTTGCCCACTGTC,1
CAGGTTGGAATTACAA,1
CAGGTTGTACAATCCA,1
CAGGTTGTGGCCATCC,1
CAGTAAAACGATTGCG,1
CAGTAAAAGGTCTAGA,1
CAGTAAAATGTATAGA,1
CAGTAAACACATCATG,1
CAGTAAACCCAACAAC,1
CAGTAAAGATGATTGT,1
CAGTAAAGTAATAATA,1
CAGTAAATCAAACCCA,1
CAGTAAATCACCAAGA,1
CAGTAACAACCGACAT,1
CAGTAACACAACATGC,1
CAGTAACACAACCTTC,1
CAGTAACCAAAAATCC,1
CAGTAACCCTACTTAA,1
CAGTAACGTACAGTCC,1
CAGTAACTTAGAGCCC,1
CAGTAACTTTTTTAAC,1
CAGTAAGACAAACAAC,1
CAGTAAGCATAAAAAA,1
CAGTAAGTCACTCACA,1
CAGTAAGTGTCCACGG,1
CAGTAATAAAAGGCTC,1
CAGTAATACCAATAGA,1
CAGTAATACCCCGGAC,1
CAGTAATACTCCGGAT,1
CAGTAATACTCCGTAC,1
CAGTAATAGGGATATG,1
CAGTAATCATACGTAA,1
CAGTAATCCAGTGTTT,1
CAGTAATCCCGGAAGC,1
CAGTAATGACTAGCCC,1
CAGTAATGCAATCTTG,1
CAGTAATGTGCCTAAG,1
CAGTAATTTACACTTT,1
CAGTACAAAAGAGCCA,1
CAGTACAACTAGGGTC,1
CAGTACAACTTAGTAT,1
CAGTACAAGAGAGCCC,1
CAGTACAATGCGTCAA,1
CAGTACAATGTCTAAA,1
CAGTACACCTAAAAAA,1
CAGTACACTAAAGCAT,1
CAGTACAGATTATTGT,1
CAGTACATCCCGATCT,1
CAGTACATTTATTAGT,1
CAGTACCATAATTGAT,1
CAGTACCATGAGTCAA,1
CAGTACCATGCGTAAA,1
CAGTACCTCCCGTTGA,1
CAGTACCTCTTGCAAA,1
CAGTACCTGTATTAGT,1
CAGTACCTTCAAGCCC,1
CAGTACCTTCCCAAAC,1
CAGTACCTTTATCAGT,1
CAGTACCTTTATTAGC,1
CAGTACGAATATCAGT,1
CAGTACGAATCCCTCT,1
CAGTACGCATAACATC,1
CAGTACGGATTAGAAG,1
CAGTACGGTACGACTT,1
CAGTACGTACAACATC,1
CAGTACGTATAAGATC,1
CAGTACGTATAATATC,1
CAGTACGTTCGAAACC,1
CAGTACTCCCGCCTCT,1
CAGTACTGGCGAATAC,1
CAGTACTGTCTTTTCG,1
CAGTACTTTCTAGGTT,1
CAGTAGAACAACCGAA,1
CAGTAGAATGTCTAGA,1
CAGTAGATATCATCCC,1
CAGTAGATCTACTCAC,1
CAGTAGCAATATGCGT,1
CAGTAGCCTCAAAGAA,1
CAGTAGCTCGTTGATC,1
CAGTAGCTGAACTGTC,1
CAGTAGCTTATTAAAT,1
CAGTAGGAACGCCAGT,1
CAGTAGGAATCACGTA,1
CAGTAGTACATGGACC,1
CAGTAGTGTAACAGCA,1
CAGTAGTTCGCTCACC,1
CAGTAGTTTTAATACC,1
CAGTATAAACCAAACA,1
CAGTATAAAGTACCAA,1
CAGTATAACAAATGGA,1
CAGTATAATATCTGCT,1
CAGTATAATGATGTTA,1
CAGTATACAATCATTA,1
CAGTATACTTATAGGT,1
CAGTATACTTCATGAC,1
CAGTATAGTTAATGAC,1
CAGTATATCATGAGAG,1
CAGTATATCTGGGACC,1
CAGTATATTTACAAAG,1
CAGTATCACGCGTGAA,1
CAGTATCATTATAGGT,1
CAGTATCATTCACTCC,1
CAGTATCATTCACTTA,1
CAGTATCCACCGCTAC,1
CAGTATGACCCTAGAA,1
CAGTATGCAATGACCA,1
CAGTATGCAATTATCA,1
CAGTATGGTATGCCAC,1
CAGTATGGTTCAACCA,1
CAGTATGGTTCATGAC,1
CAGTATTAAAGTCCAT,1
CAGTATTAATACAAAG,1
CAGTATTCAATCACTA,1
CAGTATTCAATCATTG,1
CAGTATTCAATCATTT,1
CAGTATTCAATGATCA,1
CAGTATTCAATGATTA,1
CAGTATTCAATTATTA,1
CAGTATTCAGCTATAA,1
CAGTATTCTACCCCCA,1
CAGTATTGAATCATTA,1
CAGTATTTAAACATCT,1
CAGTATTTAATGTAAC,1
CAGTATTTTATCATTT,1
CAGTCAAACACCCGAC,1
CAGTCAAAGAATAAGT,1
CAGTCAAAGAATGTAC,1
CAGTCAAATCAGAGAA,1
CAGTCAACAATAGGCC,1
CAGTCAACACACATTC,1
CAGTCAAGTACAGTCC,1
CAGTCAATAAAACCCA,1
CAGTCAATCAAGCCCA,1
CAGTCAATTAAACCCA,1
CAGTCACAAAATAAGT,1
CAGTCACACAATAAGT,1
CAGTCACAGAATGAGT,1
CAGTCACAGAGTAAGT,1
CAGTCACAGTAATTAA,1
CAGTCACATAATAAGT,1
CAGTCACATACAGTCC,1
CAGTCACCAGTCAAGG,1
CAGTCACCGTCATATA,1
CAGTCACGGACAGTCC,1
CAGTCACGGCACATCC,1
CAGTCACGTACAGACC,1
CAGTCACGTACAGTAC,1
CAGTCACGTACAGTTC,1
CAGTCACGTACATTCC,1
CAGTCACGTAGAGTCC,1
CAGTCACTGTTTTAAC,1
CAGTCAGAATAAAAAA,1
CAGTCAGAATTTCACC,1
CAGTCAGAGAATATAA,1
CAGTCAGATCCACCTA,1
CAGTCAGATCGACCTC,1
CAGTCAGATCTACCTC,1
CAGTCAGGGCACATCA,1
CAGTCAGGGCACGTCC,1
CAGTCATCAATATCCG,1
CAGTCATCATATCGGA,1
CAGTCATCCCGCCTCT,1
CAGTCATCGACAAATA,1
CAGTCATCTTATAGGA,1
CAGTCCACACAACCAG,1
CAGTCCACAGCCTACA,1
CAGTCCATTTTAAAAT,1
CAGTCCCAACCTACCT,1
CAGTCCCATTTAACGA,1
CAGTCCCCAACAATGA,1
CAGTCCCGACATACAC,1
CAGTCCCTAGAACTTA,1
CAGTCCCTATCGAAAG,1
CAGTCCTACAATACAG,1
CAGTCCTCACGCCTCT,1
CAGTCCTCCCTCCTCT,1
CAGTCCTCGCGCCTCT,1
CAGTCCTGTCATGTAC,1
CAGTCGAAAACCCGAC,1
CAGTCGAACACCCGAT,1
CAGTCGAACACCCGGC,1
CAGTCGAACACTCGAC,1
CAGTCGAAGACACACC,1
CAGTCGAAGACCCGAC,1
CAGTCGACAACAGGCC,1
CAGTCGAGCACCCGAC,1
CAGTCGATTGCTGCGC,1
CAGTCGCATATCTCAC,1
CAGTCGCATTAAGGTT,1
CAGTCGCCGAAACAAG,1
CAGTCGCGTACAGTCC,1
CAGTCGGACACCCGAC,1
CAGTCGTACACTCTCA,1
CAGTCGTACAGCTGGC,1
CAGTCGTCGAAAACAA,1
CAGTCGTGAAAAATAC,1
CAGTCTAGTTCAACCA,1
CAGTCTATAATGTAAC,1
CAGTCTATGAGCCCTA,1
CAGTCTATGCAAGGAA,1
CAGTCTCAAATAAGCG,1
CAGTCTCACAAAAGAT,1
CAGTCTCTCGAAAGCT,1
CAGTCTCTGAAAGGAA,1
CAGTCTCTGCAAGGGA,1
CAGTCTCTGCAAGTAA,1
CAGTCTCTGCAATGAA,1
CAGTCTCTTCAAGGAA,1
CAGTCTGAGTTGGCGA,1
CAGTCTGATTTGGAGA,1
CAGTCTGATTTGGCAA,1
CAGTCTGCTTCAACCA,1
CAGTCTGGATCAACCA,1
CAGTCTGGTTAAACCA,1
CAGTCTGGTTCAACCT,1
CAGTCTTATTTGGTGA,1
CAGTCTTCATGCACAA,1
CAGTCTTCCCGCCTCT,1
CAGTCTTGTTCAACCA,1
CAGTCTTTTATCAAAC,1
CAGTGAAACGCAACCC,1
CAGTGAAAGGAGTGGT,1
CAGTGAAAGGCCTAAT,1
CAGTGAACAACTTGGT,1
CAGTGAACACTTCGGT,1
CAGTGAACCGCCTACG,1
CAGTGAACGGATCAAA,1
CAGTGAAGTACAGTCC,1
CAGTGAATACTCACGC,1
CAGTGAATGAAAAATT,1
CAGTGAATTAGTCCCG,1
CAGTGAATTGATTACC,1
CAGTGACCGGACCAAA,1
CAGTGACGTAATGAAG,1
CAGTGAGAAAATTAAA,1
CAGTGAGCTCAAATAT,1
CAGTGAGGAAAGCCAA,1
CAGTGAGGGCACATCC,1
CAGTGAGTTTACTCCA,1
CAGTGATAAAATTAAC,1
CAGTGATCTTCCTTAA,1
CAGTGATGACATCATA,1
CAGTGATGCTCCTTAA,1
CAGTGATGTTTCTTAA,1
CAGTGATTAATGACCC,1
CAGTGATTTTACGCCA,1
CAGTGCAACACTTACA,1
CAGTGCACCAGCTTCA,1
CAGTGCAGCAATCACC,1
CAGTGCATGGATTACC,1
CAGTGCCAGACTAGTC,1
CAGTGCCTGAAAGAAT,1
CAGTGCGAAACTCTAG,1
CAGTGCGCCGTATGTC,1
CAGTGCGGAAATTCAG,1
CAGTGCGTTAACTAAG,1
CAGTGGAGAATCGAAT,1
CAGTGGAGGATCGCAT,1
CAGTGGATGCGTATAC,1
CAGTGGCGATGCTACC,1
CAGTGGCGTAACAAGC,1
CAGTGGCTGGTACGCA,1
CAGTGGGAAGTCAAAC,1
CAGTGGGTAATAACTG,1
CAGTGGGTTTACGCCA,1
CAGTGGTCGGAGTCAC,1
CAGTGGTGTTCCTTAA,1
CAGTGTAACTGATATT,1
CAGTGTATCACAGGAA,1
CAGTGTGAAGGAAGGG,1
CAGTGTTATGTAATTC,1
CAGTGTTCAATATCAA,1
CAGTGTTCAATCATTA,1
CAGTGTTCGTGGGGGA,1
CAGTGTTCTACAAAGA,1
CAGTGTTGCCAATATT,1
CAGTTAAAAACCCCAA,1
CAGTTAAAAACCTGAC,1
CAGTTAAAACCAGACT,1
CAGTTAAAATTGTTCT,1
CAGTTAAACACACACT,1
CAGTTAAAGGAGTGAT,1
CAGTTAAATAATAATA,1
CAGTTAAATACGTATG,1
CAGTTAAATAGGTATT,1
CAGTTAAATCAAGACT,1
CAGTTAAATCCGGACT,1
CAGTTAAATCGAGACT,1
CAGTTAAATTTGCACA,1
CAGTTAACAACAATAA,1
CAGTTAACAACACCAA,1
CAGTTAACAACCACAA,1
CAGTTAACTACAGCAT,1
CAGTTAAGTAGGTATG,1
CAGTTAAGTTCCAATT,1
CAGTTAATAAAAGTAA,1
CAGTTAATAGTCTTCA,1
CAGTTAATGCACATCG,1
CAGTTAATGCCCATCT,1
CAGTTAATTCCCATCG,1
CAGTTACAATTAGGCC,1
CAGTTACACTACAAGA,1
CAGTTACAGAATAAGT,1
CAGTTACAGCCCATTC,1
CAGTTACAGTACTTAA,1
CAGTTACCGGATCAAA,1
CAGTTACGTATTTGGC,1
CAGTTACTAACTCAGG,1
CAGTTACTTGAATGGG,1
CAGTTAGAATATCACC,1
CAGTTAGGTTGCACTC,1
CAGTTAGTAATGATAA,1
CAGTTAGTTAACATAC,1
CAGTTATACCGTAACC,1
CAGTTATCACCCGAAC,1
CAGTTATTCCTTGAGT,1
CAGTTATTTACATACA,1
CAGTTCAACGTCCAGT,1
CAGTTCAATAACAAGA,1
CAGTTCAATAACAATA,1
CAGTTCACAACAATAG,1
CAGTTCACCATCCTAT,1
CAGTTCACTACCCTAT,1
CAGTTCACTATCCAAT,1
CAGTTCATTATCCTAT,1
CAGTTCCAAACTAGTC,1
CAGTTCCACCCCAAGA,1
CAGTTCCCGGCCTAAT,1
CAGTTCCCTGGGAAGC,1
CAGTTCCGCCCCAAGG,1
CAGTTCCGCTCAATGC,1
CAGTTCCTCCCCAAGA,1
CAGTTCTACTCTACAT,1
CAGTTCTAGCTCACTC,1
CAGTTCTATCGTGGCC,1
CAGTTCTCTATCCTAT,1
CAGTTGAATATCAAAA,1
CAGTTGACATTAAGGT,1
CAGTTGACGAGTTACA,1
CAGTTGACTGCTGATT,1
CAGTTGATCCATCCAA,1
CAGTTGCACTGACACA,1
CAGTTGCCTGATGATT,1
CAGTTGCGTAACCAGC,1
CAGTTGGAACGTAAGA,1
CAGTTGTAACGACACC,1
CAGTTGTAGCATAGAA,1
CAGTTGTGAACTGTGG,1
CAGTTGTTTCCTTCGC,1
CAGTTGTTTCCTTCTT,1
CAGTTTACAACAATAA,1
CAGTTTACTGGAGCAG,1
CAGTTTAGAGGACCGT,1
CAGTTTCAAGCCACTT,1
CAGTTTCCTGCTGATT,1
CAGTTTCTTAATTGAT,1
CAGTTTGTAAAGAATT,1
CAGTTTTTTCCTTCGT,1
CATAAAAAAACAAAAA,1
CATAAAAAAACAGGCA,1
CATAAAAAAATACTTA,1
CATAAAAAAATCACCA,1
CATAAAAAAGTATTAA,1
CATAAAAAAGTCTACC,1
CATAAAAACAGTAAAT,1
CATAAAAAGTTTATAA,1
CATAAAAATAAGCAGA,1
CATAAAAATCAACCAA,1
CATAAAAATCGATAAA,1
CATAAAACCGGGAGGG,1
CATAAAACGTACAAAC,1
CATAAAACTGAGACTA,1
CATAAAAGAACAGCTT,1
CATAAAAGTATCCATC,1
CATAAAATATGAGATA,1
CATAAAATCGCTATTA,1
CATAAAATCTTACCCA,1
CATAAAATGCTTGTTG,1
CATAAAATGTGTACAA,1
CATAAAATGTTAACCA,1
CATAAAATTCTTACCA,1
CATAAAATTGGAAAAA,1
CATAAAATTTTAACCC,1
CATAAACAAACTCACC,1
CATAAACAAGATTTAG,1
CATAAACAATATCAGT,1
CATAAACACAGGAATG,1
CATAAACACTCCGCTA,1
CATAAACAGCATAAAG,1
CATAAACATAGAAACA,1
CATAAACATCGCATGC,1
CATAAACCGCTTCATC,1
CATAAACCGGATTAAT,1
CATAAACCGGGTAAGG,1
CATAAAGACCGTAAAG,1
CATAAAGACGAAAAAA,1
CATAAAGAGACAAAAG,1
CATAAAGAGGGACTGT,1
CATAAAGATAAGAAAA,1
CATAAAGATCAAAAGT,1
CATAAAGCCGTTATAC,1
CATAAAGCCGTTGGAC,1
CATAAAGCGCTATATT,1
CATAAAGGAATATAAT,1
CATAAAGGCAGCTAAA,1
CATAAAGGCTTCATAG,1
CATAAAGTGAACTTCA,1
CATAAAGTGACCTTCG,1
CATAAAGTTAACTTAC,1
CATAAATACATAGAAT,1
CATAAATATGGAGCAA,1
CATAAATATTAAATAA,1
CATAAATCCATGGCCG,1
CATAAATCCGCCATCA,1
CATAAATCGGGCTGGA,1
CATAAATCTAACACTC,1
CATAAATGAATTTTAG,1
CATAAATGCGTTAAAT,1
CATAAATTAAATTGCA,1
CATAAATTAACAAAGC,1
CATAAATTATAGAACA,1
CATAAATTATTACAAG,1
CATAAATTGCGTTGCA,1
CATAAATTTCTGATGC,1
CATAACAACAGTAAAC,1
CATAACAACAGTAAAG,1
CATAACAACTAGCTTC,1
CATAACAAGCAACTGA,1
CATAACAAGCTAGCTG,1
CATAACAATGTAGAAC,1
CATAACACCTTGCAAA,1
CATAACACCTTGGAGA,1
CATAACACCTTGGTCC,1
CATAACACCTTTGAAA,1
CATAACACGGCACCCA,1
CATAACACGTTGGAAA,1
CATAACACTAAAGTAG,1
CATAACAGATGAATCT,1
CATAACAGATGTTAAT,1
CATAACAGGCGAACCA,1
CATAACAGGTTAGACA,1
CATAACAGTATACATC,1
CATAACATAGAAAACA,1
CATAACATCCAAACGA,1
CATAACATCCGAGAGG,1
CATAACCAACATAAAG,1
CATAACCAAGTCGAAT,1
CATAACCAATAAAAAA,1
CATAACCAGCAATGTT,1
CATAACCAGCATAAAA,1
CATAACCAGCATAATG,1
CATAACCAGCATAGAG,1
CATAACCAGCATGAAG,1
CATAACCAGGATAAAG,1
CATAACCATCATAAAG,1
CATAACCCAAATACAC,1
CATAACCCCCCTAAAC,1
CATAACCCCGATCAAC,1
CATAACCCCTGAAGAT,1
CATAACCGATAAGAAA,1
CATAACCTATCAAACT,1
CATAACCTCTTGCAAA,1
CATAACCTTACAGGCT,1
CATAACGAAATCTTCC,1
CATAACGACATCTTAA,1
CATAACGACCCTCAAA,1
CATAACGACCGTAAAA,1
CATAACGCATGCCAAG,1
CATAACGCCTCTAGAC,1
CATAACGCTACATCCC,1
CATAACGCTACCATGT,1
CATAACGCTTAGCCAT,1
CATAACGGATCTTACC,1
CATAACTAAAGGTGTA,1
CATAACTACATCTTCC,1
CATAACTAGGAAAAGT,1
CATAACTATTAATTAA,1
CATAACTCCAACAAGT,1
CATAACTCCCACAAGC,1
CATAACTCCCCAAATA,1
CATAACTCTATATCCC,1
CATAACTCTTAAAACA,1
CATAACTTACAGATCC,1
CATAAGAAACAATACA,1
CATAAGAAACTGTATA,1
CATAAGAACGAATCAC,1
CATAAGAACTCATCAC,1
CATAAGAAGCTAAAAC,1
CATAAGACGAGCACAC,1
CATAAGACGTATTTGC,1
CATAAGACTAACACAC,1
CATAAGAGAACGAACA,1
CATAAGAGACAGAACA,1
CATAAGAGACCGACCA,1
CATAAGAGCAGCAACA,1
CATAAGAGGAGTTTCG,1
CATAAGAGTAACACCT,1
CATAAGAGTAGTCAAT,1
CATAAGAGTAGTTTAG,1
CATAAGAGTAGTTTCT,1
CATAAGATACCGAACA,1
CATAAGATATAGCGTA,1
CATAAGATGAACACAC,1
CATAAGCACTATCCAA,1
CATAAGCACTGGCCAA,1
CATAAGCAGTAGCCAA,1
CATAAGCGCCAATAAT,1
CATAAGCTCAGCCATC,1
CATAAGCTCATCCAGC,1
CATAAGCTCTCAAGAG,1
CATAAGCTTATACCTC,1
CATAAGCTTCTTATTC,1
CATAAGGAATCGGAAG,1
CATAAGGAATCGGCAT,1
CATAAGGAATCGGTAG,1
CATAAGGACTAGCCAA,1
CATAAGGGCTTGAGTT,1
CATAAGTAAAAAGTTA,1
CATAAGTAAAGGTATA,1
CATAAGTAAGCTGCTA,1
CATAAGTAATGCTTGA,1
CATAAGTACATGGACC,1
CATAAGTACGTGTTCC,1
CATAAGTAGAACCAAG,1
CATAAGTATATCCCCC,1
CATAAGTATATCTCAC,1
CATAAGTATATCTTCC,1
CATAAGTATGATGCTA,1
CATAAGTATGCTTCTA,1
CATAAGTATGGTGCTA,1
CATAAGTATGTCTCCC,1
CATAAGTCCCCTTGTT,1
CATAAGTCCCTAATCA,1
CATAAGTGCTTGAGTC,1
CATAAGTGTATCTCCC,1
CATAAGTTCAAAGCGT,1
CATAATAAAAACTTAA,1
CATAATAAACATGTGT,1
CATAATAAACCACAAA,1
CATAATAACTTCAAAG,1
CATAATAAGAAATGAA,1
CATAATAAGCCACCAA,1
CATAATAATGATGTTA,1
CATAATACCATTATTC,1
CATAATACGATTATGC,1
CATAATACTTGATTCA,1
CATAATAGTCATTCCT,1
CATAATATAGATCTCA,1
CATAATATGAGCGAGG,1
CATAATATTGATCTAA,1
CATAATCATCTGGAAT,1
CATAATCCAACAGATA,1
CATAATCCAAGAACAA,1
CATAATCCCACATACT,1
CATAATCCCCTCCTTT,1
CATAATCCGTTTCATC,1
CATAATCTAAAAATAG,1
CATAATCTTTAAAACA,1
CATAATGAAAACCCCG,1
CATAATGAAAACTGTG,1
CATAATGAATCCCCTT,1
CATAATGCATAGTAAA,1
CATAATGCCCAGTAAA,1
CATAATGCTACCCGAG,1
CATAATGGGAGGGTCA,1
CATAATGGGCGGATCA,1
CATAATGGGGGCGATG,1
CATAATGGGGGGGTCA,1
CATAATGTACAATATT,1
CATAATGTGTAATATT,1
CATAATGTGTCGAACT,1
CATAATTACTCTAGTA,1
CATAATTATGCTGCTA,1
CATAATTCAATTAATA,1
CATAATTCCACATATT,1
CATAATTCCCACAAGT,1
CATAATTCGACATACT,1
CATAATTCGGGATAAC,1
CATAATTGAAAGGGAC,1
CATAATTGATAGAGAC,1
CATAATTGATAGGGAA,1
CATAATTGATAGGTAC,1
CATAATTGATATGGAC,1
CATAATTGATCACTTG,1
CATAATTGATTGGGAC,1
CATAATTGGTAAGGAC,1
CATAATTGTCAAACAG,1
CATAATTTAGAAGTTC,1
CATAATTTAGAATTGC,1
CATAATTTATAATATT,1
CATAATTTCCCACATG,1
CATAATTTTAAGGAAT,1
CATAATTTTTACAAAA,1
CATACAAAAAAGTGTC,1
CATACAAAAATAGGGG,1
CATACAAAAGATTTTC,1
CATACAAACGTTGCTA,1
CATACAAATCTATAAA,1
CATACAAATTAACCAA,1
CATACAAATTAGACAA,1
CATACAACACAAAAAC,1
CATACAACCCATTCAA,1
CATACAACGCAAGGAG,1
CATACAAGTTTCTGGC,1
CATACAATGTAAATCC,1
CATACAATTAACTTCT,1
CATACAATTTAAAGCC,1
CATACACACTAACCAA,1
CATACACATAAAAAAG,1
CATACACCAACCAGAC,1
CATACACCAACGAGAA,1
CATACACCGTCAAAAA,1
CATACACTAGAAGCAT,1
CATACACTAGAAGTAA,1
CATACAGAAAGCATCT,1
CATACAGAAGGGCATT,1
CATACAGACTGCAACC,1
CATACAGCAGTAAGAT,1
CATACAGGATGTTCTA,1
CATACAGGCAATGTCA,1
CATACAGTAAACAACG,1
CATACAGTAACCTAGA,1
CATACATAAAAGAGTC,1
CATACATACAAGGTAA,1
CATACATAGCACTCCC,1
CATACATAGTTGAACA,1
CATACATCAATATGAC,1
CATACATCAGAATGAT,1
CATACATGTTATTCCC,1
CATACATTCCATTTGT,1
CATACATTCTCGCACG,1
CATACATTGAAGCGCT,1
CATACCAACTAAGTTG,1
CATACCAATAATCATG,1
CATACCAATCCTTCGA,1
CATACCACATACTGCC,1
CATACCACGAAAGTGA,1
CATACCAGAACATTTT,1
CATACCATAACAATAA,1
CATACCATACAACTTT,1
CATACCATACGCTGTC,1
CATACCATAGACGACG,1
CATACCCACAAATGTC,1
CATACCCAGCCTTGTG,1
CATACCCTACTACACA,1
CATACCCTCGCGCCAC,1
CATACCCTTACCGCGG,1
CATACCGAAACTTCAC,1
CATACCGCTACCCGAG,1
CATACCGGACAACGCG,1
CATACCGTAAGCTGTC,1
CATACCGTACACTGTC,1
CATACCGTACCCTGTC,1
CATACCGTACGATGTC,1
CATACCGTACGCTGCC,1
CATACCTACCATTATA,1
CATACCTCCAAAACCT,1
CATACCTCTACGTACC,1
CATACCTCTTGAATGT,1
CATACGAAAATAGTAA,1
CATACGAACGTTGATA,1
CATACGAAGCTAAGGG,1
CATACGAATCAGATAA,1
CATACGAATCTAAGGA,1
CATACGACACTGAGTT,1
CATACGACAGTATCAG,1
CATACGACAGTGATTT,1
CATACGACAGTTAGTT,1
CATACGACATGTCGGT,1
CATACGACCAAATTAC,1
CATACGACGCGCTACT,1
CATACGACTAGCTACT,1
CATACGACTCTCTACT,1
CATACGATTGAAAGTC,1
CATACGATTTAGCGTA,1
CATACGCAAGAACTGT,1
CATACGCACACATTTG,1
CATACGCACTCGGGCG,1
CATACGCATATATTAG,1
CATACGCATCACGCAA,1
CATACGCATCAGGTAA,1
CATACGCATTAGACCT,1
CATACGCCCATATTAG,1
CATACGCGAAGCGACA,1
CATACGCGATCGACAC,1
CATACGCGCAAAGCAC,1
CATACGCTTTAAGATT,1
CATACGGCTATATTAG,1
CATACGGGAATCGTCA,1
CATACGTAACTTTGAT,1
CATACGTATGCTGGAA,1
CATACGTCCAAAACTT,1
CATACTAAAACAATAA,1
CATACTAAAAGCAAAG,1
CATACTAAACACAAAT,1
CATACTAACAAAGACG,1
CATACTAAGTAACTTG,1
CATACTAATAAGCCAG,1
CATACTAATGATTTGC,1
CATACTAATGTGGATA,1
CATACTACATAAGATT,1
CATACTACATGCAGTG,1
CATACTACATTCACTG,1
CATACTACCCTACAAC,1
CATACTACCGATTTGC,1
CATACTACGTCTGACA,1
CATACTACTCCGGACT,1
CATACTACTGATTTAC,1
CATACTACTGATTTTC,1
CATACTAGACCGCACA,1
CATACTAGCGTAATAG,1
CATACTATAACAATAT,1
CATACTATAACAGCTC,1
CATACTATAGCAATAA,1
CATACTATATTTCTAG,1
CATACTATCGTACTAG,1
CATACTCAAACTTACA,1
CATACTCCGAGCACAC,1
CATACTCGACCCCGTT,1
CATACTCTACAGTGAG,1
CATACTCTATATTGAA,1
CATACTCTCCTTTTAT,1
CATACTCTGCGTTTAT,1
CATACTCTGTCATACA,1
CATACTGAAACTTACT,1
CATACTGCAATGACTG,1
CATACTGCTACACGAG,1
CATACTGCTACCAGAG,1
CATACTGTAACAATAA,1
CATACTGTGGGGCATT,1
CATACTTCTACCCGAG,1
CATACTTCTTGACTCT,1
CATACTTTAAAGCGTA,1
CATACTTTAACAATAA,1
CATACTTTAGAGTGTA,1
CATACTTTGAAATTAC,1
CATAGAAAACAAAAAC,1
CATAGAAACTTTTAAA,1
CATAGAAAGCCAGCTG,1
CATAGAAATCCGAATC,1
CATAGAACACAAAAAA,1
CATAGAACACAAAAAT,1
CATAGAACACAAAAGC,1
CATAGAACACATATAA,1
CATAGAACAGTAAATA,1
CATAGAACGCAAGAAG,1
CATAGAACGCGCGGTC,1
CATAGAACGTTTATAA,1
CATAGAACTCTCGGTC,1
CATAGAACTTATACGA,1
CATAGAAGTACATGCA,1
CATAGAATGACAGAAA,1
CATAGAATTGTTTGTC,1
CATAGACAAGACAAAA,1
CATAGACATCTTAGCA,1
CATAGACATTATCGGT,1
CATAGACCTATATTCA,1
CATAGACCTCTGGCCA,1
CATAGACCTTCATTCA,1
CATAGACGAGCCGAAG,1
CATAGACTTGCAATTG,1
CATAGAGAGAAAGCCT,1
CATAGAGAGACTAATA,1
CATAGAGCACAAAAAC,1
CATAGAGCATAGATGG,1
CATAGAGGATAAGACG,1
CATAGAGGGAAGGGCG,1
CATAGAGTATCATAAT,1
CATAGAGTGATATGTG,1
CATAGAGTTGAAACCC,1
CATAGAGTTGAACACC,1
CATAGAGTTTAACCCC,1
CATAGATAAATATAGA,1
CATAGATATATAAAAT,1
CATAGATCGATTAGCA,1
CATAGATCTCCCTCAG,1
CATAGATGCACAAACG,1
CATAGATGGAGAGATA,1
CATAGATGTATACAAC,1
CATAGATTAGCTTGAA,1
CATAGATTTAGACAAC,1
CATAGATTTCTAACCG,1
CATAGCAAACAGACTT,1
CATAGCAAACCGTTCT,1
CATAGCAACAGAAGAT,1
CATAGCAACTCCACTG,1
CATAGCAAGCAATGTT,1
CATAGCACCACTTAAA,1
CATAGCACCGCTTAGA,1
CATAGCACCTTGGAAA,1
CATAGCACGGAACCCA,1
CATAGCACGGCACTCA,1
CATAGCACGTCACCCA,1
CATAGCAGGCAACAAG,1
CATAGCATGTACATCT,1
CATAGCATTGTTTTCA,1
CATAGCCAGCGAGGTA,1
CATAGCCATCAATGTT,1
CATAGCCATCCAGGTA,1
CATAGCCATCTAGGTA,1
CATAGCCATTAACCAG,1
CATAGCCTAAAACGAA,1
CATAGCCTCACAGGTT,1
CATAGCCTCCAGGCGT,1
CATAGCCTGAAAGGTT,1
CATAGCCTGACAGCTT,1
CATAGCCTGGCAGGTT,1
CATAGCCTTACAGGTT,1
CATAGCGAAACGTTCT,1
CATAGCGAACAGTTCT,1
CATAGCGAACCGATCT,1
CATAGCGAACCGTTAT,1
CATAGCGAACCTTTCT,1
CATAGCTAAAAATCCC,1
CATAGCTACGGAACAT,1
CATAGGAACAGAACTT,1
CATAGGAACAGCAACA,1
CATAGGAAGCATAACA,1
CATAGGAATAGAAATT,1
CATAGGAATGGAACTT,1
CATAGGACGGGATAAG,1
CATAGGAGCACCATTA,1
CATAGGCAATTACAGT,1
CATAGGCCAGCAGAGG,1
CATAGGGCGTCTCACT,1
CATAGGGGCTTGAGTC,1
CATAGGGGGAAGGGTG,1
CATAGGGTCAAAACAT,1
CATAGGTGAGCTAAAA,1
CATAGGTGGATTACAC,1
CATAGGTTAAACAACG,1
CATAGGTTCAGAAGAG,1
CATAGTAAAGTCTATA,1
CATAGTAACTGCGAAT,1
CATAGTAATAGAACTT,1
CATAGTAATTGACGCA,1
CATAGTACAAGAACAA,1
CATAGTACAGCGGGTA,1
CATAGTACCCAAACTT,1
CATAGTAGATTGTAGA,1
CATAGTCCAAGAGCAA,1
CATAGTCCGAGAACAA,1
CATAGTCTACGACCCA,1
CATAGTCTAGGACCAA,1
CATAGTCTTTAACACT,1
CATAGTGAACCGTTCT,1
CATAGTGAGAGCTAGA,1
CATAGTGCGTTTGATT,1
CATAGTGTAATCTAAG,1
CATAGTTAAGACAGGA,1
CATAGTTAAGAGGATA,1
CATATAAAAGGTTACA,1
CATATAAACAAGAGAA,1
CATATAAAGTGACTGA,1
CATATAAATCAAAAAC,1
CATATAAATTAGCCAA,1
CATATAACAAAATATT,1
CATATAACACAAAAAC,1
CATATAACGAAAATGA,1
CATATAACGCCGGTTC,1
CATATAACTATATAAC,1
CATATAAGATAGATCA,1
CATATAATACACATGA,1
CATATAATACTAGGGT,1
CATATAATGTAAAGCC,1
CATATAATGTATACTG,1
CATATACAAATAGATG,1
CATATACACCTCTAAT,1
CATATACAGAAACAAT,1
CATATACAGACAACCT,1
CATATACATCTGAGCA,1
CATATACCCATGTGAT,1
CATATACCGGTGGACG,1
CATATACCTAACCATC,1
CATATACTAACGACTC,1
CATATACTAATAGTGA,1
CATATACTAGATATAC,1
CATATACTATGACACC,1
CATATACTATTATGAG,1
CATATACTGACACGTC,1
CATATAGAAACACCGT,1
CATATAGAAACAGCAC,1
CATATAGAATATATTA,1
CATATAGATACAATTA,1
CATATAGTAAGCACAA,1
CATATATAATATCCCT,1
CATATATACAGTTTAG,1
CATATATACTTCACGG,1
CATATATAGGAACATC,1
CATATATAGTTCCTCC,1
CATATATATTCGCTTA,1
CATATATATTGACTTA,1
CATATATATTTCTCGG,1
CATATATGGGTTATAA,1
CATATATGGTCAGGAA,1
CATATATGTGATGACC,1
CATATATGTGATGCCA,1
CATATATGTTATGCCC,1
CATATATTGGCAGGAA,1
CATATCAACAACTAAT,1
CATATCAACACATGTG,1
CATATCACATACTACC,1
CATATCACCATTCACA,1
CATATCACCGCTTAAA,1
CATATCACGGCACCCA,1
CATATCACTCCGAACC,1
CATATCATACAGCATG,1
CATATCATGAACACAT,1
CATATCATGGACATCT,1
CATATCCACAACTATG,1
CATATCCAGTTGTATT,1
CATATCCGAGCACTAA,1
CATATCCGAGCAGAGA,1
CATATCCTTATCATGG,1
CATATCGACGTAAAAC,1
CATATCGATCCCGTAA,1
CATATCGCATACTGCC,1
CATATCGTGAACACAG,1
CATATCTCATTCGTCT,1
CATATCTGAAAGGGGC,1
CATATCTGACATCCAC,1
CATATCTTAGAACCCA,1
CATATGAACCTATTAC,1
CATATGACAATTTATA,1
CATATGAGACCGGCCG,1
CATATGAGATGGTAAG,1
CATATGATCATCGACC,1
CATATGCATAACACAT,1
CATATGCCATCTATAA,1
CATATGCCTAAAGTAC,1
CATATGCCTATATTAG,1
CATATGCCTTATAGGG,1
CATATGCTCCTATACA,1
CATATGCTCGAATTTA,1
CATATGCTTAGAAACC,1
CATATGGATCTGTATT,1
CATATGGGGAAGGGCG,1
CATATGGTACAATAAC,1
CATATGTACCAGGCAA,1
CATATGTATTGGCTTA,1
CATATGTCGCAAAAAG,1
CATATGTGTTCCTATT,1
CATATGTGTTTCCATT,1
CATATTAACAAGACCA,1
CATATTAATCAAAGTG,1
CATATTACACCAGCGT,1
CATATTACGAGACGCA,1
CATATTACGAGACGCC,1
CATATTACGTGTAGGT,1
CATATTAGTGCACAGT,1
CATATTAGTTCACAAT,1
CATATTATCTCAAGTA,1
CATATTCAGACAACTT,1
CATATTCCAAGAACAA,1
CATATTCCCCGGGTAC,1
CATATTCGAGTAGCCC,1
CATATTCTAGGACCCA,1
CATATTCTCATCAATC,1
CATATTCTCCGTTTAT,1
CATATTCTCTATATAC,1
CATATTGAAATTGATA,1
CATATTGAATCTAAAT,1
CATATTGAGACCAGCT,1
CATATTGAGTGACCTC,1
CATATTGCCAACGTCA,1
CATATTGCGATGACTG,1
CATATTTAACGAAGCT,1
CATATTTAACGACACT,1
CATATTTAACGACGAT,1
CATATTTAACGACGTT,1
CATATTTAACGACTCT,1
CATATTTAAGACAAGT,1
CATATTTAATGACGCT,1
CATATTTACCAAGACC,1
CATATTTACGACAAGT,1
CATATTTATGACAGGT,1
CATATTTATGATCCCC,1
CATATTTATTACAAGT,1
CATATTTGATAAGGAC,1
CATATTTTACCAGTAA,1
CATATTTTGATCAATT,1
CATCAAAAAATTGGAT,1
CATCAAAACCGGCAAC,1
CATCAAAAGATTTGAC,1
CATCAAAAGTCGATTA,1
CATCAAACATTGCAGT,1
CATCAAAGAACAGCTA,1
CATCAAAGAACATCTT,1
CATCAAAGCAAGCCGA,1
CATCAAAGGACAGCTT,1
CATCAAAGTCATACAA,1
CATCAAATGGTTTTAA,1
CATCAAATGTACAAGC,1
CATCAAATTACTATCC,1
CATCAACAGATATGAG,1
CATCAACATAAAACAC,1
CATCAACCCCTTTCAG,1
CATCAACCGTCAAAAA,1
CATCAACCTATAATGC,1
CATCAACTAACGAATC,1
CATCAACTATACACAG,1
CATCAACTATTACTCC,1
CATCAACTCCAGGCCA,1
CATCAACTTAGAGCCC,1
CATCAACTTGGGTGTG,1
CATCAAGAATCAAGAA,1
CATCAAGATAATTCTT,1
CATCAAGCCTGAAAAT,1
CATCAAGCGATTTGCG,1
CATCAAGGCCTCCAAC,1
CATCAAGGTCCCCAAC,1
CATCAAGGTCTACAAC,1
CATCAAGGTCTCAAAC,1
CATCAAGTAAATAGAT,1
CATCAAGTTCTCCAAC,1
CATCAATAAATATCAG,1
CATCAATAAGTTATTG,1
CATCAATAGACTGTAC,1
CATCAATAGCACTCCC,1
CATCAATATGACTAGT,1
CATCAATATTAATAAC,1
CATCAATCAAAATAAA,1
CATCAATCAATCCTAA,1
CATCAATCACCGAAGC,1
CATCAATCCAAAATGG,1
CATCAATCCAGTTGCT,1
CATCAATGACAAACCA,1
CATCAATGTCTCCAAC,1
CATCAATTCCTGATTA,1
CATCAATTTAATACCT,1
CATCAATTTATGGCTT,1
CATCACAAAAAAGAGA,1
CATCACACGAATCATC,1
CATCACACGTAACCTT,1
CATCACACTAAAGCAT,1
CATCACAGCACTTAAA,1
CATCACAGCTGGTAAT,1
CATCACCAAGTCTAAT,1
CATCACCAATCTCAAT,1
CATCACCAGCCATTAG,1
CATCACCCAAACAACA,1
CATCACCCAGGCAACA,1
CATCACCCCCCGAAGC,1
CATCACCCCGACAACA,1
CATCACCGGCTTGAAC,1
CATCACCTGAATACCC,1
CATCACGCAAATAGAT,1
CATCACGTAAATACAT,1
CATCACGTAAATATAT,1
CATCACGTTTGGTATA,1
CATCACTAAGTATAAC,1
CATCACTACAAAGATT,1
CATCACTATCCAGTAC,1
CATCACTCGGGATAAC,1
CATCACTCTATTGACA,1
CATCACTCTGCCAAAA,1
CATCACTCTTATCTCT,1
CATCACTGATACGTAA,1
CATCACTGATGAAATA,1
CATCACTGTATAGAAC,1
CATCACTTAAATAGAT,1
CATCACTTACTAGCAG,1
CATCAGAAATCTTATT,1
CATCAGACCACCAAAG,1
CATCAGAGCCAATAAT,1
CATCAGATGTGTATAC,1
CATCAGCAATCATCTC,1
CATCAGCATACGGCAC,1
CATCAGCATCCGGCAT,1
CATCAGCTACTTATTC,1
CATCAGCTTATTATTC,1
CATCAGGACCCTAACT,1
CATCAGGATGATGAAA,1
CATCAGGCAGGGCACA,1
CATCAGGTTCGCCTGA,1
CATCAGTAAAATAAAA,1
CATCAGTTATATAACC,1
CATCATAAATTTTATT,1
CATCATAAGAAAAAAA,1
CATCATAAGACGCGGA,1
CATCATAATAATAAAA,1
CATCATAATAGAATCG,1
CATCATATAAGCTCGG,1
CATCATATAGCTTCAA,1
CATCATATCAAGGATC,1
CATCATATGAAATATA,1
CATCATATGATAAACC,1
CATCATATGATCAAAC,1
CATCATATTACTTCAA,1
CATCATATTGCTTAAA,1
CATCATATTGCTTCAT,1
CATCATATTGCTTTAA,1
CATCATATTTCTTCAA,1
CATCATCAAAATAAAC,1
CATCATCAACGCCGGT,1
CATCATCAAGATCTTG,1
CATCATCCAACCTTTC,1
CATCATCCAGTTCACA,1
CATCATCCGAAGAATA,1
CATCATCCGGGATAAC,1
CATCATCCTGAGCAAT,1
CATCATCGGAAGTTTA,1
CATCATCGTAAGGTTA,1
CATCATCTATAAAACA,1
CATCATCTTATAATAC,1
CATCATCTTATGGCTT,1
CATCATCTTTAAAATA,1
CATCATGAAAGATATA,1
CATCATGCAAGCTCGG,1
CATCATGTAAGCCCGG,1
CATCATGTAAGCTCGA,1
CATCATGTAAGCTTGG,1
CATCATTAATGATACT,1
CATCATTATCGGAATG,1
CATCATTCGGAATAAC,1
CATCATTCGGGACAAC,1
CATCATTCGGGATAAA,1
CATCATTCGGGATAAT,1
CATCATTCGTGATAAC,1
CATCATTCTGGATAAC,1
CATCATTGAACTGAGT,1
CATCATTGAGTCACAC,1
CATCATTTGGGATAAC,1
CATCATTTTATGTCTT,1
CATCATTTTATTGCTT,1
CATCATTTTGCTTCAA,1
CATCCAAACTAATTAA,1
CATCCAAAGATTGGAT,1
CATCCAACATCAGAAG,1
CATCCAACGTCAAAAA,1
CATCCAAGAGTGTAGA,1
CATCCAATAGACACAA,1
CATCCAATCCAGGCCA,1
CATCCACAAAGAACGT,1
CATCCACACCAACCAA,1
CATCCACACTAAACAA,1
CATCCACAGAAAAATG,1
CATCCACAGTCAAAAA,1
CATCCACATACACTAG,1
CATCCACATCCTGGCT,1
CATCCACATTAACCAA,1
CATCCACCGTAAAAAA,1
CATCCACCTTCAAAAA,1
CATCCACGAGAACCCC,1
CATCCACGCCAGGCCA,1
CATCCACGGATACTTG,1
CATCCACTACAGGCCA,1
CATCCACTAGCAGGCG,1
CATCCACTATGGGCAA,1
CATCCACTCAATCAAC,1
CATCCACTCCAGTCCA,1
CATCCACTCCATGCCA,1
CATCCACTCCGGGCCA,1
CATCCACTGCAGGCCA,1
CATCCACTGCGAAGAG,1
CATCCACTGTCAAAAA,1
CATCCACTTATCATAC,1
CATCCAGACAAATACA,1
CATCCAGACCCGTTCG,1
CATCCAGACTGCAACC,1
CATCCAGAGCACTTAT,1
CATCCAGAGGCGGACT,1
CATCCAGATAACACAC,1
CATCCAGATCATGATC,1
CATCCAGATTTTGAAC,1
CATCCAGCAAATGATA,1
CATCCAGCAATAAACA,1
CATCCAGCATGAAAAT,1
CATCCAGCCCGAAAAT,1
CATCCAGCCTCAAAAT,1
CATCCAGCGATGAACA,1
CATCCAGGTCTCCAAC,1
CATCCAGTAAAGCTCG,1
CATCCAGTCCAGGCCA,1
CATCCAGTCTAAATAT,1
CATCCATAACCGAAGC,1
CATCCATAGCACTGCC,1
CATCCATATCACTTAT,1
CATCCATCAATGAACA,1
CATCCATCACCGAAGA,1
CATCCATCCAGCTGCT,1
CATCCATCCAGTTGAT,1
CATCCATCGTCAAAAA,1
CATCCATTAGTTACCA,1
CATCCCAGGAAAAAGG,1
CATCCCAGGGCGAACC,1
CATCCCATAGACGAAG,1
CATCCCATTCTGAGAT,1
CATCCCATTTAACGAG,1
CATCCCCAACTCAGTG,1
CATCCCCATCTAAGTG,1
CATCCCCCACACTAAC,1
CATCCCCCAGGACAGC,1
CATCCCCTATATATCG,1
CATCCCCTGACTCGTG,1
CATCCCCTTATTCGAA,1
CATCCCGAAACTTACT,1
CATCCCGACCAGTACA,1
CATCCCGATACACTTT,1
CATCCCGCGAATGATA,1
CATCCCGGTAGTAGAT,1
CATCCCGGTCATATAA,1
CATCCCTGAGTCACAC,1
CATCCGAAATACAGGC,1
CATCCGACATACACCT,1
CATCCGAGACGAAAGC,1
CATCCGAGAGGACACG,1
CATCCGAGGGGACAAG,1
CATCCGAGTAGACTCC,1
CATCCGCACTTGGGCG,1
CATCCGCATATCTCAC,1
CATCCGCGTGAGCGTG,1
CATCCGGAAACTTACT,1
CATCCGGAATGAGGCA,1
CATCCGTCATCTTCCT,1
CATCCGTCATGTGATA,1
CATCCGTGAGGACTCA,1
CATCCTAAACAGGTAC,1
CATCCTAAATGGACCC,1
CATCCTAAATGTCATA,1
CATCCTAACATCAACA,1
CATCCTACGCGAGTCA,1
CATCCTAGACCGAACA,1
CATCCTATACGTTAAA,1
CATCCTATGCTGAAAA,1
CATCCTCAACGCATTC,1
CATCCTCCCTATCCTA,1
CATCCTCGCAACCAAG,1
CATCCTGAAACTAACT,1
CATCCTGCAACTTACT,1
CATCCTGGAACTTACT,1
CATCCTGTCCATGAAT,1
CATCCTGTCTATGAAG,1
CATCCTTAAGTCACAC,1
CATCCTTCACCCGTAC,1
CATCCTTGAGTCAAAC,1
CATCCTTGAGTCACAA,1
CATCCTTGAGTCATAC,1
CATCCTTGATTCACAC,1
CATCCTTGGGTCACAC,1
CATCGAAAAGCCTCTG,1
CATCGAAAATTTAAAT,1
CATCGAAATTATACGA,1
CATCGAAATTTCAAGA,1
CATCGAACCTAAGGGA,1
CATCGAACGAGACTCA,1
CATCGAACTCATACGA,1
CATCGAACTTACACGA,1
CATCGAAGACTATCTC,1
CATCGAAGCATATCTC,1
CATCGAAGCCCATCTC,1
CATCGACACAGAGTCA,1
CATCGACATAAATCTT,1
CATCGACTGTATGAAG,1
CATCGAGCCTGAAAAT,1
CATCGAGTCTTAAACA,1
CATCGATCATAATCAT,1
CATCGCAAAAACATGT,1
CATCGCAATGTAACCG,1
CATCGCATGTTCCAGA,1
CATCGCCAATCCCATT,1
CATCGCCATTAACAAG,1
CATCGCCATTAGCCAG,1
CATCGCCATTTACCAG,1
CATCGCCCTGCACATG,1
CATCGCGAACGCCTTA,1
CATCGCGACCACCTTA,1
CATCGCGACCCCCTTA,1
CATCGCGACCGACTTA,1
CATCGCGACCGCATTA,1
CATCGCGACCGCCTCA,1
CATCGCGACCTCCTTA,1
CATCGCGAGCGCCTTA,1
CATCGCGATTGTGAGG,1
CATCGCGTAGACCAAA,1
CATCGCTACTAATAAC,1
CATCGCTAGTAATAAC,1
CATCGCTATCGGAATG,1
CATCGCTATTAATAAA,1
CATCGCTATTAATAGC,1
CATCGCTCACGACTTG,1
CATCGCTCACGGCTTC,1
CATCGCTCACGGCTTT,1
CATCGCTCACTGCTTG,1
CATCGCTTAGATATAT,1
CATCGGAACTATGCCA,1
CATCGGACGAAAAGAA,1
CATCGGATCGGGGATA,1
CATCGGATGCACATGG,1
CATCGGCAATTACATT,1
CATCGGCACATTTAAC,1
CATCGGCCTAGACTAG,1
CATCGGCTTAGACTAG,1
CATCGGCTTCTTATTC,1
CATCGGGAAGTGCGTT,1
CATCGGGAATATGCCA,1
CATCGGGACATAGACC,1
CATCGGGACTATACCA,1
CATCGGGACTATGGCA,1
CATCGGGACTATTCCA,1
CATCGGGATAATGAAA,1
CATCGGGGATGCAGCT,1
CATCGGGGATGTATCT,1
CATCGGGGTGATGAAA,1
CATCGGTCAAACAAAG,1
CATCGTAGGACGCCCT,1
CATCGTATAGCCAACA,1
CATCGTATTATAATAC,1
CATCGTCAATCATCTC,1
CATCGTCAGCTAACAG,1
CATCGTCATTAACCAG,1
CATCGTGACCGCCTTA,1
CATCGTGACTCTCCTA,1
CATCGTGATGACCTGA,1
CATCGTGCCTCTCTTA,1
CATCGTGGAGAAGTAT,1
CATCGTGGAGAGGTAA,1
CATCGTGTATAGTATT,1
CATCGTGTATGATATT,1
CATCGTTAAGATGATA,1
CATCGTTATAGGAATG,1
CATCGTTATCAGAATG,1
CATCGTTCAGGCTCGA,1
CATCGTTCGGGATAAC,1
CATCGTTGCCGCTTAT,1
CATCGTTGTAGTGATT,1
CATCGTTTTATGGCTT,1
CATCTAAAAGCAGTCA,1
CATCTAAATTGCTATT,1
CATCTAACAAACCCAA,1
CATCTAACAAGAGTTA,1
CATCTAACTTGTAATG,1
CATCTAAGGAAAGGTG,1
CATCTAATACACATAG,1
CATCTAATCGGTATGC,1
CATCTAATCTCTGAGA,1
CATCTAATGGATTACA,1
CATCTAATTCGATACA,1
CATCTACAAGACAAAA,1
CATCTACACTGATCCG,1
CATCTACTATCTAAGT,1
CATCTAGAAAACTTGA,1
CATCTAGAAAAGGGAT,1
CATCTAGAGCGTATGT,1
CATCTAGAGGGTATTT,1
CATCTAGCTAAGTAAC,1
CATCTATAAAGAACGT,1
CATCTATAGCGAACGA,1
CATCTATATCATGATC,1
CATCTATCCAGTTGCT,1
CATCTATTTATTAAAA,1
CATCTCAAAAACTAAT,1
CATCTCAACATCTAAT,1
CATCTCAACGACTAAT,1
CATCTCAAGATACTGC,1
CATCTCAATAACTAAT,1
CATCTCAATATACTAC,1
CATCTCAATATTGCAA,1
CATCTCAATCCTTACA,1
CATCTCACATGCCTTA,1
CATCTCACGAATGAAC,1
CATCTCACTCATTACT,1
CATCTCACTTCGCAGC,1
CATCTCATACGGCTTG,1
CATCTCATATCACATT,1
CATCTCATATTAATAA,1
CATCTCATTTTCTTCA,1
CATCTCCATAAGTCAC,1
CATCTCCGCACTGTTA,1
CATCTCCGCCTTGAAC,1
CATCTCCGGATTGAAC,1
CATCTCCGTCTTGAAC,1
CATCTCCTGAAATCAA,1
CATCTCCTGAATACCA,1
CATCTCCTGAATAGCC,1
CATCTCCTGAATATCC,1
CATCTCCTGACTCGTG,1
CATCTCCTGCTTGAAC,1
CATCTCGAAAATCCAA,1
CATCTCGACCGCCTTA,1
CATCTCTATTAATAAC,1
CATCTCTCAAGTCCAT,1
CATCTCTCGAAATACG,1
CATCTCTCGGAGTAAT,1
CATCTCTCTTAAAATG,1
CATCTCTGGCTTGAAC,1
CATCTCTGGGACACAT,1
CATCTCTTGCAGTCAG,1
CATCTCTTGCAGTGAA,1
CATCTCTTGTAGTGAG,1
CATCTGAAAAATTTAG,1
CATCTGAACGATTCAA,1
CATCTGAAGAATGAAC,1
CATCTGAAGTACAGGC,1
CATCTGAATGTGACAG,1
CATCTGACAAGAATTA,1
CATCTGACATCTCGCA,1
CATCTGACATGACATT,1
CATCTGACCCATGTCC,1
CATCTGACCCGTATCT,1
CATCTGACCCGTGACC,1
CATCTGACCCGTGTAC,1
CATCTGACCCGTGTCT,1
CATCTGACGCGTGTCC,1
CATCTGAGAAACGCAG,1
CATCTGAGAAGAGTTA,1
CATCTGATAAAATTTA,1
CATCTGCAACATACAT,1
CATCTGCAATCTTATC,1
CATCTGCAATTACAGT,1
CATCTGCACTTCAGAT,1
CATCTGCCATTTAACC,1
CATCTGCTATTTAAAC,1
CATCTGCTATTTAACA,1
CATCTGCTATTTGACC,1
CATCTGGAACTGTATT,1
CATCTGGAGCCCACGG,1
CATCTGGAGGCCACAG,1
CATCTGGAGGCCACTG,1
CATCTGGAGGCCAGGG,1
CATCTGGATGATGAAA,1
CATCTGGGACCACAAA,1
CATCTGTAATCTAATC,1
CATCTGTAATGACCAG,1
CATCTGTAATTCAACC,1
CATCTGTCAAAATGTA,1
CATCTGTCTCCCAGAA,1
CATCTGTGAATAAAAC,1
CATCTTAAAAAAATCA,1
CATCTTAATAATGATT,1
CATCTTAATGTACCAA,1
CATCTTACCCGTGTCC,1
CATCTTACCGAGGTGG,1
CATCTTACGTTCGACG,1
CATCTTACTAGTATAG,1
CATCTTAGAATATTAA,1
CATCTTAGTAAAACCA,1
CATCTTATCGACGTGG,1
CATCTTATCGAGGTTG,1
CATCTTATCGATGTGG,1
CATCTTATCTAGGTGG,1
CATCTTATGATGGAAA,1
CATCTTATGGAGGTGG,1
CATCTTATTGAGGTGG,1
CATCTTCAAGTCTCTA,1
CATCTTCATTGGTCCC,1
CATCTTCCAGTTCACA,1
CATCTTCGAGGGAAGA,1
CATCTTCTATTTAACC,1
CATCTTGACAATGTCA,1
CATCTTGGGCTGACTT,1
CATCTTGTAAGCTCGG,1
CATCTTGTCACTCACT,1
CATCTTTATGAGGCAT,1
CATCTTTGTAACAGGT,1
CATGAAAAACGACTCA,1
CATGAAAAAGATAATA,1
CATGAAAAGGGGATCG,1
CATGAAAATACGTCGT,1
CATGAAACACCTTAAA,1
CATGAAACCATGTGTA,1
CATGAAACCCTGTTTA,1
CATGAAACGAGAGAAA,1
CATGAAACGATGCAGT,1
CATGAAACGCACAAAA,1
CATGAAACGCACACTA,1
CATGAAACGTTTATAA,1
CATGAAAGGAAAATTC,1
CATGAAATACACACTA,1
CATGAAATAGGCACTG,1
CATGAAATCCTAGGTT,1
CATGAAATCTTTACTA,1
CATGAAATTATTCACC,1
CATGAAATTGGAGCTA,1
CATGAACAAAATTTAC,1
CATGAACAGGATAATA,1
CATGAACCTGCTTATT,1
CATGAACCTTCTTATG,1
CATGAACTAGATAGAC,1
CATGAACTATGAATCC,1
CATGAAGAGAGACTAA,1
CATGAAGATACATTTC,1
CATGAAGTGTACCCAG,1
CATGAATCAAAACACA,1
CATGAATCATAAGAGG,1
CATGAATCATCAATTC,1
CATGAATCATGCGCAT,1
CATGACAAACATCTTT,1
CATGACAACCACACAA,1
CATGACAACCTAAAAC,1
CATGACAAGGTAAAAC,1
CATGACAATCGGCTGA,1
CATGACAATCTCGAAA,1
CATGACACCTTGGAAA,1
CATGACACGCTACGCT,1
CATGACAGCAGCAAGA,1
CATGACAGTAATATAC,1
CATGACATAACAATAA,1
CATGACATACTAACTA,1
CATGACATGATAACTA,1
CATGACATGATTAGAG,1
CATGACATGCTAACTT,1
CATGACCATGTACCCG,1
CATGACCGACGGTAAA,1
CATGACCGATATTGAT,1
CATGACCGCTCGAACT,1
CATGACGATGCGCCAA,1
CATGACTAATAATCAC,1
CATGACTAGGATTAAA,1
CATGACTATGCCGCCG,1
CATGACTCAATACACG,1
CATGACTCCCACAAGT,1
CATGACTCTCGGGATT,1
CATGACTTAAGCGTGA,1
CATGACTTGTTAGGAA,1
CATGAGAACTTAAATA,1
CATGAGAAGTCCAGAT,1
CATGAGACACGAGCCA,1
CATGAGACTTCAGAAT,1
CATGAGAGGACAAAAA,1
CATGAGAGGACCAGAA,1
CATGAGAGGATAAACA,1
CATGAGAGGTCCCAAA,1
CATGAGAGTAACAGAA,1
CATGAGAGTACAAGAA,1
CATGAGATAAAGCTAC,1
CATGAGATAGAGATCT,1
CATGAGCACGGAAATA,1
CATGAGCACGTGAATA,1
CATGAGCACTGGAATA,1
CATGAGCCATGACTAA,1
CATGAGCCCAAGCATC,1
CATGAGCCTGCTTATG,1
CATGAGCGTATCAACC,1
CATGAGGAAGAGAAGA,1
CATGAGGAATCGGCAG,1
CATGAGGACGAGAAGT,1
CATGAGGGCGAGAAGA,1
CATGAGTAATACAAAA,1
CATGAGTAGTCCGGAT,1
CATGAGTGAACACAGG,1
CATGAGTTCGTCAGGG,1
CATGAGTTCGTCCAGG,1
CATGAGTTTAACCTCG,1
CATGAGTTTACTCATA,1
CATGATAACGCAAATC,1
CATGATAACTAGGGAC,1
CATGATAAGAACATGA,1
CATGATAAGAACCTTA,1
CATGATAGTACCAGAA,1
CATGATATTAAGTGCC,1
CATGATCAGACCAAGC,1
CATGATGAAAGGGCAG,1
CATGATGAGCAAACGA,1
CATGATGCGGGGTAGT,1
CATGATGTAATCCACG,1
CATGATGTAGGGTAGT,1
CATGATGTGGAGTAGT,1
CATGATGTGGGGCAGT,1
CATGATTACTTATTCA,1
CATGATTGATAGGGAC,1
CATGATTTGGGGTAGT,1
CATGCAAAAAGTTCTA,1
CATGCAAAAATGCTTT,1
CATGCAAAATTAGAAA,1
CATGCAAATACACAGG,1
CATGCAAGGAACACAA,1
CATGCAAGGGTCGGCT,1
CATGCAATACCCAATT,1
CATGCAATACCTCTCA,1
CATGCAATGAAGGCGA,1
CATGCACCTACTAGAA,1
CATGCACTATGGATAA,1
CATGCAGAATGCAACC,1
CATGCAGACTGCAATC,1
CATGCAGACTGCAGCC,1
CATGCAGACTGCGACC,1
CATGCAGACTGTAACC,1
CATGCAGAGTGCAACC,1
CATGCAGATACATTTT,1
CATGCAGCAAATAAAA,1
CATGCAGGACCTGGCT,1
CATGCAGGACCTGGTA,1
CATGCAGGGCCTGGCA,1
CATGCAGTACCTCCCA,1
CATGCAGTACCTCTAA,1
CATGCATAATCGATAG,1
CATGCATGACCTGGCA,1
CATGCATGATTTCAAA,1
CATGCATGCTATTCCC,1
CATGCATGGTATTCCC,1
CATGCATGTTATTCAC,1
CATGCATTACACACAT,1
CATGCATTACCTCTCA,1
CATGCATTCTGACGTA,1
CATGCATTGGAAAGAA,1
CATGCATTGGGACGAA,1
CATGCCAAAAAGACAC,1
CATGCCAAAACTCGAA,1
CATGCCAAAGCTCGAC,1
CATGCCAAGACTCGAC,1
CATGCCAATACAAAGG,1
CATGCCAATGGCTGTC,1
CATGCCAATGGTTCTC,1
CATGCCACCAAGTCGA,1
CATGCCAGCTCGAACT,1
CATGCCAGGTGTCTAC,1
CATGCCATTGGATGGA,1
CATGCCCAAAACCATT,1
CATGCCCCAATTGATA,1
CATGCCCCAATTTATC,1
CATGCCCCGATTGATC,1
CATGCCCGACGATGTT,1
CATGCCCGCTAGAACT,1
CATGCCCGTGAAATCC,1
CATGCCCTTACAGCGG,1
CATGCCTATATGCCAA,1
CATGCCTCAACGTACC,1
CATGCCTCTACTTACC,1
CATGCCTCTTAGCCAA,1
CATGCCTTAAGCGTAA,1
CATGCGAAAATACTTT,1
CATGCGAATTAATACA,1
CATGCGACCGGCTTCC,1
CATGCGAGACTACAGT,1
CATGCGATTAAATGGA,1
CATGCGCCAATGAGAT,1
CATGCGGGACCTGGCA,1
CATGCGTGGGAATGAG,1
CATGCGTGTCCGTCCA,1
CATGCTAAATACAAAT,1
CATGCTAAATAGCTAT,1
CATGCTAATGAAAGCG,1
CATGCTAGAAGGACAG,1
CATGCTAGACACAAAT,1
CATGCTAGCACGTAAA,1
CATGCTCAGGAGGAAA,1
CATGCTCAGGTGGAAA,1
CATGCTCCAAATTACT,1
CATGCTCTCATAGAAG,1
CATGCTCTGGGGGAAA,1
CATGCTGCGCGTACTA,1
CATGCTGTATTAAATT,1
CATGCTTTGACGGAGC,1
CATGCTTTGATAGAGC,1
CATGGAAACAAGGTAG,1
CATGGAAATAGAGCTT,1
CATGGAACCAAGTACG,1
CATGGAACCATCACTT,1
CATGGAACCATCCCTT,1
CATGGAAGAAAATTCC,1
CATGGAAGAATTTATG,1
CATGGAAGGCAAAATC,1
CATGGAATCTTTACGA,1
CATGGACAGCAAAATC,1
CATGGACCCAAACAAG,1
CATGGACCCGAACACA,1
CATGGACTAAGAATCT,1
CATGGAGCGAGAGCCA,1
CATGGAGCGCGATCCA,1
CATGGAGTAAAGCTCC,1
CATGGATAGTGAAACT,1
CATGGATTGGCCACTA,1
CATGGCAACCGAACCA,1
CATGGCATAGGAGCCC,1
CATGGCATTTAGGACT,1
CATGGCCACATATAGA,1
CATGGCCACCAAGAGC,1
CATGGCCCTGAGCAAT,1
CATGGCCTGACAGGTT,1
CATGGCCTTGTTTTCA,1
CATGGCGATCGCCAGG,1
CATGGCGTACTTTATA,1
CATGGCTATATGACTT,1
CATGGCTTAGCATTAG,1
CATGGCTTCATAATTA,1
CATGGCTTTGGTAAAA,1
CATGGCTTTGGTACAT,1
CATGGCTTTTGTACAA,1
CATGGCTTTTTGACCG,1
CATGGGAACGCAAGTG,1
CATGGGACACGAACCA,1
CATGGGACGACATAGG,1
CATGGGAGCTTTCTGC,1
CATGGGAGTACCAGAA,1
CATGGGATCCCTCAAA,1
CATGGGCAAGTAAAGT,1
CATGGGCACCCGAACG,1
CATGGGCACGTAAAGT,1
CATGGGCAGGAGGCTC,1
CATGGGCTATAACTGA,1
CATGGGCTCTTTCTGC,1
CATGGGGACTAATCAA,1
CATGGGGTACCACATA,1
CATGGGTAAAAACGGT,1
CATGGGTGACTTGGAG,1
CATGGGTGGCCGTCCA,1
CATGGGTTATCAAGTT,1
CATGGTACAAGCATCG,1
CATGGTAGACCGAGCA,1
CATGGTAGACCGAGCC,1
CATGGTCATGTAAAGT,1
CATGGTCCATAAAATA,1
CATGGTGAACGACGCG,1
CATGGTGAGGTGATAT,1
CATGGTGAGTATTTCC,1
CATGGTGATTAGTTCC,1
CATGGTGCTTCGGTAA,1
CATGGTGTAATGTAAG,1
CATGGTGTAATTTAAG,1
CATGGTGTATAATATT,1
CATGGTGTGATCTAAG,1
CATGGTTAAACAACGA,1
CATGGTTAGACCACGA,1
CATGGTTGATGGAACA,1
CATGGTTGCTGGAACT,1
CATGGTTGGTGGAACA,1
CATGGTTTAATCTAAG,1
CATGTAAAACCTAATA,1
CATGTAAACAAAGTAG,1
CATGTAAATAATTAAG,1
CATGTAAATACACTCA,1
CATGTAACTCAAAAAC,1
CATGTAAGCACGCATT,1
CATGTACACTTAAAAG,1
CATGTACATACTCCAA,1
CATGTACATCAGAAGA,1
CATGTACATTAGAAGC,1
CATGTACGTCAGAAGC,1
CATGTACGTGAAGCCT,1
CATGTAGAGCGGTTGC,1
CATGTAGATAAACGTA,1
CATGTAGATCCTCCAA,1
CATGTAGTGTCCGATT,1
CATGTATAACGCAATT,1
CATGTATACATAGGCC,1
CATGTATAGGGCACTA,1
CATGTATCCATAGGAC,1
CATGTATCCATAGGGC,1
CATGTATCCATGCCTA,1
CATGTATCCATGGGCC,1
CATGTATCCATTGGCC,1
CATGTATCCGTAGGCC,1
CATGTATCTATAGGCC,1
CATGTATTTTTAAAAA,1
CATGTCAAAAAACGAA,1
CATGTCACCAATCCAA,1
CATGTCACCCGAACCA,1
CATGTCACCTGACAAT,1
CATGTCACGAATCCTA,1
CATGTCATCAGGCAGT,1
CATGTCATCTCGTACT,1
CATGTCCAATTTCCGA,1
CATGTCCAGACTTCAG,1
CATGTCCCTGAAGGCG,1
CATGTCCTATAGAAAT,1
CATGTCCTGGAAGGCG,1
CATGTCCTTGAAGGAG,1
CATGTCGAAACTAAAA,1
CATGTCTAGACCTGTG,1
CATGTCTAGTGATGCA,1
CATGTCTGAACCTGTG,1
CATGTCTGCAATATCC,1
CATGTCTTCATCCCAT,1
CATGTCTTTGGTACAA,1
CATGTGAACCGGCCAA,1
CATGTGAAGCCAGTTC,1
CATGTGAAGCCGTTTA,1
CATGTGACACGGCCAA,1
CATGTGACCCTGCCAA,1
CATGTGACGGAAGCAG,1
CATGTGAGAATATGAT,1
CATGTGAGGATATTAT,1
CATGTGAGGGTATGAT,1
CATGTGATACAAACTT,1
CATGTGATGATATGAT,1
CATGTGCATCATACAT,1
CATGTGCATCCTCCTA,1
CATGTGCCAATTAGAT,1
CATGTGCTACATATTA,1
CATGTGGAGCCCGTTC,1
CATGTGGCAAAAGGTA,1
CATGTGGCTGTAACAA,1
CATGTGGTAAACTTAG,1
CATGTGTATAGCCTCA,1
CATGTGTCACAACATT,1
CATGTGTCGGGTGGAT,1
CATGTGTCTATAACAA,1
CATGTGTGAGAACTTT,1
CATGTTAAACACAAAT,1
CATGTTAAGTTATCTC,1
CATGTTAATGAAAACG,1
CATGTTACAGCATTCC,1
CATGTTACCAATACCC,1
CATGTTACCATATATA,1
CATGTTACCTTAGATA,1
CATGTTACGAACAGTT,1
CATGTTATAACCGCAA,1
CATGTTATTGTACCAA,1
CATGTTCAAATCCTGA,1
CATGTTCCAAGCAATA,1
CATGTTCCAAGGAATC,1
CATGTTCCAATCAATC,1
CATGTTCTGACAAATA,1
CATGTTGATTAAGCCT,1
CATGTTGGTAGCCGTC,1
CATGTTTAAAAGATAT,1
CATGTTTAACACTATC,1
CATGTTTAGAACTATC,1
CATGTTTAGCACCATC,1
CATGTTTAGCACTATA,1
CATGTTTAGCACTATT,1
CATGTTTAGCAGTATC,1
CATGTTTAGCATTATC,1
CATGTTTAGCTCTATC,1
CATGTTTAGGACTATC,1
CATGTTTCCTAACTCA,1
CATGTTTCTCGTGGAT,1
CATGTTTGGCACTATC,1
CATGTTTTAAATCAGG,1
CATGTTTTACATGACA,1
CATGTTTTGACCAAAT,1
CATGTTTTTTTCTAAT,1
CATTAAAAACTGCTCT,1
CATTAAAAAGGGAGAG,1
CATTAAAATAATAATA,1
CATTAAAATACTTTAG,1
CATTAAAATCAAGACA,1
CATTAAAATCATGACT,1
CATTAAAATGTCTAGA,1
CATTAAAATTCCCTTG,1
CATTAAAATTTTTCTG,1
CATTAAACTAAAGCAT,1
CATTAAAGATGCATGA,1
CATTAAAGCTGTAAGA,1
CATTAAAGGAACAAGG,1
CATTAAAGTAATTTAA,1
CATTAAATACCCGGCT,1
CATTAAATGCGAGCCG,1
CATTAAATGTGAGCAG,1
CATTAAATTCATGAGC,1
CATTAACAGTAACGTT,1
CATTAACCTAACTCGA,1
CATTAACGAGACCTCA,1
CATTAACTCAGAATAT,1
CATTAACTCATAAAAT,1
CATTAAGATCGTGAAT,1
CATTAAGATTCCAATA,1
CATTAAGCAAGTTGAA,1
CATTAAGCACTCGCAG,1
CATTAAGCAGTCGAAG,1
CATTAAGCAGTCTCAG,1
CATTAAGCAGTGGAAT,1
CATTAAGCATTCGTAG,1
CATTAAGTGTCCACGA,1
CATTAAGTTGATATGT,1
CATTAATAAATTAACT,1
CATTAATAACAACAGA,1
CATTAATAACCTAACG,1
CATTAATACTCCGGAC,1
CATTAATAGGACAACA,1
CATTAATGAAAACGCA,1
CATTAATGCACATAAC,1
CATTAATGGCGTTTAG,1
CATTAATTAATTCCTA,1
CATTAATTATATAACC,1
CATTAATTGATAAAAT,1
CATTACAAAAGAGCCC,1
CATTACAAATTAAGCG,1
CATTACAACGTAAAAC,1
CATTACAAGCATCCGT,1
CATTACAATACTTCAT,1
CATTACAATATTTTAG,1
CATTACACTAAAGAAT,1
CATTACACTAGAGCAT,1
CATTACACTGCCAAAA,1
CATTACAGATGATTTA,1
CATTACATGTTAGACA,1
CATTACATTCACCTCA,1
CATTACCAACTTTTCA,1
CATTACCAATGACCAA,1
CATTACCAATTAAGCC,1
CATTACCACAATTGAG,1
CATTACCACATCTCAC,1
CATTACCACCAACATA,1
CATTACCACCATTAAG,1
CATTACCAGTTAAGAC,1
CATTACCGGATCAATC,1
CATTACCGGTTAAGCC,1
CATTACCTAGTGAGGG,1
CATTACCTAGTGATGG,1
CATTACCTCTCGCAAA,1
CATTACCTCTTACAAA,1
CATTACCTCTTGCAAC,1
CATTACCTCTTGCAAG,1
CATTACCTCTTGCAAT,1
CATTACCTCTTGCGAA,1
CATTACCTCTTTGTAC,1
CATTACGAGAATTACC,1
CATTACGCATGACAAG,1
CATTACGCATGCCAAT,1
CATTACGCATTCCAAG,1
CATTACGCGTGCCAAG,1
CATTACGCTTAGTAAT,1
CATTACGCTTGCCAAG,1
CATTACGTCTTGCAAA,1
CATTACTAAATGCATG,1
CATTACTATAGCCCCA,1
CATTACTCTATCAAAA,1
CATTACTCTGACAAAA,1
CATTACTCTGCCAGAA,1
CATTACTCTGCTAAAA,1
CATTACTCTGGTAGGG,1
CATTACTGAATCAATT,1
CATTACTTCTTGCAAA,1
CATTAGAAACAATCTA,1
CATTAGAAATCAGTTG,1
CATTAGAATATAAGCC,1
CATTAGACACGAACCA,1
CATTAGACCACTAACT,1
CATTAGACTACATAAG,1
CATTAGAGGAACAATG,1
CATTAGAGTACCAGAA,1
CATTAGCAAAATCATT,1
CATTAGCAACAACATA,1
CATTAGCACAATACTA,1
CATTAGCACGGGAATA,1
CATTAGCAGCAACATA,1
CATTAGCCATAACAGT,1
CATTAGCCATCACAGC,1
CATTAGCCATCACATT,1
CATTAGCCGTCACAGT,1
CATTAGCGAACATGAA,1
CATTAGCTATATAACC,1
CATTAGCTATATATAT,1
CATTAGCTGTGCGAAA,1
CATTAGCTTCATGCCT,1
CATTAGGACATCATAT,1
CATTAGGCACCCATAA,1
CATTAGGGAATCACCA,1
CATTAGGTCTATCTAG,1
CATTAGTATTAACATA,1
CATTAGTCACATACCT,1
CATTAGTCACCCACCT,1
CATTAGTCACCTAACT,1
CATTAGTTATATAAAC,1
CATTATAAACTTTCAA,1
CATTATAAGGGGCAGC,1
CATTATAATAATAGCG,1
CATTATAATACTTTAG,1
CATTATAATCTAATGT,1
CATTATAATTAATAAT,1
CATTATACCCGGGGGT,1
CATTATACCTTAAGTC,1
CATTATAGAAGATACC,1
CATTATAGAGAGGTCA,1
CATTATAGATAAGTCA,1
CATTATAGGAGATATC,1
CATTATAGTCTCAAAA,1
CATTATATGGAACCAT,1
CATTATATTAGAACCC,1
CATTATATTAGGATAA,1
CATTATATTGCTTCAA,1
CATTATCAGGGGCAGG,1
CATTATCATTGAATAT,1
CATTATCCATCACAGT,1
CATTATCCTATTATTA,1
CATTATCGTAGAAACC,1
CATTATCTCTCCGATT,1
CATTATCTCTTGCAAA,1
CATTATGAATATGCAC,1
CATTATGATAACCCAC,1
CATTATGCCTGTACAA,1
CATTATGGCCTAATTT,1
CATTATGTAGTACCAT,1
CATTATTACCTTACCA,1
CATTATTACTACTTAC,1
CATTATTAGGGGCAGC,1
CATTATTCTTCAAATA,1
CATTATTGATAGGGAC,1
CATTATTTAAATAGTG,1
CATTATTTAAATCGTT,1
CATTATTTACGGTGTG,1
CATTATTTACGGTTTA,1
CATTATTTACTGTGTA,1
CATTATTTATATAACC,1
CATTATTTGCGGTGTA,1
CATTCAAAAGTTGGGA,1
CATTCAACAAAATCCG,1
CATTCAACAAACGTAG,1
CATTCAACAATCGCAG,1
CATTCAAGCTGTAATA,1
CATTCAAGCTGTAGGA,1
CATTCAAGGCAAACCG,1
CATTCAAGTCAAACCA,1
CATTCAATAACGCACC,1
CATTCAATATATATGA,1
CATTCAATGAAGCACC,1
CATTCAATGACACACC,1
CATTCAATGACGCACT,1
CATTCAATGACGTACC,1
CATTCACAAGTTAGGA,1
CATTCACACGGTATTA,1
CATTCACAGAATAAGT,1
CATTCACATACGTGAC,1
CATTCACATGATACAG,1
CATTCACCATGCAGTA,1
CATTCACCGATTCATA,1
CATTCACCGTCAAAAA,1
CATTCACTTCTTCATC,1
CATTCAGACTGCAACC,1
CATTCAGAGATTGAAT,1
CATTCAGAGATTTCAT,1
CATTCAGATCCACCTC,1
CATTCAGCATAAAAAA,1
CATTCAGTTGTACGAC,1
CATTCATACTTTATAC,1
CATTCATATACAAATT,1
CATTCATCACCGAAGC,1
CATTCATCCTCTATAC,1
CATTCATTAATGTTAA,1
CATTCATTATCCAGAA,1
CATTCATTATCCGGCA,1
CATTCATTCCCGCAAT,1
CATTCATTCGCAACTA,1
CATTCATTGTCCCGTA,1
CATTCCAAAAACAGAC,1
CATTCCAAAAACGGCA,1
CATTCCAAAAACGTCC,1
CATTCCAAAAACTGCC,1
CATTCCAACTTGGGAC,1
CATTCCAATACACAGG,1
CATTCCAATCCATGTT,1
CATTCCAATGGTTGTC,1
CATTCCAGAAACGGCC,1
CATTCCATAAACGGCC,1
CATTCCATAGTTCAAT,1
CATTCCATCCTAACCA,1
CATTCCATCTAGACAT,1
CATTCCATGAGTACCA,1
CATTCCATGAGTCCCT,1
CATTCCATTAATGACA,1
CATTCCCAAAACGGCC,1
CATTCCCAACAGACTA,1
CATTCCCAATGACCGA,1
CATTCCCATAACATTC,1
CATTCCCATTTAACAA,1
CATTCCCCCGGTAAAA,1
CATTCCCGGACAACTA,1
CATTCCCTGGAGTTGA,1
CATTCCGCAAAGGGGC,1
CATTCCGTATACATAT,1
CATTCCGTGGTCAATC,1
CATTCCTAAAGCAACT,1
CATTCCTAGGATTAAA,1
CATTCCTTAAGCGTGA,1
CATTCCTTACATGCGC,1
CATTCCTTACGTGCAC,1
CATTCCTTGGTCAAGC,1
CATTCGAGCTGTAAGA,1
CATTCGATGAGTCCCA,1
CATTCGCAGCTTTTAT,1
CATTCGCCCATTTACA,1
CATTCGCGGTATATAG,1
CATTCGCTTTTAACGC,1
CATTCGGAAGAGCAAT,1
CATTCGGAAGGGTAAT,1
CATTCGGACCTTGCAG,1
CATTCGTAACGACACC,1
CATTCGTACACTCTAA,1
CATTCGTGAGGTACGA,1
CATTCGTGAGGTCCTA,1
CATTCGTGAGTTCCGA,1
CATTCGTGATGTCCGA,1
CATTCGTTAGGTCCGA,1
CATTCTAAAAGGTAAA,1
CATTCTAAAATTTTCA,1
CATTCTAACATCACCA,1
CATTCTAACATGTAAA,1
CATTCTAGAAAAGGCA,1
CATTCTAGTTATACCA,1
CATTCTCTGAAAACTA,1
CATTCTGAACACGCTT,1
CATTCTGAGCGCAAGT,1
CATTCTGCTGCTAAAT,1
CATTCTGGATAAACCA,1
CATTCTTAGCACAAGT,1
CATTCTTCCCAATGAC,1
CATTCTTCCCGAGGAC,1
CATTCTTCTACGTACA,1
CATTCTTCTCTATCAT,1
CATTCTTGAGGTCCGA,1
CATTCTTTAATTACCA,1
CATTGAAAAGCCTAAT,1
CATTGAAATGTTTGTC,1
CATTGAACACGACTGT,1
CATTGAACATGACCAA,1
CATTGAACCATCTCTT,1
CATTGAACTCCAAAGG,1
CATTGAACTTATACGA,1
CATTGAAGAAGAAGCG,1
CATTGAATTATTTGTC,1
CATTGAATTGTTCGTC,1
CATTGAATTGTTTATC,1
CATTGAATTGTTTGTA,1
CATTGAATTGTTTTTC,1
CATTGAATTTTTTGTC,1
CATTGACAAAGTGCGC,1
CATTGACAACATAAAA,1
CATTGACCCGATATAA,1
CATTGACCGGATATAA,1
CATTGACCTGATATAG,1
CATTGACGACACGCAA,1
CATTGACGAGACAGCC,1
CATTGACTAAATCCAA,1
CATTGACTGTACCATA,1
CATTGAGAAAATTAAA,1
CATTGAGATTTTCAAT,1
CATTGAGCTAACACTA,1
CATTGAGTCTTAAAAA,1
CATTGAGTTGTTTGTC,1
CATTGAGTTTTAAACA,1
CATTGATACAAACCAA,1
CATTGATACTCTCACG,1
CATTGATCAAAGAAAG,1
CATTGATCACGCGAAC,1
CATTGATGACCGTCAG,1
CATTGATGTAAAGAAT,1
CATTGATTAAGCGAAC,1
CATTGCAAAATACGGA,1
CATTGCAATCCAAAGG,1
CATTGCAGGGAGACCC,1
CATTGCAGTAATATAC,1
CATTGCATTACGCGCT,1
CATTGCCCTCGAATAG,1
CATTGCCCTGCGTCTG,1
CATTGCCGGTTCAATC,1
CATTGCCGTATCAATC,1
CATTGCGGAAGATCAG,1
CATTGCGTATACGAAA,1
CATTGCTCATACATTA,1
CATTGCTTATACGCAA,1
CATTGCTTTGGTACAA,1
CATTGGATAGAAACGA,1
CATTGGCAAGGGAAAC,1
CATTGGCAATAACTGT,1
CATTGGCAATACCTTT,1
CATTGGCAATTACAGT,1
CATTGGCATGTAAAGT,1
CATTGGCGTGCCAGAT,1
CATTGGGACTATGCCA,1
CATTGGTCAAAACGGT,1
CATTGGTGTTAACATA,1
CATTGGTTAAATACTG,1
CATTGGTTCCCTAGTA,1
CATTGTAAAAGTTCAA,1
CATTGTAAAGAACGCA,1
CATTGTAAAGGACGTT,1
CATTGTAACTTAAGTC,1
CATTGTAAGCTAACAG,1
CATTGTACAAATGAAA,1
CATTGTACCAGGTAAT,1
CATTGTACCATAAGTC,1
CATTGTACGTTAAGTC,1
CATTGTAGCCGTGTAC,1
CATTGTATCTCAGAGA,1
CATTGTCAATACCTGT,1
CATTGTCAGCTAACAA,1
CATTGTCAGCTAACAT,1
CATTGTCAGCTAATAG,1
CATTGTCATCTAACAG,1
CATTGTCCAAGGTAAG,1
CATTGTCTATCTGTCA,1
CATTGTCTGATAATTG,1
CATTGTGAGCTAACAG,1
CATTGTGATTCCGAGT,1
CATTGTGTAATCTAAG,1
CATTGTGTATAATATT,1
CATTGTTAAACCACGA,1
CATTGTTAAGACAGTA,1
CATTGTTAGTTTCCGG,1
CATTGTTATTAACATA,1
CATTGTTCACTATATT,1
CATTGTTCGGAAAATA,1
CATTGTTGCTAATAAG,1
CATTGTTGCTGGAACA,1
CATTGTTTGCACTTTC,1
CATTTAAAGAGTCACA,1
CATTTAAAGGGTCCCG,1
CATTTAAATGATAGAA,1
CATTTAAATGGTCGCG,1
CATTTAACAAGAGCCC,1
CATTTAACAAGTCACA,1
CATTTAACGAGAGCTC,1
CATTTAACGAGTAACA,1
CATTTAACGAGTCCCA,1
CATTTAACGTTTCGGG,1
CATTTAACTAAGACTT,1
CATTTAAGTACGGGAA,1
CATTTAAGTACGGGGC,1
CATTTAAGTACGTGGA,1
CATTTAATAGCTCATA,1
CATTTAATATTATGTT,1
CATTTAATGTTTCAGG,1
CATTTAATTAGTCGAA,1
CATTTACAGGTATGAG,1
CATTTACATACAAATT,1
CATTTACATCAGAAGC,1
CATTTACGGGACGAAA,1
CATTTACGTTCAATGT,1
CATTTACTCACACCGA,1
CATTTACTTATGAAAC,1
CATTTAGAGCAAGCGC,1
CATTTAGAGGGTATGT,1
CATTTAGATGGTCCCG,1
CATTTAGGAGTGTAAA,1
CATTTAGTCTTAAACA,1
CATTTATAAATTTCTA,1
CATTTATATAAAAATT,1
CATTTATATACAAACT,1
CATTTATATACGAATT,1
CATTTATATCGAGCAA,1
CATTTATCGAAATACG,1
CATTTATGCGATTACT,1
CATTTATGGGTGCAAC,1
CATTTATTAAGTCCTA,1
CATTTATTCACAACTA,1
CATTTATTGCTAAGAC,1
CATTTATTTATAAAAA,1
CATTTCAAGCTACCAA,1
CATTTCAATATTGATA,1
CATTTCAGAGCTCATA,1
CATTTCAGTATTGATA,1
CATTTCATACCTCATA,1
CATTTCATAGCTAATA,1
CATTTCATAGCTCACA,1
CATTTCATAGCTCATG,1
CATTTCATAGCTCTTA,1
CATTTCATCATGCTTG,1
CATTTCCATATTAATA,1
CATTTCCATATTTATA,1
CATTTCCCGAAATACG,1
CATTTCCGGATCAATC,1
CATTTCCGGCTTGAAC,1
CATTTCCTCGCAAAAA,1
CATTTCCTCTATATAC,1
CATTTCCTTGAAGGCG,1
CATTTCGACAAACCAA,1
CATTTCGTCGAAGACC,1
CATTTCTCGAAATACA,1
CATTTCTCGAAATACT,1
CATTTCTCGAAATATG,1
CATTTCTCGTAAAATG,1
CATTTCTTAACTGGGT,1
CATTTGAAGAAGCCCT,1
CATTTGACAAAATGTA,1
CATTTGACACAAATTA,1
CATTTGACAGCCGCAG,1
CATTTGACCCCGATCT,1
CATTTGACCCGGCCAA,1
CATTTGACCCGTGTCC,1
CATTTGACCTATTCAG,1
CATTTGACGTTTCAGG,1
CATTTGAGAAGGGTAA,1
CATTTGCCTAGACTAG,1
CATTTGCTAGGTTTCT,1
CATTTGGAAAGCTCCT,1
CATTTGGAGTAGTGTA,1
CATTTGGTAAAACACA,1
CATTTGGTACCGACAC,1
CATTTGTAACGACAAC,1
CATTTGTAACGACACA,1
CATTTGTAACGACAGC,1
CATTTGTAACGAGACC,1
CATTTGTAACGGCACC,1
CATTTGTAACTACACC,1
CATTTGTAGGACCTGA,1
CATTTGTCAAAACGTA,1
CATTTGTCAGAATGTA,1
CATTTGTGGTAGAAAA,1
CATTTGTTGGACCTGA,1
CATTTTAACGACGACC,1
CATTTTACTAATCCAC,1
CATTTTAGACCAAAAA,1
CATTTTAGACCTAAGA,1
CATTTTAGCTCAATAG,1
CATTTTAGTACCAATG,1
CATTTTAGTATAGATA,1
CATTTTAGTATTTATA,1
CATTTTCAGCTAACAG,1
CATTTTCCAAGCAATC,1
CATTTTCGAGACTAAT,1
CATTTTCTAATGTAAG,1
CATTTTCTACCCTAAT,1
CATTTTCTCATATAGT,1
CATTTTCTTAATTGAG,1
CATTTTTACTTGCCGA,1
CATTTTTAGCACTATC,1
CATTTTTAGCCTTACA,1
CATTTTTAGTCTTGAA,1
CATTTTTAGTTTCGAA,1
CATTTTTCCTGTCAAA,1
CATTTTTGTCAGGAAG,1
CATTTTTGTTCTATTT,1
CCAAAAAAGACACGAG,1
CCAAAAAAGACGTATA,1
CCAAAAAATACGTGAC,1
CCAAAAAATATTCACA,1
CCAAAAACAAAAATCA,1
CCAAAAACAAACGTCG,1
CCAAAAACAAACTGCT,1
CCAAAAACAACCTTTA,1
CCAAAAACAACTGACT,1
CCAAAAACGCCAAAGT,1
CCAAAAACTGAAAGGC,1
CCAAAAACTGTTCCTT,1
CCAAAAACTTACGGTT,1
CCAAAAACTTGAGATG,1
CCAAAAAGATGACGAC,1
CCAAAAAGCCTTTTAA,1
CCAAAAAGGACGTGAC,1
CCAAAAAGGGATTCCC,1
CCAAAAAGGGTACATA,1
CCAAAAAGTACGAGAC,1
CCAAAAATACGGATAC,1
CCAAAAATAGCAAGGT,1
CCAAAAATGACGCAGA,1
CCAAAAATGCCGAAGA,1
CCAAAAATGCCTCAGA,1
CCAAAAATGTAAATAA,1
CCAAAAATTACGTGAC,1
CCAAAAATTATAAGCC,1
CCAAAAATTCCTCAGA,1
CCAAAAATTTAAATAT,1
CCAAAACAAACCAGAT,1
CCAAAACAAATTTTAT,1
CCAAAACAACCCCAGG,1
CCAAAACAAGTAAATA,1
CCAAAACACTAAGACA,1
CCAAAACAGCTTTAGG,1
CCAAAACATATTGGAA,1
CCAAAACATTAAGCCA,1
CCAAAACCCAACGACC,1
CCAAAACCGTCACTAT,1
CCAAAACCTAGTCACA,1
CCAAAACGGCAATCAC,1
CCAAAACTACTCAGGA,1
CCAAAACTACTCGATG,1
CCAAAACTCATAGGTA,1
CCAAAACTGCTGCGGC,1
CCAAAACTTGATAACT,1
CCAAAAGAAAAAAGGT,1
CCAAAAGACAGTCAAT,1
CCAAAAGACATGCCTA,1
CCAAAAGACTATGTAC,1
CCAAAAGCGGAAAATG,1
CCAAAAGCTGAAAAGC,1
CCAAAAGGGCCGTAAA,1
CCAAAAGGTATCAGTT,1
CCAAAAGTAGACGCAA,1
CCAAAAGTATACCACG,1
CCAAAAGTATCCCACT,1
CCAAAAGTATCGCACG,1
CCAAAAGTCCCCTTCA,1
CCAAAATAAACTCACT,1
CCAAAATAACATGAAC,1
CCAAAATAACATGAGT,1
CCAAAATAACTAAATC,1
CCAAAATACATTTCAC,1
CCAAAATACTACTCTA,1
CCAAAATAGCATGAAT,1
CCAAAATAGGACAATT,1
CCAAAATCACTACCGA,1
CCAAAATCACTACCGT,1
CCAAAATCACTGGTGG,1
CCAAAATCATTCGCTG,1
CCAAAATGAAAACTGC,1
CCAAAATGAAATGGAT,1
CCAAAATGATGATAGT,1
CCAAAATGCACAACAA,1
CCAAAATGCACGACAA,1
CCAAAATGCGATGGAT,1
CCAAAATGGCTCTAAC,1
CCAAAATGTAAATTCC,1
CCAAAATGTGATCACA,1
CCAAAATGTTCTGGCT,1
CCAAAATTCGATCACA,1
CCAAAATTGAACCAAT,1
CCAAAATTGTATATCA,1
CCAAAATTTAACCTTA,1
CCAAAATTTGAATACT,1
CCAAACAAAAAACAAT,1
CCAAACAACTATTACA,1
CCAAACAAGCTTAGAT,1
CCAAACAATACCAAGA,1
CCAAACAATATAGCGT,1
CCAAACAATCTCAGCA,1
CCAAACAATGAATGCG,1
CCAAACAATGAGTGAG,1
CCAAACAATGGGTGCG,1
CCAAACACAAAAAATC,1
CCAAACACATCGGAAT,1
CCAAACACCCTCTGCG,1
CCAAACACTGAAAAGC,1
CCAAACAGACTCCATA,1
CCAAACAGTAACGACA,1
CCAAACATGCTAAACC,1
CCAAACATTGAGTCCT,1
CCAAACATTGGCACGA,1
CCAAACCATCTCATAC,1
CCAAACCATTTCCTAC,1
CCAAACCCCAGTGTAA,1
CCAAACCCGAGTCACA,1
CCAAACCTACGGGATC,1
CCAAACCTCCACGCTG,1
CCAAACCTGCCCCAAC,1
CCAAACGAAATAACAT,1
CCAAACGAGGTCCGGT,1
CCAAACGATCTCCTAC,1
CCAAACGCCTGTGACA,1
CCAAACGTAATGATTG,1
CCAAACGTCAAGAAGC,1
CCAAACTAACAGATTC,1
CCAAACTACTACCCTA,1
CCAAACTACTACTATA,1
CCAAACTACTTTCGAC,1
CCAAACTATCTAAACA,1
CCAAACTCTAGTCACA,1
CCAAACTCTCCGTGAG,1
CCAAACTGAAGTCACA,1
CCAAACTGGCAAACAT,1
CCAAACTGGCAAACCG,1
CCAAACTGGCAAATCT,1
CCAAACTGGCGAACCT,1
CCAAACTGGGAAACCT,1
CCAAACTGTTATGGCT,1
CCAAACTGTTCTGGAT,1
CCAAACTGTTCTGTCT,1
CCAAACTTGCAAACCT,1
CCAAACTTTAACTTAA,1
CCAAAGAAAACACGAG,1
CCAAAGAACACAGATC,1
CCAAAGAGATCCTTAT,1
CCAAAGAGCACCGATT,1
CCAAAGATCACGTAAA,1
CCAAAGATCCAGTAAA,1
CCAAAGATCCCATAAA,1
CCAAAGATGGATCTAT,1
CCAAAGATGTCTCTAT,1
CCAAAGCAAATAATCA,1
CCAAAGCAGAACCCTT,1
CCAAAGCCAAATCATG,1
CCAAAGCCACACTACT,1
CCAAAGCCCAACTACT,1
CCAAAGCCCTACTACT,1
CCAAAGCCGCACTACT,1
CCAAAGCCTCACTACT,1
CCAAAGCTAATGATAG,1
CCAAAGCTGCCCAAAG,1
CCAAAGGAGCGACACA,1
CCAAAGGCGAGTTCGG,1
CCAAAGGGCAATAATC,1
CCAAAGGTCAGTCAAT,1
CCAAAGGTTGCGCTAA,1
CCAAAGTACAGTCAAT,1
CCAAAGTATTATTAAA,1
CCAAAGTCAGATCGGT,1
CCAAAGTCATTACGTA,1
CCAAAGTCGAACCCTT,1
CCAAAGTGAAAATATG,1
CCAAAGTTGAAATCAT,1
CCAAATAAAAATTAGG,1
CCAAATAAACTTATAT,1
CCAAATAAACTTATCA,1
CCAAATAACAACAATA,1
CCAAATAAGCTTATCT,1
CCAAATACCACGCTAA,1
CCAAATACCAGAGCAC,1
CCAAATACGAAGAATG,1
CCAAATAGAAGAGGTC,1
CCAAATAGCATATCTA,1
CCAAATAGGTAATAGT,1
CCAAATATAAATAAAA,1
CCAAATATTGAAAAGC,1
CCAAATATTGATGCTC,1
CCAAATATTTAAAGCT,1
CCAAATCAAACACTAA,1
CCAAATCAAACGCTTA,1
CCAAATCAACCTGCAT,1
CCAAATCAAGCATTCC,1
CCAAATCAATAGTTAC,1
CCAAATCAATCATTGC,1
CCAAATCAATGGCACT,1
CCAAATCACAAATATA,1
CCAAATCACAAGGATA,1
CCAAATCACCCAATTT,1
CCAAATCAGGCCAATA,1
CCAAATCATAGAACAG,1
CCAAATCCGAACCCTT,1
CCAAATCGGATGTAGG,1
CCAAATCGGTTAAATC,1
CCAAATCTACAGGATC,1
CCAAATCTACGGGATA,1
CCAAATCTACGGGATT,1
CCAAATCTACTGGATC,1
CCAAATCTGAATATCG,1
CCAAATCTGATGGAGG,1
CCAAATCTTATCCTGC,1
CCAAATGAAATAACAC,1
CCAAATGAAGAGACGC,1
CCAAATGAAGTAACAT,1
CCAAATGAAGTAACCA,1
CCAAATGAAGTGGCCA,1
CCAAATGAATACGATC,1
CCAAATGACAGTCAAT,1
CCAAATGAGATCTGTA,1
CCAAATGAGCAAGAAC,1
CCAAATGAGTTTCGAG,1
CCAAATGATATAACAT,1
CCAAATGCATTGCAAT,1
CCAAATGCTACCAATT,1
CCAAATGCTCCGGGAA,1
CCAAATGGAATAACAT,1
CCAAATGGTGAAGTAG,1
CCAAATGTGAAGCACC,1
CCAAATGTTCATCAAG,1
CCAAATTAAAAACTAG,1
CCAAATTAATGCAGAC,1
CCAAATTAGAAACTAG,1
CCAAATTATAAAATAG,1
CCAAATTATAAATTAG,1
CCAAATTATTTTTAAA,1
CCAAATTCTCTAAAAG,1
CCAAATTTCGCAACTA,1
CCAACAAAAAGCTGCA,1
CCAACAAAAATGATCG,1
CCAACAAAACAAAACA,1
CCAACAAAAGCCCATG,1
CCAACAAAATGAGTAT,1
CCAACAAACGCAAGTA,1
CCAACAAACTTTCTGG,1
CCAACAACCGTTCCTT,1
CCAACAACGCGTCAAC,1
CCAACAACTATTCCTT,1
CCAACAACTGTTACTT,1
CCAACAACTTTTCCTT,1
CCAACAAGCCGAAAAG,1
CCAACAAGTAACACGA,1
CCAACAAGTGCCGATA,1
CCAACAATCTTTATCT,1
CCAACACAACCATAAA,1
CCAACACAGCAAGTAC,1
CCAACACCAGTTGATT,1
CCAACACCGAGTTCTA,1
CCAACACCTCTGTAAA,1
CCAACACCTTCGATTG,1
CCAACACGACAACATG,1
CCAACACGCACCACAA,1
CCAACACGCGCGGTCC,1
CCAACACGGAGGAAGC,1
CCAACACGTATTATTA,1
CCAACACTAGTATCAA,1
CCAACAGACAGTATAC,1
CCAACAGACCAAAATA,1
CCAACAGACCAAAGTA,1
CCAACAGACTCCAAAC,1
CCAACAGATCGGTACA,1
CCAACAGATCTCTACA,1
CCAACAGCACAAGTAT,1
CCAACAGGCACGCGCA,1
CCAACATACTCTAAAC,1
CCAACATCATATTCCC,1
CCAACATTGGAGGAGT,1
CCAACATTGTAGATCC,1
CCAACCAAAAATCAGA,1
CCAACCAACTCTCTGG,1
CCAACCACCTATCTGG,1
CCAACCAGGTCGATCT,1
CCAACCATTTGTAATT,1
CCAACCCACAATATGT,1
CCAACCCCCTAGCTGC,1
CCAACCCCGGAAAATA,1
CCAACCCTATTGGGCG,1
CCAACCCTGCGTATAG,1
CCAACCCTGTGGATAG,1
CCAACCGATGACTCAG,1
CCAACCGCGAATCTAA,1
CCAACCGGAGGCCACA,1
CCAACCTGGTTTAAAA,1
CCAACCTGTCTCGTGA,1
CCAACCTTAGAGCTGA,1
CCAACCTTTGCACAGC,1
CCAACGAAACAACACA,1
CCAACGACAGTATCAG,1
CCAACGATTAATTCTC,1
CCAACGATTCAATCTA,1
CCAACGCACAAAATAA,1
CCAACGCATTAATAAA,1
CCAACGCCAGGAAGAC,1
CCAACGCCAGTTAATT,1
CCAACGCCAGTTGATA,1
CCAACGCCAGTTGATC,1
CCAACGCCATTTGATT,1
CCAACGCCGGTTGATT,1
CCAACGCTGCACAAAG,1
CCAACGCTGGCCAAAG,1
CCAACGCTGTCGAGAA,1
CCAACGGCAGCATCAA,1
CCAACGGCAGTCACCC,1
CCAACGTAAATTGGCA,1
CCAACGTAACTTGTCA,1
CCAACTAAAAAATCAT,1
CCAACTAAAATGTTCA,1
CCAACTAAAGCCCTCT,1
CCAACTAACAAGGATA,1
CCAACTAAGATGTTCG,1
CCAACTAAGTTAATTG,1
CCAACTACCACACAAT,1
CCAACTACCCAGCAAA,1
CCAACTAGAATATGTA,1
CCAACTAGAATGCCAT,1
CCAACTAGACTCAATC,1
CCAACTAGCATATAGC,1
CCAACTAGCATGCCAC,1
CCAACTAGGACTAAAA,1
CCAACTATAAGGGATG,1
CCAACTATAATCAGAA,1
CCAACTATATATCAAA,1
CCAACTATTCCACTAT,1
CCAACTCAAAAGGATA,1
CCAACTCACAAGTATA,1
CCAACTCACAATGATA,1
CCAACTCACAGGGATA,1
CCAACTCAGAAGGATA,1
CCAACTGAAGCATCAT,1
CCAACTGCCACTACAA,1
CCAACTGCGAATCCAA,1
CCAACTGCTTTGACCA,1
CCAACTGTATTAAAAT,1
CCAACTTACCGGAGGC,1
CCAACTTACTTTTTAA,1
CCAACTTCCTATACCA,1
CCAACTTTACAAGACA,1
CCAACTTTCCAAGAAA,1
CCAACTTTGCAAGACA,1
CCAAGAAAAATTGTCG,1
CCAAGAAAACATACCA,1
CCAAGAAAATACTGCT,1
CCAAGAAAATTACAAA,1
CCAAGAAAATTACCAC,1
CCAAGAAACACGAGCC,1
CCAAGAAACACTTACT,1
CCAAGAAAGTAATCTC,1
CCAAGAAAGTGTTCGA,1
CCAAGAAATCAGGCTA,1
CCAAGAAATGCTCTAG,1
CCAAGAAATTAATCTA,1
CCAAGAACAGCACAGC,1
CCAAGAACAGCACTGA,1
CCAAGAACATAGACAC,1
CCAAGAACATCGAAAC,1
CCAAGAACCGAATTAC,1
CCAAGAACCTTAATCA,1
CCAAGAACCTTATTCA,1
CCAAGAACCTTGCTCA,1
CCAAGAACGTTACTCA,1
CCAAGAAGCAATTGAA,1
CCAAGAAGCCCAACGT,1
CCAAGAAGGAATTCAA,1
CCAAGAAGTACGTGAC,1
CCAAGAATAAACTAAA,1
CCAAGAATAAATACCA,1
CCAAGAATCCCATCGT,1
CCAAGAATTCTAGCTC,1
CCAAGAATTTGTGAAC,1
CCAAGAATTTTAGCCC,1
CCAAGAATTTTAGCTA,1
CCAAGAATTTTAGCTT,1
CCAAGACAACGCAGTC,1
CCAAGACAATAAACCA,1
CCAAGACACTAAGCCA,1
CCAAGACAGAACGAAA,1
CCAAGACATGCCCTAG,1
CCAAGACATGCTCTAC,1
CCAAGACCTACTAGTA,1
CCAAGACGACGACATG,1
CCAAGACGCAATCCAA,1
CCAAGACGCATTACTA,1
CCAAGACTAACTGCAC,1
CCAAGACTACGCCGTC,1
CCAAGAGAAGGAGAAT,1
CCAAGAGAAGGCTAAT,1
CCAAGAGAGATACAAA,1
CCAAGAGCATCGACAC,1
CCAAGAGCGAGAAAAT,1
CCAAGAGCTTTTAAAA,1
CCAAGAGGTAAATAGT,1
CCAAGAGTATCCCACG,1
CCAAGATACCCGACGA,1
CCAAGATATACGCAGA,1
CCAAGATCATCAGATC,1
CCAAGATCATCAGTCC,1
CCAAGATCCAACGTGC,1
CCAAGATGAAGACCGA,1
CCAAGATGCCCGACGA,1
CCAAGATTAAACCAAT,1
CCAAGCAAACTGTAAA,1
CCAAGCAAAGGAAACT,1
CCAAGCATCGTACCCA,1
CCAAGCATTACAACAT,1
CCAAGCATTCTACCCA,1
CCAAGCATTGTACGCA,1
CCAAGCATTGTACTCA,1
CCAAGCATTGTATCCA,1
CCAAGCCCTAGTCACA,1
CCAAGCCTAACAAAAA,1
CCAAGCCTCGACCTAT,1
CCAAGCCTGTGAACCT,1
CCAAGCGAAATGTAAA,1
CCAAGCGAACTTTAAA,1
CCAAGCGCATCCCTCG,1
CCAAGCTATACGCATA,1
CCAAGCTATACTCAGA,1
CCAAGCTCAAACGTGC,1
CCAAGCTCCAAAGTGC,1
CCAAGCTCCAACGTGA,1
CCAAGCTCCAACGTTC,1
CCAAGCTCCAGCGTGC,1
CCAAGCTCCGTTAAAC,1
CCAAGCTGAAGAACGA,1
CCAAGCTGCCAGACGA,1
CCAAGCTGGACAGATA,1
CCAAGCTGGCCGACGA,1
CCAAGCTTCAAAGGAG,1
CCAAGCTTCAAAGTAA,1
CCAAGCTTTGTACCCA,1
CCAAGGAAAGCCCCGA,1
CCAAGGAAGAACACAT,1
CCAAGGAATGTCCTAC,1
CCAAGGAATTCACCAA,1
CCAAGGACCTTAAATC,1
CCAAGGATTTTAGCTC,1
CCAAGGCAGAGTCATT,1
CCAAGGCAGGTTTAAA,1
CCAAGGGAATATCTCA,1
CCAAGGTATGTGGGAG,1
CCAAGTAAGAATTAAG,1
CCAAGTACACGACTTA,1
CCAAGTACAGCACTGC,1
CCAAGTACGAATTTAG,1
CCAAGTACGAGTTAAG,1
CCAAGTACGGATTAAG,1
CCAAGTATACCTGTCT,1
CCAAGTATACGACAAT,1
CCAAGTATGCTCTAGA,1
CCAAGTCAAACACTTA,1
CCAAGTCAAATATCCT,1
CCAAGTCACTACCCCC,1
CCAAGTCAGAGGCATT,1
CCAAGTCAGGAAGAAA,1
CCAAGTCCACTTAAGT,1
CCAAGTTATAAACTAG,1
CCAAGTTATTTGACAG,1
CCAAGTTCATTAAACC,1
CCAAGTTCTGTTGTGA,1
CCAAGTTGCTCTGAAC,1
CCAAGTTTAGAGATGC,1
CCAAGTTTCGAGATGA,1
CCAAGTTTGGAGATAC,1
CCAAGTTTTTGATTCG,1
CCAATAAAAACAGAAC,1
CCAATAAAGTAATCAC,1
CCAATAAAGTAGGAGA,1
CCAATAAAGTCCCATT,1
CCAATAACATCGACAC,1
CCAATAACCCAATCAT,1
CCAATAACTCGATAGC,1
CCAATAAGATATGGAT,1
CCAATAAGATCTCAGT,1
CCAATAAGGACAAAAA,1
CCAATAAGTAGATGCT,1
CCAATACAGAGCTTTT,1
CCAATACAGATCGTTT,1
CCAATACATGGAACCG,1
CCAATACCGCACTCGT,1
CCAATACGAAACAAGG,1
CCAATACGCCATCAAA,1
CCAATACGGACCTTTG,1
CCAATACGTGAAATCA,1
CCAATACTGTCACATA,1
CCAATAGAACCCAAGC,1
CCAATAGACACCAGTG,1
CCAATAGAGTTGATTA,1
CCAATAGATTCTTCGA,1
CCAATAGCATACCCCG,1
CCAATAGGCGATACAA,1
CCAATAGGGTTAGAGG,1
CCAATAGTGGGATCGC,1
CCAATATAAGAAGAAA,1
CCAATATAATATAGAA,1
CCAATATCCCAATCAG,1
CCAATATCTAAAAACT,1
CCAATATGTGACTCTT,1
CCAATATGTTTCGAAA,1
CCAATCAAAAATGTGT,1
CCAATCAACCAAAATG,1
CCAATCAACCAAAGAT,1
CCAATCAACGAAAATA,1
CCAATCAATGAATTTA,1
CCAATCACCAAGAGTG,1
CCAATCACCGCACCTT,1
CCAATCATAGCGACCC,1
CCAATCATTGTACCCA,1
CCAATCCCGGAAAATA,1
CCAATCCCTACTGCGG,1
CCAATCCGACATCAAA,1
CCAATCCGAGGAATCG,1
CCAATCCGCCATTAAA,1
CCAATCCTCCATCAAA,1
CCAATCCTGACCCCCA,1
CCAATCGAACCCCTCC,1
CCAATCGAACTGTAAA,1
CCAATCGGACACCCCT,1
CCAATCTAGCGTTACT,1
CCAATCTCCAACGTGC,1
CCAATCTGAAGACCGA,1
CCAATCTTAACCAATC,1
CCAATCTTAACTAATA,1
CCAATCTTTTTAGAAA,1
CCAATGAAACATGAAA,1
CCAATGAACTGAAATA,1
CCAATGACTTTAAATC,1
CCAATGAGACCGAACC,1
CCAATGAGATCGATCT,1
CCAATGAGCAGGGCGT,1
CCAATGATAAAAAGCG,1
CCAATGATATGTGGGG,1
CCAATGATTAAACAAA,1
CCAATGCAAACAGATA,1
CCAATGCAACATGAGA,1
CCAATGCAGACAAATT,1
CCAATGCAGAGCGTTT,1
CCAATGCAGAGGCATT,1
CCAATGCAGGCTAGTG,1
CCAATGCATCACTTCA,1
CCAATGCATGGACCCG,1
CCAATGCCTACACCAG,1
CCAATGCCTACCCAAT,1
CCAATGCCTGCGTGAT,1
CCAATGCTTAAACACG,1
CCAATGGACGTTAACT,1
CCAATGGAGTCCCTTA,1
CCAATGGAGTTTGATA,1
CCAATGGATGGTGGAT,1
CCAATGGATTTCGATA,1
CCAATGGATTTTTATA,1
CCAATGGTATGTATAC,1
CCAATGTAACACAACT,1
CCAATGTACCACAACG,1
CCAATGTACCACGACT,1
CCAATGTACCGCAACT,1
CCAATGTACGACCAAT,1
CCAATGTCACAGTCGA,1
CCAATGTTAGCACTGA,1
CCAATGTTGGCTAGTA,1
CCAATGTTTACAGAAC,1
CCAATGTTTCTTTATA,1
CCAATGTTTGAAGAAC,1
CCAATGTTTGCAGGAC,1
CCAATGTTTGTAGAAC,1
CCAATGTTTTCAGAAC,1
CCAATTAAAACAAAGT,1
CCAATTAAGAGCCGAA,1
CCAATTAATAACTAGG,1
CCAATTACACGAAGTT,1
CCAATTAGAAGAAAGG,1
CCAATTAGAAGTGTGG,1
CCAATTAGAATTAGAA,1
CCAATTAGCCCTAAGG,1
CCAATTATAAGAAGTT,1
CCAATTATAAGTGTGA,1
CCAATTATACGGAGTT,1
CCAATTATCATACGTG,1
CCAATTATCATCCGTC,1
CCAATTATTAAAACCA,1
CCAATTCCGACCATAT,1
CCAATTCCTATATTCT,1
CCAATTCCTATTACTA,1
CCAATTGAAGTATGAG,1
CCAATTGATTTTGATA,1
CCAATTGCAAGAAACA,1
CCAATTGCGTCTACAG,1
CCAATTGCTGTCCAAG,1
CCAATTGGGGGGGTAA,1
CCAATTGTATTTAGCA,1
CCAATTTACCAACGGT,1
CCAATTTACTTCAAGG,1
CCAATTTGACCACTCT,1
CCAATTTGGCCAAGTA,1
CCAATTTTCAGAAAGA,1
CCACAAAAAACAAACC,1
CCACAAAAACATACAC,1
CCACAAAACCGAAAAT,1
CCACAAAAGTCTATGA,1
CCACAAAAGTTGCTTG,1
CCACAAAATATGAAAG,1
CCACAAACGTAAATAA,1
CCACAAACTGGCAAAG,1
CCACAAAGACTTTTAA,1
CCACAAAGCACCTCCC,1
CCACAAAGCCCTTTAA,1
CCACAAAGCTTTTTAA,1
CCACAAAGTAACGACA,1
CCACAAAGTATTTGAC,1
CCACAAATTACTTTCA,1
CCACAACAAACCGGAT,1
CCACAACAAAGCAGAT,1
CCACAACACACAAAAT,1
CCACAACACCCTACCG,1
CCACAACAGACCAGAT,1
CCACAACATACCAGAT,1
CCACAACATCCTGGGT,1
CCACAACCACTCACGT,1
CCACAACCCTCACTAT,1
CCACAACCGCATGAAA,1
CCACAACCTACATAAT,1
CCACAACCTTCACTAT,1
CCACAACGCTCCACAG,1
CCACAACGCTCTACAT,1
CCACAACTCACCCTGC,1
CCACAAGCTGTGAGAC,1
CCACAAGGACCGTAAA,1
CCACAAGGTCCGTAAA,1
CCACAATAATCACACC,1
CCACAATACTCACAAC,1
CCACAATAGACCCAGG,1
CCACAATAGTATCCGT,1
CCACAATATAAAACGC,1
CCACAATCGATTTCTA,1
CCACAATCGTCACTAT,1
CCACAATGAAAGAGGT,1
CCACAATGCAAAGAAC,1
CCACAATGCATTATAA,1
CCACAATGGTGTCACG,1
CCACACAAAGATACTA,1
CCACACACAAGATTAA,1
CCACACACATACAACG,1
CCACACAGCCGAGACT,1
CCACACAGGAACGACA,1
CCACACAGGCAAGACT,1
CCACACAGGCCGCATG,1
CCACACAGTAACGCCA,1
CCACACAGTAACTACA,1
CCACACAGTAGCGACA,1
CCACACATAAATTTAG,1
CCACACATCCCAAAAC,1
CCACACATCCCGAAAT,1
CCACACATGCCAAAAT,1
CCACACATTACTTTCC,1
CCACACCAATAATCCA,1
CCACACCAATTTTAGA,1
CCACACCAGTAATCAA,1
CCACACCAGTAGTCCA,1
CCACACCAGTGATCCA,1
CCACACCCATTTCAGA,1
CCACACCCGCTAATGA,1
CCACACCCTCTAATGG,1
CCACACCTAAGATCAT,1
CCACACCTCCCCGAGT,1
CCACACGAATTCTAGA,1
CCACACGCGGGACACC,1
CCACACGCTAGTCCTT,1
CCACACGGTAACGACA,1
CCACACTAGTCATGCG,1
CCACACTATAAAAAGC,1
CCACACTCATTTTAGA,1
CCACACTCCACTTTAT,1
CCACACTCTAAATATT,1
CCACACTTAAAATCAT,1
CCACACTTCATGGACC,1
CCACAGAAAGTTCCGT,1
CCACAGAAATTACCCA,1
CCACAGAATGTCCTAC,1
CCACAGAATTTCCATG,1
CCACAGACTTCCCATG,1
CCACAGACTTTACATG,1
CCACAGACTTTCCATT,1
CCACAGCGAGTAAACA,1
CCACAGCTAGACATAT,1
CCACAGGAAAAGCTCA,1
CCACAGGAGAGTTCGG,1
CCACAGTACACCCTAC,1
CCACAGTACCCAAACA,1
CCACAGTAGAAACCCA,1
CCACAGTAGAAATACA,1
CCACAGTCATAATCCT,1
CCACAGTGGTGTCACC,1
CCACAGTTGTCATGCA,1
CCACAGTTTATGGACC,1
CCACATAAACGGAAAA,1
CCACATAAAGGGACCA,1
CCACATAACATCGAAC,1
CCACATAAGAAGGCCG,1
CCACATAAGAGTAGCC,1
CCACATAATAACAATA,1
CCACATAATACGCAAT,1
CCACATACAACCTACC,1
CCACATACCCTAATGT,1
CCACATACCCTTATTC,1
CCACATACGAACAATA,1
CCACATACTAAAAATA,1
CCACATACTAACAAAA,1
CCACATACTATGTCTC,1
CCACATACTGACATAA,1
CCACATAGCGCAGCGT,1
CCACATATACCAATAA,1
CCACATCAATTGGTCA,1
CCACATCACATCGAAA,1
CCACATCACATCTAAC,1
CCACATCACATTGAAC,1
CCACATCAGATCGAAC,1
CCACATCAGATCGAAG,1
CCACATCCAAAAAATG,1
CCACATCCAACATACC,1
CCACATCCAACCTAAC,1
CCACATCCAACCTACA,1
CCACATCCAGTTCACA,1
CCACATCCTCAAGGCC,1
CCACATCCTTTGTACA,1
CCACATCTAACAATAA,1
CCACATCTAAGACCAC,1
CCACATCTTAGACCAA,1
CCACATCTTAGGCCAC,1
CCACATCTTATACCAC,1
CCACATCTTCAAAGGA,1
CCACATGACAACAATA,1
CCACATGACACCCTAT,1
CCACATGCAGGCACCA,1
CCACATGTAAAAATTA,1
CCACATGTACATATTA,1
CCACATGTGGCCTCAG,1
CCACATTACCTAATTC,1
CCACATTATCGCGGAA,1
CCACATTCGCATCGAT,1
CCACATTGGTTTTACG,1
CCACCAAAATGGTGAG,1
CCACCAAATAACAAAT,1
CCACCAACAATATAAA,1
CCACCAACCACGTCTG,1
CCACCAATAGGAGGGA,1
CCACCAATTCGGCTTA,1
CCACCACAGAGACTCT,1
CCACCACGACAATACC,1
CCACCACTTAGTCTCA,1
CCACCACTTCTTATGC,1
CCACCAGACTACCCGA,1
CCACCAGGTTCTCCAG,1
CCACCATAAACCTCTT,1
CCACCATCATAATCTT,1
CCACCATCTAAAACCC,1
CCACCATGACGAGGGC,1
CCACCATGTATCTTTC,1
CCACCCAAAAACAAGA,1
CCACCCAAGTCTACAA,1
CCACCCAATCATGAGC,1
CCACCCACGGGAAACG,1
CCACCCATACAGAGCA,1
CCACCCATGTACGAAA,1
CCACCCATTATCCCAG,1
CCACCCCACACTACCG,1
CCACCCCCGAAAATCT,1
CCACCCCCTGTTTTCA,1
CCACCCCTAAAAATCT,1
CCACCCCTTGCACAGC,1
CCACCCGCGCCGGGAC,1
CCACCCTAATTTGCCC,1
CCACCCTACACACAAG,1
CCACCCTATCGACACT,1
CCACCCTATGAATCAG,1
CCACCCTCTGCACAGC,1
CCACCCTTCAGACCGG,1
CCACCCTTCTTGTAAA,1
CCACCCTTGGCACAGC,1
CCACCCTTTGAACAGC,1
CCACCCTTTGCACACC,1
CCACCCTTTGCATAGC,1
CCACCGATCGACGGGT,1
CCACCGATTGAGACAC,1
CCACCGCCGTGTATCT,1
CCACCGGAAGTCACCC,1
CCACCGGCAGCCACCC,1
CCACCGGCAGTAACCC,1
CCACCGGCAGTCAACC,1
CCACCGGCGGTCACCC,1
CCACCGGTAGTCACCC,1
CCACCGGTCTCATACC,1
CCACCGTGAGTTACAA,1
CCACCGTGGGGTACAA,1
CCACCTAAGGCCCTCT,1
CCACCTACTTACCACT,1
CCACCTAGTGGCTAGT,1
CCACCTATTCTTAAAT,1
CCACCTCCTGAAACCC,1
CCACCTGCAGTCACCC,1
CCACCTGTACATCAGA,1
CCACCTGTATAATGAG,1
CCACCTGTATATCAAA,1
CCACCTGTGCATCAAA,1
CCACCTTCAAGTCTAT,1
CCACCTTGATTTAGGA,1
CCACGAAACAAAAGAG,1
CCACGAACAAGATTAA,1
CCACGAAGGATAGTGA,1
CCACGAATAACCGCCC,1
CCACGACATCGGAGCA,1
CCACGACATTTCTTGG,1
CCACGACCACGACTGC,1
CCACGACCCCGACTGC,1
CCACGACCGAGACTGC,1
CCACGACCGCGACCGC,1
CCACGACGCTCTACAG,1
CCACGAGTAAGGTCAA,1
CCACGATACAATTCAG,1
CCACGATAGTATAACA,1
CCACGCAAGATGTAGC,1
CCACGCAAGCTTAATT,1
CCACGCACAAGACTAA,1
CCACGCACAATATTAA,1
CCACGCATGGTGCGTT,1
CCACGCATGTCGCGTT,1
CCACGCATGTTGTGTT,1
CCACGCATTATTACTT,1
CCACGCCAAGATTGCA,1
CCACGCCAAGCCTTAA,1
CCACGCCTGCGCCTTG,1
CCACGCGCCGATACAG,1
CCACGCGCGAAAGGTA,1
CCACGCGCTACAGGTA,1
CCACGCTAAAGAATAT,1
CCACGCTAGCATAACA,1
CCACGCTATGACAACA,1
CCACGCTATTATAACA,1
CCACGCTGCTTTGCCG,1
CCACGCTGGATAGATA,1
CCACGCTGGTATAACA,1
CCACGCTGTACAGATA,1
CCACGGAAACCCCTGT,1
CCACGGACCGGTATGA,1
CCACGGAGCGTGACCG,1
CCACGGAGTGTTACCG,1
CCACGGCAGGTAGCCT,1
CCACGGCTCACGCTTC,1
CCACGGCTCACTACCA,1
CCACGGGCAACTTAAA,1
CCACGGGGTCAGGCGT,1
CCACGGGTAAGGTAAA,1
CCACGGTCAACTGAAA,1
CCACGGTGAAAGAAGT,1
CCACGTAACAACAATA,1
CCACGTACCGAATGTT,1
CCACGTAGTGTGACCG,1
CCACGTATGGCGCGTT,1
CCACGTCATAGCCCAC,1
CCACGTCGCAATTCCC,1
CCACGTCGTGCTGCTT,1
CCACGTGAAATTCACA,1
CCACGTGTAAGGTCAA,1
CCACGTGTCTAACCCG,1
CCACGTTAAAGATTAG,1
CCACGTTCCATCACAT,1
CCACGTTGTTGTCCCA,1
CCACTAAAATGGAAAG,1
CCACTAAAGTAGGGGA,1
CCACTAAGAATAGTGA,1
CCACTAAGGACCTCGA,1
CCACTAATAACCGCCT,1
CCACTAATACGCTGCG,1
CCACTAATGAACAATC,1
CCACTAATGTAAATAA,1
CCACTAATTTAACAAC,1
CCACTAATTTCAAAGA,1
CCACTAATTTCTTCCA,1
CCACTAATTTTTGCCA,1
CCACTACAGAATACAA,1
CCACTACGACAGTACC,1
CCACTACTACAATACC,1
CCACTAGCTAAAGATA,1
CCACTAGGACAATACC,1
CCACTATACCCAGAAA,1
CCACTATACTCAAAGA,1
CCACTATGAGATACGG,1
CCACTATGAGCTAACC,1
CCACTATGGGCTAACC,1
CCACTATGTCACTAAT,1
CCACTATTGTTATATT,1
CCACTATTTGGAAAAA,1
CCACTCAACCCCCAAC,1
CCACTCAACGCCTCAA,1
CCACTCAAGCTCTTAA,1
CCACTCAAGGCCGATA,1
CCACTCACCATAGGAT,1
CCACTCAGCACAGATG,1
CCACTCAGCACCGACG,1
CCACTCAGCACCGATT,1
CCACTCAGCACTGATG,1
CCACTCATAGCGATCT,1
CCACTCATCATTACCA,1
CCACTCATGGCGACCC,1
CCACTCCCATAAAGCC,1
CCACTCCGAGTCACCG,1
CCACTCCTCAACTCAC,1
CCACTCCTCGTACTAA,1
CCACTCGCGAAGCACA,1
CCACTCGGATAATGGC,1
CCACTCGGGTCTATTC,1
CCACTCGTAGCGACCC,1
CCACTCGTCAATAAAG,1
CCACTCGTCGACACTT,1
CCACTCTAGAGACTAC,1
CCACTCTAGTATAACA,1
CCACTCTCATTCCCTA,1
CCACTGAAGATTAGAA,1
CCACTGACGGAATGAC,1
CCACTGAGAACAACTT,1
CCACTGCAAAAACAAG,1
CCACTGCCGAACTGAT,1
CCACTGCCTTTTATTA,1
CCACTGCTTTAATGAA,1
CCACTGGAAGAAAGGA,1
CCACTGTTGGCCAGTA,1
CCACTTAAATGCCGAT,1
CCACTTAAATGCTGGT,1
CCACTTAAATTCCAAC,1
CCACTTAATCCTAGCC,1
CCACTTAATGGGAAGT,1
CCACTTACACTCATCG,1
CCACTTAGCACTAAGG,1
CCACTTAGCCCTAAAG,1
CCACTTAGCCCTAATG,1
CCACTTAGGCCTAAGG,1
CCACTTATAGCGACCC,1
CCACTTATGATCAAGG,1
CCACTTCACCTAATCC,1
CCACTTCATCATTTAC,1
CCACTTCGAGTCGCCG,1
CCACTTCTTTAATGCA,1
CCACTTGAACATTTGA,1
CCACTTGCATGCCACA,1
CCACTTGCCTTACATG,1
CCACTTTACTAGCTGG,1
CCACTTTCAAGCTCAC,1
CCACTTTGCAAAAGCT,1
CCACTTTGCTAAAGAT,1
CCAGAAAAAAAAGTGC,1
CCAGAAAAAATCGAAT,1
CCAGAAAACATAGAAT,1
CCAGAAAACATTGAAT,1
CCAGAAAACCGCTACC,1
CCAGAAAAGAGCTAGC,1
CCAGAAAAGATCGAAT,1
CCAGAAAATCCGAAAT,1
CCAGAAAATGGTAAGA,1
CCAGAAACCACTACCA,1
CCAGAAACCCCAACTA,1
CCAGAAACCCCTTCCA,1
CCAGAAACTCCGATCT,1
CCAGAAACTCCGTAAT,1
CCAGAAAGCATCGAAT,1
CCAGAAATAAACATGT,1
CCAGAAATACCCAATC,1
CCAGAACAAAAATGTC,1
CCAGAACAAAAATTGC,1
CCAGAACAAACCAGAT,1
CCAGAACAAAGAGTGC,1
CCAGAACATGGATGAT,1
CCAGAACATGTGGGAA,1
CCAGAACCCATATACA,1
CCAGAACCTATGAACA,1
CCAGAACGGATAATTT,1
CCAGAACTTATAACAC,1
CCAGAACTTGAAGGAA,1
CCAGAACTTGTAGGAA,1
CCAGAAGAAAAAGTGC,1
CCAGAAGATTGTAAGA,1
CCAGAAGTATACCGTG,1
CCAGAATAAACCTACC,1
CCAGAATAAATAAAAA,1
CCAGAATAATAAAAGC,1
CCAGAATGCACCGGCA,1
CCAGAATTCCAATACT,1
CCAGAATTTCAGCACG,1
CCAGAATTTTAAAGGG,1
CCAGAATTTTAGCCCG,1
CCAGACAAAACTGCCA,1
CCAGACAAGCCTATAA,1
CCAGACACTACTACCC,1
CCAGACACTCCTACTC,1
CCAGACAGTAATATCA,1
CCAGACAGTGCTCCGA,1
CCAGACATAGAAGGAA,1
CCAGACCACCTAGCTT,1
CCAGACCAGGCGATAA,1
CCAGACCAGTAATCCA,1
CCAGACCGCACAGACT,1
CCAGACGAAAATGATT,1
CCAGACGGAACCCATA,1
CCAGACTGGCAAACCT,1
CCAGAGAACATCGAAT,1
CCAGAGAACCAATAAT,1
CCAGAGAACGGCCCGA,1
CCAGAGACTAAAACAT,1
CCAGAGACTCTTGATC,1
CCAGAGATAAAACTAG,1
CCAGAGATAAAATAGC,1
CCAGAGCAGAACTCCC,1
CCAGAGCCCAAGAATC,1
CCAGAGCCTATTGATC,1
CCAGAGCCTTGATCAA,1
CCAGAGGATGGTAAGA,1
CCAGAGGCATAGCTAA,1
CCAGAGGCATCACTAA,1
CCAGAGGCGTCGCTAA,1
CCAGAGTCCCTGACAA,1
CCAGAGTCTAACAATG,1
CCAGATAAACCTATCA,1
CCAGATAAATCCTCCA,1
CCAGATAATACATTAC,1
CCAGATACCACCCTAA,1
CCAGATACCACGATAA,1
CCAGATACCACTCTAA,1
CCAGATACGAAGCATG,1
CCAGATACGGCCCACA,1
CCAGATACGTAACATC,1
CCAGATAGGAGCTTCC,1
CCAGATATAAATCGGT,1
CCAGATATCACGCTAA,1
CCAGATATTTATACTA,1
CCAGATCAAAATAAAC,1
CCAGATCCCTATAAAC,1
CCAGATCCGACGTGGT,1
CCAGATCCTACGGCCA,1
CCAGATCGAAGTTAAT,1
CCAGATCGGATGGAGG,1
CCAGATCTAAGATTAG,1
CCAGATCTACAGTGAC,1
CCAGATGATCATATAG,1
CCAGATGCACATACAG,1
CCAGATGCGAATACAG,1
CCAGATGCTCATACAG,1
CCAGATGCTCCGGGCA,1
CCAGATGGGCGAGAAT,1
CCAGATTACAATGGAC,1
CCAGATTACACAATAA,1
CCAGATTCACAATCCT,1
CCAGATTTCACAACAG,1
CCAGATTTCGCTTATA,1
CCAGATTTGAAATTAC,1
CCAGCAACTGTTCCTT,1
CCAGCAATTACCTTAG,1
CCAGCAATTACCTTCT,1
CCAGCAATTGGAGGGA,1
CCAGCACACCACCTTC,1
CCAGCAGAGAGTAAAA,1
CCAGCATAACAAAAGC,1
CCAGCATAATAAAACC,1
CCAGCATAATAAAAGT,1
CCAGCATAATAAGAGC,1
CCAGCATAATTATAAT,1
CCAGCATAGTAAAAGC,1
CCAGCATCATGGAACC,1
CCAGCATCATGGAACT,1
CCAGCATGCTAGTGGA,1
CCAGCCAATCTCGATT,1
CCAGCCACTACACCCC,1
CCAGCCAGAAAATACA,1
CCAGCCCACGAAACTA,1
CCAGCCCACGAAAGTT,1
CCAGCCCCTATCGCGC,1
CCAGCCTGCCATCAAA,1
CCAGCCTTAGTAAACA,1
CCAGCCTTGTAGAGTT,1
CCAGCGAACCTTTAAG,1
CCAGCGAATTACTTCT,1
CCAGCGATAACTGCAA,1
CCAGCGCGTTATAAAC,1
CCAGCGCTGGCGGAAG,1
CCAGCGGAATAAAATG,1
CCAGCGGAATGAGTAC,1
CCAGCGGAGAGTCAAA,1
CCAGCGGATATCGTGA,1
CCAGCGGCACAGAAAA,1
CCAGCGGTAGGAAGGA,1
CCAGCGGTATCTAAGT,1
CCAGCGTACCTGACAA,1
CCAGCGTCCCTGACGA,1
CCAGCGTCCCTTACAA,1
CCAGCGTTATATCTTA,1
CCAGCTAAACCATAGC,1
CCAGCTAAATAAAATG,1
CCAGCTAAATACGAGA,1
CCAGCTACGATTATTT,1
CCAGCTAGGACTACAG,1
CCAGCTATCTTAAAAA,1
CCAGCTCTATCTAAGG,1
CCAGCTCTTACAAAGT,1
CCAGCTGAGCAGACAT,1
CCAGCTGCCGTCACAA,1
CCAGCTGGAATAGCCG,1
CCAGCTGTATCTAAGG,1
CCAGCTGTTTATTCCA,1
CCAGCTTCACAATCCC,1
CCAGCTTCCCACAGTA,1
CCAGCTTCCCTGACAA,1
CCAGCTTCCTCCGGCA,1
CCAGCTTTAGACGTGC,1
CCAGGAAAAACATCAG,1
CCAGGAAAATTACCAA,1
CCAGGAAACATCGAAT,1
CCAGGAAATAGAGTAA,1
CCAGGAACACACATTG,1
CCAGGAAGACAGTCTG,1
CCAGGAATCTACATTA,1
CCAGGAATTACAAAAA,1
CCAGGACAAATCCCCA,1
CCAGGACAAATTACCA,1
CCAGGACAAATTCCCT,1
CCAGGACATAACCCAC,1
CCAGGACATAACCTCC,1
CCAGGACGATACAGAT,1
CCAGGACTCGCAATGA,1
CCAGGACTCTCAATGC,1
CCAGGAGAAGTCTACT,1
CCAGGAGACAAGATAT,1
CCAGGAGAGTAAACGA,1
CCAGGAGGGACTGAAG,1
CCAGGAGTAACTTGCA,1
CCAGGATGATACCGAT,1
CCAGGATGTAGAAAAC,1
CCAGGCAAAGCAATTA,1
CCAGGCAACGATGAAG,1
CCAGGCAACGATGCGG,1
CCAGGCAACGATGTAG,1
CCAGGCAACGATTCAG,1
CCAGGCAACGGTGCAG,1
CCAGGCATTGTACCCA,1
CCAGGCGAAACCCCAC,1
CCAGGCGAGAAGATAT,1
CCAGGCGAGATTTAAA,1
CCAGGCGTCACGGATA,1
CCAGGCGTTGTATTGA,1
CCAGGCGTTGTCTTTA,1
CCAGGCTACAAGATAT,1
CCAGGCTACATTTAAA,1
CCAGGCTACCCAAAAA,1
CCAGGGAATGGCGGTC,1
CCAGGGAGTCAATGTA,1
CCAGGGATTTGAAAAT,1
CCAGGGCAAATTCCCA,1
CCAGGGCATCAATCCC,1
CCAGGGCCAAAAAAGG,1
CCAGGGGGTAGAGTGT,1
CCAGGGGTACAATAAC,1
CCAGGGTCAAAAAACG,1
CCAGGGTCAAAAAAGA,1
CCAGGGTCAAAAAAGT,1
CCAGGGTCAAAAAATG,1
CCAGGGTCAAAAATGG,1
CCAGGGTCAAAAGAGG,1
CCAGGGTCAAGAAAGG,1
CCAGGGTCAGAAAAGG,1
CCAGGGTGAAAAAAGG,1
CCAGGGTGAAGGAAGT,1
CCAGGGTGGCGCGACC,1
CCAGGTAAAATTCTAT,1
CCAGGTAAACTTCTAC,1
CCAGGTAAACTTTTAT,1
CCAGGTAAGTACTCCC,1
CCAGGTAGAAAATCAT,1
CCAGGTAGAACTTCAA,1
CCAGGTAGACCATCCT,1
CCAGGTATAACGCATA,1
CCAGGTCATGGGCGAT,1
CCAGGTGAATATGTAT,1
CCAGGTGTTAACGCCA,1
CCAGGTTAAAACATGA,1
CCAGGTTAATAAACCC,1
CCAGGTTACTAAACTC,1
CCAGGTTCGTAAATCG,1
CCAGGTTCTAATTAAA,1
CCAGGTTGAAAGAACG,1
CCAGGTTGGTCCGTGC,1
CCAGTAAAACAAATCG,1
CCAGTAACAAAATATA,1
CCAGTACGATACCGAT,1
CCAGTACTTCCAAGTA,1
CCAGTAGCACATCTAC,1
CCAGTAGCAGGGGGAC,1
CCAGTAGGATTGGGAT,1
CCAGTAGTATTAGGAT,1
CCAGTATAAAAAGCGA,1
CCAGTATAATAAAAGC,1
CCAGTATACAAAAGAC,1
CCAGTATCACAGTTAT,1
CCAGTATGACAGGACT,1
CCAGTCAAAGCCATTA,1
CCAGTCAATCAACCAA,1
CCAGTCACTCACAGCA,1
CCAGTCATCCCGTGAA,1
CCAGTCGACAAGATAT,1
CCAGTCGTGCACCCGC,1
CCAGTCTAAGTCATAC,1
CCAGTCTAGTCAATCC,1
CCAGTGAAATTATGCC,1
CCAGTGACTACCCAAT,1
CCAGTGCAACGACTAG,1
CCAGTGCCTACCAAAT,1
CCAGTGCGATTATGCC,1
CCAGTGCGTCAACAAA,1
CCAGTGGCTCTCTTAG,1
CCAGTGTAGCCATGAA,1
CCAGTGTCAAAAAAGG,1
CCAGTGTCTACCCAAT,1
CCAGTGTGACTCAAAC,1
CCAGTGTTAGATACTT,1
CCAGTTACAATCTAAC,1
CCAGTTACGAAATGGT,1
CCAGTTACTTGACGGT,1
CCAGTTACTTGAGAAG,1
CCAGTTATAGACGCCA,1
CCAGTTATGTAATCCA,1
CCAGTTCAATTATGCC,1
CCAGTTCCCAAGATTA,1
CCAGTTGAAGAAATTC,1
CCAGTTGCCAATAACA,1
CCAGTTGCCCATAAGA,1
CCAGTTGTGAGACTCT,1
CCAGTTGTTACACTCT,1
CCAGTTTAAAATATCT,1
CCAGTTTACACAAATA,1
CCAGTTTACTAAACCC,1
CCAGTTTAGAACCCCC,1
CCAGTTTATGTAAACG,1
CCAGTTTTTCCGGTCA,1
CCAGTTTTTGACATTT,1
CCATAAAAAAAAGCCA,1
CCATAAAAAAATCCAT,1
CCATAAAAAACTTGGC,1
CCATAAAAACGCACAC,1
CCATAAAAAGATTGGC,1
CCATAAAAAGCTTAGC,1
CCATAAAAAGCTTGGA,1
CCATAAAAATCTTGGC,1
CCATAAAACTAAAACA,1
CCATAAAATACATGAC,1
CCATAAAATTACCACA,1
CCATAAACACTGTTGA,1
CCATAAACAGAGACAA,1
CCATAAACCACCACTG,1
CCATAAACCACTTTCT,1
CCATAAACGGTCTTTA,1
CCATAAACTCCGAAAT,1
CCATAAAGAATAAAAC,1
CCATAAAGAATAAATA,1
CCATAAAGCGTAGAGT,1
CCATAAAGGTATTGCA,1
CCATAAATGGAAGCCC,1
CCATAACAAAAATGAA,1
CCATAACACATGAGGC,1
CCATAACAGGCTCATT,1
CCATAACATCTTGGGT,1
CCATAACCATATTGAC,1
CCATAACCTGGTTCGA,1
CCATAACGAAATTGAC,1
CCATAACGGTGCAAAA,1
CCATAACGTTGAAAAA,1
CCATAACGTTGCAAAT,1
CCATAACTAAAACTGT,1
CCATAACTATGGGGTA,1
CCATAACTCACCACAC,1
CCATAACTCCACTCAA,1
CCATAACTGAAACTGC,1
CCATAACTTAACCCTT,1
CCATAACTTGCAGGAA,1
CCATAAGACTACATAC,1
CCATAAGACTGGACCC,1
CCATAAGCATAAACTC,1
CCATAAGCCACTGTTC,1
CCATAAGCCACTTGTC,1
CCATAAGGTTGCAAAA,1
CCATAATAACGCGTCA,1
CCATAATACCAGATCT,1
CCATAATACCTAATCT,1
CCATAATAGTGGTGGC,1
CCATAATATATGGGAC,1
CCATAATTAAATTGAA,1
CCATAATTCACTGGTC,1
CCATAATTGGATTAAC,1
CCATACAAGATATGAA,1
CCATACACAACATTCA,1
CCATACACCAGTCAGA,1
CCATACACTCCTACCC,1
CCATACACTGGGCCCG,1
CCATACACTTGGCCTG,1
CCATACATAATGGGAA,1
CCATACATAGGATTAA,1
CCATACATCAGATTAA,1
CCATACATCGTATTAA,1
CCATACATGTACGAAA,1
CCATACCAATCTCACA,1
CCATACCAATCTCACT,1
CCATACCCAAAAAATG,1
CCATACCCCCATGAAT,1
CCATACCCGAAATGAT,1
CCATACCCTAAATCAA,1
CCATACCTAACATAGA,1
CCATACCTCGCGTAGT,1
CCATACCTGAAAATAT,1
CCATACCTGCTTGTTC,1
CCATACGAATACATAC,1
CCATACGAATAGAAAC,1
CCATACGACTACACAC,1
CCATACGAGTCTAATC,1
CCATACGATGCATGAT,1
CCATACGCACATGGAA,1
CCATACGGATAAAATA,1
CCATACGGCTACGGAT,1
CCATACGGTGAGCATA,1
CCATACGTCGACCACT,1
CCATACGTCTTGAGTT,1
CCATACGTGCGCAGGT,1
CCATACTAGTGGCGGC,1
CCATACTCCTGATCAA,1
CCATACTCTAGCATGG,1
CCATACTTGAACAACA,1
CCATACTTGATCCATC,1
CCATAGAAATCAGTTG,1
CCATAGAACCCGATAA,1
CCATAGAACCCTATCC,1
CCATAGACAAATTTCC,1
CCATAGACAAGAGTTA,1
CCATAGACCGTACCAG,1
CCATAGAGGAGCAAGA,1
CCATAGAGGTCAAGTC,1
CCATAGAGTGGGGACA,1
CCATAGATAAGCAACT,1
CCATAGATCACCCGTG,1
CCATAGATCGAAATCA,1
CCATAGCAAGTACCCA,1
CCATAGCCTAACCCTT,1
CCATAGCCTCAAAGAA,1
CCATAGCCTCTTGATC,1
CCATAGCCTTAAATTT,1
CCATAGCTTAACCATT,1
CCATAGCTTAACCCCT,1
CCATAGCTTAACCCTG,1
CCATAGCTTAACCTTT,1
CCATAGGAACAACATA,1
CCATAGGCAAATCTAG,1
CCATAGTAATGAATCC,1
CCATAGTCAGAAATGT,1
CCATAGTGAACCGCTA,1
CCATAGTGTACTCAAC,1
CCATAGTGTATCTAAA,1
CCATAGTTCACCGGAT,1
CCATAGTTCACCGGTT,1
CCATAGTTCTTAATTA,1
CCATATAAAATCAAAG,1
CCATATAAACCAAACA,1
CCATATAAGCCTATGA,1
CCATATAATACTATGA,1
CCATATACAAAAAATG,1
CCATATACCACGCTAA,1
CCATATACCGTCAAAA,1
CCATATATCTGCTTTT,1
CCATATATGACTCATA,1
CCATATCCAAAAAATC,1
CCATATCCAAAAAATT,1
CCATATCCAGAAAATG,1
CCATATCGTCAAGAAT,1
CCATATCTAATCCACC,1
CCATATCTACCCCACC,1
CCATATCTACTCAACC,1
CCATATCTACTCCACA,1
CCATATCTATTTTAAC,1
CCATATCTCTAATTGA,1
CCATATCTTAACCCTT,1
CCATATGAAATAACAT,1
CCATATGACACCCCAT,1
CCATATGACACCGTCA,1
CCATATGATATATAAT,1
CCATATGCTTAGCGTG,1
CCATATGTCCCTCCTT,1
CCATATTAACAATGTG,1
CCATATTGATTAACTG,1
CCATATTGTTCTATTA,1
CCATATTTATGCAAAA,1
CCATATTTGATAGTGC,1
CCATCAAAACAACGAT,1
CCATCAAACAAAGACC,1
CCATCAAAGCCTTCTG,1
CCATCAACATAAACTC,1
CCATCAACATCCCTAG,1
CCATCAACTCAAACTA,1
CCATCAAGTAAAACGA,1
CCATCAAGTAACAAGA,1
CCATCAAGTAACACTA,1
CCATCAAGTAATACGA,1
CCATCAAGTGACACGA,1
CCATCACAACACCACC,1
CCATCACCGAGTGATT,1
CCATCACTACCACACT,1
CCATCAGCATAAACTT,1
CCATCAGGATAAACTC,1
CCATCAGGGGTGTTCT,1
CCATCATAATAAAAGC,1
CCATCATATAACGTAC,1
CCATCATATGACGAGC,1
CCATCATCGAGTAACA,1
CCATCATGACCAGACA,1
CCATCATGGATTAATT,1
CCATCCACCGACAAGA,1
CCATCCACGTGAAACG,1
CCATCCACTAAATTCG,1
CCATCCACTGGAAACG,1
CCATCCAGACTACACC,1
CCATCCATGATTGAGC,1
CCATCCATGCACGAAA,1
CCATCCATGCCCTTTC,1
CCATCCATTTACGAAA,1
CCATCCCACGAAACTT,1
CCATCCCCAAAAATCT,1
CCATCCCCCTGATCAA,1
CCATCCCCTATACTTT,1
CCATCCCTTTGCATCC,1
CCATCCGAACACACCC,1
CCATCCGATTGATACA,1
CCATCCGCGGGAAACG,1
CCATCCTACATACAAG,1
CCATCCTACTATAATT,1
CCATCCTACTGATCAA,1
CCATCCTAGACACAAG,1
CCATCCTCCCGATCAA,1
CCATCCTCCTAATCAA,1
CCATCCTCCTGACCAA,1
CCATCCTCCTGATAAA,1
CCATCCTCCTGATCAG,1
CCATCCTCCTGATCAT,1
CCATCCTCCTGATCCG,1
CCATCCTCGCATCGTC,1
CCATCCTCGTGATCAA,1
CCATCCTTCAAAAGCA,1
CCATCCTTCCAAAGAA,1
CCATCCTTCCGTAGGT,1
CCATCGAAAAGGACCT,1
CCATCGCCCTGTATCT,1
CCATCGCTATGCATCC,1
CCATCGCTTACAAAGT,1
CCATCGCTTTGCACCC,1
CCATCGCTTTTCATCC,1
CCATCGGCCACGAAAA,1
CCATCGGCTACAAAAA,1
CCATCGTCCCTGACAA,1
CCATCGTGATGGGGAC,1
CCATCGTGGATTGATT,1
CCATCGTTTCAAAAAT,1
CCATCGTTTCGTAAAT,1
CCATCTAAAATTTACA,1
CCATCTAAACTACCAA,1
CCATCTAAATAAAATG,1
CCATCTACACTTCCAG,1
CCATCTACGCTACAAT,1
CCATCTAGAATATGTA,1
CCATCTAGCGGCTAGT,1
CCATCTAGTAGATAGG,1
CCATCTAGTGGATAGT,1
CCATCTAGTGGCAAGT,1
CCATCTAGTGGCCAGA,1
CCATCTAGTGGCCAGT,1
CCATCTAGTGGCCATC,1
CCATCTAGTGGCTATT,1
CCATCTATGAAGAAGT,1
CCATCTATTACATCGA,1
CCATCTATTGTCTAGG,1
CCATCTCACATGTAGC,1
CCATCTCCACCCCACA,1
CCATCTCCGATCTAGA,1
CCATCTCGCATGCAGC,1
CCATCTCGCATTTAGC,1
CCATCTCGGATGTAGC,1
CCATCTCGTAGCGAAC,1
CCATCTCTTAAGAAGT,1
CCATCTGTATCTCCAC,1
CCATCTGTCCCTACTT,1
CCATCTGTTCATGTTC,1
CCATCTTAAATTCCCC,1
CCATCTTAACGATACC,1
CCATCTTAATTATTCT,1
CCATCTTACTGTCTAA,1
CCATCTTACTGTCTGC,1
CCATCTTATTTCAACA,1
CCATCTTATTTTAACC,1
CCATCTTGGATTAATT,1
CCATCTTGTGGCTAGG,1
CCATCTTGTTCTTTGT,1
CCATCTTTAAAAATAC,1
CCATCTTTAATTACAG,1
CCATCTTTAATTCAAG,1
CCATCTTTAATTCCAT,1
CCATCTTTTCCGTTTT,1
CCATCTTTTCGAAAAT,1
CCATGAAAACTCACAC,1
CCATGAAAATGCACAC,1
CCATGAAACAATTCAG,1
CCATGAAAGCTTATCA,1
CCATGAAATATTCCGG,1
CCATGAACCCTATAGG,1
CCATGAACGAGGATTA,1
CCATGAACGAGTGTTA,1
CCATGAACTTAAATTT,1
CCATGACGATAGATTG,1
CCATGACGATTGATTG,1
CCATGACGTTGCAAAA,1
CCATGACTATACCCCA,1
CCATGAGAAGTATACC,1
CCATGAGATAGGAATG,1
CCATGATACACGGTAG,1
CCATGATATGCCCAAA,1
CCATGATCATTGAGTA,1
CCATGATCTCGAACGT,1
CCATGATCTCTCACGT,1
CCATGATGTGTTTCTA,1
CCATGCAATAAAATAA,1
CCATGCACTAATCCTA,1
CCATGCAGACCGGGCA,1
CCATGCAGCAACAACC,1
CCATGCAGCAGCTACC,1
CCATGCAGCATCAACC,1
CCATGCAGGACCATTG,1
CCATGCATATAGAACT,1
CCATGCATGGCGCGTT,1
CCATGCCCCAATGAAT,1
CCATGCCTACTTTTAT,1
CCATGCGACCATAATC,1
CCATGCGCGACAGGTA,1
CCATGCGTCCAACAAA,1
CCATGCGTTGTCTTGA,1
CCATGCTCGATCCTAA,1
CCATGCTGGACTGAGC,1
CCATGCTTACACTAAC,1
CCATGCTTAGTCGGCT,1
CCATGGAAAAAGTCGT,1
CCATGGAAGCGTATAA,1
CCATGGACTCAGAGCT,1
CCATGGACTCAGCTCT,1
CCATGGATAACAACTC,1
CCATGGCCCTAAATTT,1
CCATGGCCTTAAATTG,1
CCATGGCTTACTGGGT,1
CCATGGGCAAATTTAG,1
CCATGGGTAAACCGTC,1
CCATGGTACTCATTGA,1
CCATGTACCGACCCAC,1
CCATGTACCGACCTAC,1
CCATGTACTAACTCTT,1
CCATGTACTAATACTA,1
CCATGTACTAATTCTA,1
CCATGTACTCAATTTA,1
CCATGTACTCAGCGCT,1
CCATGTAGAATCCATA,1
CCATGTAGCAGTCGAC,1
CCATGTAGCTTTACGC,1
CCATGTATAAGCCATA,1
CCATGTATCATTCGCC,1
CCATGTATTTAACGCG,1
CCATGTCCTTAAATTT,1
CCATGTGACTAACTAA,1
CCATGTGATACTGTTT,1
CCATGTGGTAACGCCA,1
CCATGTGGTGTGGGTA,1
CCATGTGTCATTCACG,1
CCATGTGTGCAAAACG,1
CCATGTGTGCTTTCTA,1
CCATGTGTTCTGTCTA,1
CCATGTTGTACACACC,1
CCATTAAAACAGTAGA,1
CCATTAAAACAGTCCA,1
CCATTAAAACATTCGA,1
CCATTAAACGGCTAAA,1
CCATTAAACTCTATAC,1
CCATTAAATACCAAAA,1
CCATTAACAAAAACCA,1
CCATTAACCAGAACCT,1
CCATTAACCTGAACAC,1
CCATTAACTGATACAG,1
CCATTAAGAAATATAA,1
CCATTAAGCATCTACC,1
CCATTAATAAAAACCC,1
CCATTAATGTATAATA,1
CCATTAATTCATACAT,1
CCATTACAATACCCGA,1
CCATTACAATGTAGTG,1
CCATTACACTACCCGA,1
CCATTACATTACACGA,1
CCATTACATTACCAGA,1
CCATTACATTACCCTA,1
CCATTACATTACTCGC,1
CCATTACATTGCCCGA,1
CCATTACGACCAGATG,1
CCATTACGCCCAGTCT,1
CCATTAGCATACAAGG,1
CCATTAGCTCAATAAA,1
CCATTAGTCAATAAAG,1
CCATTAGTGAGAATTA,1
CCATTAGTTAACATAC,1
CCATTATAAAAACAAA,1
CCATTATAAGTTCACC,1
CCATTATAAGTTCCCT,1
CCATTATAATGCATCA,1
CCATTATACCCCAGTA,1
CCATTATACTGTATCA,1
CCATTATATTACCCGA,1
CCATTATCGCAATAAA,1
CCATTATCTTACTGAT,1
CCATTATGAAAACAAG,1
CCATTATGATTTCCAA,1
CCATTATGCATGACAT,1
CCATTATGCATGTCAT,1
CCATTATGGAAACAAA,1
CCATTCAAGGGAATGT,1
CCATTCACAATAAAAC,1
CCATTCACAATCAAAG,1
CCATTCACAATCAAAT,1
CCATTCACAATCAACA,1
CCATTCACTTTTAAGG,1
CCATTCATAGCGACCC,1
CCATTCATTGAAAACA,1
CCATTCCAAAAACTCA,1
CCATTCCAACAAAAGT,1
CCATTCCACACGGTAC,1
CCATTCCACCCATCGT,1
CCATTCCCATAACTAC,1
CCATTCCCATATCTAC,1
CCATTCCCCCATGAAT,1
CCATTCCTATACAACA,1
CCATTCCTCAACGTAA,1
CCATTCCTCTTGCAGT,1
CCATTCCTTTGTACTT,1
CCATTCGAAGAAATAA,1
CCATTCGATGGACCGA,1
CCATTCGATGTCCCGA,1
CCATTCGTCAGTAAAG,1
CCATTCGTCGCGAAGC,1
CCATTCGTGAATAAAG,1
CCATTCTACAGATGAC,1
CCATTCTACCGATGAA,1
CCATTCTACCTATGAC,1
CCATTCTGCTGGAGGT,1
CCATTCTTGTCAACTT,1
CCATTCTTTCCTCCGA,1
CCATTGAAGACATAAT,1
CCATTGAGCTAAAAAT,1
CCATTGCGAACCAGCA,1
CCATTGCGAAGCAGCT,1
CCATTGCTTAGATGGT,1
CCATTGGAGGCATATG,1
CCATTGGCTGTAACGT,1
CCATTGTAGAGTCCCA,1
CCATTGTCTACTCCTT,1
CCATTGTGACCGAACA,1
CCATTTACTAATCCTA,1
CCATTTACTTTTAGAA,1
CCATTTAGAAGTGTGA,1
CCATTTAGCCCTAAGG,1
CCATTTAGTCATGATA,1
CCATTTATACATATCC,1
CCATTTATACCTAAAT,1
CCATTTATCCAATTTG,1
CCATTTATGACACTAA,1
CCATTTATTCTGAACG,1
CCATTTCAAATTATAA,1
CCATTTCAATTCACAG,1
CCATTTCCAAAAAATG,1
CCATTTCCACACCACA,1
CCATTTCCACCACACA,1
CCATTTCCACCCAACA,1
CCATTTCCACCCCAAA,1
CCATTTCCACCCCACT,1
CCATTTCCACCCCATA,1
CCATTTCTACTCCACC,1
CCATTTCTGTATCAAC,1
CCATTTGATATGTTCC,1
CCATTTGCATCTAGAC,1
CCATTTGCGTTGCCCA,1
CCATTTGCGTTTTCCA,1
CCATTTGTAGGTAAGG,1
CCATTTGTAGGTCGGG,1
CCATTTGTGACACTCT,1
CCATTTGTTACCTTAA,1
CCATTTGTTACCTTAT,1
CCATTTTAAATAGAGT,1
CCATTTTCAATAGAGA,1
CCATTTTCAATATAGT,1
CCATTTTCGATAGAGT,1
CCATTTTCGTTGTCCA,1
CCATTTTCTGCTCCTT,1
CCATTTTCTTTGTCCA,1
CCATTTTGGACCAGAG,1
CCATTTTGGCGATAGT,1
CCATTTTGTTGCCACG,1
CCATTTTTACGATAGT,1
CCCAAAAAAGTATCTT,1
CCCAAAAAATCAACAC,1
CCCAAAAAATGCCAGA,1
CCCAAAAATGTGACCA,1
CCCAAAAATTAAAAAA,1
CCCAAAACAACCGTTA,1
CCCAAAACCCTACAAT,1
CCCAAAAGTACGTGAC,1
CCCAAAAGTTTCTGAA,1
CCCAAAATACACATCC,1
CCCAAAATCTTTATCT,1
CCCAAAATGCAGGCTC,1
CCCAAAATGCCGCAGA,1
CCCAAAATTAATTTTA,1
CCCAAACAAAACATTT,1
CCCAAACAAACGGTTC,1
CCCAAACAACCATCCG,1
CCCAAACAACCTGTTC,1
CCCAAACAATTTTCTT,1
CCCAAACACCACTCTT,1
CCCAAACAGCTTGAGG,1
CCCAAACAGTAACTAA,1
CCCAAACATCCACGGA,1
CCCAAACCACACATTG,1
CCCAAACCAGAAATTG,1
CCCAAACCAGACATTA,1
CCCAAACCAGACATTT,1
CCCAAACCAGACGTTG,1
CCCAAACCAGGCATTG,1
CCCAAACCAGTCATTG,1
CCCAAACCATGGTAGT,1
CCCAAACGAGGGCCTC,1
CCCAAACGCCGAGGTA,1
CCCAAACGGTTCCCAC,1
CCCAAACGTTTCCCAA,1
CCCAAACTCAGCTTTA,1
CCCAAACTGTTCCCAA,1
CCCAAAGAAGTATATT,1
CCCAAAGAAGTATCTC,1
CCCAAAGACATTTCAA,1
CCCAAAGAGGTATCTT,1
CCCAAAGTATCCATAA,1
CCCAAATAAAAAAGGT,1
CCCAAATAATTTTAAT,1
CCCAAATACGTTTAAT,1
CCCAAATACTTTTAAC,1
CCCAAATATAAATTCC,1
CCCAAATATGGTGAAT,1
CCCAAATCACATTCCT,1
CCCAAATCGGCCATAA,1
CCCAAATCGGGCTGGA,1
CCCAAATCTCATTCCA,1
CCCAAATGAGAGATTG,1
CCCAAATGATCTGGAG,1
CCCAAATGTAAATTCA,1
CCCAAATGTGCTAATA,1
CCCAAATTATCCTTTA,1
CCCAAATTTTACGACT,1
CCCAAATTTTGTGCAT,1
CCCAACAAATCATCTA,1
CCCAACAATCGCCTAT,1
CCCAACACCAAGACGC,1
CCCAACACCCTCTACG,1
CCCAACAGCTGAAACA,1
CCCAACCAAATTTACT,1
CCCAACCCCCTTGAAT,1
CCCAACCCCTTAAGTA,1
CCCAACCCTTTTTCAA,1
CCCAACCGGTTTCGCT,1
CCCAACGACATTTCAT,1
CCCAACGACATTTCGA,1
CCCAACGTAATAGTAT,1
CCCAACTAATGATTGT,1
CCCAACTACATTTCAA,1
CCCAACTATGGTGATA,1
CCCAACTCCAAAGATC,1
CCCAACTCGCACATAT,1
CCCAACTCTGTGAGTT,1
CCCAAGAAACTTTGAA,1
CCCAAGAAAGGACAGT,1
CCCAAGAAGCTACTAA,1
CCCAAGAATAATATAC,1
CCCAAGACCATCGACC,1
CCCAAGACTGAATTAG,1
CCCAAGAGTCCGAATG,1
CCCAAGCAAGGAAAGT,1
CCCAAGCACAAGACCA,1
CCCAAGCAGGGACAGT,1
CCCAAGCATCCGAATG,1
CCCAAGCATTAATTAA,1
CCCAAGCCAGACATTG,1
CCCAAGCCTTTAAGTA,1
CCCAAGCGAGGACAGT,1
CCCAAGCGTACGAATG,1
CCCAAGCTAATAAACA,1
CCCAAGGACAGTCAAT,1
CCCAAGTCAAATCTCG,1
CCCAAGTCATTACGTC,1
CCCAAGTGAATCTACA,1
CCCAAGTGCATATACA,1
CCCAAGTGGACCACCA,1
CCCAAGTGGATCTACA,1
CCCAAGTTAGTTCAAT,1
CCCAATAAATACACGA,1
CCCAATAACGAACCGA,1
CCCAATAACGACAACG,1
CCCAATAACTAATGAA,1
CCCAATAAGAGCATTA,1
CCCAATAATAGGAAAA,1
CCCAATACATCTAGAG,1
CCCAATACTATACTCA,1
CCCAATAGACACAATT,1
CCCAATAGCCTAGCAC,1
CCCAATATAAGACAAA,1
CCCAATATACGACAAT,1
CCCAATATGGAATTCC,1
CCCAATATTGAAAAGC,1
CCCAATCAAACACTTA,1
CCCAATCAAGATATAA,1
CCCAATCACGCAGCAG,1
CCCAATCCCCTATCTA,1
CCCAATCCGATACTCA,1
CCCAATCCTATACCCA,1
CCCAATCGAACTCTCC,1
CCCAATCGCCTAGAAC,1
CCCAATCGCCTAGTAC,1
CCCAATCGTCCGAATG,1
CCCAATCTACATGTCG,1
CCCAATCTGCAATTCC,1
CCCAATCTGGAATTGC,1
CCCAATGACAGATGTA,1
CCCAATGACATTTCAA,1
CCCAATGCCAACACCA,1
CCCAATTATTTAAACA,1
CCCAATTCAAAGTTAA,1
CCCAATTCCTTGAAAT,1
CCCAATTCCTTGCATT,1
CCCAATTCGCTACATG,1
CCCAATTCTACAGTAA,1
CCCAATTGAAAGTGAA,1
CCCAATTGAACTATGT,1
CCCAATTGCCTAGCAC,1
CCCAATTGGCAACATG,1
CCCAATTGGCTATATG,1
CCCAATTGGCTTCATG,1
CCCAATTGGGTACATG,1
CCCAATTTGCTACATG,1
CCCACAAAAGACAGAA,1
CCCACAAAATAAAAAA,1
CCCACAAACCAACACT,1
CCCACAAATTTACAAT,1
CCCACAACAATATATT,1
CCCACAACTTCCTACA,1
CCCACAAGTTTCCGAA,1
CCCACAAGTTTCTCAA,1
CCCACAAGTTTCTTAA,1
CCCACAATATTTATCT,1
CCCACACAAACATTCT,1
CCCACACGCGCAGTAC,1
CCCACACGCGCGGTAC,1
CCCACACGCGCGGTCG,1
CCCACACGCGCGGTCT,1
CCCACACGCGCGTTCC,1
CCCACACGCGCTGTCC,1
CCCACAGAACTACAGC,1
CCCACAGAAGTTTTGC,1
CCCACAGACACGCGCA,1
CCCACAGATTCAGTCC,1
CCCACAGCATTCTCAA,1
CCCACAGCCGATCAGA,1
CCCACAGGACGTCCCG,1
CCCACAGGCACGCCCA,1
CCCACAGGCACGCGAA,1
CCCACAGGCACGCTCA,1
CCCACAGGCATGCGCA,1
CCCACAGTACTCTCAA,1
CCCACAGTATTCTCAG,1
CCCACAGTCGCCTTAA,1
CCCACAGTCTTTATCT,1
CCCACAGTGTTCTCAA,1
CCCACATATCTCTAAC,1
CCCACATCCATAAGAC,1
CCCACATCGAGATTCC,1
CCCACATCGCCCCAAT,1
CCCACATTGATCCTTT,1
CCCACATTTTGTGAAT,1
CCCACATTTTGTGCAC,1
CCCACATTTTGTGTAT,1
CCCACCAAAGAGTGTT,1
CCCACCAACCTCCCAC,1
CCCACCACATGCAAGC,1
CCCACCACCAAGAGTG,1
CCCACCACCACTCGGT,1
CCCACCAGCCAACTCC,1
CCCACCCAAAAGCAAA,1
CCCACCCACTGATCCC,1
CCCACCCCATACTTCC,1
CCCACCCTACAGCAAA,1
CCCACCCTCCCTGCCA,1
CCCACCGGGCCAGACA,1
CCCACCTACTGACCCA,1
CCCACCTCTCAAAAGC,1
CCCACGAATTTCGCAA,1
CCCACGACAAGATATT,1
CCCACGAGAAATGAAT,1
CCCACGAGATCGATCT,1
CCCACGAGTTTCTGAA,1
CCCACGCATCGCACTT,1
CCCACGCCTATAATCC,1
CCCACGCCTATAATCT,1
CCCACGGAATATCTCA,1
CCCACGGGCGAAAAAG,1
CCCACGGTATTCTCAA,1
CCCACGTTGCGGGGTC,1
CCCACTAAATACATGA,1
CCCACTAATTTACAAT,1
CCCACTAGTGACGGTC,1
CCCACTATTTACCACT,1
CCCACTCAAAAAAATA,1
CCCACTCACATATAGC,1
CCCACTCACCGAAAAA,1
CCCACTCCAAAAAATA,1
CCCACTCGCATATATC,1
CCCACTGCACATAGTA,1
CCCACTGGTGAGACTG,1
CCCACTGTCTCATCAT,1
CCCACTGTTGTCCTGT,1
CCCACTTAGCATAAAA,1
CCCACTTCCAAACCTA,1
CCCACTTGGCTACATG,1
CCCACTTTAGACGTGC,1
CCCACTTTTGAGTTGA,1
CCCAGAAACATGAATG,1
CCCAGAAACTGCTGCA,1
CCCAGAAAGCGCATAC,1
CCCAGAACAAGTATAA,1
CCCAGAAGAGTAAAGT,1
CCCAGAAGAGTGTATT,1
CCCAGAAGGGTGTATT,1
CCCAGAATCGTGTATT,1
CCCAGAATTGGGATAA,1
CCCAGACCAGACATTG,1
CCCAGACCGGAGACAA,1
CCCAGACCTGGAATGA,1
CCCAGACGCGCGGTCC,1
CCCAGACGTTAAACAT,1
CCCAGAGATTCCGCAA,1
CCCAGAGCGGTGTTTG,1
CCCAGAGCTGCAATGA,1
CCCAGAGCTGGAATTA,1
CCCAGAGCTGGTATGA,1
CCCAGAGCTGTAATGA,1
CCCAGAGCTTGAATGA,1
CCCAGAGTATCCAAAT,1
CCCAGATAAAACAAAT,1
CCCAGATCACAGGACT,1
CCCAGATCGCAACAGT,1
CCCAGATCTACTTGTA,1
CCCAGATCTGGAACGA,1
CCCAGATGCCATCCTA,1
CCCAGATTATAGAGAT,1
CCCAGCAACTTACAAG,1
CCCAGCAAGAGGAAAG,1
CCCAGCAAGCTTAATT,1
CCCAGCACAATGGATT,1
CCCAGCACTAAGATCG,1
CCCAGCACTGAGATCA,1
CCCAGCCGTAAAGTCT,1
CCCAGCCGTCGGTAAG,1
CCCAGCCTAATGAGTC,1
CCCAGCTAACATACTA,1
CCCAGCTAGGCAGCCG,1
CCCAGCTAGGCATCTG,1
CCCAGCTAGTCAGCTG,1
CCCAGCTAGTGCCACT,1
CCCAGCTATTAATTCA,1
CCCAGCTGACATCCTA,1
CCCAGCTGCAATCCTA,1
CCCAGCTGCCATTCTA,1
CCCAGCTGGCATCCTA,1
CCCAGGAAATCCCCGA,1
CCCAGGATATACACGC,1
CCCAGGATCGCAGTTA,1
CCCAGGCAACTTGTAA,1
CCCAGGCAAGTTGTCA,1
CCCAGGCAGATGCTGA,1
CCCAGGCATATTCCAA,1
CCCAGGCCAACTCTCT,1
CCCAGGCCCATTCCAA,1
CCCAGGCCTATTACAA,1
CCCAGGGAAGCCCCGA,1
CCCAGGGAATATATCA,1
CCCAGGGAGTATCTCA,1
CCCAGGGTGAGCGTAG,1
CCCAGGGTGAGGCGCT,1
CCCAGGTAACTGCATA,1
CCCAGGTAACTTGTCA,1
CCCAGGTAATATCTCA,1
CCCAGGTGATACTCCG,1
CCCAGTAAGAAATTTT,1
CCCAGTAAGAGTATTA,1
CCCAGTACGAATATGA,1
CCCAGTAGGAATATAA,1
CCCAGTATACTACAAT,1
CCCAGTATGCGACAAT,1
CCCAGTCAACTTGTCA,1
CCCAGTCAGATACATT,1
CCCAGTCCTATTCCAA,1
CCCAGTGCCATGAGCT,1
CCCAGTGCCCAAATAT,1
CCCAGTGTAAGCGTAG,1
CCCAGTTATAATCTAT,1
CCCAGTTGTCCGAACA,1
CCCAGTTTAAATAACC,1
CCCAGTTTTTGACTCG,1
CCCATAAAAAAGAGGT,1
CCCATAAAAACACTTA,1
CCCATAAAATAATCAC,1
CCCATAAACACTCCAC,1
CCCATAAACATAAAAT,1
CCCATAAAGTATTCGA,1
CCCATAACTACCGCTC,1
CCCATAATATTCACCT,1
CCCATAATCACATTAA,1
CCCATAATGCTCCAAT,1
CCCATAATGGCCCCCA,1
CCCATAATGGCGCTGA,1
CCCATAATTGCCCCAA,1
CCCATAATTTCCCCCA,1
CCCATACAGTATTAGA,1
CCCATACAGTATTGGA,1
CCCATACATATCGCCC,1
CCCATACATGTGCTCA,1
CCCATACTGGTCTAAA,1
CCCATACTTGTTTCAA,1
CCCATAGAACTTAACA,1
CCCATAGCTGCAAGAG,1
CCCATAGTCAGAACGA,1
CCCATAGTGGGATAGC,1
CCCATAGTGGGATCGA,1
CCCATATAAAGATGAC,1
CCCATATAACCATTTT,1
CCCATATACTTTTAAT,1
CCCATATAGGATATGA,1
CCCATATATAAAAACT,1
CCCATATCGCCAATTA,1
CCCATATCTCCACGAG,1
CCCATATCTTAAAACT,1
CCCATATGGGTACGAC,1
CCCATATTCATAAACC,1
CCCATCAAAATTGGAC,1
CCCATCAAACCGCCGT,1
CCCATCAATAACGGTC,1
CCCATCACAAAGAGTG,1
CCCATCACACAAAGTT,1
CCCATCACCAAGAGTA,1
CCCATCACCAAGAGTC,1
CCCATCACCATACAAA,1
CCCATCACGAAGAGTG,1
CCCATCCAACATACTA,1
CCCATCCCAAATGTTC,1
CCCATCCTATAGTGCA,1
CCCATCCTGAGAGCCT,1
CCCATCGATCCTACAA,1
CCCATCGCCAAGAGTG,1
CCCATCGGAATTCGCT,1
CCCATCGGGAAGTCTT,1
CCCATCTAAACTAGCG,1
CCCATCTAGCCATTTT,1
CCCATCTAGGCAGCTG,1
CCCATCTATCACCTGC,1
CCCATCTATGAAATGG,1
CCCATCTCAGTTACCG,1
CCCATCTTAAAGGAGC,1
CCCATGAACCTATTAC,1
CCCATGAACTTGCACA,1
CCCATGACAACAACTG,1
CCCATGAGATCCATCT,1
CCCATGCCACAGTCGA,1
CCCATGCCGAGTCTCT,1
CCCATGGAATATCTCA,1
CCCATGGACGTGTCAG,1
CCCATGGAGGGAAAAT,1
CCCATGGAGGGGACAT,1
CCCATGGAGTGAACAT,1
CCCATGGTAAATACAA,1
CCCATGTAGGGAACAT,1
CCCATGTCAAAGTCGA,1
CCCATGTCACAATTCC,1
CCCATGTCACAGTCTA,1
CCCATGTCACATAAGT,1
CCCATGTCGCGCTCAC,1
CCCATGTGACTCAAAC,1
CCCATGTTACAAGGAA,1
CCCATGTTGCTTTATA,1
CCCATGTTTCCTTATA,1
CCCATTAAAATTAGAC,1
CCCATTAAAATTCGAC,1
CCCATTAAAATTTGAC,1
CCCATTAACAAATTTT,1
CCCATTACAAGAAACA,1
CCCATTACAGATCAGA,1
CCCATTAGAAACCAAA,1
CCCATTAGAATTGGAC,1
CCCATTATGTCGCAAG,1
CCCATTATTAGCTATC,1
CCCATTCAAGAACATG,1
CCCATTCCCAGTCTCT,1
CCCATTCGAATTCGCT,1
CCCATTCGACTAAGCG,1
CCCATTCGATTGCCCG,1
CCCATTCTCTGCAGTC,1
CCCATTGAAATTGGAC,1
CCCATTGAGTCTACAG,1
CCCATTGCAAGAAACC,1
CCCATTGCAAGAGACA,1
CCCATTGCCAGGCCCA,1
CCCATTGCGCCTACAG,1
CCCATTGCGTCTACAA,1
CCCATTGCGTCTGCAG,1
CCCATTGCTTAAATGA,1
CCCATTGGAATTAGCT,1
CCCATTGGAATTCTCT,1
CCCATTGGGATTCGCT,1
CCCATTTAACCATAAG,1
CCCATTTAAGTCGGCA,1
CCCATTTAGAGCTATT,1
CCCATTTCACAGTCGA,1
CCCATTTCCCAATTCC,1
CCCATTTTTTAGGAAA,1
CCCCAAAAAATGACCT,1
CCCCAAAAAATTATAG,1
CCCCAAAACTCTATGA,1
CCCCAAAATCGAACGA,1
CCCCAAAGAACTTTAG,1
CCCCAAAGAAGTTTCG,1
CCCCAAAGATTTAAAA,1
CCCCAAAGGTCTCTCA,1
CCCCAAAGTATTTTAC,1
CCCCAAATCATCAACA,1
CCCCAAATTATAACCA,1
CCCCAACAACAATCCG,1
CCCCAACAACCATCGG,1
CCCCAACAACCTTCCG,1
CCCCAACAATAACATA,1
CCCCAACAATAACCTG,1
CCCCAACAGCCATCCG,1
CCCCAACCACCATCCG,1
CCCCAACCCACCCTGC,1
CCCCAACTAACGAATC,1
CCCCAACTCACCGAGA,1
CCCCAACTGTCTTTAA,1
CCCCAAGATTAGCGGA,1
CCCCAAGTATTTCTTG,1
CCCCAAGTGCAGTGGT,1
CCCCAATAAAAACAGT,1
CCCCAATACAAAAAGT,1
CCCCAATACAAACATT,1
CCCCAATAGACGGGAG,1
CCCCAATGCCATTGTA,1
CCCCAATGGTGTCACC,1
CCCCAATTCAATTAAA,1
CCCCACAAACCTGGCC,1
CCCCACACCTGCTTTG,1
CCCCACATCCAACGAC,1
CCCCACCAAACTGTCA,1
CCCCACCAACTCCACC,1
CCCCACCAGGGCCTAC,1
CCCCACCCCCAGTGCG,1
CCCCACCCTAATAAGA,1
CCCCACCGTAATACGA,1
CCCCACCTAGTGCGAC,1
CCCCACCTTCAAAGGA,1
CCCCACGAAGCGTGAG,1
CCCCACGATCACCGAT,1
CCCCACGCAGATTTAT,1
CCCCACGCCTCAATGA,1
CCCCACTAATAGACAA,1
CCCCACTAATGAACAA,1
CCCCAGAAACATCCAC,1
CCCCAGAAAGTTCTGT,1
CCCCAGAACATCGACC,1
CCCCAGAACTCGCACA,1
CCCCAGAAGCCTTAAT,1
CCCCAGAATTTCGCAA,1
CCCCAGACCATCGAAC,1
CCCCAGACCATCGCCC,1
CCCCAGACGATCGACC,1
CCCCAGACTATCGACC,1
CCCCAGGAAATCTATT,1
CCCCAGGAATGGTTCG,1
CCCCAGGACAGTCAAT,1
CCCCAGGCCATCGACC,1
CCCCAGTAATAATCCT,1
CCCCAGTATGACCGAA,1
CCCCAGTCAAATCAAA,1
CCCCAGTCATAATCGT,1
CCCCAGTCTGACGTGG,1
CCCCAGTGCGATTAGT,1
CCCCAGTGGACCAACA,1
CCCCAGTGGCAAAAAC,1
CCCCAGTGGCAAAACA,1
CCCCAGTGGCAAAGCC,1
CCCCAGTGTACCACCA,1
CCCCAGTTGGATAAAG,1
CCCCATAAAGGGACCA,1
CCCCATAAATGTCACG,1
CCCCATAACTTCACCA,1
CCCCATAAGCTATGAC,1
CCCCATAAGTGCAAAA,1
CCCCATAAGTTTTATA,1
CCCCATACCATCGACC,1
CCCCATACCCCATGCT,1
CCCCATACGGCCCACA,1
CCCCATACGTACATCC,1
CCCCATATAATAATCT,1
CCCCATCCAAACAACT,1
CCCCATCCAACCTACC,1
CCCCATCCCACATACC,1
CCCCATCCTCAAAGGA,1
CCCCATCGATAATGTG,1
CCCCATCTACAAAGGA,1
CCCCATCTTCAAGGGA,1
CCCCATCTTCAATGGA,1
CCCCATCTTCAGAGGA,1
CCCCATGGTACCCTTA,1
CCCCATTAACCAGAGG,1
CCCCATTATCTACGGT,1
CCCCATTTTCAAAGGA,1
CCCCCAAAAATTATAG,1
CCCCCAAACAGACCCG,1
CCCCCAACAGTTCACA,1
CCCCCAACAGTTCCAA,1
CCCCCAACCAAATAGG,1
CCCCCAAGTCAAGCAC,1
CCCCCAAGTCACACAC,1
CCCCCAAGTCACGTAC,1
CCCCCAATAAAACGAA,1
CCCCCACAAACATTAT,1
CCCCCACAAAGAACAA,1
CCCCCACAATAATACT,1
CCCCCACACAACTTTG,1
CCCCCACACATACAGC,1
CCCCCACAGCAAACAC,1
CCCCCACCTCTCAGGA,1
CCCCCACTGAAAAACA,1
CCCCCACTTGATCAAT,1
CCCCCAGAATATAGAA,1
CCCCCAGGAAAATACG,1
CCCCCAGTTGAGCGCA,1
CCCCCATAATGAAACA,1
CCCCCATCATCCGCTC,1
CCCCCATGTCACGCAC,1
CCCCCATTGACGAAAG,1
CCCCCATTGCCGAAAA,1
CCCCCATTGCCTAAAG,1
CCCCCCAAAAGAACCG,1
CCCCCCAATTCTACAA,1
CCCCCCACAACTTGTC,1
CCCCCCACATAGATAA,1
CCCCCCACCTTCAAGC,1
CCCCCCAGGAAAAAGG,1
CCCCCCCAACCAGGAA,1
CCCCCCCGCCTCCACG,1
CCCCCCGAAATATGTA,1
CCCCCCGAATGAAACC,1
CCCCCCGATTAAAGCC,1
CCCCCCGGTCCGACTT,1
CCCCCCTAATGAAAGC,1
CCCCCCTTATCTTGGA,1
CCCCCGAAACCTATGC,1
CCCCCGAACAATTTCC,1
CCCCCGACAGTTCCCA,1
CCCCCGACTACCGGCC,1
CCCCCGACTTCCGAAT,1
CCCCCGAGGTAACGAC,1
CCCCCGAGGTAACTAT,1
CCCCCGATAGACGGGT,1
CCCCCGATGTAACGAT,1
CCCCCGCTACATATTA,1
CCCCCGGAACAGCAGC,1
CCCCCGGAGTGACCTA,1
CCCCCGGATTAAAGAC,1
CCCCCGGATTAAAGCA,1
CCCCCGGATTAAATCC,1
CCCCCGGATTAAGGCC,1
CCCCCGGCATCCCCAA,1
CCCCCGGGGTAACGAT,1
CCCCCGTGGCAAAACC,1
CCCCCTAACAGACCCG,1
CCCCCTAATGGCAAAA,1
CCCCCTACAATTAAAA,1
CCCCCTACCTTCAAGT,1
CCCCCTATGCTTAAAT,1
CCCCCTATTATTAAAT,1
CCCCCTCAACAATCTG,1
CCCCCTCAACAATGTA,1
CCCCCTCAACAATGTC,1
CCCCCTCAAGAATGTG,1
CCCCCTCAATAATGTG,1
CCCCCTCCGAACAGTC,1
CCCCCTCTTATAGTTC,1
CCCCCTGAACAATGTG,1
CCCCCTGATTAAAGCC,1
CCCCCTGTACATCAAA,1
CCCCCTGTATAATGAT,1
CCCCCTTATTTTTAAA,1
CCCCGAACACCTACAT,1
CCCCGAACTACGGAAG,1
CCCCGAAGAAATTGAA,1
CCCCGAATAATCAACT,1
CCCCGAATTTTAGCTC,1
CCCCGACAACCATCCG,1
CCCCGACCATAGCACC,1
CCCCGACCATTAGAGA,1
CCCCGACCATTAGATC,1
CCCCGACCCCTTAAAA,1
CCCCGACCGCGACTGC,1
CCCCGACCGGAGACAT,1
CCCCGACCGGATACAA,1
CCCCGACGAAGTCAAT,1
CCCCGAGAACATATAG,1
CCCCGAGTGATTCAGC,1
CCCCGATACAAACCAG,1
CCCCGATACATGAGCT,1
CCCCGATGACCGGAAA,1
CCCCGCATTCAAGAAC,1
CCCCGCCAATTGGCAT,1
CCCCGCCGCAATAAAC,1
CCCCGCCTTCTGACAC,1
CCCCGCGGATGGCGCC,1
CCCCGCGGATGTCCCC,1
CCCCGCGGGTGGCCCC,1
CCCCGCTCGGACTGTA,1
CCCCGCTCGGACTTTT,1
CCCCGCTCTTTATAAT,1
CCCCGCTTGGACTGTT,1
CCCCGGAACTCCCACA,1
CCCCGGAACTCGCCAT,1
CCCCGGACCTGTATGA,1
CCCCGGGATTAAAGCC,1
CCCCGGGGATGGCCCC,1
CCCCGGGTACAAGGAC,1
CCCCGGGTGAGGCACT,1
CCCCGGGTGAGGTGCT,1
CCCCGGGTGATGCGCT,1
CCCCGTACCGAGATTC,1
CCCCGTACCGGTATGA,1
CCCCGTATTCTGACAC,1
CCCCGTCTTATGACAC,1
CCCCGTCTTCTGACAA,1
CCCCGTGATAACATCG,1
CCCCGTGGAATAACTC,1
CCCCGTTCATTATAAT,1
CCCCTAAAGTACTCTC,1
CCCCTAAAGTTATGGC,1
CCCCTAAAGTTCTGGT,1
CCCCTAAGGACCTCTA,1
CCCCTAAGTAAGTCAG,1
CCCCTAAGTACCTCGA,1
CCCCTAATATAGAAAC,1
CCCCTAATTATAACCA,1
CCCCTAATTTAGAAAT,1
CCCCTAATTTAGGAAC,1
CCCCTACATAATACAA,1
CCCCTACCATTAGAGC,1
CCCCTACCCGACATGG,1
CCCCTACCGCTCACAG,1
CCCCTACTGGTATAAA,1
CCCCTAGCGAGTAATT,1
CCCCTATCGCCGCGCC,1
CCCCTCAAAAGGTGAG,1
CCCCTCAAACAACCGA,1
CCCCTCAAGAACTAAA,1
CCCCTCAAGCTTAATT,1
CCCCTCCTACGATACC,1
CCCCTCCTTTGTACTT,1
CCCCTCGAATCCGTAA,1
CCCCTCGGATGGCCCC,1
CCCCTGAAATTGCACA,1
CCCCTGAACTCGCACA,1
CCCCTGAACTTGAACA,1
CCCCTGACCGGTATGA,1
CCCCTGACGGAATTAC,1
CCCCTGACTAATGCGC,1
CCCCTGACTGAATGAC,1
CCCCTGATAACTTTGG,1
CCCCTGCCGAGCATGC,1
CCCCTGGAGAGTGACC,1
CCCCTGTCAGTACAAA,1
CCCCTTAAAAAAAAGG,1
CCCCTTAACACATGAT,1
CCCCTTAATAAGGTAG,1
CCCCTTACGCTGTAAT,1
CCCCTTAGAAATGACC,1
CCCCTTCATATATCCA,1
CCCCTTCATTGGTCCC,1
CCCCTTCCCAATAATG,1
CCCCTTCCCTAGATTA,1
CCCCTTCGCTAAAGAT,1
CCCCTTCTTCTGACAC,1
CCCCTTGAACATGAAC,1
CCCCTTTCACATAATT,1
CCCCTTTGTAACAAAA,1
CCCCTTTTCCCCTGCG,1
CCCGAAAAACGACTCA,1
CCCGAAAACTTTCAAG,1
CCCGAAAAGAAATAAC,1
CCCGAAAATACTACCA,1
CCCGAAAATATTACAC,1
CCCGAAACAACTATCA,1
CCCGAAACAGCACAAT,1
CCCGAAACGCTAAATA,1
CCCGAAACGGCCAAAC,1
CCCGAAACGTTGAAAA,1
CCCGAAATAAAGCCGC,1
CCCGAAATAGGTAAAG,1
CCCGAAATGGGTAAAG,1
CCCGAAATGTTCATAG,1
CCCGAACAAACCCCAG,1
CCCGAACAAACCCCCT,1
CCCGAACGAATGATCA,1
CCCGAACGACATGACC,1
CCCGAACTAACCCCCG,1
CCCGAACTTACACATC,1
CCCGAAGCCATAGATC,1
CCCGAAGCGAAACAAC,1
CCCGAAGTCCACCCTA,1
CCCGAATAACAATGAT,1
CCCGAATACCGACGGA,1
CCCGAATCGTTTGAGC,1
CCCGAATGACCATCAT,1
CCCGAATTTTCCGAAT,1
CCCGACAAGACCGAAC,1
CCCGACAATGTCAAAC,1
CCCGACACGGCTATAA,1
CCCGACAGCGCTTTAA,1
CCCGACATATTCATAG,1
CCCGACATGTTAATAG,1
CCCGACATTTTCATAG,1
CCCGACCGCGTACATA,1
CCCGACGAACGCAATT,1
CCCGACGAGTAACTCC,1
CCCGACTACGCAAATC,1
CCCGACTATGAAAATC,1
CCCGACTCTACTAGAA,1
CCCGACTCTCTTCCTG,1
CCCGACTGAGACCTAG,1
CCCGACTTACCATCAT,1
CCCGAGAACGACCAAG,1
CCCGAGAATATTACCA,1
CCCGAGACCATCGACC,1
CCCGAGAGACATTTAT,1
CCCGAGATGTAACATA,1
CCCGAGCCCTTCCGAA,1
CCCGAGGAGACTCAAT,1
CCCGAGGTATAGTCTA,1
CCCGAGTATACTCTTG,1
CCCGAGTCACGCACCC,1
CCCGAGTCCCGCACCC,1
CCCGAGTCGAAGTCAT,1
CCCGAGTGTGGTATCA,1
CCCGAGTGTTCCCATT,1
CCCGATAAATAACATA,1
CCCGATAATTCTTTCA,1
CCCGATACAGCCCACA,1
CCCGATACCACGCTAA,1
CCCGATACGGACCACA,1
CCCGATACGGCCAACA,1
CCCGATACGGCCCAAA,1
CCCGATAGGTAAAAAA,1
CCCGATATAAATAGGT,1
CCCGATATAAATCGCC,1
CCCGATATGGCCCACA,1
CCCGATCAAAGGAAGC,1
CCCGATGACATCACGG,1
CCCGATGCAAACTTAC,1
CCCGATGCGGCCCACA,1
CCCGATGGCTGGCCGT,1
CCCGATGTAAACGTAC,1
CCCGATTAAAACATGA,1
CCCGATTGAGACCGTT,1
CCCGATTGATAAAAAA,1
CCCGATTGGCTACATG,1
CCCGATTTAGACGTGC,1
CCCGATTTTAAAACCT,1
CCCGATTTTATCTCTT,1
CCCGATTTTTTAAAAA,1
CCCGCAAACCTCCCAC,1
CCCGCAAACGAGGGTG,1
CCCGCAACCTTGATAG,1
CCCGCAAGATGACTGG,1
CCCGCACTAAGACAAG,1
CCCGCAGCCGAAAAAA,1
CCCGCATCGAAACAAC,1
CCCGCATCTGAAAAAA,1
CCCGCCAAACCAGTTA,1
CCCGCCAACCACCCAC,1
CCCGCCAACCTCCCAT,1
CCCGCCAACCTCCCGC,1
CCCGCCAACCTCCGAC,1
CCCGCCAACTTCCCAC,1
CCCGCCAAGCTCCCAC,1
CCCGCCACAACGCCAT,1
CCCGCCACGACGCCAT,1
CCCGCCACTACACCAT,1
CCCGCCACTACGACAT,1
CCCGCCACTACGCAAT,1
CCCGCCACTACGCCAC,1
CCCGCCACTACTCCAT,1
CCCGCCAGCCTCCCAC,1
CCCGCCCAAAGACCAG,1
CCCGCCCAACCAGTTG,1
CCCGCCCCCGTACATA,1
CCCGCCCGAGTACATA,1
CCCGCCTACCCCCCAA,1
CCCGCCTAGAAAAAAT,1
CCCGCCTTACGTAAAC,1
CCCGCCTTCAGTAAAC,1
CCCGCCTTCCATAAAC,1
CCCGCCTTCCGTAAAT,1
CCCGCCTTCCTTAAAC,1
CCCGCGAATAACACGG,1
CCCGCGACGCTAAGAA,1
CCCGCGCAGCGCACTT,1
CCCGCGCATAGCACTT,1
CCCGCGCATCTCACTT,1
CCCGCGCTGCTCCTAC,1
CCCGCGCTTCCCCTAC,1
CCCGCGTCAAAGTCAT,1
CCCGCGTGACTCAAAC,1
CCCGCGTGAGTACACA,1
CCCGCGTGATTACACC,1
CCCGCTAAAAAACCAG,1
CCCGCTAAAAAATTTA,1
CCCGCTAACCTGGAAA,1
CCCGCTAGACTACCAT,1
CCCGCTATATACATCC,1
CCCGCTCATCGCACTT,1
CCCGCTCTACGTGCTA,1
CCCGCTTCGAAGTCAT,1
CCCGCTTTAGACATGC,1
CCCGCTTTATACGTGC,1
CCCGGAAACCACCAAT,1
CCCGGAAACCTTTTTG,1
CCCGGAAATTATTAAC,1
CCCGGAATGACAAAAA,1
CCCGGAATTCAATCAT,1
CCCGGACAAAACATTT,1
CCCGGACAAATTCCCA,1
CCCGGACCTACAGGTA,1
CCCGGAGCCCTAGATC,1
CCCGGATACTAAGACC,1
CCCGGATCATGCACCA,1
CCCGGATCGTACACCA,1
CCCGGATCGTGCACAA,1
CCCGGATGCCAGGAAT,1
CCCGGATTAACATACT,1
CCCGGCAACGATGCAG,1
CCCGGCACCCACTTCA,1
CCCGGCACCGATGAAT,1
CCCGGCAGCGATGAAC,1
CCCGGCAGTTTAAATA,1
CCCGGCCAGGCTTAAA,1
CCCGGCGAAACCCAAC,1
CCCGGCGAGTAACTCC,1
CCCGGCTAAGACCTAG,1
CCCGGCTATACTAGAA,1
CCCGGCTCCCGCTCAT,1
CCCGGCTCGACTAGAA,1
CCCGGCTCTAATAGAA,1
CCCGGCTCTAGTAGAA,1
CCCGGCTGAGACATAG,1
CCCGGGACTTTACAAG,1
CCCGGGAGTCGACATG,1
CCCGGGATCGCAGTTA,1
CCCGGGCAACCCCAAC,1
CCCGGTAACCCGGAAA,1
CCCGGTAAGTTACAGA,1
CCCGGTACTCCTTGTA,1
CCCGGTATTAATGCCC,1
CCCGGTGACCTGGAAA,1
CCCGGTGTATGCTTTA,1
CCCGGTTTAAATAAAC,1
CCCGGTTTAAATAACA,1
CCCGTAAAACTTGATA,1
CCCGTAAAGTCCTACA,1
CCCGTAAGCGAATGCT,1
CCCGTAAGGCATCTAA,1
CCCGTAATAAGATTTT,1
CCCGTAATTGTAGACC,1
CCCGTACAAAGACCAG,1
CCCGTACATGAAGACA,1
CCCGTACCGAATGGCT,1
CCCGTACGCTCGAAAG,1
CCCGTACTATAAACAG,1
CCCGTACTTCCAAACG,1
CCCGTAGAAAAGTGAA,1
CCCGTAGTATCTAATA,1
CCCGTAGTGGGATCGC,1
CCCGTATACAATAGGA,1
CCCGTATAGAGTATCC,1
CCCGTATAGAGTTAGA,1
CCCGTATATAGTTAGA,1
CCCGTCAAATAATAAA,1
CCCGTCACATATTCAG,1
CCCGTCACCCACAGCA,1
CCCGTCACTAACAGCA,1
CCCGTCACTCAAAGCA,1
CCCGTCACTCACAGCC,1
CCCGTCACTTGGACTC,1
CCCGTCATATCGGAAA,1
CCCGTCCAAAAACCAG,1
CCCGTCCAAAGACAAG,1
CCCGTCCAAAGACCAA,1
CCCGTCGACAACTCCT,1
CCCGTCGCTACATAGT,1
CCCGTCTACAACGCCT,1
CCCGTCTCTACTAGAA,1
CCCGTCTCTAGGCTAT,1
CCCGTCTTACATTGCT,1
CCCGTGAGCGTGAAAA,1
CCCGTGATTGTACACC,1
CCCGTGATTGTAGAAC,1
CCCGTGCGACAACAAA,1
CCCGTGCGTCGACAAA,1
CCCGTGGATCGGGAAC,1
CCCGTGTACGATAGCA,1
CCCGTGTACTGACCCC,1
CCCGTGTCGAAGTCAT,1
CCCGTGTGAATCAAAC,1
CCCGTGTGACCCAAAC,1
CCCGTGTGACTAAAAC,1
CCCGTGTGACTCAGAC,1
CCCGTGTGGCTCAAAC,1
CCCGTGTGTCCCTATT,1
CCCGTTAAAATTGGAC,1
CCCGTTAGAAAGTCGC,1
CCCGTTAGAACTGCGG,1
CCCGTTATCTAGCATG,1
CCCGTTCCAAAGGAAC,1
CCCGTTCGGTGCTTCA,1
CCCGTTCTATTTAGTC,1
CCCGTTCTGTCATGAA,1
CCCGTTCTGTGCAGTC,1
CCCGTTGCACAACTAA,1
CCCGTTGCGTCTACAG,1
CCCGTTTAAGTAGGCA,1
CCCGTTTAAGTCGACA,1
CCCGTTTAAGTCGGCT,1
CCCGTTTAAGTCGGTA,1
CCCGTTTAAGTTGGCA,1
CCCGTTTAGGTCGGCA,1
CCCGTTTATATGCGGA,1
CCCGTTTGAACAGAAA,1
CCCGTTTGACTCAAAC,1
CCCGTTTTCCAAAGCG,1
CCCTAAAACTAAGACA,1
CCCTAAAAGGCTAACG,1
CCCTAAAAGTAAAACA,1
CCCTAAAATGAAAGAA,1
CCCTAAACGAACGGTC,1
CCCTAAACTAAGTGTC,1
CCCTAAACTGAAAGAC,1
CCCTAAACTTAAAGAA,1
CCCTAAATAAAGGTCT,1
CCCTAAATAAATGTCA,1
CCCTAAATATTATCTT,1
CCCTAAATGTGATCTT,1
CCCTAAATTATTCAAT,1
CCCTAAATTCCCCAAA,1
CCCTAACAAACCCCCG,1
CCCTAACCAGACATTG,1
CCCTAACCCACCACAC,1
CCCTAACGGATAATTT,1
CCCTAACTAGTCCCCA,1
CCCTAACTCACCACAT,1
CCCTAAGACAATTTCG,1
CCCTAAGACGTGAGGG,1
CCCTAAGACTCCACGA,1
CCCTAAGAGTCTAATC,1
CCCTAAGATAAATGAG,1
CCCTAAGATACGCACA,1
CCCTAAGATGCATGAT,1
CCCTAAGCATGTATAT,1
CCCTAAGCATGTATCC,1
CCCTAAGCATTTATCT,1
CCCTAAGTAGCCATGA,1
CCCTAAGTTAAGAGAC,1
CCCTAATCATCCGCTC,1
CCCTAATCTTATTCCA,1
CCCTAATGCACCTACT,1
CCCTAATGGCGAAAAA,1
CCCTAATTAAATTTAA,1
CCCTAATTATAAATCG,1
CCCTAATTGAATTGAA,1
CCCTAATTTAGCGCTA,1
CCCTACAAACACCCTG,1
CCCTACACCAGAAAAA,1
CCCTACACCGCCTCCT,1
CCCTACATAAAATTCC,1
CCCTACATGAAATCCC,1
CCCTACATGTTCATAG,1
CCCTACATTAAATAGC,1
CCCTACATTAAATTCC,1
CCCTACCCCTAATAAG,1
CCCTACGAATCTAATC,1
CCCTACGACGCCTCCT,1
CCCTACGAGTCTTATC,1
CCCTACGATGCATAAT,1
CCCTACGCCGCCCCCT,1
CCCTACGCCGCCTCTT,1
CCCTACGGAAGGATCT,1
CCCTACGGTGAGTATA,1
CCCTACGGTGATCATA,1
CCCTACGTGGAGGCCA,1
CCCTACTAATTCTAAA,1
CCCTACTAGTCTAATC,1
CCCTACTAGTTGATCA,1
CCCTACTGTGAGCATA,1
CCCTACTTACAGCCAT,1
CCCTACTTGTAAATCG,1
CCCTAGAGACGAAACC,1
CCCTAGAGAGCACCAC,1
CCCTAGAGATTACCAC,1
CCCTAGATATGATCTT,1
CCCTAGCCACATTACC,1
CCCTAGCCGAAGAACA,1
CCCTAGCCTCCTCAGC,1
CCCTAGCTTAACCCTT,1
CCCTAGGATCACGGAA,1
CCCTAGTCTCACAGTG,1
CCCTATAAACCAAACA,1
CCCTATAAACCACCTA,1
CCCTATAAATATGCAC,1
CCCTATAAATCCCCTA,1
CCCTATAATCCTATGA,1
CCCTATACACCACATA,1
CCCTATACCCCGTAGT,1
CCCTATACCCGACAGA,1
CCCTATAGATAAAAAA,1
CCCTATAGTTCGTCAC,1
CCCTATCACATTTCCT,1
CCCTATCACCAAGGTG,1
CCCTATCAGAACTACA,1
CCCTATCAGCTCTCCA,1
CCCTATCCAAAAAATG,1
CCCTATCGATAAGCAG,1
CCCTATGCCGCCTCCT,1
CCCTATGGAACATTGG,1
CCCTATGGTGAGCATA,1
CCCTATTATGGACCGC,1
CCCTATTTGTTCACAC,1
CCCTCAAAGACTAACG,1
CCCTCAAAGTTGCTTT,1
CCCTCAAGAAAAAAGT,1
CCCTCAATAAAACTAA,1
CCCTCAATCAACGCCT,1
CCCTCAATCAAGACGC,1
CCCTCACACTGAATGA,1
CCCTCACCATAGCACC,1
CCCTCACCATCCGCTC,1
CCCTCACCTTCACTAA,1
CCCTCACGCTCTCCGG,1
CCCTCACTAATGAACA,1
CCCTCACTCAGACAAG,1
CCCTCACTGTCCCAGG,1
CCCTCAGAACATTACT,1
CCCTCAGATATACCAA,1
CCCTCAGCATTTTACC,1
CCCTCAGCTGAAAAAA,1
CCCTCAGTTACATTCA,1
CCCTCAGTTGACCTTC,1
CCCTCAGTTGCCATTC,1
CCCTCAGTTGCCCATC,1
CCCTCAGTTGCCCTTA,1
CCCTCAGTTGTCCTTC,1
CCCTCAGTTTCTGAGC,1
CCCTCATCATACGCTC,1
CCCTCATCATCAGCTC,1
CCCTCATCATCCGATC,1
CCCTCATCATCCGCCC,1
CCCTCATCATCCGCTA,1
CCCTCATCGACCTTTT,1
CCCTCCAATTAAAAGC,1
CCCTCCCAACAGACTA,1
CCCTCCCGTCAAGGTA,1
CCCTCCCTATCGAAAG,1
CCCTCCCTCGACGAGA,1
CCCTCCTAGGAGACGA,1
CCCTCCTTATCATAGA,1
CCCTCGAAAGAACGGA,1
CCCTCGAAGGCTAACG,1
CCCTCGACGTCCGAAT,1
CCCTCGACTTCTACGT,1
CCCTCGATGGGTCTAG,1
CCCTCGCATCCCAGGG,1
CCCTCGCCTTCTACTT,1
CCCTCGCTGGCGGAAG,1
CCCTCGGCGCTAAGAA,1
CCCTCGTAATAACCGT,1
CCCTCGTACTTATCTG,1
CCCTCGTAGTACGAAT,1
CCCTCGTGCATGCATA,1
CCCTCTAACCCGTAGT,1
CCCTCTACCACGTAGT,1
CCCTCTAGACACTGAG,1
CCCTCTAGACCCCGAG,1
CCCTCTAGACCCTGAT,1
CCCTCTAGACCCTTAG,1
CCCTCTAGACCGTGAG,1
CCCTCTAGGCCCTGAG,1
CCCTCTCCCTGACCGG,1
CCCTCTCGCGAGGAAT,1
CCCTCTCGTGGCTAGG,1
CCCTCTCTCCGATCGG,1
CCCTCTGGTGGTCTTT,1
CCCTCTGTACTTAACC,1
CCCTCTTAACGATAAC,1
CCCTCTTAACGATACA,1
CCCTCTTAACGATAGC,1
CCCTCTTAGCGATACC,1
CCCTGAAACACAACGT,1
CCCTGAAACTAAAACA,1
CCCTGAACTATGAGAA,1
CCCTGAACTGAAAGAA,1
CCCTGAAGAAGGGTGG,1
CCCTGAAGAGCAGATT,1
CCCTGAAGATTCTATT,1
CCCTGAATACCAGCCA,1
CCCTGAATCCCAGCCA,1
CCCTGAATGTACGACT,1
CCCTGAATTATAAGAA,1
CCCTGAATTCCAGACA,1
CCCTGACCATAGAACC,1
CCCTGACCATAGCAAC,1
CCCTGACCATAGCACA,1
CCCTGACCGTAGCACC,1
CCCTGACGATTCTAGC,1
CCCTGACGTCAACCGG,1
CCCTGACTCCGTGGAT,1
CCCTGAGAAAATGGAT,1
CCCTGATAACGGACCA,1
CCCTGATCTAGCTTCG,1
CCCTGATCTATCTTTG,1
CCCTGATCTCATTCCA,1
CCCTGATGGAATTATG,1
CCCTGATGGATAACCA,1
CCCTGATGGATACCCT,1
CCCTGCAAAAAAATAA,1
CCCTGCACTAACCAAT,1
CCCTGCAGACCGGTCA,1
CCCTGCAGATATCATA,1
CCCTGCATTTTTCGCC,1
CCCTGCCTCACATTCG,1
CCCTGCCTCCGTAGAT,1
CCCTGCCTCGGTGGAT,1
CCCTGCGAAACCTACT,1
CCCTGGAACAACCTGT,1
CCCTGGACAGTTAGAT,1
CCCTGGCTGCAGTATA,1
CCCTGGGTAGGTGACA,1
CCCTGGTTAACTAATA,1
CCCTGTAAATATGTCA,1
CCCTGTAACTTACAGA,1
CCCTGTACAACATGGA,1
CCCTGTACGACATGGG,1
CCCTGTCAGAGAAACT,1
CCCTGTCATGAATTTT,1
CCCTGTTAAATATGTG,1
CCCTGTTACTCGGTCC,1
CCCTGTTAGATATGCG,1
CCCTTAAAAAATGCAA,1
CCCTTAAAACACTACA,1
CCCTTAAAACGTAATT,1
CCCTTAAACCTAACTG,1
CCCTTAAAGCCCTATT,1
CCCTTAACAATCATAC,1
CCCTTAACGAAACTTT,1
CCCTTAACTATAAGAA,1
CCCTTACACGAGTTCT,1
CCCTTACATGAATTTT,1
CCCTTACATTCCAACA,1
CCCTTACGCCGAATTC,1
CCCTTACGCGAAAATG,1
CCCTTACTCGAATACA,1
CCCTTACTGGTCTAAA,1
CCCTTAGATCAAATCT,1
CCCTTAGCGTACAAGG,1
CCCTTAGCTTCCAATC,1
CCCTTAGTGAAACTAA,1
CCCTTAGTTTATAGAG,1
CCCTTATAAGCGTGAG,1
CCCTTATAGAGAACAT,1
CCCTTATCGCTATCAC,1
CCCTTATCGCTATCAG,1
CCCTTATCTAAAAACT,1
CCCTTATCTTAATGAT,1
CCCTTATCTTACTTAT,1
CCCTTCAAAGTAACAA,1
CCCTTCAAGGGAATGT,1
CCCTTCACTTAGACTC,1
CCCTTCAGGATCTTTA,1
CCCTTCAGTATATTTA,1
CCCTTCAGTATCTCTA,1
CCCTTCAGTATCTTCA,1
CCCTTCAGTATGTTTA,1
CCCTTCATGCTTTAAC,1
CCCTTCATTTGTACTT,1
CCCTTCCAAAATGTTC,1
CCCTTCCAGCAAAAGT,1
CCCTTCCCATCGAGAG,1
CCCTTCCCCTCCAAGC,1
CCCTTCCTCCGTGGAT,1
CCCTTCCTTTGTAATT,1
CCCTTCCTTTTTACTT,1
CCCTTCGAACATCGGA,1
CCCTTCGCTACATAGT,1
CCCTTCGTATATTAAG,1
CCCTTCGTTTGTACTT,1
CCCTTCTAACAAAAGT,1
CCCTTCTCCAGAAAAA,1
CCCTTCTTAGATCAGT,1
CCCTTCTTGGAGCAGT,1
CCCTTGACACGCAAGG,1
CCCTTGAGCCGAATTC,1
CCCTTGATTGTAGACC,1
CCCTTGCAACAAAAGT,1
CCCTTGCGCCGAATTA,1
CCCTTGCTAGTCACCA,1
CCCTTGTTAAACAACA,1
CCCTTGTTATACACTA,1
CCCTTTAAAAATTACT,1
CCCTTTAAAATTGGAC,1
CCCTTTAAATATATTG,1
CCCTTTAAATCTTACT,1
CCCTTTAAGAGCCCAA,1
CCCTTTAAGAGCGCAT,1
CCCTTTAAGAGCGTAA,1
CCCTTTAAGTAAACCA,1
CCCTTTACAAGTATGT,1
CCCTTTACTAGTCTAT,1
CCCTTTAGACCTAAGA,1
CCCTTTAGTATCTTTA,1
CCCTTTATTCCGACAC,1
CCCTTTCGAATCAACC,1
CCCTTTCGTCATAGTT,1
CCCTTTCTACTAAGCG,1
CCCTTTGATCTACAGC,1
CCCTTTGATTAACCAT,1
CCCTTTGCTATACAGC,1
CCCTTTGTATAGTCGG,1
CCCTTTGTTGACATGC,1
CCCTTTTAGAGCGCAA,1
CCCTTTTGGATCAACC,1
CCGAAAAACTTTATGG,1
CCGAAAACCCCGATCC,1
CCGAAAACCTCGATCT,1
CCGAAAACGACGGCCA,1
CCGAAAACGTCGATCC,1
CCGAAAAGGTCTTCTG,1
CCGAAAATATACTTTT,1
CCGAAAATGTACTATT,1
CCGAAAATTCCTTCAA,1
CCGAAACAACAAAATT,1
CCGAAACCAGACATTG,1
CCGAAACCAGTATCAA,1
CCGAAACCCATCCGAC,1
CCGAAACCTCCCCGCA,1
CCGAAAGAACTATATA,1
CCGAAAGTCGAGTATT,1
CCGAAATACTTTTAAT,1
CCGAAATATAACACGA,1
CCGAAATATGGTACTC,1
CCGAAATCATCCTTTA,1
CCGAAATGTAGGAGAT,1
CCGAAATTACAGCTAA,1
CCGAAATTATACTTTA,1
CCGAAATTATCCCTTA,1
CCGAAATTGAAGACAA,1
CCGAAATTGCAGACTA,1
CCGAAATTGCGGACAA,1
CCGAAATTTGATAAAC,1
CCGAACAAGCCGAACA,1
CCGAACACAATGGATT,1
CCGAACACGCTTTACA,1
CCGAACACGTTATAAG,1
CCGAACAGTGACACCA,1
CCGAACATGATTGGCG,1
CCGAACATTATTGGCA,1
CCGAACCAACAATCAC,1
CCGAACCAACACTCAA,1
CCGAACCAACACTTAC,1
CCGAACCCAAAAAAGA,1
CCGAACCTCCATGCCT,1
CCGAACGAAAAACAAT,1
CCGAACGAACACTCAC,1
CCGAACGTCCCTTCTT,1
CCGAACGTCGGTTTTG,1
CCGAACTATTTTGACA,1
CCGAACTCATGACGTG,1
CCGAACTGACGATTGG,1
CCGAAGAACCAAAGAG,1
CCGAAGAACCTAATTT,1
CCGAAGAATGATCATT,1
CCGAAGAATTAGCATT,1
CCGAAGACAAATCTAA,1
CCGAAGAGAGTGACGC,1
CCGAAGATCCCGTAAA,1
CCGAAGATCTGTAGAC,1
CCGAAGCAACTACTAG,1
CCGAAGCTAGCTTCAA,1
CCGAAGGAACTTGATA,1
CCGAAGGAATTTACAC,1
CCGAAGGAATTTACCG,1
CCGAAGGTAGCTTAAA,1
CCGAAGGTAGCTTCAC,1
CCGAAGGTAGGTTCAA,1
CCGAAGGTATCTTCAA,1
CCGAAGGTATTTTCAA,1
CCGAAGGTCTATGTCA,1
CCGAAGTACGGGAACC,1
CCGAAGTACGGGTCAA,1
CCGAAGTAGAATTCCC,1
CCGAAGTAGCATCCCC,1
CCGAAGTAGCATTACC,1
CCGAAGTAGCATTCAA,1
CCGAAGTAGGATTCCC,1
CCGAAGTATGAGCATT,1
CCGAAGTCAAAGGTAG,1
CCGAAGTGCACATGCT,1
CCGAATAAGCCTCTTT,1
CCGAATAATTCGTCAA,1
CCGAATACCGCTATGA,1
CCGAATCCCACCTAAT,1
CCGAATCTGAACAAAC,1
CCGAATCTGCGATCCC,1
CCGAATGAAAAGTATG,1
CCGAATGCTATCCTGA,1
CCGAATTACAACAGTC,1
CCGAATTATAAACTAG,1
CCGAATTATAGGTGTT,1
CCGAATTCAAATGGCT,1
CCGACAAAAAAGACAT,1
CCGACAAAGGAAATAA,1
CCGACAACAGGATCCA,1
CCGACAACGACAGCCA,1
CCGACAACGACGACCA,1
CCGACAACGACGGCAA,1
CCGACAACGACGGCTA,1
CCGACAACGACTGCCA,1
CCGACAACTACGGCCA,1
CCGACAAGCTCTACAC,1
CCGACAATACCCTAAA,1
CCGACAATCTTGAAAA,1
CCGACAATGACGGCCA,1
CCGACACAGCTTACCA,1
CCGACACATACCAGAA,1
CCGACACCCCATTACC,1
CCGACACCGACCACCC,1
CCGACACGAATTATTA,1
CCGACACGCCAATAAC,1
CCGACACGCCCCCATC,1
CCGACAGACCAAACTA,1
CCGACAGCCATCAATC,1
CCGACAGTGAATCAAA,1
CCGACATAAAACGCTT,1
CCGACATAAAATTTCT,1
CCGACATAAGAGAAAC,1
CCGACATGAAACTCTT,1
CCGACATGTACTCAAC,1
CCGACATTACATCTAA,1
CCGACATTCCCAGTAT,1
CCGACATTCGTGACAA,1
CCGACATTGCAGCTAA,1
CCGACATTGTAGATAC,1
CCGACATTTTAGATCC,1
CCGACCAGATCTACAC,1
CCGACCAGCTCTACAT,1
CCGACCAGGTCTACAC,1
CCGACCATTGCCACCT,1
CCGACCATTGCCCCCT,1
CCGACCATTTGCCAGC,1
CCGACCCAGTGATCCC,1
CCGACCGCCATAAATC,1
CCGACCGCCATCAACC,1
CCGACCGCCATCGATC,1
CCGACCGCCATTAATC,1
CCGACCGCCCTCCCAT,1
CCGACCGCCGTCAATC,1
CCGACCGGGTTAATAT,1
CCGACCGTTGCCTCCT,1
CCGACCTGATAAGTGC,1
CCGACCTTCAGACCAA,1
CCGACGAAAACTGGCC,1
CCGACGAGGGATGGCC,1
CCGACGATAGCCTATA,1
CCGACGATTGAAGCAC,1
CCGACGCAAAAAATTT,1
CCGACGCAGGAATTTT,1
CCGACGCCAGTTGATT,1
CCGACGCCTAGAAGTC,1
CCGACGCGCGGACTAA,1
CCGACGCGCTGACGAA,1
CCGACGGCGGTAGCCG,1
CCGACGGTACGCATAT,1
CCGACGTAACTTGGCA,1
CCGACGTACGCAGGAC,1
CCGACGTACGGTAACC,1
CCGACGTATCCCCGAA,1
CCGACGTCAATCCATG,1
CCGACTAAAAAATTTA,1
CCGACTAACGCTATGA,1
CCGACTACAGCTATGA,1
CCGACTACCGCTATTA,1
CCGACTATAGACCATT,1
CCGACTATAGCCTGTA,1
CCGACTATTAAAGGAC,1
CCGACTATTGCCTCCT,1
CCGACTCAAATATTGT,1
CCGACTCACAAGGATA,1
CCGACTCCGCGCAACA,1
CCGACTCGGCCCCATC,1
CCGACTCGGCTACATC,1
CCGACTCGGCTCAATC,1
CCGACTCTAAACCTAT,1
CCGACTCTGCTCCATC,1
CCGACTTCGACCGAAG,1
CCGAGAAAACGTACGC,1
CCGAGAAACCATACGC,1
CCGAGAAACCGCACGC,1
CCGAGAAACCGTACGA,1
CCGAGAAACCGTGCGC,1
CCGAGAAACCTTATGC,1
CCGAGAAACGAATCAC,1
CCGAGAAAGCGTACGC,1
CCGAGAAAGGGAAATC,1
CCGAGAACAGCACTGC,1
CCGAGACAAGAGATAT,1
CCGAGACAGTGCCCGT,1
CCGAGACCACATTACC,1
CCGAGACCCCGTTACC,1
CCGAGACGGCGGCTTA,1
CCGAGACGTGTGAGTC,1
CCGAGACTTATCGTTC,1
CCGAGAGACACTACGA,1
CCGAGAGATAATACGA,1
CCGAGAGATACCACGA,1
CCGAGAGATACTAAGA,1
CCGAGAGATACTGCGA,1
CCGAGAGTGGGATACA,1
CCGAGATATTAACTGC,1
CCGAGATCGGGTGCAG,1
CCGAGATCTAAACGAA,1
CCGAGATGGTCTAACC,1
CCGAGATTGCAGACAA,1
CCGAGCAAGCCGAAGG,1
CCGAGCACAATAACAT,1
CCGAGCACATTAAACC,1
CCGAGCACTCCTAAAG,1
CCGAGCATAATGGATT,1
CCGAGCCAAATATCCT,1
CCGAGCCATCAATGTT,1
CCGAGCGACCATGACC,1
CCGAGCGCACAGAAGA,1
CCGAGCGTAAAATTAC,1
CCGAGCTAGGCAGCTG,1
CCGAGCTAGTGACAGG,1
CCGAGCTGATAAATGC,1
CCGAGCTGATAATTGC,1
CCGAGGAAAGCCCCGA,1
CCGAGGAACCCATTGT,1
CCGAGGAACCGTACGC,1
CCGAGGAAGAAGACAT,1
CCGAGGAATTAAAAGT,1
CCGAGGAGACTGACGC,1
CCGAGGAGGCGGCTTA,1
CCGAGGCAGCGGCTTA,1
CCGAGGCGACGGCTTA,1
CCGAGGCGGCGTCTTA,1
CCGAGGCGGCTGCTTA,1
CCGAGGGCAGTATATA,1
CCGAGGGCGTTATATA,1
CCGAGGGCTGTATATA,1
CCGAGGTCCTAACCCA,1
CCGAGTAACACAAAGG,1
CCGAGTAACCTCATTT,1
CCGAGTAATAAAAAGG,1
CCGAGTATAACCCCTT,1
CCGAGTCAAACATCCT,1
CCGAGTCAAATATACT,1
CCGAGTCAAATATCCA,1
CCGAGTCAAATATCCG,1
CCGAGTCAAATATTCT,1
CCGAGTCAAGTATCCT,1
CCGAGTCCAGACACGT,1
CCGAGTCCAGCAACGT,1
CCGAGTCCAGCCAAGT,1
CCGAGTCGAACTGACA,1
CCGAGTCGAATATCCT,1
CCGAGTCGGCGGCTTA,1
CCGAGTGCATTAAACC,1
CCGAGTGTAGCCCTAC,1
CCGAGTTCATAAGCCT,1
CCGAGTTCGCTGCCAA,1
CCGAGTTCGTCATCAT,1
CCGAGTTTATGCACCG,1
CCGATAACCCACCCTC,1
CCGATAACCCTCCCTC,1
CCGATAACGGCTGACA,1
CCGATAATAAATTCCA,1
CCGATACACCTCCTTC,1
CCGATACAGTTTGAGC,1
CCGATACCCCATTACC,1
CCGATACTGGCTCTCC,1
CCGATACTTAGAGCAA,1
CCGATACTTGATCTCC,1
CCGATACTTGCTCTCA,1
CCGATAGAAGACAATA,1
CCGATAGTAAATCGTC,1
CCGATAGTCAATCGCC,1
CCGATAGTCCATCGTC,1
CCGATATACAATAGGA,1
CCGATATAGAAACAAA,1
CCGATATCACTCTTTT,1
CCGATATGCTAAAAGT,1
CCGATCAAGTACGTAC,1
CCGATCAGACAACCCA,1
CCGATCAGATGGAATT,1
CCGATCAGCAGTGGGA,1
CCGATCAGTAGTGGGG,1
CCGATCATCAGTGGGG,1
CCGATCCACCCTGAGC,1
CCGATCCCTGTGACCA,1
CCGATCCTTAACAACC,1
CCGATCGATCTTAAGA,1
CCGATCGCAAATTTCG,1
CCGATCGCAGCTGATA,1
CCGATCGTGAGTTTAA,1
CCGATCTACGTATTTA,1
CCGATCTAGCTGATCC,1
CCGATCTGCGGTGAGA,1
CCGATGAAGAATGTGT,1
CCGATGACCCGCCCTC,1
CCGATGACTAATGCGC,1
CCGATGATGCGAAGGA,1
CCGATGGCCTCACACA,1
CCGATGTCCAGACTGG,1
CCGATGTCTGCTTCCG,1
CCGATGTGCCCATATC,1
CCGATGTTAAGAGGAA,1
CCGATGTTACTGGCTG,1
CCGATTATAAGCCATC,1
CCGATTCATTGATGCC,1
CCGATTCTAAGCCAAC,1
CCGATTCTAGGCCATC,1
CCGATTCTGAGCCATC,1
CCGATTGAAAATTTCG,1
CCGATTGAGAAAAAAG,1
CCGATTGCAAATTTAG,1
CCGATTGTAAATTTCG,1
CCGATTGTACGTATAC,1
CCGATTTAACGCATTG,1
CCGCAAAATGTAAATT,1
CCGCAAAATTCAACTT,1
CCGCAAACACTAACCG,1
CCGCAAATTGATTCCA,1
CCGCAAATTTTGTCAA,1
CCGCAACACCCTACCA,1
CCGCAACATACTAATG,1
CCGCAACATGGTCTAG,1
CCGCAACATGGTTAAC,1
CCGCAACATTGAAAAA,1
CCGCAACCTTGCACAA,1
CCGCAACTCACCCTGC,1
CCGCAACTGATTTATT,1
CCGCAAGATGTAAATG,1
CCGCAAGCAGACCAAA,1
CCGCAAGTTCTCTTAC,1
CCGCAATCGAACAAGG,1
CCGCAATGCAAAATCT,1
CCGCAATTTCAGCGTA,1
CCGCACAAGTTGAGCA,1
CCGCACATAATATATA,1
CCGCACATATGATACC,1
CCGCACATCCTTCGCC,1
CCGCACCCGAATCCCA,1
CCGCACCGTTGCACTC,1
CCGCACCTAAATTACC,1
CCGCACCTGAATCACA,1
CCGCAGAAAACTGGCC,1
CCGCAGAATAGGGCAC,1
CCGCAGATCCTAAGTA,1
CCGCAGATCTTAAGTA,1
CCGCAGATGGTAAGTA,1
CCGCAGCAACAATGTG,1
CCGCAGCAACTACTAT,1
CCGCAGCACCCTACCG,1
CCGCAGGAGTACTTTT,1
CCGCAGGGGTACTGAT,1
CCGCAGTAGCTGGGCC,1
CCGCAGTAGGCCTTTA,1
CCGCAGTAGTACTTGT,1
CCGCAGTGCAAATGCT,1
CCGCAGTGCACATGCC,1
CCGCAGTGTACATGCT,1
CCGCATAACCAAAAAT,1
CCGCATACGTACATCA,1
CCGCATACGTACATTC,1
CCGCATATAACATTCT,1
CCGCATATATCGAAAA,1
CCGCATCAAACAGAAT,1
CCGCATCAACTACTAG,1
CCGCATCACATCGAAC,1
CCGCATCCCTAAACAG,1
CCGCATCCGGCCCTGC,1
CCGCATCCGGCCCTGT,1
CCGCATCTAAGAATGA,1
CCGCATCTCTAAGGCA,1
CCGCATGCGTAGGCTG,1
CCGCATGCGTAGTCGG,1
CCGCATGTAAACCGGA,1
CCGCATGTAAATCGGA,1
CCGCATGTGAAGCGGA,1
CCGCATTCCTATGGAA,1
CCGCATTGCGCTGAGA,1
CCGCATTTAAAGCGGA,1
CCGCATTTACCACTGC,1
CCGCATTTGCCACTGA,1
CCGCCAAAAAATACAT,1
CCGCCAACCCAGGGCA,1
CCGCCACCATAATCTT,1
CCGCCACCCCAATAAC,1
CCGCCACGCCAATACC,1
CCGCCACGCCAATAGC,1
CCGCCACTCCAATAAC,1
CCGCCAGATCTGACAA,1
CCGCCAGGAGAAATTT,1
CCGCCAGGCCAATAAC,1
CCGCCATACCTATATA,1
CCGCCATACTTGAACT,1
CCGCCATAGTCGCACT,1
CCGCCATATCTCTGCT,1
CCGCCATATTAGCACT,1
CCGCCATATTCGCACA,1
CCGCCATATTCGCACG,1
CCGCCATCTTTGAACT,1
CCGCCATTATGAAATG,1
CCGCCATTCTTTTGCG,1
CCGCCATTCTTTTTCA,1
CCGCCATTGCCGAAAG,1
CCGCCCAAACCAGGAA,1
CCGCCCAATCATGAAC,1
CCGCCCAATCATGTGC,1
CCGCCCACTCAGTGTT,1
CCGCCCCAACCATTTC,1
CCGCCCCAAGCAGGAA,1
CCGCCCCAGCCAGGAA,1
CCGCCCCCATACAACC,1
CCGCCCCCCCTTCCAG,1
CCGCCCCGAAGCTAAC,1
CCGCCCCGACCAGGAA,1
CCGCCCCGTATCTAAC,1
CCGCCCCTAATGAAAA,1
CCGCCCCTTAGCTAAC,1
CCGCCCGATATGACAA,1
CCGCCCGATCTTACAA,1
CCGCCCGCTCCGGGAC,1
CCGCCCTAACCAGGAA,1
CCGCCCTATCTGACAA,1
CCGCCCTCTACCCCAA,1
CCGCCCTGTAGCTAAC,1
CCGCCCTTAAGTGGAG,1
CCGCCCTTAAGTGGCT,1
CCGCCGAAAACTGGCA,1
CCGCCGATAGCATGCG,1
CCGCCGATGTCGTCCA,1
CCGCCGATTGAGACAA,1
CCGCCGCCAATCCATG,1
CCGCCGGCAGTAGCCG,1
CCGCCGGGAGTCCCCG,1
CCGCCGTCAATACATG,1
CCGCCGTCAATCCAAC,1
CCGCCGTCAATCCATT,1
CCGCCGTCAATCTATG,1
CCGCCGTCATAATCTT,1
CCGCCGTGAATCCCCG,1
CCGCCGTGAGATCAGA,1
CCGCCTATTGAGACAC,1
CCGCCTCTGATGGATT,1
CCGCCTGATCTGACAA,1
CCGCCTGCATTAATCT,1
CCGCCTGGAATCCCCG,1
CCGCCTGTACATCAAA,1
CCGCCTTAAGATCAGA,1
CCGCCTTCAAAAAATT,1
CCGCCTTGGCAAGCCA,1
CCGCGAAAATAGATCA,1
CCGCGAAACAATTCAG,1
CCGCGAAAGTATCGAC,1
CCGCGAAGGAAATGCT,1
CCGCGAATGCGCAACG,1
CCGCGAATGTCTTAGA,1
CCGCGACTACTTAATG,1
CCGCGAGCGCCACTGC,1
CCGCGAGGTACTAGAA,1
CCGCGAGGTTATATCA,1
CCGCGATCCTTGCCTA,1
CCGCGATCGAAACGAA,1
CCGCGATCGAACAAGA,1
CCGCGATCTAAAAGAA,1
CCGCGCAACACTTCCC,1
CCGCGCAACGAAAAGT,1
CCGCGCAAGATGTAGA,1
CCGCGCATGTTGTGTA,1
CCGCGCCCTTAGGCCG,1
CCGCGCGAGGCACCAT,1
CCGCGGAATAGGACAC,1
CCGCGGCATGATACTT,1
CCGCGGCTAATAACTC,1
CCGCGGTATTTTAAAC,1
CCGCGGTTAATTCGAA,1
CCGCGTACGTACATCC,1
CCGCGTATGGTTTAGC,1
CCGCGTCATGCTACTT,1
CCGCGTCGTTGTCCCA,1
CCGCGTTCAATCTGAA,1
CCGCGTTCCCATGGAA,1
CCGCGTTCCTATTGAA,1
CCGCGTTGTCGTCCCA,1
CCGCGTTGTTGCCCCA,1
CCGCGTTGTTGTACCA,1
CCGCGTTGTTGTCACA,1
CCGCGTTGTTGTTCCA,1
CCGCGTTGTTTTCCCA,1
CCGCTAATCATGAACC,1
CCGCTAATCATGAACT,1
CCGCTACAACCGTAAA,1
CCGCTACCAACCACCA,1
CCGCTACCACATTTAC,1
CCGCTACCATAAGAAA,1
CCGCTACCCCCCAAGT,1
CCGCTACGACGGATCG,1
CCGCTAGCATAAATAT,1
CCGCTATCGGTCTCGA,1
CCGCTCAAATCCCATA,1
CCGCTCAACCCAACGG,1
CCGCTCAACCTAATGG,1
CCGCTCAATCATGAGC,1
CCGCTCAGCACCGATG,1
CCGCTCATGTTGTGTT,1
CCGCTCCATTACCTTT,1
CCGCTCCCACATTTAC,1
CCGCTCGAATACCATA,1
CCGCTGACCACGAACA,1
CCGCTGACTAGTGCGC,1
CCGCTGACTGATGCGC,1
CCGCTGAGCATTAACA,1
CCGCTGCACCCCAAGT,1
CCGCTGCAGGCGGATT,1
CCGCTGCAGGCTGCTT,1
CCGCTGCCACCCAAGT,1
CCGCTGGACAGCAAAA,1
CCGCTGTCACATTTAC,1
CCGCTGTGCATTAACA,1
CCGCTTAAGAATATAT,1
CCGCTTACATATAATA,1
CCGCTTAGATGTGACA,1
CCGCTTATAGAAGTTC,1
CCGCTTCAAATCAGGG,1
CCGCTTCAGGCGGCTT,1
CCGCTTCATATGGGCG,1
CCGCTTCATTGGTCCC,1
CCGCTTGAACGAGGAC,1
CCGCTTGACCCCATAT,1
CCGCTTGATCCAATAT,1
CCGCTTGATCCCGTAT,1
CCGCTTGATCCTATAT,1
CCGCTTGCACGATGAC,1
CCGCTTGCATTAAGCT,1
CCGCTTGCCTTATATG,1
CCGCTTGGCATTAACA,1
CCGCTTTAACGCATTC,1
CCGCTTTAACGGATTG,1
CCGCTTTCAATCCATG,1
CCGGAAAAACTCTAAG,1
CCGGAAAAATACCTAA,1
CCGGAAAAGATCTAAG,1
CCGGAAAAGCTCTAAA,1
CCGGAAACAAATTTTC,1
CCGGAAAGTGTACACT,1
CCGGAAATAATTCAAT,1
CCGGAAATACGGATAC,1
CCGGAAATGGAATCAA,1
CCGGAACATAGATGAT,1
CCGGAACCACTAACAA,1
CCGGAACTAGAAAACT,1
CCGGAACTAGCAAAAT,1
CCGGAAGAAGCAAGGC,1
CCGGAAGCTCAACACT,1
CCGGAATACTTGTTCT,1
CCGGAATCTATGAACA,1
CCGGAATTCTTGTTTT,1
CCGGAATTTTAAAGGT,1
CCGGACAACGAGCAAC,1
CCGGACACTAGGCCGA,1
CCGGACAGAAACTCAT,1
CCGGACAGAGATAAGA,1
CCGGACCACCTAGCGT,1
CCGGACCCGAGGCCGA,1
CCGGACCCGTCGTAAA,1
CCGGACCCTAGGCCTA,1
CCGGACCTACAAGCTC,1
CCGGACTTATGACGCT,1
CCGGAGACTTAAAACA,1
CCGGAGAGACTTTTTA,1
CCGGAGAGTATGATGC,1
CCGGAGATAAAATACC,1
CCGGAGATTGAAGTCA,1
CCGGAGCCGCTACAGA,1
CCGGAGCCTAGGCCGA,1
CCGGAGCGATACTGTA,1
CCGGAGTTTACATTGA,1
CCGGATAAACATATAG,1
CCGGATAAATAACGGG,1
CCGGATAAATAGCCAG,1
CCGGATAAATAGCTAA,1
CCGGATAAATTGCCAA,1
CCGGATAGACTTTTGA,1
CCGGATATCACTGAAA,1
CCGGATATGACAAGTG,1
CCGGATATGTCAAGTT,1
CCGGATCAATTAGCGG,1
CCGGATCGCCTAGTGA,1
CCGGATGATAGATCAT,1
CCGGATGCAATCCTGA,1
CCGGCAAAAGGTGCAT,1
CCGGCAAGCACACATG,1
CCGGCACTCGTTTAAT,1
CCGGCAGACGATTTGT,1
CCGGCAGGTTACTATA,1
CCGGCATAAAGTTTCT,1
CCGGCATATTCGCACT,1
CCGGCATCTACTCAAA,1
CCGGCCAATAAAAAAC,1
CCGGCCAATCGATCCC,1
CCGGCCATTAATGAGC,1
CCGGCCCAACGACCCG,1
CCGGCCCGACACCCAA,1
CCGGCCCTACACCCGG,1
CCGGCCCTAGCCTTAG,1
CCGGCCCTTCATCAAA,1
CCGGCCTGATAAATAG,1
CCGGCGATAAAGATGC,1
CCGGCGATACATGCTA,1
CCGGCGATAGAATGCG,1
CCGGCGGATTGAGTAC,1
CCGGCGTAAAAAAACC,1
CCGGCGTGAAATCTAT,1
CCGGCTAACACAAAAA,1
CCGGCTATCGTTAAAC,1
CCGGCTCTCTACTACC,1
CCGGGAAACCGTACGC,1
CCGGGAAATTGATTGT,1
CCGGGAAGGTACGTAC,1
CCGGGAATGACTGGCG,1
CCGGGACTAAATATAC,1
CCGGGACTCTAATTTC,1
CCGGGATTAAAATCTT,1
CCGGGCAACGATGCAG,1
CCGGGCACTCCTTGTA,1
CCGGGCACTGAGAGTT,1
CCGGGCCGTCATCGTG,1
CCGGGCCGTCATGGGG,1
CCGGGCTGATAAGTGC,1
CCGGGGCCTCGCGTAT,1
CCGGGGCTCGCTACGA,1
CCGGGTAACAGAGACT,1
CCGGGTAGCAAAGACT,1
CCGGGTCTAACACAGA,1
CCGGGTCTCTACGAAG,1
CCGGGTGAAACCCTAA,1
CCGGGTGAGACCCTCA,1
CCGGGTTCGTAACTCG,1
CCGGTAAAACCCTCAT,1
CCGGTACACAATAGGA,1
CCGGTACCACATATAA,1
CCGGTAGCCAAATTAT,1
CCGGTAGGTGCTTAAA,1
CCGGTATACGATAGGA,1
CCGGTATATAATAGGA,1
CCGGTCAAAACTCTTA,1
CCGGTCAAGTACGTAA,1
CCGGTCAGCGAAGAAT,1
CCGGTCATATAGGACT,1
CCGGTCCCAAACTTGA,1
CCGGTCCGTCATCGGG,1
CCGGTCGCCATATTAC,1
CCGGTCTATCTTCACA,1
CCGGTCTTTAAACGTA,1
CCGGTGAATTTCGCGA,1
CCGGTGACATAAAGGG,1
CCGGTGACCGACTCTC,1
CCGGTGAGAATTCATT,1
CCGGTGATATAAAAGG,1
CCGGTGATATAAAGGA,1
CCGGTGATATAAAGGT,1
CCGGTGATATAGAGGG,1
CCGGTGATGTAAAGGG,1
CCGGTGCTTGAAGTTT,1
CCGGTGTATGACCAAT,1
CCGGTGTTATCTCTCA,1
CCGGTTAATAACGTCA,1
CCGGTTATATAAAGGG,1
CCGGTTTTCTATTTTT,1
CCGTAAAAAAAATTTA,1
CCGTAAAACCATCCTT,1
CCGTAAAACCATCTTG,1
CCGTAAACTACGAATT,1
CCGTAAAGATTGAAAA,1
CCGTAAAGTGAATTGA,1
CCGTAAATCCTTAAAA,1
CCGTAAATGCGCAACG,1
CCGTAACAATAATGGC,1
CCGTAACACAATATCC,1
CCGTAACCCAATTACA,1
CCGTAACCTCAAAGAA,1
CCGTAACGCTAAGTCC,1
CCGTAATAAACACTAT,1
CCGTAATAAACATCAT,1
CCGTAATACCAATAGG,1
CCGTAATACCTATAGA,1
CCGTAATCGAACAAGA,1
CCGTAATGAATGTACC,1
CCGTACAAAAAAACGC,1
CCGTACAAAATTTTAG,1
CCGTACAAACCAAACA,1
CCGTACAAGTACTAAT,1
CCGTACAAGTACTACA,1
CCGTACAAGTTAGTAT,1
CCGTACACCAGCTTCA,1
CCGTACCCTATACTTT,1
CCGTACCGTACCATGG,1
CCGTACCTAGAACTTA,1
CCGTACGTATAACATC,1
CCGTACTTTACCATGG,1
CCGTAGAAAAATTTCC,1
CCGTAGAAACGGAGTT,1
CCGTAGAAGAACAACT,1
CCGTAGAATCGAAGTT,1
CCGTAGACAAACTTCC,1
CCGTAGACAAATCTCC,1
CCGTAGCCGCAAAGAA,1
CCGTAGCCTAAAAGAA,1
CCGTAGCCTCAAAGAG,1
CCGTAGCCTCAAAGTA,1
CCGTAGCCTCAATGAA,1
CCGTAGCCTCAGAGAA,1
CCGTAGGAATCGCAAG,1
CCGTAGGATCGGAGTT,1
CCGTAGGGCACGACGC,1
CCGTAGTATACCAATA,1
CCGTAGTCCATCTTAC,1
CCGTAGTCCCACTTCA,1
CCGTAGTCCCATCCTG,1
CCGTAGTCCTAAGACG,1
CCGTAGTCTCAAAGAA,1
CCGTAGTGCACATGCT,1
CCGTAGTTATGAACTA,1
CCGTAGTTCTTAATTA,1
CCGTATAAAAAATGGA,1
CCGTATAAACTACATA,1
CCGTATAAAGCAAAGA,1
CCGTATAAATGTCTAA,1
CCGTATAACAACCGAA,1
CCGTATAACTTAGTAT,1
CCGTATAGCCAGTACA,1
CCGTATAGTGAGAATA,1
CCGTATCAATCACCTA,1
CCGTATGATACTTTCC,1
CCGTATGTCACTGTGG,1
CCGTATGTTAATGTGG,1
CCGTATGTTACTATGG,1
CCGTATGTTACTGAGG,1
CCGTATGTTACTGTGT,1
CCGTATTAAAAAACAA,1
CCGTATTACTGGCATA,1
CCGTATTCCATCTGAC,1
CCGTATTTAATCAGCA,1
CCGTCAAAACAAACAG,1
CCGTCAAACCGTCCAA,1
CCGTCAAAGCAAACAG,1
CCGTCAAGTCCTAACG,1
CCGTCAATATTTTGAC,1
CCGTCACAACAATATC,1
CCGTCACAATTCGGAA,1
CCGTCACACCCTGGGG,1
CCGTCACATGAATATT,1
CCGTCACCGTCATGTT,1
CCGTCACGCGAAATGT,1
CCGTCAGACCTGAATC,1
CCGTCATACGATTTGT,1
CCGTCATAGATAAAAC,1
CCGTCATTTTACCTTT,1
CCGTCCAGTAACCCGT,1
CCGTCCCAAACAATGA,1
CCGTCCCAATACCTAT,1
CCGTCCCCAAAAATGA,1
CCGTCCCCTATAATTT,1
CCGTCCCCTATACTTC,1
CCGTCCCTATTGAAAG,1
CCGTCCGTGCTTTCTA,1
CCGTCCTCACCCCAAT,1
CCGTCGACCCTCATCC,1
CCGTCGATAAACCTCA,1
CCGTCGTGAATCTCTC,1
CCGTCTCTAAAACAGT,1
CCGTCTCTATCGAAAG,1
CCGTCTTAAAAGAAAA,1
CCGTCTTACTGGTATA,1
CCGTGAAAACTTTTCG,1
CCGTGAAAAGTTTTAG,1
CCGTGAAAAGTTTTCA,1
CCGTGAAAGCATCGAC,1
CCGTGAAAGGAGTGAT,1
CCGTGAAAGTACCGAC,1
CCGTGAAAGTATAGAC,1
CCGTGAAAGTATCGAG,1
CCGTGAAAGTGTGAAG,1
CCGTGAAGATGTATCA,1
CCGTGAATACGCAACG,1
CCGTGAATAGTTTTCG,1
CCGTGAATATATTCAC,1
CCGTGAATGCACAACG,1
CCGTGAATGCGAAACG,1
CCGTGAATGCGCAACT,1
CCGTGAATGCGCAATG,1
CCGTGAATGGGCAACG,1
CCGTGAATGTGCAACG,1
CCGTGAATTCGCAACG,1
CCGTGACCCCGAGGAT,1
CCGTGATAAACCCATT,1
CCGTGATAGGACAATG,1
CCGTGATGGGCACGTA,1
CCGTGATTTATCTCGG,1
CCGTGCACAAGCTTCA,1
CCGTGCCAATAGAACG,1
CCGTGCCTGACCCGTT,1
CCGTGCGGTGCATGAG,1
CCGTGCTCTACACCCC,1
CCGTGCTGTACCATGG,1
CCGTGGACAAAGTCTA,1
CCGTGGACGAAGGCTA,1
CCGTGGACTCAGCGCT,1
CCGTGGCACACAGGTG,1
CCGTGGTAACAATTAA,1
CCGTGGTAACCATCAA,1
CCGTGTAAAGGCGATG,1
CCGTGTAACAAAGACT,1
CCGTGTATCCATAGTA,1
CCGTGTCCAAGGTAAG,1
CCGTGTCGACAGAATA,1
CCGTGTTAGATCTAAC,1
CCGTTAAAAATTTAAT,1
CCGTTAAAACAGTCGA,1
CCGTTAAAACTGACTT,1
CCGTTAAAAGTTTTCG,1
CCGTTAAACCAAACAG,1
CCGTTAAAGGGAATGT,1
CCGTTAACGTGTGAAG,1
CCGTTAAGCTCGGGTC,1
CCGTTAAGTTCCTTGG,1
CCGTTAATCACAATAC,1
CCGTTAATGCGCAACG,1
CCGTTAATTAACAAGA,1
CCGTTACAACCATACT,1
CCGTTACAACTGACGT,1
CCGTTACAACTGGCTT,1
CCGTTACTTAACATAC,1
CCGTTACTTTGTCAGT,1
CCGTTAGAAAATCTAG,1
CCGTTAGCAAATTTAG,1
CCGTTATAACTCACTT,1
CCGTTATAAGACGAAA,1
CCGTTATCATAGTTAT,1
CCGTTATGCATGCCAT,1
CCGTTATTTAACATAC,1
CCGTTCAAACCCTCAT,1
CCGTTCAAGGGAATAT,1
CCGTTCAAGGGAGTGT,1
CCGTTCAAGGTAATGT,1
CCGTTCAATGGAATGT,1
CCGTTCACCAGCTTCA,1
CCGTTCAGCATACAAA,1
CCGTTCAGCCTCCATC,1
CCGTTCAGGACGCAGG,1
CCGTTCAGGGGAATGT,1
CCGTTCAGTATCTTTA,1
CCGTTCATAACGCAGG,1
CCGTTCATCCTAATTT,1
CCGTTCATTAACGTGT,1
CCGTTCCGAAATACAA,1
CCGTTCTAGGGAATGT,1
CCGTTCTGTATAACAC,1
CCGTTGACGGAACGAA,1
CCGTTGATACATCCAA,1
CCGTTGCCGCATCACG,1
CCGTTGCTCACCCAAC,1
CCGTTGGAATCGCAAA,1
CCGTTGGAATCGCAGG,1
CCGTTGGAATCGCGAG,1
CCGTTGTCCTAAGAAG,1
CCGTTTAACTCAATCT,1
CCGTTTAATCTAAGTA,1
CCGTTTACTTTCTACG,1
CCGTTTAGACATGATA,1
CCGTTTAGCATACTGA,1
CCGTTTAGTTATGATA,1
CCGTTTATATCACACG,1
CCGTTTCAAAAATAAA,1
CCGTTTCAAGACGACT,1
CCGTTTCAAGCAAGAC,1
CCGTTTCACGAAGACT,1
CCGTTTCACGACCACT,1
CCGTTTCACGACGAAT,1
CCGTTTCACGACTACT,1
CCGTTTCACTACGACT,1
CCGTTTCATGAATAAA,1
CCGTTTGGTCATGATA,1
CCGTTTTCCAGATACA,1
CCGTTTTGCATAATGA,1
CCGTTTTGCATACCGA,1
CCGTTTTGCATACTGG,1
CCGTTTTGCATGCTGA,1
CCGTTTTGGATACTGA,1
CCGTTTTGTATACTGA,1
CCTAAAAAACAAAAGA,1
CCTAAAAACGAGTCAT,1
CCTAAAAACGGCCCTT,1
CCTAAAAAGACTCATA,1
CCTAAAAATGACCAAG,1
CCTAAAAATGCCATAA,1
CCTAAAACGGGTATAG,1
CCTAAAATATACTATT,1
CCTAAACAGGGTAAGG,1
CCTAAACATGGACAAC,1
CCTAAACGTGCACAAC,1
CCTAAACGTGGAAAAC,1
CCTAAACGTGGACAAA,1
CCTAAACGTGGACGAC,1
CCTAAACTAAGATGGG,1
CCTAAACTAATCTCTC,1
CCTAAACTCTACCGGG,1
CCTAAAGAAAATCTGT,1
CCTAAAGGAACAAACC,1
CCTAAAGGCACAAAAC,1
CCTAAATACGACTGCT,1
CCTAAATACGTGTTCC,1
CCTAAATCACATGCCT,1
CCTAAATCACCAGATT,1
CCTAAATCGGGCTGGG,1
CCTAAATCGGGCTGTA,1
CCTAAATCGGGCTTGA,1
CCTAAATCGGTCTGGA,1
CCTAAATGACTGTAAT,1
CCTAAATGCACAAACC,1
CCTAAATGCAGTGTGG,1
CCTAAATTCCCACGAA,1
CCTAAATTTTAACCAG,1
CCTAAATTTTCACCAA,1
CCTAACAAACTTACGT,1
CCTAACAACCGGCTTA,1
CCTAACAAGAAAAGGA,1
CCTAACAAGCAGAACA,1
CCTAACAAGCCTAACA,1
CCTAACAAGCTGAACA,1
CCTAACAAGTCATCTA,1
CCTAACAATAAGCACG,1
CCTAACAATCAACTTT,1
CCTAACACGAGGCTTG,1
CCTAACATTCAGCACT,1
CCTAACCAACACTCAC,1
CCTAACCAACATAAAA,1
CCTAACCCAATTGCGC,1
CCTAACCCGTCCGGCC,1
CCTAACCTGTAGATGT,1
CCTAACGACATTTCAA,1
CCTAACGCAATACGCC,1
CCTAACGGATAGTAGT,1
CCTAACGGATTCTGTA,1
CCTAACTAAATATGAC,1
CCTAACTACTGCGATC,1
CCTAACTATAGGTGTT,1
CCTAACTCACGGAAAT,1
CCTAACTCACGGGAAC,1
CCTAACTCACGTAAGC,1
CCTAACTCATGGAAAC,1
CCTAACTCGCGGAAAC,1
CCTAACTGAGAAATAC,1
CCTAACTGGAGTCGGA,1
CCTAAGAAAAAAAATT,1
CCTAAGAAATGTTTCA,1
CCTAAGAACCGAATTT,1
CCTAAGAACTGGAGCT,1
CCTAAGAAGCCGAACA,1
CCTAAGACAGAAGTAA,1
CCTAAGACCATGCTAG,1
CCTAAGACGGACTAAA,1
CCTAAGACTGACCAAA,1
CCTAAGACTTTCAGGA,1
CCTAAGAGCAGAAACA,1
CCTAAGAGCAGCGACA,1
CCTAAGAGGTATATTA,1
CCTAAGATAACTCCCA,1
CCTAAGATCAGCAACA,1
CCTAAGCAAGGACAGT,1
CCTAAGCAATTATCCA,1
CCTAAGCCAGAAGTAG,1
CCTAAGCCAGAAGTTA,1
CCTAAGCCATAAGTAA,1
CCTAAGCGTAATTATC,1
CCTAAGCGTGGACAAC,1
CCTAAGTAAGTGTTCC,1
CCTAAGTACAGGTCAA,1
CCTAAGTACGTGCTCC,1
CCTAAGTACTTGTTCC,1
CCTAAGTAGGTGTTCC,1
CCTAAGTCACGAATCA,1
CCTAAGTGAGATTTGA,1
CCTAAGTTATTACAGA,1
CCTAAGTTCTTAATTA,1
CCTAATACAACCTAAG,1
CCTAATACAAGACCCA,1
CCTAATACCACAGCCG,1
CCTAATACCCGCACAT,1
CCTAATAGACGTGCAA,1
CCTAATAGATAAACAC,1
CCTAATAGGCGTGGAA,1
CCTAATAGGTTGTGGT,1
CCTAATAGTGTGTAAC,1
CCTAATCAAGAACATG,1
CCTAATCAATTACCCA,1
CCTAATCAATTATCAA,1
CCTAATCACAGCCCTT,1
CCTAATCAGCCTACAT,1
CCTAATCATGTCTAGA,1
CCTAATCGGTTGTGGC,1
CCTAATCGGTTGTTGT,1
CCTAATCGGTTTTGGT,1
CCTAATCTGCCGCAAC,1
CCTAATCTGTTGTGGT,1
CCTAATCTTCTTATCA,1
CCTAATGATAAACAAC,1
CCTAATGCAAACACCA,1
CCTAATGCAATACTCC,1
CCTAATGGATTCTGGA,1
CCTAATTAATTAAACA,1
CCTAATTAATTCATAA,1
CCTAATTAGAGGTGTT,1
CCTAATTATTTAAAAA,1
CCTAATTATTTAGACA,1
CCTAATTCACTACGAG,1
CCTAATTCCAACACCA,1
CCTAATTGACACCAGT,1
CCTAATTGAGGATATG,1
CCTAATTGAGTTCCTA,1
CCTAATTGGTTGTGGT,1
CCTACAAAAAAGAAGT,1
CCTACAAAAACCACTT,1
CCTACAACAAGATATT,1
CCTACAACACCAACAT,1
CCTACAACCGAACCGA,1
CCTACAACTTAGAGGA,1
CCTACAAGCTGTACAA,1
CCTACAAGCTGTGCGA,1
CCTACAAGGAATCCTA,1
CCTACAAGTGGTCTAA,1
CCTACAAGTTCCGATT,1
CCTACAATCAATAGTC,1
CCTACAATCTGTACGA,1
CCTACACCCTACACGC,1
CCTACACGGCCAAAGT,1
CCTACACGTATTATTA,1
CCTACACTATTCCGAT,1
CCTACAGAAAGCACCT,1
CCTACAGAAATCATCT,1
CCTACAGATACACAGC,1
CCTACAGCTTTACTTC,1
CCTACAGTCGAGTATT,1
CCTACAGTGCTAATTA,1
CCTACAGTTCGTGATG,1
CCTACATAACTGGTTA,1
CCTACATAATTATGAA,1
CCTACATCCAGTTTTG,1
CCTACATCGCGCCAGG,1
CCTACATTGTAGATCC,1
CCTACATTTTGTGCAT,1
CCTACCAATTAACATA,1
CCTACCACATGCAAAC,1
CCTACCACATGCAGGC,1
CCTACCACCTAGCTGC,1
CCTACCATTGCCTCCT,1
CCTACCCAAAGCCCAA,1
CCTACCCAACGACCCG,1
CCTACCCACTGATCCC,1
CCTACCCCCCAGCTGC,1
CCTACCCCCTAGTTGC,1
CCTACCCGAAATGAAC,1
CCTACCCGGACCAAAT,1
CCTACCCGTTGTTACT,1
CCTACCGAATTCATGT,1
CCTACCGCCATCAATC,1
CCTACCTATATGCCAA,1
CCTACCTCCTAGCTGC,1
CCTACCTCGCATAGGT,1
CCTACCTCTAATACAT,1
CCTACCTTAAAATTCA,1
CCTACCTTGAAAGTCA,1
CCTACGAAAGCCCAAC,1
CCTACGACAGTATAAG,1
CCTACGACCAATATTT,1
CCTACGAGATCGACAC,1
CCTACGAGCAAAATAA,1
CCTACGATAACAGCTA,1
CCTACGATATGTAACG,1
CCTACGCCAACTTATG,1
CCTACGCCGACCGATG,1
CCTACGCCTAGAAGGC,1
CCTACGCGATAGACAC,1
CCTACGCGATCGACAT,1
CCTACGGAAGACTTTA,1
CCTACGGGAATCGTCT,1
CCTACGGGACTAATGT,1
CCTACGTAGACTTAAT,1
CCTACGTTAAGAATAC,1
CCTACTAACAAAAAAA,1
CCTACTAAGTAAAAAA,1
CCTACTAATTAAAAAA,1
CCTACTACAAGACTAT,1
CCTACTACCAAAGCCG,1
CCTACTACCACAACCG,1
CCTACTACCACAGTCG,1
CCTACTACCGCTATGA,1
CCTACTACGACAGCCG,1
CCTACTATGACATGAC,1
CCTACTATTAAAAGAC,1
CCTACTATTCCATGAC,1
CCTACTCAGATAACCG,1
CCTACTCTAAACAAGG,1
CCTACTGCAGGTTTAG,1
CCTACTTAATTCATGT,1
CCTACTTACGGTGAAG,1
CCTACTTCAAATAAGC,1
CCTACTTGTGAGTTGA,1
CCTAGAAAAGGAAATC,1
CCTAGAAACCAAGCTA,1
CCTAGAAACCGTACGC,1
CCTAGAACCATAGAAA,1
CCTAGAAGAAGATGAT,1
CCTAGAAGTACTTTCG,1
CCTAGAATTCCCACAG,1
CCTAGACCTATGGCCA,1
CCTAGACCTCTGCCCA,1
CCTAGACCTCTGGACA,1
CCTAGACCTCTGGCAA,1
CCTAGACCTCTGGCCT,1
CCTAGACCTTTGGCCA,1
CCTAGACTACTTAATG,1
CCTAGACTCTAATTTC,1
CCTAGAGAGTGAACAT,1
CCTAGAGATACTACGA,1
CCTAGAGCGGGATCTC,1
CCTAGAGCTCTGGCCA,1
CCTAGAGCTGCAAGAG,1
CCTAGAGTGGGATAAA,1
CCTAGAGTGGGGTACA,1
CCTAGAGTTGCAGGCT,1
CCTAGAGTTGGATACA,1
CCTAGATAAGACAAAT,1
CCTAGATACGGTCTGC,1
CCTAGATCTCACGCTT,1
CCTAGATTGGGATACA,1
CCTAGCAAAAACGATT,1
CCTAGCAATGAAAGCG,1
CCTAGCAATGTAACCG,1
CCTAGCAATTAAACAG,1
CCTAGCACAATTAAAA,1
CCTAGCAGCCCCACAA,1
CCTAGCATACCCACAG,1
CCTAGCATTCACACAG,1
CCTAGCATTCCCTCAG,1
CCTAGCCCCTTTTTTA,1
CCTAGCGAATCGTCGT,1
CCTAGCGATGACGACG,1
CCTAGCGGAGTTAATA,1
CCTAGCGGTTTCATCA,1
CCTAGCTCCCACTAAT,1
CCTAGCTCCTACTGAT,1
CCTAGCTGCCCGACGA,1
CCTAGCTGGTCTAACC,1
CCTAGGAAATAACGAT,1
CCTAGGAACAAAAAAG,1
CCTAGGACGTCTAAAA,1
CCTAGGACTTTCCGCA,1
CCTAGGATATATTCCT,1
CCTAGGCAAATCCGCA,1
CCTAGGCAATAAAAAA,1
CCTAGGCCGCTGGGAG,1
CCTAGGCCTCTGGCCA,1
CCTAGGGTATATGCCT,1
CCTAGGTACGTGTTCC,1
CCTAGGTCCCTATTAT,1
CCTAGGTTATATGCCT,1
CCTAGTAAATGGTACC,1
CCTAGTAATAACTAGG,1
CCTAGTAATACAAAGG,1
CCTAGTAATATCATTG,1
CCTAGTAATTAAACAA,1
CCTAGTCCTGATCAAG,1
CCTAGTCCTTTCCGCA,1
CCTAGTCTTCAGTACA,1
CCTAGTGATTGATTGC,1
CCTAGTGTCACGAATG,1
CCTAGTTCATATGCCA,1
CCTAGTTCGAAACACC,1
CCTAGTTCTGATCGAG,1
CCTAGTTTCTGTGTTT,1
CCTATAAAACTTAACA,1
CCTATAAAATTCGTGT,1
CCTATAAAGTCCTACA,1
CCTATAAATGATATCC,1
CCTATAAGAAAGTTAG,1
CCTATAAGATAAATCA,1
CCTATAAGGTAGATCA,1
CCTATAATAGTATAAT,1
CCTATAATATAGATCA,1
CCTATAATATTAACCT,1
CCTATAATATTCAGCT,1
CCTATACAATATCCCT,1
CCTATACACTGAATGC,1
CCTATACAGGAGACCG,1
CCTATACAGGGGACCA,1
CCTATACCGGTGGACT,1
CCTATACCTATTTTTA,1
CCTATACGAAAAAAAC,1
CCTATACGCAAACGCA,1
CCTATACGGGAGACCA,1
CCTATACGTAACGTAT,1
CCTATACTAAAATTTG,1
CCTATACTACAGATAG,1
CCTATACTGAACTAAA,1
CCTATACTTGCTCTCC,1
CCTATAGAGCTTAACA,1
CCTATATAAAAGTTAG,1
CCTATATAATATCCAT,1
CCTATATATCTAGCCG,1
CCTATATATTGAGCCG,1
CCTATATCATCGACTC,1
CCTATATCCATCCAAT,1
CCTATATCGACAACCA,1
CCTATATCTTGCTCAA,1
CCTATATGAAAAAAAT,1
CCTATATGAATCGAAC,1
CCTATATGCATCTAAC,1
CCTATATGGAAAACCA,1
CCTATATGGAAGTTAG,1
CCTATATGTCGAGCCG,1
CCTATATTAAAGTTAG,1
CCTATATTGACAACCA,1
CCTATCACCAAAGTCC,1
CCTATCACCAAGAGTG,1
CCTATCACTAACTATG,1
CCTATCACTAATGCCG,1
CCTATCACTCAAGCAA,1
CCTATCAGCAAACGCA,1
CCTATCAGCAGTGGGG,1
CCTATCAGTCCAATCA,1
CCTATCATACACCCCA,1
CCTATCATACGGCTTG,1
CCTATCCAACGGACTC,1
CCTATCCAGTTGATCG,1
CCTATCCCTGTGACTA,1
CCTATCCGAAAACGCA,1
CCTATCCGAAGGCAGA,1
CCTATCCGCGAACGCA,1
CCTATCCGGAAACGCA,1
CCTATCCGGATGCAGA,1
CCTATCCTAGTACGCT,1
CCTATCGAGTATCTAT,1
CCTATCGCTAATCCCG,1
CCTATCGCTAATTCCG,1
CCTATCTAATTATGAA,1
CCTATCTAGCGGATCC,1
CCTATCTCAATCCAAT,1
CCTATCTCGCCCCCAA,1
CCTATCTCTCCCCTAA,1
CCTATCTCTTACCTAA,1
CCTATCTCTTCCATAA,1
CCTATCTGAAATGAAC,1
CCTATCTGCTTTAAAG,1
CCTATCTGTGATCTTC,1
CCTATCTTTACAACCA,1
CCTATGAAATTCGGGT,1
CCTATGAACATATTAC,1
CCTATGAACGTACTAG,1
CCTATGACGAAAGACT,1
CCTATGAGACCTTGTA,1
CCTATGATACAATAAC,1
CCTATGATGACACACT,1
CCTATGATGTAACACT,1
CCTATGATTAAATGGA,1
CCTATGCCAAAAAAAC,1
CCTATGGCAACATGCA,1
CCTATGGTACAATAAT,1
CCTATGGTACGATAAC,1
CCTATGGTGCAATAAC,1
CCTATGTCACTCACCT,1
CCTATGTCCCTCTTAT,1
CCTATGTGTAAACAAT,1
CCTATGTTACAATAAC,1
CCTATTAAACTGGTAT,1
CCTATTCAATATATCA,1
CCTATTCTAAGCCATC,1
CCTATTGAATGAATTC,1
CCTATTGCAAATTTCG,1
CCTATTGCTGTCCAAC,1
CCTATTGTACAATAAC,1
CCTATTTCCTAATCCT,1
CCTATTTGAGATGAAT,1
CCTCAAAAAATTACAA,1
CCTCAAAACTGGACAC,1
CCTCAAAATCCGAAAA,1
CCTCAAATTGCTACAC,1
CCTCAACAACGTAGAA,1
CCTCAACAATAAATAA,1
CCTCAACACCCTACCG,1
CCTCAACCCATGAACG,1
CCTCAACCTGCGCATG,1
CCTCAACGAACGAATC,1
CCTCAACGTTGCACTC,1
CCTCAACTAACTAATC,1
CCTCAACTAAGGAATC,1
CCTCAACTATACACAG,1
CCTCAAGCAACAAATA,1
CCTCAAGGAAGAAAAC,1
CCTCAATATAATATTA,1
CCTCAATCAACTTAGA,1
CCTCAATCCAGTCGTG,1
CCTCAATCGAATATTA,1
CCTCAATTGCAATAAC,1
CCTCACAACAGGCTTA,1
CCTCACAACCCTCCGT,1
CCTCACAACTGGCTTA,1
CCTCACAATTGCTTGA,1
CCTCACACATAGGTCC,1
CCTCACACTATGAAAA,1
CCTCACCAATTAACTG,1
CCTCACCACTAGAAAA,1
CCTCACCGTAAAAACT,1
CCTCACCGTTGAACTC,1
CCTCACCGTTGCACAC,1
CCTCACCGTTTCACTC,1
CCTCACCTAACTCCAC,1
CCTCACCTGAGGTTAT,1
CCTCACGATCAAACAC,1
CCTCACGGATTTGATC,1
CCTCACGGGTTAATAA,1
CCTCACGTGATAACCC,1
CCTCACGTGATTATAT,1
CCTCACTAATAAACAA,1
CCTCACTAGAGTACCA,1
CCTCACTATAATTAGT,1
CCTCACTCCCCAGTGA,1
CCTCACTGAGGGTAAA,1
CCTCACTGCCGAGTGA,1
CCTCACTGGCCAGTGA,1
CCTCACTTCCCAGTGA,1
CCTCAGAACATAGCCT,1
CCTCAGAACATCGTCT,1
CCTCAGAACCGGCTTA,1
CCTCAGACTTATGTGT,1
CCTCAGCGTGTTGCAG,1
CCTCAGGAAGAGTACA,1
CCTCAGGTGTTGCCAT,1
CCTCAGTCCCACTTCA,1
CCTCAGTGCACATGCT,1
CCTCATAACATCGCCT,1
CCTCATACGTACATCC,1
CCTCATACTTATGGGT,1
CCTCATAGAACGTTTG,1
CCTCATAGATCGCCCA,1
CCTCATAGCTCATTAA,1
CCTCATATAGAAGTAA,1
CCTCATATGTTTAGAA,1
CCTCATCATCGCCTAT,1
CCTCATCATGGACTAT,1
CCTCATCATGTCCTAT,1
CCTCATCCAGTTCATA,1
CCTCATCCCAAGCTTA,1
CCTCATCCCAAGTTCA,1
CCTCATCCCTAAAAAG,1
CCTCATGAACGTTAAC,1
CCTCATGAAGGGACCA,1
CCTCATGAGAACTAAG,1
CCTCATGATCAATGTA,1
CCTCATGGGACTTGAA,1
CCTCATGTAGCAAGAA,1
CCTCATTAAAACACCC,1
CCTCATTGAGTATAAC,1
CCTCCAAAATAAGCCA,1
CCTCCAAAATAATACT,1
CCTCCAAATTACTAAA,1
CCTCCAACCCTGTTTT,1
CCTCCAATTCAAATAC,1
CCTCCACAATAATAAT,1
CCTCCACAATAATGCT,1
CCTCCACAATAATTCT,1
CCTCCACACGTAATTA,1
CCTCCACGCACACTGA,1
CCTCCACTACTTAATG,1
CCTCCACTAGAAACTG,1
CCTCCACTAGACAATG,1
CCTCCACTGGACACTG,1
CCTCCAGGCTATATCC,1
CCTCCATAACATCTAA,1
CCTCCATACTTAATTA,1
CCTCCATGGGGCAAGA,1
CCTCCATTGCCGAAAG,1
CCTCCCAAACAGCTGA,1
CCTCCCAACAATATTT,1
CCTCCCACACGCTAAG,1
CCTCCCAGCAATGTTT,1
CCTCCCAGCATTATTT,1
CCTCCCAGCGATATTT,1
CCTCCCAGGAAAAGGG,1
CCTCCCAGGAATATTT,1
CCTCCCAGGGAAAAGG,1
CCTCCCAGGGCCAACC,1
CCTCCCAGGTCGAACC,1
CCTCCCAGTAATATTT,1
CCTCCCATACGGCTTG,1
CCTCCCATTACAAATA,1
CCTCCCCAAGGCTCTA,1
CCTCCCCATTATTCCT,1
CCTCCCCATTATTCTG,1
CCTCCCCGTAGCTAAC,1
CCTCCCCTTCAAGCAG,1
CCTCCCGATCTGACAA,1
CCTCCCTGATCCAAAC,1
CCTCCCTGGGCGAACC,1
CCTCCCTTTAGCCCAG,1
CCTCCGAAAACTTACT,1
CCTCCGAAAACTTTAC,1
CCTCCGAAAGATTACT,1
CCTCCGAAGCCTATGC,1
CCTCCGAAGCCTATGT,1
CCTCCGAGATAGTTTT,1
CCTCCGAGCAATATTT,1
CCTCCGAGGTAACGAT,1
CCTCCGATATCGTCCA,1
CCTCCGATGTGTAACG,1
CCTCCGGTATTACTAG,1
CCTCCGTACCTCGCAA,1
CCTCCGTAGAAGTCCC,1
CCTCCGTGAACACAAA,1
CCTCCGTGCTACTGTT,1
CCTCCGTTCTCACCCG,1
CCTCCTAAATACACGA,1
CCTCCTAATTATATCC,1
CCTCCTAATTATATTA,1
CCTCCTACAACTTTAC,1
CCTCCTACCCTTATAG,1
CCTCCTAGACTACCTA,1
CCTCCTATATGTAACG,1
CCTCCTATCGTTAAAC,1
CCTCCTGCATCCGATG,1
CCTCCTGCATTAAGCT,1
CCTCCTGTAGTAATAT,1
CCTCCTTAAGGTCTGT,1
CCTCCTTACAACAAGG,1
CCTCCTTACACAAAGG,1
CCTCGACACGAATAAC,1
CCTCGACCCGGCTAAG,1
CCTCGACTACTTAACG,1
CCTCGACTTCTTAATG,1
CCTCGAGCGAGACTCA,1
CCTCGATCTAATATTA,1
CCTCGATTACTTAATG,1
CCTCGCAACACTTACC,1
CCTCGCAATCTAACCG,1
CCTCGCAATGTAACAG,1
CCTCGCAATTTAACCG,1
CCTCGCCACAAATCAA,1
CCTCGCCCATAGAAAG,1
CCTCGCGACAACCTGA,1
CCTCGCGTCCCATGAC,1
CCTCGCTTATACCATC,1
CCTCGGAAAATCCGCA,1
CCTCGGAACGGCTGCT,1
CCTCGGAATCCCTTCA,1
CCTCGGATAAAGAAAA,1
CCTCGGATGACTAGTC,1
CCTCGGCAAACCCACC,1
CCTCGGCAAATCCGCG,1
CCTCGGCAAATCCTCA,1
CCTCGGCAAATCGGCA,1
CCTCGGCACGCACAGC,1
CCTCGGCAGATCCGCA,1
CCTCGTAATTACTTAG,1
CCTCGTCAAATCCGCA,1
CCTCGTCACAAATGAA,1
CCTCGTCAGTTTATGC,1
CCTCGTGTACTGATTG,1
CCTCGTTAACCGACAA,1
CCTCGTTACAAAAAGG,1
CCTCGTTGTTGTCCCA,1
CCTCTAAAAAGTCAGC,1
CCTCTAAAGCCTATGT,1
CCTCTAAATACTTAAG,1
CCTCTAAATATTGGTA,1
CCTCTAACAGCACAAG,1
CCTCTAAGGTTAGACG,1
CCTCTAATACGGCTTG,1
CCTCTACAGAAGTCAA,1
CCTCTACCTATTTTGA,1
CCTCTACGCCACACCG,1
CCTCTACGCGAATCCT,1
CCTCTACGCGACGAAC,1
CCTCTACTACTTAATG,1
CCTCTAGATCTTCATC,1
CCTCTATAACATCTAG,1
CCTCTATCATGAGTCT,1
CCTCTATCGATCTACT,1
CCTCTATCGTGAGTTT,1
CCTCTATCTCATTGTA,1
CCTCTCAATGTAACCG,1
CCTCTCAGATTTGCCC,1
CCTCTCAGGTTTGCGC,1
CCTCTCATACGGGTTG,1
CCTCTCCAAATCATTG,1
CCTCTCCAAGGAAAAC,1
CCTCTCCACCTAATCC,1
CCTCTCCATTGGTCCC,1
CCTCTCCCACAATACT,1
CCTCTCCGCCCGATGC,1
CCTCTCGATAACCTGA,1
CCTCTCGATATAAATA,1
CCTCTCGTAACTAGTA,1
CCTCTCTAAGAGATAT,1
CCTCTGAACCTACCGA,1
CCTCTGAAGACTATGT,1
CCTCTGAAGAGTCAGC,1
CCTCTGAAGCATATGT,1
CCTCTGAATAGGAATG,1
CCTCTGACAATTGTAG,1
CCTCTGACGTAGACTT,1
CCTCTGAGCAATCGTC,1
CCTCTGAGTCAACACA,1
CCTCTGATAGAAGTTC,1
CCTCTGATAGATAAAA,1
CCTCTGATGCATTGTT,1
CCTCTGATTCAACCCA,1
CCTCTGCCACATTTAC,1
CCTCTGCGAACACAAA,1
CCTCTGTAATCAACCC,1
CCTCTGTATCACCGGT,1
CCTCTGTATCGCCGTT,1
CCTCTTAGTCAACCCA,1
CCTCTTATAGATAACA,1
CCTCTTCAACTAATCC,1
CCTCTTCAATGGTCCC,1
CCTCTTCACCTAATCA,1
CCTCTTCACCTAATTC,1
CCTCTTCACCTAGTCC,1
CCTCTTCACTGGTCCC,1
CCTCTTCAGCTAATCC,1
CCTCTTCATAGGTCCC,1
CCTCTTCATTGGACCC,1
CCTCTTCATTGGTACC,1
CCTCTTCATTGGTCCA,1
CCTCTTCATTGGTCTC,1
CCTCTTCCACACTGAA,1
CCTCTTCGTAGAAATA,1
CCTCTTTAGGCCGTAC,1
CCTCTTTATGCTCGGC,1
CCTCTTTCGCAAACAT,1
CCTCTTTCGCCCGTAC,1
CCTCTTTCGGCCGGCC,1
CCTCTTTCGGCCTTAC,1
CCTCTTTCGGGCGTAC,1
CCTCTTTCGGTCGTAC,1
CCTCTTTGGCGAAACG,1
CCTCTTTGTAACGGGT,1
CCTGAAAAAAAAAGAT,1
CCTGAAAAAACGCGGC,1
CCTGAAAAACGACTAA,1
CCTGAAAAACGAGTCA,1
CCTGAAAAAGGACTCA,1
CCTGAAAAATAGAAAC,1
CCTGAAAAATAGTGTC,1
CCTGAAAAGGACCAAG,1
CCTGAAAATCACTCAG,1
CCTGAAAATGAACAAG,1
CCTGAAAATGATCACT,1
CCTGAAACGAGAAGGC,1
CCTGAAAGAACCTATT,1
CCTGAAAGGAACACAA,1
CCTGAACAAGCATTGC,1
CCTGAACACCACATAG,1
CCTGAACACTACAGAT,1
CCTGAACACTACTTTT,1
CCTGAACACTGTAGAT,1
CCTGAACAGAACTTAC,1
CCTGAAGATTCGGTAT,1
CCTGAAGCTAGTGTTT,1
CCTGAATAGTGAATAT,1
CCTGAATAGTGAGTAC,1
CCTGAATATACTAACT,1
CCTGAATATTACCATA,1
CCTGAATATTGAGTAT,1
CCTGAATCAGGGTTTT,1
CCTGAATCAGGTCTTT,1
CCTGAATCATTCAAAA,1
CCTGACAAATACCTAA,1
CCTGACAATGTCAAAA,1
CCTGACAATGTCAACC,1
CCTGACAATGTTAAAC,1
CCTGACACGCGATTCT,1
CCTGACACGTAAGCAA,1
CCTGACATGTTCATAG,1
CCTGACCGTGAATCGC,1
CCTGACCTAGTGATTC,1
CCTGACCTTGTTATTC,1
CCTGACTCCACACCAA,1
CCTGACTCCCCAGCAA,1
CCTGACTGAGAAATAC,1
CCTGACTGTATACCCC,1
CCTGACTTACTTACTT,1
CCTGAGAATAACACGG,1
CCTGAGACCGAAGCTG,1
CCTGAGAGTTTCCTGG,1
CCTGAGATAAAATACA,1
CCTGAGATAAGATACC,1
CCTGAGATCTAAATAG,1
CCTGAGATGTGTTCAG,1
CCTGAGATTCTGAGCT,1
CCTGAGCACAACATTA,1
CCTGAGCCCTTTCGAA,1
CCTGAGCGTAAAGAAG,1
CCTGAGCGTATCAACA,1
CCTGAGCTTATCAACC,1
CCTGAGGATATTTGCA,1
CCTGAGGTAAAATACC,1
CCTGAGTAATGGAGCA,1
CCTGAGTGAGAAATTA,1
CCTGATAAAAATAAAC,1
CCTGATACACCTTTTC,1
CCTGATAGACTACCAT,1
CCTGATAGTCTACACC,1
CCTGATATAAAATACC,1
CCTGATATAAATCGGT,1
CCTGATCAAAATAAAA,1
CCTGATCAACGAGAAT,1
CCTGATCAGAATAAAC,1
CCTGATCTCTAAATGA,1
CCTGATCTTAGACCCA,1
CCTGATGACCGGGTTT,1
CCTGATGAGACAAGAA,1
CCTGATGATAGATTAT,1
CCTGATGCCAGGGTTT,1
CCTGATGCCCGGGCTT,1
CCTGATGCCCGTGTTT,1
CCTGATGCCCTGGTTT,1
CCTGATGCCGGGGTTT,1
CCTGATTAAAATAAAC,1
CCTGATTAACCCTTCT,1
CCTGATTCAAGTCACC,1
CCTGATTCCCGGGTTT,1
CCTGATTGATGCACAC,1
CCTGATTTATACACAC,1
CCTGCAAAAACCAACC,1
CCTGCAAATGACTAAA,1
CCTGCAATGAACACAA,1
CCTGCAATTATCGATC,1
CCTGCAATTCGGACCA,1
CCTGCACAAAAGCTGA,1
CCTGCACAACGACCCG,1
CCTGCACAAGAGGTGA,1
CCTGCACACCATCTTC,1
CCTGCACGCAAGCAAC,1
CCTGCACGTTTAATAA,1
CCTGCACTTAAAAACA,1
CCTGCAGATCCTATCT,1
CCTGCAGCGAAACAAC,1
CCTGCATAAAATTTCT,1
CCTGCATATATGCCAA,1
CCTGCATCAAATGTCA,1
CCTGCATCAACGTGAA,1
CCTGCATCACCACAAC,1
CCTGCATTAAATGTGA,1
CCTGCATTTCGCATTA,1
CCTGCCAAACGACCCG,1
CCTGCCAACAACTTGA,1
CCTGCCAACATCACGC,1
CCTGCCAGCAAAGATA,1
CCTGCCAGGAAAAAGG,1
CCTGCCAGGAGGTAAT,1
CCTGCCCAACGACCCA,1
CCTGCCCAACGACCTG,1
CCTGCCCAACGACTCG,1
CCTGCCCAAGCCTTAG,1
CCTGCCCAATGACCCG,1
CCTGCCCAGCCTAACA,1
CCTGCCCATATGCCAA,1
CCTGCCCCCAAAGATA,1
CCTGCCCGCGTACATA,1
CCTGCCCTCAAAGATA,1
CCTGCCGACGGAAACA,1
CCTGCCGTAATTACAC,1
CCTGCCTAAATGCCAA,1
CCTGCCTATACGCCAA,1
CCTGCCTATATACCAA,1
CCTGCGAACTTGACAG,1
CCTGCGAATAACAAGG,1
CCTGCGAATAACACGT,1
CCTGCGAATAACAGGG,1
CCTGCGAATAATACGG,1
CCTGCGACGGACATAA,1
CCTGCGCATCACCCAA,1
CCTGCGCATCGCACTT,1
CCTGCGCTGGCGGAAG,1
CCTGCGGACCCGCCAA,1
CCTGCGGCCCCTCCAA,1
CCTGCGTACGATAGCA,1
CCTGCTAAGGTTCCAC,1
CCTGCTAGACTACAAT,1
CCTGCTCAGGTTCAAC,1
CCTGCTCAGGTTCCAA,1
CCTGCTCAGGTTCTAC,1
CCTGCTCCAGCGACGG,1
CCTGCTGGCAATGAAT,1
CCTGCTTAAGTAAAGA,1
CCTGCTTAGGTAAGGA,1
CCTGCTTAGGTTCCAC,1
CCTGCTTCAAATGTGA,1
CCTGGAAAAATCTAGA,1
CCTGGAAACCCCCAGC,1
CCTGGAACCATAGCAA,1
CCTGGACAATCGCCTC,1
CCTGGAGAGGGGTACG,1
CCTGGAGATCGCCAGG,1
CCTGGAGCAATGCTAG,1
CCTGGAGTAAGACGAA,1
CCTGGATACCTCCATG,1
CCTGGATACCTCCATT,1
CCTGGATTATACAATC,1
CCTGGATTTATAATAA,1
CCTGGCAATGAGAGTT,1
CCTGGCACAGTCTTAC,1
CCTGGCACCGAGAGTT,1
CCTGGCACCGATGAAC,1
CCTGGCACTTAGAGTT,1
CCTGGCAGTCGACATG,1
CCTGGCATCAGATAAC,1
CCTGGCCACAGTATAA,1
CCTGGCCACAGTCCTG,1
CCTGGCCCAGTATTAC,1
CCTGGCCCAGTCCTAC,1
CCTGGCGAAACCCCAC,1
CCTGGCGATCGCCACG,1
CCTGGCGATCGTCAGG,1
CCTGGCGATTGCCAGG,1
CCTGGCGTAATTACAT,1
CCTGGCGTAATTGCAC,1
CCTGGCGTGATTACAC,1
CCTGGCGTTTACACTA,1
CCTGGCTGTAGATATA,1
CCTGGCTTCCAACTTT,1
CCTGGCTTCGACCTTT,1
CCTGGGCATAAACATC,1
CCTGGGGCCCCGCCAA,1
CCTGGGGTAATTACAC,1
CCTGGGGTACAGTAAC,1
CCTGGGTCAAAAAAGG,1
CCTGGGTTACAATAAC,1
CCTGGTAAATAACACC,1
CCTGGTAAGGTCCGTA,1
CCTGGTAATGTCCTTA,1
CCTGGTAGATAAAACC,1
CCTGGTAGATGACACC,1
CCTGGTAGTCTACATC,1
CCTGGTCAAAATAAAC,1
CCTGGTCAACTATCAC,1
CCTGGTGAACCCTTGG,1
CCTGGTGAATATGTAG,1
CCTGGTTAAAACATGA,1
CCTGGTTTAAATAACC,1
CCTGGTTTTGAGGACA,1
CCTGGTTTTGTGAACA,1
CCTGGTTTTGTGGAAA,1
CCTGGTTTTGTGGACG,1
CCTGGTTTTGTGGAGA,1
CCTGGTTTTTTGGACA,1
CCTGTAAAACGAATTT,1
CCTGTAAAGCCCTACA,1
CCTGTAAAGTCTTACA,1
CCTGTAAATACTTAAT,1
CCTGTAACATTTAAAA,1
CCTGTAACGAATGGCT,1
CCTGTAAGACATCGCA,1
CCTGTAAGCCATCCCA,1
CCTGTAAGCCCAAATC,1
CCTGTAAGCTATCGCA,1
CCTGTAAGGAATCTAA,1
CCTGTAAGGCATCGCA,1
CCTGTAAGGTCCTACA,1
CCTGTAATAATGCCTT,1
CCTGTAATTCAGCGGT,1
CCTGTAATTTAGCGGG,1
CCTGTACACAGATGGA,1
CCTGTACAGAATGGCT,1
CCTGTACGTATTAGAA,1
CCTGTACGTCAAATAT,1
CCTGTACGTGAATCGC,1
CCTGTACTAAACTTTG,1
CCTGTAGAACCGCGCC,1
CCTGTAGAACTTAACA,1
CCTGTAGACCAGTTGT,1
CCTGTAGAGAGGTTGC,1
CCTGTAGAGCGGTTTC,1
CCTGTAGAGCGTTTGC,1
CCTGTAGAGTGATTAA,1
CCTGTAGATTGACAAC,1
CCTGTATAGCGGTTGC,1
CCTGTATATACAGTGG,1
CCTGTATGAAAAACAT,1
CCTGTCACTCACAGCA,1
CCTGTCAGGAACAACA,1
CCTGTCATAGCTTCAT,1
CCTGTCATTAACAACA,1
CCTGTCCAACGACCCG,1
CCTGTCCAACGTACTC,1
CCTGTCCGCAAACGCA,1
CCTGTCCGTCAAATAC,1
CCTGTCCGTGAATCGA,1
CCTGTCCGTTAATCGC,1
CCTGTCCTCCTGATAC,1
CCTGTCCTTGAATCGC,1
CCTGTCGAGCCAACGG,1
CCTGTCGGTGAATCGC,1
CCTGTCTCACACACGA,1
CCTGTCTGGGATCTTC,1
CCTGTCTGTGATCTTA,1
CCTGTGAAGACCGTCC,1
CCTGTGAAGTCCTACA,1
CCTGTGGCAAAAGTTA,1
CCTGTGGCAAAGGGTA,1
CCTGTGGTAAAAATGT,1
CCTGTGTACGATAGTA,1
CCTGTGTATCACCCAA,1
CCTGTGTATGATAGCA,1
CCTGTGTGACTCAAAC,1
CCTGTGTTAAGTCTGA,1
CCTGTGTTCTGATTCG,1
CCTGTTAACAATTCTG,1
CCTGTTAAGACAGTCC,1
CCTGTTAAGTTATCAC,1
CCTGTTCCATGTATCA,1
CCTGTTCTCAGCAAAG,1
CCTGTTGACCAAACCA,1
CCTGTTGCAAAAGGTA,1
CCTGTTGTATAACCTT,1
CCTGTTGTTGAACGAC,1
CCTGTTTAACGCACTA,1
CCTTAAACCGCAACCA,1
CCTTAAACGTCAGACT,1
CCTTAAACTTACAGTG,1
CCTTAAAGGAATCCTA,1
CCTTAAATCTAATTAC,1
CCTTAAATGATCGACC,1
CCTTAACACTAACCAC,1
CCTTAACACTGCAGAT,1
CCTTAACAGCTGAAGA,1
CCTTAACATCTGGAGA,1
CCTTAACATGCGACTG,1
CCTTAACCAGCACATA,1
CCTTAACCCACTGGTT,1
CCTTAACCCGCTGTTT,1
CCTTAACGTACGCTGA,1
CCTTAACTAACACAAA,1
CCTTAAGATTATATGA,1
CCTTAAGCAGTCGCAG,1
CCTTAAGTAGCCATCA,1
CCTTAAGTAGCTATGA,1
CCTTAAGTATCCATGA,1
CCTTAATAACAACAGA,1
CCTTAATAGACTGCCC,1
CCTTAATAGTGAGTAT,1
CCTTAATATTTACTCC,1
CCTTAATCAATGGAAA,1
CCTTAATCAATGGAGC,1
CCTTAATCAATTGAAC,1
CCTTAATCGAAAGTTT,1
CCTTAATGAATGATGA,1
CCTTAATGATACTAAT,1
CCTTAATGTATATTAT,1
CCTTAATTAAAGTAAA,1
CCTTAATTACAACTCT,1
CCTTACAACTTAGTAT,1
CCTTACAAGTACTACT,1
CCTTACAATACGCGCT,1
CCTTACAATTTCGATA,1
CCTTACACGTAAGAAA,1
CCTTACATTCACCAGT,1
CCTTACCTGCCACAAA,1
CCTTACCTGCGGATTA,1
CCTTACGATAAAACAC,1
CCTTACGGGTGTCATC,1
CCTTACGGGTGTCGTA,1
CCTTACGGTTGTCGTC,1
CCTTACTAATATATCT,1
CCTTACTATCAAACAC,1
CCTTACTCACGGAAAC,1
CCTTACTCGAAATTTT,1
CCTTACTGACTTATCA,1
CCTTACTTATAAATCG,1
CCTTAGAAATAAGAAA,1
CCTTAGAAGCAACAAA,1
CCTTAGACCCACTTCA,1
CCTTAGACTTATGGGT,1
CCTTAGAGAGTACCAC,1
CCTTAGAGCTCAAATT,1
CCTTAGATAAAATACC,1
CCTTAGCAAAATCTGG,1
CCTTAGCAAGTATTAA,1
CCTTAGCATTACACTT,1
CCTTAGCCCCACTTCA,1
CCTTAGCCTTAATCCT,1
CCTTAGCTAACACCAA,1
CCTTAGCTTAACCCTT,1
CCTTAGGATGGCTTCG,1
CCTTAGGCAGAGATGA,1
CCTTAGGTATTCAATA,1
CCTTAGTAAGGTAAAC,1
CCTTAGTACCACTTCA,1
CCTTAGTCACACTTCA,1
CCTTAGTGGAATCTAA,1
CCTTAGTGGGCTCTAA,1
CCTTAGTTATTCACAC,1
CCTTAGTTATTCCCAA,1
CCTTAGTTCTTAATTT,1
CCTTAGTTGTTAATTA,1
CCTTATAAAGAAAAGA,1
CCTTATAAAGCAAGGA,1
CCTTATAAATATGAAC,1
CCTTATAAATATGCAA,1
CCTTATAAATTTGATA,1
CCTTATAACCAGTAAG,1
CCTTATACCACATAAA,1
CCTTATCACACGAACG,1
CCTTATCACCCTTGAG,1
CCTTATCCAGTTCACA,1
CCTTATGACTTCTCCG,1
CCTTATGATAAGATAA,1
CCTTATGCGCAGAATA,1
CCTTATGTTACTGTGG,1
CCTTATTATACGGCGC,1
CCTTATTATAGAACGG,1
CCTTATTCAATGGAAA,1
CCTTCAAAGAGTGAGA,1
CCTTCAAAGTTCAACC,1
CCTTCAAATCCGATCA,1
CCTTCAACAAAAAGCC,1
CCTTCAACAAACGAAG,1
CCTTCAACAAACGTAA,1
CCTTCAACAGACGTAG,1
CCTTCAACCCTTATAG,1
CCTTCAAGAGGCGTCA,1
CCTTCAAGTATGATAA,1
CCTTCAATGACGCACC,1
CCTTCACAAAAGGTGA,1
CCTTCACAATAATACT,1
CCTTCACCCTCATGTT,1
CCTTCAGCGAAAGAAG,1
CCTTCATAACTCTCAT,1
CCTTCATAACTGGTTA,1
CCTTCATACACATTAA,1
CCTTCATACATCTGCT,1
CCTTCATTCGCGTTAC,1
CCTTCCAAATGATAGC,1
CCTTCCACACGTACAA,1
CCTTCCACCGAGAACA,1
CCTTCCATGATTCACT,1
CCTTCCATGTAAGAAA,1
CCTTCCCACGAGAACA,1
CCTTCCCATTAACTAA,1
CCTTCCCCAACAATGA,1
CCTTCCCCCAAGAACA,1
CCTTCCCCCTAGAACA,1
CCTTCCCGTTTAATAA,1
CCTTCCCTTTAATAGT,1
CCTTCCTAATTATGAA,1
CCTTCCTACAAATCTC,1
CCTTCCTCTAGAACCC,1
CCTTCCTGTAGATTGA,1
CCTTCGAGGAATCCTA,1
CCTTCGATAGAAACGA,1
CCTTCGTAGCTTCGCA,1
CCTTCTAACCTTATAG,1
CCTTCTAACTGTATAA,1
CCTTCTAAGCAACCCA,1
CCTTCTACCCTTACAG,1
CCTTCTACCCTTATAT,1
CCTTCTACCCTTATGG,1
CCTTCTACGATTTAAC,1
CCTTCTACGCTTTAAC,1
CCTTCTATCCTTATAG,1
CCTTCTATGAGCGGGG,1
CCTTCTCAGATAACCG,1
CCTTCTCAGGTTCCAC,1
CCTTCTCCATTGTACA,1
CCTTCTGCTAACGCTA,1
CCTTCTGGATAAACCA,1
CCTTCTGGCCACGTAT,1
CCTTCTGGGCACGTAC,1
CCTTCTGGGCACGTGT,1
CCTTCTTCGAGCCAAA,1
CCTTCTTTGAGCAAAA,1
CCTTCTTTGGGCCAAA,1
CCTTGAAAGTATCGAC,1
CCTTGACCCGCTGGTT,1
CCTTGACCGCATCGTT,1
CCTTGAGACGTAATCA,1
CCTTGAGCAACCACTA,1
CCTTGAGCCAAGTTAC,1
CCTTGAGGCAAAACAT,1
CCTTGAGTTGATATGT,1
CCTTGATAAACAGACC,1
CCTTGATAGAACAAGA,1
CCTTGATGAAAAATCA,1
CCTTGCACCAGCTTCA,1
CCTTGCACTGAGAGTT,1
CCTTGCAGTCACACAT,1
CCTTGCCAGTTCTTGA,1
CCTTGCCCAACGTTTT,1
CCTTGCGAGATCCCGG,1
CCTTGCGATCGCCAGG,1
CCTTGCTTGTTAAGGT,1
CCTTGGAACAAAAGAG,1
CCTTGGAGATACAGGG,1
CCTTGGAGATACCAAG,1
CCTTGGATAGAAACGG,1
CCTTGGATAGAGACGA,1
CCTTGGATAGATACGG,1
CCTTGGATATAAACGA,1
CCTTGGCCAAAACGTC,1
CCTTGGGAGATCACGG,1
CCTTGGGAGATCCAGG,1
CCTTGGGGGTGAAATA,1
CCTTGGGTAGAAACGA,1
CCTTGGTCTCTTACTG,1
CCTTGTAAGTATGCGT,1
CCTTGTAATGTCCGTA,1
CCTTGTACAGACGCCA,1
CCTTGTATAGAAACGA,1
CCTTGTCAGTATGAGT,1
CCTTGTCAGTATGCTT,1
CCTTGTCAGTTTATGA,1
CCTTGTCCGAAGTGTC,1
CCTTGTGATAATTACC,1
CCTTGTTTATATCTAG,1
CCTTTAAAACAGTCGA,1
CCTTTAAAGTCCTACA,1
CCTTTAACATTCTTCG,1
CCTTTAACTGCGCAGT,1
CCTTTAAGCCATCGCA,1
CCTTTAAGGATCCCGT,1
CCTTTAAGTAAAATAT,1
CCTTTAATCCGACTAG,1
CCTTTACAACAAGTAA,1
CCTTTAGAACCCCACT,1
CCTTTAGACCCGAATA,1
CCTTTAGATTATGATT,1
CCTTTAGCGGGATGAG,1
CCTTTAGCTCAGTCAA,1
CCTTTAGGCGGACATA,1
CCTTTATGAATTCTTT,1
CCTTTATGCCAAAAGA,1
CCTTTCAAAAACGATT,1
CCTTTCAACGCGCTTT,1
CCTTTCACTCAGTCAA,1
CCTTTCAGAATAAGTT,1
CCTTTCAGTACGTTAA,1
CCTTTCAGTAGTCGCG,1
CCTTTCATCAGACTAG,1
CCTTTCATTATTTAGA,1
CCTTTCGCATTGATTA,1
CCTTTCGCGACTCATA,1
CCTTTCGCTCAGTCTA,1
CCTTTCGCTCATTCAA,1
CCTTTCGTCAATAAAG,1
CCTTTCGTTTGCGCCG,1
CCTTTCTAACAATACA,1
CCTTTCTCCACTACTA,1
CCTTTCTCTCAGTCAA,1
CCTTTCTGTGATCTTC,1
CCTTTGACGAATCTGG,1
CCTTTGACTGTGATGG,1
CCTTTGACTTCATCAC,1
CCTTTGAGAGAACATA,1
CCTTTGATAGAAACGA,1
CCTTTGCAGAAGACAC,1
CCTTTGGAATCGCAAG,1
CCTTTGGACATTCACC,1
CCTTTGGCAAAAGGTA,1
CCTTTGTGCAGCATTT,1
CCTTTGTGCAGCGTAT,1
CCTTTGTTCAGCATAT,1
CCTTTTAAACATATTG,1
CCTTTTAAGAGCGCAA,1
CCTTTTACGTTCTACG,1
CCTTTTACTCTCTACG,1
CCTTTTAGACCTAATA,1
CCTTTTAGTCATGATA,1
CCTTTTCCTCAAACAA,1
CCTTTTCCTGTAATAT,1
CCTTTTCGATTTAGCT,1
CCTTTTGAAGAATTAA,1
CCTTTTGACCGAACCA,1
CCTTTTGCCAGGTACA,1
CCTTTTTACGAGCATT,1
CCTTTTTCAAGATACA,1
CCTTTTTCATGTCAAA,1
CCTTTTTCCAGATAAA,1
CCTTTTTGTGAAAGGA,1
CCTTTTTTAAAAACGA,1
CGAAAAAAAAGAGTGG,1
CGAAAAAAACTTTCAA,1
CGAAAAAAATTGAAAA,1
CGAAAAAATCATCTTG,1
CGAAAAAATCCTCGTA,1
CGAAAAAATCTCTGAA,1
CGAAAAAATTAACTCT,1
CGAAAAACATGAAGCC,1
CGAAAAACATGAGAGT,1
CGAAAAACCCGCATAA,1
CGAAAAACCGCGAGTA,1
CGAAAAACCTATCGCG,1
CGAAAAACCTGAAGCA,1
CGAAAAACCTGCACTG,1
CGAAAAAGTAGAACCA,1
CGAAAAAGTCCAACGA,1
CGAAAAATAACCACTT,1
CGAAAAATACTCAGGA,1
CGAAAAATCTTCATAG,1
CGAAAAATGTAATACA,1
CGAAAAATTTGCACGA,1
CGAAAACAACGACAAA,1
CGAAAACACAATAACC,1
CGAAAACACGAGAGTC,1
CGAAAACACTAAGCCA,1
CGAAAACAGCAAGTAC,1
CGAAAACAGCCACTAT,1
CGAAAACAGGAACTAT,1
CGAAAACAGGCAATAT,1
CGAAAACAGGCACTAC,1
CGAAAACATAGCTATT,1
CGAAAACATATAAAAC,1
CGAAAACCAGTTATAG,1
CGAAAACTAACAACAA,1
CGAAAACTACACGTGT,1
CGAAAACTCAACCCAT,1
CGAAAACTGATAAGAA,1
CGAAAACTGATAGTAA,1
CGAAAACTGGAAATAC,1
CGAAAAGAAAGTCCAT,1
CGAAAAGAGAGTCCAA,1
CGAAAAGCACTCACTT,1
CGAAAAGCCAAAGTGT,1
CGAAAAGTAATCATAA,1
CGAAAAGTAGTTTTAT,1
CGAAAAGTATCCCACG,1
CGAAAATAACAGAACA,1
CGAAAATAAGAATAAA,1
CGAAAATAATCGCGAA,1
CGAAAATACAGTAGAG,1
CGAAAATACCAACAGA,1
CGAAAATACGTAAAGA,1
CGAAAATAGAACACAA,1
CGAAAATAGTAAACTG,1
CGAAAATCACGAGCTT,1
CGAAAATCACTACCGC,1
CGAAAATCACTCGTGG,1
CGAAAATCACTGCAAG,1
CGAAAATCCATGGCCG,1
CGAAAATCCCATACCT,1
CGAAAATCGCGAGTTT,1
CGAAAATCTGATCCCA,1
CGAAAATGACGAGTTT,1
CGAAAATGCAATGGAT,1
CGAAAATGCGATCACA,1
CGAAAATGCTCTGAAC,1
CGAAAATGCTGGCAAC,1
CGAAAATGTTATATGC,1
CGAAAATGTTTAAAAG,1
CGAAAATTAAACCAAT,1
CGAAAATTAGGCCAAA,1
CGAAAATTCAACCAAA,1
CGAAAATTTAACTTAA,1
CGAAAATTTACTCTTG,1
CGAAAATTTACTTTTT,1
CGAAAATTTAGTCAGC,1
CGAAACAAAAAAGGAC,1
CGAAACAATAAAGACT,1
CGAAACAATCCTCTTG,1
CGAAACAATGAGTGCG,1
CGAAACACATATCCAA,1
CGAAACACCTGGACTA,1
CGAAACACCTTCACTG,1
CGAAACACGAGCTAAC,1
CGAAACACGAGGCCTG,1
CGAAACACGTGGACTA,1
CGAAACACGTGTTCCA,1
CGAAACACTAAGGGGG,1
CGAAACACTATACAGA,1
CGAAACACTTGTACTA,1
CGAAACAGGATACGCC,1
CGAAACATCAAACTTA,1
CGAAACATCAGTGTAA,1
CGAAACATGGATTAGA,1
CGAAACATTACAGTCA,1
CGAAACATTTATCTTA,1
CGAAACCAACGAATTA,1
CGAAACCACTAGAGTC,1
CGAAACCATACGCCTA,1
CGAAACCATTAGAAGC,1
CGAAACCCAAACAAAT,1
CGAAACCCATTGGCCT,1
CGAAACCCCCTCCCAA,1
CGAAACCCTTGTTCCA,1
CGAAACCGCTGCAACT,1
CGAAACCGCTTTTGGA,1
CGAAACCGTGAAAAAG,1
CGAAACGAAAGCGGTT,1
CGAAACGAAGAGTGAG,1
CGAAACGAGAAATGAT,1
CGAAACGCAGAAAACA,1
CGAAACGGGTTCAATG,1
CGAAACGTCAGAACAA,1
CGAAACTAAATAAAGT,1
CGAAACTACATAGCGC,1
CGAAACTACATCGCGT,1
CGAAACTCAATAAAAT,1
CGAAACTCCACGTCTA,1
CGAAACTCGATAAAGT,1
CGAAACTGGCAGCCGA,1
CGAAACTGTTCTGGCT,1
CGAAACTTTAACGCAA,1
CGAAACTTTAATTTAA,1
CGAAACTTTTACTTAA,1
CGAAACTTTTCTATGC,1
CGAAAGAAACTTTGAA,1
CGAAAGAAATTATGAG,1
CGAAAGAACCGAGACA,1
CGAAAGACAAAAGTAA,1
CGAAAGACATCATAGC,1
CGAAAGACCCCACTGC,1
CGAAAGACGAAAATAA,1
CGAAAGACGAAGGAAA,1
CGAAAGAGCAGGAGTA,1
CGAAAGATTTAAGAAC,1
CGAAAGCAAATTAAAG,1
CGAAAGCACATATGCC,1
CGAAAGCCTTGAACAT,1
CGAAAGCCTTTACTTT,1
CGAAAGCGAATTGAAG,1
CGAAAGCTAATTAAAG,1
CGAAAGGAATAGGGAT,1
CGAAAGGAATAGGTCT,1
CGAAAGGAATATGGCT,1
CGAAAGGACAGTCAAT,1
CGAAAGGCGCACGCCT,1
CGAAAGGGCTTGAGTC,1
CGAAAGGTAGTTTTTT,1
CGAAAGTACATCTGCC,1
CGAAAGTACGACGTAA,1
CGAAAGTCAATAAAGT,1
CGAAAGTCCAGTTCGA,1
CGAAAGTGGTTGGAAC,1
CGAAAGTTTTAGGTCG,1
CGAAATAACAAGTAAG,1
CGAAATAACGTACGCG,1
CGAAATAACTTTCTTA,1
CGAAATAACTTTCTTT,1
CGAAATAATAGTGAAT,1
CGAAATAATTACAGAT,1
CGAAATACGAAGCATG,1
CGAAATAGTGACTAGA,1
CGAAATATCGTCATCA,1
CGAAATCAAGCATTGC,1
CGAAATCCTGTCTTAG,1
CGAAATCGAATTAAAG,1
CGAAATCGGATGGAGG,1
CGAAATGACAATGAAA,1
CGAAATGAGAATGACG,1
CGAAATGAGAATTACA,1
CGAAATGATAAGAAAG,1
CGAAATGATAGGAGAC,1
CGAAATGGGAATGACA,1
CGAAATGGGCTACGAG,1
CGAAATGTAATTAACC,1
CGAAATGTAATTCAAC,1
CGAAATGTGAATGACA,1
CGAAATGTGTAAGCAA,1
CGAAATTAAACATCGT,1
CGAAATTAAATTGTCT,1
CGAAATTACAGATACG,1
CGAAATTAGAATGACA,1
CGAAATTAGGTATAGG,1
CGAAATTATAAACTAG,1
CGAAATTTAAGATAAA,1
CGAACAAAAACCGTGT,1
CGAACAAAGAAGGTGG,1
CGAACAAATAAGTACA,1
CGAACAAATCAAAATC,1
CGAACAAATTCCTTCC,1
CGAACAACAACCGTCT,1
CGAACAACAACCGTTT,1
CGAACAACAGCCGTGT,1
CGAACAAGATACTCAG,1
CGAACAAGTAAGGTGG,1
CGAACACACATAACGA,1
CGAACACAGAAAGTAC,1
CGAACACAGCAATTAC,1
CGAACACATGAGCATA,1
CGAACACCCTTGAAGA,1
CGAACACCGCATTCTA,1
CGAACACGGCAAGTAC,1
CGAACACTACTAAGCA,1
CGAACACTGCGGACCT,1
CGAACAGAAATACAGA,1
CGAACAGAACATGATA,1
CGAACAGAACTAAAGT,1
CGAACAGCAACCGTGT,1
CGAACAGCCAAAGCGT,1
CGAACAGCTTTAAAAA,1
CGAACAGGAATATGGA,1
CGAACAGGGAAGGTGG,1
CGAACAGGGATTCCGC,1
CGAACAGGGTTCACAG,1
CGAACAGGTAAGCGCC,1
CGAACAGTCAAAACGT,1
CGAACAGTCAAAGTGT,1
CGAACAGTCGTCACAA,1
CGAACAGTTAGAACAT,1
CGAACAGTTGACAAAG,1
CGAACATACCAACTAA,1
CGAACATATGGTAACC,1
CGAACATCAAACCTCA,1
CGAACATCCGTCACAA,1
CGAACATTTTGATAGT,1
CGAACATTTTGGTACT,1
CGAACCAAATCATACA,1
CGAACCAACAATTAAA,1
CGAACCAACGACTAAA,1
CGAACCAACGGTTAAA,1
CGAACCAAGGATTAAA,1
CGAACCAATTAGGTAA,1
CGAACCACAACGAGAG,1
CGAACCACCAAAGGCA,1
CGAACCCCACCACTAA,1
CGAACCCCATCAGTGC,1
CGAACCCCCACGTGCG,1
CGAACCCCGAGTCCCT,1
CGAACCCGCTACCGTA,1
CGAACCCTGCGGATAG,1
CGAACCGAGTTATATC,1
CGAACCGGCTTTCATT,1
CGAACCTACTAATCTA,1
CGAACCTCAGTACGCT,1
CGAACCTCAGTAGTCG,1
CGAACGACAAGCTCAT,1
CGAACGCCAGTTGATT,1
CGAACGCCGTGTGGTA,1
CGAACGGAATGGCAAA,1
CGAACGTCAAATCACG,1
CGAACGTGCATAAAGA,1
CGAACTAAGATGTTCA,1
CGAACTAATAAATCAT,1
CGAACTAGGACTAAAG,1
CGAACTATAACAGCTC,1
CGAACTCCTAGAATGA,1
CGAACTCCTTACTGAC,1
CGAACTCTGATGACGA,1
CGAACTTAGCTTGTTT,1
CGAACTTTGAAGTGTG,1
CGAAGAAAAGGTCCAC,1
CGAAGAAAATTACCAA,1
CGAAGAAAATTGAAAG,1
CGAAGAAATAAGACAA,1
CGAAGAAATACGAACC,1
CGAAGAAATATAATTC,1
CGAAGAAATCTAGACA,1
CGAAGAAGAATGCCTT,1
CGAAGAAGTGCGATTT,1
CGAAGAATGAGATACC,1
CGAAGACAAAACGACC,1
CGAAGACAACATACGC,1
CGAAGACAACGTGAAC,1
CGAAGACAATTGAAAT,1
CGAAGACAGCCAGAAA,1
CGAAGACAGGCACTAT,1
CGAAGACATAAGAACC,1
CGAAGACATACTAACC,1
CGAAGACATCCTTTAC,1
CGAAGACATGGCCACA,1
CGAAGACATTTGAAAG,1
CGAAGACGAGCTCATA,1
CGAAGACGATTGAAAG,1
CGAAGACGCGAGAGCT,1
CGAAGAGAAAGTCCAA,1
CGAAGAGAATCAACCC,1
CGAAGAGACCCAACCC,1
CGAAGAGACTCAGCCC,1
CGAAGAGAGTCAACCC,1
CGAAGAGATAAGGCAC,1
CGAAGAGATACAGCAC,1
CGAAGAGATACGGAAC,1
CGAAGAGATACGGTAC,1
CGAAGAGATACGTCAC,1
CGAAGAGATATGGCAC,1
CGAAGAGATGCGGCAC,1
CGAAGAGATGTCCGAA,1
CGAAGAGCAGGGACGA,1
CGAAGAGGTACGGCAC,1
CGAAGAGTCAATCCGT,1
CGAAGATACTCAACCC,1
CGAAGATATTATATTC,1
CGAAGATCGCACAAAA,1
CGAAGATCTCCCTCAG,1
CGAAGATTCTTAAAAA,1
CGAAGCAACGCAAGAA,1
CGAAGCACCTCCCACC,1
CGAAGCAGATGGAATG,1
CGAAGCATATTCACAA,1
CGAAGCATTAAATTCC,1
CGAAGCATTGTACCCA,1
CGAAGCATTTATCTGT,1
CGAAGCCACCTAAATG,1
CGAAGCCACGAGAGTC,1
CGAAGCCGTCTAGTAG,1
CGAAGCGAACTGTAAA,1
CGAAGCTGAGACTAAA,1
CGAAGCTGCCCGACGA,1
CGAAGCTGTGACTAGA,1
CGAAGGATACTTGAAA,1
CGAAGGATTACATTTA,1
CGAAGGCGAATTAAAG,1
CGAAGGTAATAAACCG,1
CGAAGGTATAGCCAAA,1
CGAAGGTCATAATAGA,1
CGAAGTAAAGATTCAC,1
CGAAGTACATAGACTA,1
CGAAGTACGAATTAAG,1
CGAAGTAGGAAAATTC,1
CGAAGTATAAAAATCT,1
CGAAGTATAACAACCT,1
CGAAGTATAACAGTCT,1
CGAAGTATACTCGAAA,1
CGAAGTATATGTAAAC,1
CGAAGTATTTTTAAAC,1
CGAAGTCCGACCCAGC,1
CGAAGTCCGACCCCAC,1
CGAAGTCCTACCCCGC,1
CGAAGTGCACCCAGAA,1
CGAAGTGTACACTCGG,1
CGAAGTGTAGTTACAA,1
CGAAGTGTCCACTAGG,1
CGAAGTGTCCACTCGT,1
CGAAGTGTCCACTCTG,1
CGAAGTGTGCACTCGG,1
CGAAGTTTATATTTGT,1
CGAAGTTTCCACTCGG,1
CGAATAAAAATCAGAA,1
CGAATAAAATCTATGA,1
CGAATAACGAACGCAT,1
CGAATAAGATAGCAGG,1
CGAATAAGATAGCAGT,1
CGAATAAGCAGGGTAA,1
CGAATACAGTTGTTCC,1
CGAATACATCCCTCCC,1
CGAATACGCGAGCACG,1
CGAATACGTACCACAA,1
CGAATACTCCGATTGT,1
CGAATACTCTGGATAT,1
CGAATACTCTTGCTAT,1
CGAATACTGAAAACTC,1
CGAATAGACCAGTACC,1
CGAATAGACTCAACCC,1
CGAATAGATTTAAAAA,1
CGAATAGCAAATAAAA,1
CGAATAGCATTTCAGT,1
CGAATAGCGTTAAAAA,1
CGAATAGCTTCAAAAA,1
CGAATAGCTTTAAAAT,1
CGAATAGCTTTAGAAA,1
CGAATAGGCAGCTGAC,1
CGAATAGGCAGCTGAT,1
CGAATAGTACCGATCA,1
CGAATAGTATTGGAAA,1
CGAATAGTTACGATCA,1
CGAATAGTTCGGATCA,1
CGAATATATAGGCACA,1
CGAATATATGACTTCA,1
CGAATATCTTTAAAAA,1
CGAATATGACAGTCCT,1
CGAATATGACTTTAAA,1
CGAATATTATTTAAGT,1
CGAATATTTCACTAGC,1
CGAATCAACGATTAAA,1
CGAATCAACTGTCTGA,1
CGAATCAATGGATAAG,1
CGAATCATAAGAATGA,1
CGAATCCACTGCCAGA,1
CGAATCCGTATAATGA,1
CGAATCCTAAAAGAAT,1
CGAATCCTCAACTCAC,1
CGAATCGAAATTAACA,1
CGAATCGAATTTGTAC,1
CGAATCGCACTGACTC,1
CGAATCGGAGTTCAAT,1
CGAATCGGAGTTCCGT,1
CGAATCGTGACACAAC,1
CGAATCTAAGCACTAT,1
CGAATCTCACTGAGGG,1
CGAATCTGCACAGACT,1
CGAATGAAAAAATGCC,1
CGAATGAAAGAACGCC,1
CGAATGAATCGGCCTA,1
CGAATGAATGACAGAA,1
CGAATGAATGCCGGAA,1
CGAATGAATTCATCCG,1
CGAATGACGAACCCAT,1
CGAATGAGGTAGGAGC,1
CGAATGATATTACAAT,1
CGAATGATTACGAATA,1
CGAATGCCCGACAACC,1
CGAATGCTTAATCATA,1
CGAATGGAAATAAAAA,1
CGAATGGCTTTAAAAA,1
CGAATGTCCCCATCGC,1
CGAATGTGTCAGACAG,1
CGAATTAAACCCCTTA,1
CGAATTAAACTAATTG,1
CGAATTAACCTAATTA,1
CGAATTAACGCTCCTT,1
CGAATTAATACAGTAA,1
CGAATTACCCATACCA,1
CGAATTACGTTTAGCT,1
CGAATTAGAAACCGCA,1
CGAATTAGGAACACTC,1
CGAATTAGTGTCTAGA,1
CGAATTATATTTTCAT,1
CGAATTATCCTAATTG,1
CGAATTATTAACCTAT,1
CGAATTATTAAGCGAT,1
CGAATTATTGACTAGA,1
CGAATTCCGTTGTAAT,1
CGAATTCGACACAATT,1
CGAATTCGTTATCTGC,1
CGAATTCTGACTATGC,1
CGAATTGAATCACTGA,1
CGAATTGAATCACTGG,1
CGAATTGACATTATAT,1
CGAATTGAGTGGAAAT,1
CGAATTGCCAATTACT,1
CGAATTGGCCCTACTG,1
CGAATTGTACTTAACC,1
CGAATTTAAGTAAGAA,1
CGAATTTAAGTTAGAG,1
CGAATTTAGAACCTCC,1
CGAATTTATAAGATAG,1
CGAATTTCCAAATCAC,1
CGAATTTCGAACAAAT,1
CGAATTTCGCAGTCAA,1
CGAATTTGAAACCACT,1
CGACAAAACGCAGGAC,1
CGACAAAACGTTCTTA,1
CGACAAAACTGCAAGA,1
CGACAAAAGAATACCG,1
CGACAAAAGATAACTA,1
CGACAAAAGCAATTAT,1
CGACAAAATATAACTA,1
CGACAAACAGTGCCAC,1
CGACAAACATAGCATG,1
CGACAAACATGAAGCT,1
CGACAAACCAGAACAT,1
CGACAAACGAGCAACT,1
CGACAAAGATAAAAAT,1
CGACAAAGGATCATAA,1
CGACAAATACAAAAGA,1
CGACAAATACACTCGA,1
CGACAAATCATGTACT,1
CGACAAATGATAATAC,1
CGACAAATTTGAACGA,1
CGACAAATTTGCACGG,1
CGACAACAGGGAGACG,1
CGACAACATAAGGGCC,1
CGACAACCACTCTTCC,1
CGACAACCAGCCTAGG,1
CGACAACCGCATTCTA,1
CGACAACGCATATCAA,1
CGACAACGCATCCTAA,1
CGACAAGACTAAGCGT,1
CGACAAGGTCCATCGT,1
CGACAAGTAGGCAATA,1
CGACAAGTATACTATT,1
CGACAATAGAGACGAA,1
CGACAATATTTATTAC,1
CGACAATCAAACTAAC,1
CGACAATCTATATTAC,1
CGACAATCTTTACTAC,1
CGACAATCTTTGTTAC,1
CGACAATGAAAGAAGT,1
CGACAATGCAGAACTT,1
CGACAATGGAGAATAT,1
CGACAATGGATGAACC,1
CGACAATGGTGTCACC,1
CGACAATGTATCCTAA,1
CGACAATTATCAAAGC,1
CGACAATTTAAAATGT,1
CGACACAAACCCTTTT,1
CGACACAATAACCATA,1
CGACACAATATATGAC,1
CGACACAATCCCCTTT,1
CGACACAATCCCTTCT,1
CGACACAATCTCTTTT,1
CGACACACATTAAGCT,1
CGACACACCCAAAATA,1
CGACACACGTGAAGCT,1
CGACACACTACAATAG,1
CGACACAGTAACGACA,1
CGACACAGTCCCTTTT,1
CGACACATAACGTAAA,1
CGACACATATGAAGCT,1
CGACACATGACGTCAA,1
CGACACATTATTACTT,1
CGACACCGGAAGAGAA,1
CGACACCTAATGGACA,1
CGACACCTAATGGACG,1
CGACACCTTGTACCTC,1
CGACACCTTGTAGCGT,1
CGACACGCGTACGAAT,1
CGACACTAAGCGTTCA,1
CGACACTACATACGAC,1
CGACACTCGACGAAAC,1
CGACACTCTACTTGAC,1
CGACACTGGGGGTAAG,1
CGACACTTGGCGAAAC,1
CGACACTTTACGAAAC,1
CGACAGAACAAGAGAT,1
CGACAGACCCTTTACG,1
CGACAGACTTAGTCTA,1
CGACAGGAACGAAGTA,1
CGACAGGACACCCTAC,1
CGACAGTGCATAAAGA,1
CGACAGTGCATTATAA,1
CGACATAAAAGCTAAA,1
CGACATAAATGATAAG,1
CGACATAACTGACAAT,1
CGACATACCCTTTACA,1
CGACATAGTCCTACGA,1
CGACATATACTGGAAA,1
CGACATATCCTAATGT,1
CGACATATGATGCGTT,1
CGACATCATTTGCTCC,1
CGACATCCATCCATTC,1
CGACATGAGGACCGTC,1
CGACATGATAAGAAAC,1
CGACATGGACGGACAC,1
CGACATGGACGGGGAC,1
CGACATGGACGTGCAC,1
CGACATGTACCCAAAA,1
CGACATTCAAAAGAAA,1
CGACATTCAAGCTACA,1
CGACATTCGGTGTAGA,1
CGACATTCGGTGTTGA,1
CGACATTGAATGGAAA,1
CGACATTGGATGTAAA,1
CGACATTTGACGAAAC,1
CGACATTTTAAGCAGC,1
CGACCAAAATAGAAGC,1
CGACCAACAAAAATGT,1
CGACCAATACAGTTAC,1
CGACCACATCACAACA,1
CGACCACATCATATAA,1
CGACCACCACATTCTA,1
CGACCACCCCCGAATG,1
CGACCACCGAATTCTA,1
CGACCACCGCATTATA,1
CGACCACTTTGGACGA,1
CGACCAGCGATTCCGC,1
CGACCAGGAAATTGCA,1
CGACCAGGAATTCCGC,1
CGACCAGGGATTCCGA,1
CGACCAGGGATTCCGT,1
CGACCAGGGATTCTGC,1
CGACCAGGGATTTCGC,1
CGACCAGGTATTCCGC,1
CGACCAGTGATTCCGC,1
CGACCATGACAATGAG,1
CGACCATGACCATGAT,1
CGACCATTCCTAAATT,1
CGACCCACGACAGCAG,1
CGACCCAGCGGCTCAA,1
CGACCCCCACCGAATG,1
CGACCCCCAGTAAAGG,1
CGACCCCGACAAACTG,1
CGACCCCGCCCGAATG,1
CGACCCGACAAGAGGG,1
CGACCCGCTGGTAGCC,1
CGACCCGGCCCATAAT,1
CGACCCGTTCCTGTCC,1
CGACCGAAAAAGAGAT,1
CGACCGAACAAGAGAC,1
CGACCGAACAAGATAT,1
CGACCGAACAAGGGAT,1
CGACCGAACGAGAGAT,1
CGACCGAATAAGAGAT,1
CGACCGAATATTTAAA,1
CGACCGAATCAAAACT,1
CGACCGACTTGCCTCG,1
CGACCGATAGCATTGG,1
CGACCGATCGAATTGG,1
CGACCGCAAAATGTCG,1
CGACCGCAAAGGATGG,1
CGACCGCAATCATCAC,1
CGACCGCCCTGTATCT,1
CGACCGGCAGTCACCC,1
CGACCGGGGGGTAGAA,1
CGACCGTAAAAGGGAA,1
CGACCGTACCTTTATT,1
CGACCGTGAATAAAGA,1
CGACCGTGTTATGTGA,1
CGACCGTTCATAAAGA,1
CGACCTAAAGTAAACT,1
CGACCTAAATGGACCC,1
CGACCTAAGAGGTGTT,1
CGACCTACAATAAGAT,1
CGACCTACTTACCCCT,1
CGACCTCATACACGCG,1
CGACCTCCCCCGAATG,1
CGACCTCGAATAAGGC,1
CGACCTGCGTCAAAAC,1
CGACCTGGTTGGGCCA,1
CGACCTTATCTTCACG,1
CGACCTTGCATAAAGA,1
CGACCTTTCTACAGCT,1
CGACCTTTGTACAGCA,1
CGACGAAAATTCGAAG,1
CGACGAAAGTTCGCAG,1
CGACGAACTCAACCGT,1
CGACGAAGAAATTGAA,1
CGACGAAGATGGAATG,1
CGACGAATGAGGTACC,1
CGACGAATTAGATACC,1
CGACGACCCAAAAACC,1
CGACGACCCTGCCCTC,1
CGACGACCGCGACTGC,1
CGACGACTCAATGATC,1
CGACGAGAAAGCAGGG,1
CGACGAGAATTCGCAG,1
CGACGAGACGTCCGAA,1
CGACGAGAGGACAAGA,1
CGACGAGATCCTTAAA,1
CGACGAGATGTCAGAA,1
CGACGAGGATGGACCC,1
CGACGAGTAGATACGC,1
CGACGAGTGACTTGAC,1
CGACGAGTTGATACGA,1
CGACGAGTTGATACTC,1
CGACGATAACGATAAG,1
CGACGATCACGATAAT,1
CGACGATCACGATGAG,1
CGACGATCACTATAAG,1
CGACGATCATGATAAG,1
CGACGATGGCACAATG,1
CGACGATGGCTGTAAT,1
CGACGATGGTTGTACT,1
CGACGCAAATGGAATG,1
CGACGCAAGAGAAATC,1
CGACGCACGCCTAAAG,1
CGACGCATCATTACTT,1
CGACGCGAAAAGACGT,1
CGACGCGACTCAGCAT,1
CGACGCTAATTCGATA,1
CGACGCTAGTATAACA,1
CGACGCTCTCGAAATA,1
CGACGCTGCTGGTAAT,1
CGACGCTGGACAGATA,1
CGACGGACATGCAAAC,1
CGACGGATAACAACTC,1
CGACGGATGAGATACC,1
CGACGGATGATCATGC,1
CGACGGCATGTAGCCT,1
CGACGGCCACGCAAAC,1
CGACGGCCATGCAAAA,1
CGACGGGCAACTGAAA,1
CGACGGGCCTTAAGGT,1
CGACGGTACCAGAACG,1
CGACGTAACTGTACAT,1
CGACGTAAGGGTACAT,1
CGACGTACGACGAAGA,1
CGACGTATATGTTAGG,1
CGACGTATTATTACTT,1
CGACGTGGAAAGCACT,1
CGACGTGGCCTAGGAC,1
CGACTAAAACATTCAA,1
CGACTAACTAAATTTT,1
CGACTAAGTCTCAATA,1
CGACTAAGTGCCCGTC,1
CGACTAATGAGATACC,1
CGACTACAACACCATG,1
CGACTACCGTAACTCA,1
CGACTACTCAACTCAC,1
CGACTAGACGCGCCGA,1
CGACTAGACGCGCTCC,1
CGACTAGGTCTATACC,1
CGACTAGTTGATACGC,1
CGACTATAACGCATAG,1
CGACTATCACGATAAG,1
CGACTATCGGTTCTGA,1
CGACTATGCTATAAAC,1
CGACTATTAATTGAGC,1
CGACTCAACCGCGAAA,1
CGACTCAATTCATCCG,1
CGACTCAGAAAAGATA,1
CGACTCATAGCGACCC,1
CGACTCATCAACTCAC,1
CGACTCATCCTTCACG,1
CGACTCATTAGCCACC,1
CGACTCATTATTACTT,1
CGACTCCAAAACCATG,1
CGACTCCAACACCATT,1
CGACTCCAACACTATG,1
CGACTCCAACATCATG,1
CGACTCCAATACCATG,1
CGACTCCACATTATCA,1
CGACTCCAGCGTTGAC,1
CGACTCCCACTTTTGG,1
CGACTCCTGAACTCAC,1
CGACTCGCATGGCGCG,1
CGACTCTAATTGTAAT,1
CGACTCTACTACTAAA,1
CGACTCTCACTTTTAG,1
CGACTCTCACTTTTCG,1
CGACTCTTGCTTTATC,1
CGACTGAACAAGAGAT,1
CGACTGAACTCATCCG,1
CGACTGAATTAATCCG,1
CGACTGACCACTTAAC,1
CGACTGAGTTAATTTA,1
CGACTGATTAAGTCAA,1
CGACTGCGGACAAGGA,1
CGACTGCTCCTAATCA,1
CGACTGGCAAAACGAA,1
CGACTGGCTGAAAATA,1
CGACTGTAAAAGGGAG,1
CGACTGTTAAAGCACG,1
CGACTGTTACTAATCA,1
CGACTGTTCCCAATCA,1
CGACTGTTCCTAGTCA,1
CGACTGTTCCTGATCA,1
CGACTGTTGCTAATCA,1
CGACTTAACAGATCAG,1
CGACTTAACATATTAG,1
CGACTTACAAGTTAAC,1
CGACTTATACAATGAC,1
CGACTTATCACTTAAC,1
CGACTTATCGTCTGAT,1
CGACTTCACTAAATGA,1
CGACTTCACTCAATGT,1
CGACTTCAGAGACTAA,1
CGACTTCCTAGCAATA,1
CGACTTCCTGAGAAGG,1
CGACTTCGGACAAGGC,1
CGACTTCGTAGCCCTT,1
CGACTTCTTAGCAACA,1
CGACTTGATCTCCAAC,1
CGACTTGCAGTATAAG,1
CGACTTGCCTTATATG,1
CGACTTGGACGGTTAA,1
CGACTTGTCCAGCCAC,1
CGACTTGTGCTAATGT,1
CGACTTTAAAAGGGAA,1
CGACTTTACATTTAAA,1
CGACTTTATGAAACCT,1
CGAGAAAAAACATGAA,1
CGAGAAAACATAACTA,1
CGAGAAAACGGTCTTA,1
CGAGAAAACTATCGCG,1
CGAGAAAAGAGCGTTT,1
CGAGAAAATGCTCCAC,1
CGAGAAACATATCCAA,1
CGAGAAACCCATCGCG,1
CGAGAAACGGCCAAAC,1
CGAGAAACTGTATGGT,1
CGAGAAAGAACTAACA,1
CGAGAAAGATTGTTAA,1
CGAGAAAGTTTAGAAT,1
CGAGAAATATCAGATG,1
CGAGAACAAAAAGTGC,1
CGAGAACAAATTAACA,1
CGAGAACAACGTTTAC,1
CGAGAACCTACAAGAA,1
CGAGAACGATATGACG,1
CGAGAACGCGAATACT,1
CGAGAACGCGAGTACC,1
CGAGAACGGGAATACC,1
CGAGAACTGGAAAGTG,1
CGAGAAGAGCCACTTA,1
CGAGAAGAGTACTGAT,1
CGAGAAGATAAAAAGC,1
CGAGAAGATAAAATAC,1
CGAGAAGATAAAATTC,1
CGAGAAGATAATATGC,1
CGAGAAGTACCCCCAG,1
CGAGAAGTTAGAACAT,1
CGAGAATACCGTAGAG,1
CGAGAATATACGTAAA,1
CGAGAATGCGGCGAAC,1
CGAGAATGTACTGGCA,1
CGAGAATGTCGTAATG,1
CGAGAATTAGACAATA,1
CGAGAATTGGTCCAAA,1
CGAGACAAACGGTTAT,1
CGAGACAAAGAGAAAA,1
CGAGACAAATATCCAA,1
CGAGACAACCGAGCAG,1
CGAGACAATCCGCCTT,1
CGAGACACATATCGAA,1
CGAGACACGTAGATAA,1
CGAGACAGAAAGTGTA,1
CGAGACAGTCGTAATG,1
CGAGACATACCATAGA,1
CGAGACATCAGCTATA,1
CGAGACCACTTACAAA,1
CGAGACCGGGAGCAAG,1
CGAGACCTGTACTAGT,1
CGAGACGCCTCTTATA,1
CGAGACGCCTCTTTTA,1
CGAGACTACAACTCTG,1
CGAGACTGCTAATTGA,1
CGAGACTGGGAGCAAG,1
CGAGACTTATCGTGCA,1
CGAGACTTGCGCTATG,1
CGAGAGAAACATAATT,1
CGAGAGAAACTATGAG,1
CGAGAGACACTGCATT,1
CGAGAGACATATCCAA,1
CGAGAGACCTATCGCG,1
CGAGAGACGCTGCAAT,1
CGAGAGAGATATGACG,1
CGAGAGAGCCCAAAAA,1
CGAGAGATTAATATAA,1
CGAGAGCAAAGGTTAA,1
CGAGAGCAAAGTCCCT,1
CGAGAGCAACATAACT,1
CGAGAGCCAAGTCCTT,1
CGAGAGCGTCCATATA,1
CGAGAGGAACAACATA,1
CGAGAGGCTCATGAGG,1
CGAGAGTCGTCTTTTC,1
CGAGAGTGATATGACG,1
CGAGAGTTATAGGTCG,1
CGAGAGTTTAAGGTCG,1
CGAGAGTTTTAAGTAG,1
CGAGAGTTTTAGGTTG,1
CGAGAGTTTTGGGTCG,1
CGAGATAACTACCACT,1
CGAGATAAGATAAACG,1
CGAGATAATCCAGTGG,1
CGAGATAATGGATAAA,1
CGAGATACAACATTTT,1
CGAGATACACACACTG,1
CGAGATACATATCCAA,1
CGAGATATTGACGCTC,1
CGAGATCCACACACTG,1
CGAGATGAGAATGACA,1
CGAGATGCTCATAAGG,1
CGAGATTAACCACAAT,1
CGAGATTAGCACAAAC,1
CGAGATTCACACACTA,1
CGAGATTCACACACTC,1
CGAGATTCTGATCTTA,1
CGAGATTGAGGCGTAG,1
CGAGATTTACACACTG,1
CGAGCAAAAAAAGATA,1
CGAGCAACAACCGTGT,1
CGAGCAACACGATGAA,1
CGAGCAACGACTCCGA,1
CGAGCAACGCAATGAA,1
CGAGCAAGTTTATTCG,1
CGAGCAATTTTCACCA,1
CGAGCACAGACCCTAA,1
CGAGCACAGACTATAA,1
CGAGCACAGGAGCATA,1
CGAGCACCCCAAATAA,1
CGAGCAGCCTAACTAT,1
CGAGCAGCTCCTCTTA,1
CGAGCAGGGATTCCGC,1
CGAGCAGTTAGAACGT,1
CGAGCAGTTATAACAT,1
CGAGCAGTTGGAACAT,1
CGAGCATAGACGTGTT,1
CGAGCATCGGTACGGG,1
CGAGCATGCCAAATAA,1
CGAGCATGTGGCTTTG,1
CGAGCCAAATCATACT,1
CGAGCCAACGCTAAAT,1
CGAGCCAATTTGATTA,1
CGAGCCAGTTGCAACA,1
CGAGCCTACAAAGAGA,1
CGAGCCTCGTTGAATA,1
CGAGCCTCTGATCTTA,1
CGAGCCTGCTTAGAAA,1
CGAGCCTGTTGAGAGT,1
CGAGCCTTATAGTGCA,1
CGAGCCTTATCGTGAA,1
CGAGCCTTATCGTTCA,1
CGAGCCTTCTACACCA,1
CGAGCGAAACCTGACC,1
CGAGCGAAATAAAATG,1
CGAGCGAATTAATAGA,1
CGAGCGACTAAAATTC,1
CGAGCGATAGACTCTG,1
CGAGCGCAAAACAGAA,1
CGAGCGCAACGACCTC,1
CGAGCGCACAGACCTC,1
CGAGCGCACCAACCTC,1
CGAGCGCACCGACATC,1
CGAGCGCACCGACCTA,1
CGAGCGCACCGATCTC,1
CGAGCGCACCGGCCTC,1
CGAGCGCACCTACCTC,1
CGAGCGCTATACTCTG,1
CGAGCGCTGGACTCTG,1
CGAGCGGATTGAGTAC,1
CGAGCTACCAACGACT,1
CGAGCTATATCCAATG,1
CGAGCTCTCCATGTAT,1
CGAGCTCTCCCTTTAT,1
CGAGCTGCTGAGCGCC,1
CGAGCTGTCTAAGAAC,1
CGAGCTGTGTAAGAAT,1
CGAGCTTAACAACAAT,1
CGAGCTTAACCAAAAT,1
CGAGCTTAACTACAAT,1
CGAGCTTAGCCACAAT,1
CGAGCTTATGATCTTA,1
CGAGCTTATTGTTAAT,1
CGAGCTTCTTATCTTA,1
CGAGCTTTGTAAGAAC,1
CGAGGAAAGATCAAAA,1
CGAGGAAAGTATTGTT,1
CGAGGAAAGTCGTGTT,1
CGAGGAACGAACTTGG,1
CGAGGAACTTGCACAA,1
CGAGGAAGCCAATGTA,1
CGAGGAAGTATTACCT,1
CGAGGACGATACCGAT,1
CGAGGACGCAAACGAA,1
CGAGGACGTCTATTCA,1
CGAGGACTTACGAGGG,1
CGAGGAGAAAAAAGAT,1
CGAGGAGAAACATCAG,1
CGAGGAGGCCCATATA,1
CGAGGAGTGTTATTTG,1
CGAGGATGACCCAATA,1
CGAGGATGAGATAAAA,1
CGAGGATGCTAAGCAT,1
CGAGGATGGAAACGTA,1
CGAGGCAAAACAATGC,1
CGAGGCAATAATCGAG,1
CGAGGCACCAGCAGAA,1
CGAGGCCATTGAAACC,1
CGAGGCCTAAGAAGAG,1
CGAGGCCTAGATGCGT,1
CGAGGCCTAGCTTCGT,1
CGAGGCCTAGTTGCGT,1
CGAGGCCTATCTGCGT,1
CGAGGCGACAAGATAT,1
CGAGGCTAAAACGGCT,1
CGAGGCTGAGATAGAA,1
CGAGGCTTCGGTTTCC,1
CGAGGGAACGCAAGTG,1
CGAGGGAGATCACCAA,1
CGAGGGAGCCAATCTA,1
CGAGGGAGCCAATGCA,1
CGAGGGAGCCAGTGTA,1
CGAGGGAGGCAATGTA,1
CGAGGGAGTCAATGTA,1
CGAGGGATCCAATGTA,1
CGAGGGATCTCACCAA,1
CGAGGGCCAGAATAGC,1
CGAGGGTAATTCTGTC,1
CGAGGTAAACTTCTAT,1
CGAGGTAATCTAGTGG,1
CGAGGTAGCTCACCAA,1
CGAGGTCCCTACCTAG,1
CGAGGTCCTGACTACA,1
CGAGGTCCTTAGTACA,1
CGAGGTCGCAGTGTTA,1
CGAGGTCGCGGTATTA,1
CGAGGTCGCGGTGTCA,1
CGAGGTGAATATGTAG,1
CGAGGTTCAGAAGCCA,1
CGAGGTTGAACCGTAC,1
CGAGTAACACAATGAA,1
CGAGTAAGGTAGAAAA,1
CGAGTACACGAACCTC,1
CGAGTACCCAGATTAA,1
CGAGTACTTCCAAAAA,1
CGAGTAGCCAGATGAA,1
CGAGTATAAAATTACA,1
CGAGTATAAACTCTGA,1
CGAGTATAACGATCTT,1
CGAGTATAATTAATAT,1
CGAGTATACGAAACTC,1
CGAGTATATAATTAAA,1
CGAGTATATAATTACG,1
CGAGTATCCTTACTAG,1
CGAGTATGAGTATGCA,1
CGAGTATGTGGCTTTT,1
CGAGTCCATGATTCGT,1
CGAGTCCCCATAGAGG,1
CGAGTCCGAGTATGCA,1
CGAGTCTCCATAAAGG,1
CGAGTCTGAGTATACA,1
CGAGTCTGAGTATGTA,1
CGAGTCTGAGTATTCA,1
CGAGTCTGATTATGCA,1
CGAGTCTTAGATCAGT,1
CGAGTGAAGCATCGTA,1
CGAGTGACTAATTAAA,1
CGAGTGAGCCAATGTA,1
CGAGTGATATTATGAG,1
CGAGTGCAAAACTCGA,1
CGAGTGCATCGGAGTG,1
CGAGTGCCTACCCAAT,1
CGAGTGCTCCAATAAC,1
CGAGTGGAAAAAAATG,1
CGAGTGGACAAGAATG,1
CGAGTGGATCGAAGTG,1
CGAGTGGCCTAGAGCT,1
CGAGTGTCCCACACTA,1
CGAGTTACAAGCTAAC,1
CGAGTTACAAGTCAAC,1
CGAGTTACAAGTTAAT,1
CGAGTTACGAGTTAAC,1
CGAGTTAGAAAGACGT,1
CGAGTTATGAAGGATT,1
CGAGTTCGATTCCAAA,1
CGAGTTCTTGGCGCCC,1
CGAGTTGACCTAAGTT,1
CGAGTTGACGTAAGTG,1
CGAGTTGAGCTAAGTG,1
CGAGTTGCATAATTAC,1
CGAGTTGCCCATAACA,1
CGAGTTGCGAATTACT,1
CGAGTTGTGACACTCT,1
CGAGTTGTTAACCATT,1
CGAGTTGTTGGTTACC,1
CGAGTTTAACGTATAC,1
CGAGTTTAAGTAAGAG,1
CGAGTTTACAAAATTT,1
CGAGTTTACCTAAGTG,1
CGATAAAAGCATCTGT,1
CGATAAAAGTCACCCC,1
CGATAAAAGTTACACC,1
CGATAAAAGTTACATA,1
CGATAAAAGTTCGAAT,1
CGATAAACACCGTATG,1
CGATAAACATAACTCG,1
CGATAAACATACAATA,1
CGATAAACATAGTGGT,1
CGATAAACTGTAGGGT,1
CGATAAACTGTATTTC,1
CGATAAAGAACTGCAA,1
CGATAAAGATTGTTTA,1
CGATAAAGGACTACAA,1
CGATAAAGGTTAGTAG,1
CGATAAAGTCCCCGTC,1
CGATAAATAAGAAAAT,1
CGATAAATACGATACC,1
CGATAAATGAAGGAAA,1
CGATAAATGAATCTAA,1
CGATAAATGCGACACC,1
CGATAAATTAACCAAC,1
CGATAACAAGAGTAAT,1
CGATAACACCTGTCCG,1
CGATAACAGCGAGAGC,1
CGATAACATTCGATCT,1
CGATAACCCCCGATAA,1
CGATAACCCCCTTCAT,1
CGATAACGCAAGACAC,1
CGATAACTAAAACTGC,1
CGATAACTCCCTACAT,1
CGATAACTCCCTCCAT,1
CGATAACTCCCTTAAT,1
CGATAACTCCTAGCAA,1
CGATAACTGCCGGTTA,1
CGATAACTGCCTTCAT,1
CGATAACTTGGATATG,1
CGATAAGAAGAAGTGC,1
CGATAAGACAACTAGC,1
CGATAAGCCGTAAATT,1
CGATAAGCTAATGTCA,1
CGATAAGGAGTAACAC,1
CGATAAGGTCCAGTTC,1
CGATAAGTACTATCGT,1
CGATAAGTACTATTGT,1
CGATAATAGACATTAG,1
CGATAATATTTAAGGG,1
CGATAATCACTTTAAT,1
CGATAATTAAAAAACA,1
CGATAATTACTATGGT,1
CGATAATTGGTGCGAA,1
CGATAATTTACACTTT,1
CGATACAAATTATGCT,1
CGATACAAGATCTGAA,1
CGATACAAGTTGACTA,1
CGATACACAAGATTTG,1
CGATACACATGATTTA,1
CGATACACATGATTTT,1
CGATACACTACAATCA,1
CGATACAGTCTAAATG,1
CGATACATAGAAGGTT,1
CGATACATTAAATCCT,1
CGATACATTTGAGGAA,1
CGATACCGCAAGAAAC,1
CGATACCGGAAGACAC,1
CGATACCGTATAAATG,1
CGATACCTAGCTATAA,1
CGATACCTCAAGACAC,1
CGATACCTTGATATAA,1
CGATACCTTGCTATGA,1
CGATACGCTCACCGTT,1
CGATACGCTTCGATGG,1
CGATACGGAAGTGCTA,1
CGATACGGAGGTGCTG,1
CGATACGTACAACATA,1
CGATACGTGTGCAGGT,1
CGATACTAAGGTCCAT,1
CGATACTTGCGCAGGT,1
CGATACTTTTCCACCG,1
CGATAGAAGTCCTTAG,1
CGATAGACAAACAATA,1
CGATAGACACACAATA,1
CGATAGACATACAATT,1
CGATAGACATACATTC,1
CGATAGACATAGCACG,1
CGATAGACATATAATA,1
CGATAGACGGAGGCTA,1
CGATAGATATACAATA,1
CGATAGCAAAAACTGT,1
CGATAGCAACATAATT,1
CGATAGCACCCGGTTA,1
CGATAGCACCGCTAAC,1
CGATAGCACGGTTAAC,1
CGATAGCAGTCGAACT,1
CGATAGCCCGAAAAAA,1
CGATAGCCTACTAATT,1
CGATAGCTCATGAACA,1
CGATAGCTTAACCCTT,1
CGATAGCTTCAACTAC,1
CGATAGGATGTTCTTT,1
CGATAGGTTTAATCAC,1
CGATAGTAAGAACCCA,1
CGATAGTAATCCTTAG,1
CGATAGTAGTACTTAG,1
CGATAGTAGTCCTTGG,1
CGATAGTATTCCTTAG,1
CGATATAACTAAACAG,1
CGATATAAGATGCAGG,1
CGATATAATCTAGTGG,1
CGATATAATGCAATCA,1
CGATATACTAAAAAGA,1
CGATATATATGGTGCA,1
CGATATATCAACGCCA,1
CGATATATTACGACGA,1
CGATATATTACGTCGA,1
CGATATATTACTGCGA,1
CGATATATTTAGCATA,1
CGATATCAACAATAGA,1
CGATATCAGGAAGGAA,1
CGATATCAGTGCGACA,1
CGATATCCAAAAAATG,1
CGATATCCAAATAATA,1
CGATATCCCGGTGAAG,1
CGATATCTACTCCACC,1
CGATATCTATTAACCC,1
CGATATCTCTTATTCA,1
CGATATCTGAACTTAC,1
CGATATCTTGCTATAA,1
CGATATGAGCAGCGTG,1
CGATATGATATCAGAC,1
CGATATGCGATTTACA,1
CGATATGCGATTTGCC,1
CGATATGGTATGCCAC,1
CGATATGTAGGCCACT,1
CGATATTAATAATAAT,1
CGATATTAATTGAACA,1
CGATATTAATTTCACA,1
CGATATTACGTTGAAC,1
CGATATTCACACACTG,1
CGATATTCTTGGAGAC,1
CGATATTTACGCCACT,1
CGATCAAAACCACAAT,1
CGATCAAAACGATTTG,1
CGATCAAAATATTCAG,1
CGATCAAAATTTGAAT,1
CGATCAAAGGACCGCA,1
CGATCAAATGACGCAA,1
CGATCAAATTACTCAC,1
CGATCAACAAATAAGT,1
CGATCAACATAGTAGT,1
CGATCAAGATTTGTTC,1
CGATCAAGTCTCACAG,1
CGATCAATAATGAATA,1
CGATCAATTAAGTTGA,1
CGATCACAGAGTTTGT,1
CGATCACATAGTTTGC,1
CGATCACATAGTTTGG,1
CGATCACTAAGATATG,1
CGATCAGGATAACATA,1
CGATCAGTTAGAACAT,1
CGATCATCCAACTGCA,1
CGATCATGAGCAGATT,1
CGATCATGAGCCAATT,1
CGATCATGAGTCGATT,1
CGATCATGGGCCGATT,1
CGATCATTGAACTACG,1
CGATCATTGCAAGGAA,1
CGATCCACCACTTCAA,1
CGATCCACCCAAACAA,1
CGATCCACGTGAAAAG,1
CGATCCAGCACTTATC,1
CGATCCATCCATTACT,1
CGATCCATCTACTACT,1
CGATCCCCAGTAAAGG,1
CGATCCGAATTCGAGG,1
CGATCCGTATTTAAAT,1
CGATCCTAAAACATGA,1
CGATCCTGACTCAGGA,1
CGATCCTGTCATCTAG,1
CGATCGAAATTCGAGG,1
CGATCGAACAAGAGAT,1
CGATCGAAGATTTTGG,1
CGATCGACGAGCATAG,1
CGATCGAGAGATAGTT,1
CGATCGAGATGAGACC,1
CGATCGGAACTCGAGG,1
CGATCGGAATTCGAGT,1
CGATCGGAATTTGAGG,1
CGATCGGATGAAATTC,1
CGATCGGATGAAGTTG,1
CGATCGGGATTCGAGG,1
CGATCGGTGCAGGCCG,1
CGATCGTAATTCGAGG,1
CGATCGTAGTACGAAT,1
CGATCGTGCCAGGACT,1
CGATCGTTTCGAAAAT,1
CGATCTAATAAAAACA,1
CGATCTAGCTACGACC,1
CGATCTAGTTCCATAA,1
CGATCTATACGTGACA,1
CGATCTATTAGCATGG,1
CGATCTCCAGGTTAAT,1
CGATCTCGAGAATGAA,1
CGATCTCTATATGGAT,1
CGATCTGCTGAACACA,1
CGATCTGGCTTCACAC,1
CGATCTGTCCCTCCTT,1
CGATCTTAAGCTTCAA,1
CGATCTTCCATTCCAA,1
CGATCTTCTTTAGAGA,1
CGATGAAACGGCCTAT,1
CGATGAAAGTTACATC,1
CGATGAACTTATTCTC,1
CGATGAAGTATGTCGT,1
CGATGAATGGTATCGT,1
CGATGAATTTATTCTA,1
CGATGACAGGTCGATC,1
CGATGACATTATATCG,1
CGATGACATTCGATCA,1
CGATGAGACTCAGCAT,1
CGATGAGTAGACACAC,1
CGATGATACTATCCAT,1
CGATGATATGACGAGC,1
CGATGATATGCCAAAA,1
CGATGATGACCAGAAC,1
CGATGATGTAAGCTAT,1
CGATGATTAAACAAAA,1
CGATGCAACCGTATAA,1
CGATGCAAGGGTCTAA,1
CGATGCAGTTAACGAA,1
CGATGCCGCAAGACAC,1
CGATGCGACTAAGCAT,1
CGATGCGACTCATCAT,1
CGATGCGTATAAAGCC,1
CGATGCGTGCGCAGGT,1
CGATGGAGCATGATCC,1
CGATGGAGTACGATCC,1
CGATGGAGTATAAAAT,1
CGATGGCTGTAGCCTG,1
CGATGGTACCAAAACG,1
CGATGGTACCAGAAAG,1
CGATGGTACCAGAACT,1
CGATGGTACCAGAAGG,1
CGATGGTACCAGGACG,1
CGATGGTAGCAGAACG,1
CGATGGTAGTCCTTAG,1
CGATGGTGCCAGAACG,1
CGATGTAAAGCCTAAT,1
CGATGTAACACTCGTA,1
CGATGTAACGTTTAAC,1
CGATGTAAGAACCGGC,1
CGATGTACAGTCTAAT,1
CGATGTACTAATCCTA,1
CGATGTAGAAGCCATA,1
CGATGTCAGAACCCGT,1
CGATGTCAGAACCTGC,1
CGATGTCCCATTCCAA,1
CGATGTGAACTGATAG,1
CGATGTGCAATAGATA,1
CGATGTGTACGCCACT,1
CGATGTGTGAATAATT,1
CGATGTTCCATTCCAT,1
CGATGTTCCATTCTAA,1
CGATGTTCCTTTCCAA,1
CGATGTTTGAATCATT,1
CGATTAAAAATCTGAA,1
CGATTAAAACAGTCGA,1
CGATTAAAGAGAAGTG,1
CGATTAAATTCAAGTC,1
CGATTAAATTCTTTCT,1
CGATTAACATAACACC,1
CGATTAACGCTCAGTA,1
CGATTAACTCTCAGTG,1
CGATTAATAATCAGAG,1
CGATTAATGATAAGAG,1
CGATTAATTACCCATA,1
CGATTAATTTAACCAA,1
CGATTACACGCCAAGC,1
CGATTACCACTCAATT,1
CGATTACCAGCCAAGC,1
CGATTACCCCCTAAGC,1
CGATTACCCGCCAATC,1
CGATTACGCTGCCAAG,1
CGATTACTCCGACGCC,1
CGATTAGAACGGTTAG,1
CGATTAGACATAGACG,1
CGATTAGATAGACCCA,1
CGATTAGCATAGCATT,1
CGATTAGCCACTTGAA,1
CGATTAGGTTAAGGAT,1
CGATTATAAGTTCCCG,1
CGATTATCGGACGCTC,1
CGATTATGATTTTCAA,1
CGATTATGGACAGATA,1
CGATTCACCGATGCCT,1
CGATTCAGACTCATGA,1
CGATTCCCATAGCTAC,1
CGATTCCGACAAAAAT,1
CGATTCCGATAAAAAA,1
CGATTCCGATAGAAAT,1
CGATTCCGGTAAAAAT,1
CGATTCCGTTTCTACA,1
CGATTCCTATAAAAAT,1
CGATTCCTCATCGAAA,1
CGATTCCTTTGGGGAA,1
CGATTCGAAACACAAA,1
CGATTCGATACAAAAA,1
CGATTCGTGAGTCGCC,1
CGATTCTAGCACTGAT,1
CGATTCTATACACAAA,1
CGATTCTGACATGCAA,1
CGATTCTGAGTATGCA,1
CGATTCTGTGACCTGC,1
CGATTCTTGCTTGATC,1
CGATTGAAAGTTAAAA,1
CGATTGAAAGTTTAAA,1
CGATTGAAGGCAATCA,1
CGATTGAATGAAATCA,1
CGATTGAATTCAATCA,1
CGATTGAGACCAGTCA,1
CGATTGAGACCGAACT,1
CGATTGAGATAAAAAT,1
CGATTGCCAGCCAAAC,1
CGATTGCCGAACCAAT,1
CGATTGGAATTCGAGG,1
CGATTGTACTCTGGAG,1
CGATTGTATTAGATTA,1
CGATTGTATTAGCCTA,1
CGATTGTCATAGACGT,1
CGATTGTCCGCCAAAC,1
CGATTTAAAGTTGAAA,1
CGATTTAATGCAATCA,1
CGATTTACGCCAAGTA,1
CGATTTAGCCGGACAA,1
CGATTTAGTCACTCCA,1
CGATTTAGTCTCCGTA,1
CGATTTATATAGAATG,1
CGATTTCAGAATGCTG,1
CGATTTCAGGAAATTC,1
CGATTTCCACCCCACA,1
CGATTTCCCGCCAAAC,1
CGATTTCCGAAAGCGC,1
CGATTTCTCAAGACAC,1
CGATTTGAGCAGGTGG,1
CGATTTGCAAGAAACT,1
CGATTTGCAGAAGTTG,1
CGATTTTAGCCTAACT,1
CGATTTTATGACACGG,1
CGATTTTCGTATCGTC,1
CGATTTTGCGACTCCC,1
CGATTTTGTAACTCCC,1
CGATTTTGTCATTAAA,1
CGATTTTGTGACTACC,1
CGATTTTTGAATTGAT,1
CGCAAAAAAACTTTCC,1
CGCAAAAAAGGATCTT,1
CGCAAAACATGAGATT,1
CGCAAAACATTAGAGT,1
CGCAAAACCAGTACTT,1
CGCAAAACGGCCAAAC,1
CGCAAAACGTGAGAGT,1
CGCAAAACGTTCCATA,1
CGCAAAAGGCCAACGA,1
CGCAAAAGTCCAACTA,1
CGCAAAATACAGACTC,1
CGCAAAATGGGAGTAA,1
CGCAAAATGGGTGTAT,1
CGCAAAATTGGGGGTG,1
CGCAAAATTGGTGTAA,1
CGCAAACAACGAAAAA,1
CGCAAACAACTACAAA,1
CGCAAACCAAGAAGCC,1
CGCAAACCGTAACAGA,1
CGCAAACGAAGAACTG,1
CGCAAACGATCTGGAG,1
CGCAAAGAAGTATCTT,1
CGCAAAGACCTTTCTG,1
CGCAAAGGACGTCCCG,1
CGCAAAGTATGTAAAC,1
CGCAAATAATAGAGAA,1
CGCAAATAATCGAGAA,1
CGCAAATAATCGCTAA,1
CGCAAATAATCTCGAA,1
CGCAAATAATTGCGAA,1
CGCAAATAATTTTAAC,1
CGCAAATACAATCACA,1
CGCAAATACAGTCAAG,1
CGCAAATACTTTTAAT,1
CGCAAATAGTCGCGAA,1
CGCAAATCAATATATT,1
CGCAAATGAATACGAC,1
CGCAAATGATCTGGAT,1
CGCAAATGATCTTGAG,1
CGCAAATGGCAGTACC,1
CGCAAATGTTAAAAAT,1
CGCAACAATAACGCTT,1
CGCAACAATACTGCTT,1
CGCAACATGGGTGTAA,1
CGCAACCCCTGAAGAT,1
CGCAACCTTATTTAAG,1
CGCAACGAAGAAAACA,1
CGCAACGACCGCAAAG,1
CGCAACGAGCCCAAAG,1
CGCAACGAGGTGCATA,1
CGCAACGCATGGCGAC,1
CGCAACGGTATAATCA,1
CGCAACGGTGGAATCA,1
CGCAACGTCACTACCC,1
CGCAACGTCTGAAGAT,1
CGCAACTAATTTTACC,1
CGCAACTAATTTTGAC,1
CGCAACTCAGAAAACA,1
CGCAACTTACGCAACG,1
CGCAACTTCGACAATC,1
CGCAACTTGAAGCATA,1
CGCAAGAAACCAAAAC,1
CGCAAGAAACTATGAG,1
CGCAAGAAACTTTGGA,1
CGCAAGAACTCATATA,1
CGCAAGACCTAGCATT,1
CGCAAGATGAAACTCA,1
CGCAAGATGACAATCA,1
CGCAAGATTACATTCA,1
CGCAAGCAAGGACAGT,1
CGCAAGCTATTCACCA,1
CGCAAGCTTCGGTTCA,1
CGCAAGGAAAAGAAAA,1
CGCAAGTAGCAAATCG,1
CGCAAGTGCATCTACA,1
CGCAAGTTCAACGAAA,1
CGCAAGTTTATAAGCC,1
CGCAATAATAGGCAAA,1
CGCAATACCCCCAATT,1
CGCAATACGGTCACAA,1
CGCAATCAAAAGAAAA,1
CGCAATCACATAGAAC,1
CGCAATCCCAGGCATG,1
CGCAATCGATGTAAAA,1
CGCAATCGGGTTACGA,1
CGCAATCGTGCTGATA,1
CGCAATCTAAAAAAAA,1
CGCAATGAAGGAAACA,1
CGCAATGAATTTCAGA,1
CGCAATGAGAATGACA,1
CGCAATTAATACATCT,1
CGCAATTAATCAATCT,1
CGCAATTACACTGGTA,1
CGCAATTACAGGCATG,1
CGCAATTCTTGATTTT,1
CGCAATTGGATGCCCT,1
CGCACAAACACCTGGA,1
CGCACAAAGCACTATA,1
CGCACAACAAACGATC,1
CGCACAACAACCGTGT,1
CGCACAACAACGAGAG,1
CGCACAACATAATGAC,1
CGCACAACCTAATTAC,1
CGCACAACTCCCTACA,1
CGCACAACTCGACCAC,1
CGCACAAGCTAATGAT,1
CGCACAAGTTTCTGAA,1
CGCACAATAAATGATC,1
CGCACAATTAGCTTCT,1
CGCACACCTAGCAATC,1
CGCACACGACAAAAAA,1
CGCACACGACCGCTCA,1
CGCACACGCTTAATCA,1
CGCACACGTACCACAT,1
CGCACACTACCCAACA,1
CGCACACTTCACAACA,1
CGCACACTTCCAAACA,1
CGCACAGAAATAATTT,1
CGCACAGACACTAGTA,1
CGCACAGATATAATTG,1
CGCACAGCAAATACTT,1
CGCACAGGACGTCCTG,1
CGCACAGGAGGTCCCG,1
CGCACAGGCACGCGCA,1
CGCACAGTACGTCCCG,1
CGCACATAACGATCAC,1
CGCACATAATTATTCC,1
CGCACATGAATAAGAC,1
CGCACATGACGTCCCG,1
CGCACATGGAAGTACC,1
CGCACATGGCAGTACA,1
CGCACATTTGGCATTA,1
CGCACATTTTGTGCAT,1
CGCACCAAAACTTACT,1
CGCACCAACTAAGTTG,1
CGCACCAATTGGGTAA,1
CGCACCACAACGAGAT,1
CGCACCACAACGATAG,1
CGCACCATATTACCAC,1
CGCACCATTACGAGAT,1
CGCACCCATACCTCAC,1
CGCACCCGAATCACCA,1
CGCACCGACAAGAGGG,1
CGCACCGATTGGCTAG,1
CGCACCGTAGTCTATG,1
CGCACCTAAAGTTCAA,1
CGCACCTATATGGGAA,1
CGCACGACGTCCCGCG,1
CGCACGAGAAATGAAT,1
CGCACGCCTTTCGACT,1
CGCACGGGACGTCCCG,1
CGCACGTCAACCAAAC,1
CGCACGTCCAATTAAC,1
CGCACTAGTACAAACA,1
CGCACTCATTCACCCG,1
CGCACTCGGGCTGATA,1
CGCACTCGTACTGATA,1
CGCACTCGTACTTAAG,1
CGCACTCGTGCTTATA,1
CGCACTGATACAAACA,1
CGCACTGGCACAAACA,1
CGCACTGGTACAAACG,1
CGCACTTCAACCATAT,1
CGCACTTCCAAAATGA,1
CGCACTTCCCAAATGA,1
CGCACTTCGCTCCTTC,1
CGCACTTGGCAGCGCG,1
CGCACTTTAACCCATC,1
CGCACTTTAAGACATC,1
CGCAGAAACGCTCATT,1
CGCAGAACAACGATAT,1
CGCAGAACTTCCTACA,1
CGCAGAAGTCCTGCGA,1
CGCAGAATCGCCAACA,1
CGCAGAATGGGTGTAA,1
CGCAGACAAAGTGAAC,1
CGCAGACACCTTTAAC,1
CGCAGACAGCCAGAAA,1
CGCAGACAGCGTGAAC,1
CGCAGACCTAGACAAT,1
CGCAGAGGGTAAAACA,1
CGCAGAGTATAGCTAC,1
CGCAGATCTAGAAAAT,1
CGCAGATTAAAGAAAC,1
CGCAGATTTTATAATA,1
CGCAGCAAAGGTTAGA,1
CGCAGCAACGCGAGCT,1
CGCAGCAACGGTTAGC,1
CGCAGCAATAACTATA,1
CGCAGCAGGGTGGACT,1
CGCAGCATGAAAACCA,1
CGCAGCCAAACTCAAC,1
CGCAGCCAGAGGCCTT,1
CGCAGCCAGTCGATGC,1
CGCAGCGCATGGAGAC,1
CGCAGCGGAATCAAAC,1
CGCAGCTTCGCTAATC,1
CGCAGCTTCTTGAAGA,1
CGCAGGAAAGCCCCGA,1
CGCAGGCCACCCACTT,1
CGCAGGCGCGAACTAA,1
CGCAGGCTCTGTCGAT,1
CGCAGGGAATATCTCA,1
CGCAGGGACGATGACA,1
CGCAGGGACGATGCTA,1
CGCAGTAAAGATTCAG,1
CGCAGTAAATATTCAC,1
CGCAGTATAAACAACG,1
CGCAGTCCGCTAACAA,1
CGCAGTCTGTAGTCGA,1
CGCAGTTAATGGTAAA,1
CGCAGTTCAGAAGCCA,1
CGCAGTTCTTCCATAG,1
CGCAGTTGTCAGAACA,1
CGCAGTTTTCCGAACA,1
CGCATAAAAATCCAAA,1
CGCATAAAGTAATCAC,1
CGCATAACAACACAGG,1
CGCATAATGTATTGTC,1
CGCATAATTGGGCCGA,1
CGCATACAATACTATT,1
CGCATACATCTCTGCG,1
CGCATACCCATCATTT,1
CGCATACGAAACAGAC,1
CGCATACTAAACGCAG,1
CGCATACTACGATTGT,1
CGCATACTCAGATTGT,1
CGCATACTCCAATTGT,1
CGCATACTGATTAAAA,1
CGCATAGATCTTAACC,1
CGCATAGTCTATTGTC,1
CGCATAGTTTTGGAAC,1
CGCATAGTTTTTGACC,1
CGCATATAAACAAGTC,1
CGCATATAACCCCTAG,1
CGCATATAAGTGTATT,1
CGCATATCTGTAAGGA,1
CGCATATTCTTAAAAA,1
CGCATATTTTTGGACC,1
CGCATCAACTTGGATG,1
CGCATCAACTTTTCTA,1
CGCATCACAACGAGAG,1
CGCATCACTGAAAAAA,1
CGCATCAGAAGGAACA,1
CGCATCATATAGACTC,1
CGCATCATGTGACGGA,1
CGCATCCAAAACAGAC,1
CGCATCCCGTAGGGGA,1
CGCATCCGAAACAGAA,1
CGCATCCTTACGAGGA,1
CGCATCGCATGGCGAC,1
CGCATCTATGCATACG,1
CGCATCTATGCCTACT,1
CGCATCTGTGCCTACG,1
CGCATGAATCCACGCA,1
CGCATGAATCGTCTGC,1
CGCATGACCTCCCGCG,1
CGCATGACGTACCGCG,1
CGCATGACGTCCAGCG,1
CGCATGACGTCCCGTG,1
CGCATGAGGTACTCGA,1
CGCATGATAATCGGAC,1
CGCATGATAGGAATTG,1
CGCATGCAAATAATAA,1
CGCATGCTTAATCATC,1
CGCATGGACGTGTTAA,1
CGCATGTACACATGCC,1
CGCATGTCACGTTTCC,1
CGCATGTTCTCAAGAT,1
CGCATGTTTACGTCCA,1
CGCATGTTTCTTTATA,1
CGCATTAAAGATTCAC,1
CGCATTAAATTAAAAC,1
CGCATTAACCCGATTT,1
CGCATTACACTTTGAG,1
CGCATTACGTAATTCA,1
CGCATTCAGAATATAT,1
CGCATTGAATCACTTA,1
CGCATTGAATGACTGA,1
CGCATTGCAAGAAACA,1
CGCATTGCACATAGTA,1
CGCATTGCGTCTACAG,1
CGCATTTCTACTAAAG,1
CGCATTTTAAGACGTT,1
CGCATTTTACTAGTAT,1
CGCATTTTACTCTTAT,1
CGCATTTTGCTCGTAT,1
CGCATTTTTCCTACCA,1
CGCCAAAAAGGTTTAT,1
CGCCAAACATAGCACG,1
CGCCAAACATATCATG,1
CGCCAAACTCCTGAAG,1
CGCCAAAGGTTCCCTA,1
CGCCAAAGTATTTGAC,1
CGCCAACAAAGGATAT,1
CGCCAACATAGAGTTA,1
CGCCAACCACCCAAAG,1
CGCCAACCCAAACCAA,1
CGCCAACGTTCCCTCA,1
CGCCAAGAGACCCGCT,1
CGCCAAGTATATAAAC,1
CGCCAAGTATGTAAAA,1
CGCCAATAAGATTGTC,1
CGCCAATAGCTAACGG,1
CGCCAATAGGATTGGC,1
CGCCAATCTTTATTAC,1
CGCCAATGATAATCAT,1
CGCCAATGGAAATCCC,1
CGCCACAACAGAAGAC,1
CGCCACACATGAAGCT,1
CGCCACACCGTAGCTA,1
CGCCACACTTCAGGCG,1
CGCCACACTTCCGGCC,1
CGCCACATATAGCCAG,1
CGCCACATCTGATGAA,1
CGCCACATGTTAAGGT,1
CGCCACCGAAGATCAC,1
CGCCACCGGACGATGA,1
CGCCACCTAAACAAAA,1
CGCCACCTAAACCAAT,1
CGCCACCTGCATTCAA,1
CGCCACCTTAATTCAA,1
CGCCACCTTCATCCAA,1
CGCCACGAACGAGATT,1
CGCCACGACAAGAGGG,1
CGCCACGTTACATCGT,1
CGCCACTAAGTATAAC,1
CGCCACTGAGCTCCAA,1
CGCCAGAAGGACTACT,1
CGCCAGACACTGACTC,1
CGCCAGACGCTGCCTC,1
CGCCAGATATTCACCT,1
CGCCAGCCGAACAAGA,1
CGCCAGCCGGAAAAGA,1
CGCCAGGAAATCTGTT,1
CGCCAGGCACTGCCTC,1
CGCCAGGGCTCATGTA,1
CGCCAGGTCACCGTGA,1
CGCCAGTAGTAAGCTA,1
CGCCAGTCTCCATTTA,1
CGCCAGTGAACAATAC,1
CGCCAGTGGAAAATAC,1
CGCCAGTGTACAATAC,1
CGCCAGTGTTAGCCAA,1
CGCCATAAACACAGCA,1
CGCCATAAACGATAAG,1
CGCCATAATACAATCA,1
CGCCATAGGCCTACGA,1
CGCCATCATTATTTAC,1
CGCCATCCAAATGACA,1
CGCCATCTAAAAAAAA,1
CGCCATCTAAACAAAG,1
CGCCATCTGAACAAAA,1
CGCCATTTAAACAAAA,1
CGCCATTTGCACAAAG,1
CGCCATTTTCCGAAAA,1
CGCCATTTTCTATACT,1
CGCCCAAAACACAGCA,1
CGCCCAAATACTAAGT,1
CGCCCAACCGTAGCTA,1
CGCCCAACTTGCCTCG,1
CGCCCAAGCAAACAAC,1
CGCCCAAGTAAGAGGA,1
CGCCCAATACATAAAC,1
CGCCCAATGGAACTTT,1
CGCCCAATGGGACTGT,1
CGCCCAATGTAACTGT,1
CGCCCACAAACATTCT,1
CGCCCACAGTGAATCA,1
CGCCCAGGAAATCGCA,1
CGCCCATCAATGGTCC,1
CGCCCATGGATACGAT,1
CGCCCATTTAGCATTA,1
CGCCCATTTGGAATTA,1
CGCCCATTTTGCATTA,1
CGCCCCAACAGACCCG,1
CGCCCCAACGCGATAA,1
CGCCCCAACGTAGCTA,1
CGCCCCAAGCTAATGT,1
CGCCCCAATTAAACAT,1
CGCCCCACTTGCCTCG,1
CGCCCCAGTTGTTATA,1
CGCCCCCAGCGTTGAC,1
CGCCCCGCCGTAGCTA,1
CGCCCCTACAAGAGGG,1
CGCCCCTCCGTAGCTA,1
CGCCCCTGAGGCGTAC,1
CGCCCGAACCTATAGA,1
CGCCCGAAGACCTAAC,1
CGCCCGAAGACTGAAT,1
CGCCCGAAGACTGACC,1
CGCCCGAAGTACTATG,1
CGCCCGACATGCCTCG,1
CGCCCGACTTGCCCCG,1
CGCCCGACTTGCCTAG,1
CGCCCGACTTGCCTCC,1
CGCCCGACTTGCGTCG,1
CGCCCGACTTGGCTCG,1
CGCCCGACTTTCCTTG,1
CGCCCGAGTCAAAACT,1
CGCCCGCAACATTCCT,1
CGCCCGGAAATCCCAT,1
CGCCCGTCCAAAGATA,1
CGCCCTAAAAACAGCA,1
CGCCCTAAACAAAGCA,1
CGCCCTAAACACACCA,1
CGCCCTAAACACAGAA,1
CGCCCTAAACACGGCA,1
CGCCCTAAACATAGCA,1
CGCCCTAAGACTGAAC,1
CGCCCTAAGATAATGT,1
CGCCCTAAGCACAGCA,1
CGCCCTAATCTAATGT,1
CGCCCTACAATGCACG,1
CGCCCTACAATGCTAG,1
CGCCCTCGAATAAGAC,1
CGCCCTCGAATAAGGA,1
CGCCCTCGGCAGCGCG,1
CGCCCTCTAATAAGGC,1
CGCCCTCTTTGAATGA,1
CGCCCTCTTTGACTGT,1
CGCCCTCTTTTACTGA,1
CGCCCTTAGCAGCGCG,1
CGCCCTTCACCCGTAC,1
CGCCCTTGACTACCAC,1
CGCCCTTGGCAGCACG,1
CGCCCTTGGCAGCGAG,1
CGCCCTTGGCAGCGCC,1
CGCCCTTGGCAGCGTG,1
CGCCCTTGGCAGCTCG,1
CGCCCTTGGCTGCGCG,1
CGCCCTTTGCAGCGCG,1
CGCCCTTTTGAGAACA,1
CGCCGAAAAATCTAAC,1
CGCCGAAATAAGTCAA,1
CGCCGAATCCACAGTA,1
CGCCGACATACGAACC,1
CGCCGACCATTAGAGC,1
CGCCGACCCAACGAAA,1
CGCCGACCTTTAGTCT,1
CGCCGACTATTATGAC,1
CGCCGACTTAAGACGA,1
CGCCGAGGACTCTATT,1
CGCCGAGGATGGAACC,1
CGCCGAGGATGGACAC,1
CGCCGAGGATGGACCA,1
CGCCGAGGATGGACTC,1
CGCCGAGGATGGAGCC,1
CGCCGAGGATGTACCC,1
CGCCGAGTATGGACCC,1
CGCCGAGTATGTAAAC,1
CGCCGATATGAGTGTT,1
CGCCGATCCGAGTGTT,1
CGCCGATCGGAGTGTT,1
CGCCGATCTAAGTGTT,1
CGCCGATCTGAATGTT,1
CGCCGCAATGCTGGAA,1
CGCCGCAATTTGGGTA,1
CGCCGCACTTCCGGCG,1
CGCCGCCCAACACACC,1
CGCCGCCTTTTAGTCG,1
CGCCGCTTGATAGTAA,1
CGCCGGAAAGGTCATA,1
CGCCGGACACTGCCTC,1
CGCCGGACTTGCCTCG,1
CGCCGGAGTGCCATAG,1
CGCCGGCTAAAACATT,1
CGCCGGCTTACCTGTA,1
CGCCGGTATGTCTAGG,1
CGCCGGTCCTTGGTAA,1
CGCCGGTTTCAATGTT,1
CGCCGTACCCATAGGG,1
CGCCGTATAACAATCT,1
CGCCGTCAATAGTCCT,1
CGCCGTCACGGCCGCC,1
CGCCGTCCTCCACAAA,1
CGCCGTCGTGGAAATG,1
CGCCGTGCCCCTAGGG,1
CGCCGTGTGAACTTGT,1
CGCCTAAACATTTAGC,1
CGCCTAAACTCGAATA,1
CGCCTAAAGATGTCAA,1
CGCCTAAAGCACAGCT,1
CGCCTAAGAATCTAAA,1
CGCCTAAGCAAACAAT,1
CGCCTAAGTAAACAAC,1
CGCCTAATCTCGTGAG,1
CGCCTAATCTCTTGAC,1
CGCCTAATGGAACTGT,1
CGCCTAATTCTGACCT,1
CGCCTACAAAGTGAAG,1
CGCCTACAACCCCTAG,1
CGCCTACATTTTTTTC,1
CGCCTACCTATGGTCA,1
CGCCTACTAGTGACTT,1
CGCCTACTGTACACCG,1
CGCCTAGTCGATAGAA,1
CGCCTATAAAACTCGA,1
CGCCTATAACACCTAG,1
CGCCTATAACCCATAG,1
CGCCTATAACCCCTAA,1
CGCCTATAACCCGTAG,1
CGCCTATCTGAGTGTT,1
CGCCTATGAACTTCGC,1
CGCCTATTCCAAATAA,1
CGCCTCAATTTGGATA,1
CGCCTCAGAAGGAAAA,1
CGCCTCATAAGGAACA,1
CGCCTCCAACGTTGAC,1
CGCCTCCAGCCTTGAC,1
CGCCTCCCAGTGACTT,1
CGCCTCCCGCCACAGG,1
CGCCTCCTGCCACATG,1
CGCCTCCTGCCACGGG,1
CGCCTCGAACATCGGA,1
CGCCTCTACAAAAAGA,1
CGCCTCTCACATCTTA,1
CGCCTCTTGATAGTTA,1
CGCCTGAAGACTGAAC,1
CGCCTGACTTGCCTCG,1
CGCCTGATTATTATGA,1
CGCCTGCATGTTAACG,1
CGCCTGCATTCCACAA,1
CGCCTGCATTCTAAAA,1
CGCCTGCATTTTACAA,1
CGCCTGTAAACAATTC,1
CGCCTGTAGCTAACAA,1
CGCCTGTTGCCCATAC,1
CGCCTTAAACTTTGAG,1
CGCCTTAACCTAATTG,1
CGCCTTAAGCTAATGT,1
CGCCTTAATCACAGGG,1
CGCCTTACTTGCCTCG,1
CGCCTTAGGATAGGCG,1
CGCCTTAGGTTACTCA,1
CGCCTTATATAGCCAG,1
CGCCTTCCGAACAACA,1
CGCCTTCGAGAAATTT,1
CGCCTTCTCATTACAC,1
CGCCTTGAGACAAATC,1
CGCCTTGAGCACTCAG,1
CGCCTTGTATCGTAAA,1
CGCCTTTCCCACCTTT,1
CGCGAAAAACGGTTAT,1
CGCGAAACGGACAAAC,1
CGCGAAACGGCCATAC,1
CGCGAAACGGGCAAAC,1
CGCGAAACGTCCAAAC,1
CGCGAAACTCACTTAA,1
CGCGAAACTGCCAAAC,1
CGCGAAAGTACATTCC,1
CGCGAAATATAAGTGA,1
CGCGAACAGAACAAAG,1
CGCGAACGGATAATTT,1
CGCGAACTCTTAATTT,1
CGCGAACTGTATACCA,1
CGCGAAGAAAGCGGGA,1
CGCGAAGAGAATAAAG,1
CGCGAAGAGCCACTCA,1
CGCGAAGGCACCACGT,1
CGCGAAGGTTGAGACA,1
CGCGAAGTCTTGTCAT,1
CGCGAATACCCCATGA,1
CGCGACAAACGGTCAT,1
CGCGACAAACTGTTAT,1
CGCGACAATACCGCTT,1
CGCGACAGAATACGAC,1
CGCGACAGTATCCTTC,1
CGCGACCAAAAATCAT,1
CGCGACCGATTAGTCA,1
CGCGACGACTAAAAAA,1
CGCGACGACTCAAGAA,1
CGCGACGAGTCAAAAA,1
CGCGACGTAATAACGA,1
CGCGACTACAGCATCA,1
CGCGACTACTCAAAAA,1
CGCGACTGACCATCAT,1
CGCGACTGTCGTAATG,1
CGCGACTTACTTTTTA,1
CGCGAGAACTTATATA,1
CGCGAGACCAGGATAC,1
CGCGAGACCAGGGCAC,1
CGCGAGACCAGGTTAC,1
CGCGAGAGAATTTGAA,1
CGCGAGATTAGTATGA,1
CGCGAGCCTCCATATA,1
CGCGAGCGTCCATATT,1
CGCGAGCGTCCGTATA,1
CGCGAGCGTCCTTATA,1
CGCGAGGGTGGTTTTA,1
CGCGAGGTATCAATCT,1
CGCGAGTCTCGCACCC,1
CGCGAGTTATTCTAAT,1
CGCGAGTTTTAGGTCG,1
CGCGATAAACATATAG,1
CGCGATAATGCAATCA,1
CGCGATACGGCCCACA,1
CGCGATACTTTGCACA,1
CGCGATCCCATAACAT,1
CGCGATCTCCACGGAA,1
CGCGATCTTCCTTGGA,1
CGCGATGATTCTCCAT,1
CGCGATGCAAGTCACA,1
CGCGATGTTTATTCCG,1
CGCGCAAAATCTAATG,1
CGCGCAACCGCGAAGG,1
CGCGCAAGCGAATGCT,1
CGCGCATAAACGTAAA,1
CGCGCATTAACATACT,1
CGCGCCAAATCAGTAA,1
CGCGCCAACCTCCCAC,1
CGCGCCACCGTAGCTA,1
CGCGCCAGACATAGGC,1
CGCGCCCAAAACCATT,1
CGCGCCCCCAAAATCT,1
CGCGCCTCCGTTTCCA,1
CGCGCCTCTGTTTCAA,1
CGCGCCTCTGTTTCCG,1
CGCGCCTCTGTTTTCA,1
CGCGCCTTATCCCTTC,1
CGCGCGAAAAAGCACA,1
CGCGCGGAGGCTCTAA,1
CGCGCTAGAATGCTCC,1
CGCGCTAGTTGCTACC,1
CGCGCTATTTAGGCCG,1
CGCGCTCATTCACCCA,1
CGCGCTCTAAGACATC,1
CGCGCTTATTTTTAAA,1
CGCGCTTTAGACGTGC,1
CGCGGAACTAAAGGAG,1
CGCGGACATTAGCGAC,1
CGCGGACCTTAGATTA,1
CGCGGACGTTAGACGC,1
CGCGGAGATATGAACG,1
CGCGGATAAACAAACA,1
CGCGGATCGTGCACCA,1
CGCGGATGTAATCCCC,1
CGCGGATTAAAATACT,1
CGCGGATTAACACACT,1
CGCGGATTAACATAAT,1
CGCGGATTAACATACC,1
CGCGGATTAACGAATT,1
CGCGGATTAATATACT,1
CGCGGATTACAGAAAC,1
CGCGGATTATCATACT,1
CGCGGCACAGGACGCA,1
CGCGGCCCCCTAGAGC,1
CGCGGCGACTCAAAAA,1
CGCGGGATCGGTTATG,1
CGCGGGGCCCTATTCA,1
CGCGGGTCCCGCTTTA,1
CGCGGGTTCAGCTTTA,1
CGCGGTAACCTGGAAA,1
CGCGGTAGGAGGTATA,1
CGCGGTCCCTTACACG,1
CGCGGTGCCGGATGGG,1
CGCGGTTCAAACGCGG,1
CGCGGTTCAGAAACCA,1
CGCGGTTCAGAAGCAA,1
CGCGGTTCAGAAGCCT,1
CGCGGTTTAATCCCTT,1
CGCGGTTTTAACAAGA,1
CGCGTAAAAATCAAAA,1
CGCGTAAAAATGCAAA,1
CGCGTAAGCCAATGCT,1
CGCGTAAGCGAACGCT,1
CGCGTAAGCGAATGAT,1
CGCGTAAGCGAATTCT,1
CGCGTAAGCGATTACA,1
CGCGTAAGCTAATGCT,1
CGCGTAAGTGAATGCT,1
CGCGTAATGATTAGCG,1
CGCGTACATGAAGGAC,1
CGCGTAGAAATTCACT,1
CGCGTATACGAACCTC,1
CGCGTATCGGTAAGGA,1
CGCGTCACAGGAGTAA,1
CGCGTCACTAATTAAA,1
CGCGTCACTCACAGCA,1
CGCGTCATAAGACGTA,1
CGCGTCATACGACGTG,1
CGCGTCCTCATCGAAA,1
CGCGTCTATAAAATCG,1
CGCGTCTCTGTTTCCA,1
CGCGTGAAATCTCAGG,1
CGCGTGAATAAGTGTA,1
CGCGTGCAAACTTATG,1
CGCGTGCAGAACTCGA,1
CGCGTGCATCCCAAGG,1
CGCGTGCGAAACTCGA,1
CGCGTGCGTCAACAAA,1
CGCGTGGTTTGGACAT,1
CGCGTTAAACAGCAAA,1
CGCGTTATCGTATCTC,1
CGCGTTATTGTAACAG,1
CGCGTTCCCGTACACG,1
CGCGTTCTTACACCAA,1
CGCGTTGACTTCAGTA,1
CGCTAAAAAATAAGCC,1
CGCTAAAAATTCAATT,1
CGCTAAAACATCAAAA,1
CGCTAAACCTTAATGG,1
CGCTAAAGTAGCAGCC,1
CGCTAAAGTTACACAT,1
CGCTAACAGAATAAAG,1
CGCTAACATTCGATCA,1
CGCTAACCTAGGCGCA,1
CGCTAACGACTACATA,1
CGCTAACGGAGGTAAT,1
CGCTAACGTACTGAAG,1
CGCTAACTCAGAATAT,1
CGCTAAGACACTAGTA,1
CGCTAAGACTCCACAA,1
CGCTAAGCATTGTTGT,1
CGCTAAGGTAATGAAG,1
CGCTAAGGTACCGAAG,1
CGCTAAGGTACTCAAG,1
CGCTAAGTATGTAAAC,1
CGCTAAGTTACTGAAG,1
CGCTAATACTGTTGAC,1
CGCTAATCTTGAAAAA,1
CGCTAATTCAATTTGA,1
CGCTACAACTAGTAAC,1
CGCTACACGAGGACCA,1
CGCTACACGCGGACCT,1
CGCTACACGCTGACCA,1
CGCTACATATTCTAAA,1
CGCTACATCAAATCCT,1
CGCTACATGTTAAGGG,1
CGCTACATTTTAAGGT,1
CGCTACCGAGCCGCGT,1
CGCTACCTAGGCTTAA,1
CGCTACCTGACCTACC,1
CGCTACGACTCAAAAA,1
CGCTACGATGCATGAT,1
CGCTACGCAAGCGAAA,1
CGCTACGCATCCCATA,1
CGCTACGTGCGCAGGT,1
CGCTACTAATCAAGTA,1
CGCTACTAATGCCGGA,1
CGCTACTATCAGAGAA,1
CGCTACTGAACAGGTC,1
CGCTACTGAGCAGGCC,1
CGCTACTGAGTAGGTC,1
CGCTACTGATCAGGTC,1
CGCTACTGTAAAACCC,1
CGCTACTGTAAACGAA,1
CGCTACTTAGGGATAA,1
CGCTACTTTAAACGCA,1
CGCTACTTTCTGGCAA,1
CGCTAGACATAGAACG,1
CGCTAGACGTAGCACG,1
CGCTAGATATAGCACG,1
CGCTAGATTAAATCCT,1
CGCTAGCCATTGTTGT,1
CGCTAGGAATTGTTGT,1
CGCTAGGATTTAAGAC,1
CGCTAGTGGACGATCT,1
CGCTAGTGGCAGATCT,1
CGCTAGTGGCCTATCT,1
CGCTATAAACAGTACA,1
CGCTATAAATTTATTA,1
CGCTATAAGAGGTATC,1
CGCTATAAGATAAACC,1
CGCTATAATGCAGTCA,1
CGCTATACTACGGGGC,1
CGCTATACTTTGCCCA,1
CGCTATAGCAAAGGAA,1
CGCTATATAGAAATAT,1
CGCTATATGTATCATG,1
CGCTATCAAAACGGGA,1
CGCTATCAACTTCATG,1
CGCTATCAATTTCCTG,1
CGCTATCACCCCAATG,1
CGCTATCCGATTCGAT,1
CGCTATCGAAAAGGAA,1
CGCTATCGATAAACTG,1
CGCTATCGCAAAGGAG,1
CGCTATCGCGAAGGAA,1
CGCTATCGCTATGGGA,1
CGCTATCGGAAAGGAA,1
CGCTATCTAAACAAAA,1
CGCTATCTGATTCGAA,1
CGCTATCTGATTCGTT,1
CGCTATCTGATTCTAT,1
CGCTATCTGGTTCGAT,1
CGCTATCTTATTCGAT,1
CGCTATGTATATATCA,1
CGCTATTATTCGAAAA,1
CGCTATTCCAAAAAGT,1
CGCTATTGCTGTAGCA,1
CGCTATTTGCACAAAA,1
CGCTCAAAATTCAATT,1
CGCTCAAACACTAGTA,1
CGCTCAACACTCAATT,1
CGCTCAACATCCAATT,1
CGCTCAATAAACGATC,1
CGCTCAATACTTGCAA,1
CGCTCAATTACCTTAC,1
CGCTCACCTCTATCCA,1
CGCTCACGAATTGCAA,1
CGCTCACTGGAAAACT,1
CGCTCACTTAGGAGAC,1
CGCTCAGATAGACCCC,1
CGCTCAGTTGCCCTTC,1
CGCTCATGCCCATTCA,1
CGCTCATGTCCATCCA,1
CGCTCATTAATGTTAA,1
CGCTCCAACACAAAAA,1
CGCTCCAACACACAAT,1
CGCTCCAGCACTTATA,1
CGCTCCAGGACTTATC,1
CGCTCCCTGAGCTACC,1
CGCTCCGACACACAAA,1
CGCTCCTAACCTACAC,1
CGCTCCTCATTAGGAC,1
CGCTCCTTACAAAGCC,1
CGCTCCTTGATGCGAT,1
CGCTCCTTGCCACTCC,1
CGCTCCTTGGCAATAT,1
CGCTCGACTTCCGAAT,1
CGCTCGATGAACAGGA,1
CGCTCGCCTTCTACGT,1
CGCTCGGTACTAGACA,1
CGCTCGTAGTACTAAT,1
CGCTCGTCACTTGCAA,1
CGCTCGTCATAACCGT,1
CGCTCTAAAGCCCTAG,1
CGCTCTAACTACCGAA,1
CGCTCTAACTTGAAAA,1
CGCTCTAAGAAGACAA,1
CGCTCTAAGCGCAGAA,1
CGCTCTAGACCCTGAG,1
CGCTCTATGAAACAAC,1
CGCTCTCGACCTATAA,1
CGCTCTTAACGATACC,1
CGCTCTTGTTCTGGAA,1
CGCTGAATATGGCACT,1
CGCTGACACTCTTTGA,1
CGCTGACCATAGCACC,1
CGCTGACTACTCCAGA,1
CGCTGAGATCCGCTCA,1
CGCTGAGCGCAAGCTG,1
CGCTGATAGAGCTTTG,1
CGCTGATCAAAGAAAG,1
CGCTGATTAAACAAAG,1
CGCTGATTCGAATAAA,1
CGCTGCAATCGTACAC,1
CGCTGCCGACACAATC,1
CGCTGCCTCCGTGGAT,1
CGCTGCTAGAATATCA,1
CGCTGCTGAATACTTA,1
CGCTGCTTTTGTGGTA,1
CGCTGGAATGCTGGAA,1
CGCTGGACATGAGTCA,1
CGCTGGAGTGACGATG,1
CGCTGTAATTCTTCCT,1
CGCTGTACAAAATAGT,1
CGCTGTAGTTCAGCAG,1
CGCTGTCAAAAACAAA,1
CGCTGTCAAAGGTAGG,1
CGCTGTCTCTTCTGGC,1
CGCTGTGAGATTCATC,1
CGCTGTGTCTATATCA,1
CGCTGTTAAAGTCCAT,1
CGCTGTTCAGAAGCCA,1
CGCTGTTCCATTCCAA,1
CGCTGTTTGACTACTT,1
CGCTTAAACATTGAGC,1
CGCTTAAAGGAAACGT,1
CGCTTAACGTAAACGT,1
CGCTTAACGTTTTACC,1
CGCTTAAGAAGTACTC,1
CGCTTAAGCGAATGCT,1
CGCTTAATCTTAATGG,1
CGCTTAATGAACATAA,1
CGCTTAATTTAACAAA,1
CGCTTAATTTAACCGA,1
CGCTTACAAAGGCACC,1
CGCTTACAGTTTTACC,1
CGCTTACCAAGGAACC,1
CGCTTACCAAGGCAAC,1
CGCTTACCAAGGTACC,1
CGCTTACCATTTTACC,1
CGCTTACGCTACCAAG,1
CGCTTACGGTTTTACC,1
CGCTTAGAACATCGGA,1
CGCTTAGTTTCTGAGC,1
CGCTTATAACCCCTAG,1
CGCTTATAACTGATAT,1
CGCTTATAGCCTTTAA,1
CGCTTATCAAGGCACC,1
CGCTTATCATAGCATT,1
CGCTTATTCCATTAAA,1
CGCTTCAAACAGATCA,1
CGCTTCAAACATCGGA,1
CGCTTCACTATGCATT,1
CGCTTCAGAAGTAGGC,1
CGCTTCATGTTAAGGT,1
CGCTTCCCAAATGTTC,1
CGCTTCCGTAAAACGA,1
CGCTTCGAAAATCGGA,1
CGCTTCGAACATAGGA,1
CGCTTCGAACATCGCA,1
CGCTTCGAACATCTGA,1
CGCTTCGCCAATGACT,1
CGCTTGACACGGAAGG,1
CGCTTGACACTCAAGG,1
CGCTTGACTTTCGTAA,1
CGCTTGAGATGATGAC,1
CGCTTGAGCACTTCAG,1
CGCTTGAGCTGATGAA,1
CGCTTGAGCTTATGAC,1
CGCTTGATAGATGATT,1
CGCTTGGCGGGGCCGA,1
CGCTTGTCTGAACAAT,1
CGCTTGTGAGACAGGT,1
CGCTTGTTAAACCACA,1
CGCTTTAAGAGCGCAA,1
CGCTTTAAGGCCCTAG,1
CGCTTTACCATCAAAC,1
CGCTTTCAGAAATTAG,1
CGCTTTCAGAATAGAT,1
CGCTTTCGAGGCAAGG,1
CGCTTTGAACATCGGA,1
CGCTTTGCCTAACAAA,1
CGCTTTGGAATTGATA,1
CGCTTTGTCGACATGC,1
CGCTTTGTTAATGTTT,1
CGCTTTGTTTACATGC,1
CGCTTTTCGGCGACAA,1
CGGAAAAACATATTAT,1
CGGAAAAATCCTCTTG,1
CGGAAAAATGTGAAGT,1
CGGAAAAATGTGCGGT,1
CGGAAAAATTGTAGTG,1
CGGAAAACATATAGAT,1
CGGAAAACCATTGAGG,1
CGGAAAACTGACCCTA,1
CGGAAAACTTTCAGAA,1
CGGAAAAGCGTATGAG,1
CGGAAAATGAATTTAA,1
CGGAAACAAAAAACAC,1
CGGAAACAGGCACTAT,1
CGGAAACATTCACATA,1
CGGAAACCCGGCATGA,1
CGGAAACCGGCCAACA,1
CGGAAACTATAGTCCC,1
CGGAAACTCGGATAGG,1
CGGAAAGAAAATCTGT,1
CGGAAAGAAACTTCAA,1
CGGAAAGTATTCGCTC,1
CGGAAATAATGACTTT,1
CGGAAATACCAACTAA,1
CGGAAATCATCGCTTA,1
CGGAAATTGCAGACAA,1
CGGAACAAAAAACAAT,1
CGGAACAAACTTACGT,1
CGGAACAAGAATATGA,1
CGGAACAAGTGTAGAT,1
CGGAACACCCCGTGAA,1
CGGAACAGAGTATGAG,1
CGGAACATCGTATGAG,1
CGGAACATTCAAAAGA,1
CGGAACCAAAGAATTA,1
CGGAACCAACGAGTTA,1
CGGAACCAGCGAAGAC,1
CGGAACCATGTTGTCA,1
CGGAACCCAAAAAAAT,1
CGGAACCCAAACAAAC,1
CGGAACCCGAACAAAT,1
CGGAACCGAAAATGTG,1
CGGAACCTAAACAAAT,1
CGGAACCTAGTCAAAT,1
CGGAACCTCATGGGTA,1
CGGAACGGCGTATGAG,1
CGGAACTAAACTCTGA,1
CGGAACTAAGGGGTAG,1
CGGAACTCAACTCTGT,1
CGGAACTCTCGAGTTG,1
CGGAACTCTCTCGTTG,1
CGGAACTCTTGCGTTG,1
CGGAACTGTATACTTA,1
CGGAACTTTATACTCA,1
CGGAAGAAACAATACA,1
CGGAAGAACCGAATTT,1
CGGAAGAAGATATTAT,1
CGGAAGAGCGTATGAG,1
CGGAAGATAGTTTTTT,1
CGGAAGCAGCGCATTC,1
CGGAAGCAGTCAAAAT,1
CGGAAGCGATCTGCAA,1
CGGAAGCGATGGAACT,1
CGGAAGGGATTTGAAG,1
CGGAAGGTAGTTCTTT,1
CGGAAGGTATTTGAAA,1
CGGAAGTAGCATTCCC,1
CGGAAGTCAGGAAACT,1
CGGAAGTCCCGGTAGA,1
CGGAAGTCTCGATAGA,1
CGGAAGTTAGTTTTTT,1
CGGAAGTTCAGCTTTC,1
CGGAATAAATGATGTG,1
CGGAATACGAACATAC,1
CGGAATACTAACATAG,1
CGGAATAGTATTAAAC,1
CGGAATAGTCTTGAAC,1
CGGAATATAACATTCT,1
CGGAATATTAACATAC,1
CGGAATATTCTTAAAC,1
CGGAATATTGGTCTAA,1
CGGAATCACCCCAAAT,1
CGGAATCATATGCACA,1
CGGAATCCAAACAAAT,1
CGGAATCCAAGAACCA,1
CGGAATCCATTAACCA,1
CGGAATCCGACTATTT,1
CGGAATGAGAGCGAGT,1
CGGAATGAGCGCTGGT,1
CGGAATGAGTACCAGT,1
CGGAATGCGCTAAAAA,1
CGGAATGCTCTAAAAC,1
CGGAATGCTCTAGAAA,1
CGGAATGCTTTAAAAA,1
CGGAATGGCTTAACAA,1
CGGAATTAAGCAATTA,1
CGGAATTTATATTCAC,1
CGGAATTTCAAATCCA,1
CGGACAAACCAACTAA,1
CGGACAACAGTCTAAA,1
CGGACAACCTCAAGAA,1
CGGACAACGCATTTCG,1
CGGACAACGTTGGTCA,1
CGGACAACTCTCAGAA,1
CGGACACAGCGCATTC,1
CGGACACCAGCTTTAC,1
CGGACACCATAAATCG,1
CGGACACCATAACTAG,1
CGGACACCATGACTCG,1
CGGACACTCGGATATG,1
CGGACAGACGAAACTA,1
CGGACAGACTTAAGCC,1
CGGACAGCCGTACTAG,1
CGGACATAATTAACCA,1
CGGACATACAAACTAA,1
CGGACATACCAAATAA,1
CGGACATACCAACAAA,1
CGGACATACCAAGTAA,1
CGGACATACCAATTAA,1
CGGACATACCAGCTAA,1
CGGACATACTAACTAA,1
CGGACATAGCAACTAA,1
CGGACATATAAGTTGT,1
CGGACATCCAACACGC,1
CGGACATGGAACTCTA,1
CGGACATGTCCAATGA,1
CGGACATTGTACCAAA,1
CGGACATTTTGATACT,1
CGGACCAAAATAAACG,1
CGGACCAAAGTCTAAA,1
CGGACCAATCCTTCGA,1
CGGACCACAGTCTAGA,1
CGGACCACGTGCAAAA,1
CGGACCAGAGTCTAAA,1
CGGACCAGCATACACA,1
CGGACCATCCCGACAA,1
CGGACCATCCCTGAAA,1
CGGACCATTCTCTAGG,1
CGGACCCACTAACGAA,1
CGGACCCACTGATCCC,1
CGGACCCGTACTAAAG,1
CGGACCCTCCCCGAAA,1
CGGACCCTCCCTGAGA,1
CGGACCCTCCTTGAAA,1
CGGACCCTCGCGCCAC,1
CGGACCCTGCCTGAAA,1
CGGACCCTGTAACCGT,1
CGGACCCTTCCTGAAA,1
CGGACCGGCCCATAAC,1
CGGACGAAACAACAAT,1
CGGACGAAATCTGTAC,1
CGGACGAACAATAAGT,1
CGGACGACATCTGTAT,1
CGGACGACCATCGATC,1
CGGACGAGCCCCGGGA,1
CGGACGCACACATTTG,1
CGGACGCAGCGCATTA,1
CGGACGCAGCTCATTC,1
CGGACGCATCGCATTC,1
CGGACGCGAACTCATT,1
CGGACGCTACCTACAC,1
CGGACGCTTCCCGACA,1
CGGACGTACCATAAAC,1
CGGACGTTGTGTAGCC,1
CGGACGTTGTTGAGCC,1
CGGACTAAAAAGTAAA,1
CGGACTAAGTAACTTG,1
CGGACTAGAGAATATA,1
CGGACTCAAACTGCAA,1
CGGACTCAAGTGAGTA,1
CGGACTCAGCGCATTC,1
CGGACTCAGTCAAAAT,1
CGGACTCCCTGGTTAC,1
CGGACTCGGCTCCATC,1
CGGACTGCCTCGCGCA,1
CGGACTGCTAAATCTG,1
CGGACTGTCCACCCTA,1
CGGACTTACCAACTAA,1
CGGACTTAGATCTATA,1
CGGACTTAGCACTAAT,1
CGGACTTAGTACCAAT,1
CGGACTTCCGCGCGCA,1
CGGAGAAACCGTACGC,1
CGGAGAAACTGATCTC,1
CGGAGAACAAATAATA,1
CGGAGAAGCCATCCAT,1
CGGAGAATCCCAAAGA,1
CGGAGACAATATCCTA,1
CGGAGACACGCCCGAA,1
CGGAGACATCACAAAA,1
CGGAGACCCAAAAACC,1
CGGAGACGTGTTAGTC,1
CGGAGACTATCGTCCC,1
CGGAGAGAGGACAAGA,1
CGGAGAGGCCATAAAT,1
CGGAGAGTGCGCAGTT,1
CGGAGATACGACGATC,1
CGGAGATACTTCAACA,1
CGGAGCAAAGCTCGAG,1
CGGAGCAACTTTAAAC,1
CGGAGCAAGCGTGGTA,1
CGGAGCACAATGGATT,1
CGGAGCAGCGTATGAG,1
CGGAGCCACGCACGAA,1
CGGAGCCAGGTAAAAC,1
CGGAGCCAGTTCAAAC,1
CGGAGCCCCCTAATAC,1
CGGAGCCTTTATGCTG,1
CGGAGCGAATAGGCGA,1
CGGAGCGACGCCCGAA,1
CGGAGCTGGTCTAACC,1
CGGAGGACCATATCCA,1
CGGAGGACTGACCCTA,1
CGGAGGAGAAATTAAT,1
CGGAGGCGGCGGCTTA,1
CGGAGGGCGGCTCGCA,1
CGGAGTAAGCACCTCA,1
CGGAGTACTAACATAC,1
CGGAGTAGATACAGAA,1
CGGAGTCAACCACATC,1
CGGAGTCAATGATGTC,1
CGGAGTCCAACACATC,1
CGGAGTCCACCATATC,1
CGGAGTCGACCACATC,1
CGGAGTGAAAGAACAC,1
CGGAGTGCTCTAAAAA,1
CGGAGTGCTGTAGACC,1
CGGAGTTCGCCGCCAA,1
CGGAGTTGCTATAACA,1
CGGAGTTTATGCACCA,1
CGGATAACTGACCCTA,1
CGGATAAGTAGTAATC,1
CGGATAATATTCGAGA,1
CGGATAATGAAGCAAA,1
CGGATACCATAGTTAA,1
CGGATACTTGCTCTCC,1
CGGATAGCCGAGTTTG,1
CGGATAGCTTTAAAAA,1
CGGATAGTCACATGCG,1
CGGATAGTGTATAAGA,1
CGGATATGAAGAGATA,1
CGGATATGAGCGGACA,1
CGGATATGCATAGATA,1
CGGATATGCGATTACA,1
CGGATATTTCACTATC,1
CGGATCAAAAAAGCGT,1
CGGATCAACACTACAT,1
CGGATCACCGTGAAAA,1
CGGATCAGGAATTCAG,1
CGGATCAGGCACTCAG,1
CGGATCAGGCATTCTG,1
CGGATCATATTCTAGA,1
CGGATCCAGTTGCGTC,1
CGGATCCGCGATTACA,1
CGGATCCTACAAAAAC,1
CGGATCGAAAAATAAT,1
CGGATCGGAGTTCCAT,1
CGGATCTACGACTTAA,1
CGGATCTAGCGGATCC,1
CGGATCTATCTGAACT,1
CGGATCTATGCCAGTA,1
CGGATCTCAAGGTTAC,1
CGGATCTCGCAAAACA,1
CGGATCTGCGATCACA,1
CGGATCTGCGATTAAA,1
CGGATCTGCGGTTAGA,1
CGGATCTGGAAAAACA,1
CGGATCTGGCGAAACA,1
CGGATCTTATCTAACC,1
CGGATCTTCGATTACA,1
CGGATGAAAGCCAAGG,1
CGGATGAACATGAACA,1
CGGATGAACATTAACC,1
CGGATGAAGATGAACC,1
CGGATGAGTAAACGAC,1
CGGATGATATGAATAT,1
CGGATGCAGAAATCCA,1
CGGATGCCTTATAGGG,1
CGGATGGACTTAAGCC,1
CGGATGGCAGAGTTTG,1
CGGATGGCCGAGTTTA,1
CGGATGGCGGTCCTTT,1
CGGATGTACCAGGCAA,1
CGGATGTGCACATATC,1
CGGATGTGCCTATATC,1
CGGATTAACTACAAAA,1
CGGATTACTTACAACC,1
CGGATTACTTTCAACC,1
CGGATTATAAAAGCGT,1
CGGATTCATATCCCCC,1
CGGATTCTTAACACTC,1
CGGATTGAAAAAGCGT,1
CGGATTGGATGTACAG,1
CGGATTTATTAGAAAA,1
CGGATTTCCCACCGTT,1
CGGCAAAAAAAGGACC,1
CGGCAAAAAGGAGATC,1
CGGCAAAATTGAGATC,1
CGGCAAACAAATAATA,1
CGGCAAACATAGCGCT,1
CGGCAACACCCTACCG,1
CGGCAACCAACTAAGA,1
CGGCAACCCAAAAACC,1
CGGCAACCTACTAAGA,1
CGGCAACTACGGGTCT,1
CGGCAACTATACACAG,1
CGGCAAGATTAATAGT,1
CGGCAATCGAACAAGA,1
CGGCAATCTATAGAGA,1
CGGCAATCTTTATTAC,1
CGGCAATTCTATGACC,1
CGGCACAAAGAGAAAA,1
CGGCACAACGCGATAA,1
CGGCACAAGACCTCAC,1
CGGCACAATTAACACC,1
CGGCACAATTTATCCC,1
CGGCACATCACTCCTC,1
CGGCACATCATGGGTA,1
CGGCACCCCATGGGTA,1
CGGCACCTAATGGGTA,1
CGGCACCTCATAGGTA,1
CGGCACCTTATGGGTA,1
CGGCACGCCGACCGAA,1
CGGCACGCTATCCAAT,1
CGGCACTGAAAACGAT,1
CGGCACTTGACGAAAC,1
CGGCAGAACAATAAGT,1
CGGCAGCACTTAGCCT,1
CGGCAGCAGACTATCA,1
CGGCAGCATTTAAGAA,1
CGGCAGCGATGGAAAT,1
CGGCAGCGCGAAATCT,1
CGGCAGTAAAACGTTT,1
CGGCAGTCAGGACACT,1
CGGCATAACAGGTCTC,1
CGGCATAAGACGCGGA,1
CGGCATACCATGTCAT,1
CGGCATACGATGAATA,1
CGGCATATCTGATGCG,1
CGGCATCTAAACAAAA,1
CGGCATCTATCAAATA,1
CGGCATGAGCTCTGGT,1
CGGCATGATACAATCA,1
CGGCATTAAAACACCC,1
CGGCATTAAGCAATTA,1
CGGCATTATATGTTGA,1
CGGCATTCATCCACAA,1
CGGCCAAACAATAAGT,1
CGGCCAAATAATTAGT,1
CGGCCAACCAGCACTT,1
CGGCCAACGTACAAGA,1
CGGCCAAGCAAACACA,1
CGGCCACCGATACAAG,1
CGGCCACGTGAATAGA,1
CGGCCAGGCGATTTGG,1
CGGCCAGTTGCTTAGT,1
CGGCCATATTATAAGA,1
CGGCCATCATAATCTT,1
CGGCCATGGACTGAAA,1
CGGCCATGGCCTTAAA,1
CGGCCATGTCCTGAAA,1
CGGCCCAATAAACACC,1
CGGCCCAATTAAGACC,1
CGGCCCATAAAATCTA,1
CGGCCCCAACCAGGAA,1
CGGCCCCCACAATTCA,1
CGGCCCCCACTATTCA,1
CGGCCCCCAGGACAGC,1
CGGCCCCCTTTGTCCG,1
CGGCCCCGAATATCTA,1
CGGCCCCTGCTCCACA,1
CGGCCCGATCTGACAA,1
CGGCCCGTCACAACCG,1
CGGCCCTAACTAGAAC,1
CGGCCCTGGTAAGGTG,1
CGGCCCTGGTCCAGAG,1
CGGCCGAACAAGAGAT,1
CGGCCGAACAATAAGC,1
CGGCCGAACAATAATT,1
CGGCCGACAAAGTTAC,1
CGGCCGAGACAATGAC,1
CGGCCGCATACTACGA,1
CGGCCGCCCGAAGTAT,1
CGGCCGCTAACTGCTC,1
CGGCCGCTAACTGTTA,1
CGGCCGCTGACTGTTC,1
CGGCCGGGAATCCCCG,1
CGGCCGTGGGGTAGAA,1
CGGCCTATCGTTAAAC,1
CGGCCTCACAAAAGAT,1
CGGCCTCTACAAGTGT,1
CGGCCTCTCGAAAGCT,1
CGGCCTGAAAATACAC,1
CGGCCTGTGCGGACCA,1
CGGCCTTAAGCAAATA,1
CGGCCTTAAGCAATCA,1
CGGCGAAAAAATAATA,1
CGGCGAAAGAATTAGT,1
CGGCGAACAAACAATA,1
CGGCGAATAATCAATC,1
CGGCGAATGTCCTAGA,1
CGGCGAATGTCTTACA,1
CGGCGAATGTCTTATA,1
CGGCGACCCAGAAACC,1
CGGCGACCGAAAAACC,1
CGGCGACGGCACAATG,1
CGGCGAGACTCTTATG,1
CGGCGAGAGGACAATA,1
CGGCGAGGAAAAATCC,1
CGGCGAGGTAAAATCA,1
CGGCGAGGTAAAATGC,1
CGGCGAGGTAAAATTC,1
CGGCGAGGTAAAGTCC,1
CGGCGATGAAAACGAT,1
CGGCGATGGAACAATG,1
CGGCGATGGATATTCG,1
CGGCGATGGCACAGTG,1
CGGCGATGGCTATTCT,1
CGGCGATGGCTGTTCG,1
CGGCGATGGGACAATG,1
CGGCGATGTCACAATG,1
CGGCGATTGCACAATG,1
CGGCGCAAGGCCCAAG,1
CGGCGCGTATTGTCAT,1
CGGCGCTGAAAACTAT,1
CGGCGGAAGTTTTTAT,1
CGGCGGATCTTAGTTT,1
CGGCGTAAACCGACAA,1
CGGCGTGGATCTTACG,1
CGGCGTGGCTCTCACG,1
CGGCGTGGCTCTTAAG,1
CGGCGTTACAATACAG,1
CGGCGTTATATTTGAG,1
CGGCTAAAAATTCTAT,1
CGGCTAAAATAGCTTA,1
CGGCTAACACAGGTGA,1
CGGCTAACATATTAAT,1
CGGCTAAGTTGAATCA,1
CGGCTAATAATCAACC,1
CGGCTAATCATCAAAC,1
CGGCTACCTACTCAAA,1
CGGCTACCTCAATCCG,1
CGGCTATATTTCAGAC,1
CGGCTATCCCAAACTA,1
CGGCTCATTCCCACAG,1
CGGCTCCACGACTTAA,1
CGGCTCCATTACCCTT,1
CGGCTCCGCACATCAC,1
CGGCTCGGTTACGGGG,1
CGGCTCGTGAATTAAT,1
CGGCTCTAAGACTTAA,1
CGGCTCTACATCAACT,1
CGGCTCTACGACTTGA,1
CGGCTCTACGTCTTAA,1
CGGCTCTACTAATTTA,1
CGGCTCTCCATTACTG,1
CGGCTCTGAAAACGAT,1
CGGCTCTTGAGAGGCG,1
CGGCTGAATCACAGGG,1
CGGCTGAATTCTAACA,1
CGGCTGCCACATTTAC,1
CGGCTGTAACAATAAG,1
CGGCTTAAAAAAGCGT,1
CGGCTTAGACGCCTCA,1
CGGCTTAGACTCCTCA,1
CGGCTTATATGAATAT,1
CGGCTTATCTATCATA,1
CGGCTTCGAGATTAAA,1
CGGCTTGATCCCATAT,1
CGGCTTGGACAGGTTC,1
CGGCTTTATCGCAGAG,1
CGGCTTTGTTGGGATC,1
CGGCTTTTTTATTTGA,1
CGGGAAACGAGAGAAA,1
CGGGAAATATTAACAA,1
CGGGAACATTTGCATG,1
CGGGAACCGGACAGTT,1
CGGGAAGATCATATGA,1
CGGGAAGCCTGATTCG,1
CGGGAATGCACTGGCA,1
CGGGAATGGATGCACA,1
CGGGAATGTACTGGTA,1
CGGGAATTCTCAGCAG,1
CGGGACAAAGAGAAAG,1
CGGGACAAAGAGAAGA,1
CGGGACAAAGGGAAAA,1
CGGGACAAAGTACAAG,1
CGGGACAACACGACCA,1
CGGGACACAGTACAAC,1
CGGGACACAGTACAAT,1
CGGGACACATTACAAG,1
CGGGACAGACGACGGA,1
CGGGACAGGTTTGGGG,1
CGGGACATCCTTCGCC,1
CGGGACATTCCCACAA,1
CGGGACCCAAACAAAT,1
CGGGACCGTACAGCTA,1
CGGGACCTTCAAGCCC,1
CGGGACCTTGCGATCA,1
CGGGACGAATACTACT,1
CGGGACGCAGGGGGTG,1
CGGGACGGACATAACT,1
CGGGACGTAAGCTTAG,1
CGGGACTAAGAGAAAA,1
CGGGACTCAACTCTGA,1
CGGGACTCTTTTGGTA,1
CGGGACTGTCGTAATG,1
CGGGACTTTTTTGTTA,1
CGGGAGAAAGAGAAAA,1
CGGGAGAACATATTAT,1
CGGGAGCAACATAAAA,1
CGGGAGGAAGGCACCC,1
CGGGAGGAAGGCACCT,1
CGGGAGGGAACCAAGC,1
CGGGAGGGTACAAAGC,1
CGGGAGGGTACGAAGC,1
CGGGAGGGTAGCAAGC,1
CGGGAGTATGAGTAAC,1
CGGGAGTGTACCAAGC,1
CGGGAGTGTACTGGCA,1
CGGGAGTTGGTGCAGC,1
CGGGATAAAGTACCAA,1
CGGGATAACAACAAAA,1
CGGGATAAGCTCTAAG,1
CGGGATACCTCGAAAA,1
CGGGATATTTAAACGA,1
CGGGATATTTAAGTGA,1
CGGGATATTTAGGCGA,1
CGGGATCCGCTGCCCA,1
CGGGATCTACACGGAA,1
CGGGATCTCAACGGAA,1
CGGGATCTCCACGCAA,1
CGGGATCTCTTATACC,1
CGGGATCTTGTAGGCT,1
CGGGATCTTGTCGGAT,1
CGGGATGTAAACCAAG,1
CGGGATTAAGATAAAC,1
CGGGATTACTGAAAGG,1
CGGGATTCTATACAGG,1
CGGGATTTAGGTCTAA,1
CGGGCAAACTACACTA,1
CGGGCACGTAATAGTT,1
CGGGCAGAAGTAATGC,1
CGGGCAGAGGCAATGC,1
CGGGCATAAAATTTCT,1
CGGGCATAAGCAATGC,1
CGGGCATGACTCGTCC,1
CGGGCCAACAGCTAAA,1
CGGGCCAGAGGACGGA,1
CGGGCCATACCCACAA,1
CGGGCCATTCCAACAA,1
CGGGCCATTCCCATAA,1
CGGGCCATTTCCACAA,1
CGGGCCCACACCTTAA,1
CGGGCCCATACAGCTA,1
CGGGCCCGACTCGTCC,1
CGGGCCCGTACTAAAT,1
CGGGCCGAGAAATAAA,1
CGGGCCTAGGCGAACG,1
CGGGCCTGACTAGTCC,1
CGGGCCTGGCTCGTCC,1
CGGGCCTTTGCAAGTA,1
CGGGCTAGGTGAACGC,1
CGGGCTATAAATTTCT,1
CGGGCTCCAAATAATA,1
CGGGCTCGTCAGAGCC,1
CGGGCTCTCTTATATC,1
CGGGCTCTCTTGTACC,1
CGGGCTGTGTAAGAAC,1
CGGGCTTTTATCAAAC,1
CGGGGAAATAATTTTT,1
CGGGGAAATAGATATA,1
CGGGGAAATTCTTGTT,1
CGGGGAACAACCCAAG,1
CGGGGAACATGACGAT,1
CGGGGAAGGTACATAC,1
CGGGGAATAATAAATC,1
CGGGGAATGATCAATC,1
CGGGGAGTAAAGCTCC,1
CGGGGAGTATATGTAC,1
CGGGGATAAAACTCTG,1
CGGGGATGTACTGGCA,1
CGGGGATTGGACAAGT,1
CGGGGCAGACGACGGA,1
CGGGGCCACTATCGTG,1
CGGGGCCCTAGGCCTT,1
CGGGGCCTAGCTGCGT,1
CGGGGCGGCAACTTGA,1
CGGGGGACATGAAAGC,1
CGGGGGAGCCAATGTA,1
CGGGGGTAGCATCATA,1
CGGGGGTTGCATCATA,1
CGGGGTACATCTTGAG,1
CGGGGTATTTAAGCGA,1
CGGGGTCGAACGTGCT,1
CGGGGTTATTAACCAC,1
CGGGGTTCTACAAAGA,1
CGGGTAACAATTATTA,1
CGGGTAACTACGAAAA,1
CGGGTAATAATCAATC,1
CGGGTAGATTACTTAA,1
CGGGTAGATTCTTTAA,1
CGGGTAGTAAATAAGA,1
CGGGTATACAATAGGA,1
CGGGTATGCAGCCTCG,1
CGGGTCAAGAAAACCA,1
CGGGTCAAGCACCGAG,1
CGGGTCATTCCCACAA,1
CGGGTCCACAATTTCG,1
CGGGTCCACGATTTCG,1
CGGGTGAAAAGTATAC,1
CGGGTGAAGCCGTTTA,1
CGGGTGAGCACGAGAC,1
CGGGTGCAAAACTCGA,1
CGGGTGCTGAGAATTT,1
CGGGTTACACTTATTA,1
CGGGTTGATATAAAAA,1
CGGGTTTAACGCAGAG,1
CGGGTTTACCGCAGAG,1
CGGTAAAAAAAGAGCA,1
CGGTAAAATAATGGGA,1
CGGTAAAATATAATAA,1
CGGTAAAATATTACTT,1
CGGTAAACAGAATGTC,1
CGGTAACAAAACAAAA,1
CGGTAAGCTTCGATGG,1
CGGTAATACATGATTT,1
CGGTAATAGACTGCCC,1
CGGTAATCCGGGAAGC,1
CGGTACAAAAGAACGC,1
CGGTACAAATAAATCC,1
CGGTACAAGAGGACGC,1
CGGTACAATGTCTCAA,1
CGGTACAATTTAGTAA,1
CGGTACACATGATTTG,1
CGGTACACCTAAAAAC,1
CGGTACACTGAAATTA,1
CGGTACATACCGTATT,1
CGGTACCAAAACTAGA,1
CGGTACCAATTAGTAA,1
CGGTACCCAAACAAAT,1
CGGTACCTTGCTATAA,1
CGGTACCTTTATTAGT,1
CGGTACGCTTCGATCC,1
CGGTACGCTTCTATGG,1
CGGTACGGAACCAAAA,1
CGGTACGTCGACTCCT,1
CGGTACTTCCTAGGTT,1
CGGTACTTGCTTACAT,1
CGGTACTTTTCCACCG,1
CGGTACTTTTTAGGTT,1
CGGTAGAACTAAAACT,1
CGGTAGAACTTAGCCT,1
CGGTAGATAACATAAC,1
CGGTAGATTGCTGCGC,1
CGGTAGCAATTAGCCT,1
CGGTAGCATTTATCCT,1
CGGTAGCCATCTTACA,1
CGGTAGCCTCAAAGAA,1
CGGTAGCTGATAAGTA,1
CGGTAGCTTATCAGTA,1
CGGTAGGGTACCAAGC,1
CGGTATAACAAATGGA,1
CGGTATAAGAGGTATC,1
CGGTATAGCAACCGGC,1
CGGTATAGCGCCAAGA,1
CGGTATAGCTTCAAGA,1
CGGTATATGGAACCAT,1
CGGTATATTGGTCTAT,1
CGGTATCACATAGGTG,1
CGGTATCACTTAGCCT,1
CGGTATGAAAAAGAAA,1
CGGTATGCTCTAAAAA,1
CGGTATTATTCGAACC,1
CGGTCAAATAATTGGA,1
CGGTCAACAACAGGCC,1
CGGTCAACAGTCAAGG,1
CGGTCAACTATAAAAT,1
CGGTCAATGGCAAGAT,1
CGGTCAATGGGGAAGG,1
CGGTCAATTGCTGCGC,1
CGGTCACAGAATAAGT,1
CGGTCACCTAGCTACC,1
CGGTCACTATGGCGCT,1
CGGTCAGGATGATCCC,1
CGGTCATCCGATCGAC,1
CGGTCCATTCCCACAA,1
CGGTCCATTGCTGCGC,1
CGGTCCCGTACAGCTA,1
CGGTCCCGTACTAAAG,1
CGGTCCCTAGAACTTA,1
CGGTCCGGCATTATAA,1
CGGTCCGTATACATAT,1
CGGTCCTAGTAGTGGA,1
CGGTCCTCAGTACACC,1
CGGTCCTGACTCGTCC,1
CGGTCCTTCAGAACAC,1
CGGTCGAGACAATATT,1
CGGTCGATGACCAAAA,1
CGGTCGATGGCTGCGC,1
CGGTCGATTGCTGAGC,1
CGGTCGATTGCTGCGA,1
CGGTCGATTGCTGTGC,1
CGGTCGATTTCTGCGC,1
CGGTCGCAAGTATCTG,1
CGGTCGCCAGTCAAGG,1
CGGTCGTAAAAAATAC,1
CGGTCTAAAATTAACC,1
CGGTCTACAACGTGCG,1
CGGTCTGTCACAACCG,1
CGGTCTTACTGGCATA,1
CGGTGAAAGTATCGAC,1
CGGTGAAGCAACTCTG,1
CGGTGAATGTCTTAGA,1
CGGTGACTGAACAAAA,1
CGGTGAGTTATAAAAA,1
CGGTGATGGCACAATG,1
CGGTGATGGCTATTCG,1
CGGTGATTATACTTAC,1
CGGTGATTGCCCAAAA,1
CGGTGCAATAAGCACC,1
CGGTGCAGAAGGGAAC,1
CGGTGCAGACGACAAT,1
CGGTGCATTGATTACC,1
CGGTGGGCAGACCGCT,1
CGGTGGGCGGACTGCT,1
CGGTGGTACCATATAC,1
CGGTGGTCGCATCATA,1
CGGTGGTTCCGTAGAC,1
CGGTGTAAAGGAGATG,1
CGGTGTAAATGCGATG,1
CGGTGTAGAAAGGAAC,1
CGGTGTATAAGGATTT,1
CGGTGTCAAAGCAAGA,1
CGGTGTCGGAGCAAGA,1
CGGTGTGGAGGAAGGG,1
CGGTGTTCCATTCCAA,1
CGGTGTTTGCTTCCCT,1
CGGTTAAGATTAGAAT,1
CGGTTAAGCAAGTGGG,1
CGGTTAAGTAGAATCA,1
CGGTTAAGTTCAATCA,1
CGGTTACCATAAGAAA,1
CGGTTACTCCAAGATT,1
CGGTTACTCTAAGAAT,1
CGGTTAGCTCAAAACT,1
CGGTTATACCATAACT,1
CGGTTATTACAAGTGA,1
CGGTTATTCTACTTTA,1
CGGTTCAAAATTCAGT,1
CGGTTCACAACAATAA,1
CGGTTCACTATCCTAT,1
CGGTTCCGCCCCAAGA,1
CGGTTCGCGCTAGTAT,1
CGGTTCTGTAAACAGA,1
CGGTTCTGTACTAACT,1
CGGTTGAGGGTTTTTG,1
CGGTTGAGTAATACTA,1
CGGTTGCTAACTTAAC,1
CGGTTGGATCAAAATA,1
CGGTTGGCCGTCGCCA,1
CGGTTGGCCTTCGCCG,1
CGGTTGGTAAGTTAAG,1
CGGTTGTTTCCTTCGT,1
CGGTTGTTTTCGCTAT,1
CGGTTTACGAACTCTC,1
CGGTTTAGGAACCCTC,1
CGGTTTAGTAAGACTA,1
CGGTTTATAAAGAATG,1
CGGTTTATATAGAGTG,1
CGGTTTCCATGTCCAT,1
CGGTTTGATATAAACA,1
CGGTTTTAACCTAACT,1
CGGTTTTCTCGGATCC,1
CGGTTTTTCTGCACTC,1
CGGTTTTTGAACACCG,1
CGTAAAAAAACTATGC,1
CGTAAAAAATCTGTAC,1
CGTAAAAACTATCTAT,1
CGTAAAAACTCCCAAA,1
CGTAAACAACATTCTA,1
CGTAAACAGGATTAAT,1
CGTAAACCGGGTAAGG,1
CGTAAACCTTATAAAC,1
CGTAAACTTGAGAATA,1
CGTAAAGACCTTACAC,1
CGTAAAGGTTTAAATC,1
CGTAAATAATCGCGAA,1
CGTAAATACATGGCCG,1
CGTAAATCAGACATCA,1
CGTAAATCCACCATCA,1
CGTAAATCCATGGCAG,1
CGTAAATCCGCAATCA,1
CGTAAATCCGCTACAA,1
CGTAAATCCGGCATCA,1
CGTAAATCCTTGACAA,1
CGTAAATCGATGGCCG,1
CGTAAATCGGCCATCA,1
CGTAAATCGGGCTGGA,1
CGTAAATGCAGTGTGC,1
CGTAAATGCAGTTTGG,1
CGTAACAAAAAAGGAC,1
CGTAACAAACTTAAGT,1
CGTAACAAGACCTCAC,1
CGTAACAAGCCGAACA,1
CGTAACACCAATAATT,1
CGTAACAGAATGCGAT,1
CGTAACAGATGGGCTC,1
CGTAACATAACCAACA,1
CGTAACCAGAGAAGAC,1
CGTAACCAGTGAAGAC,1
CGTAACCATCGAAGAC,1
CGTAACCATCGCTGAA,1
CGTAACCCACCTAAAC,1
CGTAACCCGTGTTCCA,1
CGTAACCTTAAACAGT,1
CGTAACGAGCGAAGAC,1
CGTAACGAGCTGTGAA,1
CGTAACGATAAAGTCT,1
CGTAACGGATTCTGGA,1
CGTAACGGGGCGGAAA,1
CGTAACGTGATAACCC,1
CGTAACTAGATGTGAA,1
CGTAACTAGCCGTGAA,1
CGTAACTAGTGAGGGA,1
CGTAACTATTGAGTGA,1
CGTAACTCAGGTAGAC,1
CGTAACTGAGACACCA,1
CGTAACTGATCCACCA,1
CGTAACTGTATACTCA,1
CGTAACTTACTTATAA,1
CGTAAGAAACTAGTGT,1
CGTAAGAACGAATTGT,1
CGTAAGAACTTTAAGC,1
CGTAAGAGCGGACCCC,1
CGTAAGCCAGAAGTAA,1
CGTAAGCTATAATCTA,1
CGTAAGCTTCCCGACA,1
CGTAAGTAAGACGTAA,1
CGTAAGTAATGCGTGA,1
CGTAAGTAATGCTTTA,1
CGTAAGTACTACGTAA,1
CGTAAGTAGCTGTGAA,1
CGTAAGTATCAACACA,1
CGTAAGTATGAACAAA,1
CGTAAGTATTGCAAAC,1
CGTAAGTCAGAGGGTA,1
CGTAAGTCCGAAACTC,1
CGTAATAATGACCCCC,1
CGTAATACAACCTATG,1
CGTAATACTCGTATGC,1
CGTAATAGCCAACGCT,1
CGTAATATACATCTCC,1
CGTAATATGCACTTAC,1
CGTAATATGTATTGTT,1
CGTAATATTAAAAAAC,1
CGTAATCCATAAACCA,1
CGTAATCGGTTGTGGT,1
CGTAATGAATAATTCC,1
CGTAATGGGAGGATCA,1
CGTAATGTCCACTTAC,1
CGTAATTAAAATATGT,1
CGTAATTAATATATCA,1
CGTAATTACGACGTAA,1
CGTAATTAGAGCCAAG,1
CGTAATTATTTAAACA,1
CGTAATTCTCTACGAG,1
CGTAATTCTTAGACAC,1
CGTAATTGATAGGGAC,1
CGTAATTTAACCCAAA,1
CGTACAAAACAGATCA,1
CGTACAAACCAAATCC,1
CGTACAAATCATACTT,1
CGTACAACAACGTTCC,1
CGTACAAGACTGATAC,1
CGTACAAGTAGCTTCT,1
CGTACAATCATAAGGG,1
CGTACAATCATTAGGG,1
CGTACACACCATGTAC,1
CGTACACATGATGCAA,1
CGTACACCAAACAATA,1
CGTACACGACCAACGA,1
CGTACACGATTCGATA,1
CGTACACTAGAAGCAA,1
CGTACAGAGCATAGTG,1
CGTACAGCACGGCTAA,1
CGTACAGCCCGTCTAA,1
CGTACAGTCCGGCTAA,1
CGTACAGTTAAGATAC,1
CGTACATACCAACTAA,1
CGTACATAGAAGGCTT,1
CGTACATATCAATTTT,1
CGTACATCTCGGCTAA,1
CGTACCAATAGTAACA,1
CGTACCACAACGAGAG,1
CGTACCACAGTCTAAA,1
CGTACCATAATAACCT,1
CGTACCATCAGGAACG,1
CGTACCATTTTAATTC,1
CGTACCCAAATCACCA,1
CGTACCCAAATGAGGA,1
CGTACCCAGCTCGAAC,1
CGTACCCCAATCACCA,1
CGTACCCGAATCACAA,1
CGTACCCGAATCACTA,1
CGTACCCGGATCACCA,1
CGTACCCTTTTGTCGC,1
CGTACCCTTTTTGCGC,1
CGTACCGAGTTATATG,1
CGTACCTAAACCGTAG,1
CGTACGAAAACCCATC,1
CGTACGAACCGCATTA,1
CGTACGAACCTCATTC,1
CGTACGACATCTGTAC,1
CGTACGATAAAATTAA,1
CGTACGCAGCGCATTC,1
CGTACGCGGACTCATT,1
CGTACGGGAATCGTCA,1
CGTACGGGTTGACAGG,1
CGTACGTATAATTATT,1
CGTACGTCCGAGACTC,1
CGTACGTCCTACCTTA,1
CGTACGTCCTGACTTA,1
CGTACGTTAACCCATC,1
CGTACTAACTAAAAAA,1
CGTACTACCACAGCCG,1
CGTACTAGATAAACCC,1
CGTACTATTATACAAG,1
CGTACTCAAAATGCAA,1
CGTACTCAACCCCGTT,1
CGTACTCAGACTGCAA,1
CGTACTCCCTCATTTC,1
CGTACTCGACACCGTT,1
CGTACTCGACCCCTTT,1
CGTACTCGAGACCGTT,1
CGTACTCGATCCCGTT,1
CGTACTCGGCCCCGTT,1
CGTACTCTAAATAAAT,1
CGTACTCTACCCCGTT,1
CGTACTCTGAAGAAAT,1
CGTACTCTTCCCGACA,1
CGTACTGCTACCCGAG,1
CGTACTTAATAAAATC,1
CGTACTTGAAGGACAG,1
CGTACTTTACCCGCTA,1
CGTAGAACTGACCCTA,1
CGTAGACAAGGGGTAA,1
CGTAGACAATGGATAA,1
CGTAGACATCCAGAAA,1
CGTAGACCTCTGGCCA,1
CGTAGACGAAATGATA,1
CGTAGACTCCTTCCAT,1
CGTAGACTGAATGATA,1
CGTAGACTGATTTTGA,1
CGTAGAGATATTCAAA,1
CGTAGAGATTCAGATT,1
CGTAGAGTAAGAATAG,1
CGTAGAGTGTCAAAGA,1
CGTAGAGTGTCAACGG,1
CGTAGAGTTCCAGGCT,1
CGTAGAGTTGCAGGCA,1
CGTAGAGTTGTAGGCT,1
CGTAGAGTTTACACTA,1
CGTAGAGTTTCAGGCT,1
CGTAGATATCTATTTA,1
CGTAGATCAAAACAAT,1
CGTAGATCAGATCAAC,1
CGTAGATGAAAACTCA,1
CGTAGATGACAAACAT,1
CGTAGATGCGTAATTG,1
CGTAGCAAGATTACAT,1
CGTAGCAATATTCCAT,1
CGTAGCAATGAAATCG,1
CGTAGCAGTCAAAGAT,1
CGTAGCATTCCCACAG,1
CGTAGCCAATCCCATT,1
CGTAGCCAGGTCAAAC,1
CGTAGCCGAAACCTTT,1
CGTAGCCTGACAGGTT,1
CGTAGCGAATAAAACA,1
CGTAGCGATATGGATC,1
CGTAGGACGACTTCTC,1
CGTAGGCCCACAATCA,1
CGTAGGCGAACTCATT,1
CGTAGGGCGCAGAAGA,1
CGTAGGTATAAGAATA,1
CGTAGGTCTACCATAG,1
CGTAGGTGGACCATAG,1
CGTAGGTTCGAGAAAA,1
CGTAGTATATCTGATG,1
CGTAGTCAAAATGGAA,1
CGTAGTCACAATTAAA,1
CGTAGTCACCTGATTA,1
CGTAGTCCAAGAACAA,1
CGTAGTCCTGACCACC,1
CGTAGTTCATCCGCAA,1
CGTAGTTCATCTGCAG,1
CGTAGTTCATCTTCAA,1
CGTAGTTGTCCCCGGA,1
CGTATAAAATAGTCAA,1
CGTATAAACAATCATG,1
CGTATAAAGAGACTGA,1
CGTATAAAGAGGGGTG,1
CGTATAAAGTGACAGA,1
CGTATAAAGTGACTGG,1
CGTATAAAGTGACTGT,1
CGTATAAATATTTGAA,1
CGTATAAATCAGGGGG,1
CGTATAAGCAGGTCCA,1
CGTATAAGCCTATATG,1
CGTATAAGGCAATTTA,1
CGTATAAGGTGACTGA,1
CGTATACAGACAACTT,1
CGTATACAGCCAGAAA,1
CGTATACATGACATCC,1
CGTATACCACAGAGGA,1
CGTATACCAGGACTGT,1
CGTATACCAGTCCTGT,1
CGTATACCGGGCCTGT,1
CGTATAGAAACACATA,1
CGTATAGAATACACCG,1
CGTATAGAATACTCCG,1
CGTATAGAATATGCCG,1
CGTATAGCAATATGGA,1
CGTATATAACATAAAC,1
CGTATATATGAAGGCG,1
CGTATATCTACATACT,1
CGTATATGGACAACCA,1
CGTATATTCAACGATG,1
CGTATATTCACGCCCG,1
CGTATCAACTTGGTTG,1
CGTATCCAACGATCTG,1
CGTATCCAGAACAAGT,1
CGTATCGAAGTCAAGT,1
CGTATCGCATGGCACT,1
CGTATCGTCTACCTCG,1
CGTATCGTCTAGAACA,1
CGTATCGTCTATCACA,1
CGTATCTATCATACTA,1
CGTATCTGACATCTAC,1
CGTATCTGGCAAAGGT,1
CGTATCTGGCAATGGC,1
CGTATCTGGTAAAGGC,1
CGTATCTTCGATTACA,1
CGTATCTTCTAGCACA,1
CGTATGAACCTATTAC,1
CGTATGACTACCAGTA,1
CGTATGAGACAATTTA,1
CGTATGATTCAGTTAA,1
CGTATGCAAATCATAA,1
CGTATGCGAATAATCG,1
CGTATGCTAAACGAGC,1
CGTATGCTAAACGCGA,1
CGTATGCTAAACTCGC,1
CGTATGCTAAGCGCGC,1
CGTATGCTAGTTACCT,1
CGTATGCTGAACGCGC,1
CGTATGCTGGTTAACT,1
CGTATGGAATACGCCG,1
CGTATGGATATACGAA,1
CGTATGGGCGGAGACT,1
CGTATGTAGTGCTTAA,1
CGTATGTCTCAGGTCT,1
CGTATGTTTCAGGACT,1
CGTATGTTTCAGGTCC,1
CGTATGTTTCAGGTTT,1
CGTATTAAAAGTGTCA,1
CGTATTACACACCCAA,1
CGTATTACTGCAATCT,1
CGTATTATCATAGAAC,1
CGTATTCAAACTGCAA,1
CGTATTCGCCAGTCAA,1
CGTATTCTAGCTTGAA,1
CGTATTGAACCCGAGC,1
CGTATTTAAAAGATTA,1
CGTATTTAAATGCACT,1
CGTATTTAACTTCAAA,1
CGTATTTCATCTGCAA,1
CGTATTTCTCTCCATT,1
CGTATTTGTCATATCT,1
CGTATTTGTGGGAGTT,1
CGTCAAAAGACCTCAC,1
CGTCAAAATATCCATC,1
CGTCAAAATGGAGATC,1
CGTCAAACGAACAACT,1
CGTCAAACGCGAACGG,1
CGTCAAAGACGACTAT,1
CGTCAAAGGCACAAGC,1
CGTCAAAGTCAGAAGC,1
CGTCAAATATACACAG,1
CGTCAAATTAGTATCC,1
CGTCAACCCATAATAC,1
CGTCAACCCCCTAAAT,1
CGTCAACCTACGATTT,1
CGTCAACTATAAACAG,1
CGTCAAGAGAAATTCT,1
CGTCAAGAGGACCTTA,1
CGTCAAGGTAGCCAAT,1
CGTCAAGTACTGCCAT,1
CGTCAATAAATCGTGG,1
CGTCAATACTAAAATT,1
CGTCAATACTAAAGTC,1
CGTCAATAGACTGCCC,1
CGTCAATGATGCCTGT,1
CGTCACAAAATCAAGC,1
CGTCACAACCTTCTGC,1
CGTCACAAGACATCAC,1
CGTCACAATACCTCAC,1
CGTCACAGTAGGATGG,1
CGTCACATCCTTCGCC,1
CGTCACATTACGCCAA,1
CGTCACCAAAATAAAC,1
CGTCACCAACCCAACG,1
CGTCACCACATATCCC,1
CGTCACCCAAAAAACA,1
CGTCACCCAAATAACA,1
CGTCACCCAAGCAACA,1
CGTCACCTAAACAACA,1
CGTCACCTGGTGCCGT,1
CGTCACGGCCATGTAC,1
CGTCACGTGATAAACC,1
CGTCACTATGTTATCG,1
CGTCACTATTCAGTCA,1
CGTCACTGATCCATTT,1
CGTCACTTACAAGCAG,1
CGTCACTTACTAGAAG,1
CGTCAGAAAGTCGATT,1
CGTCAGATATTAACCT,1
CGTCAGCAGCTAGACA,1
CGTCAGCCAAATGACA,1
CGTCAGTATAAAGTAA,1
CGTCAGTATTACAAAC,1
CGTCAGTATTGCAAAT,1
CGTCAGTATTGCAACC,1
CGTCAGTGATAGAAAT,1
CGTCAGTGGATTGTCC,1
CGTCAGTGTTAGAGTT,1
CGTCATAAAAATAAAC,1
CGTCATAAGACAGAAC,1
CGTCATAAGACCTCAC,1
CGTCATAAGCCAGAAT,1
CGTCATATATTCACCT,1
CGTCATCAAGATAAAC,1
CGTCATCACTAGAAAA,1
CGTCATCACTATTAAA,1
CGTCATCGGACTTGAA,1
CGTCATGACAAACCCG,1
CGTCATGGGAATTGAA,1
CGTCATGGGACTTGGA,1
CGTCATGTAAATTCTC,1
CGTCATGTAAGACAAA,1
CGTCATGTATATTATC,1
CGTCATTAAAGCCAAG,1
CGTCATTAATGCTAAT,1
CGTCATTAATGCTACC,1
CGTCATTAATGGTACT,1
CGTCATTAGCTAAAGC,1
CGTCATTATAGGTTGA,1
CGTCATTATCTCAAGC,1
CGTCATTTGCAGACGC,1
CGTCCAAAGAATTAGT,1
CGTCCAAAGTAACCAA,1
CGTCCAACATAAGAAG,1
CGTCCAACATCAGAAA,1
CGTCCAACATCAGAGG,1
CGTCCAAGCCAAAATT,1
CGTCCAAGCCAAATCC,1
CGTCCAATGAATTGCT,1
CGTCCACCTTGTAAAG,1
CGTCCAGATATCCACA,1
CGTCCAGCATCAGAAG,1
CGTCCAGTCTAAAGAT,1
CGTCCATCATCTTCCT,1
CGTCCCAACGCGATAA,1
CGTCCCAATCAATCAA,1
CGTCCCAATCGAGCAA,1
CGTCCCAATTATCTGG,1
CGTCCCACAGTGAATG,1
CGTCCCACAGTTCATG,1
CGTCCCACTTTAAACT,1
CGTCCCATATGCTACT,1
CGTCCCATGAAGTCTC,1
CGTCCCCATCCATTGA,1
CGTCCCCTAACCACCC,1
CGTCCCGCTAAGACTC,1
CGTCCCGTGTCCGCAC,1
CGTCCCTAAGTGTCTT,1
CGTCCCTAGAACAACT,1
CGTCCCTAGTAAAAAA,1
CGTCCCTCAGATAAAG,1
CGTCCCTGAACAGCGG,1
CGTCCGAACAATAAGT,1
CGTCCGAAGACTGAAC,1
CGTCCGAAGGGAAAAA,1
CGTCCGACTTGCCTCG,1
CGTCCGAGCAATTGAC,1
CGTCCGATATACGCGT,1
CGTCCGATTACAAATA,1
CGTCCGCATACTACCA,1
CGTCCGCCCAAAGTAT,1
CGTCCGCTAACTGTTC,1
CGTCCGGTCTGCCGAA,1
CGTCCTAATCAAGCAA,1
CGTCCTACAATGCTCG,1
CGTCCTCACGGAAGGC,1
CGTCCTGACATAAAAG,1
CGTCCTGGTCACGCCC,1
CGTCCTTAAAGGTCGG,1
CGTCCTTAAGCAATTA,1
CGTCCTTGGCAGCGCG,1
CGTCCTTGTCATATCT,1
CGTCGAAAAAGAAAAG,1
CGTCGAAAGTACTCCT,1
CGTCGAACAATGACAT,1
CGTCGAACCCTTCTGA,1
CGTCGACCAGCAATTA,1
CGTCGAGGTAAAATCC,1
CGTCGAGTAAGAATAT,1
CGTCGAGTAATAATAG,1
CGTCGAGTACCGACCC,1
CGTCGATGAATTACAA,1
CGTCGATGCGTAATTC,1
CGTCGATTTCAACCGA,1
CGTCGCAATTTGGATA,1
CGTCGCCAATCACATT,1
CGTCGCCCAAATTTCA,1
CGTCGCCCCCCAAACC,1
CGTCGCCGAGTAAGGG,1
CGTCGCGTGATAACCC,1
CGTCGCTATTAATAAC,1
CGTCGGACATGAAAGC,1
CGTCGGATATTCACCT,1
CGTCGGATTAACCCTG,1
CGTCGTACGGAAGTGC,1
CGTCGTCGAGGATGAA,1
CGTCGTCTTAAAAGTG,1
CGTCGTGCCTCAGACT,1
CGTCGTGCGTAATCCC,1
CGTCGTTGCTACGGGG,1
CGTCTAAAACGGCCGG,1
CGTCTAAGTCTTAATA,1
CGTCTAATACAGATGA,1
CGTCTAATAGAGAAAG,1
CGTCTACTACTAAAAG,1
CGTCTAGCACAGATGA,1
CGTCTATAACATCTAA,1
CGTCTATATACGAAGC,1
CGTCTATTCAATTGAC,1
CGTCTATTGAATTAAC,1
CGTCTCAACAACTAAT,1
CGTCTCCAATCCCATT,1
CGTCTCCCGACATCTT,1
CGTCTCCGGCTTGAAC,1
CGTCTCGCACGGATGA,1
CGTCTCGTTTACACTA,1
CGTCTCTCAGATAAAT,1
CGTCTCTCAGATAGAT,1
CGTCTCTGGTAAAGCG,1
CGTCTGAAAAGCGAAA,1
CGTCTGAAGCTAGGGC,1
CGTCTGAGACCTTGTA,1
CGTCTGAGTCAACCCA,1
CGTCTGCGTAACGACG,1
CGTCTGCTATTAAAAT,1
CGTCTGGATATAAGAA,1
CGTCTGTGGAAAAACA,1
CGTCTGTTTCAGGTCT,1
CGTCTTAACTTCAGAA,1
CGTCTTATATACAAAC,1
CGTCTTATATTCAAAC,1
CGTCTTCACCTAATCC,1
CGTCTTCATTGGTCCC,1
CGTCTTCCCAACAAGC,1
CGTCTTTCCAGATGGC,1
CGTCTTTCGGCCGTAC,1
CGTGAAAACACCTTTT,1
CGTGAAAACTACGCCT,1
CGTGAAAACTCCGACT,1
CGTGAAAAGACTTTTT,1
CGTGAAAAGAGAGTCA,1
CGTGAAAATGTTTAAA,1
CGTGAAACTACCCACA,1
CGTGAAACTATCCACG,1
CGTGAACAGAATAAAG,1
CGTGAACATATTTAAA,1
CGTGAACATGTCCAAT,1
CGTGAACATGTCTAAA,1
CGTGAACATGTTCAAA,1
CGTGAACATGTTGAAT,1
CGTGAACATGTTTAAT,1
CGTGAACATTTTTAAA,1
CGTGAACCTGCTTATG,1
CGTGAACTATGAATCC,1
CGTGAAGAATACTACT,1
CGTGAAGAGCGAGTCA,1
CGTGAATAAACAAGGT,1
CGTGAATCAGGGCTTT,1
CGTGAATCATGAGCAT,1
CGTGAATCATGCACAT,1
CGTGAATCATGCTCAT,1
CGTGAATCCGCGACAA,1
CGTGAATGTACTGGCA,1
CGTGAATTGTTGACCC,1
CGTGACAACGTAAAAC,1
CGTGACAGTTGATTAT,1
CGTGACAGTTGTAAGA,1
CGTGACATAATAACCT,1
CGTGACATGCTAACTA,1
CGTGACCAATATTGAT,1
CGTGACCACCCCGTCC,1
CGTGACCACCTCGTCT,1
CGTGACCACCTCTTCC,1
CGTGACCTTGAAATCC,1
CGTGACGAACTTACCA,1
CGTGACGCAAGGATAG,1
CGTGACGGGTCAACAC,1
CGTGACTAAGTATAAC,1
CGTGACTAGATCAGTG,1
CGTGACTATAAATGAT,1
CGTGACTCTTTTGCCA,1
CGTGACTGCATTCTAT,1
CGTGACTTAGCCGTTG,1
CGTGAGAAAGTGAACC,1
CGTGAGAACACTTTTT,1
CGTGAGACCAGGGTAC,1
CGTGAGACTGTTAGGG,1
CGTGAGAGGTGAGACA,1
CGTGAGATACTGAGCT,1
CGTGAGATTCTGAGCC,1
CGTGAGATTCTGATCT,1
CGTGAGATTCTTAGCT,1
CGTGAGCTCTCCATTC,1
CGTGAGGGTGATTTTA,1
CGTGAGTAAAAATCCA,1
CGTGAGTGAACAGTCA,1
CGTGAGTGATGTACCA,1
CGTGATACAAAGATCT,1
CGTGATAGGTCAACAT,1
CGTGATATAAACATCA,1
CGTGATATTAAGTTCC,1
CGTGATATTGAGTGCC,1
CGTGATCGTACTTGAC,1
CGTGATGCCCGGGTTT,1
CGTGATGTGGGGTAGT,1
CGTGATTAAAATAAAC,1
CGTGATTCGTTGGAAA,1
CGTGATTTTTTACACG,1
CGTGCAAAAGAGCGAC,1
CGTGCAAACTCTTAAA,1
CGTGCAAGACTGATAT,1
CGTGCACTTAAAGCGA,1
CGTGCATAATGTAGTG,1
CGTGCATACACGCAAA,1
CGTGCATAGATAACTA,1
CGTGCATCACTGATGG,1
CGTGCCAAACTCTACG,1
CGTGCCACAATAACCT,1
CGTGCCCAACGACCCG,1
CGTGCCCGTACTAAAG,1
CGTGCCCTTTTGGCGC,1
CGTGCCGATATTACCA,1
CGTGCCTATATGCCAA,1
CGTGCCTGGGCGAACG,1
CGTGCCTTAAGCGTGA,1
CGTGCGAAAAGTGCAG,1
CGTGCGACCCCCTCTA,1
CGTGCGAGAAAATCCA,1
CGTGCGCAATCGACTC,1
CGTGCGCGATACTTTG,1
CGTGCGCTTATCTCGA,1
CGTGCTTAAGTAAGGA,1
CGTGCTTAATATAATG,1
CGTGCTTGCGAGTGCA,1
CGTGGAAAAAACTATT,1
CGTGGAAAGTCTTGTT,1
CGTGGAACCATTGGTT,1
CGTGGAATAATCAATC,1
CGTGGAATTCTCAGGA,1
CGTGGAATTTAGGACT,1
CGTGGAGAGGGGTACG,1
CGTGGCAAATAATGGA,1
CGTGGCAATTAGGACT,1
CGTGGCACGAGAAGAT,1
CGTGGCAGAAGAGAAA,1
CGTGGCAGTCCAAGAT,1
CGTGGCATGCGGAATT,1
CGTGGCATTTACATTA,1
CGTGGCATTTAGTACT,1
CGTGGCCGATATTGAT,1
CGTGGCGAATACTACT,1
CGTGGCGACAAGATAT,1
CGTGGCGATTACACTA,1
CGTGGCGTAATTACAC,1
CGTGGCGTTAACACTA,1
CGTGGCGTTTAATCGT,1
CGTGGCGTTTACACAT,1
CGTGGCGTTTACACCT,1
CGTGGCGTTTACAGCT,1
CGTGGCGTTTATAGTT,1
CGTGGCGTTTTCACTA,1
CGTGGCTTCCACCTTT,1
CGTGGGAAATGAAAGC,1
CGTGGGACACGAAAGC,1
CGTGGGACATGAAAGA,1
CGTGGGACATGAAATC,1
CGTGGGACATGAACGA,1
CGTGGGACATGAAGGC,1
CGTGGGCGACCGTCTA,1
CGTGGGGCATGAAAGC,1
CGTGGGTATAGGGGTT,1
CGTGGGTGCGGTTTAT,1
CGTGGGTTATCAAGTC,1
CGTGGTACAAGCATAG,1
CGTGGTCCGAGTGACT,1
CGTGGTCGGCCGTGCC,1
CGTGGTCTAACAGAAA,1
CGTGGTCTAACAGAAC,1
CGTGGTGATATCGAAT,1
CGTGGTGTACAATAAC,1
CGTGGTTACATCCCGT,1
CGTGGTTTTATGACAT,1
CGTGTAAAGTCCTACA,1
CGTGTAACCGTTGGTT,1
CGTGTACTTAACTAAA,1
CGTGTCAGACAGTGCC,1
CGTGTCCCGAATCATC,1
CGTGTCGAAATCAATT,1
CGTGTGAACAGGAACT,1
CGTGTGACTCCTAACC,1
CGTGTGCAAAACTCGA,1
CGTGTGCATCGAAGTG,1
CGTGTGTTTCCAAAAC,1
CGTGTGTTTTAAAAAC,1
CGTGTTAAATCGAATC,1
CGTGTTACTGCCGACA,1
CGTGTTATGCATCCCA,1
CGTGTTCAACAGATAG,1
CGTGTTCGAGCCCTTG,1
CGTGTTCTATCAACAT,1
CGTGTTCTCCAATCAC,1
CGTGTTGTCGCACTAT,1
CGTGTTGTTTACACTA,1
CGTGTTTAGCACTATC,1
CGTTAAACGTGACCGA,1
CGTTAAACTATCCACA,1
CGTTAAACTCCGTATT,1
CGTTAAACTGTAACCC,1
CGTTAAAGAAACTAAG,1
CGTTAAAGGGAACGCA,1
CGTTAAATCAGACATG,1
CGTTAACAACAACAGA,1
CGTTAACACCCTAAAT,1
CGTTAACATGTTTAAA,1
CGTTAACCATTAAGGT,1
CGTTAACCCCATAAAT,1
CGTTAACCGAACCTCT,1
CGTTAACGAAAGCCCA,1
CGTTAACGGCGTTTAG,1
CGTTAAGAACACCTTG,1
CGTTAAGCGACTAACA,1
CGTTAAGGCGCCTGGT,1
CGTTAAGTAAGCCAAT,1
CGTTAAGTTGAAGTCG,1
CGTTAATAACAACAAA,1
CGTTAATAACAACATA,1
CGTTAATAAGGGCGAC,1
CGTTAATAGAACATTC,1
CGTTAATAGAATGCCC,1
CGTTAATAGACTACCC,1
CGTTAATAGACTGACC,1
CGTTAATAGACTGCCA,1
CGTTAATAGACTGCCG,1
CGTTAATAGACTGCCT,1
CGTTAATAGACTTCCC,1
CGTTAATGACAACAGA,1
CGTTAATTCGTATACA,1
CGTTACAAAAGGACGC,1
CGTTACAATTTGACTA,1
CGTTACACACTGTGGT,1
CGTTACACTTCACCCT,1
CGTTACATCCAAAAGA,1
CGTTACATCCACAATA,1
CGTTACATGATAACGA,1
CGTTACCAACATATTG,1
CGTTACCCAGACATAA,1
CGTTACGCTTCATCCT,1
CGTTACGCTTCGATGG,1
CGTTACTACTGCACTG,1
CGTTACTAGTATACGG,1
CGTTACTATCACTTTG,1
CGTTACTCACCTAAAA,1
CGTTACTGCCCCCACA,1
CGTTACTTTCGCTTGC,1
CGTTAGAAAACACCCC,1
CGTTAGAAAGTTCGAA,1
CGTTAGAAATCAGTTG,1
CGTTAGAACCAGTATT,1
CGTTAGAACCGAGAAC,1
CGTTAGAACCTAAAAC,1
CGTTAGACACCTAATA,1
CGTTAGACAGACGACT,1
CGTTAGAGACGTTGAA,1
CGTTAGAGAGACGACA,1
CGTTAGCACTTAGCCT,1
CGTTAGTACCCCATCC,1
CGTTAGTAGACCATCC,1
CGTTAGTATGAACACA,1
CGTTAGTCCCACTCCA,1
CGTTAGTCCCACTTCA,1
CGTTATAAAGTTCGCA,1
CGTTATAAATGATCAA,1
CGTTATAGAACATTTT,1
CGTTATAGAAGAGTGC,1
CGTTATAGCAAGCACA,1
CGTTATAGCGTCAAGA,1
CGTTATATAGAACCAT,1
CGTTATATGGAGCCAT,1
CGTTATCAAAGAGGGT,1
CGTTATCTCATTCATG,1
CGTTATGATTTTAAAC,1
CGTTATGCCAAGGTAT,1
CGTTATTAATTTTCGT,1
CGTTATTAGACCCCCA,1
CGTTATTATAAAAAAT,1
CGTTATTTTTCATATG,1
CGTTCAACATTAAGGT,1
CGTTCAAGTATGATAC,1
CGTTCACAATTAAGGT,1
CGTTCACACGAATATT,1
CGTTCACATTTGGAAT,1
CGTTCACCAGTCAAGG,1
CGTTCACCCCTACGCG,1
CGTTCAGCATTAAGGT,1
CGTTCCACTCTTTAAC,1
CGTTCCAGCACTTATC,1
CGTTCCCAATAAACTG,1
CGTTCCCCACCATACA,1
CGTTCCCCCGAGAACA,1
CGTTCCCTAACCACCG,1
CGTTCCCTAACCGCCC,1
CGTTCCCTTTAATCGT,1
CGTTCCGCACGCGAAC,1
CGTTCCGCTATAACAG,1
CGTTCCGTATACGTAT,1
CGTTCCTTATCACGTT,1
CGTTCGAATCCACAAG,1
CGTTCGATGAGAGCAA,1
CGTTCGATTCGAGCGA,1
CGTTCGATTGCTGCGC,1
CGTTCGCCAATAATTA,1
CGTTCGCCGCGATAGG,1
CGTTCGCTCCAAGATA,1
CGTTCGTAAAATAATA,1
CGTTCGTGAGGTCCGA,1
CGTTCGTTGTGATAAC,1
CGTTCTAATAAGACAA,1
CGTTCTACCAGTACCC,1
CGTTCTACCCTTATAG,1
CGTTCTACGCTTTAAG,1
CGTTCTAGATAAACCA,1
CGTTCTATCTAAGGGA,1
CGTTCTATCTTAGCGA,1
CGTTCTATGGATGGGT,1
CGTTCTCTAAAGAAAT,1
CGTTCTGGATAAACAA,1
CGTTCTGGATAAACGA,1
CGTTCTGTATACATAT,1
CGTTCTTCCTACATCT,1
CGTTCTTGTACACGTA,1
CGTTGAAAACAGATAA,1
CGTTGAATAGATAACT,1
CGTTGAATAGGTAACA,1
CGTTGAATTCCAAGGT,1
CGTTGACATAGGCCTT,1
CGTTGAGGTGCCTGGT,1
CGTTGATAACAGAAAG,1
CGTTGATCAAAGAAAT,1
CGTTGATCAAAGGAAG,1
CGTTGATCAAGGAAAG,1
CGTTGATCGAAGAAAG,1
CGTTGATGATTTTTTC,1
CGTTGCAAATCGGTGA,1
CGTTGCAGTAAATCCC,1
CGTTGCCAAAATGTAA,1
CGTTGCCACGACACGT,1
CGTTGCTTCTAGTTGC,1
CGTTGGAACCGAAAAC,1
CGTTGGAGGAATTGTT,1
CGTTGGGAGTAGTGTA,1
CGTTGGGATTTAAGAC,1
CGTTGGGCAGACTGCT,1
CGTTGGTATTAACATA,1
CGTTGGTTCTGTAGAC,1
CGTTGGTTTCGTAGAC,1
CGTTGTAAACTGATCA,1
CGTTGTAAGAAGCTTA,1
CGTTGTAATTCTACAT,1
CGTTGTACATCTACAT,1
CGTTGTACTTCCACAT,1
CGTTGTACTTCTATAT,1
CGTTGTACTTCTGCAT,1
CGTTGTCCGGTTTCCA,1
CGTTGTCCTTCTACAT,1
CGTTGTGAATGTAATA,1
CGTTGTGATTTCAACT,1
CGTTGTGGAACGCTTA,1
CGTTGTGTTTACACTA,1
CGTTGTTAGTAGTAAC,1
CGTTGTTTCCGTAGAC,1
CGTTTAAAAAAGATTG,1
CGTTTAAACTCCATTG,1
CGTTTAAGCCAAACGC,1
CGTTTAAGGGACGAAT,1
CGTTTAAGTCACGGAA,1
CGTTTAATAGATAACA,1
CGTTTACACTCCACTG,1
CGTTTACACTCCATCG,1
CGTTTACCAAGGCACC,1
CGTTTACGACAGAGGC,1
CGTTTACTATTGCACC,1
CGTTTAGACTCCAACT,1
CGTTTAGCACTCAAGA,1
CGTTTATAAAACAATC,1
CGTTTATAGCCTAAGC,1
CGTTTATATAAATTTT,1
CGTTTATATGTGAATA,1
CGTTTATCAAACAATA,1
CGTTTATCAAACAATT,1
CGTTTATCAAAGAAAG,1
CGTTTATCAAATAATC,1
CGTTTATCAGACAATC,1
CGTTTATTAAGGGCCC,1
CGTTTCACAATCAGAT,1
CGTTTCACTATAATTA,1
CGTTTCATAAAAGACA,1
CGTTTCATAGCTCATA,1
CGTTTCCATATTGATA,1
CGTTTCCGCCGCCCGG,1
CGTTTCCTTGGGGCAA,1
CGTTTCGACCGAATAT,1
CGTTTCGTATACATAT,1
CGTTTCTACAAACACT,1
CGTTTCTACAATCACT,1
CGTTTGACGAGCACGT,1
CGTTTGAGTAACATTG,1
CGTTTGAGTTAAATTG,1
CGTTTGAGTTGCATTG,1
CGTTTGCAACACCGAA,1
CGTTTGCACCACAGAA,1
CGTTTGCACCACCAAA,1
CGTTTGCATGACACCC,1
CGTTTGCCGCCATAGG,1
CGTTTGCTGGAAACAA,1
CGTTTGGGCTAAACTG,1
CGTTTGTTTTCAAAAC,1
CGTTTTAATGATACTT,1
CGTTTTACGATCAGAT,1
CGTTTTACTTCTACAT,1
CGTTTTAGGAACTCTC,1
CGTTTTAGTATACATT,1
CGTTTTAGTATTGATA,1
CGTTTTAGTTACATTG,1
CGTTTTGCCATACCCC,1
CGTTTTTCAGAACTAT,1
CGTTTTTTATAAATAT,1
CGTTTTTTCAAGAGAC,1
CTAAAAAAACAGAGCA,1
CTAAAAAAAGCAGCAT,1
CTAAAAAACCAAGAGG,1
CTAAAAAACCCCCGTT,1
CTAAAAAAGATAAAAT,1
CTAAAAAAGTCAGAAT,1
CTAAAAAATCTTATTA,1
CTAAAAACCATTAAAC,1
CTAAAAACGCACGAAT,1
CTAAAAACTGAAAAGC,1
CTAAAAAGATAACAAG,1
CTAAAAATAAAGTATA,1
CTAAAAATATAGTGTC,1
CTAAAAATCTATCATA,1
CTAAAAATGCCCGCAA,1
CTAAAAATTCTAAGCC,1
CTAAAACAAAAATGAA,1
CTAAAACACCCACTTT,1
CTAAAACACGCCCTGC,1
CTAAAACACGTATAAA,1
CTAAAACACTCACAGC,1
CTAAAACAGCTTGAGG,1
CTAAAACAGTCAGAAT,1
CTAAAACATAATCATA,1
CTAAAACATATAAAAC,1
CTAAAACCAGTATCAA,1
CTAAAACCCATGAGCG,1
CTAAAACCCGCACCCG,1
CTAAAACCCTCCCTAA,1
CTAAAACCGAAAGCGC,1
CTAAAACCGTAAACCG,1
CTAAAACCTCCCCGCA,1
CTAAAACCTTATAAAC,1
CTAAAACGAGCCTGGG,1
CTAAAACTGTCCCACG,1
CTAAAACTTAAGATTC,1
CTAAAACTTAAGCTAC,1
CTAAAACTTAAGCTTA,1
CTAAAACTTCATTCCC,1
CTAAAAGAAAGTCCAA,1
CTAAAAGACTCACAGA,1
CTAAAAGACTCACATC,1
CTAAAAGCGTCCCTGG,1
CTAAAAGGATATTCAC,1
CTAAAAGGCAACCATC,1
CTAAAAGGTCACCCAA,1
CTAAAAGTAACCACAA,1
CTAAAAGTAGAGAGCA,1
CTAAAAGTGAATGAGA,1
CTAAAAGTGACTGACA,1
CTAAAAGTGACTGAGG,1
CTAAAAGTGACTGTGA,1
CTAAAAGTGGAGAACA,1
CTAAAAGTGGAGAGTA,1
CTAAAAGTGGAGATCA,1
CTAAAAGTGGTGAGCA,1
CTAAAAGTGTTGGATC,1
CTAAAAGTTAATAGCG,1
CTAAAAGTTCCGTCAA,1
CTAAAATAACAGATAA,1
CTAAAATACACTAGAT,1
CTAAAATACCCAAAAT,1
CTAAAATAGAAGCAAC,1
CTAAAATAGCAGGCTA,1
CTAAAATATAAATCTT,1
CTAAAATATAGAAACT,1
CTAAAATATCATAACT,1
CTAAAATATCATTGGA,1
CTAAAATCAAAATACA,1
CTAAAATCATGCGCTG,1
CTAAAATCCCTAACGT,1
CTAAAATCGGTATAAG,1
CTAAAATCTCGATGCG,1
CTAAAATGACAGACCA,1
CTAAAATGACCTAAAA,1
CTAAAATGTAAATAGA,1
CTAAAATGTAAATCAA,1
CTAAAATGTAAGTGGT,1
CTAAAATTAGGAACCA,1
CTAAAATTCAAAAAGA,1
CTAAAATTGAATCGAG,1
CTAAAATTGAGTCAGC,1
CTAAAATTGGAGAGCA,1
CTAAAATTGTCCGTAA,1
CTAAAATTGTTAAATA,1
CTAAAATTTAAACTAG,1
CTAAACAACTCCGCTC,1
CTAAACAAGGAATCAA,1
CTAAACAAGTACCGCA,1
CTAAACAATCGACATC,1
CTAAACAATCGCCATA,1
CTAAACAATCTCCATC,1
CTAAACAATGAGTGCG,1
CTAAACAATGGTTAGC,1
CTAAACAATTATCATG,1
CTAAACACCTAAACAC,1
CTAAACACGCTAAACC,1
CTAAACACTAAGGAGG,1
CTAAACAGATAAAAAG,1
CTAAACAGATAACATG,1
CTAAACAGATGACAAG,1
CTAAACAGGGTAATGG,1
CTAAACAGTGCTGCCA,1
CTAAACATAAATAGGG,1
CTAAACATACCGAGAT,1
CTAAACATCATGACCT,1
CTAAACATGAATAGGG,1
CTAAACATGAGGGTTT,1
CTAAACATGCACGTAA,1
CTAAACATGCCCTTCC,1
CTAAACATGCTAAACT,1
CTAAACATTCTAAACC,1
CTAAACCAAAAAAGAA,1
CTAAACCAAAACCGAG,1
CTAAACCACTTTCGAC,1
CTAAACCAGATCGGTT,1
CTAAACCAGCACGCTA,1
CTAAACCATAATTGAA,1
CTAAACCATATCGATT,1
CTAAACCATATCGCTT,1
CTAAACCCTTCAAAGC,1
CTAAACCGGCCCCATT,1
CTAAACCTAACGAGCC,1
CTAAACCTATTAATAT,1
CTAAACCTGACAAGCC,1
CTAAACCTGACGAGAC,1
CTAAACCTTCATATCC,1
CTAAACGAAAACTTGC,1
CTAAACGAATGAACAT,1
CTAAACGACAAAAACA,1
CTAAACGAGACAATCA,1
CTAAACGAGCAAATCA,1
CTAAACGAGCCAATCT,1
CTAAACGAGGCAATCA,1
CTAAACGCTTACATTT,1
CTAAACGCTTACTCGT,1
CTAAACGCTTTAGTAC,1
CTAAACGGGCACCCAA,1
CTAAACGGTAACCCAA,1
CTAAACGGTCACACAA,1
CTAAACGGTCACCTAA,1
CTAAACGTTACGTCAA,1
CTAAACGTTCCGTAAA,1
CTAAACTAACTGAACC,1
CTAAACTAATTTCGAC,1
CTAAACTACCTTCGAC,1
CTAAACTACTTTCGAA,1
CTAAACTCAATAAAGT,1
CTAAACTCGCACATAT,1
CTAAACTGGCAAACCT,1
CTAAAGAAAAACCTCA,1
CTAAAGAAACTATGAG,1
CTAAAGAAATATCAAT,1
CTAAAGAACGATCAGC,1
CTAAAGAAGCGCCGAA,1
CTAAAGAATCCCTAGG,1
CTAAAGACAAAAATAA,1
CTAAAGACCACGTACA,1
CTAAAGACGATCCAAG,1
CTAAAGACGCTCCGAA,1
CTAAAGACTGGTAACT,1
CTAAAGAGCAGGAGTA,1
CTAAAGAGCTAAAAGA,1
CTAAAGAGGCGCCGAA,1
CTAAAGATACACGTAA,1
CTAAAGATGAAACCGT,1
CTAAAGATGTTATATG,1
CTAAAGCACTGCCAAC,1
CTAAAGCCACATTTAT,1
CTAAAGCCAGACTATT,1
CTAAAGCCCCACTACT,1
CTAAAGCCCTCTGATA,1
CTAAAGCCGACGGTAT,1
CTAAAGGACATAGTCA,1
CTAAAGGAGCCAATCA,1
CTAAAGGATACGTGGA,1
CTAAAGGCAAATCATG,1
CTAAAGGCGAAGGTAT,1
CTAAAGGCGACGTTAT,1
CTAAAGGCGGTTTTAG,1
CTAAAGGGCAATACCA,1
CTAAAGGGGACGGTAT,1
CTAAAGGTGTTGAATC,1
CTAAAGTAAATAAAGG,1
CTAAAGTATCAGAACT,1
CTAAAGTCGACGGTAT,1
CTAAAGTGCTGGTCGA,1
CTAAAGTTCTTGACAC,1
CTAAAGTTGGTGACAC,1
CTAAAGTTTGGAACAT,1
CTAAATAAATGACATC,1
CTAAATAAATTACCGT,1
CTAAATAAGACCACGC,1
CTAAATAAGTCCTGAA,1
CTAAATAATAATGAAT,1
CTAAATACAAGAAACA,1
CTAAATACAAGGAAAA,1
CTAAATACAATGAACA,1
CTAAATACATACAAGA,1
CTAAATACCCTCAAGA,1
CTAAATACGTAGCCAT,1
CTAAATAGAAAGCACA,1
CTAAATAGATAACAAG,1
CTAAATAGTGAATTGC,1
CTAAATATCACTATTT,1
CTAAATATCCTTTAAT,1
CTAAATATCTTAAATA,1
CTAAATATGGAGTACG,1
CTAAATATTTTAACTA,1
CTAAATCAAATTTCAA,1
CTAAATCATTGAGTAA,1
CTAAATCCGAAAGTTT,1
CTAAATCGACTCAGTT,1
CTAAATCTAGTCAGTT,1
CTAAATGAAAAACCGT,1
CTAAATGAAGGTCAGC,1
CTAAATGACAAGGCTA,1
CTAAATGAGAAGCCGT,1
CTAAATGAGAATGACA,1
CTAAATGATAAGAAAC,1
CTAAATGGACGATGTG,1
CTAAATGGAGTAGCCA,1
CTAAATGGGATAAACA,1
CTAAATGGTGAGACGA,1
CTAAATGTTAATCAAG,1
CTAAATGTTCACCAAG,1
CTAAATTAAAAGCCGT,1
CTAAATTAAGATACAG,1
CTAAATTACATGTTAA,1
CTAAATTACCTTTTAA,1
CTAAATTACGATAAAG,1
CTAAATTACTATACAG,1
CTAAATTACTTTCGAC,1
CTAAATTCACCGGAAA,1
CTAAATTCCTGTCGAT,1
CTAAATTCCTGTGGAC,1
CTAAATTCCTGTGGGT,1
CTAAATTCGCCTGACA,1
CTAAATTCGTGATAGC,1
CTAAATTGGGACAACC,1
CTAAATTTACCCAGCA,1
CTAAATTTACGTCAGA,1
CTAAATTTCGTGACAA,1
CTAAATTTGGATAACA,1
CTAACAAAATGGTGAG,1
CTAACAAAATTAATGC,1
CTAACAAACCACAAGA,1
CTAACAAAGTACCAAT,1
CTAACAAAGTACCAGC,1
CTAACAAATGAAGCTA,1
CTAACAAATTATGTCT,1
CTAACAACAACCGTGT,1
CTAACAACACCCCGAC,1
CTAACAACCCACCGGG,1
CTAACAACTGAAGAAA,1
CTAACAAGCACCACAA,1
CTAACAATAAAAAACC,1
CTAACAATATGAAGAA,1
CTAACAATGGATAGCT,1
CTAACACACAATATGT,1
CTAACACATGTGACCA,1
CTAACACCACCAATTT,1
CTAACACCATTCATAT,1
CTAACACCGAACCTAG,1
CTAACACCGAGAAGAG,1
CTAACACCTACAAGAG,1
CTAACACGACTAATTT,1
CTAACACTATCAGTCC,1
CTAACACTCTATCCCT,1
CTAACACTGTGCCGAT,1
CTAACAGAGAGAAATA,1
CTAACAGTCAAAGCGT,1
CTAACAGTCTATCCCA,1
CTAACATAAAGCTTTA,1
CTAACATATAAAAAGG,1
CTAACATCACCAGATA,1
CTAACATCACCCTATA,1
CTAACATCTCTACACT,1
CTAACATGACATAAAA,1
CTAACATGACCCAAAA,1
CTAACATGATCATCCG,1
CTAACATGGAAACAGG,1
CTAACATGTTTACCAT,1
CTAACATTACCTAAAA,1
CTAACCAAAAGTAACT,1
CTAACCAAAATTTAGA,1
CTAACCAAACTTAGCG,1
CTAACCAACGATTAAA,1
CTAACCAATAGTACCT,1
CTAACCAATATCAGGC,1
CTAACCAGCATACACA,1
CTAACCATGAATAGTG,1
CTAACCATGAATATGG,1
CTAACCATGCACTTCC,1
CTAACCATGCCCCTCC,1
CTAACCATGCCCTCCC,1
CTAACCATGCCCTTAC,1
CTAACCATGCCCTTCA,1
CTAACCATGTCCTTCC,1
CTAACCCAAGCCCTCG,1
CTAACCCAATAAGTCT,1
CTAACCCACAATATGG,1
CTAACCCACGATATGT,1
CTAACCCATCAACAGG,1
CTAACCCCGAGTCGCA,1
CTAACCGACAAACCAG,1
CTAACCGCAACACTAT,1
CTAACCGCAATACGCC,1
CTAACCGTCCAAACAC,1
CTAACCTAATTGACCA,1
CTAACCTCACCTACGG,1
CTAACCTCAGATATGC,1
CTAACCTCATTGACCG,1
CTAACCTCATTGACGA,1
CTAACCTCATTTACCA,1
CTAACCTGATGAGTAC,1
CTAACCTGTCCAATCT,1
CTAACCTTCCGTGGTG,1
CTAACCTTTTTTTATA,1
CTAACGAAGTACAAAC,1
CTAACGAAGTACCATC,1
CTAACGAATTAACGAA,1
CTAACGACCCCACTGT,1
CTAACGACTGCCGTTT,1
CTAACGACTTCCTTAA,1
CTAACGAGGGCCAAAC,1
CTAACGAGTCAGTTGG,1
CTAACGCACTCTGACG,1
CTAACGCAGCATGCAG,1
CTAACGCATGGACCAT,1
CTAACGCATGGACCTT,1
CTAACGCATGGACGCT,1
CTAACGCATGTACCCT,1
CTAACGCGCACCACAA,1
CTAACGCGTGGACCCT,1
CTAACGCTAAACGAAC,1
CTAACGCTACGATCAA,1
CTAACGCTAGATATGC,1
CTAACGCTCCGGCATG,1
CTAACGCTTATGCTAA,1
CTAACGGAAAATTGCC,1
CTAACGGCACCTATGA,1
CTAACGGCATCTATAA,1
CTAACGGCGTCTATGA,1
CTAACGTATCATCACT,1
CTAACGTATTCGCGAT,1
CTAACGTGCCCAATCT,1
CTAACGTGTCAAATCT,1
CTAACGTGTCCGATCT,1
CTAACGTTTCCAATCT,1
CTAACTAACCGCCAAA,1
CTAACTAACTCTGACT,1
CTAACTAAGAGACACG,1
CTAACTACCAGTACAG,1
CTAACTACCATTCCAG,1
CTAACTACGAGACACT,1
CTAACTACGAGACGCT,1
CTAACTACGATACACG,1
CTAACTACGGGACACG,1
CTAACTATACACCAGA,1
CTAACTATAGTCCATC,1
CTAACTATCAATCCGC,1
CTAACTATGCCCTTCC,1
CTAACTATTAGTCACG,1
CTAACTATTAGTCGTG,1
CTAACTCATGAGAAGA,1
CTAACTCATGGACCCT,1
CTAACTCGAATCGAAA,1
CTAACTCTACGTCAGA,1
CTAACTCTGGTCAAAA,1
CTAACTGAAAAACCAG,1
CTAACTGAAATCATGT,1
CTAACTGAAGTAGCCA,1
CTAACTGACAAAACAG,1
CTAACTGACAAACAAG,1
CTAACTGGAACCATGT,1
CTAACTGGAGTAGACA,1
CTAACTGGGGTAGCCA,1
CTAACTTACAAACCAG,1
CTAACTTATTTTAAAA,1
CTAACTTGCCAGTTGT,1
CTAACTTTGAATTAGC,1
CTAAGAAAATAGTTAT,1
CTAAGAAACACCAGCC,1
CTAAGAAACACGACCC,1
CTAAGAAACACGATCT,1
CTAAGAAATCAAGTCT,1
CTAAGAACAAGCACCC,1
CTAAGAACAAGCATCC,1
CTAAGAACAATCAGCC,1
CTAAGAAGAATGCCTT,1
CTAAGAAGATACAAAT,1
CTAAGAAGGGAAGTAG,1
CTAAGAAGTATAGACA,1
CTAAGAATAAAAATAT,1
CTAAGAATAAAATAAA,1
CTAAGAATGCGAAGCA,1
CTAAGAATGCGAGGCT,1
CTAAGAATGGAATATA,1
CTAAGAATTACAACAT,1
CTAAGAATTCTGCTTT,1
CTAAGACAATGAAGTT,1
CTAAGACACTAACATC,1
CTAAGACACTCCGCAG,1
CTAAGACTAACCACCT,1
CTAAGAGACCCCATAC,1
CTAAGAGACTCACAGC,1
CTAAGAGCGATTTATG,1
CTAAGAGCGATTTCTA,1
CTAAGAGGTCTCGTGA,1
CTAAGAGTATCAAAGA,1
CTAAGAGTTCTAATGA,1
CTAAGATAGCTACGCA,1
CTAAGATCCCGCAAAA,1
CTAAGATCCGTATCCG,1
CTAAGATTAATACAAG,1
CTAAGATTGCCTTACC,1
CTAAGATTTGTATGAT,1
CTAAGCAAACAAGTCT,1
CTAAGCAATCAAGACT,1
CTAAGCAATCAAGTCC,1
CTAAGCAATTATCTGT,1
CTAAGCACAATACGCC,1
CTAAGCACCCCACAAT,1
CTAAGCAGGCTCCGGA,1
CTAAGCAGTCAAGTCT,1
CTAAGCATCACAACAT,1
CTAAGCATGACAACAT,1
CTAAGCATGCCCTTCC,1
CTAAGCATTACAAAAT,1
CTAAGCATTACAACGT,1
CTAAGCATTACAGCAT,1
CTAAGCATTCGAGAGC,1
CTAAGCCCGCGACCTG,1
CTAAGCCCGCGAGCTC,1
CTAAGCCTAATTACCT,1
CTAAGCCTACAATGAG,1
CTAAGCGAAATACGCC,1
CTAAGCGACCGGCCCG,1
CTAAGCGCATCCATCG,1
CTAAGCGGGAATATTT,1
CTAAGCGTGACTATAA,1
CTAAGCTATTAATTCA,1
CTAAGCTCACCGCCTG,1
CTAAGCTCATATACTC,1
CTAAGCTCATTGACCA,1
CTAAGCTGAGCATACG,1
CTAAGCTGTCCCTTCT,1
CTAAGGAACAAAAGTG,1
CTAAGGAACAACAGTT,1
CTAAGGAACGTTACAG,1
CTAAGGAAGCCCCGCC,1
CTAAGGACCGATTGAC,1
CTAAGGACCTTTCGGC,1
CTAAGGACGCGCCGAA,1
CTAAGGAGACACTTTA,1
CTAAGGCGTTGGGTTA,1
CTAAGGGCGATTTCTG,1
CTAAGGGTGTTGGATC,1
CTAAGGTGATCTATTG,1
CTAAGTAATCGAAGAT,1
CTAAGTACAAAACGTT,1
CTAAGTACATTACTTG,1
CTAAGTACTCTGTACA,1
CTAAGTAGAAAAATTC,1
CTAAGTCACTACCCAC,1
CTAAGTCAGTACCCCC,1
CTAAGTCCAGGAGTAC,1
CTAAGTCCCACTTAAA,1
CTAAGTCCGCGAGCTG,1
CTAAGTCCGGTAGTCC,1
CTAAGTGCATCCCTCG,1
CTAAGTGCCAACATAA,1
CTAAGTGGGTGAGTAT,1
CTAAGTGGGTGATTAG,1
CTAAGTGTCCACTCGG,1
CTAAGTTAAAGCCTCC,1
CTAAGTTACGGGTACT,1
CTAAGTTAGGATACGG,1
CTAAGTTCACATCAAC,1
CTAAGTTCTGCGCTCA,1
CTAAGTTGGTGAGTAG,1
CTAAGTTGGTTCGGAT,1
CTAAGTTTGTATTTGT,1
CTAATAAAAAAATACT,1
CTAATAAAAACTACGT,1
CTAATAAAAGACAATT,1
CTAATAAACATCACTT,1
CTAATAAACATCATAC,1
CTAATAAACTAGGGGA,1
CTAATAAAGACTGTTG,1
CTAATAAATCTATGTC,1
CTAATAACAAAATGCT,1
CTAATAACACGTAATT,1
CTAATAACCTGAGAAC,1
CTAATAACTAAATACT,1
CTAATAAGACCTACAC,1
CTAATAAGATTCACTA,1
CTAATAAGGATCAAAA,1
CTAATAAGTCGTATGA,1
CTAATAATAGGAATCA,1
CTAATAATAGGAGGCA,1
CTAATAATATGAACAA,1
CTAATAATCTGAACCA,1
CTAATAATGGGAAGCA,1
CTAATAATTAATGAGG,1
CTAATACAACAAGAGC,1
CTAATACACAAAACAA,1
CTAATACAGGAAGGTT,1
CTAATACAGGTCACTA,1
CTAATACAGTTAAGTG,1
CTAATACATCGTCTGT,1
CTAATACCTCGTATGT,1
CTAATACTAGAGTCTA,1
CTAATACTCACAACAA,1
CTAATAGACATCATAA,1
CTAATAGACGTCATAC,1
CTAATAGAGTTGATCA,1
CTAATAGATTGAAGTT,1
CTAATAGATTGACATT,1
CTAATAGCCTGAAAAC,1
CTAATAGCTACGATTT,1
CTAATAGCTAGGAAAA,1
CTAATAGGGTTAGAGC,1
CTAATAGTATAAAAAC,1
CTAATAGTATACAAAA,1
CTAATAGTCAAAAAAA,1
CTAATAGTCTATCCCT,1
CTAATAGTGATGTCAG,1
CTAATAGTGTACAAAC,1
CTAATAGTTAAACCTC,1
CTAATAGTTATGTAAG,1
CTAATATAAAACCCGA,1
CTAATATAAAAGACAT,1
CTAATATAACAACGGA,1
CTAATATAACAGACAT,1
CTAATATAAGAGAAAT,1
CTAATATAGGAGACAT,1
CTAATATCATCACTAT,1
CTAATATCTCGTCTGT,1
CTAATATGCTGTGTGT,1
CTAATATGTCCGTTTA,1
CTAATATGTTCAATAT,1
CTAATATTATTTAGCC,1
CTAATATTGTTTTCCC,1
CTAATATTTATGTCAG,1
CTAATCAAAGATAATT,1
CTAATCAAATACAATT,1
CTAATCAACAATATAC,1
CTAATCAACATTACTT,1
CTAATCAACCTCACTT,1
CTAATCACACTTTATG,1
CTAATCACCAGGTAAA,1
CTAATCACCTTTGAGA,1
CTAATCACGATCTATA,1
CTAATCACTCTGTACA,1
CTAATCATAAGCATGA,1
CTAATCATAATCTATA,1
CTAATCATCATTACCA,1
CTAATCATTATCTATA,1
CTAATCCAAAACATAT,1
CTAATCCAGATATTGG,1
CTAATCCATCGAACCT,1
CTAATCCATGTAACCT,1
CTAATCCATTGAACCT,1
CTAATCCCAAACTGAT,1
CTAATCCCGCGGCCGC,1
CTAATCCGGATAATGA,1
CTAATCCTTATCAAAA,1
CTAATCGACACGGACT,1
CTAATCGAGTAACCCA,1
CTAATCGCAATACGCC,1
CTAATCGTAAAACCTC,1
CTAATCTAGTAACAAA,1
CTAATCTATAAATCAC,1
CTAATCTCAATATACA,1
CTAATCTCATTCCCTA,1
CTAATCTCCCGAAGTA,1
CTAATCTCGCCTGACA,1
CTAATCTGACCACGCA,1
CTAATCTGCGCAGACT,1
CTAATCTGGCTCTAGA,1
CTAATCTTACCAACAT,1
CTAATCTTTTCTTGGC,1
CTAATGAAAATTGCAA,1
CTAATGAAAGACAATT,1
CTAATGAACAGGGGGA,1
CTAATGAACATCACTT,1
CTAATGAAGAGCCATA,1
CTAATGAAGCGCAAGT,1
CTAATGAATAGAAAGT,1
CTAATGAATCGAAAGT,1
CTAATGAATCGCAATT,1
CTAATGACAAAATACT,1
CTAATGACGAGCCAAT,1
CTAATGAGTCCTAGAA,1
CTAATGCAAAACCCGA,1
CTAATGCAGGTATTCA,1
CTAATGCAGGTATTCG,1
CTAATGGACAACAATC,1
CTAATGGATCGCAAGT,1
CTAATGGTGTTGGATC,1
CTAATGTAAAACACGA,1
CTAATGTAAATAGCTA,1
CTAATGTAAATTCAGA,1
CTAATGTATTACACTA,1
CTAATGTTAGGTTCCC,1
CTAATTAAACGACGCC,1
CTAATTAAATTAAAAC,1
CTAATTAAATTACATC,1
CTAATTACAGACACGT,1
CTAATTACATTCTATA,1
CTAATTACCAACTAAC,1
CTAATTACCCAGACCA,1
CTAATTACGAAAATAA,1
CTAATTACGTTTAGCT,1
CTAATTAGCTTACTGA,1
CTAATTAGTAACAACA,1
CTAATTATAACTTATT,1
CTAATTATGAAAAGAA,1
CTAATTATGTAGGGCG,1
CTAATTATTAATGAGG,1
CTAATTATTCCACCGC,1
CTAATTCAACGCATCC,1
CTAATTCCAATTCAAC,1
CTAATTCCACTCATCC,1
CTAATTCGCATTAAGC,1
CTAATTCGTTGAAAGT,1
CTAATTCTTCTATACA,1
CTAATTGAACAACACT,1
CTAATTGACGACACCA,1
CTAATTGAGTAACAAA,1
CTAATTGTACAGGTAT,1
CTAATTTAACAAAAAA,1
CTAATTTAACGTATGC,1
CTAATTTAACGTCTGT,1
CTAATTTAGGAAGATA,1
CTAATTTCATGAATAC,1
CTAATTTCCTGAACTA,1
CTAATTTCGACTGACA,1
CTAATTTCTCCTGACA,1
CTAATTTTGCCCCTCA,1
CTACAAAAACCAGGCA,1
CTACAAAAACGACTTC,1
CTACAAAAAGCGGCTA,1
CTACAAAAATGGTGAG,1
CTACAAAACACAAAAT,1
CTACAAAATTAACCTG,1
CTACAAAATTTTCCAT,1
CTACAAACCATCGCAA,1
CTACAAACCATCTGAA,1
CTACAAAGAACTATGA,1
CTACAAAGATGACAAC,1
CTACAAAGCCGGTAAT,1
CTACAAATAAATTAGC,1
CTACAAATAAGGTATA,1
CTACAAATTATTGCCG,1
CTACAACACACAAAGT,1
CTACAACACATGAGGC,1
CTACAACATAATCGTA,1
CTACAACCAACCCAGT,1
CTACAACCATAAAAAT,1
CTACAACGATGTACAG,1
CTACAACTATCAGTCC,1
CTACAACTCGACACTA,1
CTACAACTTTGTATTA,1
CTACAAGAACGCAGTT,1
CTACAAGAATGCATTT,1
CTACAAGAATTCAGTT,1
CTACAAGACGTTGATG,1
CTACAAGCAATAGCAC,1
CTACAAGCAATCTCAC,1
CTACAAGGTTAAAAAC,1
CTACAAGTGCAGTGGT,1
CTACAAGTGTATCATC,1
CTACAAGTTACGAACT,1
CTACAATAATGCAGTT,1
CTACAATACCTTACCT,1
CTACAATAGATATATC,1
CTACAATAGATCTGAC,1
CTACAATATACGCTAA,1
CTACAATCCTATGAGG,1
CTACAATCTAATCCCA,1
CTACAATTAGTTTCCC,1
CTACAATTCCGAAATT,1
CTACAATTGAGTAGCT,1
CTACAATTTCAAATGT,1
CTACACAAAATCAACA,1
CTACACAAGCTCAAAC,1
CTACACAATAACTTTT,1
CTACACAATCGAGATT,1
CTACACAATCGTCACC,1
CTACACACCATTCATG,1
CTACACACCCAAAATA,1
CTACACAGCAGGTAAT,1
CTACACAGTAACCAAC,1
CTACACATACCGCGCC,1
CTACACATCAGCCTAC,1
CTACACATCCAGCGCC,1
CTACACATCCCTCGCC,1
CTACACATCCGTTGAG,1
CTACACATCTGATGAA,1
CTACACATGGGATTAG,1
CTACACATGGTGTATG,1
CTACACCACACTACCG,1
CTACACCCCAGGGGTG,1
CTACACCCCTCAAAGC,1
CTACACCGCCACGAAC,1
CTACACCGGGAATGTC,1
CTACACCTCCACGCAC,1
CTACACGAACGAAATA,1
CTACACGAAGTTACCT,1
CTACACGCCATTCATT,1
CTACACGGTCCCATCT,1
CTACACGTCAGTAGGC,1
CTACACTAATTTACTA,1
CTACACTACCTTACCT,1
CTACACTATAAAACGC,1
CTACACTGATGCGGAC,1
CTACACTTAACGCTGT,1
CTACAGAACCAGCACC,1
CTACAGAACGACAAGC,1
CTACAGAATCTGTGTT,1
CTACAGAATTTACACC,1
CTACAGACGTCGCAAT,1
CTACAGATAAAGTATA,1
CTACAGATCCTTGGAA,1
CTACAGATGGAGCAAG,1
CTACAGCCCAGGGGTG,1
CTACAGCCGTAGCAAT,1
CTACAGCTATTCACAT,1
CTACAGCTCAACTTGC,1
CTACAGCTGTCGCAAT,1
CTACAGCTTTTCACAT,1
CTACAGGTAAATAAAC,1
CTACAGGTGCTATAGA,1
CTACAGGTTAGAGTAA,1
CTACAGGTTATATAGA,1
CTACAGTAGATTATCT,1
CTACAGTCCTTAATCG,1
CTACAGTGAACACACT,1
CTACAGTGTGCAACAG,1
CTACATAACATAAAAT,1
CTACATAATCAACGAG,1
CTACATACAAACACTT,1
CTACATACTAACAATA,1
CTACATACTATTTCTC,1
CTACATAGAAAAAAAC,1
CTACATAGCATTTTGT,1
CTACATCAAAGGCTTT,1
CTACATCGAGGCACAT,1
CTACATCGTAATGAAC,1
CTACATCTAACTTCAA,1
CTACATCTCATACCTC,1
CTACATCTCTAACATA,1
CTACATGAATCGTATG,1
CTACATGAGAAATATG,1
CTACATGCATCGAAAG,1
CTACATGGTGAAGTAG,1
CTACATGTTGCCTCAG,1
CTACATTACCTTACAT,1
CTACATTACCTTACCA,1
CTACATTAGCAGGCCC,1
CTACATTCGGTGTCGA,1
CTACATTGGATGGAAA,1
CTACATTTGGCCTCAG,1
CTACCAAAATAACCCC,1
CTACCAAAATGGTTAG,1
CTACCAAAATGTTGAG,1
CTACCAAACACGCGGA,1
CTACCAAAGTGAAATC,1
CTACCAAAGTGCGATC,1
CTACCAAAGTTCAATC,1
CTACCAACACACCGGG,1
CTACCAACCACTATTG,1
CTACCAACCCACCGGT,1
CTACCAACCCACCTGG,1
CTACCAAGATGTACAG,1
CTACCAATTGTTGGCG,1
CTACCACAAGAGACCC,1
CTACCACAGAGGATGT,1
CTACCACATAACAAAT,1
CTACCACCCACTCGAG,1
CTACCACCGCATTCTA,1
CTACCACGATGTACAT,1
CTACCACGATGTACGG,1
CTACCACGTTATTCCA,1
CTACCACTATCAGTAC,1
CTACCACTATGTACAG,1
CTACCACTGAAAAACA,1
CTACCAGAAACTGTAA,1
CTACCAGACTAGAAGG,1
CTACCAGCTTAACTAC,1
CTACCAGGCTAAAAAG,1
CTACCATAACAACGGA,1
CTACCATACAACTGGA,1
CTACCATCACCTACGG,1
CTACCATCTGATCATA,1
CTACCATTAGATCATA,1
CTACCATTCCGAAATA,1
CTACCATTCCGCCATC,1
CTACCATTCGATCATA,1
CTACCATTCTAAAGAA,1
CTACCATTTGATAATA,1
CTACCATTTGATCACA,1
CTACCCAAAGATACAT,1
CTACCCAACTAATAGT,1
CTACCCAAGATCAGGC,1
CTACCCAATATCAGTC,1
CTACCCAATATGAGGC,1
CTACCCACACGCTTGC,1
CTACCCACCCACTTGC,1
CTACCCACCCGATTGC,1
CTACCCACCTGCTTGC,1
CTACCCACGCGCTTGC,1
CTACCCATACACCAGA,1
CTACCCATCGACGCCA,1
CTACCCATTATAGAAT,1
CTACCCCACACCACCG,1
CTACCCCACACTACCA,1
CTACCCCACACTACCT,1
CTACCCCACACTACGA,1
CTACCCCACATCCACT,1
CTACCCCACATTACCG,1
CTACCCCACTCTACCG,1
CTACCCCAGACTACCG,1
CTACCCCAGATCGACT,1
CTACCCCCGCAGTCCA,1
CTACCCCGTAGAGAAA,1
CTACCCGAAACTGCAA,1
CTACCCGATATCAGGC,1
CTACCCGCCCGCTTGC,1
CTACCCGGATACATAT,1
CTACCCGTACCTCACA,1
CTACCCTAAAAACAGC,1
CTACCCTAAACCGCCC,1
CTACCCTAATGAAACC,1
CTACCCTAATTTACTG,1
CTACCCTAATTTACTT,1
CTACCCTCAACTACGG,1
CTACCCTCCTAAAAAT,1
CTACCCTTATTTTAAT,1
CTACCGAAACAGTGAA,1
CTACCGAAGACTCCAA,1
CTACCGAATGGAGAGC,1
CTACCGACCCGCAGAA,1
CTACCGACTACCGGCC,1
CTACCGAGAACTGTTC,1
CTACCGAGAATGGTTC,1
CTACCGCACACTACCG,1
CTACCGCTACTATCAA,1
CTACCGGGATAAAAAG,1
CTACCGTCAGAATCAC,1
CTACCGTGACTCACCA,1
CTACCGTGCATAAAGA,1
CTACCGTTAAATAAAC,1
CTACCTAAAAAATGGA,1
CTACCTAAATGGACCC,1
CTACCTAAGCGAGCAC,1
CTACCTAGAACGGTTC,1
CTACCTAGTAATGAAC,1
CTACCTATACACAAGA,1
CTACCTATACACCAAA,1
CTACCTATACACCAGT,1
CTACCTATAGACCAGA,1
CTACCTATCGATCATG,1
CTACCTATCTTAAGGA,1
CTACCTATGAGATATA,1
CTACCTCAGCCGAGCA,1
CTACCTCGCCAGCCCA,1
CTACCTGAGCGATCAC,1
CTACCTGAGCTAGCAC,1
CTACCTGGAATACATT,1
CTACCTGGAATACGTC,1
CTACCTGGCATTCCTA,1
CTACCTGGCTAAAAAG,1
CTACCTGGGACGCAAG,1
CTACCTGGGGGCTAAA,1
CTACCTTAAGCCACCT,1
CTACCTTACATAACGA,1
CTACCTTTAGTACAAA,1
CTACCTTTCTACAGCA,1
CTACCTTTTGAGTAAC,1
CTACGAAAACGGGCAT,1
CTACGAAACTTGGTTG,1
CTACGAAATCAATAGA,1
CTACGAACACATGATC,1
CTACGAACACTATGTA,1
CTACGAACGCATGAGC,1
CTACGAACTTCCCATC,1
CTACGAAGGTAAACGC,1
CTACGAAGTCCATTAT,1
CTACGAAGTTAAACAC,1
CTACGAAGTTAAACTC,1
CTACGAATAAGTATCA,1
CTACGAATAGCTGTAA,1
CTACGAATATATAACG,1
CTACGAATCAATTACC,1
CTACGAATCCGTTGAG,1
CTACGAATTTAAACGC,1
CTACGACAGCCCATCA,1
CTACGACATCATTCGA,1
CTACGACTATTAGGCC,1
CTACGACTCAATGATT,1
CTACGACTGCAGAACA,1
CTACGACTGTTAAGCC,1
CTACGACTGTTAGGCA,1
CTACGACTGTTAGGCG,1
CTACGACTGTTAGTCC,1
CTACGACTGTTTGACC,1
CTACGAGAATGCAGTT,1
CTACGAGACTTTGGAA,1
CTACGAGCAATGTAAT,1
CTACGAGCGCTGTAAT,1
CTACGAGGAAGATGAC,1
CTACGAGTAAGCTGAC,1
CTACGAGTGTTACAAT,1
CTACGAGTTGATACGC,1
CTACGATAAGGAACTA,1
CTACGATAAGGAATTA,1
CTACGATAAGGGAGTA,1
CTACGATAGGTAATAT,1
CTACGATCACCGCCTG,1
CTACGATCACGATAAG,1
CTACGATCATTCCGAC,1
CTACGATCTGAAAGCT,1
CTACGATTATATTCAA,1
CTACGATTTCAATCAC,1
CTACGCAAAAACGTTT,1
CTACGCACCAAAACCT,1
CTACGCACTCCAGGAG,1
CTACGCAGACATGCCT,1
CTACGCAGATGGAATG,1
CTACGCAGCATAATAT,1
CTACGCAGCATGCGAT,1
CTACGCAGCCGGTAAT,1
CTACGCATACCTACCT,1
CTACGCATCAGTTGAG,1
CTACGCATCCCGCGCC,1
CTACGCATCCCTACCT,1
CTACGCATCCGCTGAG,1
CTACGCATCCGTCGAG,1
CTACGCATCCGTTCAG,1
CTACGCATCCTTTGAG,1
CTACGCATTATTACTT,1
CTACGCCCAGTCATGA,1
CTACGCCGTGAGAAAT,1
CTACGCCTAAAATGAG,1
CTACGCCTACAACGAG,1
CTACGCCTACAATGAC,1
CTACGCCTACAATGTG,1
CTACGCCTACAATTAG,1
CTACGCCTCCCGTCGT,1
CTACGCCTGCGCCTTG,1
CTACGCCTTCAATGAG,1
CTACGCGTACAATGAG,1
CTACGCTAGAGAACGC,1
CTACGCTCACCGCCTC,1
CTACGCTCACCGCCTT,1
CTACGCTCACCTCCTG,1
CTACGCTCCCGTAAAA,1
CTACGGAAATACATGC,1
CTACGGAAATCCGTGC,1
CTACGGAAGCCCATCA,1
CTACGGAATCATTCCT,1
CTACGGATGCACATGG,1
CTACGGCAGTCCATCA,1
CTACGGCCATAGTAGA,1
CTACGGCCATGGTATA,1
CTACGGCCGTCGCAAT,1
CTACGGCTACGATCAA,1
CTACGGCTATAGTATA,1
CTACGGCTGTTCACAT,1
CTACGGGATAGATTAA,1
CTACGGGCCAGATTAA,1
CTACGGGTACACGTAC,1
CTACGGGTTCTATAGA,1
CTACGGTAGAGAGCGC,1
CTACGGTAGCCCATCA,1
CTACGGTGACAAATAA,1
CTACGGTTAAACATCA,1
CTACGGTTAAATATAA,1
CTACGGTTAAATATCT,1
CTACGGTTAAATTTTA,1
CTACGGTTAAGTATCA,1
CTACGGTTAGACTGTA,1
CTACGGTTGGACTGTA,1
CTACGTACGCCATGTG,1
CTACGTACTATGTCTC,1
CTACGTACTGAGATCG,1
CTACGTACTGATGCGT,1
CTACGTATAGAATTAA,1
CTACGTCACTGAGTAG,1
CTACGTCAGCCCATCA,1
CTACGTCATTATACGA,1
CTACGTCCATAGTATA,1
CTACGTCTACAATGAG,1
CTACGTGAAAAATATG,1
CTACGTGAAGTTCATC,1
CTACGTGAGAAACATG,1
CTACGTGAGAAATATA,1
CTACGTTAATAAATTT,1
CTACGTTAGAGAACGC,1
CTACGTTTAAATATCA,1
CTACGTTTTTTCTCAA,1
CTACTAAACTTCTCAC,1
CTACTAAAGAAACAAT,1
CTACTAACCCACCGGG,1
CTACTAACGTTAGGCT,1
CTACTAACTGCAACCC,1
CTACTAACTGTGACCC,1
CTACTAACTTGTATTA,1
CTACTAAGTCTTAATA,1
CTACTAAGTTAAACGC,1
CTACTAATCATTACCA,1
CTACTAATCTACAGCC,1
CTACTAATGGTTATCG,1
CTACTAATGTTTATTG,1
CTACTAATTAATTGAT,1
CTACTACACCATGCAT,1
CTACTACCGCTCACAG,1
CTACTACCTTTATTTG,1
CTACTAGAAAATAACC,1
CTACTAGAAGCTCTTT,1
CTACTAGAGAAAATAA,1
CTACTAGAGTCGAATC,1
CTACTAGATCTCCCAA,1
CTACTAGGAAGCTGAC,1
CTACTAGTAACGCTGT,1
CTACTATAACAACGGG,1
CTACTATGGCAAAAAA,1
CTACTATTAGCAACTC,1
CTACTATTCGTACCCA,1
CTACTATTTGATCATA,1
CTACTCACCATTACCA,1
CTACTCAGAAAAGCTA,1
CTACTCATAATTACCA,1
CTACTCATCATTAACA,1
CTACTCATCATTACAA,1
CTACTCATCATTACCG,1
CTACTCATCATTGCCA,1
CTACTCATGATTACCA,1
CTACTCCACAGCAAAG,1
CTACTCCACCCATCGT,1
CTACTCCCAGAGCTAA,1
CTACTCCTGTAGAACC,1
CTACTCGATAAAAAAT,1
CTACTCGATGAAAGGA,1
CTACTCGCCTGAGAGG,1
CTACTCGGACTCGATT,1
CTACTCGTCTCAGAAA,1
CTACTCGTGATAGCTA,1
CTACTCTAATTTACTA,1
CTACTCTCATTCCCAA,1
CTACTCTCATTCCCCA,1
CTACTCTCGATATACA,1
CTACTCTCTAACCACA,1
CTACTCTCTTGACACT,1
CTACTCTGTAGCATAA,1
CTACTCTGTTGAATAA,1
CTACTCTGTTGCATAT,1
CTACTCTGTTGCATGA,1
CTACTCTTTTGCATAA,1
CTACTGAAATCCATGC,1
CTACTGAAGAGCCATC,1
CTACTGAAGTGCCATA,1
CTACTGAATGAAATAT,1
CTACTGACCTGGAACA,1
CTACTGAGTAGAGCAA,1
CTACTGATATAGTTCT,1
CTACTGATCATTACCA,1
CTACTGCAAGATCGCG,1
CTACTGCAGCGTTACC,1
CTACTGCCATAGTATA,1
CTACTGCCCCGCTTAT,1
CTACTGCCTTAATCCT,1
CTACTGGAGGACGAAT,1
CTACTGGCGGAAAATA,1
CTACTGGGATCAACAT,1
CTACTGGTAAATAAAC,1
CTACTGTAAAAGGGAA,1
CTACTGTAGAGTCCCA,1
CTACTGTTCCTAATCA,1
CTACTTAAAGACGGGA,1
CTACTTACATCGCCTC,1
CTACTTAGAAGGAGCA,1
CTACTTAGAGAACTGG,1
CTACTTATAGATAAAC,1
CTACTTATATAACAAA,1
CTACTTATCAAAATGT,1
CTACTTATGAAACTGT,1
CTACTTATGTTTACAA,1
CTACTTCCCTTTGTAT,1
CTACTTCCTAGACCCC,1
CTACTTCTTGAGCGGA,1
CTACTTCTTGCGCGAA,1
CTACTTCTTGGGCGGA,1
CTACTTGAAACAACTA,1
CTACTTGATACTGACA,1
CTACTTGCTTCTCCTT,1
CTACTTTACTTATACG,1
CTACTTTAGAAACAAA,1
CTACTTTGGGCCAAAC,1
CTACTTTTATCACGGT,1
CTAGAAAAACCTTCCG,1
CTAGAAAAATATGACC,1
CTAGAAAACATCGAAT,1
CTAGAAAAGTCCCACG,1
CTAGAAACAACCCCTA,1
CTAGAAACCTATCGCG,1
CTAGAAACGATGCAGT,1
CTAGAAACTACGTACA,1
CTAGAAAGGTCTACTG,1
CTAGAAATAACCTGTA,1
CTAGAAATAATTACGA,1
CTAGAAATACAGGCCA,1
CTAGAAATGAACGATT,1
CTAGAAATGCCTTACG,1
CTAGAAATTATTATAA,1
CTAGAAATTCATTACG,1
CTAGAAATTCCTTACT,1
CTAGAAATTTTCCTTA,1
CTAGAACAAAAATGTA,1
CTAGAACACATTGCAC,1
CTAGAACACTTCGTTA,1
CTAGAACATCTCACAA,1
CTAGAACGAACCAAAA,1
CTAGAACGAGCATAGT,1
CTAGAACGAGCCAGAA,1
CTAGAACGGTTGAAAC,1
CTAGAAGACATATCAG,1
CTAGAAGACTCACAGC,1
CTAGAAGATCTGACCA,1
CTAGAAGGGAACCATC,1
CTAGAAGGGGAAAAAT,1
CTAGAAGTGCTAGTTA,1
CTAGAAGTGGAGAGCA,1
CTAGAATAAAAATCTT,1
CTAGAATAAAGCAAGA,1
CTAGAATACACTCCCC,1
CTAGAATAGAAATCTT,1
CTAGAATATACTAACT,1
CTAGAATATCACCAGA,1
CTAGAATATGAAAAGT,1
CTAGAATGAAGGTTCC,1
CTAGAATGAGCATGTG,1
CTAGAATGCAGGTCGC,1
CTAGAATGGTAGAAAA,1
CTAGAATGGTAGATAA,1
CTAGAATGGTGGACAA,1
CTAGAATTAAAAGGAA,1
CTAGAATTTACGAACT,1
CTAGACAACCGAGCAG,1
CTAGACAATCGCCATC,1
CTAGACACATATCCAA,1
CTAGACACCAAATTCC,1
CTAGACAGAGGGTATC,1
CTAGACAGATTTATCA,1
CTAGACATAAAGGCCA,1
CTAGACATACAACCTG,1
CTAGACATACAAGAAT,1
CTAGACATACAAGCCA,1
CTAGACATACAGGACA,1
CTAGACATACAGGCCG,1
CTAGACATACAGGCTA,1
CTAGACATACAGTCCA,1
CTAGACATACTACTAC,1
CTAGACATAGAGGCCA,1
CTAGACATGCTAAACC,1
CTAGACATGGCAAATT,1
CTAGACCAAAGCGAGA,1
CTAGACCACTTCCTTA,1
CTAGACCAGGCGAGAA,1
CTAGACCAGTTCGTTA,1
CTAGACCATATTGGCG,1
CTAGACCATGCATAAA,1
CTAGACCATTTCGTTA,1
CTAGACCTTTCAGTTC,1
CTAGACGAAGAGTGAG,1
CTAGACGTACAGGCCA,1
CTAGACTAACCCCTTA,1
CTAGACTACTTCGTTA,1
CTAGACTAGGAACACT,1
CTAGACTGTAAGTTAA,1
CTAGACTGTATTATGA,1
CTAGACTGTCAAATAA,1
CTAGACTGTCGTAATG,1
CTAGACTTATCACCCT,1
CTAGACTTGAGATTAC,1
CTAGAGAAAATCTGAT,1
CTAGAGAAAATGGGTA,1
CTAGAGAACAAATAAT,1
CTAGAGAACCAATAAC,1
CTAGAGAACCAATAAG,1
CTAGAGAACCTTTAAG,1
CTAGAGAACGAATAAT,1
CTAGAGAAGCAATAAT,1
CTAGAGACTCCAATTT,1
CTAGAGAGAAAAACTA,1
CTAGAGATTCCTTACG,1
CTAGAGATTTAACCTC,1
CTAGAGCAACATAATT,1
CTAGAGGACCAATAAT,1
CTAGAGGACTAACACA,1
CTAGAGGTATACCATT,1
CTAGAGGTTCTATAGA,1
CTAGAGTCTTTCTAAC,1
CTAGATACAACATTTT,1
CTAGATACCAAGTGGG,1
CTAGATATACAGCACC,1
CTAGATATACTAAATA,1
CTAGATATCTTAACTA,1
CTAGATATGATTGGAT,1
CTAGATATGCATATAT,1
CTAGATATGCCCATAT,1
CTAGATATGCCTATAA,1
CTAGATCAAGTAACAC,1
CTAGATCAGTGAATAC,1
CTAGATCATGAATAAA,1
CTAGATCATGCATAGA,1
CTAGATCATGCGTAAA,1
CTAGATCATTCATAAA,1
CTAGATCCATGAATAC,1
CTAGATCCGTGAATAA,1
CTAGATCGAATTAGAC,1
CTAGATCGGATTGGAC,1
CTAGATCGTTCTTCAT,1
CTAGATCTGAGCACGC,1
CTAGATCTGATCATGT,1
CTAGATGTAACTTAAA,1
CTAGATGTGGCTCATC,1
CTAGATTGTACTACAA,1
CTAGATTGTACTACCG,1
CTAGATTTGCCTATAT,1
CTAGCAAACCTTTAAG,1
CTAGCAAACGAACCAT,1
CTAGCAAAGGTATAAA,1
CTAGCAAATCGATAAG,1
CTAGCAAATCTCGATT,1
CTAGCAACCCACCGGG,1
CTAGCAACTTACCGAA,1
CTAGCAAGTTCTCGTT,1
CTAGCAATAACCATAA,1
CTAGCAATACCGAGAT,1
CTAGCAATAGCGACCA,1
CTAGCAATGACTATAA,1
CTAGCACACATTGTAC,1
CTAGCACGCCAATATT,1
CTAGCAGAAAGTAAAA,1
CTAGCAGAGAGTAAAG,1
CTAGCAGATAGTAAAA,1
CTAGCATAATAAAAGC,1
CTAGCATACAAGTTTC,1
CTAGCATAGATAACTA,1
CTAGCATCATCCAACT,1
CTAGCATCCCCATCGT,1
CTAGCATGCCCACTAA,1
CTAGCCAAAATCAAGA,1
CTAGCCAATCTCCATT,1
CTAGCCAATCTCGATA,1
CTAGCCAGGAACCCCT,1
CTAGCCATACAGAGAT,1
CTAGCCATGCCCTTCC,1
CTAGCCATTTATACAG,1
CTAGCCATTTTAAACT,1
CTAGCCCACCCTACCG,1
CTAGCCCACCCTAGAC,1
CTAGCCCACCCTTCAC,1
CTAGCCCACCGTACAC,1
CTAGCCCACCTCCAAT,1
CTAGCCCACGAAACTT,1
CTAGCCCAGCCTACAC,1
CTAGCCCATCCTACAC,1
CTAGCCGAAAATTATC,1
CTAGCCGAATATCACA,1
CTAGCCGACCCTACAC,1
CTAGCCGTAATGTATT,1
CTAGCCGTTCAGGACA,1
CTAGCCTTGAATTAGA,1
CTAGCCTTTCTAGCCG,1
CTAGCGAAAAAGCACA,1
CTAGCGAAAGGAGCAT,1
CTAGCGAACCTTTAAT,1
CTAGCGAACCTTTTAG,1
CTAGCGAGAATGTCAA,1
CTAGCGAGGAGTGCTA,1
CTAGCGATAGATTGCA,1
CTAGCGATCCAATCAA,1
CTAGCGATTACAGTAA,1
CTAGCGCAAGGAAAAG,1
CTAGCGGAACCTAAAT,1
CTAGCGGCTAACATAC,1
CTAGCGTAGTACAACA,1
CTAGCGTGTCCTTCCA,1
CTAGCTAAAATTAGTG,1
CTAGCTAACGCCAGAA,1
CTAGCTACGAGACACG,1
CTAGCTACTAGCTGAC,1
CTAGCTAGAATATGTA,1
CTAGCTAGGGGTGCTA,1
CTAGCTATAAATTGCA,1
CTAGCTATACTGAGGA,1
CTAGCTATAGAATGTG,1
CTAGCTATATCCACTG,1
CTAGCTATCGAAACTC,1
CTAGCTATTACAATAA,1
CTAGCTCAATTAACAC,1
CTAGCTCATCACAACC,1
CTAGCTCATTTGTTTT,1
CTAGCTCCGAGCACGC,1
CTAGCTCTGAGCACGA,1
CTAGCTGATCACATAT,1
CTAGCTGGCAAATGGC,1
CTAGCTGGCAGCAGTC,1
CTAGCTGGCCAATGGA,1
CTAGCTTAACCACAAT,1
CTAGCTTTACGCCCTG,1
CTAGCTTTGCATGTAC,1
CTAGCTTTGTTTGAAA,1
CTAGGAAAACGTGAAA,1
CTAGGAAAATACAAAA,1
CTAGGAAAATAGCCAA,1
CTAGGAACAACGATTT,1
CTAGGAACAATGTTAT,1
CTAGGAACATAACCAT,1
CTAGGAACATTTACAT,1
CTAGGAACCATGTTCT,1
CTAGGAACGCTGCAGC,1
CTAGGAACTATCAAAT,1
CTAGGAACTATCCTCT,1
CTAGGACAACAATTTA,1
CTAGGACAACGTAGCC,1
CTAGGACAAGAGCACT,1
CTAGGACACAGTAGCC,1
CTAGGACACCATAGCC,1
CTAGGACAGCTATAAC,1
CTAGGACCCGCCTTCA,1
CTAGGAGAGACTGAAG,1
CTAGGAGAGGGGTACG,1
CTAGGAGGATACATAA,1
CTAGGATAAGCACGAG,1
CTAGGATAAGCAGAAA,1
CTAGGATACTTTTATA,1
CTAGGATAGCTACGAA,1
CTAGGATAGCTACTCA,1
CTAGGATATAAATCTT,1
CTAGGATATGAGAACA,1
CTAGGATCAGCCTTCA,1
CTAGGATCCCTTTATA,1
CTAGGATCGTTTATTA,1
CTAGGATCTAGATAGA,1
CTAGGATGTTAGTTTA,1
CTAGGCAAAGCATATA,1
CTAGGCAAAGTGATCG,1
CTAGGCAACGTGATAG,1
CTAGGCAACGTGATCT,1
CTAGGCCACATACACT,1
CTAGGCCATCTTCGTG,1
CTAGGCCCGCGAGCTG,1
CTAGGCCGAAAAGGAG,1
CTAGGCGACATTTAAA,1
CTAGGCGGAAACCCAA,1
CTAGGCTAAAACCAAC,1
CTAGGCTATCTTAGTG,1
CTAGGCTATCTTCGTT,1
CTAGGCTCAGCAAGAG,1
CTAGGCTCAGCACCAG,1
CTAGGCTCAGCACGAT,1
CTAGGCTCAGCACTAG,1
CTAGGCTCAGTACGAG,1
CTAGGCTCGACCTGAA,1
CTAGGCTTCCATAGAA,1
CTAGGCTTTCTCAAAT,1
CTAGGGAACGTGATCG,1
CTAGGGAGATAGCGAT,1
CTAGGGAGCCAATTTA,1
CTAGGGCAGTCCTTGT,1
CTAGGGCCTAACAATA,1
CTAGGGCTTTTGTTGT,1
CTAGGGTCAAAAAAGG,1
CTAGGTAAACGATCCT,1
CTAGGTAAACTTCTAT,1
CTAGGTAAATTACATC,1
CTAGGTAAGCTGACCT,1
CTAGGTATATACAAAC,1
CTAGGTATTGATCGTT,1
CTAGGTCGTTCTAAAC,1
CTAGGTGAAAAGGTCA,1
CTAGGTGTATGCTTTA,1
CTAGGTTCCTTTTATA,1
CTAGGTTGTACTACCA,1
CTAGTAAACACCTAAC,1
CTAGTAACGTTCGATC,1
CTAGTAACTACCATAA,1
CTAGTAACTAGTGAAG,1
CTAGTAACTGACCTTT,1
CTAGTAAGGCAATAAC,1
CTAGTAATGTAAGGCG,1
CTAGTACAACAATTTC,1
CTAGTACAGCTTACTC,1
CTAGTACCAGCTTAAA,1
CTAGTACCGCAATAAC,1
CTAGTACCGCTTACTA,1
CTAGTAGAGAGTAAAA,1
CTAGTAGATAGCCATG,1
CTAGTAGATCCCAGGC,1
CTAGTAGCAAGTAACA,1
CTAGTAGCCCATCTAT,1
CTAGTAGTAGCAATTA,1
CTAGTATATAATTACA,1
CTAGTATATATCATTG,1
CTAGTATATGTATGAG,1
CTAGTATGACATCTAT,1
CTAGTATGATCTCCGG,1
CTAGTCAAGACTAAAC,1
CTAGTCAGAGAATAAC,1
CTAGTCATAATAAACA,1
CTAGTCATAGCGCCAC,1
CTAGTCCATAAGAACA,1
CTAGTCCATGGATTGC,1
CTAGTCCCCATAAAGG,1
CTAGTCCTATAGACTT,1
CTAGTCGGGCTGCCTT,1
CTAGTCTAGCTACTCT,1
CTAGTCTATAAATAAT,1
CTAGTCTCTAGATAGA,1
CTAGTGAAACCTAGTC,1
CTAGTGAACTGAACTG,1
CTAGTGAATGCTCACA,1
CTAGTGACACCTATTC,1
CTAGTGACCACATGCT,1
CTAGTGAGCGATCGGA,1
CTAGTGAGGGCAATTT,1
CTAGTGATCTAAGAAC,1
CTAGTGCAAGAAAACT,1
CTAGTGCAGAAGCTTA,1
CTAGTGCAGTAGCATA,1
CTAGTGCAGTTAACCG,1
CTAGTGCATCAAAACG,1
CTAGTGCATCAGCTTA,1
CTAGTGCATCGAAGTG,1
CTAGTGCCTACCCAAT,1
CTAGTGGAGTATCTAA,1
CTAGTGGCCCATCGAT,1
CTAGTGTAGACATTAT,1
CTAGTGTCCCACACTA,1
CTAGTTACGTGAGAAG,1
CTAGTTACTTGAAAAG,1
CTAGTTAGACTTCGAA,1
CTAGTTAGGGACCTCG,1
CTAGTTATCTAGCATG,1
CTAGTTCGGGACATCG,1
CTAGTTCTTACACCAA,1
CTAGTTGAGGACTGTG,1
CTAGTTGATGACTGTC,1
CTAGTTGCATTTTATG,1
CTAGTTGCCCATAACA,1
CTAGTTTAAAAAATGC,1
CTAGTTTAAATTCTAC,1
CTAGTTTAAGGTCAAA,1
CTAGTTTAGGAAGATA,1
CTAGTTTAGGGTCAAA,1
CTAGTTTATGGTCAAA,1
CTAGTTTCGTGTACTT,1
CTAGTTTTAACCTCCA,1
CTAGTTTTAACCTCTG,1
CTAGTTTTGACCTCCG,1
CTATAAAAAAAATATA,1
CTATAAAAACAAGTGT,1
CTATAAAACCAAATGT,1
CTATAAAACCAAGTGC,1
CTATAAAATACACATT,1
CTATAAAATACATAAC,1
CTATAAAATGATAGTT,1
CTATAAACAATAGCAT,1
CTATAAACCCAACAAC,1
CTATAAACGATAGCCT,1
CTATAAAGACATAGAA,1
CTATAAAGATGCTGAC,1
CTATAAAGGCGATAAC,1
CTATAAATAACGTAAA,1
CTATAAATACGACACC,1
CTATAAATAGATCAGG,1
CTATAAATAGTCTTTA,1
CTATAAATCAACGATT,1
CTATAAATCGTTGAAC,1
CTATAAATGGCGACCC,1
CTATAAATTAATGCTA,1
CTATAACAACCCATTG,1
CTATAACAATACGTAG,1
CTATAACACATGAGCC,1
CTATAACACATGAGTC,1
CTATAACACATGGGGC,1
CTATAACAGAATAGCG,1
CTATAACATAAACATT,1
CTATAACATACAAATT,1
CTATAACATACACATC,1
CTATAACATATGAGGC,1
CTATAACATCACCCAT,1
CTATAACATCCTGTGT,1
CTATAACATTCGATCA,1
CTATAACCACCAATTG,1
CTATAACCACCCACTG,1
CTATAACCACGCATTG,1
CTATAACCACTCATTG,1
CTATAACCTACGTACA,1
CTATAACGACCCATTG,1
CTATAACGAGCCAAAA,1
CTATAACGTTGCAAAA,1
CTATAACTAATAATAT,1
CTATAACTACCCATTG,1
CTATAAGAAGGCGAGC,1
CTATAAGATAAGAGCA,1
CTATAAGCACAGCATG,1
CTATAAGTACGTACCT,1
CTATAAGTACTATGGT,1
CTATAAGTATAAATGT,1
CTATAAGTCCCGGAAA,1
CTATAAGTCCTGGAAG,1
CTATAAGTCCTGGAGA,1
CTATAATAACTGCCAA,1
CTATAATAAGATGACT,1
CTATAATACATCCGCA,1
CTATAATAGATGCCAA,1
CTATAATAGCTTCCAA,1
CTATAATATAAATCTT,1
CTATAATATAATCCTC,1
CTATAATATCAGAAAT,1
CTATAATCCTGGCTGA,1
CTATAATCGTGATCAC,1
CTATAATCTCTGCACG,1
CTATAATCTGGGATAA,1
CTATAATCTTTTCGGC,1
CTATAATGAAGACTGG,1
CTATAATGATACTCGG,1
CTATAATGCATAGATC,1
CTATAATGCCCGCACG,1
CTATAATGGTACTAGG,1
CTATAATTAGAAAAAA,1
CTATAATTATATGACT,1
CTATAATTCAAAAACA,1
CTATAATTGAGTTAGC,1
CTATACAACTAAATGA,1
CTATACAATCTCGTTA,1
CTATACACAAAACCTA,1
CTATACACAGAACCAG,1
CTATACACAGAGTGAG,1
CTATACAGCTAGGTTT,1
CTATACAGTATGCGTG,1
CTATACATACTAAAAT,1
CTATACATCGGATTAA,1
CTATACATTTGAGGAA,1
CTATACCCACCAGAAT,1
CTATACCGATTCAGTA,1
CTATACCGGTTTTAAC,1
CTATACCGGTTTTGAA,1
CTATACCTGTTTTGAC,1
CTATACCTTGCTATAA,1
CTATACGAGTAGAAAC,1
CTATACTAAAACACCT,1
CTATACTAAATGCATG,1
CTATACTACAACCGAA,1
CTATACTACAATCCTC,1
CTATACTCCATTGGTG,1
CTATACTGGATCACAC,1
CTATACTTCTCCTTTT,1
CTATACTTGCTCGATC,1
CTATAGAAAATTGTGA,1
CTATAGAAATTCTCTA,1
CTATAGAACAGTAACG,1
CTATAGAACCAAGTGT,1
CTATAGAAGTACGGTA,1
CTATAGACATACAATA,1
CTATAGAGTTCAGACA,1
CTATAGATAAACCAAA,1
CTATAGCAAGGAAAAA,1
CTATAGCATACACATT,1
CTATAGCCACATAGCA,1
CTATAGCCACTATGAA,1
CTATAGCCTCTCCAAA,1
CTATAGCTTTCAGACA,1
CTATAGGCACACAATA,1
CTATAGGCTGTTAGCA,1
CTATAGGTTCTATAGA,1
CTATAGTAGGTATTGT,1
CTATAGTAGTATAGTG,1
CTATAGTAGTCTAATA,1
CTATAGTAGTTTAACA,1
CTATAGTATTTTAATA,1
CTATAGTTATATGAAT,1
CTATATAAAATCCAGG,1
CTATATAAATGAAACG,1
CTATATAACCTTAGAC,1
CTATATAAGAGGTATC,1
CTATATAAGATAGGAA,1
CTATATAATACGGAGT,1
CTATATAATAGTAGAA,1
CTATATACACACGTGG,1
CTATATACACCGAGTG,1
CTATATACCCCGATTG,1
CTATATACCCCGGGTG,1
CTATATACCCTGTTGC,1
CTATATACCGTCAAAA,1
CTATATACGATAGGGA,1
CTATATACGTACCATC,1
CTATATAGTATACGTG,1
CTATATAGTATGCTTG,1
CTATATATACCAGAAC,1
CTATATATGACAGAAC,1
CTATATATTAGCAAAA,1
CTATATCACATTTCCT,1
CTATATCAGATCAAAC,1
CTATATCGCACTATGA,1
CTATATCTACAATAGA,1
CTATATGAAATATAAA,1
CTATATGCAAACTGGA,1
CTATATGTGCTCACAC,1
CTATATGTGTCATAGA,1
CTATATTAAATTCCCC,1
CTATATTCGTCTAAAA,1
CTATATTTACCCAATA,1
CTATATTTCTACGTGA,1
CTATCAAACAAAAAAA,1
CTATCAAAGATAAAAT,1
CTATCAAAGCAGGGCA,1
CTATCAAATTCGAATG,1
CTATCAAATTTGAATT,1
CTATCAACTAAACAAC,1
CTATCAAGATAACGTA,1
CTATCAATATAGAGTG,1
CTATCAATCCTACTCA,1
CTATCACAAGCTAATC,1
CTATCACACATTGCAC,1
CTATCACATAGTTTGT,1
CTATCACGTACAAATG,1
CTATCACTAATAATAC,1
CTATCACTAGTAATAT,1
CTATCACTTCCCAATC,1
CTATCAGAAGCCGAGA,1
CTATCAGACAACAAAA,1
CTATCAGATGAAATTA,1
CTATCAGTGGGTGTAA,1
CTATCATAAATTCCCC,1
CTATCATGACAAGTAG,1
CTATCATGACCTTTTA,1
CTATCATGAGCCGATT,1
CTATCATGAGTAAAAT,1
CTATCATGAGTAGGAT,1
CTATCATGATTAAGAT,1
CTATCATGGGTAAGAT,1
CTATCATTACAATAAC,1
CTATCATTATATTGAC,1
CTATCCAAAGCTTGCG,1
CTATCCAAATTTTGGT,1
CTATCCAATATCAGGC,1
CTATCCAATCAGATAC,1
CTATCCAATCTCGATT,1
CTATCCACAAAACCTG,1
CTATCCACTACACCCC,1
CTATCCATACATGATA,1
CTATCCATGAGTATTA,1
CTATCCATTATGAAGA,1
CTATCCATTCATGATA,1
CTATCCCATCATACAA,1
CTATCCGAAGGGTAGT,1
CTATCCGAAGTGACTA,1
CTATCCGGGGAAAACC,1
CTATCCGTCTGTACAG,1
CTATCCGTTAAAGATG,1
CTATCCTAACAAGATT,1
CTATCCTACACACAAG,1
CTATCCTCGCAGGCTA,1
CTATCCTGGGTAACTG,1
CTATCCTTCGGTAGGT,1
CTATCGAAATTTCTAA,1
CTATCGAATCCGTAAG,1
CTATCGAATGAACAGA,1
CTATCGACCTACAACA,1
CTATCGAGAGTTCTAA,1
CTATCGAGCCAACACC,1
CTATCGAGCCAACCCT,1
CTATCGAGTACAAATG,1
CTATCGATTGATAGTC,1
CTATCGATTTAAGCTA,1
CTATCGCGGACAAATG,1
CTATCGCGTACAAATA,1
CTATCGCGTACAAGTG,1
CTATCGCGTTCATGAA,1
CTATCGGCAAACATGT,1
CTATCGGTAGAAAAAA,1
CTATCGTGTACAAATG,1
CTATCGTTCGAAAAAA,1
CTATCTAAAATTTACG,1
CTATCTAAATAAGTGC,1
CTATCTAAGTTTACTC,1
CTATCTAATCCGATAA,1
CTATCTACCAGCATCC,1
CTATCTATCACATCTT,1
CTATCTATTACATAGA,1
CTATCTATTATATCGA,1
CTATCTGAACGGTTTT,1
CTATCTGAAGGGTATT,1
CTATCTGACCCTTTTA,1
CTATCTGAGGGGTTTT,1
CTATCTGGACCAGTAT,1
CTATCTGTTCATGTTA,1
CTATCTTAAATTCCCT,1
CTATCTTCGGCACTAT,1
CTATCTTGAATTCCCA,1
CTATCTTGCCAGTTGT,1
CTATCTTGTAACAGTA,1
CTATCTTGTCACCGTA,1
CTATCTTTTGACCATA,1
CTATGAAAACAGAACT,1
CTATGAAAACCGAAAT,1
CTATGAAAATAGTTAT,1
CTATGAAATATAACAT,1
CTATGAAGAAGCTGAA,1
CTATGAAGCCTCGCAA,1
CTATGAATCTAACGCA,1
CTATGACAACGATTGC,1
CTATGACAGGTGGATC,1
CTATGACCACCCATTG,1
CTATGACCCACTAATA,1
CTATGACGCAGTTATA,1
CTATGACTAGAATTGA,1
CTATGACTTAGGCACA,1
CTATGAGACGACCAAC,1
CTATGAGATGAGAACA,1
CTATGAGCAATATATA,1
CTATGATAAGTAAACA,1
CTATGATACCTTTCGA,1
CTATGATATATCTGAT,1
CTATGATATGACGAGC,1
CTATGCACGCCAGGAG,1
CTATGCATCATAATCC,1
CTATGCATCCGTTGAG,1
CTATGCATTCCTACCT,1
CTATGCCCAATAAAAG,1
CTATGCCGATAGAAAG,1
CTATGCCGCAGCTATA,1
CTATGCCGCAGTTACA,1
CTATGCCTACAATGAG,1
CTATGCCTCAGTTATA,1
CTATGCCTCGGGAACG,1
CTATGCGATAATGGTA,1
CTATGCGTAACACCTA,1
CTATGCTATCAAGACA,1
CTATGCTATTGATCCA,1
CTATGCTCAATAACCC,1
CTATGCTCGATTATAA,1
CTATGCTGCAGTTATA,1
CTATGCTTAACGTACC,1
CTATGCTTAGAAATAG,1
CTATGCTTCATAATTA,1
CTATGGAATGGTAGAA,1
CTATGGACCTCATAAA,1
CTATGGACTGGGAAAG,1
CTATGGAGAACATAGT,1
CTATGGATACCTAAAA,1
CTATGGATCACCTACT,1
CTATGGCGGGCGCCGC,1
CTATGGCTAAGATTCA,1
CTATGGCTATATAAAA,1
CTATGGCTGTCCGTCG,1
CTATGGGCTGTTAACA,1
CTATGGGGCTTAAGAA,1
CTATGGGTCGGTAAAA,1
CTATGGGTCGGTGGAA,1
CTATGGTATGATTGTT,1
CTATGGTCTCGTTAAC,1
CTATGGTCTTATTGTT,1
CTATGGTGAACAAAAA,1
CTATGTACATAAACGA,1
CTATGTACCATTAATG,1
CTATGTACTAATCCTA,1
CTATGTACTGAGACCG,1
CTATGTAGATGGAGGA,1
CTATGTATTTAACGCT,1
CTATGTCACATGGTAA,1
CTATGTCAGCGCTAAT,1
CTATGTCCCACCTCTC,1
CTATGTCGAATGGTAA,1
CTATGTCGCATGCTAA,1
CTATGTCGCATGGTAG,1
CTATGTCGCATTGTAA,1
CTATGTCTGTCCGTTG,1
CTATGTGTCAACAGAA,1
CTATGTGTTTAACGCG,1
CTATGTTAAATTTCTA,1
CTATGTTACATTTATA,1
CTATGTTACTTATTTA,1
CTATGTTCGACGAAGG,1
CTATGTTGCAATGCAC,1
CTATGTTGGAATGCAC,1
CTATGTTTAGGGATCT,1
CTATTAAACTACATTT,1
CTATTAAATCACAAAA,1
CTATTAACATACATTT,1
CTATTAACGTTAGGAT,1
CTATTAAGAACTAATA,1
CTATTAAGACGAATCC,1
CTATTAAGCCTCACAA,1
CTATTAAGGGCATGGC,1
CTATTAAGGTCCATCC,1
CTATTAAGTGCATGGA,1
CTATTAAGTGCATGGT,1
CTATTAAGTGCATGTC,1
CTATTAAGTGCATTGC,1
CTATTAAGTGCGTGGC,1
CTATTAAGTGGATGGC,1
CTATTAATAACAAGAG,1
CTATTAATATTTTCTC,1
CTATTAATGCACAAGA,1
CTATTAATTGCATGGC,1
CTATTAATTTCATGGC,1
CTATTAATTTTACAAG,1
CTATTACAATACGCAG,1
CTATTACAATATGTAG,1
CTATTACACGAAATTG,1
CTATTACACTTGTTCA,1
CTATTACCCGCCAAGC,1
CTATTACCGCCTTTAA,1
CTATTACCTCACGCGT,1
CTATTACGGTGTAAAT,1
CTATTACTACATCTCA,1
CTATTACTGAAAACGT,1
CTATTACTTTAGCACG,1
CTATTAGAAAATAACG,1
CTATTAGAACGACGGG,1
CTATTAGAGCAAATTA,1
CTATTATAACTCGCCC,1
CTATTATAACTGAACT,1
CTATTATAGAGTCCCA,1
CTATTATCGACACGAA,1
CTATTATCGACGCTAT,1
CTATTATGAAAACATC,1
CTATTATGAACAACAA,1
CTATTATTCTCATAAA,1
CTATTCAAAATAATAA,1
CTATTCAAAGCCTATC,1
CTATTCAACAGTTCTA,1
CTATTCAACCGACGAT,1
CTATTCAACTATAGAC,1
CTATTCAATCACAACA,1
CTATTCACCAGCCGTA,1
CTATTCACTCGAAAAA,1
CTATTCATGCAAATAC,1
CTATTCCAAACCCGTG,1
CTATTCCACCAATCGT,1
CTATTCCACCCATAGT,1
CTATTCCACCCATCTT,1
CTATTCCGCAGTTATA,1
CTATTCCTTTGCATAT,1
CTATTCGTAAAACCGA,1
CTATTCTAACTACTCT,1
CTATTCTACCTAATAA,1
CTATTCTATCACACGA,1
CTATTCTCAACGCTAT,1
CTATTCTCGAGGCTAT,1
CTATTCTCGGCGCTAT,1
CTATTCTCGTCGCTAT,1
CTATTCTTGACGCTAT,1
CTATTGAATGCAATCA,1
CTATTGACAAAAGCAG,1
CTATTGACCAAACAGA,1
CTATTGAGCTAAAAAT,1
CTATTGAGTGCATGGC,1
CTATTGAGTTCATGAA,1
CTATTGCGAAGATTCT,1
CTATTGCGGTCATGAA,1
CTATTGCGTTCATAAA,1
CTATTGCGTTCATGGA,1
CTATTGCGTTCGTGAA,1
CTATTGCTAACCTGCT,1
CTATTGCTAATAAGGC,1
CTATTGCTTATAAGTC,1
CTATTGCTTATGAGGC,1
CTATTGGAAAATAACC,1
CTATTGGGAGCGGTCT,1
CTATTGGTAAAACACA,1
CTATTGTACCATCATA,1
CTATTGTAGAGCCCCA,1
CTATTGTCCACCACCA,1
CTATTGTGACACGTTC,1
CTATTGTGCAACTGGA,1
CTATTTACCACCCGTA,1
CTATTTACCAGCAGTA,1
CTATTTACGAGCCGTA,1
CTATTTACGGCCGATA,1
CTATTTAGCCTATATA,1
CTATTTAGCCTCAATA,1
CTATTTAGCTTCTATA,1
CTATTTAGGCAGACTT,1
CTATTTAGGCATACTC,1
CTATTTATCTAACAAA,1
CTATTTCAAAATATCC,1
CTATTTCAGGATTTTT,1
CTATTTGAAAACGGAA,1
CTATTTGATAAATAGC,1
CTATTTGATGATTGGC,1
CTATTTGCAGCCGATA,1
CTATTTGCGGCCTATA,1
CTATTTGTGCTGTGCA,1
CTATTTTAAATTCCCC,1
CTATTTTCGGCATAAT,1
CTATTTTGTGACTAAA,1
CTATTTTGTGACTCCC,1
CTATTTTTAACCTCCG,1
CTCAAAAACGGTGCAA,1
CTCAAAAACTAGAAAG,1
CTCAAAAATTGAGTAT,1
CTCAAAAATTTAGGAT,1
CTCAAAACAAGAAAAA,1
CTCAAAACAAGGAGTA,1
CTCAAAACATCACAAC,1
CTCAAAACTTGATACT,1
CTCAAAAGCTTCACGC,1
CTCAAAAGTCTATCTG,1
CTCAAAATAACCTAAT,1
CTCAAAATATATACAG,1
CTCAAAATGACCGCAA,1
CTCAAAATGCCAGCAA,1
CTCAAACACTATTCAG,1
CTCAAACGCCACTCTG,1
CTCAAACGCTTCACTC,1
CTCAAACGTGACACTG,1
CTCAAACGTGAGGATT,1
CTCAAAGACGTTGACG,1
CTCAAAGCCGTTGGCG,1
CTCAAAGGGGTGGATA,1
CTCAAAGTCTGAAATC,1
CTCAAATACACTATGA,1
CTCAAATAGCGAAATG,1
CTCAAATATAAAGAGC,1
CTCAAATCAACACAAA,1
CTCAAATCGCACATAT,1
CTCAAATGACCATCGG,1
CTCAAATGACGCAAGA,1
CTCAAATGCACGCACA,1
CTCAAATGCACGCACT,1
CTCAAATGGCCATAGG,1
CTCAAATGGCCATCGT,1
CTCAAATGGCCATCTG,1
CTCAAATGGCCATTGG,1
CTCAAATGTCCATCCA,1
CTCAAATTAATATGCC,1
CTCAAATTACTCCTAA,1
CTCAAATTATGTAACC,1
CTCAAATTCGAACGAG,1
CTCAAATTGCCATCGG,1
CTCAACAAGCTAAAAA,1
CTCAACACAAAAACAA,1
CTCAACACTCTCACGA,1
CTCAACAGTCGGCTCC,1
CTCAACCAACGTAAAA,1
CTCAACCAACGTAGCA,1
CTCAACCACGCCACGT,1
CTCAACCCCTTGACTA,1
CTCAACCTGGGTAAAT,1
CTCAACGAGCACAGAA,1
CTCAACGATCGCATAA,1
CTCAACGCAGAAAACA,1
CTCAACGCATAAATTC,1
CTCAACGCCTGGTAAC,1
CTCAACGTAAAATCCA,1
CTCAACGTCCCTTCTT,1
CTCAACGTGTGGTCTT,1
CTCAACGTTCCTACTT,1
CTCAACTAATTTTAAC,1
CTCAACTACCAAAAAA,1
CTCAACTAGCACATAT,1
CTCAACTCGCAAATAT,1
CTCAAGAACTTATATA,1
CTCAAGACGGCAGAAA,1
CTCAAGCAGGCAGTTA,1
CTCAAGCCGTTTACAC,1
CTCAAGCTAATGGAAG,1
CTCAAGGTACAACATA,1
CTCAAGTCAAATCAAA,1
CTCAAGTGAAGTGAAA,1
CTCAAGTTCACATCAT,1
CTCAATAACGTATTGG,1
CTCAATAACTTACTAA,1
CTCAATAAGCTCAAAG,1
CTCAATACTGATTGGA,1
CTCAATAGGAACTTTA,1
CTCAATAGGCGAAGTT,1
CTCAATCAAAACCTTC,1
CTCAATCAAACTTGAG,1
CTCAATCACTCTGCAG,1
CTCAATCAGAAAGTTT,1
CTCAATCAGACTTGAA,1
CTCAATCAGACTTGAT,1
CTCAATCATTACAAAG,1
CTCAATCCAAAGAAGT,1
CTCAATCCATAACTCC,1
CTCAATCCGAAAGTTG,1
CTCAATCCGAAATTTT,1
CTCAATGATATCTGAA,1
CTCAATGATCGGGTAG,1
CTCAATGCATTCAACC,1
CTCAATGTACCCAGCA,1
CTCAATGTAGCCCATA,1
CTCAATTAAAATAATA,1
CTCAATTAATCCATCT,1
CTCAATTAGACTTGAG,1
CTCAATTCACTGCGTT,1
CTCAATTTACCAAGCA,1
CTCAATTTACCCAGTA,1
CTCAATTTACCGAGCA,1
CTCAATTTTGATAACA,1
CTCACAAATTATGACT,1
CTCACAAATTATGTAT,1
CTCACAAATTATTTCT,1
CTCACAACCTAATGAC,1
CTCACAACTCACGAAA,1
CTCACAACTCGACCAC,1
CTCACAAGAGGAGTGT,1
CTCACAAGCACCGCCA,1
CTCACAAGTAGCTTCT,1
CTCACAATAAAATAAG,1
CTCACAATAAACGATC,1
CTCACAATCACGCTAT,1
CTCACAATGAATAGCT,1
CTCACAATGGATAACT,1
CTCACAATGGATAGCC,1
CTCACAATGGATATCT,1
CTCACAATTAACTGCC,1
CTCACACACCATCGTG,1
CTCACACCTACCCCTC,1
CTCACACCTAGAAGAG,1
CTCACACGGAGAACCA,1
CTCACACTAATCACAT,1
CTCACACTACCAAAAG,1
CTCACACTGAAAAACA,1
CTCACAGACGAATAGA,1
CTCACAGCCGTAACAA,1
CTCACATACCCCACCC,1
CTCACATACTAAACGC,1
CTCACATACTCTATGA,1
CTCACATCATTGATCC,1
CTCACATGAAACGAAG,1
CTCACATGAATACGAC,1
CTCACATGGACAGAAA,1
CTCACCAACCAATAGA,1
CTCACCAATATCTACA,1
CTCACCACTATCACGA,1
CTCACCATGCCCTTCC,1
CTCACCCCAACCGGTG,1
CTCACCCCTACCCATC,1
CTCACCCGGAAACAGG,1
CTCACCCTAGTGCAAA,1
CTCACCGAAACATATC,1
CTCACCGTATCGACAC,1
CTCACCGTATTAGACA,1
CTCACCTAAAGTTCAA,1
CTCACCTGCACTATCT,1
CTCACCTGGTTATGAA,1
CTCACCTTATTGTCAG,1
CTCACCTTGTGCCCAA,1
CTCACGAACTTACTAA,1
CTCACGACTACCGGCC,1
CTCACGAGAAATGAGT,1
CTCACGAGAGTTTCTC,1
CTCACGAGGGTGTCTC,1
CTCACGCATTAATTAA,1
CTCACGCCACAATATA,1
CTCACGCCACCATGAT,1
CTCACGCGGAGAACCA,1
CTCACGGAACGCGATA,1
CTCACGGACTCCTGCA,1
CTCACGGGGCGGATTA,1
CTCACGGTGCAACATA,1
CTCACGGTTGAACATA,1
CTCACTAAATAAGTTA,1
CTCACTAACTAAAAAA,1
CTCACTAACTTACTAT,1
CTCACTAACTTACTTA,1
CTCACTAAGTTACTAA,1
CTCACTAATGCATAGC,1
CTCACTAGATAATTAT,1
CTCACTCATCGAAAAA,1
CTCACTCCAAGAGGCT,1
CTCACTCCATACGTGC,1
CTCACTCCCATAGGCT,1
CTCACTCGAGGCCATT,1
CTCACTCGGACTTAAG,1
CTCACTCTAAGTGACA,1
CTCACTGAACTACTTT,1
CTCACTGACAAACCAG,1
CTCACTGGTACAAACA,1
CTCACTTCAATAATTT,1
CTCACTTCGCTCCTTC,1
CTCACTTGTAACCAAT,1
CTCAGAAACAAATAGA,1
CTCAGAAAGCCAGCTG,1
CTCAGAAAGTAGAGTT,1
CTCAGAACCAATACCA,1
CTCAGAAGAAAAAAAG,1
CTCAGAAGAACTGAGC,1
CTCAGAATGATAATTA,1
CTCAGACAGGAGCAAA,1
CTCAGACCGAAGAACC,1
CTCAGACCGAAGATGT,1
CTCAGACTATAAACAA,1
CTCAGACTGTACAACA,1
CTCAGACTGTCGCGTT,1
CTCAGAGAATGAATAT,1
CTCAGAGTCGTAAACT,1
CTCAGATAAATGGATC,1
CTCAGATAGTCACTAC,1
CTCAGATATAAAGAGT,1
CTCAGATATTAATTAA,1
CTCAGATCAAAAAATA,1
CTCAGATGTAGGACTA,1
CTCAGATTCCTGACGG,1
CTCAGATTGATTCATG,1
CTCAGATTTCAGTAAA,1
CTCAGCAACCTACAAG,1
CTCAGCAACTTACGAG,1
CTCAGCAACTTATAAG,1
CTCAGCACAAATGACT,1
CTCAGCACAATTCTGC,1
CTCAGCACCCCTCCCT,1
CTCAGCACTTTCTGTC,1
CTCAGCAGCCCCGGCG,1
CTCAGCAGCCCTGCCG,1
CTCAGCAGCCCTGGTG,1
CTCAGCAGCCCTTGCG,1
CTCAGCATCCCTGGCG,1
CTCAGCATGAAAACCC,1
CTCAGCATGATGGATC,1
CTCAGCATTACGAAAA,1
CTCAGCATTATTGAAA,1
CTCAGCCGCCATAATA,1
CTCAGCCTATAAAAAA,1
CTCAGCCTATAAACGA,1
CTCAGCCTATAGACAA,1
CTCAGCCTATATACAA,1
CTCAGCCTTTACAACA,1
CTCAGCGTATAAACAA,1
CTCAGCTATTGATTCA,1
CTCAGCTGGAAAAAGT,1
CTCAGCTTCGCCAATC,1
CTCAGGAAGTATAAAC,1
CTCAGGACGATAGATC,1
CTCAGGAGACACTTTG,1
CTCAGGAGAGGAAGAA,1
CTCAGGAGGTGCTTTC,1
CTCAGGATACACTTTA,1
CTCAGGCCTAAGAACC,1
CTCAGGCCTGACACAG,1
CTCAGGTAACAGTATT,1
CTCAGGTAATCTATTG,1
CTCAGGTGACACTTTA,1
CTCAGGTGATTTATTG,1
CTCAGGTGGTCTATTG,1
CTCAGGTTAATACAAG,1
CTCAGGTTATCTATTG,1
CTCAGTAAGTCAGGAG,1
CTCAGTCAACTGAACA,1
CTCAGTCGTGAAATTT,1
CTCAGTCTACCATATA,1
CTCAGTCTTGTCCTAA,1
CTCAGTGAACTTCTCC,1
CTCAGTGCTATGCTTA,1
CTCAGTGCTATGCTTC,1
CTCAGTGCTTTAAATC,1
CTCAGTGGGTGAGTAG,1
CTCAGTGTAAGAAATG,1
CTCAGTTGATCTATTG,1
CTCAGTTGTCCGAACA,1
CTCAGTTTATACAAGC,1
CTCATAAAATCTATGA,1
CTCATAAATGACACCC,1
CTCATAACAACAAAGC,1
CTCATAAGCGAGGGAA,1
CTCATAAGTCCTAAAA,1
CTCATAATAAACTATG,1
CTCATAATAAATTCCA,1
CTCATACCGCTCACAG,1
CTCATACGAATAAGAC,1
CTCATACGATAACATT,1
CTCATACTAACGCATA,1
CTCATACTCCGATTGT,1
CTCATAGCTCTTAACC,1
CTCATAGTTTTGGACC,1
CTCATATAATAACTTA,1
CTCATATAATATGGTT,1
CTCATATCGATGACTT,1
CTCATATCGGACACAG,1
CTCATATCTAAAAACT,1
CTCATATGGGTAAGAC,1
CTCATATGTGTACGAC,1
CTCATATTGGCGACTC,1
CTCATATTGGTACGAC,1
CTCATATTGGTGAATC,1
CTCATATTGGTGAGTC,1
CTCATATTTCTTTTAA,1
CTCATCAAACAGCCGT,1
CTCATCAAACCGACGT,1
CTCATCAAACCGCCTT,1
CTCATCAAACGGCCGT,1
CTCATCAAATCGCCGT,1
CTCATCAAGGTGAGAC,1
CTCATCACGGTTCTGC,1
CTCATCACTAAGTATA,1
CTCATCAGAAACCATA,1
CTCATCAGCCCTGGCG,1
CTCATCCCAGTTACCG,1
CTCATCCCGTAGGGGA,1
CTCATCCGAAACAGAC,1
CTCATCCTGAGAGCCC,1
CTCATCCTGAGGGCCT,1
CTCATCCTGTACAACA,1
CTCATCGTATCGAAAC,1
CTCATCGTATCTACAC,1
CTCATCGTTCAGACGA,1
CTCATCTAGCTACCGA,1
CTCATCTCAGTTAGCG,1
CTCATCTCGGTTACCG,1
CTCATCTGGCGTACTA,1
CTCATCTGTCGACAAG,1
CTCATCTTTAGTAAGT,1
CTCATGAAACACCAAT,1
CTCATGACAATAGTAA,1
CTCATGACACCAAGCC,1
CTCATGACGAGCAAAT,1
CTCATGACGAGCCAAC,1
CTCATGACGATCCAAT,1
CTCATGACTTTTATAT,1
CTCATGAGACACTTTA,1
CTCATGATGGACTTTC,1
CTCATGATGGCATTTC,1
CTCATGCGAATAAGGC,1
CTCATGCGACTGTAAG,1
CTCATGCGATCGTAAG,1
CTCATGGGCTAAAACA,1
CTCATGTCAGTTACCG,1
CTCATGTGCCAACCAA,1
CTCATGTTGTTAAACT,1
CTCATTAAAATTGGAC,1
CTCATTAAACTTCTCC,1
CTCATTACAAAGAAAA,1
CTCATTCAGAATAGAT,1
CTCATTCATCAATATA,1
CTCATTCCCAGAGGCT,1
CTCATTCGATTGCCAG,1
CTCATTCTCCAGTACG,1
CTCATTGCCCACAGTT,1
CTCATTGCGTCTACAG,1
CTCATTGGGGCCTCTT,1
CTCATTTCGCCTGACA,1
CTCATTTGACGACAAG,1
CTCATTTTAATGCCTA,1
CTCATTTTGGAGTAAC,1
CTCATTTTGGTGACTC,1
CTCATTTTTTTCCCAT,1
CTCCAAAACAAGAATG,1
CTCCAAAATAACAACC,1
CTCCAAACTCCTGAAG,1
CTCCAAACTGACGCCG,1
CTCCAAAGAAGAAGAG,1
CTCCAAAGCTTTACAT,1
CTCCAAAGGTGTCGCA,1
CTCCAAATCTGATGAA,1
CTCCAAATCTTAAGAC,1
CTCCAAATGCAGTGGT,1
CTCCAACAGCTGAGTT,1
CTCCAACGTGAAACTG,1
CTCCAACGTGCCATCA,1
CTCCAACTATGTCAAT,1
CTCCAACTATTCCAAT,1
CTCCAAGACGTTGATA,1
CTCCAAGATCGAACGA,1
CTCCAAGCAAGTGATA,1
CTCCAAGGCGTTGATG,1
CTCCAAGTAGGCGCAA,1
CTCCAAGTGCAGTGAT,1
CTCCAATCGGCCACAG,1
CTCCAATCTGATACCC,1
CTCCAATGAAGTGTGA,1
CTCCAATGGCATTGTA,1
CTCCAATTAACCGGAC,1
CTCCAATTAAGTGGAC,1
CTCCAATTACGGTTCT,1
CTCCAATTGGTCATTG,1
CTCCAATTTTGCGCCA,1
CTCCACAACTGATGAA,1
CTCCACACTTCCGGCG,1
CTCCACAGCTCTGTTA,1
CTCCACATCCCGCGCC,1
CTCCACATCCGATGAA,1
CTCCACATCTGATAAA,1
CTCCACATCTGATGAG,1
CTCCACATCTGATGGA,1
CTCCACCCAGCTTTGA,1
CTCCACCCCCCTTTAA,1
CTCCACCCGAAAGAGT,1
CTCCACCCGAAAGTGA,1
CTCCACCTAATCATGA,1
CTCCACCTTCATTCAA,1
CTCCACGACAATACAT,1
CTCCACGTGCACTTAC,1
CTCCACTAACTTGCCC,1
CTCCACTAATTAGGCA,1
CTCCACTCCTCCGCGA,1
CTCCAGAAACAGGGAT,1
CTCCAGAAACATCAGG,1
CTCCAGACAATGCACA,1
CTCCAGACAGGATTTC,1
CTCCAGACTGTAATAG,1
CTCCAGAGTAACGTAG,1
CTCCAGATGGCCTTGT,1
CTCCAGCATGGCATCT,1
CTCCAGCCGACAAACT,1
CTCCAGCCGGACAAGA,1
CTCCAGCCGTCGCAAT,1
CTCCAGCGAACAAGAG,1
CTCCAGCGAACAAGCG,1
CTCCAGCGAACGATCG,1
CTCCAGCGAATGAGCG,1
CTCCAGGAAAAGGGAT,1
CTCCAGGACGTTGATG,1
CTCCAGTATAGACTAA,1
CTCCAGTGGACAATAC,1
CTCCATACCCAACAAT,1
CTCCATACGCTATTAG,1
CTCCATATATAGCCAG,1
CTCCATCAGAAAGGAA,1
CTCCATCCAAACAACT,1
CTCCATCCCGTAGACT,1
CTCCATCGAAAAACAA,1
CTCCATTACCTTACCT,1
CTCCATTCAAGCACCG,1
CTCCATTCACACACCG,1
CTCCATTGATGAATCC,1
CTCCATTGCTATAAGT,1
CTCCATTGGACTAGTA,1
CTCCATTTACAAGACG,1
CTCCATTTCCGCACCG,1
CTCCATTTTTTAAAAA,1
CTCCCAAATGAATCCG,1
CTCCCAACTAACGAAA,1
CTCCCAACTCATGAAA,1
CTCCCAACTGACCCCG,1
CTCCCAACTGACGAAA,1
CTCCCAACTGACGCCT,1
CTCCCAAGCACAGCCA,1
CTCCCAAGCACCTCCA,1
CTCCCAATATAAAGTA,1
CTCCCAATCACCGCCA,1
CTCCCAATGGATTAAG,1
CTCCCAATTCAAATAC,1
CTCCCACACTAACTAT,1
CTCCCACTCTAATTTC,1
CTCCCACTGTCCACTA,1
CTCCCACTTAAAAACA,1
CTCCCAGAGTCCTTTC,1
CTCCCAGGAAATTGCA,1
CTCCCAGTCAACATAC,1
CTCCCAGTGACGCGTT,1
CTCCCAGTGGAGCGTT,1
CTCCCATAGCACAAAA,1
CTCCCATAGGATGATG,1
CTCCCATAGTCGTTGG,1
CTCCCATCAAAAAATC,1
CTCCCATCCAATTCAA,1
CTCCCATCGGCCACAG,1
CTCCCATTTGGCATTA,1
CTCCCCACACGCTAAG,1
CTCCCCACCACTGGCG,1
CTCCCCACGGGCTACG,1
CTCCCCAGCGTGTAAC,1
CTCCCCAGTAAAACGA,1
CTCCCCATGTAAAACG,1
CTCCCCGACAAGAGGG,1
CTCCCCGACGATAGGA,1
CTCCCCTACAGAGCAC,1
CTCCCCTCAAAAAATC,1
CTCCCGAACTTGCCTC,1
CTCCCGAAGACTGAAC,1
CTCCCGAATCAAAACT,1
CTCCCGACTACCGTCC,1
CTCCCGACTACTGGCC,1
CTCCCGACTATACCTC,1
CTCCCGCCTAGCTGCC,1
CTCCCGCGCCCGCGAC,1
CTCCCGCGGAGAACAA,1
CTCCCGCGGATAACCA,1
CTCCCGCTAGAGAATA,1
CTCCCGGCTACCGGCC,1
CTCCCGGGGTCGTTTA,1
CTCCCGGGTTAGTTTA,1
CTCCCGGGTTCGTATA,1
CTCCCGTATCCCTATC,1
CTCCCGTCCAATTAAC,1
CTCCCGTGAAGACGCA,1
CTCCCGTGTTCGTTTA,1
CTCCCTAAACACAGCA,1
CTCCCTAAATGACCGT,1
CTCCCTAACCCCCGAT,1
CTCCCTAACCCCCTAT,1
CTCCCTAACCCCTAAT,1
CTCCCTAACCCCTGAA,1
CTCCCTAACCCCTGTT,1
CTCCCTAACCCTTGAT,1
CTCCCTAACCTCTGAT,1
CTCCCTAACTCCTGAT,1
CTCCCTACTACCGGCC,1
CTCCCTAGCCCCTGAT,1
CTCCCTATACACCAGA,1
CTCCCTATGCTATAGA,1
CTCCCTCAACAATGTG,1
CTCCCTCACCCCTGAT,1
CTCCCTCTTTGACTGA,1
CTCCCTGAACGCGATA,1
CTCCCTTAAATGTCAT,1
CTCCCTTAGCTCATTC,1
CTCCCTTCACCCGTAC,1
CTCCCTTTAACTCAAT,1
CTCCGAAAGATGTCAA,1
CTCCGAAATCGAACGA,1
CTCCGAACAAAAAAGC,1
CTCCGAACAGAAAAGT,1
CTCCGAACCTTCTGAC,1
CTCCGAACTGACGCCG,1
CTCCGAAGAGCAATTC,1
CTCCGAAGCACCGCTA,1
CTCCGAATAAAAAAGT,1
CTCCGAATCAATATAA,1
CTCCGAATCCGTATAA,1
CTCCGAATCCTAAGAC,1
CTCCGAATCTTAAGCA,1
CTCCGAATGATGGATC,1
CTCCGAATTTTAAAAT,1
CTCCGACTATACCCCC,1
CTCCGACTCAGGCAAT,1
CTCCGAGTGCAGTGGT,1
CTCCGATAAGATAACA,1
CTCCGATCATGTACAC,1
CTCCGATGACAGGAAA,1
CTCCGATGACCGAAAA,1
CTCCGATGACCGGGAA,1
CTCCGATGACCGTAAA,1
CTCCGATTCCATATAA,1
CTCCGATTTAAGTAAA,1
CTCCGATTTCATTAAA,1
CTCCGCAATTTGGATA,1
CTCCGCATAATGGATC,1
CTCCGCATGATGGATA,1
CTCCGCATTATGGATC,1
CTCCGCATTCGATTAA,1
CTCCGCCTACAATGAG,1
CTCCGCCTCCCATCGT,1
CTCCGCGATAAAAAAT,1
CTCCGCGCCTCTTTTA,1
CTCCGCTGCCATGCGC,1
CTCCGCTTGGACACCG,1
CTCCGGAAGTATAAAG,1
CTCCGGAATTATAAAC,1
CTCCGGACATACGCAC,1
CTCCGGATCAGGAAGA,1
CTCCGGCAGCCCATCA,1
CTCCGGCGGAAGGCGA,1
CTCCGGCTACACTATC,1
CTCCGGCTGAAGGCAA,1
CTCCGGTTTCAGTAAA,1
CTCCGTAAAAAATGGG,1
CTCCGTAACCCCTGAT,1
CTCCGTAAGTATAAAC,1
CTCCGTATCAATCATA,1
CTCCGTCGAAAGAATG,1
CTCCGTCGCAAAAAAT,1
CTCCGTCTTCTTGGCC,1
CTCCGTCTTGCACACG,1
CTCCGTGAGAAATATG,1
CTCCTAAAAAAACAAC,1
CTCCTAAAGCCACACA,1
CTCCTAAAGTAAACTA,1
CTCCTAACGCTCACAG,1
CTCCTAAGCACAGCGC,1
CTCCTAATGAATAGTT,1
CTCCTAATTTAAACAT,1
CTCCTACAGCTGATCC,1
CTCCTACAGTAAAATA,1
CTCCTACCACTCACAG,1
CTCCTACCCCGTAACC,1
CTCCTACCGCTAACAG,1
CTCCTACCGCTCACAA,1
CTCCTACCGCTCACAC,1
CTCCTACCGCTCACAT,1
CTCCTACCGCTCGCAG,1
CTCCTACCGCTTACAG,1
CTCCTACTGCTCACAG,1
CTCCTACTGTCGCGTT,1
CTCCTAGATTTTACTG,1
CTCCTATAATGCAACA,1
CTCCTATAGTACCAGG,1
CTCCTATCGCTCACAG,1
CTCCTATCGGCCAAAG,1
CTCCTATGAAAAAACA,1
CTCCTATGTTAACACA,1
CTCCTATGTTAGCAGA,1
CTCCTATTTTATTTCC,1
CTCCTCACTCGAAAAA,1
CTCCTCAGTTTAAAAA,1
CTCCTCCAGCGTTGAC,1
CTCCTCCATCGATCAC,1
CTCCTCGACTTGGCAA,1
CTCCTGAATCCACACA,1
CTCCTGATGATCACAA,1
CTCCTGCATTCTACAA,1
CTCCTGCCCCTATCTG,1
CTCCTGCCGTGGACAG,1
CTCCTGCCTGGAAAAC,1
CTCCTGGGCTTATAGA,1
CTCCTGGTACTCACTG,1
CTCCTGTATTCATCTT,1
CTCCTGTCACGTTTCC,1
CTCCTGTCCCTATCTT,1
CTCCTTAACCCCTGAT,1
CTCCTTAATGCTCTGA,1
CTCCTTACACTTTGAG,1
CTCCTTACCAACACGA,1
CTCCTTACCCACAAGA,1
CTCCTTATACTAGCTA,1
CTCCTTCAATCTCGAC,1
CTCCTTCAGAAATCAC,1
CTCCTTCATTGGACCA,1
CTCCTTCGAGCAATTT,1
CTCCTTGATCGGAGTA,1
CTCCTTGCGTCAAGTG,1
CTCCTTTATGCCACAT,1
CTCCTTTCCCGAATTA,1
CTCGAAAAAAGAACAT,1
CTCGAAAAAGGCACAT,1
CTCGAAAAGAGCACAT,1
CTCGAAAAGTCCCACG,1
CTCGAAACCAATGAGT,1
CTCGAAACGCGCGTTA,1
CTCGAAACTCGCGAAA,1
CTCGAAATAGTCATAC,1
CTCGAAATGATAGCTG,1
CTCGAAATGCTAGATG,1
CTCGAAATGTTAGCTG,1
CTCGAAATTATATAGG,1
CTCGAAATTTGTCAGG,1
CTCGAACAATAGGCGG,1
CTCGAACAATGGACGG,1
CTCGAACACAATGTTA,1
CTCGAACATCTCCCAA,1
CTCGAACATTACAATC,1
CTCGAACTCCAATATA,1
CTCGAAGTATTTTTGA,1
CTCGAATACACTCCCA,1
CTCGAATACAGACGGA,1
CTCGAATATAATGTTA,1
CTCGAATCACAACGTC,1
CTCGAATTACTCCGAA,1
CTCGACAACTCTACGC,1
CTCGACACTAGAGCTG,1
CTCGACATCTGATGAA,1
CTCGACCCAAAATCAT,1
CTCGACCCTAGAGCTA,1
CTCGACCCTAGAGCTC,1
CTCGACCCTAGAGCTT,1
CTCGACCCTAGATCTG,1
CTCGACCCTTTTAACC,1
CTCGACGAAGTAGCAC,1
CTCGACGATAAGATGA,1
CTCGACTGAACGAGGG,1
CTCGACTTGCTGGCTA,1
CTCGAGAAAAGCACAT,1
CTCGAGAACTTGGTTA,1
CTCGAGATGTAACCTC,1
CTCGAGATTTAACCCC,1
CTCGAGCCAAAGGCCG,1
CTCGAGCCGAGTACTA,1
CTCGAGTAAAAAAGAT,1
CTCGAGTCAAAAGCCG,1
CTCGAGTCGGAGTGAC,1
CTCGAGTCGGCGTGAA,1
CTCGAGTGTCCCCATT,1
CTCGAGTGTTACCATT,1
CTCGAGTGTTCCAATT,1
CTCGAGTGTTCCCACT,1
CTCGAGTGTTCCCTTT,1
CTCGAGTTGGCGTGAC,1
CTCGATAAGCGTCCTC,1
CTCGATACTATGGCCT,1
CTCGATATGCCTATAT,1
CTCGATCCCGTACATC,1
CTCGATCGAAATCTAT,1
CTCGATCGCCAGCCAG,1
CTCGATCGCCGGTCAG,1
CTCGATCGGTACTAAG,1
CTCGATCTCCAGTCAG,1
CTCGATGTTTAGAAGC,1
CTCGATGTTTAGAGCC,1
CTCGATTAACAAAGAT,1
CTCGATTATTCTCTCC,1
CTCGATTCCTGAATAG,1
CTCGATTCGGCGTGAC,1
CTCGATTTTCGAATCT,1
CTCGATTTTTCAAAAA,1
CTCGCAAGTAACGTAT,1
CTCGCAATGAATACAA,1
CTCGCAATTAATGCAA,1
CTCGCAATTGGTTCTA,1
CTCGCACGGTACAACA,1
CTCGCAGTTGGCCTAT,1
CTCGCATAAACGTAAA,1
CTCGCATAGATAACTA,1
CTCGCATATCACGTCC,1
CTCGCATCACAAGCAA,1
CTCGCATCTATGACAA,1
CTCGCATGTAATCCCC,1
CTCGCCAAATCTAATG,1
CTCGCCAACCTCCCAC,1
CTCGCCAAGTACTGAA,1
CTCGCCATATTAGGAT,1
CTCGCCATATTATGAC,1
CTCGCCATATTGGGAC,1
CTCGCCATTGGATGGA,1
CTCGCCATTTAAGAAC,1
CTCGCCCGAACATTAG,1
CTCGCCCTGGTATAGC,1
CTCGCCCTTAATGGAA,1
CTCGCCCTTCATCAAA,1
CTCGCCTAATGCCAAT,1
CTCGCCTACAGCCAAA,1
CTCGCCTACAGCCAAG,1
CTCGCCTGCCAACAAT,1
CTCGCGAACTCTAAAA,1
CTCGCGAACTGTAAAT,1
CTCGCGAACTTTAAAA,1
CTCGCGAATATCCTTA,1
CTCGCGAATATTCTTC,1
CTCGCGAATTGTAAAA,1
CTCGCGACTACCGGCC,1
CTCGCGATAAATTGCA,1
CTCGCGCATCACGTCC,1
CTCGCGCCCAGGATAC,1
CTCGCGTATAACGTCC,1
CTCGCGTATCACGTAC,1
CTCGCGTATCATGTCC,1
CTCGCGTCGAAGTCAT,1
CTCGCTAACCCCTGAT,1
CTCGCTAACCTTTGAG,1
CTCGCTAACTATACTT,1
CTCGCTAACTTACTAA,1
CTCGCTACGAAAGAAC,1
CTCGCTATAACTCCCA,1
CTCGCTATGAAATAAC,1
CTCGCTATGAGAGAAC,1
CTCGCTATTTTCCCAT,1
CTCGCTCAATATACTT,1
CTCGCTCACCACTTTG,1
CTCGCTCACCATACTT,1
CTCGCTTGATGCACAA,1
CTCGGAAAATAAAAAA,1
CTCGGAAAATACAAAG,1
CTCGGAAAATGCAAAA,1
CTCGGAACAACTAACA,1
CTCGGAACCATGTTAT,1
CTCGGAACGCTGCATC,1
CTCGGAACTCCCATCT,1
CTCGGAAGACGACTAC,1
CTCGGAATTTGTCAAG,1
CTCGGACACCATTGAG,1
CTCGGACATACACACT,1
CTCGGACCTAAGAACC,1
CTCGGAGGTGACTCCG,1
CTCGGATACAATGTTA,1
CTCGGATGCTAGTTTA,1
CTCGGATGGTAATAGA,1
CTCGGATGTAAGTTTA,1
CTCGGATGTAGGAATA,1
CTCGGATGTTACTTTA,1
CTCGGATTAACATACT,1
CTCGGATTATACAACA,1
CTCGGCAACTTACAAG,1
CTCGGCACCCACCTCA,1
CTCGGCACCTGCATGA,1
CTCGGCAGCCCTGGCG,1
CTCGGCCAGAAGATGT,1
CTCGGCCCGAAAATGT,1
CTCGGCCCGAAGATGA,1
CTCGGCCCGAAGGTGT,1
CTCGGCCCGAAGTTGT,1
CTCGGCCGATGAACGA,1
CTCGGCCGTGAGTGCA,1
CTCGGCCGTGCCTGCA,1
CTCGGCCGTGCGCCCG,1
CTCGGCCGTGCGTGCG,1
CTCGGCCGTGCGTGCT,1
CTCGGCCGTGGGTGCA,1
CTCGGCCTAATCAATA,1
CTCGGCGCTATATTAA,1
CTCGGCTAAAGTCCAA,1
CTCGGCTATTAATTCA,1
CTCGGGAATACGTATC,1
CTCGGGACATGCATGA,1
CTCGGGACCTGCTTGA,1
CTCGGGCGCTTGAAAT,1
CTCGGGCGGAAGTCGA,1
CTCGGGCGGAATTCGA,1
CTCGGGCTCGCTACGA,1
CTCGGGGGTCACCCAT,1
CTCGGGTCTATACATT,1
CTCGGTAACCCCCAAA,1
CTCGGTAAGCCGACCT,1
CTCGGTGTAGCTGAAC,1
CTCGGTTTAAATAACC,1
CTCGTAAAAATCCAAA,1
CTCGTAAAATACAAAA,1
CTCGTAACAGGACATA,1
CTCGTAACCAACTCCT,1
CTCGTAACCCACCCCT,1
CTCGTAACCCACTACT,1
CTCGTAACGCTGCAGC,1
CTCGTAACTAGCAACA,1
CTCGTAATAATGCCTT,1
CTCGTAATGTAAGGCG,1
CTCGTACAATGGTAGT,1
CTCGTACCGCTCACAG,1
CTCGTACGCTTGAAAG,1
CTCGTAGAAAATATTG,1
CTCGTAGAAACCTAAT,1
CTCGTAGAAATTCACT,1
CTCGTAGAGACGCAAA,1
CTCGTAGAGTGAGTCA,1
CTCGTAGATAAGCAAA,1
CTCGTAGATACGAAAA,1
CTCGTAGATACGCAAT,1
CTCGTAGCTAAGTGTT,1
CTCGTAGGTACGCAAA,1
CTCGTATAAGTATGAG,1
CTCGTATATACGCAAA,1
CTCGTATATTATACAC,1
CTCGTATTACCGCACC,1
CTCGTCAAATAAATAT,1
CTCGTCAACACCCTGT,1
CTCGTCACCTCCGAGC,1
CTCGTCCCAACTACTA,1
CTCGTCCCGAAGATGT,1
CTCGTCCTGATGCCTG,1
CTCGTCCTTTAAGAAC,1
CTCGTCGCACTACCGT,1
CTCGTCGCTCTACAGT,1
CTCGTCGCTCTACCAT,1
CTCGTCTCGTAAGGCA,1
CTCGTCTCTCTACCGT,1
CTCGTGACTAATTAAA,1
CTCGTGATTGTAGACC,1
CTCGTGCAAAACTCGA,1
CTCGTGCGAATAAGAC,1
CTCGTTAACTTCAATG,1
CTCGTTAATGCTCACA,1
CTCGTTATTCCGACAC,1
CTCGTTATTTAGCATG,1
CTCGTTCATGTAGCAC,1
CTCGTTCCTCGAAGCA,1
CTCGTTGAACAACTAA,1
CTCGTTGAGCCTAGGG,1
CTCGTTGCAAAACTAA,1
CTCGTTGCACAACTAC,1
CTCGTTGCACAACTAT,1
CTCGTTGTAGTTTATG,1
CTCGTTTAATGTCGCA,1
CTCGTTTTAGTTCTAC,1
CTCGTTTTGGTTCTAC,1
CTCGTTTTTAAGATTC,1
CTCGTTTTTGTTATAC,1
CTCGTTTTTGTTTTAC,1
CTCGTTTTTTTTCTAC,1
CTCTAAAAACACATCA,1
CTCTAAAAACCAAGCA,1
CTCTAAAACATGGAAC,1
CTCTAAAACGACCGAT,1
CTCTAAAAGATTTATA,1
CTCTAAAATAACATCC,1
CTCTAAAATCTCCATG,1
CTCTAAAATTGAATAA,1
CTCTAAAATTGCCAAC,1
CTCTAAACGCACACCG,1
CTCTAAACTCGCGTTA,1
CTCTAAAGGCTTAAAA,1
CTCTAAATATGATCTT,1
CTCTAAATGTGCGTCA,1
CTCTAACAAATAACAT,1
CTCTAACCGCACACAG,1
CTCTAACCTTCCTACA,1
CTCTAACGCATAATAT,1
CTCTAACGGTGTCCAA,1
CTCTAACTGTGCGTGA,1
CTCTAACTGTGCGTTA,1
CTCTAAGACGTTGATG,1
CTCTAAGATAAGAGAA,1
CTCTAAGATGAGAGCA,1
CTCTAAGCCTTGCCTA,1
CTCTAAGGTACTGAAG,1
CTCTAAGTCCTGGAAA,1
CTCTAAGTGGGATATA,1
CTCTAAGTGGGTGCTA,1
CTCTAAGTTTAACGGC,1
CTCTAATAACGTTATC,1
CTCTAATACAAACATC,1
CTCTAATACCGACGGA,1
CTCTAATACTCCGGAC,1
CTCTAATCTTAAAAAA,1
CTCTACACTGAGATAC,1
CTCTACATTGAGATAA,1
CTCTACATTGATATAC,1
CTCTACATTTAGATAC,1
CTCTACCGACAGTAGA,1
CTCTACCGACTCAGTA,1
CTCTACCGATTCGGTA,1
CTCTACGAATAGAAAC,1
CTCTACGCCGCCTCCT,1
CTCTACGCGACTATCG,1
CTCTACGCTCACCGTT,1
CTCTACTAATAAATTT,1
CTCTACTACAGACAGC,1
CTCTACTAGAGAATGT,1
CTCTACTGAGCAGGTC,1
CTCTACTGAGGGATAA,1
CTCTACTGCCCCGGGG,1
CTCTACTGTAGAGTAC,1
CTCTAGAAATTCCCTA,1
CTCTAGAAATTCTCTT,1
CTCTAGAAGTTCTCTA,1
CTCTAGACATAGCACG,1
CTCTAGACGAAGAACA,1
CTCTAGATAAAAATTA,1
CTCTAGATGTACTTCC,1
CTCTAGCCGAACAACA,1
CTCTAGCGAACGAGCG,1
CTCTAGCTGAACTGTC,1
CTCTAGGATAACCCGA,1
CTCTATAAACGTCGAT,1
CTCTATAAGCTTCGAT,1
CTCTATAAGTAATCCA,1
CTCTATAGCAGTAGAT,1
CTCTATAGTTCGTCAC,1
CTCTATATAACGAATG,1
CTCTATATAGCGAAGG,1
CTCTATCAACTCCCAA,1
CTCTATCAACTTCCTG,1
CTCTATCACATTTACT,1
CTCTATCACATTTCTT,1
CTCTATCCACAATAGA,1
CTCTATCCACGGGGGG,1
CTCTATCCATAGGGGG,1
CTCTATCCGAAAGTTT,1
CTCTATCCGGCAAATT,1
CTCTATCGATTCAGTA,1
CTCTATCGCAAAGGAA,1
CTCTATCTAAAATAGA,1
CTCTATCTGATTCGAT,1
CTCTATCTTGCCATTA,1
CTCTATGCGAATTTAC,1
CTCTATGTACATGCTC,1
CTCTATGTATTAACTT,1
CTCTATGTCTATATCA,1
CTCTATTAACATGCAA,1
CTCTATTAACCGCAGC,1
CTCTATTAATAAGTTT,1
CTCTATTACCCCTGGC,1
CTCTATTGTGATTTGT,1
CTCTATTTGCACAAAG,1
CTCTATTTTTTAAAAA,1
CTCTCAAAAAAGTAGA,1
CTCTCAAACAAAATGC,1
CTCTCAAACATGGAAC,1
CTCTCAAGAGCAAATA,1
CTCTCAAGATAACTTA,1
CTCTCACCACAGGCAA,1
CTCTCACTAACGTATA,1
CTCTCACTTACGGCGT,1
CTCTCAGTATCGCAGC,1
CTCTCAGTCTACTAGA,1
CTCTCATAATGTAAAC,1
CTCTCATTACAATAAA,1
CTCTCATTCCCGCAAT,1
CTCTCATTTAAACTTT,1
CTCTCCAGTGCGTCTA,1
CTCTCCCGAATCCAGG,1
CTCTCCTATGCGAAAA,1
CTCTCGAACTTAATAC,1
CTCTCGATTCACCTAA,1
CTCTCGCTAATTGCAA,1
CTCTCGGGGGAGACTG,1
CTCTCGTATCACGTCC,1
CTCTCTAGTATGGTCA,1
CTCTCTATCGTCTAGT,1
CTCTCTATTCCGGGCA,1
CTCTCTCACTATACTT,1
CTCTCTCAGATATAGC,1
CTCTCTCCGGCGATAG,1
CTCTCTCCTACAAGGA,1
CTCTCTCTCGTCTTTT,1
CTCTCTGATAAAAGCA,1
CTCTCTGCAGAATCGC,1
CTCTCTGCAGACTCCC,1
CTCTCTGCCGATTTAT,1
CTCTCTGGAGCGCCTC,1
CTCTCTTATATAGAAT,1
CTCTGAAACGGGTTAG,1
CTCTGAAAGTTCGACA,1
CTCTGAACAAAAAAGT,1
CTCTGAAGCGGGTTCG,1
CTCTGAATCTTAAGAC,1
CTCTGACCAATATATA,1
CTCTGACTGTGCGTCA,1
CTCTGACTTCCCAGAA,1
CTCTGAGAAATATATA,1
CTCTGAGTAACCAGTT,1
CTCTGATAACTTACCT,1
CTCTGATATACTATAA,1
CTCTGATCCAGAATAC,1
CTCTGATCTAGCTTTG,1
CTCTGATGAGTTAAAA,1
CTCTGCCAACTGCATG,1
CTCTGCCACAGGACCC,1
CTCTGCCACCTCACCC,1
CTCTGCCCGAAGATGT,1
CTCTGCGAAACAAAAC,1
CTCTGCGGGGTGTCTA,1
CTCTGCTAACAGCCCA,1
CTCTGCTAGCCAAAGC,1
CTCTGCTCCCAAAAAC,1
CTCTGCTTTTGGGGTA,1
CTCTGGAAAATGTTAA,1
CTCTGGAAACTCTTAA,1
CTCTGGAAACTTTTAA,1
CTCTGGAAGCAATCGT,1
CTCTGGACACATAGTA,1
CTCTGGACCATATAGC,1
CTCTGGCCCGAAGATT,1
CTCTGGTCCCACAAAA,1
CTCTGGTTCCAACCTT,1
CTCTGTAAACTGTTAA,1
CTCTGTAGAAATGTGA,1
CTCTGTAGATCTGGAA,1
CTCTGTAGCATTATGA,1
CTCTGTCAAATTTACC,1
CTCTGTCACAAACAAA,1
CTCTGTGAATCAAATG,1
CTCTTAAAACTGCGGG,1
CTCTTAAGCATAATAT,1
CTCTTAAGCGAGCCCA,1
CTCTTAAGTGAGCAGT,1
CTCTTAATATCAATTT,1
CTCTTAATGGCTTTCC,1
CTCTTACACCGTAACC,1
CTCTTACCACCCCAGC,1
CTCTTACCCCCTAACC,1
CTCTTACCCGAAGATT,1
CTCTTACCTCGTAACC,1
CTCTTACGAACGTATA,1
CTCTTACGAATAATAT,1
CTCTTACTATCAGATA,1
CTCTTACTATGTCCGA,1
CTCTTACTCAGGCAAT,1
CTCTTACTCATAATAT,1
CTCTTACTCCGTAACC,1
CTCTTACTTTGTCAGT,1
CTCTTAGCAAAAATGA,1
CTCTTAGCAATATATA,1
CTCTTCAACGAAACCA,1
CTCTTCCCAGTACCTG,1
CTCTTCCTATAAAGGA,1
CTCTTCCTCATCGAAA,1
CTCTTCGAACATCGGA,1
CTCTTCTCTAAACAGT,1
CTCTTCTGAGCCGTCA,1
CTCTTCTTATCAAGGA,1
CTCTTCTTTCCTATAT,1
CTCTTGAAACTGTTAA,1
CTCTTGAAATGACCAA,1
CTCTTGAGGTCCGCGC,1
CTCTTGCAAGGCGAGA,1
CTCTTGCATGGAGGTG,1
CTCTTGCTTTAACGAA,1
CTCTTGGCGATGCTTA,1
CTCTTGGCGCTCTTTT,1
CTCTTGTAGAGTCCCA,1
CTCTTGTCAGCCGGTT,1
CTCTTGTGACCGAACA,1
CTCTTGTGGAGCATCT,1
CTCTTTACCAGCCGTA,1
CTCTTTCCAATACGAA,1
CTCTTTGCCTAACAAA,1
CTCTTTTACATTTATC,1
CTCTTTTACCTAACCT,1
CTCTTTTCGCGAATTA,1
CTCTTTTCTCTAATTA,1
CTCTTTTGTCTTATTC,1
CTCTTTTTACTCGTCG,1
CTCTTTTTCCGAATTA,1
CTCTTTTTTGTCACTG,1
CTGAAAAACAGTTACA,1
CTGAAAAATATTACCT,1
CTGAAAACGTCCAGCA,1
CTGAAAACTCCCCGCA,1
CTGAAAAGCCGTAGGA,1
CTGAAAAGGATTATTT,1
CTGAAAATCAAAACTG,1
CTGAAAATGACTCCGG,1
CTGAAACAAAATGAAA,1
CTGAAACCAGTACCAA,1
CTGAAACCAGTATCAG,1
CTGAAACCCGATGAAG,1
CTGAAACCGCATGAAG,1
CTGAAACCGGTATCAA,1
CTGAAACCTCACCGCA,1
CTGAAACCTCCCAGCA,1
CTGAAACCTCCCCGAA,1
CTGAAACCTCCCCGCG,1
CTGAAACCTCCCCTCA,1
CTGAAACCTCCCTGCA,1
CTGAAACCTCCGCGCA,1
CTGAAACGACCATCAT,1
CTGAAACGCTGCCCCA,1
CTGAAACGTTCGAAAT,1
CTGAAACTCCTCCGTC,1
CTGAAAGATTTATGTA,1
CTGAAAGCCGGATGAG,1
CTGAAAGGTAGCCTAA,1
CTGAAAGTCCCTTCTT,1
CTGAAATACCTGAAAC,1
CTGAAATACTGGACAA,1
CTGAAATGGCCATCGG,1
CTGAAATGTAGGGTGA,1
CTGAAATTCAAACAAT,1
CTGAAATTCAATAAAA,1
CTGAAATTCGATAGGA,1
CTGAAATTCGATATAA,1
CTGAAATTCTATAGAA,1
CTGAAATTTTCAAATT,1
CTGAACAACGAGTCTC,1
CTGAACAAGTGTATAT,1
CTGAACACATTCATTA,1
CTGAACAGCGTATGAG,1
CTGAACATAGCATTTT,1
CTGAACATCCCTTCTT,1
CTGAACCAACGAATTA,1
CTGAACCAACGTAACA,1
CTGAACCCACAGTATG,1
CTGAACCCTAACAGCA,1
CTGAACCGAATCTAAT,1
CTGAACCTATATATCT,1
CTGAACCTCACACGTA,1
CTGAACCTCTGGGACT,1
CTGAACCTGTGAGACT,1
CTGAACCTTCGGGTAC,1
CTGAACCTTGTATGGT,1
CTGAACGTACCTTCTT,1
CTGAACGTAGACGCGT,1
CTGAACGTCACTTCTT,1
CTGAACGTCGCTTCTT,1
CTGAACGTGCCTTCTT,1
CTGAACTAATTCATTA,1
CTGAACTAGCTTTGAG,1
CTGAACTTCCCTTCTT,1
CTGAAGAACAGTATCT,1
CTGAAGAACATATTAT,1
CTGAAGACACGACGAG,1
CTGAAGACTATGTCGA,1
CTGAAGAGGGAACCCT,1
CTGAAGATAAAAGAAA,1
CTGAAGATAACAAAGA,1
CTGAAGATACGACTAG,1
CTGAAGCCTGACTGGT,1
CTGAAGCGTATGCTCT,1
CTGAAGCGTTAGACTA,1
CTGAAGCTACGCTTCA,1
CTGAAGGACACATAAA,1
CTGAAGGACCCATAAA,1
CTGAAGGATGCCGCAA,1
CTGAAGGCGTACATCG,1
CTGAAGGGATTTGAAA,1
CTGAAGGGCTCAGACA,1
CTGAAGGTCTATGTAA,1
CTGAAGTACGAACATA,1
CTGAAGTACTACTATC,1
CTGAAGTACTGTTATC,1
CTGAAGTACTTCTATC,1
CTGAAGTAGTGCTATC,1
CTGAATAACTTATTGG,1
CTGAATAAGCAATTAG,1
CTGAATAATGATGTTA,1
CTGAATACAACACACT,1
CTGAATACTCCTGAAT,1
CTGAATAGCATTTTGT,1
CTGAATATAACCCCCG,1
CTGAATATAGGTACTC,1
CTGAATATGTAGGAAA,1
CTGAATCAACCAAAAA,1
CTGAATCAACCATCAT,1
CTGAATCACGATACAG,1
CTGAATCCGAACGTAT,1
CTGAATCGAACATCAT,1
CTGAATCGACCATTAT,1
CTGAATCTAAACTATC,1
CTGAATCTACCATCAT,1
CTGAATGAAATAGTTG,1
CTGAATGACAAGGAAC,1
CTGAATGAGGCAATAG,1
CTGAATGCAAACCGAA,1
CTGAATGCCAAGGAAA,1
CTGAATGCGTTTCCTC,1
CTGAATGGAAAAACGT,1
CTGAATGTACACAAAA,1
CTGAATGTCAAGGAAC,1
CTGAATTAATTCATAA,1
CTGAATTCCAAGGAAC,1
CTGAATTGACCATCAT,1
CTGAATTGTGAGACAA,1
CTGAATTGTGATACAT,1
CTGAATTGTTAGACAT,1
CTGACAACAATATCAA,1
CTGACAACCAAAACTC,1
CTGACAACGACGGCCA,1
CTGACAACGTGACACG,1
CTGACAAGAGAATGAC,1
CTGACAATAACCTCAC,1
CTGACACAACACATCC,1
CTGACACAACTTTTTT,1
CTGACACAGAGGTATT,1
CTGACACATAGACGAA,1
CTGACACATAGACTCA,1
CTGACACCAGCTTTAC,1
CTGACACCATAACTCG,1
CTGACACGATCTAAAC,1
CTGACACGATCTAAGC,1
CTGACACGTAGGGTGA,1
CTGACACTAATGCATT,1
CTGACACTCGGATAGG,1
CTGACAGATTAAAAAG,1
CTGACAGCCAACACAA,1
CTGACAGCCTACTCAA,1
CTGACAGGGTTAATAT,1
CTGACAGTTATATAAG,1
CTGACATAGGTCCCGT,1
CTGACATATGAACCTG,1
CTGACATGGAATTCTA,1
CTGACATGTAGGCTGA,1
CTGACATGTAGGGTAA,1
CTGACATGTAGGGTTA,1
CTGACATGTATGGTGA,1
CTGACATTAAATGCAC,1
CTGACATTCAGACCAA,1
CTGACATTGAGAACAG,1
CTGACCAATCCTTCGA,1
CTGACCAGGTTAATAT,1
CTGACCATGACATCTT,1
CTGACCATGGCATTTT,1
CTGACCCAAAAGGAAG,1
CTGACCCACAAATGTC,1
CTGACCCTCCCTGAAA,1
CTGACCGATCTAGCAA,1
CTGACCGCCATCAATC,1
CTGACCTCAAGTATAT,1
CTGACCTCAAGTTTAT,1
CTGACCTGCATCACCA,1
CTGACCTTCAGACAAA,1
CTGACCTTCAGGCCAA,1
CTGACCTTGAGACCAA,1
CTGACCTTGGCATCTT,1
CTGACGAATTCTACAC,1
CTGACGACCATTTACA,1
CTGACGCAAAAAATTC,1
CTGACGCAAGAAATTT,1
CTGACGCAGAAAATTT,1
CTGACGCAGATGCAAA,1
CTGACGCGACCTATTG,1
CTGACGCTACCTACAC,1
CTGACGGCTCCATAAC,1
CTGACGTACGGGAACC,1
CTGACGTCAAGTCTAT,1
CTGACGTCTTTTACAT,1
CTGACTAAATTATACA,1
CTGACTACCTCCGACA,1
CTGACTACGAGACACG,1
CTGACTATAAGAAGTG,1
CTGACTATAATAACTG,1
CTGACTATAGGAACTG,1
CTGACTATGATTAAAT,1
CTGACTCAACAGTGGT,1
CTGACTCCATTCAGTA,1
CTGACTGACCGCTTAA,1
CTGACTGACTTTCTAT,1
CTGACTGCCCTTATGT,1
CTGACTGCGCTTACGT,1
CTGACTTTATTAAACA,1
CTGACTTTTAGTAAGG,1
CTGAGAAAGTACCTAC,1
CTGAGAACCACAAAAA,1
CTGAGAACCAGAAACC,1
CTGAGAACCCCTCCCT,1
CTGAGAATAACTCGCG,1
CTGAGAATGAGACAAA,1
CTGAGACTAATCGTTC,1
CTGAGACTTATCGTTA,1
CTGAGACTTATCGTTT,1
CTGAGACTTATCTTTC,1
CTGAGAGACACCATAC,1
CTGAGAGACCATGACC,1
CTGAGAGACCCAATAC,1
CTGAGAGACCCCATAA,1
CTGAGAGACCCCATGC,1
CTGAGAGACCCTATAC,1
CTGAGAGACTAATCAA,1
CTGAGAGCGCCACTGC,1
CTGAGAGCTACGAGCC,1
CTGAGAGGCGGTTTTA,1
CTGAGAGTAACCGCCA,1
CTGAGATACGACTGTG,1
CTGAGATATAAAGAGC,1
CTGAGATATCGATCTT,1
CTGAGATGAACGAACC,1
CTGAGATGAAGCTGAA,1
CTGAGATTCTTAACAA,1
CTGAGCAATAGACGAC,1
CTGAGCACCCCTACCT,1
CTGAGCACCCCTCCGT,1
CTGAGCACCGCCACCG,1
CTGAGCAGGCAACAAG,1
CTGAGCCAGGTCAAAC,1
CTGAGCCATAAGTAAG,1
CTGAGCCCCGACACCG,1
CTGAGCCTATAAACAA,1
CTGAGCCTGTACAACA,1
CTGAGCGAATAAAACA,1
CTGAGCGAATAGGCGA,1
CTGAGCGACCATTACC,1
CTGAGCTATATTAGAC,1
CTGAGCTCATACAAGC,1
CTGAGCTGATAAGTGC,1
CTGAGCTGTCACTTCT,1
CTGAGCTTATCATGCA,1
CTGAGCTTTCCCACCT,1
CTGAGCTTTTCCACAT,1
CTGAGGAACTTATGCT,1
CTGAGGAGATCTGTTA,1
CTGAGGAGCAATTAAT,1
CTGAGGATACCACGAC,1
CTGAGGATACTTAGAT,1
CTGAGGATAGGAACGG,1
CTGAGGATGTATAAGC,1
CTGAGGGACTCATCAA,1
CTGAGGGTAGCGATTC,1
CTGAGGTCCTAACCCT,1
CTGAGGTGAAAGTGAT,1
CTGAGGTGCAAGTGAC,1
CTGAGGTGCCAGTGAT,1
CTGAGGTGCGAGTGAT,1
CTGAGGTGGAAGTGAT,1
CTGAGTAACTGATGCT,1
CTGAGTAAGTCAGGAC,1
CTGAGTAAGTCGGGAG,1
CTGAGTAAGTTAGGAG,1
CTGAGTAATTATAATT,1
CTGAGTACGGTAGTCC,1
CTGAGTATAACCCCTT,1
CTGAGTATCCTTACAA,1
CTGAGTCCCCTTTAAG,1
CTGAGTCGGACTGTAG,1
CTGAGTCGTACCGTAG,1
CTGAGTCGTACTATAG,1
CTGAGTCGTACTGCAG,1
CTGAGTGAAAAGCCTT,1
CTGAGTGACCATGACC,1
CTGAGTGATGTAATCT,1
CTGAGTGCCAAGGAAC,1
CTGAGTTACTGGTATC,1
CTGAGTTATATTAGAC,1
CTGAGTTGCAAGTGAT,1
CTGATAAACAATTAGG,1
CTGATAACCAAATCAC,1
CTGATAACCCATACAG,1
CTGATAACCTGAAAAC,1
CTGATAACTTACTAAG,1
CTGATAAGAATTCGCA,1
CTGATAAGCATTCGAA,1
CTGATAAGGCTCTCGT,1
CTGATAATACCTGCAG,1
CTGATAATAGGAACCT,1
CTGATAATCGTAACCT,1
CTGATAATGAAACTGT,1
CTGATAATGAATTCCA,1
CTGATAATGCTTATAT,1
CTGATACCGATGACTT,1
CTGATAGAATTTATTA,1
CTGATAGATACTCGAT,1
CTGATAGCAGGTTTGA,1
CTGATAGCATAAATAT,1
CTGATATCAAGCATTA,1
CTGATATCGATTACTT,1
CTGATATCGGTGACTT,1
CTGATATGAAACGTTT,1
CTGATATTCAAGATGG,1
CTGATATTGGTACGCA,1
CTGATCAACGTTTGTG,1
CTGATCAACTCAGGAA,1
CTGATCAGCCTTTGTG,1
CTGATCAGCGTCTGTG,1
CTGATCAGCGTTCGTG,1
CTGATCAGCGTTTGAG,1
CTGATCAGCTTTTGTG,1
CTGATCAGGGTTTGTG,1
CTGATCATATTCGAGA,1
CTGATCCAACATTAAA,1
CTGATCCACCATTAGT,1
CTGATCCACCCACAAC,1
CTGATCCATTGATGCC,1
CTGATCCCACGTTTAG,1
CTGATCCCCCTAAGTA,1
CTGATCGAAATGAAAC,1
CTGATCGCATTAGACC,1
CTGATCGGAAACTTAT,1
CTGATCTAAACAAAAC,1
CTGATCTAATACCTCT,1
CTGATCTCACTAAAAC,1
CTGATCTCCACTTGAA,1
CTGATCTGGATTATAC,1
CTGATCTGGCAAAACA,1
CTGATCTTCTACACAA,1
CTGATGAACACGAAAA,1
CTGATGAACATGATAA,1
CTGATGAAGTTAAGCA,1
CTGATGAGATCTGAAC,1
CTGATGAGCGAACCTA,1
CTGATGAGGAGGCTAA,1
CTGATGGAAAAACGTT,1
CTGATGGAGAAAAAAG,1
CTGATGGCCTAGCACA,1
CTGATGTATCATCACT,1
CTGATGTCCTAACCCA,1
CTGATTAACATGAAAA,1
CTGATTAAGTCAGGAG,1
CTGATTATAGAAACAA,1
CTGATTATGAGGGATT,1
CTGATTCAATGATGCC,1
CTGATTCGAACCTACT,1
CTGATTCTCTGTTGTG,1
CTGATTCTTAATCTGT,1
CTGATTGAATCTAAAT,1
CTGATTTAATTCATGT,1
CTGATTTAGTATTGTA,1
CTGATTTCTCTCCATT,1
CTGATTTGAGCAGAAA,1
CTGATTTGTCGACAAG,1
CTGATTTTAAGGAAAC,1
CTGATTTTTAGCGGTG,1
CTGCAAAAGGCCCAAC,1
CTGCAAAATGGAGATC,1
CTGCAAACATAGTGCT,1
CTGCAAACGGGCACCA,1
CTGCAAATGTCGAACG,1
CTGCAAATTCATACCA,1
CTGCAACATATCCCCG,1
CTGCAACATTGACAAA,1
CTGCAACCCTTGATTT,1
CTGCAACCTGGTCTAG,1
CTGCAACTCGACCATG,1
CTGCAAGAACACTAAC,1
CTGCAAGGTAGCTTAA,1
CTGCAAGTTTTAAAAA,1
CTGCAATAATGCGGTC,1
CTGCAATCCTATCAGG,1
CTGCAATCGAACAAGA,1
CTGCAATCGTATGAGG,1
CTGCAATGAGTTTCCC,1
CTGCAATGCACCTGTT,1
CTGCAATTGACGAAAA,1
CTGCAATTTTACTTTG,1
CTGCACAACACAGTCC,1
CTGCACAGCATCAAAA,1
CTGCACAGTGGAAACA,1
CTGCACATACACTACT,1
CTGCACATTCGGCGGC,1
CTGCACATTCGGCGTG,1
CTGCACATTCGGCTGG,1
CTGCACATTCGTCGGG,1
CTGCACCCCCTTCCAG,1
CTGCACCCTAAGACAA,1
CTGCACCTGGTATGGT,1
CTGCACCTTTTATGGT,1
CTGCACGACTTGCTCT,1
CTGCACGTTGAACACC,1
CTGCACTAATTAGGCA,1
CTGCACTAGCTACCTT,1
CTGCACTCATTCATTA,1
CTGCACTTATTTAACA,1
CTGCAGAAAATATTGA,1
CTGCAGAAAGACAAAG,1
CTGCAGAAAGGAGCCG,1
CTGCAGACATAAGATC,1
CTGCAGACATAGCAGC,1
CTGCAGACATCGTGAA,1
CTGCAGACCTCTTGAA,1
CTGCAGACGGTATGTA,1
CTGCAGACTTCGTGAA,1
CTGCAGCAAGACATAG,1
CTGCAGCATTAATGCC,1
CTGCAGCCGCAGAATA,1
CTGCAGCGATGGAACT,1
CTGCAGGAAAAAAAAG,1
CTGCAGGAACAAAAAT,1
CTGCAGGAACCTTACA,1
CTGCAGGAGCAAAAAG,1
CTGCAGGATCAAAAAC,1
CTGCAGGGTAGCCTAA,1
CTGCAGTAACAAAAAG,1
CTGCAGTAACCTGACA,1
CTGCAGTATAAGGTAC,1
CTGCAGTATAAGTTAC,1
CTGCATAAACTCTTAT,1
CTGCATAAGCCACACA,1
CTGCATAATAGACATC,1
CTGCATAATGTATCTA,1
CTGCATAGCATTTTAT,1
CTGCATAGCATTTTTT,1
CTGCATAGTTAACTAG,1
CTGCATATCATTTTGT,1
CTGCATATTCGGCGGG,1
CTGCATCATCCATGAT,1
CTGCATCCCTTAATGG,1
CTGCATCTACTAGCCA,1
CTGCATGAACCTGACA,1
CTGCATGGTAGCCTAA,1
CTGCATTATAAGCTAC,1
CTGCATTCTATTTCTT,1
CTGCATTGACAACGCA,1
CTGCATTGATAATACG,1
CTGCCAAAATGATAAG,1
CTGCCAAATGAAAGCT,1
CTGCCAAATTACTCTA,1
CTGCCAACATGATAAG,1
CTGCCAACCCACCGGG,1
CTGCCAACCTCAAGAA,1
CTGCCAACTCCACTGC,1
CTGCCAAGCATAAGCA,1
CTGCCAATAAATTATA,1
CTGCCAATGAATTGGA,1
CTGCCAATTCAAATAC,1
CTGCCACTGGCCACCT,1
CTGCCAGCAGTTAGAC,1
CTGCCAGCCGTTAGAA,1
CTGCCAGCCGTTGGAC,1
CTGCCAGTAAGCGATA,1
CTGCCATAAACAACTA,1
CTGCCATAGGTCACGT,1
CTGCCATAGGTCCCTT,1
CTGCCATAGGTGCCGT,1
CTGCCATATAGACGCT,1
CTGCCATATAGTATAA,1
CTGCCATATGTCCCGT,1
CTGCCATATTCGTTGG,1
CTGCCATGAGAATAAC,1
CTGCCATGGCCTGAAA,1
CTGCCCAAGGTTCTAA,1
CTGCCCCAACCAGGAA,1
CTGCCCCAGAAAGCGT,1
CTGCCCCAGGTTATAA,1
CTGCCCCCACTTCCAG,1
CTGCCCCCCCTTCAAG,1
CTGCCCCCCCTTCTAG,1
CTGCCCCGAAGTATAT,1
CTGCCCCGATTTCCAA,1
CTGCCCCGCAAAGATC,1
CTGCCCCTCGTGTCAT,1
CTGCCCGAAACGTAGC,1
CTGCCCGACACGTAGA,1
CTGCCCGACTTTACGT,1
CTGCCCTACACGTAGC,1
CTGCCCTCCCTTCCAG,1
CTGCCCTTATTTAAAA,1
CTGCCCTTGTTTAACA,1
CTGCCCTTTATTAACA,1
CTGCCGATGCTAGGAG,1
CTGCCGCATTTAAGAA,1
CTGCCGCTACGATCAA,1
CTGCCGCTGTATCTAG,1
CTGCCGGATCAAAAAT,1
CTGCCGGCCGTTAGAC,1
CTGCCGTATAGTAGAA,1
CTGCCTAACGCCGTCC,1
CTGCCTAATATACCAA,1
CTGCCTAATTGATATC,1
CTGCCTACAATTCGAA,1
CTGCCTAGACAGTCCT,1
CTGCCTATAAATCCCT,1
CTGCCTATAAATTATC,1
CTGCCTCAGTCAATTG,1
CTGCCTCATTGATAAC,1
CTGCCTCCTAGACCCC,1
CTGCCTGACACGTAGC,1
CTGCCTGCGATTCGAA,1
CTGCCTGTACGGACCA,1
CTGCCTTAAACCACAC,1
CTGCCTTTTCGGAAAC,1
CTGCGAAAATATAACG,1
CTGCGAAGATGAAGAA,1
CTGCGAAGCACTAACT,1
CTGCGAAGGAAGGGAA,1
CTGCGAAGTTAACAGA,1
CTGCGAATGTAAAGTA,1
CTGCGAATGTCTTAGA,1
CTGCGACAACGATTGC,1
CTGCGACCCAAAAACC,1
CTGCGACCCGGGATAG,1
CTGCGACGTAATGAAG,1
CTGCGACTGTTAGGCC,1
CTGCGAGCGCCACTAC,1
CTGCGAGGTTATATAA,1
CTGCGATAAAGCGGAC,1
CTGCGATACTGTAGTG,1
CTGCGATAGCCATTTG,1
CTGCGATCACAATCTG,1
CTGCGATCATGTAGTG,1
CTGCGATCCCGTAGTG,1
CTGCGATTGACGAAAA,1
CTGCGATTTTACTTCG,1
CTGCGCAACCAATAGA,1
CTGCGCATCATTAAAC,1
CTGCGCATTCGGCGGG,1
CTGCGCCATGGAACCA,1
CTGCGCCTACAATGAG,1
CTGCGCCTATAGAAAA,1
CTGCGCGCACGTAACT,1
CTGCGCGTGAATGTAA,1
CTGCGCTCAATCTGAA,1
CTGCGCTGAAAACGAT,1
CTGCGGAAGATACAGG,1
CTGCGGACATCTTAAT,1
CTGCGGGAACAAAAAG,1
CTGCGGGAACCTGACA,1
CTGCGGGTAGCGACTC,1
CTGCGTAACAATCACC,1
CTGCGTACGATGGAGT,1
CTGCGTAGCATTTTGT,1
CTGCGTATCATACGGT,1
CTGCGTCCAAAAGGCA,1
CTGCGTGGCGTGAAAA,1
CTGCGTGGCTCTTACG,1
CTGCGTTACCAGTCTA,1
CTGCGTTCAAACTGAA,1
CTGCGTTCAATATGAA,1
CTGCGTTCTACGTCTA,1
CTGCGTTGTTGTCCCA,1
CTGCTAAAACCAACGC,1
CTGCTAAAATAGCTGA,1
CTGCTAAACTCTTGGG,1
CTGCTAACAAATAATA,1
CTGCTAACCTGGACGT,1
CTGCTAAGGGATTAAT,1
CTGCTACTTTGTCAGT,1
CTGCTAGAATAAATAT,1
CTGCTAGACACACACA,1
CTGCTAGCATGAATAT,1
CTGCTAGGCACATGGT,1
CTGCTAGGTGGCCAAA,1
CTGCTATAAGTAAAGG,1
CTGCTATATGTATTGA,1
CTGCTATCCTGTAGTG,1
CTGCTATCGTTCTCGA,1
CTGCTCCACCCAAAAC,1
CTGCTCCACCCTCAAC,1
CTGCTCCACTCCACTA,1
CTGCTCCTATCTAAGT,1
CTGCTCGAAAGCCGAC,1
CTGCTCTCAATATACA,1
CTGCTCTCACTGACCC,1
CTGCTGACACTGGATA,1
CTGCTGCCCCCCAAGT,1
CTGCTGTAAAATAGCA,1
CTGCTGTAAACAACTA,1
CTGCTGTCACATTCCT,1
CTGCTGTTTAACTTTC,1
CTGCTTAAAATCTAAG,1
CTGCTTAACCAGAGAA,1
CTGCTTAAGAGCTAAG,1
CTGCTTAGCACGTAAA,1
CTGCTTATAGAGATCG,1
CTGCTTCAATAAGATT,1
CTGCTTCAATAGCCAA,1
CTGCTTCCAAGACCCC,1
CTGCTTCCACGACGCT,1
CTGCTTCCTAGACACC,1
CTGCTTCCTAGACCTC,1
CTGCTTCCTAGAGCCC,1
CTGCTTCGTAGACCCC,1
CTGCTTCTTAGACCCC,1
CTGCTTGCAAGGAGAG,1
CTGCTTGCTAGACCCC,1
CTGCTTGTAAGGAGAG,1
CTGCTTGTAAGTAGAG,1
CTGCTTGTAGATTATA,1
CTGCTTTAAGCAGGGA,1
CTGCTTTAGCCTCAAC,1
CTGCTTTTAAGGAAAG,1
CTGCTTTTGAGGAAAC,1
CTGGAAAAAACTGCAG,1
CTGGAAAAACATGACC,1
CTGGAAAAACCTGCGG,1
CTGGAAAAACCTGGAG,1
CTGGAAAAACCTGTAG,1
CTGGAAAAGTCCCACG,1
CTGGAAAGTGGATCAA,1
CTGGAAATAATCACTG,1
CTGGAAATCAACGACC,1
CTGGAAATCAACGATT,1
CTGGAAATGGGGTCCT,1
CTGGAAATGGGTTCTT,1
CTGGAAATGTGGTCTT,1
CTGGAAATTCCAGCCC,1
CTGGAAATTTTCAACA,1
CTGGAACAACAAAGAC,1
CTGGAACAAGGCGGAG,1
CTGGAACAAGGCGGTG,1
CTGGAACTAGATCTTA,1
CTGGAACTAGCAAACT,1
CTGGAAGCATAGGTGA,1
CTGGAAGCCTGATTCG,1
CTGGAAGTCGTAAAAA,1
CTGGAATATAAAAAGA,1
CTGGAATATCCAAGTT,1
CTGGAATGTACTGGCA,1
CTGGAATTAATGCTAT,1
CTGGACAAATTCGATA,1
CTGGACACAGTACAAG,1
CTGGACACGTTCAGTT,1
CTGGACAGGTAAACTA,1
CTGGACCAATCCAAGA,1
CTGGACCCACCAGAAT,1
CTGGACGCAGAAGGTA,1
CTGGACGCGTGATATT,1
CTGGACGCTCAATCCC,1
CTGGACGCTGGGTTAT,1
CTGGACGTACAACATG,1
CTGGACGTCCCTTCTT,1
CTGGACTACAGCTGAC,1
CTGGACTGAACATAAA,1
CTGGACTGACATCAAT,1
CTGGACTGTAACATCA,1
CTGGAGAGCTCAGACA,1
CTGGAGAGGAATAATT,1
CTGGAGATTAAATGAA,1
CTGGAGCCGCTAAAGA,1
CTGGAGCCTCTACAGA,1
CTGGAGCTCGCTACGA,1
CTGGAGGGATCAGACA,1
CTGGAGGGCTAAGACA,1
CTGGAGGGCTCATACA,1
CTGGAGGGCTCGGACA,1
CTGGAGGGTACCAAGC,1
CTGGAGTACTGCTATC,1
CTGGAGTTAGTAGACG,1
CTGGAGTTAGTAGACT,1
CTGGAGTTCTCAGACA,1
CTGGAGTTTACATAGA,1
CTGGATAAAACTTCAA,1
CTGGATAAAATAAATC,1
CTGGATAAACCAATCC,1
CTGGATAAATAGCCAA,1
CTGGATAACAACAAAA,1
CTGGATAAGTAGGTTT,1
CTGGATAATCTTAACT,1
CTGGATACTACCTAGC,1
CTGGATAGGGATAATG,1
CTGGATAGTAAAGGAC,1
CTGGATATACTGGATC,1
CTGGATATATTGGATT,1
CTGGATATATTGTATC,1
CTGGATATTACATGAA,1
CTGGATCAATCATGAA,1
CTGGATCCATTCAGTA,1
CTGGATCTCCACGGAA,1
CTGGATGTATTGGATC,1
CTGGATTAAAATAAAC,1
CTGGATTAATACAAAG,1
CTGGATTAATACAATT,1
CTGGATTATGAAATCA,1
CTGGATTCATAAAAAA,1
CTGGATTCCACGTTTC,1
CTGGATTTTACATTGA,1
CTGGCAATATTCAACA,1
CTGGCAATCACACATG,1
CTGGCAATCTCCTGCC,1
CTGGCACACATTGCAC,1
CTGGCACAGAAACTAA,1
CTGGCAGCCAAACTAC,1
CTGGCAGCGAAAAATG,1
CTGGCATCACGCCACA,1
CTGGCATCTGTAACCA,1
CTGGCCATACCGAGAT,1
CTGGCCATTCATCAAA,1
CTGGCCCAAGCCTTAG,1
CTGGCCCCCTTTATAG,1
CTGGCCCTTCATCAAC,1
CTGGCCCTTCATCAAG,1
CTGGCCCTTCGTCAAA,1
CTGGCCGAGTATATGC,1
CTGGCCTGTGTCGCCT,1
CTGGCGAACCTTTAAG,1
CTGGCGAAGTGGAGAC,1
CTGGCGAGAAAATCCA,1
CTGGCGATGAATAATT,1
CTGGCGCGAGCCAAAA,1
CTGGCTAAAAATACAC,1
CTGGCTAAAAATGAAC,1
CTGGCTAAAAGTGCAC,1
CTGGCTAAATCCCCTT,1
CTGGCTAACGAATTGC,1
CTGGCTACATTCAGTA,1
CTGGCTAGGAATAATT,1
CTGGCTCAATTCAGTA,1
CTGGCTCATACGTCAC,1
CTGGCTCATGACGCAT,1
CTGGCTCCATCCAGTA,1
CTGGCTCCATTCGGTA,1
CTGGCTCTTCATCAAA,1
CTGGCTGAAAATGCAC,1
CTGGCTGAATCCGCTT,1
CTGGCTTAATCCCCTT,1
CTGGCTTCAACGTTTC,1
CTGGCTTCATTCAGTA,1
CTGGGAAAAAATTTGA,1
CTGGGAACCATGTTAT,1
CTGGGAACTTAAGTGC,1
CTGGGAATAATCAATC,1
CTGGGAATATAACTTG,1
CTGGGACGTATCACTC,1
CTGGGACTATATCTTA,1
CTGGGACTGGATCTTA,1
CTGGGAGAAAATTAAA,1
CTGGGAGACCCCATAC,1
CTGGGAGGAAACCGGA,1
CTGGGAGTATATGTAC,1
CTGGGATACGTCTACT,1
CTGGGATAGGTAGCAA,1
CTGGGATCGTTTCTTA,1
CTGGGCAAAACTTATA,1
CTGGGCAGGTCAACTA,1
CTGGGCATATAAATTG,1
CTGGGCATATGACTTG,1
CTGGGCCAACCCCCCT,1
CTGGGCGTTATAGCCA,1
CTGGGCTGCCTGTCAG,1
CTGGGCTGGCTGTCAG,1
CTGGGCTGTATGTCAG,1
CTGGGGATCGCTACGA,1
CTGGGGCTAGCTACGA,1
CTGGGGCTCACTACGA,1
CTGGGGCTCGCTAAGA,1
CTGGGGGCCTAGCACA,1
CTGGGTACCATAACAA,1
CTGGGTATATTGGATC,1
CTGGGTCGCTTTCCCG,1
CTGGGTGAATAAAGTT,1
CTGGGTGGAATTACAA,1
CTGGGTTCATGTGAGT,1
CTGGTAAAAACCTAAC,1
CTGGTAAAACCCTAAC,1
CTGGTAAAAGATAAGG,1
CTGGTAAAAGGCAACG,1
CTGGTAAAAGGCACGG,1
CTGGTAAACACCTAAA,1
CTGGTAAAGACCTAAC,1
CTGGTAAAGCATATGG,1
CTGGTAAGGAATTAAT,1
CTGGTAAGGGATTAGT,1
CTGGTAATCTAACATG,1
CTGGTAATGGATTAAT,1
CTGGTATAAGAACAAG,1
CTGGTATATATCACTG,1
CTGGTATATTATACAC,1
CTGGTATCGATGACTT,1
CTGGTCACATGGGCAG,1
CTGGTCATATAACTTG,1
CTGGTCCCAACTACAA,1
CTGGTCGAAAAAACAG,1
CTGGTCTCGAGTGAAA,1
CTGGTCTGGCGTTACA,1
CTGGTGAAGCCGTTTA,1
CTGGTGAGGGATTAAT,1
CTGGTGCTCGCTACGA,1
CTGGTGTCAAGTACCC,1
CTGGTGTGACAAAATT,1
CTGGTTAATTTCGTGG,1
CTGGTTCCAACTACTA,1
CTGGTTGATGACTGTG,1
CTGGTTTAAATATTAC,1
CTGGTTTGAGAATCAG,1
CTGGTTTTTGACATTT,1
CTGTAAAAAAATAGTA,1
CTGTAAACACTCTTGA,1
CTGTAAAGGACGAACA,1
CTGTAAATAATCTGTT,1
CTGTAAATCAGAATAC,1
CTGTAAATCCCGATCT,1
CTGTAAATGTCTAATG,1
CTGTAACAACAATATC,1
CTGTAACACAACCTGC,1
CTGTAACATATCTGAA,1
CTGTAACCGGCTAAAC,1
CTGTAACCTCCCCGCA,1
CTGTAACTAATCAAAA,1
CTGTAAGTGACTATGC,1
CTGTAATTAAGGTAAC,1
CTGTAATTTAGCTACA,1
CTGTACAAAAATAATA,1
CTGTACAAAAATAGCA,1
CTGTACAAAAATAGTT,1
CTGTACAAAGTCAACC,1
CTGTACAACAACTACA,1
CTGTACAACACATTCC,1
CTGTACAACTAGGGTA,1
CTGTACAAGCAACGAC,1
CTGTACATATTAACAA,1
CTGTACATCCCGATAT,1
CTGTACATCCCGATCC,1
CTGTACATCCCTATCT,1
CTGTACCAAACAAAGT,1
CTGTACCCAGGATATT,1
CTGTACCCGTCATTCT,1
CTGTACCTCCCGATCT,1
CTGTACGAATAGAAAC,1
CTGTACGAATCCCTAT,1
CTGTACGCAACACCAT,1
CTGTACGCTTCGATGG,1
CTGTACGTATAACATC,1
CTGTACTAATATCAAT,1
CTGTACTACTTAATCT,1
CTGTACTATTTCATAA,1
CTGTACTCAAGACACC,1
CTGTACTGCTAAGAAT,1
CTGTACTTATCTTTCA,1
CTGTACTTCCATACCC,1
CTGTACTTGCCTCAGC,1
CTGTAGAAGTTCACAA,1
CTGTAGAATGTCCGAG,1
CTGTAGACGGGAATTG,1
CTGTAGCACTTAGCCT,1
CTGTAGCAGCACGTTA,1
CTGTAGCATTACGATT,1
CTGTAGTAAGACATTG,1
CTGTAGTAAGACTTTG,1
CTGTAGTAATACCTTG,1
CTGTAGTACGATATAA,1
CTGTAGTATAAGCTAC,1
CTGTAGTCGGTCGTAA,1
CTGTAGTGAGATATAA,1
CTGTAGTGCGTTATAA,1
CTGTAGTGTGGATGTA,1
CTGTAGTTTACATTGA,1
CTGTATAACTAGGGTC,1
CTGTATAAGTTTCGTA,1
CTGTATAATACGGACT,1
CTGTATAGCATACGAA,1
CTGTATAGTATGGTCA,1
CTGTATCAATTATGAA,1
CTGTATCAGTATGACA,1
CTGTATCGACCATCAT,1
CTGTATCTAAATTTAA,1
CTGTATGAAACGCTTT,1
CTGTATTGATAAGAAT,1
CTGTATTGCACTGATT,1
CTGTATTGCGATATAA,1
CTGTATTGGTAAGAAT,1
CTGTCAAAAAGGGAAG,1
CTGTCAAACATTGACA,1
CTGTCAAACCCCACGG,1
CTGTCAAAGAGTGTAG,1
CTGTCAAATAATGGGA,1
CTGTCAAATGACTAAA,1
CTGTCAACACCCGAAT,1
CTGTCAACCTGGCGAT,1
CTGTCAATTTTCAACA,1
CTGTCACAACGATTGC,1
CTGTCACAGAATAAGT,1
CTGTCACAGCAATATC,1
CTGTCACAGTACTTAA,1
CTGTCACCAGTCAAGG,1
CTGTCACCTCACTAAC,1
CTGTCACCTCGCTAAT,1
CTGTCATAGTAGAGTC,1
CTGTCATATAGATTCG,1
CTGTCCAACAACTAAA,1
CTGTCCAACCGGGAGG,1
CTGTCCAACTAAAGGT,1
CTGTCCAATCAGAGAA,1
CTGTCCAATTACCACC,1
CTGTCCATACGACCGT,1
CTGTCCATGGGCGTTA,1
CTGTCCCAGGTTCTAA,1
CTGTCCCGCCATCCTC,1
CTGTCCCTATCGAAAG,1
CTGTCCGCCCGGCCAT,1
CTGTCCGTGTTAAAAA,1
CTGTCGAACCCGCACA,1
CTGTCGACCATTTACA,1
CTGTCGATTGCTGCGC,1
CTGTCGATTTAGGCAA,1
CTGTCGCAGCGAATCT,1
CTGTCGCTGAAGAAGC,1
CTGTCGTACTGAATCG,1
CTGTCGTATCCCCGAA,1
CTGTCGTGAAAAATAC,1
CTGTCTAAAGACTGTA,1
CTGTCTAAATATTGTA,1
CTGTCTAAGGATTGTA,1
CTGTCTAATTATAAAT,1
CTGTCTAGCCTTAAAG,1
CTGTCTAGCGGACTAT,1
CTGTCTAGCTTTAAGG,1
CTGTCTAGCTTTGAAG,1
CTGTCTAGGATGGTCA,1
CTGTCTAGTACGGTCA,1
CTGTCTAGTATGCTCA,1
CTGTCTAGTATGGTCG,1
CTGTCTAGTGGCTAGG,1
CTGTCTATCGCTTGTT,1
CTGTCTATTATGGTCA,1
CTGTCTATTTAGCCAA,1
CTGTCTCAGTATCCAA,1
CTGTCTCATCCTGACT,1
CTGTCTCCCACCTCTC,1
CTGTCTCCGTCCTAGA,1
CTGTCTCGTAGTGATG,1
CTGTCTCTACTGTAAG,1
CTGTCTCTGAAGAAAG,1
CTGTCTGGAGTGGAAG,1
CTGTCTTAAAATTCGG,1
CTGTCTTTATAGACTC,1
CTGTCTTTCATATCAA,1
CTGTGAAAACGATTGC,1
CTGTGAAGCGAAATGA,1
CTGTGAAGCTGCTGAA,1
CTGTGAATATATTCAG,1
CTGTGAATATGTTCAC,1
CTGTGAATGCGCAACG,1
CTGTGACAACAATTGC,1
CTGTGACAACGATTTC,1
CTGTGACAACTATTGC,1
CTGTGACAAGGATTGC,1
CTGTGACAGCGATTGC,1
CTGTGACCCACAAAAA,1
CTGTGACTGTATTGAA,1
CTGTGAGAACGAGTTT,1
CTGTGAGAACTAGTGT,1
CTGTGAGAATCTAATC,1
CTGTGAGGAATAATGC,1
CTGTGATAAACACATT,1
CTGTGATAATGAAAAG,1
CTGTGATAGCCATGTG,1
CTGTGATTGCCCCAAA,1
CTGTGCACACATGCAC,1
CTGTGCATAATTGTAC,1
CTGTGCATTGATTACC,1
CTGTGCCAAGAAAATT,1
CTGTGCTAACAGACCA,1
CTGTGCTAACAGCCAA,1
CTGTGCTAACAGCCCT,1
CTGTGGAAGAGCAAAA,1
CTGTGGACGGGGTGAG,1
CTGTGGAGTTACGAGG,1
CTGTGGATAAACACAG,1
CTGTGGATGAAAACAG,1
CTGTGGATTAACACAG,1
CTGTGGATTTAGCCAA,1
CTGTGGCGTAACCAGC,1
CTGTGGCGTTAAGAGG,1
CTGTGGCTTTACGAGG,1
CTGTGGGAACGAGTGT,1
CTGTGGGCAGACTGCT,1
CTGTGGTCGAAATAAC,1
CTGTGTAAAGGCGATG,1
CTGTGTACTCCAATCA,1
CTGTGTAGTATGGTCA,1
CTGTGTAGTCAGTCCC,1
CTGTGTCGTACTGTAG,1
CTGTGTCGTTACGAGG,1
CTGTGTGACTGCAGAG,1
CTGTGTTCAATCTGAA,1
CTGTTAAATAGGTATG,1
CTGTTAAATCTACACC,1
CTGTTAAATTTACAAC,1
CTGTTAAATTTACACT,1
CTGTTAAATTTACAGC,1
CTGTTAAGTTGAATCA,1
CTGTTAAGTTTACACC,1
CTGTTAATCGGAATGC,1
CTGTTAATTCACAAAT,1
CTGTTACCCATACGAA,1
CTGTTACCCATGCTAA,1
CTGTTACCCGTGCGAA,1
CTGTTACGCTTTTAAT,1
CTGTTACTAATATGTA,1
CTGTTACTTTGTAAGT,1
CTGTTACTTTGTCATT,1
CTGTTACTTTGTTAGT,1
CTGTTAGCATTTAAGA,1
CTGTTAGTGTACGTGT,1
CTGTTATAAACCCATT,1
CTGTTATCAAACAAAT,1
CTGTTATTAGTTTATG,1
CTGTTCAGCATACTAA,1
CTGTTCATCCTGATTT,1
CTGTTCCACATATTCA,1
CTGTTCCTGAAGAAAG,1
CTGTTCGAAAGCCGAA,1
CTGTTCGCATTGAGTC,1
CTGTTCGGATAATTCC,1
CTGTTCTCAAATTACA,1
CTGTTGCAGCCCATTC,1
CTGTTGCATGTATACT,1
CTGTTGTCCCCCATAT,1
CTGTTTACAGAAGATA,1
CTGTTTACGGAAGCTA,1
CTGTTTAGGAACTCTC,1
CTGTTTAGTCATGATA,1
CTGTTTATACGTATAA,1
CTGTTTATCATAAAAG,1
CTGTTTATGCGTAGAA,1
CTGTTTCTAAAGAAAG,1
CTGTTTCTGAAGAAAC,1
CTGTTTCTGAAGAGAG,1
CTGTTTCTGAATAAAG,1
CTGTTTCTTAAGAAAG,1
CTGTTTGAAAGCCGAC,1
CTGTTTTACATCCTAC,1
CTGTTTTAGCAGTAGT,1
CTGTTTTGCATACTGA,1
CTTAAAAAAATCAAAT,1
CTTAAAAAAATGTACA,1
CTTAAAAAATGAAGAT,1
CTTAAAAACCATCATT,1
CTTAAAAACGGAACTA,1
CTTAAAAATACAACTG,1
CTTAAAAATGATGTCA,1
CTTAAAACAAAGAAAT,1
CTTAAAACACTACAAA,1
CTTAAAACCCAAACAG,1
CTTAAAACCGCGAGGG,1
CTTAAAACCGGGAGGA,1
CTTAAAACCGGGAGGT,1
CTTAAAACCTGGAGGG,1
CTTAAAACGGGGAGGG,1
CTTAAAACGTGCTTTT,1
CTTAAAACTGCAACAA,1
CTTAAAACTGGGAGGG,1
CTTAAAACTTATAAAC,1
CTTAAAAGAACATGCA,1
CTTAAAAGATACTGAT,1
CTTAAAAGGTAGAGCA,1
CTTAAAAGTTTCAAAT,1
CTTAAAATAACCCAAT,1
CTTAAAATATTAAGCC,1
CTTAAAATATTAAGTC,1
CTTAAAATGCAATTAA,1
CTTAAAATTACAAGCA,1
CTTAAACACACAACGG,1
CTTAAACACACAACTG,1
CTTAAACACTATTGAC,1
CTTAAACACTCAATAG,1
CTTAAACAGATGTACA,1
CTTAAACCAGTGATTG,1
CTTAAACCCCATGAAG,1
CTTAAACCGAATGAAT,1
CTTAAACCGGACTTTA,1
CTTAAACCGGGATTTA,1
CTTAAACCTCCCCGCA,1
CTTAAACCTTATAAAT,1
CTTAAACCTTATGAAC,1
CTTAAACGTAAAAGGC,1
CTTAAACGTGGACAAC,1
CTTAAAGAACTATATA,1
CTTAAAGCATTAACAA,1
CTTAAAGCTGCCAGAA,1
CTTAAAGCTGCCGGCA,1
CTTAAAGCTTGATTAA,1
CTTAAAGGGAAACTGT,1
CTTAAATAAATGTACA,1
CTTAAATACATAAAGA,1
CTTAAATAGAAACTGT,1
CTTAAATAGTCGAGAG,1
CTTAAATCCGCCATCA,1
CTTAAATCCGGAGTAC,1
CTTAAATCGACTAGGA,1
CTTAAATCGCCTGGGA,1
CTTAAATCGTAGCACC,1
CTTAAATCTATTAACA,1
CTTAAATCTCCGTTTA,1
CTTAAATGAAATTCGC,1
CTTAAATGATTAAAGG,1
CTTAAATGGATGTGAT,1
CTTAAATTACTCCGAA,1
CTTAAATTATAGCATA,1
CTTAAATTCGATAAAA,1
CTTAAATTCGATAGAA,1
CTTAAATTGATGCAAT,1
CTTAACAAACCACAAC,1
CTTAACAAGTGTAGAT,1
CTTAACAATGGACTAG,1
CTTAACACACTGAAAG,1
CTTAACACAGAACTCT,1
CTTAACACCAGAATCG,1
CTTAACACCCCCTTTC,1
CTTAACACCTCTAGAC,1
CTTAACACCTTGGAAA,1
CTTAACACGCTGAAAA,1
CTTAACACTGGTAGCC,1
CTTAACATACACTACT,1
CTTAACATAGGACAAA,1
CTTAACATCGGGCGCG,1
CTTAACATTATTCCAC,1
CTTAACATTTTGGCCA,1
CTTAACCAGAGCGCCG,1
CTTAACCAGAGTCCCT,1
CTTAACCATAGAGCCG,1
CTTAACCATAGCGTCG,1
CTTAACCCAAAAGATC,1
CTTAACCCACTGTATC,1
CTTAACCCTGTAATAC,1
CTTAACCCTTTGGCCA,1
CTTAACCTACAGTATG,1
CTTAACCTATTGGCCA,1
CTTAACCTGGGTGTCA,1
CTTAACCTGTAGATAT,1
CTTAACCTTTTGGACA,1
CTTAACGAAAGATTAA,1
CTTAACGACTCTAGAC,1
CTTAACGATAGCGCCG,1
CTTAACGCCTATAGAC,1
CTTAACGCCTCTAGAT,1
CTTAACGCCTCTATAC,1
CTTAACGCTATCCCAA,1
CTTAACGTTCTCCATC,1
CTTAACTAGCTGTGAA,1
CTTAACTATTGACGGT,1
CTTAACTATTGAGGGA,1
CTTAACTCATTCATTA,1
CTTAACTCGTTTCTCT,1
CTTAACTCTTACATTT,1
CTTAACTGCAATTAAT,1
CTTAAGAAACTCTTCC,1
CTTAAGAAATCTAGTA,1
CTTAAGAACCGCGCTT,1
CTTAAGAACTAATCTG,1
CTTAAGAACTACTATG,1
CTTAAGACTTTCAGTA,1
CTTAAGACTTTCTGGA,1
CTTAAGACTTTTAGGA,1
CTTAAGAGAATTGACA,1
CTTAAGAGTTTCAGGA,1
CTTAAGATAACCTAAT,1
CTTAAGATTTTCAGGA,1
CTTAAGCACTAGCCAA,1
CTTAAGCAGGGAGATA,1
CTTAAGGAAGTCTCTT,1
CTTAAGGACTACTCTG,1
CTTAAGGCCAGACATA,1
CTTAAGGCTTTCAGGA,1
CTTAAGGGGAATTGTG,1
CTTAAGGGGTGGCTAA,1
CTTAAGTAAACTTAAC,1
CTTAAGTACGTGTTCC,1
CTTAAGTATGCTGCTA,1
CTTAAGTCCGAGGGTA,1
CTTAAGTTACTAAGTG,1
CTTAATAAACTCTTAT,1
CTTAATAAATCCGAAG,1
CTTAATAACCAATTAG,1
CTTAATAAGAGTCCTA,1
CTTAATAAGTTTCGTA,1
CTTAATAATAATCCTA,1
CTTAATACAAAGACTT,1
CTTAATACTTGAACTG,1
CTTAATAGGACTCCTA,1
CTTAATATGCGCTACA,1
CTTAATCAAGTATCAC,1
CTTAATCGACCATCAT,1
CTTAATCGGAAAAATG,1
CTTAATCTTTTGAACA,1
CTTAATGAACACAGCT,1
CTTAATGAATTAGACA,1
CTTAATGAATTGGAGA,1
CTTAATGACATCGCTA,1
CTTAATGCTTACATTT,1
CTTAATGGTAGACTTG,1
CTTAATGGTCGGTTAA,1
CTTAATGGTTGGGTAA,1
CTTAATGTACGAGGCC,1
CTTAATGTAGAGGAGG,1
CTTAATGTATAATATT,1
CTTAATGTATTCGCAT,1
CTTAATGTCCCTGGCC,1
CTTAATGTGCGAATAC,1
CTTAATGTTCATCAAG,1
CTTAATGTTGTAGCAC,1
CTTAATTACGCGGCAC,1
CTTAATTAGTGAATCT,1
CTTAATTCACAGATGA,1
CTTAATTCCCAGATGA,1
CTTAATTCCGGAGATT,1
CTTAATTCTAAGATGA,1
CTTAATTCTCAGATGG,1
CTTAATTCTCAGATGT,1
CTTAATTCTCAGATTA,1
CTTAATTTCAAAAATA,1
CTTAATTTCAAATCCT,1
CTTAATTTCTAAATTG,1
CTTAATTTTCGTAAAC,1
CTTACAAACCATGTAC,1
CTTACAAATAGTACAT,1
CTTACAACCCAAAAAG,1
CTTACAACCCAATACA,1
CTTACAACCTTTTACA,1
CTTACAACGAAAGGAG,1
CTTACAAGTATGAGCG,1
CTTACAATAAGGAGCA,1
CTTACAATAGTTACTT,1
CTTACAATGAGATCAT,1
CTTACACAACATGTAC,1
CTTACACACCATGCAC,1
CTTACACACCTTGTAC,1
CTTACACACGATGTAC,1
CTTACACATAGACGCA,1
CTTACACATAGTAATC,1
CTTACACCGAGACATG,1
CTTACACTAGAAGCAA,1
CTTACACTATCACGGG,1
CTTACACTCAAAACCC,1
CTTACAGAAACTCCGG,1
CTTACAGAATCACTCC,1
CTTACAGACACCGAAT,1
CTTACAGCAGGTGCAA,1
CTTACAGGAAAGCGGA,1
CTTACAGGAAATACCG,1
CTTACAGGAGACTCAG,1
CTTACAGTCCGTCTAC,1
CTTACAGTTGAACACG,1
CTTACATAATAGCAGC,1
CTTACATACTCCATCG,1
CTTACATAGACGAGAG,1
CTTACATAGTCTAGAG,1
CTTACATATAATTATT,1
CTTACATCCTCAGGAT,1
CTTACATGCATCACCA,1
CTTACATGGATCCCTG,1
CTTACATTAGCAATTT,1
CTTACATTGAACGGAT,1
CTTACCAAACAATAGA,1
CTTACCAACAAATAGA,1
CTTACCAATTTGCTAC,1
CTTACCACAAAAACAA,1
CTTACCATCTAACCAG,1
CTTACCCTAACCAACC,1
CTTACCCTAAGAAGTT,1
CTTACCCTCTTCTATA,1
CTTACCGAATCACTAC,1
CTTACCGGACATCTAC,1
CTTACCGGGTTAATAT,1
CTTACCGGTACGACTC,1
CTTACCGTACGCTGTC,1
CTTACCGTATTGTCAG,1
CTTACCTACTCGATCG,1
CTTACCTGAATCACCA,1
CTTACCTGCATAACCA,1
CTTACCTGCATCACAA,1
CTTACCTGCATCACCT,1
CTTACCTTCATCACCA,1
CTTACCTTTCTCACGT,1
CTTACGACATTCGAGC,1
CTTACGATGAGACAGT,1
CTTACGCTTCCCGACA,1
CTTACGTTCGAGAAAA,1
CTTACGTTGAGCAATT,1
CTTACGTTGCTTAAAA,1
CTTACTAAAATGTCAT,1
CTTACTAACATTTTTT,1
CTTACTAATGCATACC,1
CTTACTAGATTGTAGA,1
CTTACTAGCAATTCGT,1
CTTACTAGCTTAAATA,1
CTTACTATAACAATAA,1
CTTACTATAAGGAGCA,1
CTTACTCAAACTGCAA,1
CTTACTCCAACTTATG,1
CTTACTCCCTCCTACA,1
CTTACTCCCTGGCCCG,1
CTTACTCCCTTATACA,1
CTTACTCCCTTCAACA,1
CTTACTCCCTTCCACA,1
CTTACTCCCTTCTATA,1
CTTACTCCCTTCTGCA,1
CTTACTCCGACAAAGA,1
CTTACTCCTTTATCTA,1
CTTACTCTGGATGACG,1
CTTACTGGAAATGCTT,1
CTTACTGGTCCCCGAC,1
CTTACTGTGAAGATCA,1
CTTACTGTTCCCACTC,1
CTTACTGTTCCTACTG,1
CTTACTTAGCTCATTC,1
CTTACTTATTACCCAT,1
CTTACTTCCTAAAAAA,1
CTTACTTCCTTCTACA,1
CTTACTTCTATATACT,1
CTTACTTGATTGTCAC,1
CTTACTTGGTACCCAT,1
CTTACTTTAGAGGAGG,1
CTTACTTTTCCTACTC,1
CTTAGAAACAATGATG,1
CTTAGAACAAAACTGC,1
CTTAGAACAAAGCGTG,1
CTTAGAACAAGCAGCC,1
CTTAGAACCTAGTATT,1
CTTAGAACGTGCGTTT,1
CTTAGAACTAACATAA,1
CTTAGAATACCTGTAT,1
CTTAGACACACTGAAG,1
CTTAGACAGCCAGAAA,1
CTTAGACTAAAATATG,1
CTTAGACTAAATGATA,1
CTTAGAGACGTCGTTA,1
CTTAGAGAGGGATCTC,1
CTTAGAGCATCATAAT,1
CTTAGAGCGAGATCTC,1
CTTAGAGCGGGATATC,1
CTTAGAGCGTGATCTC,1
CTTAGAGTGGGATCTC,1
CTTAGATAAACGAAGA,1
CTTAGATGAAGCACGA,1
CTTAGATGACGCACGG,1
CTTAGATGACGCACTA,1
CTTAGATGACGTACGA,1
CTTAGATGCATACACT,1
CTTAGCAATATACAAG,1
CTTAGCACCCAGTATT,1
CTTAGCACCTAGTGTT,1
CTTAGCACCTATTATT,1
CTTAGCACTACGAATC,1
CTTAGCAGGCAGGAAT,1
CTTAGCATCTAGTATT,1
CTTAGCCATAGCGCCG,1
CTTAGCCATCGAGGTA,1
CTTAGCCCAAAAGGAA,1
CTTAGCCCCACGCGTA,1
CTTAGCCCGATGTCAT,1
CTTAGCCCTACTCGTA,1
CTTAGCCGAATGATTA,1
CTTAGCTCGGGTTCAG,1
CTTAGCTCTACGCGTA,1
CTTAGCTCTTGGGTTT,1
CTTAGGAAAAACAACA,1
CTTAGGAATGGACACA,1
CTTAGGATGCCGCAGG,1
CTTAGGCTAGTGATTC,1
CTTAGGGACCCTTCTG,1
CTTAGGGCACAGAAGA,1
CTTAGGGTTAGGAAAG,1
CTTAGGTATAGTCTTC,1
CTTAGGTTCGATAAAA,1
CTTAGTAAACAATTTC,1
CTTAGTAACTGCAAAT,1
CTTAGTACGATGGAGT,1
CTTAGTAGACATGGCC,1
CTTAGTATATCGATCT,1
CTTAGTATATTGATAT,1
CTTAGTCATTGGAGAT,1
CTTAGTCGACATGGCA,1
CTTAGTCTAGGACCCA,1
CTTAGTCTGTAAAAAG,1
CTTAGTGAACGAAGTC,1
CTTAGTGCTACTTAAA,1
CTTAGTGGAAGGTTGC,1
CTTAGTGGCAAAATCT,1
CTTAGTTAATGCCTGA,1
CTTAGTTCTCAGATGA,1
CTTAGTTCTGACGGTA,1
CTTAGTTCTGCCGGTG,1
CTTAGTTGAAAGTTGC,1
CTTAGTTGGTTCAGAT,1
CTTAGTTTCGAGATTA,1
CTTAGTTTGTCAGATC,1
CTTATAAAAGAATCCA,1
CTTATAAAATCACCTG,1
CTTATAAAGCAGTATG,1
CTTATAAAGGAGAAAT,1
CTTATAAAGGATAGAT,1
CTTATAACCTGAAAAC,1
CTTATAAGACAGTCTA,1
CTTATAAGTGGGTTCC,1
CTTATAATAAGCCATT,1
CTTATAATAATGCCTT,1
CTTATAATCAGACATT,1
CTTATAATCGGAACCT,1
CTTATAATGACTTCAT,1
CTTATAATGAGCCATT,1
CTTATACAAGATAGCA,1
CTTATACACACTGCAA,1
CTTATACACCAATCGG,1
CTTATACGACGGTCTA,1
CTTATACGAGGGCCCA,1
CTTATACTACAGTCTA,1
CTTATACTACCGCCAT,1
CTTATACTATCTAAGT,1
CTTATAGAACTATTGA,1
CTTATAGGCATACACT,1
CTTATAGTATGCGACT,1
CTTATAGTGGTCGGAC,1
CTTATATAACATAAGG,1
CTTATATAATATGGTT,1
CTTATATAATGAATTT,1
CTTATATATTGGCTTA,1
CTTATATCTTGCGGTA,1
CTTATATGAAACAGCG,1
CTTATATGACGCACGA,1
CTTATATGCACCAAAA,1
CTTATATTATACAATA,1
CTTATATTCAAAATAT,1
CTTATATTTTATAACA,1
CTTATATTTTATAGCC,1
CTTATCAAACAATACC,1
CTTATCAACACTGCAA,1
CTTATCAAGATACAAG,1
CTTATCAATATAAAAG,1
CTTATCACAGAGGTCA,1
CTTATCAGGGGTTCCC,1
CTTATCATTCAATTAG,1
CTTATCCAAACTGCAA,1
CTTATCCACACCGCAA,1
CTTATCCACACTGCGA,1
CTTATCCACACTTCAA,1
CTTATCCACGCTGCAA,1
CTTATCCCCTTAAGTA,1
CTTATCCGAAAATGGA,1
CTTATCCGGCAGGAAT,1
CTTATCGAACAATAAC,1
CTTATCGAACAATTCC,1
CTTATCGTCCGTGTAT,1
CTTATCGTCTAGCACA,1
CTTATCGTGTTCGGAC,1
CTTATCGTTTGTGTAT,1
CTTATCTAAGGCAACA,1
CTTATCTAGGCATCAG,1
CTTATCTGTAAAATGA,1
CTTATGAAACTATTGA,1
CTTATGACACCAAGAC,1
CTTATGACACCAAGTC,1
CTTATGACGCATAAAG,1
CTTATGACGCCAAGCC,1
CTTATGATACTCTTAA,1
CTTATGATATAGTTAC,1
CTTATGATGCTCTTAA,1
CTTATGCCAACTTATG,1
CTTATGCTAAACGCGC,1
CTTATGTTAGTAATCA,1
CTTATGTTCGAGAAAA,1
CTTATGTTTTTCGAAA,1
CTTATTAAAGCAGGCA,1
CTTATTAACCTTGTCA,1
CTTATTACAAATCCCA,1
CTTATTACACCAAGCC,1
CTTATTACACTAACTT,1
CTTATTCATTCAACGC,1
CTTATTCCACAGGTCT,1
CTTATTGAAATTGATC,1
CTTATTGAATGAAAAC,1
CTTATTGACGGTATCC,1
CTTATTGATGTAATGC,1
CTTATTGGATAAGTAG,1
CTTATTGGGTACATAA,1
CTTATTGGTGGGAGTT,1
CTTATTGTACTCGCAT,1
CTTATTTAACGACGCT,1
CTTATTTGTACGTAAT,1
CTTCAAAAAAAAGCCT,1
CTTCAAAAACGTTGCA,1
CTTCAAAAACTCTTAT,1
CTTCAAAACAGTGGCG,1
CTTCAAAAGGAGAACA,1
CTTCAAAATCGTTGCA,1
CTTCAAAATGATGTAA,1
CTTCAAAATGATTTCA,1
CTTCAAACTGGTAGCC,1
CTTCAAAGAACAGCTT,1
CTTCAAAGCTAGGGAC,1
CTTCAAATACACTACT,1
CTTCAAATATCGAACG,1
CTTCAAATTACTATCC,1
CTTCAACACCGAACAG,1
CTTCAACACCTAACAA,1
CTTCAACATTGAAAAG,1
CTTCAACCAAGCTTTC,1
CTTCAACCCATAAAAA,1
CTTCAACCCTCTAATG,1
CTTCAACGGAAACTTA,1
CTTCAACTATACACAG,1
CTTCAAGAAGCTAAAG,1
CTTCAAGACCCGCTCA,1
CTTCAAGACCCGTTCC,1
CTTCAAGACCCGTTCT,1
CTTCAAGACCCTTTTA,1
CTTCAAGACTCGTTCA,1
CTTCAAGATCCTAGAT,1
CTTCAAGCGTAGTGTG,1
CTTCAAGCTGACGGAC,1
CTTCAAGGGCCCTGAC,1
CTTCAAGGGCCTTAAC,1
CTTCAAGGTAGCCTAA,1
CTTCAAGTGATTATAT,1
CTTCAATAAGAAGCGA,1
CTTCAATACTAAAGTT,1
CTTCAATAGGCGTCGG,1
CTTCAATATAAAACAC,1
CTTCAATCCTATGAGG,1
CTTCAATCGCATCGTG,1
CTTCAATCGTAATGTG,1
CTTCAATGCAAAATCT,1
CTTCAATGGACAATAT,1
CTTCAATTAAGTGGGC,1
CTTCAATTACGGTTCG,1
CTTCAATTGATTATCA,1
CTTCACAAAAACCCCG,1
CTTCACAAAAGAGACA,1
CTTCACAACAACCACG,1
CTTCACAAGACCTCAC,1
CTTCACAATGGTAGCC,1
CTTCACACAACTTAGA,1
CTTCACACACGCTAAG,1
CTTCACACTCTATAAA,1
CTTCACACTGGCGAAA,1
CTTCACAGTATAGAAC,1
CTTCACAGTGGGAACA,1
CTTCACATACACTAAT,1
CTTCACATACACTGCT,1
CTTCACATACATTACT,1
CTTCACATACTCTACT,1
CTTCACATGGGTGTCA,1
CTTCACATTAAGGGGA,1
CTTCACATTCGGCGGG,1
CTTCACCATATGATCT,1
CTTCACCCACCAGAAT,1
CTTCACCGAAGTATAT,1
CTTCACCTGGGTATCA,1
CTTCACCTGGGTCTCA,1
CTTCACCTGGGTGCCA,1
CTTCACCTGGGTGTAA,1
CTTCACCTGTGTGTCA,1
CTTCACCTTGTATGGT,1
CTTCACGAAGCTTAAT,1
CTTCACGCTGAAGGAC,1
CTTCACTAATAAGGCA,1
CTTCACTAATTAGGAA,1
CTTCACTAGTTAGGCA,1
CTTCACTATCCATTAC,1
CTTCACTTATTAGGCA,1
CTTCACTTCAGAATAG,1
CTTCAGAAATTTTATT,1
CTTCAGAATCTACTAC,1
CTTCAGAGTTGACTAC,1
CTTCAGATACATGATC,1
CTTCAGATACATGGTT,1
CTTCAGATATTCACCT,1
CTTCAGATGCATGATT,1
CTTCAGCAACTAGACA,1
CTTCAGCACCGAACAA,1
CTTCAGCAGCTAGAAA,1
CTTCAGCAGGTAGACA,1
CTTCAGCATGACTCAC,1
CTTCAGCATGGCTAAC,1
CTTCAGCTGGGTGTCA,1
CTTCAGGAACAAAAAG,1
CTTCAGGAGCTAGACA,1
CTTCAGTAGGTGCACG,1
CTTCAGTATTTAGACC,1
CTTCAGTGACAGAAAT,1
CTTCAGTTACGAGCTC,1
CTTCAGTTAGTGTAGA,1
CTTCAGTTGAGCAATT,1
CTTCAGTTGCGAGTTC,1
CTTCAGTTTCGAGCTC,1
CTTCAGTTTTAGTCTG,1
CTTCATAAATTCTTAT,1
CTTCATAAGCTCTTAT,1
CTTCATAATATTTTTA,1
CTTCATAATGCTGCAT,1
CTTCATAGCATTTTGT,1
CTTCATCTAATGATGC,1
CTTCATGTGGCCTCAG,1
CTTCATTACTTGTGCC,1
CTTCATTCACTTTGGC,1
CTTCATTGAAGCCGCA,1
CTTCATTGAAGTCGAA,1
CTTCATTGCCACAAGG,1
CTTCATTTTATGGCTT,1
CTTCCAAAAAAAGACT,1
CTTCCAAAAATTGGAT,1
CTTCCAAAAGAACGAA,1
CTTCCAATAAATTATC,1
CTTCCAATAACATTAG,1
CTTCCAATCCAAATAC,1
CTTCCAATTCAAGTAC,1
CTTCCAATTTAAATAC,1
CTTCCACAACCACACG,1
CTTCCACAACCATATG,1
CTTCCACAACCATGCG,1
CTTCCACAGCCATACG,1
CTTCCACTATCACGTG,1
CTTCCACTCACCGAAT,1
CTTCCAGAGCTGGAAT,1
CTTCCAGCACAATAAT,1
CTTCCAGGAAAAAGTT,1
CTTCCAGTTCAAATAC,1
CTTCCATAACTCTCAT,1
CTTCCATAATGAAACC,1
CTTCCATAATGTCCTA,1
CTTCCATATGTCCCGT,1
CTTCCCAAACGCTAAG,1
CTTCCCAAAGGTAACC,1
CTTCCCAAATTAGATC,1
CTTCCCAATATCAGGC,1
CTTCCCAATCCTCGAC,1
CTTCCCAATTAAAACT,1
CTTCCCACACGCCAAG,1
CTTCCCACACGCTAGG,1
CTTCCCACGCGCTAAG,1
CTTCCCATAGTGACTA,1
CTTCCCATAGTGGATA,1
CTTCCCATAGTGGGTA,1
CTTCCCCAGGTTCTAA,1
CTTCCCCCAACGTCGT,1
CTTCCCGTCATAACTA,1
CTTCCCGTTAACGACT,1
CTTCCCGTTCAGACTT,1
CTTCCCGTTGAACCGA,1
CTTCCCTCCATAACTA,1
CTTCCCTGAAAAAGTT,1
CTTCCGAAGTCCAGAC,1
CTTCCGACAACGTCGT,1
CTTCCGACATTCGAGA,1
CTTCCGACATTCTAGC,1
CTTCCGAGGTGTCCCA,1
CTTCCGCAACTGTGCT,1
CTTCCGCCAACTTCGT,1
CTTCCGCGAAATCAAG,1
CTTCCGGATACATAAC,1
CTTCCGGATTACCGCC,1
CTTCCGGATTGCCGCT,1
CTTCCGGCCAGAACAG,1
CTTCCGGCCTATTAAA,1
CTTCCGGGAGGACTCA,1
CTTCCGGGTTCGTTTA,1
CTTCCGTAATGTCCTC,1
CTTCCGTTGAACAATT,1
CTTCCGTTGAGAAATT,1
CTTCCGTTGAGGAATT,1
CTTCCTAACATCACCA,1
CTTCCTAACCGAGATG,1
CTTCCTACAAGGAAAA,1
CTTCCTACTGGAGAAC,1
CTTCCTCACTCAACGG,1
CTTCCTCCAACGTCGT,1
CTTCCTCCAATGAAAA,1
CTTCCTCCCTAACGAA,1
CTTCCTCTTGCTGCAA,1
CTTCCTGAAACATAAC,1
CTTCCTGAAACTTACT,1
CTTCCTGATGAAAATC,1
CTTCCTGCAATAGCAA,1
CTTCCTTAGATCATTC,1
CTTCCTTAGCTCACTC,1
CTTCCTTAGCTCATTG,1
CTTCCTTGGCTCATTC,1
CTTCCTTGTGCATGAG,1
CTTCGAAACCTCATAT,1
CTTCGAAATCGGACGG,1
CTTCGAATACCCGTAT,1
CTTCGAATACCTTTAT,1
CTTCGACAGCTGGAAT,1
CTTCGAGAGCCGGAAT,1
CTTCGAGAGCTTGAAT,1
CTTCGAGATCTGGAAT,1
CTTCGAGGTGAACACT,1
CTTCGATCAGATCAAC,1
CTTCGCAACAATCACC,1
CTTCGCAATACAACAT,1
CTTCGCACATAATTAG,1
CTTCGCACTCGATCGT,1
CTTCGCAGTTGACTAC,1
CTTCGCATACCGTACC,1
CTTCGCATGAATACTG,1
CTTCGCATGTCCTTAC,1
CTTCGCCACAATGAGT,1
CTTCGCCCATAGAAAT,1
CTTCGCCGTCAAATTA,1
CTTCGCGCTGACCATC,1
CTTCGCGCTTACCATT,1
CTTCGCGGAAAAAGTT,1
CTTCGCGGACCCCGGA,1
CTTCGCGGTACATGAG,1
CTTCGCGGTACCTGAA,1
CTTCGCGGTACCTTAG,1
CTTCGCGTGATCCACA,1
CTTCGCTAATTAGGCA,1
CTTCGCTACTTTAGCA,1
CTTCGCTATATTAGAC,1
CTTCGCTATTAATAAC,1
CTTCGCTCACGGCTTG,1
CTTCGCTCTGACCATT,1
CTTCGCTGTACCTGAG,1
CTTCGGAAGCTTTATA,1
CTTCGGAAGGGATCTT,1
CTTCGGACACTTAACG,1
CTTCGGATCGTTGCCG,1
CTTCGGCAGCTAGACA,1
CTTCGGCCACTTGGTT,1
CTTCGGGTTAGGAAAT,1
CTTCGGGTTATGAAAG,1
CTTCGGTATTACTACC,1
CTTCGGTATTCATACC,1
CTTCGGTATTCCTACA,1
CTTCGGTATTCGTACC,1
CTTCGGTTTAGGAAAG,1
CTTCGTAAAAATCACC,1
CTTCGTAACAACCACC,1
CTTCGTAACAATCACA,1
CTTCGTAACAATCACG,1
CTTCGTACGATTGAGT,1
CTTCGTACTATGGAGT,1
CTTCGTAGACAGGACA,1
CTTCGTATAAATTTAA,1
CTTCGTCAATGCAGAA,1
CTTCGTCACTATCATT,1
CTTCGTCACTATCCCT,1
CTTCGTCGACCCCGGA,1
CTTCGTGAACCCGTGA,1
CTTCGTGAGACCAGGT,1
CTTCGTGCCTCTCCTA,1
CTTCGTGGAACCCGGA,1
CTTCGTGGACAAGACA,1
CTTCGTGGACACCGGA,1
CTTCGTGGACCACGGA,1
CTTCGTGGACGCCGGA,1
CTTCGTGTACCCCGGA,1
CTTCGTTCATGAAGAA,1
CTTCGTTGACCCCGGA,1
CTTCGTTTACACAAAG,1
CTTCGTTTATATACAC,1
CTTCTAAAACGTTGTT,1
CTTCTACAATGATCCG,1
CTTCTACACTGATCCC,1
CTTCTACCCCAGCTGA,1
CTTCTACTAGTAAACT,1
CTTCTACTATCTAGGT,1
CTTCTACTTAACAGAA,1
CTTCTACTTATGTTGA,1
CTTCTAGACGCGCTGC,1
CTTCTAGATAAATCAA,1
CTTCTAGCCAACGTCA,1
CTTCTAGGACGAAGCT,1
CTTCTATAGAGCAACC,1
CTTCTCAAAATCATTG,1
CTTCTCAAGATACTAC,1
CTTCTCCAAATCACTG,1
CTTCTCCAAGTCATTG,1
CTTCTCCGACTTAGAT,1
CTTCTCCGGCTTGAAC,1
CTTCTCCTAATACCGT,1
CTTCTCGAATCTAATG,1
CTTCTCTGACAGGTTA,1
CTTCTGACGAATGAAC,1
CTTCTGATAGATAACA,1
CTTCTGCACCCAATAA,1
CTTCTGCACTGATCCG,1
CTTCTGCCTTGTAAGC,1
CTTCTGGAAAAAAAAT,1
CTTCTGGATTGCCGCC,1
CTTCTGTAGAATAGCA,1
CTTCTGTCCCTATCTG,1
CTTCTGTGGATAAAAA,1
CTTCTGTTAAACTTTC,1
CTTCTTAAAGTGGATG,1
CTTCTTAACAATCACC,1
CTTCTTAACGCAGTGG,1
CTTCTTAAGGCGAACT,1
CTTCTTAATAAATGAA,1
CTTCTTAATACAGTGA,1
CTTCTTAATGAGAACT,1
CTTCTTAATGCGAGCT,1
CTTCTTAATGCTATGA,1
CTTCTTAATGCTCTAA,1
CTTCTTAATGCTCTTA,1
CTTCTTAATTCTCTGA,1
CTTCTTACGATGGAGT,1
CTTCTTAGTGCTCTGA,1
CTTCTTATAAATAACT,1
CTTCTTATAATCTTAA,1
CTTCTTATAGAAATCG,1
CTTCTTATTAAAACAG,1
CTTCTTCAATAGCAAA,1
CTTCTTCAATAGCCAG,1
CTTCTTCAATGGCCAA,1
CTTCTTCACGAATAAA,1
CTTCTTCAGACTGGGA,1
CTTCTTCAGTAAGATT,1
CTTCTTCGATAGCCAA,1
CTTCTTCTATACGTCT,1
CTTCTTCTTAAAACAT,1
CTTCTTCTTTAAACAG,1
CTTCTTGCCATAGAAA,1
CTTCTTTAGCTCATTC,1
CTTCTTTGTCATATCT,1
CTTCTTTTAAGGAAAC,1
CTTGAAAAAAAGCGGC,1
CTTGAAAAAACGAGGC,1
CTTGAAAAAACGCGGG,1
CTTGAAAAAACGCTGC,1
CTTGAAAAAATGCGGC,1
CTTGAAAACTCCCACG,1
CTTGAAAAGTCCCAAG,1
CTTGAAAAGTCCCACT,1
CTTGAAAAGTCCCGCG,1
CTTGAAAAGTCCCTCG,1
CTTGAAAAGTCCTACG,1
CTTGAAAATTCCCACG,1
CTTGAAAATTGTCTAT,1
CTTGAAACACACACTA,1
CTTGAAACAGACTCGT,1
CTTGAAAGAAACAAAA,1
CTTGAAAGAACGCGGC,1
CTTGAAAGAGGAACCT,1
CTTGAAAGGTCCCACG,1
CTTGAAAGTCTCGTAA,1
CTTGAAATAGTATAAC,1
CTTGAAATTATATAGT,1
CTTGAACCCTTATAAC,1
CTTGAACCTAAAGGAA,1
CTTGAACCTAACTGAA,1
CTTGAACCTGCTTATG,1
CTTGAACGAGGAACAT,1
CTTGAACGAGGAACTT,1
CTTGAACGCACTACTT,1
CTTGAACGTATAGTAC,1
CTTGAACTAGGAACCT,1
CTTGAACTATGAATCC,1
CTTGAAGAAACTAAAG,1
CTTGAAGAAGCTACAG,1
CTTGAAGAAGGTAAAG,1
CTTGAAGAATCCAGAG,1
CTTGAAGATTATCTAT,1
CTTGAAGATTGTCCAT,1
CTTGAAGCTCAGCATG,1
CTTGAAGGAGGAACCT,1
CTTGAAGGATGAGTAT,1
CTTGAAGTCAACGCAT,1
CTTGAATACAATGTTA,1
CTTGAATCAGGGCTTT,1
CTTGAATCCGTCCGGC,1
CTTGAATCGCCTAGGA,1
CTTGAATTAAACGTCA,1
CTTGACAAGACAAGAA,1
CTTGACAATAGTCACC,1
CTTGACACTAACCTAC,1
CTTGACACTGGTAGCC,1
CTTGACAGCCGAGAAT,1
CTTGACAGGCTCGTAA,1
CTTGACATAACAGCAA,1
CTTGACATACCAGCAT,1
CTTGACATACCAGTAA,1
CTTGACATGCTAACTA,1
CTTGACCTTTTTTATA,1
CTTGACGAATCTGTCA,1
CTTGACGAGTCCGTGA,1
CTTGACGAGTCTGTTA,1
CTTGACGAGTCTTTGA,1
CTTGACGGACGAGCTA,1
CTTGACGTAAAAACTG,1
CTTGACGTAACAAATG,1
CTTGACGTGGTACATC,1
CTTGACTAAAATAAAA,1
CTTGACTGGACTTACG,1
CTTGAGAAACATTCAC,1
CTTGAGAACTTGACAG,1
CTTGAGAAGTCCCACG,1
CTTGAGACTATCACGG,1
CTTGAGAGGACAAACA,1
CTTGAGAGTACCAGAA,1
CTTGAGATAAAAACTA,1
CTTGAGATACTATAAC,1
CTTGAGATTCTGAGCT,1
CTTGAGATTTAACCTC,1
CTTGAGCCCTTCCGAA,1
CTTGAGCGAGGAACCT,1
CTTGAGGAGTCTGTGA,1
CTTGAGGATAGACAAT,1
CTTGAGTAACAAAGAT,1
CTTGAGTGCGTCTTTA,1
CTTGAGTTCGTTCAGG,1
CTTGATAATTGAACTG,1
CTTGATACTTGAACCG,1
CTTGATACTTGAACTA,1
CTTGATACTTGAGCTG,1
CTTGATACTTGGACTG,1
CTTGATACTTTAACTG,1
CTTGATAGGAAAAATT,1
CTTGATATGTTCTATT,1
CTTGATCACTGTATAT,1
CTTGATCACTTAAGTA,1
CTTGATCAGAAAAATG,1
CTTGATCGGAAAAAAG,1
CTTGATCGGAAAAGTG,1
CTTGATCGTAAAAATG,1
CTTGATCTGAAAAATG,1
CTTGATGGTGATATAT,1
CTTGATTACAATACAC,1
CTTGATTAGAAGACAC,1
CTTGATTCCTTAATTA,1
CTTGATTTAAACAAGA,1
CTTGATTTATCAAAAT,1
CTTGATTTCTTGAAAG,1
CTTGCAAAAGAAGACT,1
CTTGCAAAAGAATATT,1
CTTGCAAAGTTATAGC,1
CTTGCAAGAATTCCTG,1
CTTGCAATATGGTTCC,1
CTTGCAATGATTCAGC,1
CTTGCAATGTAAGGCG,1
CTTGCAATTCGGACCA,1
CTTGCACAAATTGAAG,1
CTTGCACACTCATTAA,1
CTTGCACATCGTTATA,1
CTTGCACCCTTGAAAA,1
CTTGCACTAATAAAGT,1
CTTGCAGATACATTTC,1
CTTGCAGCAAACGTAA,1
CTTGCAGTGACAAGAT,1
CTTGCATAAATAACTA,1
CTTGCATAAGAAGATT,1
CTTGCATAGATAACCA,1
CTTGCATAGATAACTT,1
CTTGCATAGATGACTA,1
CTTGCATAGATTACTA,1
CTTGCATAGTCGAGAG,1
CTTGCATCCATCCGGC,1
CTTGCATCCCACAGCG,1
CTTGCATCCGTCAGGC,1
CTTGCATCCGTCCGCC,1
CTTGCATCCTAAAGCG,1
CTTGCATCCTACAGAG,1
CTTGCATCCTACAGCC,1
CTTGCATCCTACATCG,1
CTTGCATCTGGCTCTT,1
CTTGCATCTGGGTCTA,1
CTTGCATCTGTCTCTA,1
CTTGCATGTGGCTCTA,1
CTTGCATTCCCACTAA,1
CTTGCCAACTATTGTG,1
CTTGCCAGGGAAGCCT,1
CTTGCCATAATAACCT,1
CTTGCCATACCGAGAT,1
CTTGCCCACCCTACAC,1
CTTGCCCGCTCGAACT,1
CTTGCCCTTTAAGAAC,1
CTTGCCGTGTTAAAAA,1
CTTGCCTACCTACACA,1
CTTGCCTTGAATCATG,1
CTTGCGAACTCGACAG,1
CTTGCGAACTTGAGAG,1
CTTGCGACATGTGAAA,1
CTTGCGAGGTGTACCA,1
CTTGCGAGGTGTTCCA,1
CTTGCGATGATTCACC,1
CTTGCGATGATTCATC,1
CTTGCGATGATTCGGC,1
CTTGCGATGATTTAGC,1
CTTGCGCCGAGAGGCC,1
CTTGCGCTCCGCAGCA,1
CTTGCGCTCCTCAGCC,1
CTTGCGGCATATTTCG,1
CTTGCGTAGATAACTA,1
CTTGCGTCCGTCCGGC,1
CTTGCGTCCTACAGCG,1
CTTGCTACATCAACTT,1
CTTGCTCAAATGACTC,1
CTTGCTGCATTCACCC,1
CTTGGAAAAAATCTGA,1
CTTGGAAATTATAGTA,1
CTTGGAACACACTGGG,1
CTTGGAGAGGTGTACG,1
CTTGGAGCGCGAGCCA,1
CTTGGATCGAGCGTTC,1
CTTGGATTAACATACT,1
CTTGGATTGAAAAACT,1
CTTGGCATTTAGGACT,1
CTTGGCCCCCCCAACA,1
CTTGGCCCCTTAAATC,1
CTTGGCCCTTGAACCT,1
CTTGGCGCTGACCATT,1
CTTGGCGTGACCACAC,1
CTTGGCGTGCCCACAT,1
CTTGGCTGTCCCCTCC,1
CTTGGCTGTCTGTCAG,1
CTTGGGACACAATCAG,1
CTTGGGAGGATTACCC,1
CTTGGGATAGTAGGGT,1
CTTGGGCATGTAAAGT,1
CTTGGGCGATTGAAAT,1
CTTGGGGGAATTACCC,1
CTTGGGTCAAAACGGT,1
CTTGGTACTATATTAA,1
CTTGGTAGAATTACCC,1
CTTGGTCCGAGTGACA,1
CTTGGTCTAACAGAAT,1
CTTGGTGCTGAAAGGT,1
CTTGGTTAAACCACGA,1
CTTGGTTGCTGGAACA,1
CTTGTAAACACCTAAC,1
CTTGTAAAGATAGTAA,1
CTTGTAAAGTCCCACG,1
CTTGTAAGGGATTAAT,1
CTTGTAATAATGCCTC,1
CTTGTAATAATGCTTT,1
CTTGTAATAATTCCTT,1
CTTGTAATATAAGGCG,1
CTTGTAATGCAAGGCG,1
CTTGTAATGTAACGCG,1
CTTGTAATGTACGGCG,1
CTTGTAATGTATGGCG,1
CTTGTAATGTGAGGCG,1
CTTGTAATTTAAGGCG,1
CTTGTACAAATAGTAA,1
CTTGTACGCAACCGAT,1
CTTGTAGCGTGAGTCA,1
CTTGTAGTACCGCCCT,1
CTTGTATATAAAGTGG,1
CTTGTATATACAATGG,1
CTTGTATATACAGCGG,1
CTTGTATATACAGTGA,1
CTTGTATATAGAGTGG,1
CTTGTATCCTACAGCG,1
CTTGTATGCCCACTAA,1
CTTGTATGGTATCAAT,1
CTTGTCAGTTTCTGTT,1
CTTGTCATACCGCCCT,1
CTTGTCATACCTGAAA,1
CTTGTCATGAACCGTG,1
CTTGTCATGTCGTACT,1
CTTGTCATTCATTCGT,1
CTTGTCATTCGTTAGT,1
CTTGTCCCAACTACTA,1
CTTGTCCGTCAGGAAT,1
CTTGTCGGACCTGAAA,1
CTTGTCTCTACTGCCC,1
CTTGTCTGTTAGTACA,1
CTTGTCTTAAAGTCAG,1
CTTGTGAAAAAGGGAC,1
CTTGTGAATGGGGATG,1
CTTGTGAGGTGTCCCA,1
CTTGTGATAAAAAATG,1
CTTGTGTACGATAGCA,1
CTTGTTAGCACGTAAA,1
CTTGTTATAATGCCTT,1
CTTGTTATACTCCACT,1
CTTGTTATGCGATCAC,1
CTTGTTCACCTTTCTT,1
CTTGTTCTAAGCAAAG,1
CTTGTTCTACCCCACT,1
CTTGTTCTACTCCATT,1
CTTGTTCTATTTAGTC,1
CTTGTTCTCAACAAAG,1
CTTGTTCTCAGAAAAG,1
CTTGTTGCACAACTAA,1
CTTGTTGTCGAACGAC,1
CTTGTTGTTGAAAGAC,1
CTTGTTGTTGAACGAA,1
CTTGTTGTTGAATGAC,1
CTTGTTGTTTAACGAC,1
CTTGTTTAGCACTATC,1
CTTGTTTTCAGCAAAG,1
CTTTAAAAGTGAGTAT,1
CTTTAAAATACCAAGG,1
CTTTAAAATCACTCAG,1
CTTTAAACCATGTAAT,1
CTTTAAACTAGTAATA,1
CTTTAAAGACCACAAT,1
CTTTAAAGAGTAGAGG,1
CTTTAACACCGAACAA,1
CTTTAACGACATCGGT,1
CTTTAACGCACCGTGA,1
CTTTAACTAAATAAGC,1
CTTTAACTAACACCAA,1
CTTTAAGAAGCTAAAG,1
CTTTAAGACCGCTTTA,1
CTTTAAGACTGCCCAT,1
CTTTAAGTAAATCCTT,1
CTTTAAGTCCAAAATA,1
CTTTAAGTCCTGGAAA,1
CTTTAAGTGAAGCTTT,1
CTTTAAGTGGGTGCAA,1
CTTTAAGTGGGTTCTA,1
CTTTAATACATCCCCC,1
CTTTAATACTCCCCCC,1
CTTTAATAGATACAGC,1
CTTTAATAGATACAGT,1
CTTTAATATCACAATA,1
CTTTAATCGTGACCGA,1
CTTTAATCTTACTTCT,1
CTTTAATGAAATCAAT,1
CTTTAATGACATCGAT,1
CTTTAATGACATTAAT,1
CTTTAATGACTTCAAT,1
CTTTAATGATATCAAT,1
CTTTAATTACATCAAT,1
CTTTACAACTAGGGTC,1
CTTTACAAGGACGATG,1
CTTTACACAAATCAAA,1
CTTTACACACCAGAAT,1
CTTTACATACTAAAAT,1
CTTTACATCCCGATCT,1
CTTTACCAAATGACCC,1
CTTTACCAGTTAAGCC,1
CTTTACCATGATTATG,1
CTTTACCCACCATAAT,1
CTTTACCCCTTTAGAC,1
CTTTACCCGAGGCCGG,1
CTTTACCTAGAAATAT,1
CTTTACCTCTTGCAAA,1
CTTTACGAATCGTAAA,1
CTTTACGGATAGAACC,1
CTTTACTAACGTTATC,1
CTTTACTAACTAGGTT,1
CTTTACTACTGCCCTG,1
CTTTACTCGGGGAATA,1
CTTTACTGCGCAGGAA,1
CTTTAGAATAAGCAAT,1
CTTTAGACTACATTAG,1
CTTTAGAGTGGCTAAA,1
CTTTAGCAAGTTTCAG,1
CTTTAGCACACTTCAT,1
CTTTAGCAGCTAGACA,1
CTTTAGCCGAGGACGG,1
CTTTAGCCGAGGCCTG,1
CTTTAGCCGAGGTCGG,1
CTTTAGGATAACTACT,1
CTTTAGGTAATCACCA,1
CTTTAGGTATGCTGTT,1
CTTTAGTGAATCACCA,1
CTTTAGTGTTGACCGA,1
CTTTATAAACTCTTAT,1
CTTTATAATACTATCA,1
CTTTATACAACTTGTA,1
CTTTATACTAGGAATA,1
CTTTATACTTGAACTG,1
CTTTATACTTGACATA,1
CTTTATAGCCACTCCG,1
CTTTATATGCTAGAGG,1
CTTTATATGTCACCGG,1
CTTTATCAGGATATCT,1
CTTTATCAGGGGCAGC,1
CTTTATCATCGCACAA,1
CTTTATCCGAGGCCGG,1
CTTTATCCGTGACATA,1
CTTTATCCTTGACATG,1
CTTTATCCTTTAAATT,1
CTTTATCGAAAATACT,1
CTTTATCGCTCCGATT,1
CTTTATCTCAATCCAC,1
CTTTATGTAAGTGCAG,1
CTTTATGTATGTGCAC,1
CTTTATGTATTTGCAG,1
CTTTATGTTGTTTACA,1
CTTTATTAAAACAACG,1
CTTTATTAAAGATATT,1
CTTTATTAATACAAAG,1
CTTTATTAGATTGGTC,1
CTTTATTCCTCCGCCA,1
CTTTATTGCTAAGAAT,1
CTTTATTTCAACCCAC,1
CTTTATTTCAATCAAC,1
CTTTATTTCGAGATTA,1
CTTTATTTTTAGAGTA,1
CTTTCAAAGAATGGCA,1
CTTTCAAAGCATGCCA,1
CTTTCAAAGCATGGCT,1
CTTTCAAAGCATGTCA,1
CTTTCAAATTGGCGAG,1
CTTTCAACAAACGTAG,1
CTTTCAACCACACCTC,1
CTTTCAAGCTCGAAGT,1
CTTTCAAGCTGCACCA,1
CTTTCAAGGAGCAGCC,1
CTTTCAAGGATTCATA,1
CTTTCAAGGCATGGCA,1
CTTTCAATGACGCACC,1
CTTTCACCAGAACCAT,1
CTTTCACGGCGTGACG,1
CTTTCAGAAACGGAGG,1
CTTTCAGAACGACGGG,1
CTTTCAGAAGCAATAT,1
CTTTCAGAGTTACGGC,1
CTTTCAGATGCAAATA,1
CTTTCAGCCAAGCTAG,1
CTTTCAGGACTGTACC,1
CTTTCATAACTCTAAT,1
CTTTCATAGCTCTCAT,1
CTTTCATATAAAACTT,1
CTTTCATATTGAAACG,1
CTTTCATCAAACAATC,1
CTTTCATCACACCTAA,1
CTTTCATCTTAAAACC,1
CTTTCATGGAGCGGCC,1
CTTTCATTTATGACCA,1
CTTTCATTTCATCTGT,1
CTTTCCAGCTAGAAGT,1
CTTTCCAGCTCGACGT,1
CTTTCCAGCTCGATCT,1
CTTTCCATAAACCCAA,1
CTTTCCATACCTCTAG,1
CTTTCCATCCATAGCT,1
CTTTCCATCTATAGAC,1
CTTTCCATCTCGAAGT,1
CTTTCCATCTTAGATG,1
CTTTCCCAATGACCAA,1
CTTTCCCCGGGTCAAC,1
CTTTCCCCGGTTCAAG,1
CTTTCCCGGGGTCAAG,1
CTTTCCCTAACCACCC,1
CTTTCCCTTGGTCAAG,1
CTTTCCGATGGGATAA,1
CTTTCCTGAGCAGGAA,1
CTTTCGACATTCGAGC,1
CTTTCGAGAAGAGCTG,1
CTTTCGAGCTCGAAGT,1
CTTTCGATAAGAGCAA,1
CTTTCGATACCTAAAC,1
CTTTCGATCTTATAAG,1
CTTTCGCACACAATGA,1
CTTTCGCCCTGAAGAC,1
CTTTCGCCCTTGGACA,1
CTTTCGCGAATAGCTG,1
CTTTCGCGCTGTCGAC,1
CTTTCGGAACCGTGTC,1
CTTTCGGAACTGCGTC,1
CTTTCGGAACTGTGCC,1
CTTTCGGAACTGTTTC,1
CTTTCGGAACTTTGTC,1
CTTTCGGAATTGTGTC,1
CTTTCGGGACTGTGTC,1
CTTTCGGTACTGTGTC,1
CTTTCGTAACTCTCAT,1
CTTTCGTAATGGTCAT,1
CTTTCGTCTAGTAAAC,1
CTTTCGTGAGGTCCGA,1
CTTTCGTTGAGCAATT,1
CTTTCGTTTCATCTGA,1
CTTTCTAAAGATTGTA,1
CTTTCTAGTACAAGCA,1
CTTTCTATAGGTCGTA,1
CTTTCTCAAACCTCCC,1
CTTTCTCATAGACCTT,1
CTTTCTCCAAGGAAAA,1
CTTTCTCCCCTCACAA,1
CTTTCTCCGCGTGTAC,1
CTTTCTCGCGACCCAA,1
CTTTCTCTAGGTAGTA,1
CTTTCTCTAGGTCGTT,1
CTTTCTGAGCACAAGT,1
CTTTCTGCAAGAACAT,1
CTTTCTGCCAATTTCG,1
CTTTCTGGATATACGC,1
CTTTCTTAAAAAGACC,1
CTTTCTTCTTGAAGAG,1
CTTTGAAATATAATGC,1
CTTTGAAATATACTTC,1
CTTTGAACACAAACAA,1
CTTTGAACCACTATCC,1
CTTTGAAGCGCAACTA,1
CTTTGAATTATGAGCG,1
CTTTGACCGCATCTTT,1
CTTTGACCTGATATAA,1
CTTTGACTATATTGAA,1
CTTTGACTCGGTAGCT,1
CTTTGACTGCATTGAA,1
CTTTGACTGTATTTAA,1
CTTTGACTTTATTGAA,1
CTTTGAGATTTGCAAT,1
CTTTGAGGGGGCAGCC,1
CTTTGAGTACGAACAA,1
CTTTGAGTCGGCAGCC,1
CTTTGATAAAACTGCA,1
CTTTGATAAAATACCA,1
CTTTGATAATGAACAG,1
CTTTGATCGAACCGAA,1
CTTTGATCGAACTGAG,1
CTTTGATCTAAGAACA,1
CTTTGATGACATCAAT,1
CTTTGATGCGGCAGCC,1
CTTTGATTGAAAAACA,1
CTTTGATTGAACTGAA,1
CTTTGATTTTGACCCG,1
CTTTGCAAAATACCGA,1
CTTTGCATAATTGTGC,1
CTTTGCCAACTACATG,1
CTTTGCCACGAAAAAC,1
CTTTGCCATGATTATT,1
CTTTGCCTCGTAACAC,1
CTTTGCCTGGCAACAC,1
CTTTGCCTGGTGACAC,1
CTTTGCCTTGTAACAC,1
CTTTGCGGGTCATTAA,1
CTTTGCGTACTAACAA,1
CTTTGCTAATAGAATA,1
CTTTGCTTTAACCGAA,1
CTTTGGAAAGCGTGAA,1
CTTTGGAACACTTCAT,1
CTTTGGACAAATAGTA,1
CTTTGGACACATATTA,1
CTTTGGACACCAGCAA,1
CTTTGGATGTATTAAG,1
CTTTGGCAAACTTCAT,1
CTTTGGCACACTCCAT,1
CTTTGGCACACTTAAT,1
CTTTGGCAGCTGAACT,1
CTTTGGCCACATTTTA,1
CTTTGGCGACATATAG,1
CTTTGGCGCGACCCAA,1
CTTTGGCGCTACCTAA,1
CTTTGGCTCTACATAT,1
CTTTGGCTGGTAACAC,1
CTTTGGTATTAACATA,1
CTTTGGTCCCCAAGTG,1
CTTTGTAAAACATGAT,1
CTTTGTAAACTGTACG,1
CTTTGTAAATAATAGG,1
CTTTGTAAGCCATGAT,1
CTTTGTACACATAGTA,1
CTTTGTACTCCCATCA,1
CTTTGTAGCCATTTGT,1
CTTTGTATGTCTTAAG,1
CTTTGTCAATGGCTTA,1
CTTTGTCACACTTCAT,1
CTTTGTCAGTGGGAAA,1
CTTTGTCATCCTAAAA,1
CTTTGTCCGAGTGACT,1
CTTTGTCGACATATAA,1
CTTTGTCTAGGCTCGA,1
CTTTGTGAAAAGATAA,1
CTTTGTGAACGTTACT,1
CTTTGTTACTGTACCG,1
CTTTGTTCCTTAATTA,1
CTTTGTTGAGCAGTGA,1
CTTTGTTTAGAGATTA,1
CTTTGTTTGGAGATTA,1
CTTTGTTTTAACCGAA,1
CTTTGTTTTCTTAGTA,1
CTTTTAAATTTACACC,1
CTTTTAACAAGTAATG,1
CTTTTAACGAGTAATC,1
CTTTTAACGAGTCACA,1
CTTTTAACGGGTAATG,1
CTTTTAAGCCGCACCA,1
CTTTTAAGCGAGGGCC,1
CTTTTAAGCGTGCAAG,1
CTTTTAAGCTGCATCA,1
CTTTTACAACAATTAA,1
CTTTTACACTCCATTG,1
CTTTTACAGCAAGTAA,1
CTTTTACTAAATTTAT,1
CTTTTACTGTATTGAA,1
CTTTTAGAACGACTGG,1
CTTTTAGAACGAGGGG,1
CTTTTAGAGCGACGGG,1
CTTTTAGATGGGACAA,1
CTTTTAGCGACAGAAG,1
CTTTTAGCTAAATACA,1
CTTTTAGGATAATTCC,1
CTTTTATACTTGAGCA,1
CTTTTATCCCATAAAT,1
CTTTTATGCCAACTAA,1
CTTTTCAAAAAAAACG,1
CTTTTCAAACAAGGCC,1
CTTTTCAAAGAACAAT,1
CTTTTCAAAGGTTGCA,1
CTTTTCAAGAGTAGCG,1
CTTTTCAAGAGTCTCG,1
CTTTTCAATAGTCTCG,1
CTTTTCAATTAAACAT,1
CTTTTCAGCAAAGAAT,1
CTTTTCATAGCTCATA,1
CTTTTCATTATAAGAT,1
CTTTTCCAACATATCC,1
CTTTTCCAGCTACACA,1
CTTTTCCCCGTTTATA,1
CTTTTCCGCAAAAGCT,1
CTTTTCCGGAAAAGCG,1
CTTTTCCGTATCGGAA,1
CTTTTCGGTAGTGGAG,1
CTTTTCGTACGAACAA,1
CTTTTCGTACTTATAT,1
CTTTTCTCGTGTGAAA,1
CTTTTCTGAACTGACT,1
CTTTTCTGCCATGCCA,1
CTTTTCTGTAAAGTGA,1
CTTTTGAAAAACCAAA,1
CTTTTGAAGCACAAGA,1
CTTTTGATGTCTTAAG,1
CTTTTGATTTCCAATA,1
CTTTTGCAACACAAAA,1
CTTTTGCACCACCGAA,1
CTTTTGCAGAACAAGA,1
CTTTTGCAGCACAACA,1
CTTTTGCAGCACAAGG,1
CTTTTGCAGCACAATA,1
CTTTTGGATTAGACGC,1
CTTTTGTAACGACACC,1
CTTTTGTAGCGTGGAA,1
CTTTTGTAGGCTCTGT,1
CTTTTGTCAAATTACA,1
CTTTTGTCGAAAAAAT,1
CTTTTGTGACACGTCC,1
CTTTTGTGACACTTTC,1
CTTTTTAAACCATGAT,1
CTTTTTACGTTCGACG,1
CTTTTTAGGAGTACAG,1
CTTTTTCAAGACAAAG,1
CTTTTTCATGACAAAT,1
CTTTTTCATGACGAAG,1
CTTTTTCTACTCCACT,1
CTTTTTCTAGGTCGTA,1
CTTTTTGCGCAGCGTG,1
CTTTTTTCAATTGTCT,1
CTTTTTTCAGCACTAT,1
CTTTTTTCATGAAGAA,1
CTTTTTTTTTGTTGTT,1
GAAAAAAAAAATCCTG,1
GAAAAAAAAACCCGTT,1
GAAAAAAAAAGGAATG,1
GAAAAAAAAATATAAA,1
GAAAAAAAACCTATAG,1
GAAAAAAAAGCGAGCC,1
GAAAAAAACAACCGTT,1
GAAAAAAACAATCACA,1
GAAAAAAACAATGAAC,1
GAAAAAAACACCCGTC,1
GAAAAAAACACCCTTT,1
GAAAAAAAGAATTATA,1
GAAAAAAAGACCCGTT,1
GAAAAAAAGATACTGA,1
GAAAAAAAGCTATCGG,1
GAAAAAAAGGTTGCGA,1
GAAAAAAATACGAAAG,1
GAAAAAAATCCTGAGA,1
GAAAAAACAAGACAAC,1
GAAAAAACAAGCGTGA,1
GAAAAAACACCCGGAT,1
GAAAAAACCCACAATC,1
GAAAAAACGCCATCGG,1
GAAAAAACGCTATCTG,1
GAAAAAACGCTATTGG,1
GAAAAAACTATTATCT,1
GAAAAAACTCTATCGG,1
GAAAAAAGAAAACTGA,1
GAAAAAAGAAATAACC,1
GAAAAAAGAACTGACC,1
GAAAAAAGACGTTTTA,1
GAAAAAAGCCTAAAAG,1
GAAAAAAGGACGAGAG,1
GAAAAAAGGTAATAAC,1
GAAAAAATAACCGTGA,1
GAAAAAATACACAATC,1
GAAAAAATACTCCAAC,1
GAAAAAATATGGGCAC,1
GAAAAAATCATGATGT,1
GAAAAAATTAACGAGG,1
GAAAAAATTAATCTTT,1
GAAAAAATTCCAAAAA,1
GAAAAAATTGGCAAAA,1
GAAAAAATTTAATACT,1
GAAAAACAAATCCAAC,1
GAAAAACAACAACGCA,1
GAAAAACAATGGACCA,1
GAAAAACACTACCCCG,1
GAAAAACATAACGAGG,1
GAAAAACATACCCGCG,1
GAAAAACCAACATGAA,1
GAAAAACCAACGCACA,1
GAAAAACCACATGATC,1
GAAAAACCAGAGGACA,1
GAAAAACCAGCGGAGA,1
GAAAAACCAGCTGACA,1
GAAAAACCTAACAATA,1
GAAAAACGATTTAATA,1
GAAAAACGCCCGAAAC,1
GAAAAACGTACATCTA,1
GAAAAACTAAATATAT,1
GAAAAACTATCAGTCG,1
GAAAAACTCAAACTGC,1
GAAAAACTCCAACAGA,1
GAAAAACTGAACGAGG,1
GAAAAACTGTGCTATA,1
GAAAAACTTAAGATCA,1
GAAAAACTTATTATGG,1
GAAAAACTTCACATTA,1
GAAAAACTTGACGAGG,1
GAAAAAGAAAAAGGAA,1
GAAAAAGAAACCGGGT,1
GAAAAAGAAACCTTCC,1
GAAAAAGAATGATGGA,1
GAAAAAGACACGAATA,1
GAAAAAGACCAACCCC,1
GAAAAAGAGAATTACT,1
GAAAAAGAGACAAGAT,1
GAAAAAGAGATTTTGA,1
GAAAAAGAGTGAGATT,1
GAAAAAGATCTGAGCA,1
GAAAAAGATCTTATTC,1
GAAAAAGCAGTGAGAA,1
GAAAAAGCATGGCTGG,1
GAAAAAGCCTGGATGG,1
GAAAAAGCCTGGCTGT,1
GAAAAAGCCTTTAAAA,1
GAAAAAGCGAATGAAT,1
GAAAAAGCGCATTCAA,1
GAAAAAGCGCATTCTA,1
GAAAAAGGATCGGTAG,1
GAAAAAGGCCTAAGGT,1
GAAAAAGGGTCTCGTG,1
GAAAAAGTAAATGCTA,1
GAAAAAGTACGAATGC,1
GAAAAAGTGCGATAAC,1
GAAAAAGTTAAAGAAG,1
GAAAAAGTTACAGAGG,1
GAAAAAGTTCGATTAC,1
GAAAAAGTTCGGTAAC,1
GAAAAAGTTGCTGCTT,1
GAAAAATAAAAGACCA,1
GAAAAATAACGTCCAC,1
GAAAAATAAGATTCTG,1
GAAAAATAAGCAAATT,1
GAAAAATAATCTGATT,1
GAAAAATACACATGTT,1
GAAAAATACAGCCTAC,1
GAAAAATACGAGTAGC,1
GAAAAATAGAAAATCA,1
GAAAAATAGTCTGACT,1
GAAAAATAGTCTGATA,1
GAAAAATATAAGGATA,1
GAAAAATATTCTGATT,1
GAAAAATATTTTCATG,1
GAAAAATCAGGGAACA,1
GAAAAATCCACTAGTA,1
GAAAAATGACATGTAA,1
GAAAAATGATATCTAC,1
GAAAAATGATGGTCAA,1
GAAAAATGCGAAGCAG,1
GAAAAATGCTCTTGAA,1
GAAAAATGCTTTACAG,1
GAAAAATGGTCTGATT,1
GAAAAATGTGAAAAAT,1
GAAAAATGTGACAAGA,1
GAAAAATTAAGCAAAG,1
GAAAAATTACAACCTT,1
GAAAAATTCAAAGACA,1
GAAAAATTCTCCTTCA,1
GAAAAATTGGCCCAAT,1
GAAAAATTGTCCCTAT,1
GAAAAATTTCACAGTA,1
GAAAACAAAAAATAAT,1
GAAAACAAAAATCATG,1
GAAAACAAAAGAGCCG,1
GAAAACAAACAACAAT,1
GAAAACAAACAATGAT,1
GAAAACAACAGAGCAG,1
GAAAACAAGAAGTCTA,1
GAAAACAAGATATAAA,1
GAAAACACAAAAAATC,1
GAAAACACACAACAAC,1
GAAAACACAGTATTAG,1
GAAAACACGCAACAAT,1
GAAAACACGCAGGGGA,1
GAAAACACGCCTGGAG,1
GAAAACAGAACGGTCT,1
GAAAACAGAATATAAA,1
GAAAACAGAATCACGC,1
GAAAACAGACAACAAT,1
GAAAACAGTACCGATA,1
GAAAACATAAAAGGAG,1
GAAAACATACGACTAT,1
GAAAACATAGAAGGAA,1
GAAAACATCCTACGAA,1
GAAAACATGGGCATAT,1
GAAAACATGGTAAGCC,1
GAAAACATTAATACCG,1
GAAAACATTACCCTAT,1
GAAAACATTAGCATAT,1
GAAAACATTTCCTGCA,1
GAAAACCAAAGACCGG,1
GAAAACCACATGCAAC,1
GAAAACCCAATGCTTC,1
GAAAACCCGACTGGAG,1
GAAAACCCGCATGGAG,1
GAAAACCCGCCAGGAG,1
GAAAACCCGCCCAAAC,1
GAAAACCCGCCCTGAG,1
GAAAACCCGCCTCGAG,1
GAAAACCCGCCTGAAA,1
GAAAACCCGCCTGGGG,1
GAAAACCCGCCTTGAG,1
GAAAACCCTCCTGGAG,1
GAAAACCGCCCTACAA,1
GAAAACCGGCTTCCCA,1
GAAAACCGGTTTCCGA,1
GAAAACCGTTCGCCTT,1
GAAAACCTCAAATTAA,1
GAAAACCTCCTTACAC,1
GAAAACCTGCACATGA,1
GAAAACCTTAACGAGG,1
GAAAACCTTATTATGT,1
GAAAACCTTGAAACAT,1
GAAAACGAAAACGGGT,1
GAAAACGAAAAGTAAC,1
GAAAACGAATCCCCAA,1
GAAAACGAGGCAAGAT,1
GAAAACGCAACTGCTG,1
GAAAACGCACGCCCAA,1
GAAAACGGACTAAGGT,1
GAAAACGGATCAAAAA,1
GAAAACGGCCCTAGGT,1
GAAAACGGCGTGAAAG,1
GAAAACGGGCTAAGGT,1
GAAAACGGTCTAAGGT,1
GAAAACGTGTTTTAAA,1
GAAAACGTTAAGACAT,1
GAAAACGTTACAACGA,1
GAAAACTAACCACCAA,1
GAAAACTAACCATAAG,1
GAAAACTACAGAGCAG,1
GAAAACTACAGGCAAA,1
GAAAACTACCAAAGTC,1
GAAAACTACGCGCAGA,1
GAAAACTAGACAAGAT,1
GAAAACTATAACCATA,1
GAAAACTATAAGGTTA,1
GAAAACTCAAACTACA,1
GAAAACTCAAACTACT,1
GAAAACTCTAAGCATA,1
GAAAACTCTATCATGC,1
GAAAACTCTATCATTA,1
GAAAACTGAGCCTTTC,1
GAAAACTGCTTTAAAG,1
GAAAACTTACTCTCTA,1
GAAAACTTCTTGTGTT,1
GAAAAGAACCTTGCAC,1
GAAAAGAACTTAGATG,1
GAAAAGAAGAATTTAG,1
GAAAAGAAGATAAATT,1
GAAAAGAATGTACATA,1
GAAAAGACCCGTGTTT,1
GAAAAGAGATTGCCAG,1
GAAAAGAGGAATTTAG,1
GAAAAGAGGCGAAAAC,1
GAAAAGAGGGGAAAAT,1
GAAAAGAGTCGAAAAA,1
GAAAAGATAGACGGCC,1
GAAAAGATATAGCCAC,1
GAAAAGCAACTCTAAT,1
GAAAAGCAGAAATTTC,1
GAAAAGCAGAAATTTT,1
GAAAAGCCAACATCGC,1
GAAAAGCCCAAAAACT,1
GAAAAGCCTATCACGT,1
GAAAAGCCTCTCAGTT,1
GAAAAGCGATTTAACA,1
GAAAAGCTACATTTTC,1
GAAAAGCTAGCATTAA,1
GAAAAGCTCCCTTATG,1
GAAAAGCTCTGCTATA,1
GAAAAGCTGTGATATA,1
GAAAAGCTTTTATTAT,1
GAAAAGGCATAAAAAC,1
GAAAAGGGAGCCAAAG,1
GAAAAGGGATTCTATC,1
GAAAAGGTACGAATTC,1
GAAAAGGTGTGCTATA,1
GAAAAGTAATGAAAAC,1
GAAAAGTACAGCCCGT,1
GAAAAGTACCGCCTTC,1
GAAAAGTAGCCAGCCC,1
GAAAAGTATCCTCCCT,1
GAAAAGTTATTCACAT,1
GAAAAGTTGTGCTATA,1
GAAAAGTTTCTGTAGT,1
GAAAATAAAGATGAGC,1
GAAAATAAAGCTGAAC,1
GAAAATAAATCTTATA,1
GAAAATAAGACTGGAC,1
GAAAATAAGATAATCA,1
GAAAATAAGATATGTC,1
GAAAATAATAGTTTGA,1
GAAAATAATTTTCTTA,1
GAAAATACCAATATAA,1
GAAAATACGAGTCCGG,1
GAAAATACGCGAGGTA,1
GAAAATACTTTAGGAG,1
GAAAATAGAAAGCAGG,1
GAAAATAGACAGCACG,1
GAAAATAGATAACTCA,1
GAAAATAGTTTAAAAA,1
GAAAATATACAACTAT,1
GAAAATATTTGTAGTG,1
GAAAATCAATACGTCT,1
GAAAATCACCTAGGAC,1
GAAAATCAGAAATTTG,1
GAAAATCAGCTTAATA,1
GAAAATCAGGATATTC,1
GAAAATCAGTCTTATA,1
GAAAATCATACAACGC,1
GAAAATCCAACGTAAT,1
GAAAATCCCCACAGAA,1
GAAAATCCGCATCATC,1
GAAAATCCTCAAAAGA,1
GAAAATCCTCAAGACC,1
GAAAATCCTCATAGAA,1
GAAAATCCTCATCCTC,1
GAAAATCCTGGTACTA,1
GAAAATCCTGTCTTAG,1
GAAAATCGCACGGCAC,1
GAAAATCGTTCCAGAG,1
GAAAATCGTTTCGGAG,1
GAAAATCTAATACCAA,1
GAAAATCTACAAGACC,1
GAAAATCTACTAGTAG,1
GAAAATCTATTATAAT,1
GAAAATCTGAAAAACA,1
GAAAATCTGTGCTATA,1
GAAAATCTTTATTAAT,1
GAAAATGATAGATGAC,1
GAAAATGCAAGGTTAA,1
GAAAATGCACGCAACA,1
GAAAATGCATAAAAAT,1
GAAAATGCCTGTTAAT,1
GAAAATGCTACCAATT,1
GAAAATGCTGCACCAA,1
GAAAATGGAATAATAT,1
GAAAATGGCATGGCAC,1
GAAAATGGTTCGTCTC,1
GAAAATGTAAGCAAAT,1
GAAAATGTAATAATAC,1
GAAAATGTATATCACC,1
GAAAATGTATATTACT,1
GAAAATGTGACTAAAG,1
GAAAATGTGGACCCAG,1
GAAAATGTGGACCTAA,1
GAAAATGTGTATCAAC,1
GAAAATGTTTCGTCTT,1
GAAAATTAAACCAACA,1
GAAAATTAAGCCACAG,1
GAAAATTAAGGTAGCA,1
GAAAATTAATATTCAG,1
GAAAATTAATTATAAA,1
GAAAATTACAGCATCT,1
GAAAATTACGACACAG,1
GAAAATTAGACCAACA,1
GAAAATTATCACCCTA,1
GAAAATTATGGTAGAA,1
GAAAATTCAAGCTGAA,1
GAAAATTCAATTTGAA,1
GAAAATTCACTACAGT,1
GAAAATTCATTAGGTA,1
GAAAATTCCCATACTC,1
GAAAATTCGGGTCATG,1
GAAAATTCTTGTAAAA,1
GAAAATTGAGTTAAAC,1
GAAAATTGATACAAAG,1
GAAAATTGCCCTGAAA,1
GAAAATTGGTACCCTA,1
GAAAATTGTCAACCTA,1
GAAAATTGTCACTCTA,1
GAAAATTTAAAAATTT,1
GAAAATTTATATCAAC,1
GAAAATTTCACTTTAC,1
GAAAATTTCACTTTAT,1
GAAAATTTGGACCCAA,1
GAAAATTTTTGCCGTC,1
GAAACAAAAAACTTTA,1
GAAACAAAACTATAAA,1
GAAACAAAATACAGGG,1
GAAACAAAATGTCACT,1
GAAACAAAATGTTGAT,1
GAAACAAACAATAAAG,1
GAAACAAACCTAATTT,1
GAAACAAAGTTAAATT,1
GAAACAAATTACAAAA,1
GAAACAAATTACATGG,1
GAAACAAATTGCAGGG,1
GAAACAACAAAAAATT,1
GAAACAACCCCCGGTA,1
GAAACAACGTTCTAAA,1
GAAACAACTGATCCCA,1
GAAACAAGAAAAAATA,1
GAAACAAGAAATGACC,1
GAAACAAGAGTTGAAA,1
GAAACAATAAGTACAT,1
GAAACAATACAGAGGA,1
GAAACAATACCACGCT,1
GAAACAATACGACCAG,1
GAAACAATCCAAAGGA,1
GAAACAATCCAGAGGG,1
GAAACAATCCATGCAC,1
GAAACAATGCGACCAG,1
GAAACAATGGGTTATT,1
GAAACAATTACAGCAG,1
GAAACAATTCGAGCAG,1
GAAACAATTCGATCAG,1
GAAACAATTGATCACT,1
GAAACAATTGGACCAG,1
GAAACACAAGTAAAGG,1
GAAACACACCACGCGA,1
GAAACACATAACAATA,1
GAAACACATACAGAAC,1
GAAACACATCTCACTA,1
GAAACACATGGAAATG,1
GAAACACCACGAGACG,1
GAAACACCACGCCACG,1
GAAACACCACGCGAAG,1
GAAACACCACGCGGCG,1
GAAACACCACTCGACG,1
GAAACACCAGTGCGTT,1
GAAACACCATATCGAC,1
GAAACACCATCAGAAC,1
GAAACACCCCATGCTA,1
GAAACACCCTCATAAC,1
GAAACACCGAACAATA,1
GAAACACCGCATAAAG,1
GAAACACCTGATCACT,1
GAAACACCTGCAAGTG,1
GAAACACGCCTCACTC,1
GAAACACGGAACCGAA,1
GAAACACTGACTCACG,1
GAAACACTGCGGACCT,1
GAAACACTTAAAACAA,1
GAAACACTTAATTACC,1
GAAACACTTCAAAAAA,1
GAAACACTTCTATAGT,1
GAAACACTTGATAACT,1
GAAACAGAATAAAGAT,1
GAAACAGAATTTCATC,1
GAAACAGAGAACTATG,1
GAAACAGATTAAAACC,1
GAAACAGCAAAAATCG,1
GAAACAGGTAAAGAGC,1
GAAACAGTAAGAGTAC,1
GAAACAGTAGCTTAAA,1
GAAACAGTGGCTTAAA,1
GAAACAGTGTCGAACG,1
GAAACAGTTATGAAAC,1
GAAACAGTTCGACCAG,1
GAAACAGTTTCTAACG,1
GAAACATAAAACTGTG,1
GAAACATAAGACGAAA,1
GAAACATACACTCGTC,1
GAAACATACGAAGCAG,1
GAAACATACGTCGGCA,1
GAAACATACTCAAACC,1
GAAACATAGAAAAAAT,1
GAAACATAGAAAATAA,1
GAAACATAGCCCTGCG,1
GAAACATAGTAGTATA,1
GAAACATATAAAATCA,1
GAAACATCCGCAAGTG,1
GAAACATCGGCAAGTG,1
GAAACATCTGCAAGTC,1
GAAACATCTGGCGCAA,1
GAAACATGACCCATAA,1
GAAACATGAGAAGCAG,1
GAAACATGCGAAACAG,1
GAAACATGCTTCGTAC,1
GAAACATTGTAGAGAA,1
GAAACATTGTTTGTTC,1
GAAACCAAAAACAAAG,1
GAAACCAAATTAAATT,1
GAAACCAACAAAAAAG,1
GAAACCAAGTAACTTT,1
GAAACCAAGTTAAGTT,1
GAAACCACACACTATT,1
GAAACCACACTTAGAC,1
GAAACCACATGTTGAA,1
GAAACCACCCCAGGTA,1
GAAACCACCCCCGGAA,1
GAAACCAGATCATAAC,1
GAAACCAGCAAGAAAA,1
GAAACCAGCCAAGATA,1
GAAACCAGCCCCGGTA,1
GAAACCAGTTCGCCTT,1
GAAACCATAAGCGTTA,1
GAAACCATAATACATC,1
GAAACCATAGCGGACA,1
GAAACCATTAATTGCC,1
GAAACCCATACTTAAG,1
GAAACCCATAGGCGGA,1
GAAACCCCAGTGTCAC,1
GAAACCCCTCTAATCC,1
GAAACCCCTCTTAAGG,1
GAAACCCGATCGCCTT,1
GAAACCCGGTCGCCTT,1
GAAACCCGTCCGCCTT,1
GAAACCCGTTCGCCTC,1
GAAACCCGTTGGCCTT,1
GAAACCCTAAGAAAAC,1
GAAACCCTCAGCGCGT,1
GAAACCGAACTTAGTT,1
GAAACCGCACAAGGAA,1
GAAACCGCCCAAGCAA,1
GAAACCGCCCAGGGAA,1
GAAACCGCTCAAGGAA,1
GAAACCGGAAATATAA,1
GAAACCGGCAATATGA,1
GAAACCTAGCCACCAA,1
GAAACCTATTAAAATT,1
GAAACCTCCCAAGGAA,1
GAAACCTCGAATGACT,1
GAAACCTTCAACGCGT,1
GAAACCTTCAGCGAGT,1
GAAACCTTCAGCGCGG,1
GAAACCTTCAGCGCTT,1
GAAACCTTTATGTAGG,1
GAAACCTTTCAGATTC,1
GAAACGAAAACGTCTA,1
GAAACGAAAATACCGG,1
GAAACGAACTAATAAG,1
GAAACGAATTACAGGG,1
GAAACGACGAGATACA,1
GAAACGAGCTATATAG,1
GAAACGAGCTATATGG,1
GAAACGAGCTTTTAGG,1
GAAACGAGGACGATAA,1
GAAACGATATCTCAGT,1
GAAACGATATGGAATC,1
GAAACGCAAACGCTCA,1
GAAACGCAACCACTTG,1
GAAACGCATACTATCA,1
GAAACGCCAAACTAAC,1
GAAACGCCAATTGACG,1
GAAACGCCAATTTAAT,1
GAAACGCCACTTGCCT,1
GAAACGCCTAAAATGC,1
GAAACGCGTCGTGAAA,1
GAAACGCTAAACATAA,1
GAAACGCTCCATATAA,1
GAAACGCTGTCCATAT,1
GAAACGGCGATTACGA,1
GAAACGGTCCACATAA,1
GAAACGTATAAATTGC,1
GAAACGTCGTACGAAT,1
GAAACGTTAACCAACA,1
GAAACGTTAAGCAAAA,1
GAAACGTTGCATATGT,1
GAAACGTTGCCTAGAT,1
GAAACGTTTCACTAAA,1
GAAACTAAAAGAGGGT,1
GAAACTAAACCCCACA,1
GAAACTAAACGAAATG,1
GAAACTAAACTAAATT,1
GAAACTAAAGACGCGT,1
GAAACTAACGTTGCGA,1
GAAACTAAGAAAATCA,1
GAAACTAAGAAGACCA,1
GAAACTAATAAAACCA,1
GAAACTAATGACCTCC,1
GAAACTACACTGCGCA,1
GAAACTACATCCTGAC,1
GAAACTACCAGAAGCG,1
GAAACTACCATGCGCA,1
GAAACTACCCTGCGAA,1
GAAACTAGAAATCCCC,1
GAAACTAGCGCATAAA,1
GAAACTAGCTGATTTA,1
GAAACTAGCTTACTTA,1
GAAACTAGGAAAACCA,1
GAAACTAGGAATTCCC,1
GAAACTAGGCACACTA,1
GAAACTAGTGGGTGGC,1
GAAACTATAAATTCCC,1
GAAACTATAATAACGT,1
GAAACTATTCGACCAG,1
GAAACTCAAAGCTCAA,1
GAAACTCAATATTCAA,1
GAAACTCAATGAAATC,1
GAAACTCAGACATCCT,1
GAAACTCATCCCTAAA,1
GAAACTCCAATTGCCG,1
GAAACTCGAGGCGTAC,1
GAAACTCGATATTGAA,1
GAAACTCTAATATAAA,1
GAAACTCTACTACTAG,1
GAAACTCTATATTCAA,1
GAAACTCTATTAGTAG,1
GAAACTCTTTGAACTT,1
GAAACTGAAACCTAGA,1
GAAACTGAAAGATACA,1
GAAACTGACAATGATC,1
GAAACTGACTTAATTT,1
GAAACTGAGAATGCTC,1
GAAACTGATTATAGCA,1
GAAACTGCAAGCAACA,1
GAAACTGCAATAGCGA,1
GAAACTGCACGCAAAA,1
GAAACTGCATCGTTAC,1
GAAACTGCCCAAGGAA,1
GAAACTGCCCCGCATC,1
GAAACTGGCAATGCTC,1
GAAACTGTATCATTGA,1
GAAACTGTTCACACAT,1
GAAACTTAACCACCAA,1
GAAACTTAAGGCGTAC,1
GAAACTTAATAAAGGC,1
GAAACTTACTAAAGGG,1
GAAACTTACTAAAGTC,1
GAAACTTACTAAGGGC,1
GAAACTTAGAAAACCA,1
GAAACTTAGAGCTCAA,1
GAAACTTCAATTACCA,1
GAAACTTCAGCTGGAC,1
GAAACTTCAGGCGTAC,1
GAAACTTCATGGCACC,1
GAAACTTCCACTACTC,1
GAAACTTCCACTACTT,1
GAAACTTGAGCCGTAC,1
GAAACTTGAGTCGTAC,1
GAAACTTGCCAAATAC,1
GAAACTTGCTAAAGGC,1
GAAACTTTACCTAAAG,1
GAAACTTTGAGAACGC,1
GAAACTTTGAGTACGC,1
GAAAGAAAAACCCATG,1
GAAAGAAAACATGCGA,1
GAAAGAAAATCAATTT,1
GAAAGAAAATCGCGGA,1
GAAAGAAAATTGCGGT,1
GAAAGAAAATTGCGTA,1
GAAAGAAAATTGTGGA,1
GAAAGAAACACATGTG,1
GAAAGAAAGAATTTTT,1
GAAAGAAAGACACATG,1
GAAAGAAAGACCTCAA,1
GAAAGAAAGTGCGGCC,1
GAAAGAAATACCGTAA,1
GAAAGAAATAGTTCCA,1
GAAAGAACAACTGCTA,1
GAAAGAACGACAATGG,1
GAAAGAACTACCTTAA,1
GAAAGAACTACTGTAA,1
GAAAGAAGATTGCGGA,1
GAAAGAAGCACAAAAT,1
GAAAGAAGGACCCATG,1
GAAAGAATGGTATTCC,1
GAAAGAATTGCATTGA,1
GAAAGAATTTCAACTG,1
GAAAGACAATTGGTCA,1
GAAAGACATGTAGTAG,1
GAAAGACCCGCTAAAC,1
GAAAGACCCGGTCCAC,1
GAAAGACCCTCAGAAC,1
GAAAGACGATTTGATG,1
GAAAGACGCCCACCTT,1
GAAAGACGCGAGAGCT,1
GAAAGACGCTGAAATG,1
GAAAGACGTACGATTA,1
GAAAGACTACTAAAAG,1
GAAAGACTCTTAGTAA,1
GAAAGACTTAACGAGG,1
GAAAGAGAACTAAAAA,1
GAAAGAGAATATACCG,1
GAAAGAGACGTCACGA,1
GAAAGAGAGCACTACA,1
GAAAGAGCAACTGTAA,1
GAAAGAGCAACTTCTA,1
GAAAGAGCATCTGCTA,1
GAAAGAGCCTGGCTGG,1
GAAAGAGCGCATACGG,1
GAAAGAGCTCTTTAAA,1
GAAAGAGGACGCAGGG,1
GAAAGAGTAAATGCTC,1
GAAAGAGTGGTACGGC,1
GAAAGAGTTCTCCGAC,1
GAAAGATACTTAAAGA,1
GAAAGATACTTGGAGA,1
GAAAGATAGGCCGGAT,1
GAAAGATATAAGATGA,1
GAAAGATATACAGGCG,1
GAAAGATATATTCAAG,1
GAAAGATATTACTATG,1
GAAAGATCCACAAAAA,1
GAAAGATCGGCAGGAT,1
GAAAGATCGGTCGGAT,1
GAAAGATGAGATACAA,1
GAAAGATGTACGCTTA,1
GAAAGATTAAGGTTAC,1
GAAAGATTACACCATA,1
GAAAGATTAGAGTAAA,1
GAAAGATTAGTCAACC,1
GAAAGATTGAACGCCC,1
GAAAGATTGATAACAC,1
GAAAGATTGGCCCTAT,1
GAAAGATTTAGCGAAA,1
GAAAGCAAACGGTCTC,1
GAAAGCAAACTAATAG,1
GAAAGCAACTAATCGC,1
GAAAGCAACTACTCGA,1
GAAAGCAATAATTACA,1
GAAAGCAATCATCTTT,1
GAAAGCACACCGAGTT,1
GAAAGCACATAATTTA,1
GAAAGCACGTACAGAC,1
GAAAGCACGTAGCTAG,1
GAAAGCAGAAAACCAT,1
GAAAGCAGATGTGTCT,1
GAAAGCAGGGAACCCC,1
GAAAGCATAGATTTCT,1
GAAAGCATAGGTTAAC,1
GAAAGCATAGGTTTAT,1
GAAAGCATATCTCGAT,1
GAAAGCATATGTTTAC,1
GAAAGCATCATACAGG,1
GAAAGCATGGATTTCC,1
GAAAGCATGGGTTTAC,1
GAAAGCATGTATTTCT,1
GAAAGCATTGAAGTAT,1
GAAAGCCAAAAACCGT,1
GAAAGCCAACAACCTA,1
GAAAGCCAATTTACAG,1
GAAAGCCACCAATCTA,1
GAAAGCCAGCAACCTA,1
GAAAGCCAGTACAAAA,1
GAAAGCCATAGTCAGA,1
GAAAGCCTATTGGTCA,1
GAAAGCCTCAACACTT,1
GAAAGCCTCACACGAA,1
GAAAGCCTCGAATGAC,1
GAAAGCGAACACTACA,1
GAAAGCGAACTAATAT,1
GAAAGCGAGATACAAT,1
GAAAGCGAGCACTAAA,1
GAAAGCGCAAAGTAAC,1
GAAAGCGCAATTCATC,1
GAAAGCTATAAGATTA,1
GAAAGCTATAATATGA,1
GAAAGCTATATAGAAG,1
GAAAGCTCAATTCATT,1
GAAAGCTCTAAAGAAC,1
GAAAGCTGCTTTACAG,1
GAAAGCTTAGGTTTAC,1
GAAAGCTTATACAAGA,1
GAAAGCTTCAGCGCGT,1
GAAAGCTTCCGAAAAT,1
GAAAGCTTGGAGTAAA,1
GAAAGGAAATTGCGGA,1
GAAAGGAGGACTTGAC,1
GAAAGGATACGCCTCA,1
GAAAGGATCAATCGGC,1
GAAAGGCTGAGATATC,1
GAAAGGGATGTCGAAA,1
GAAAGGGGGACTTGAT,1
GAAAGGTACACCTACT,1
GAAAGGTCCACATACT,1
GAAAGGTCCGCCTACT,1
GAAAGGTCTTACGTGA,1
GAAAGGTCTTTCTCTA,1
GAAAGGTGATACCAGA,1
GAAAGGTTTCACTTTT,1
GAAAGTAAGCAGACAA,1
GAAAGTAAGCCAATAA,1
GAAAGTAATAAGTAAA,1
GAAAGTACAAGTTTTG,1
GAAAGTACAGTACTGA,1
GAAAGTAGAAGTTCTG,1
GAAAGTAGCACCCTAA,1
GAAAGTAGCAGATAAG,1
GAAAGTAGGCGTAACC,1
GAAAGTATCGGACCGT,1
GAAAGTATTAGAATAA,1
GAAAGTATTGAGAATA,1
GAAAGTCAAAAACAGT,1
GAAAGTCAACATGTGG,1
GAAAGTCACATAGAAC,1
GAAAGTCAGACGATCA,1
GAAAGTCAGCTATCTG,1
GAAAGTCATACGGTCA,1
GAAAGTCATGCGATCA,1
GAAAGTCTGAACGGAC,1
GAAAGTCTGAATCAGT,1
GAAAGTCTTTAAGTAT,1
GAAAGTGAACAATCGT,1
GAAAGTGAACCACAAA,1
GAAAGTGACCGCTATA,1
GAAAGTGCTGACGGGG,1
GAAAGTGTACGGTAAC,1
GAAAGTTAAGATGTAC,1
GAAAGTTATACGATCA,1
GAAAGTTATTAGCATT,1
GAAAGTTATTTCATCT,1
GAAAGTTCCCATAAAC,1
GAAAGTTGGGAACAGA,1
GAAAGTTTTGTTGAAT,1
GAAATAAAAACCATTA,1
GAAATAAAAACCCCCA,1
GAAATAAAAATAACAG,1
GAAATAAAACTAACAT,1
GAAATAAAACTAACGG,1
GAAATAAAATATCAAG,1
GAAATAAAATCTGTAG,1
GAAATAAACAATTGAG,1
GAAATAAACCTATGAT,1
GAAATAAACTATATAG,1
GAAATAAACTCTGTAT,1
GAAATAAAGCAGTTGA,1
GAAATAAAGCTAACAG,1
GAAATAAAGTCAGCTT,1
GAAATAAATGACCAGT,1
GAAATAAATGGATGCC,1
GAAATAAATTCACATT,1
GAAATAAATTGACGAA,1
GAAATAACAAGGGTAC,1
GAAATAACTAAACGAA,1
GAAATAACTACCGTAA,1
GAAATAACTGGATGCA,1
GAAATAACTGGGCAAC,1
GAAATAACTGTATGCC,1
GAAATAAGACTAACAG,1
GAAATAAGACTCCAGG,1
GAAATAAGACTCGGGG,1
GAAATAAGAGAGAGTC,1
GAAATAAGAGCCTACA,1
GAAATAAGATAATAAT,1
GAAATAAGATCCCCTA,1
GAAATAAGATTTAAAT,1
GAAATAAGCACCTTAG,1
GAAATAAGCAGGTTCA,1
GAAATAAGCGAAAACT,1
GAAATAAGGAAGAGTC,1
GAAATAAGGCAATAAT,1
GAAATAAGGGACAGTC,1
GAAATAAGGGAGAGTA,1
GAAATAAGGTAGAGTC,1
GAAATAAGTAACTATG,1
GAAATAAGTGACATCT,1
GAAATAAGTGAGAGTC,1
GAAATAATAGAATATC,1
GAAATAATCACGCAGC,1
GAAATAATGTAAATCA,1
GAAATAATTAAACACA,1
GAAATAATTAAGCACT,1
GAAATAATTAATGAAG,1
GAAATAATTGCCTTAC,1
GAAATAATTTTAACTG,1
GAAATACAAAATTCAA,1
GAAATACAAAGTTCCA,1
GAAATACAACTGTAAA,1
GAAATACAATAGTACT,1
GAAATACAATGTTGAT,1
GAAATACACCAAACGG,1
GAAATACAGCTGACAT,1
GAAATACAGGAAGATT,1
GAAATACCATCACTGA,1
GAAATACCCAGGCACA,1
GAAATACCCTCAGAAC,1
GAAATACCTACCTATA,1
GAAATACGAGAGTACT,1
GAAATACGCTTATAAA,1
GAAATACTAAAGCACT,1
GAAATACTATCACTTA,1
GAAATACTATTACTGA,1
GAAATACTCGAGTTAA,1
GAAATACTCTTAAATT,1
GAAATACTGAAGCACT,1
GAAATACTGTCACTGA,1
GAAATACTTAAGAACT,1
GAAATACTTAAGCACA,1
GAAATACTTAGGCACT,1
GAAATACTTTAGAACA,1
GAAATACTTTCGAATA,1
GAAATACTTTCTAACA,1
GAAATAGAACCAAGGA,1
GAAATAGAATATCCAC,1
GAAATAGCAACTGCTA,1
GAAATAGCAGATGCAG,1
GAAATAGCTATGAAAC,1
GAAATAGGCCTAGTAT,1
GAAATAGTCACACAAA,1
GAAATAGTCTTAAAGT,1
GAAATAGTGGAAAGGC,1
GAAATATAAAAGCTAT,1
GAAATATAAACATAGA,1
GAAATATAAATACGGC,1
GAAATATAACACAGGA,1
GAAATATAATGAACAA,1
GAAATATAATGTAAGT,1
GAAATATACAACTTTA,1
GAAATATACAGATAAA,1
GAAATATACTTGAAGA,1
GAAATATAGAAAACAG,1
GAAATATAGCAACAAC,1
GAAATATAGCAAGCGG,1
GAAATATATCATCCTC,1
GAAATATATGCCTGAA,1
GAAATATCAAATAACT,1
GAAATATCGCAAGCTG,1
GAAATATCGCAAGTGG,1
GAAATATCGCAATAAC,1
GAAATATCTAAAAGGA,1
GAAATATCTCAGTAAC,1
GAAATATGACGGTGGA,1
GAAATATGGAATGTGA,1
GAAATATTAAAACCCA,1
GAAATATTAACAACAA,1
GAAATATTACAAACAA,1
GAAATATTTAAGCACT,1
GAAATCAAAACATCTA,1
GAAATCAAACATCACG,1
GAAATCAACGAATGAT,1
GAAATCAACGCGTACC,1
GAAATCAACTACTCGC,1
GAAATCAACTCACATT,1
GAAATCAAGTAAACAG,1
GAAATCAATATATAGT,1
GAAATCAATCGTGCAC,1
GAAATCACAGTATTAA,1
GAAATCACATACACAA,1
GAAATCACCTCTAGTG,1
GAAATCACCTCTCGTA,1
GAAATCAGCGACATCT,1
GAAATCAGGCACATTA,1
GAAATCAGTGGCATCT,1
GAAATCATAAAATGCC,1
GAAATCATACGCTATA,1
GAAATCATCTTTACAG,1
GAAATCATGACACCAT,1
GAAATCATTCCCTTAC,1
GAAATCATTGCCCTAC,1
GAAATCATTGCCTTGC,1
GAAATCATTGTCTTAC,1
GAAATCATTTCCTTAC,1
GAAATCCACAAAAGTA,1
GAAATCCACAACAACG,1
GAAATCCACTCGTTTT,1
GAAATCCACTTGCTTT,1
GAAATCCAGTTGTTTT,1
GAAATCCCATTTGGAG,1
GAAATCCGAACCTTAA,1
GAAATCCGAATCCTAG,1
GAAATCCGCTTGTTTT,1
GAAATCCTGTAAAAAT,1
GAAATCCTTCAACGAT,1
GAAATCGAAGGAATAG,1
GAAATCGACCATGATA,1
GAAATCGACCTCACCT,1
GAAATCGAGCACTACA,1
GAAATCGATATCAATC,1
GAAATCGCATGATTAT,1
GAAATCGCTATGAAAA,1
GAAATCGTCCAGCCGA,1
GAAATCTACCTACTAG,1
GAAATCTAGATCTGCG,1
GAAATCTATAAGATGA,1
GAAATCTCACTGAGGG,1
GAAATCTCGGGATAGC,1
GAAATCTCTATGAAAC,1
GAAATCTGGAAAATTA,1
GAAATCTTTTCCGCCA,1
GAAATGAAAAACTGGC,1
GAAATGAAAATACAAA,1
GAAATGAAACTAACAG,1
GAAATGAACGAAAAAA,1
GAAATGAACTCCTGAG,1
GAAATGAATGAACTAG,1
GAAATGAATGCAATTC,1
GAAATGACGAACTGGC,1
GAAATGACGATCATAA,1
GAAATGACGGCAATTC,1
GAAATGACTCTGTTGT,1
GAAATGACTGAAATTC,1
GAAATGAGAGATGTCA,1
GAAATGAGGACTTGAT,1
GAAATGAGTATTAACG,1
GAAATGATAAAGAGGA,1
GAAATGATAAAGCAGA,1
GAAATGATAATTCGAC,1
GAAATGATAATTCTAT,1
GAAATGATCTGCTATA,1
GAAATGATGATTCGAT,1
GAAATGATTAAGAACA,1
GAAATGATTGACCTCA,1
GAAATGATTTCCCTCA,1
GAAATGCAAAGCTCGG,1
GAAATGCACACAAAAG,1
GAAATGCCTCCGTTGT,1
GAAATGCGTTGCAGTA,1
GAAATGCTAACTACGA,1
GAAATGCTCTTCTATA,1
GAAATGGAGTTTGACG,1
GAAATGGCGAATCCGC,1
GAAATGGCGCAGTTCA,1
GAAATGGCTCTGTTGT,1
GAAATGGGGATACAAA,1
GAAATGGTAATTCGAT,1
GAAATGGTCCATTAGT,1
GAAATGGTGAAGTTCA,1
GAAATGGTGCATTTCA,1
GAAATGGTGTAGTTCA,1
GAAATGTACCTGATTA,1
GAAATGTACTACGCAT,1
GAAATGTACTATTTGT,1
GAAATGTATACTTTTT,1
GAAATGTATTGATGCC,1
GAAATGTCTCAAAAAC,1
GAAATGTTGCAGTTCA,1
GAAATGTTGTAGAGTA,1
GAAATTAAAAACTGAA,1
GAAATTAAAATCGTTG,1
GAAATTAAAGAAAGGC,1
GAAATTAACACGCTTG,1
GAAATTAACCCCTTTT,1
GAAATTAACCCTCTTG,1
GAAATTAACCGATACA,1
GAAATTAAGAAAACCA,1
GAAATTAAGTGTGAAT,1
GAAATTAAGTTAGAAT,1
GAAATTAATATAAAAG,1
GAAATTACTGAGATAC,1
GAAATTAGACAATAAT,1
GAAATTAGATCCGAAA,1
GAAATTATAAAAACTT,1
GAAATTATAACAAGTT,1
GAAATTATAATAACTT,1
GAAATTATACCGCGCT,1
GAAATTATCTCTCCAC,1
GAAATTATGAGATCTA,1
GAAATTATTGAGCAAG,1
GAAATTCAAAAGATAA,1
GAAATTCAAGACCAAT,1
GAAATTCCTCTGTTGT,1
GAAATTCGAAAGAATT,1
GAAATTCTATTAACCG,1
GAAATTCTGAGGTCCA,1
GAAATTCTGGGTATGA,1
GAAATTCTTACAAATG,1
GAAATTGAAAACTTAA,1
GAAATTGAAACCTTTT,1
GAAATTGAGAACTGAA,1
GAAATTGAGAATATGG,1
GAAATTGCACATACAA,1
GAAATTGCTAACGGAA,1
GAAATTGGTATTAATT,1
GAAATTGTAACAACTT,1
GAAATTGTTGTACATG,1
GAAATTTAAAACTGAA,1
GAAATTTAAGATGCAC,1
GAAATTTAATAAAAAG,1
GAAATTTAATGGCCCA,1
GAAATTTAATTCGTAT,1
GAAATTTACAAACAAA,1
GAAATTTCCAAGTATT,1
GAAATTTCTTGAAAGT,1
GAAATTTCTTTAACGT,1
GAAATTTGAGTGCTGC,1
GAAATTTGTGTCATAC,1
GAAATTTTAATATTCA,1
GAAATTTTATGAGATG,1
GAAATTTTATTAGACG,1
GAAATTTTATTATACG,1
GAAATTTTCTTTCGTC,1
GAAATTTTGTACACAA,1
GAACAAAAACAATGCC,1
GAACAAAACCTTGATT,1
GAACAAAACCTTGCAC,1
GAACAAAAGTAGTTAC,1
GAACAAAATACTGCGA,1
GAACAAAATATTATCA,1
GAACAAAATCGGCATA,1
GAACAAAATTGAAGCA,1
GAACAAACAGGTACAA,1
GAACAAACCTAATGAA,1
GAACAAACTAATGCGA,1
GAACAAACTACCGCGA,1
GAACAAACTACTGCAA,1
GAACAAACTACTGCTA,1
GAACAAACTACTTCGA,1
GAACAAACTCAGACAC,1
GAACAAACTTCAATCT,1
GAACAAAGTAATCCAA,1
GAACAAATAAAAAGAT,1
GAACAAATAAAACGAA,1
GAACAAATAATCCAAC,1
GAACAAATACCTATTA,1
GAACAAATACTACAAC,1
GAACAAATACTCCGAT,1
GAACAAATCCCTAAAA,1
GAACAAATGTCAATCT,1
GAACAAATTATCCGAT,1
GAACAAATTCTCCTAT,1
GAACAAATTCTCGGAT,1
GAACAAATTCTGCGAT,1
GAACAACAAAGCGGAT,1
GAACAACAACTAATAA,1
GAACAACAACTTTCAC,1
GAACAACAAGAGCAAG,1
GAACAACAATAACAAT,1
GAACAACAATCACGCA,1
GAACAACATATCACAA,1
GAACAACATGATCAAG,1
GAACAACCACACGAAA,1
GAACAACCATCACTCA,1
GAACAACTATACGGTG,1
GAACAACTCAAATTAA,1
GAACAACTCGATCACT,1
GAACAACTGGATCACT,1
GAACAACTGTATTCCA,1
GAACAACTTCAGTATA,1
GAACAACTTGATCAAT,1
GAACAACTTTATCACT,1
GAACAAGAGTCAGCCA,1
GAACAAGCAGTTATCC,1
GAACAAGCTTAAACCA,1
GAACAAGGAAATTCGT,1
GAACAAGGAATAACAT,1
GAACAAGGTCTAACAT,1
GAACAAGTACTAACAT,1
GAACAAGTAGCTTAAA,1
GAACAAGTGTGACCCT,1
GAACAAGTGTGGAACT,1
GAACAATAGATATATC,1
GAACAATAGCAATTGG,1
GAACAATAGTTACAAT,1
GAACAATATACTCCGG,1
GAACAATATATTCTAT,1
GAACAATATCATAGCT,1
GAACAATCCCGAGACC,1
GAACAATCGGGTTACT,1
GAACAATCTACAACTA,1
GAACAATCTGCACCGA,1
GAACAATGAAAGAAGT,1
GAACAATGCATGTTTA,1
GAACAATGTGAAAAGA,1
GAACAATTGCTCGATT,1
GAACAATTTGATCACT,1
GAACACAAATACTTTA,1
GAACACAAGAACAGTG,1
GAACACAAGCAAGGAC,1
GAACACACATTGTTCT,1
GAACACACCCAAAATA,1
GAACACACTTTTTTCT,1
GAACACAGAAACAAGT,1
GAACACAGCTGCAGGG,1
GAACACAGTCGGTCAC,1
GAACACATCACAAAAT,1
GAACACATGAAACTAT,1
GAACACATTAAGAGCG,1
GAACACATTTGTTGTA,1
GAACACCAAAGAGGAT,1
GAACACCAAAGTGGAT,1
GAACACCAAGTAACCT,1
GAACACCATGACGTCA,1
GAACACCATGCCGTCT,1
GAACACCATGTCGTCA,1
GAACACCCCCAAGCCC,1
GAACACCGTTGAAAGC,1
GAACACCTGAAAATAT,1
GAACACCTGAAATTAT,1
GAACACCTGCGGTCCA,1
GAACACCTTAACCGCT,1
GAACACCTTGACTGCT,1
GAACACCTTGAGCGCT,1
GAACACGACTCCTACG,1
GAACACGCAGGCGCTA,1
GAACACGGAAATTCAT,1
GAACACGGAAATTTGT,1
GAACACGTCATGCTTT,1
GAACACGTGTTTGAAA,1
GAACACGTTGAAACTA,1
GAACACGTTGGACCTA,1
GAACACTAGATGTGCC,1
GAACACTATACCCGGC,1
GAACACTCGTCAAGAC,1
GAACACTCTAAGAAGC,1
GAACACTGAAATTCGT,1
GAACACTGGCATAAAT,1
GAACACTTCGGACAAG,1
GAACAGAACACCCAAG,1
GAACAGAACACCCCAT,1
GAACAGACGAGACACA,1
GAACAGACTGTGCATG,1
GAACAGAGAATAACTC,1
GAACAGAGTTCAAATC,1
GAACAGATCTGTAAAG,1
GAACAGCAAAACTGAT,1
GAACAGCCGACCCCAC,1
GAACAGCCGTATCGAG,1
GAACAGCTCAACTTGC,1
GAACAGGATATGGCGC,1
GAACAGGCACGAAGCA,1
GAACAGGTAACTCATC,1
GAACAGGTGCTATATT,1
GAACAGGTTAATGTCC,1
GAACAGTACACACCGA,1
GAACAGTACAGATAAA,1
GAACAGTAGTAAAGTA,1
GAACAGTAGTATGTTA,1
GAACAGTCCCGCTAAC,1
GAACAGTGGGAAAAAT,1
GAACAGTGTCTCCGTA,1
GAACATAAAGAAGCTA,1
GAACATAAGACGAACA,1
GAACATAATACGACAA,1
GAACATAATCGCCCCT,1
GAACATACAAACAGCA,1
GAACATACCCTCGCTA,1
GAACATACCCTCGTAG,1
GAACATACTTTGCTTT,1
GAACATAGGAATATAT,1
GAACATAGGTTATGTA,1
GAACATATAACAGATG,1
GAACATATAGACGGTG,1
GAACATATGCAACAAA,1
GAACATATGTAATAAA,1
GAACATATTCTGAACT,1
GAACATCAGATCTGCT,1
GAACATCAGGAGCCTT,1
GAACATCATCGCCATG,1
GAACATCCGAGCGTTC,1
GAACATCGCGAGAGAT,1
GAACATCTAGCAAAAA,1
GAACATGAAGCGAACC,1
GAACATGCACAGAAAA,1
GAACATGCAGTAAGAC,1
GAACATGCTAGATGAC,1
GAACATGGGAATCTAT,1
GAACATGTATGACACT,1
GAACATTAGATGAAAG,1
GAACATTCACTAAGCC,1
GAACATTCCAGGTCTA,1
GAACATTCGCAACAGC,1
GAACATTGCTTAATAT,1
GAACATTGTATAATCG,1
GAACATTTCGGATTAC,1
GAACATTTTCAGGAGC,1
GAACATTTTCGGGGGC,1
GAACCAAAAGGTATAG,1
GAACCAAAATGAGCCA,1
GAACCAAACTTGCGAG,1
GAACCAAATATTATCT,1
GAACCAAATCATTCAT,1
GAACCAAATTATCCAA,1
GAACCAAATTGTCCAG,1
GAACCAAGAAACAGAA,1
GAACCAAGACTCAATT,1
GAACCAAGGACTTGCC,1
GAACCAATAGATGTAA,1
GAACCAATGAAATCTT,1
GAACCAATGAAATGTA,1
GAACCAATGAAATTTA,1
GAACCAATTAAATCTA,1
GAACCAATTCGGCTTA,1
GAACCAATTGCTAACA,1
GAACCACAAGCTTTGC,1
GAACCACACGATCAAT,1
GAACCACGCATGGGAA,1
GAACCACGCCACGTAA,1
GAACCACTAGCTAACA,1
GAACCACTAGCTTAAA,1
GAACCACTAGTAAGAA,1
GAACCACTCGCTAACA,1
GAACCACTCTCTAGCT,1
GAACCACTTTCTAACA,1
GAACCAGAAGCTTAAA,1
GAACCAGAGAAAAATA,1
GAACCAGAGATCGCCC,1
GAACCAGAGCCAAATA,1
GAACCAGAGTTTAACA,1
GAACCAGATCCAAATG,1
GAACCAGCAGCTTAAA,1
GAACCAGGAATTGCCT,1
GAACCAGGCTATGAAC,1
GAACCAGTAGCTAAAA,1
GAACCAGTAGCTCAAA,1
GAACCAGTAGCTTAAG,1
GAACCAGTGAAATCTA,1
GAACCAGTTATGAGAC,1
GAACCAGTTCATTAAA,1
GAACCATAAAATATTT,1
GAACCATAGAGCAATA,1
GAACCATAGAGCCAAA,1
GAACCATAGGTTCACG,1
GAACCATAGTGCCATA,1
GAACCATATATCCAAC,1
GAACCATCCATCTACG,1
GAACCATCCCAATCCA,1
GAACCATCGCTATACC,1
GAACCATCTACACCGA,1
GAACCATGCATTATTA,1
GAACCATGGAGCCATA,1
GAACCATTAAAGATCA,1
GAACCCAAATACTACT,1
GAACCCAAGACAGTAA,1
GAACCCAATAGAGTAA,1
GAACCCACATATAAGA,1
GAACCCACCTACACAG,1
GAACCCAGATTCTATC,1
GAACCCAGTATGTCCC,1
GAACCCCATCAAACAT,1
GAACCCCCCCAAACAT,1
GAACCCCTACTTTTAA,1
GAACCCCTCGGACACG,1
GAACCCGAAAAAGAGG,1
GAACCCGAACGAGTCA,1
GAACCCGAGCATCAAT,1
GAACCCGATGGCCATC,1
GAACCCGGCTGATTAA,1
GAACCCGTCATACTAA,1
GAACCCGTGTGTTATC,1
GAACCCTAATTTGAGT,1
GAACCCTATACCCCGC,1
GAACCCTATACCCGCC,1
GAACCCTCAAAGATCA,1
GAACCCTCGGCACCAG,1
GAACCCTCGTATCCTT,1
GAACCCTGAGCTTTTA,1
GAACCCTGAGTGGTTA,1
GAACCCTGCCTCCAAT,1
GAACCCTGTATGTAAG,1
GAACCCTTAGAAGTTT,1
GAACCCTTATTCACTT,1
GAACCCTTCGGAAACG,1
GAACCCTTCGGACAAG,1
GAACCCTTCGGACACT,1
GAACCCTTCGGACATG,1
GAACCCTTCGGGCACG,1
GAACCGAAGAGACACA,1
GAACCGAAGATCTTCG,1
GAACCGAATACAATAC,1
GAACCGACAATCCAAC,1
GAACCGACGAGACAAA,1
GAACCGACGATACACA,1
GAACCGACTAGATACA,1
GAACCGACTTTGCATG,1
GAACCGATAGTAAGAA,1
GAACCGATCATGGACT,1
GAACCGCAGTTTGCGG,1
GAACCGCCAGGTGTGT,1
GAACCGCGCCTCTTCA,1
GAACCGCTAGTATGAA,1
GAACCGGCAAAGATTA,1
GAACCGGCAAATAATG,1
GAACCGTAGAGCCATA,1
GAACCGTCTACACTTA,1
GAACCGTGACTCACCA,1
GAACCGTTACATTCAG,1
GAACCTAAAAATAATT,1
GAACCTAAATACGCGT,1
GAACCTAATTATCCAG,1
GAACCTAATTTTCTCA,1
GAACCTACAGGCCAGG,1
GAACCTACCTAAGTAA,1
GAACCTACTCCTTCGA,1
GAACCTATAGCAGATG,1
GAACCTATCCTGTGCG,1
GAACCTATTTTACAAA,1
GAACCTCAAAAGGCTA,1
GAACCTCAAACGGATA,1
GAACCTCAAACGTCTA,1
GAACCTCAAGACCAAT,1
GAACCTCAGTTCCAAC,1
GAACCTCCCTAAGCTA,1
GAACCTCTAATATAAG,1
GAACCTCTAGTAAGAA,1
GAACCTGAAACGTAGA,1
GAACCTGACCTTGCAT,1
GAACCTGATGATGCAG,1
GAACCTGCCAGACGAC,1
GAACCTGCCCTTCGAG,1
GAACCTGCGGTAGGCA,1
GAACCTGCTAGTAAAC,1
GAACCTGCTGGCAACT,1
GAACCTGCTTAACCCG,1
GAACCTGGAACACGAA,1
GAACCTGGGCTCCAAT,1
GAACCTGTCCTCCAAT,1
GAACCTTAATGGCACC,1
GAACCTTAATTTGAAT,1
GAACCTTAGTTATCAA,1
GAACCTTATATGATAC,1
GAACCTTCAAACCTAT,1
GAACCTTCAAGGCACC,1
GAACCTTCATGGCAAC,1
GAACCTTCATGGCACT,1
GAACCTTCATGGCTCC,1
GAACCTTCGCTTTTCA,1
GAACCTTCGGAGGCTA,1
GAACCTTCTGCACCGA,1
GAACCTTGATAAAAGA,1
GAACCTTGATAAGAAA,1
GAACCTTGATAAGAGG,1
GAACCTTGATAAGATA,1
GAACCTTGATAATAGA,1
GAACCTTGGTAAGAGA,1
GAACCTTTACCATTAG,1
GAACCTTTATAAGAGA,1
GAACCTTTGACATTAG,1
GAACCTTTGCCATTAT,1
GAACCTTTGTCATTAG,1
GAACGAAAAATGTAAA,1
GAACGAAAAATTCAAA,1
GAACGAAAATTCAATC,1
GAACGAAATAATTTTT,1
GAACGAACAAAAAAAA,1
GAACGAACACCCACCA,1
GAACGAACACTCACCC,1
GAACGAACAGCCACCC,1
GAACGAACGGGGTCCA,1
GAACGAACTTTTTTCA,1
GAACGAATAAATCATT,1
GAACGAATAACTAATT,1
GAACGAATAACTGATT,1
GAACGAATGACTCATT,1
GAACGAATTAGGATAT,1
GAACGACATCAGAAAG,1
GAACGACCAGATTCGT,1
GAACGACCCGGTACAC,1
GAACGACCGCCTAAGA,1
GAACGACCTGAAATTT,1
GAACGACTAGAAATTT,1
GAACGACTCAGAGTAG,1
GAACGACTCCGCAGAT,1
GAACGACTGAAACATG,1
GAACGACTTCAAATTT,1
GAACGACTTGAAATTC,1
GAACGAGAAGGTCACT,1
GAACGAGAGAACGAAA,1
GAACGAGAGCATACGG,1
GAACGAGCGCATAAGG,1
GAACGAGCGCATATGG,1
GAACGAGGAAAATAAA,1
GAACGAGGCGATTTAA,1
GAACGATACATCGATA,1
GAACGATGGCTCTTAC,1
GAACGATGGGGAAAAA,1
GAACGATTGGGACAAA,1
GAACGCAACTAATTTT,1
GAACGCACGAGTTGAG,1
GAACGCACGCCTAAGA,1
GAACGCATAAAGGTGG,1
GAACGCATACATGCAT,1
GAACGCCAGAAAACAT,1
GAACGCCAGGTTTATA,1
GAACGCCCATTAAGAG,1
GAACGCCCCCCTAAGA,1
GAACGCCCCTGCACCG,1
GAACGCCCGCCTATGA,1
GAACGCCCTCCTAAGA,1
GAACGCCCTTACGTAA,1
GAACGCCGGCCTAAGA,1
GAACGCCTAGATCTTA,1
GAACGCCTCCGCAGAT,1
GAACGCCTGATGAGCG,1
GAACGCCTTCCTAAAG,1
GAACGCGAAGGTAACT,1
GAACGCGACAAACAGT,1
GAACGCGGACAACCAT,1
GAACGCTCGCCTAAGA,1
GAACGCTTCGGACACG,1
GAACGGAAAACTGTCA,1
GAACGGAACTAAAAGT,1
GAACGGAATACATATG,1
GAACGGATTATAGCCT,1
GAACGGCAACTGTGAA,1
GAACGGCAATTAAGTC,1
GAACGGGAAGACACCT,1
GAACGGGACTTTGGCG,1
GAACGGGGACTACACT,1
GAACGGGGCAAATCCA,1
GAACGGTAACGATACA,1
GAACGGTCATACGTGA,1
GAACGGTCCCATAAAC,1
GAACGGTCTTACGTTA,1
GAACGGTCTTACTTGA,1
GAACGGTTCATATTCG,1
GAACGGTTTACTGTTC,1
GAACGGTTTATATTCA,1
GAACGTAAACTCCAGT,1
GAACGTATAAGTGTTC,1
GAACGTATAGAGGGTA,1
GAACGTATAGAGGGTG,1
GAACGTATTCTTGGAA,1
GAACGTCAAATAGAAC,1
GAACGTCAACGATAAA,1
GAACGTCACATAGAAT,1
GAACGTCACATTTTCG,1
GAACGTCAGTGTGGCC,1
GAACGTGAAGAAAGAA,1
GAACGTGAATTAACAA,1
GAACGTGACATAGAAC,1
GAACGTGCGTCCATAA,1
GAACGTGCTAATGATT,1
GAACGTGCTCATTCAA,1
GAACGTGGACAAATAA,1
GAACGTGGCCTAGGAC,1
GAACGTGTCAACATCA,1
GAACGTGTCAACTGCC,1
GAACGTTACATAGAAC,1
GAACGTTAGAATAACA,1
GAACGTTATCGCAAAC,1
GAACGTTATTTGGGGA,1
GAACGTTCACATAAAC,1
GAACGTTCTAATAAGG,1
GAACTAAAAATTTGTT,1
GAACTAAACTTATATC,1
GAACTAAAGAATTTTT,1
GAACTAAAGCTCAAGA,1
GAACTAAATTACAGCT,1
GAACTAACACCCACCC,1
GAACTAACGAAACATC,1
GAACTAACTAAATTTT,1
GAACTAACTACCTATA,1
GAACTAACTCAAACAC,1
GAACTAATACACAATA,1
GAACTAATATCAAGCA,1
GAACTAATCACGACGT,1
GAACTAATGCGAATTT,1
GAACTAATTAGGATAG,1
GAACTAATTTACCATT,1
GAACTAATTTTTGTGG,1
GAACTACAATCCGGCC,1
GAACTACAATCTAACA,1
GAACTACACAGGACTG,1
GAACTACAGAGCTCGA,1
GAACTACAGCGTGCCG,1
GAACTACCCAAAAGAC,1
GAACTACCCTCTGCTA,1
GAACTACCGACCTCGA,1
GAACTACCGAGCTCTA,1
GAACTACCTACCCATA,1
GAACTACCTAGCTCGA,1
GAACTACCTCCCTATA,1
GAACTACGAAGAAATG,1
GAACTACGGAGCTCGA,1
GAACTACTCTATAACA,1
GAACTACTTGCTAACA,1
GAACTACTTTAACTTT,1
GAACTAGAACTATGTA,1
GAACTAGACAGCGATA,1
GAACTAGAGAACGTCA,1
GAACTAGATAACGTCG,1
GAACTAGATATCAATC,1
GAACTAGATGCATCTC,1
GAACTAGCACATTACC,1
GAACTAGTATGCAGTA,1
GAACTATAAAACCTAT,1
GAACTATAAAAGATAT,1
GAACTATAAAAGCTGT,1
GAACTATAAAATCTAT,1
GAACTATAAGAGCTAT,1
GAACTATAGAAGCTAT,1
GAACTATAGTGTTATT,1
GAACTATATCGAACCC,1
GAACTATTAAAAATAC,1
GAACTCAAAACACCTT,1
GAACTCAAAGCGCCTT,1
GAACTCAAAGGACCTT,1
GAACTCAAGGTCTGAA,1
GAACTCAATGAAAAGT,1
GAACTCAATTTCTGAA,1
GAACTCACAAATTACA,1
GAACTCACATTTGGAG,1
GAACTCACCTGAACAC,1
GAACTCACTGCTGTAC,1
GAACTCAGATTTACTA,1
GAACTCAGCCAAACCA,1
GAACTCCAAAGTAAAA,1
GAACTCCAATCTAACC,1
GAACTCCAATTTGGAG,1
GAACTCCATAAGTCAC,1
GAACTCCATGCCGGGA,1
GAACTCCCATTTGGAT,1
GAACTCCCCGCTTCCA,1
GAACTCCCTCTCATGT,1
GAACTCCGTTTCTCTT,1
GAACTCCTGACAACAG,1
GAACTCCTGTCATCGA,1
GAACTCCTGTGTATTA,1
GAACTCGATATCAATT,1
GAACTCGATATCATTT,1
GAACTCGATCTCGAAT,1
GAACTCGCAGGGCCTT,1
GAACTCGCGCAAGAAT,1
GAACTCGGAATCACTT,1
GAACTCGGAGAACCAG,1
GAACTCTAAGCTCTAT,1
GAACTCTAGGCAGGAT,1
GAACTCTATTAACAAC,1
GAACTCTCACTTCCTT,1
GAACTCTCCCGATTTT,1
GAACTCTCGCCTAAGA,1
GAACTGAAAAAGTACC,1
GAACTGAAACTATCCA,1
GAACTGAACGAGGTAC,1
GAACTGACCGTCAAAG,1
GAACTGACCTGGAACA,1
GAACTGACGGTAAAAG,1
GAACTGCAACGTACCA,1
GAACTGCACCGATAAC,1
GAACTGCTAATAATTG,1
GAACTGGAAAATTCTA,1
GAACTGGAGTCTGACG,1
GAACTGGAGTTTGAAG,1
GAACTGGATACAAAAT,1
GAACTGGATACAGAAC,1
GAACTGGCAACCATGG,1
GAACTGGCCGTAAAAG,1
GAACTGGCGCTACCTT,1
GAACTGTAAAAGAACT,1
GAACTGTACTATTTGG,1
GAACTGTAGTCACATA,1
GAACTGTCCGAACCGT,1
GAACTGTGCGCACTGG,1
GAACTGTTACCAGCTA,1
GAACTGTTTAGGAACA,1
GAACTTAAAGACCAAT,1
GAACTTAAAGAGGTTT,1
GAACTTAAATACTTCC,1
GAACTTAACGATGTAC,1
GAACTTAACTTATGAT,1
GAACTTAATACAAAAT,1
GAACTTAATTTACAGA,1
GAACTTACACTTAAGA,1
GAACTTACCCGATTGC,1
GAACTTACTCGATTAC,1
GAACTTACTCGATTGT,1
GAACTTACTCTATTGC,1
GAACTTAGAAGCATAC,1
GAACTTAGAGGCTGCG,1
GAACTTATAAGCTAAG,1
GAACTTATCATACGAG,1
GAACTTATTCGATTGC,1
GAACTTCAAAACCAAT,1
GAACTTCAAGACCCAC,1
GAACTTCAAGACCGAT,1
GAACTTCAGGACCAAT,1
GAACTTCATACAAGAT,1
GAACTTCCATTTGGAG,1
GAACTTCCCTGTTTCC,1
GAACTTCCTAAAGGTT,1
GAACTTCGAGACCAAT,1
GAACTTCGATTGATGA,1
GAACTTCTAAGGTCCA,1
GAACTTCTCGATAACA,1
GAACTTCTCTGCCCGT,1
GAACTTCTGAGGCCCA,1
GAACTTCTGAGGTCCG,1
GAACTTCTGAGGTCTA,1
GAACTTCTGATGTCCA,1
GAACTTCTGGGTGTGA,1
GAACTTCTGGTTATGA,1
GAACTTGAAAAAACCC,1
GAACTTGAACTTAAGA,1
GAACTTGCAATTAAGA,1
GAACTTGCACCTAAGA,1
GAACTTGCGCTTAAGA,1
GAACTTGGACTTAAGA,1
GAACTTGTACTTAAGA,1
GAACTTGTCTCTAACA,1
GAACTTTAAAGTTCCT,1
GAACTTTACAGGGACC,1
GAACTTTAGGGCATTA,1
GAACTTTCATGGCACC,1
GAACTTTCTAATCAGG,1
GAACTTTGGAAACTCA,1
GAACTTTTACTACAAC,1
GAAGAAAAAAAGAATA,1
GAAGAAAAATATCCAA,1
GAAGAAAACAACTAAA,1
GAAGAAAATCAGTCCA,1
GAAGAAACGCAACTGT,1
GAAGAAACGTTGCAAT,1
GAAGAAACTAAACTGG,1
GAAGAAACTAACCCGA,1
GAAGAAACTAACTGGT,1
GAAGAAAGAAATCCTA,1
GAAGAAAGCAAACATC,1
GAAGAAAGGGTTCTTG,1
GAAGAAATAAAACTGT,1
GAAGAAATCGTTAAAC,1
GAAGAAATGTCGTGAC,1
GAAGAAATTCTCCGAT,1
GAAGAAATTTCGAAAA,1
GAAGAACAACATACGC,1
GAAGAACACGACTGGG,1
GAAGAACAGAGTTTAG,1
GAAGAACATCGCCCAC,1
GAAGAACCACCCAACT,1
GAAGAACCCCCCCAAA,1
GAAGAACCTCAACTAC,1
GAAGAACGGATGTTAT,1
GAAGAACGTCGTTGAT,1
GAAGAAGAACATGTTA,1
GAAGAAGAACTTTCAA,1
GAAGAAGACCCAACCT,1
GAAGAAGACCCAGCAT,1
GAAGAAGAGACTTGTA,1
GAAGAAGAGCCAGCCT,1
GAAGAAGCGCAGCATT,1
GAAGAAGCGCATTCCA,1
GAAGAAGCTTGACGGT,1
GAAGAAGGCGAATTAA,1
GAAGAATACAAGAAGA,1
GAAGAATACTGACTGA,1
GAAGAATAGTCTGATT,1
GAAGAATATATAGACA,1
GAAGAATCCCAAAATT,1
GAAGAATCCTCAAAAA,1
GAAGAATGAAATTAGA,1
GAAGAATGCGCGAAGA,1
GAAGAATGCTCGCAGA,1
GAAGAATTAGATACCT,1
GAAGAATTGCTAAACG,1
GAAGAATTTAAAGCCA,1
GAAGACAAAATAGCAT,1
GAAGACAAAGCAGGAG,1
GAAGACAACCAGTGGC,1
GAAGACAAGCATAATA,1
GAAGACAAGCATACAA,1
GAAGACACGCTGAACA,1
GAAGACACGTCCGACA,1
GAAGACACTACTGACA,1
GAAGACATAGTCATTA,1
GAAGACATATTTCTCG,1
GAAGACATGGGCATCT,1
GAAGACATGGTAAAGG,1
GAAGACATGGTCATTC,1
GAAGACCAAGAAGGAG,1
GAAGACCAAGCATGAG,1
GAAGACCAAGCTGGAG,1
GAAGACCAGAGTTGTC,1
GAAGACCCCCACGCAA,1
GAAGACCTTTATTGTA,1
GAAGACGAACCGACCC,1
GAAGACGGATAAGATC,1
GAAGACGGTTTGAATA,1
GAAGACGTTTCCATAC,1
GAAGACTAAATTAGTT,1
GAAGACTAAGACAAAG,1
GAAGACTACAGGTCTT,1
GAAGACTACATAAGCA,1
GAAGACTACATATGTA,1
GAAGACTAGACGTTTT,1
GAAGACTCTAGTTCAT,1
GAAGACTTCCAGATAC,1
GAAGACTTCCTGCTCA,1
GAAGAGAATATCTTTG,1
GAAGAGACTCCAATTT,1
GAAGAGCAAGACAAGA,1
GAAGAGCGATTCTATC,1
GAAGAGCTATTAATCA,1
GAAGAGCTCTCGAACC,1
GAAGAGCTGGTTGAAA,1
GAAGAGGGATTATATC,1
GAAGAGTAATCAGGGA,1
GAAGAGTAGTCAGAGA,1
GAAGAGTCAAGCAACC,1
GAAGAGTCTAATACAA,1
GAAGAGTCTTTACTCT,1
GAAGAGTCTTTACTGT,1
GAAGAGTGAACATTGA,1
GAAGATAAACCCAAAC,1
GAAGATAAACTAAAAC,1
GAAGATAAACTTAAAC,1
GAAGATAACACCGTAA,1
GAAGATAACATTAGTT,1
GAAGATAAGTCATGAT,1
GAAGATAATAAACTAT,1
GAAGATACAAGCCCTC,1
GAAGATAGCCACTCTA,1
GAAGATAGCGTTCTGA,1
GAAGATATAACTCGAT,1
GAAGATATACACCGAT,1
GAAGATATATACGGAT,1
GAAGATATGCCTCGAT,1
GAAGATCAAAAAAGAT,1
GAAGATCAGCAAGCCG,1
GAAGATCATAAACTGT,1
GAAGATCCAATTAATT,1
GAAGATCGAAATTGAA,1
GAAGATCGATCAACCG,1
GAAGATCGGTATATGA,1
GAAGATCTCAGACGCT,1
GAAGATCTGATCATGT,1
GAAGATGATAGATGAC,1
GAAGATGCAAGGTTAG,1
GAAGATGCAAGGTTGA,1
GAAGATGCCACCCGGA,1
GAAGATGCCATGGTCG,1
GAAGATGCCTTTCAAC,1
GAAGATGTCATCGCGT,1
GAAGATGTGGCAGCAT,1
GAAGATGTTATATAGA,1
GAAGATGTTATATTGG,1
GAAGATTCAATGCGCT,1
GAAGATTCAATTACCA,1
GAAGATTCGCTTGGCG,1
GAAGATTGCGCAGTAA,1
GAAGCAAAAAAATAAT,1
GAAGCAAAAAGATACA,1
GAAGCAAAACCAAATT,1
GAAGCAAAAGAATTTG,1
GAAGCAACAAAGAATT,1
GAAGCAACAATACGAA,1
GAAGCAAGCTGGATCA,1
GAAGCAAGGACGATAA,1
GAAGCAAGGAGACGTC,1
GAAGCAAGGGGACGTC,1
GAAGCAATTAGTACCA,1
GAAGCACAGGAGCCCC,1
GAAGCACGGATGAGTG,1
GAAGCACTTCAAACTA,1
GAAGCACTTTAAAATA,1
GAAGCACTTTTACTCT,1
GAAGCAGAATTAACGT,1
GAAGCAGCCACCATTG,1
GAAGCAGTAGCTTAAA,1
GAAGCAGTGAAGATAC,1
GAAGCAGTGCACTGAG,1
GAAGCATAAGACAAAG,1
GAAGCATCCAAAACAG,1
GAAGCATCGAAAAACA,1
GAAGCATCGAACAAAA,1
GAAGCATCGAACAACC,1
GAAGCATCGATTCTAC,1
GAAGCATGAGTGAGCA,1
GAAGCATTGTTCCCGC,1
GAAGCATTTTATTCGG,1
GAAGCCAAAAAGAAAA,1
GAAGCCAAAATATACA,1
GAAGCCAAACAAAAAT,1
GAAGCCAACAACAAAG,1
GAAGCCAACACGTAGC,1
GAAGCCACAATACGAT,1
GAAGCCACGGTGTCTA,1
GAAGCCACTCAGCATA,1
GAAGCCAGAATATGAT,1
GAAGCCATTCCACCCC,1
GAAGCCCACCCTACAC,1
GAAGCCCCCTATCCAG,1
GAAGCCCTATGGGCCT,1
GAAGCCCTGCTACAAT,1
GAAGCCGATTAACAGC,1
GAAGCCGATTAACCAC,1
GAAGCCGATTAACCGA,1
GAAGCCTAACCCGCGC,1
GAAGCCTATGCAAATT,1
GAAGCCTCAATTACCA,1
GAAGCCTCTCTTACTA,1
GAAGCGAAAAAGAACC,1
GAAGCGAAATGGATTT,1
GAAGCGAAATGTATGT,1
GAAGCGAAGCTCGGAC,1
GAAGCGAAGTGGATGT,1
GAAGCGAATAAGCACC,1
GAAGCGACACTCGGAC,1
GAAGCGACCGGCTTCC,1
GAAGCGACGATCGGAC,1
GAAGCGAGAACGATAA,1
GAAGCGAGGAAGATAA,1
GAAGCGATATAGTCTC,1
GAAGCGCAAATCAGTC,1
GAAGCGCATTACATTA,1
GAAGCGCCCCGCGAAG,1
GAAGCGGTACGGCACA,1
GAAGCGGTTAGAATAG,1
GAAGCGTAGCAAAATG,1
GAAGCGTAGTATCATT,1
GAAGCGTCTATTATAA,1
GAAGCGTGTATAAACA,1
GAAGCTAATAAAAAAA,1
GAAGCTACAATACGAA,1
GAAGCTACATCTCCTA,1
GAAGCTAGTGGGTGGA,1
GAAGCTAGTGGGTGGT,1
GAAGCTAGTGGGTGTC,1
GAAGCTATGTGAGCCT,1
GAAGCTATTCGAGCCT,1
GAAGCTATTGGGTGGC,1
GAAGCTCAAATACCTG,1
GAAGCTCAAATAGATG,1
GAAGCTCCAATTACCA,1
GAAGCTCTACTTAAAG,1
GAAGCTTAAATTACCA,1
GAAGCTTCAACTACCA,1
GAAGCTTCAATTACCG,1
GAAGCTTCTATTTGAC,1
GAAGCTTGAAAATATT,1
GAAGCTTTTTCGCCAA,1
GAAGGAAAATGCATGG,1
GAAGGAAAATTGCGGA,1
GAAGGAACAGAAAAAA,1
GAAGGAACGCTGAACA,1
GAAGGAAGCTGGATAA,1
GAAGGAAGTTTTGTTT,1
GAAGGAATACGAGACT,1
GAAGGAATTAATCGTA,1
GAAGGACCTGATTTCA,1
GAAGGAGAATACTCAA,1
GAAGGAGACCCAAGAG,1
GAAGGAGACCCAGCCT,1
GAAGGAGAGCTGTGTT,1
GAAGGAGCACCAAGAG,1
GAAGGAGGGCTCGAAT,1
GAAGGAGGTGCTATAA,1
GAAGGATATGTCTCAT,1
GAAGGATGCCTGATCA,1
GAAGGATTAGAATATT,1
GAAGGCAAAAACACCA,1
GAAGGCAAGCTGAACA,1
GAAGGCAATCGGTAGT,1
GAAGGCAGACGATTTG,1
GAAGGCATTGCTTAAC,1
GAAGGCCAAGACACAC,1
GAAGGCCAAGATCCAC,1
GAAGGCCAAGGCCCAC,1
GAAGGCCAATACCCAC,1
GAAGGCCAGAAAATGA,1
GAAGGCCATATGAACA,1
GAAGGCCATTGAAACC,1
GAAGGCCTAATAATCA,1
GAAGGCGAAAACACTT,1
GAAGGCGAACCAGACA,1
GAAGGCGAGAAGACGA,1
GAAGGCGATTGTGGAA,1
GAAGGCGCCGGAAACT,1
GAAGGCGGAAAGGGTA,1
GAAGGCTACAACAATG,1
GAAGGCTATTATTCAA,1
GAAGGGAACAGTGCAC,1
GAAGGGAAGACTGCAC,1
GAAGGGAAGAGAGCAC,1
GAAGGGAAGAGTGAAC,1
GAAGGGAATAGTGCAC,1
GAAGGGACCAGTATTA,1
GAAGGGAGTGTAACGC,1
GAAGGGAGTGTCACGA,1
GAAGGGAGTTTCACGC,1
GAAGGGCCGAACGTTC,1
GAAGGGCGCAACTCAC,1
GAAGGGCTGAACGTTA,1
GAAGGGGAGAGTGCAC,1
GAAGGGGAGTCCGCAA,1
GAAGGGGCTGTTGCAA,1
GAAGGGGGATTCTATC,1
GAAGGGTCTCTTCTAT,1
GAAGGGTGAACCTAAA,1
GAAGGGTGGACCTACA,1
GAAGGGTTAACAGTAA,1
GAAGGTAATACTCAAT,1
GAAGGTACATATCCTA,1
GAAGGTACATCCCCTA,1
GAAGGTAGATCTCCTA,1
GAAGGTATATCTCCTA,1
GAAGGTCAGTCCGTAG,1
GAAGGTCATATATAAA,1
GAAGGTCCGATAATTA,1
GAAGGTGAATTTACAC,1
GAAGGTGATCATATGC,1
GAAGGTGGAGAACTTG,1
GAAGGTTAACCAGAGC,1
GAAGGTTCATAGAGTA,1
GAAGTAAAGCGCAGAA,1
GAAGTAACAAGGTACA,1
GAAGTAACACGCACAA,1
GAAGTAACCCGAACAA,1
GAAGTAACCCTCACAA,1
GAAGTAACTCGCGCTA,1
GAAGTAAGACAATAAT,1
GAAGTAAGTACCAAAG,1
GAAGTAATAACATCAA,1
GAAGTAATACAGAGAA,1
GAAGTAATAGACCGCC,1
GAAGTAATAGACCTCT,1
GAAGTACAAAAGTTAA,1
GAAGTACAAATAAAGT,1
GAAGTACAATTTCGAA,1
GAAGTACAGTCCAACG,1
GAAGTACATGCGAAGC,1
GAAGTACATTTATCCA,1
GAAGTACGGATTCCCT,1
GAAGTACGGCGGACCT,1
GAAGTACGGGGAGTAT,1
GAAGTACTCTTAAAGT,1
GAAGTAGAACTGTGTT,1
GAAGTAGACGCAGTAC,1
GAAGTAGGATGTATCA,1
GAAGTAGTAAAGACTA,1
GAAGTAGTTCGGACGG,1
GAAGTAGTTCGTAACC,1
GAAGTATAAGATAACG,1
GAAGTATAAGCTAACC,1
GAAGTATAAGCTACAA,1
GAAGTATAGTTAGTTA,1
GAAGTATCATAATTAC,1
GAAGTATCCAACAAGT,1
GAAGTATCTCAATAAC,1
GAAGTATGAGCTCCAA,1
GAAGTATGTGCTAACG,1
GAAGTATTATTTCGAA,1
GAAGTATTGAGCCATA,1
GAAGTATTTTATTCGT,1
GAAGTCAAAAAGGAGA,1
GAAGTCAAACGCTCAC,1
GAAGTCAAAGCACCTT,1
GAAGTCAACTTTTTGG,1
GAAGTCACAAACATCG,1
GAAGTCACAATATGAT,1
GAAGTCACCCATACCT,1
GAAGTCACGCGGTTTA,1
GAAGTCACGTAGCATA,1
GAAGTCACTTAGAATA,1
GAAGTCAGAATAAGAT,1
GAAGTCAGAATGTGAT,1
GAAGTCAGCTTACTGT,1
GAAGTCCAAAAGGAGG,1
GAAGTCCAAAAGGATA,1
GAAGTCCAAAAGGGGA,1
GAAGTCCAAGTTCAAA,1
GAAGTCCATAGGAACA,1
GAAGTCCATGATCCCA,1
GAAGTCCTTAAATCGA,1
GAAGTCGAAAGTCTCT,1
GAAGTCGAGTCCGATA,1
GAAGTCGATGAAGCTC,1
GAAGTCGCCCGGTTCA,1
GAAGTCGCCCTGTTTA,1
GAAGTCGGTATCCCTT,1
GAAGTCGTCTTTCCCT,1
GAAGTCGTTCGTAAAC,1
GAAGTCGTTCGTAACA,1
GAAGTCGTTCGTGACC,1
GAAGTCTAAGTTAAAA,1
GAAGTCTAATTTCAAA,1
GAAGTCTAGTACATTA,1
GAAGTCTCCCGGTTTA,1
GAAGTCTCTTGGGTAA,1
GAAGTCTTACATAGCC,1
GAAGTCTTCGATCTAA,1
GAAGTGAAAAATCTCC,1
GAAGTGAAACTATCCT,1
GAAGTGAAATAAGTAT,1
GAAGTGAAATATGATA,1
GAAGTGAAGCTATCCA,1
GAAGTGACATGCTAAC,1
GAAGTGAGACTATCCA,1
GAAGTGAGCTTACATT,1
GAAGTGAGTGGGTCAC,1
GAAGTGATGTAAGTAT,1
GAAGTGCAGTACAATA,1
GAAGTGCGAATAAATC,1
GAAGTGCTAAGACTTA,1
GAAGTGGAAAACAGAG,1
GAAGTGGGCCCACCTA,1
GAAGTGGTAAAGAAGG,1
GAAGTGGTGTCCATCA,1
GAAGTGTACCAAAATG,1
GAAGTGTGTATACAAT,1
GAAGTTACATCTCCTA,1
GAAGTTACTAAAGCCG,1
GAAGTTACTTAGCATA,1
GAAGTTATACATACCT,1
GAAGTTATCTTACATA,1
GAAGTTCAAAAGGAGA,1
GAAGTTCACAATCAAA,1
GAAGTTCCTTAGCCTA,1
GAAGTTGAGACATATG,1
GAAGTTGATTATGAGT,1
GAAGTTGGTGATTCTA,1
GAAGTTTAAGAGTTCT,1
GAAGTTTAGGCAGCGG,1
GAAGTTTCTAAAGCTA,1
GAAGTTTCTTGAACGT,1
GAATAAAAAACAATCC,1
GAATAAAAAACGATAC,1
GAATAAAAAAGAACAA,1
GAATAAAAAAGGTGGT,1
GAATAAAAAATGATCC,1
GAATAAAAACACCTCT,1
GAATAAAAACTTTCAA,1
GAATAAAACAATCTGC,1
GAATAAAACACTATGC,1
GAATAAAACACTCTGT,1
GAATAAAACACTCTTC,1
GAATAAAACTTGGAAA,1
GAATAAAAGACTCTGC,1
GAATAAAAGAGTCTTG,1
GAATAAAATAACACCA,1
GAATAAAATATAAAAT,1
GAATAAAATTATTCGC,1
GAATAAACAAAGAAAC,1
GAATAAACAGCATATA,1
GAATAAACCGCTCAAT,1
GAATAAACTAAATCAC,1
GAATAAACTAGACTAA,1
GAATAAACTGACAACT,1
GAATAAACTGACACCC,1
GAATAAAGAGCACCAT,1
GAATAAAGCATCGAAT,1
GAATAAAGGGTCTAAC,1
GAATAAAGTTATACGC,1
GAATAAATAAAGCCGC,1
GAATAAATAAGGTCGT,1
GAATAAATAATCCAGG,1
GAATAAATACCATTTA,1
GAATAAATCAGGTTTT,1
GAATAAATCATCAAGG,1
GAATAAATGAGAGTAA,1
GAATAAATGCATGAAA,1
GAATAAATGGTCTATC,1
GAATAAATTGGGGCGT,1
GAATAACAAACCTTCA,1
GAATAACAACACATCT,1
GAATAACAACACCTCC,1
GAATAACAATACCTCT,1
GAATAACACAGGGTCA,1
GAATAACACTATTCGC,1
GAATAACACTCGGAAA,1
GAATAACAGCACCTCT,1
GAATAACATCGTGGAG,1
GAATAACATGCCGCAC,1
GAATAACATTATTCTC,1
GAATAACCACTTACAA,1
GAATAACCAGCAAATA,1
GAATAACCCACAAATA,1
GAATAACCCGCGCTAC,1
GAATAACCGCGAAAGA,1
GAATAACCGCGTGGAG,1
GAATAACCTCGTGTAG,1
GAATAACCTCTTGGAG,1
GAATAACGCGCAGAAA,1
GAATAACTAACCAATC,1
GAATAACTCCCCACAG,1
GAATAACTCGAATAAT,1
GAATAACTGTATGAAA,1
GAATAACTTAAGTAGT,1
GAATAACTTGTGGGAT,1
GAATAAGAAAGCTGTA,1
GAATAAGAAATCAAAC,1
GAATAAGAAATCTATA,1
GAATAAGAACACCTCT,1
GAATAAGACCAATGTA,1
GAATAAGAGACTGGCC,1
GAATAAGATGCTCACG,1
GAATAAGATTAGATCT,1
GAATAAGCCTATTGGC,1
GAATAAGCGCACACTA,1
GAATAAGCGGACAAAG,1
GAATAAGCTATAATAA,1
GAATAAGGGAGCCAGG,1
GAATAAGTAAACTTAC,1
GAATAAGTCAAAAATT,1
GAATAAGTGCATGTAT,1
GAATAATAAAAATTAA,1
GAATAATAACCGACTG,1
GAATAATAACCGGGAT,1
GAATAATAACCGGGTG,1
GAATAATAACTCTGAT,1
GAATAATAACTGACTG,1
GAATAATAATTCCTTT,1
GAATAATACAGTTTAG,1
GAATAATATAGTTCAC,1
GAATAATATCCCATAA,1
GAATAATCACCACTAA,1
GAATAATCATAACAGA,1
GAATAATCATAACGAA,1
GAATAATCCACGACAC,1
GAATAATCCATGACAC,1
GAATAATCTTTAACCA,1
GAATAATGCATCGAAT,1
GAATAATGCGGACAAA,1
GAATAATGCGTATAAA,1
GAATAATGGATGCCAT,1
GAATAATTACATGATA,1
GAATAATTAGTATAAA,1
GAATAATTCCCCTTCA,1
GAATAATTCTCCTACA,1
GAATAATTCTCCTTAA,1
GAATAATTGATTGACA,1
GAATACAAATGCCACT,1
GAATACAAATGCTCCT,1
GAATACAAGAGGTGGT,1
GAATACAAGATGAAGC,1
GAATACAATCATAATA,1
GAATACACAGATTCCC,1
GAATACACCACTAAAA,1
GAATACAGAGGATTAA,1
GAATACAGTTCGGGCC,1
GAATACATGATAAAGG,1
GAATACATGGTAATTA,1
GAATACATTTTATAAG,1
GAATACCAAAAAACCC,1
GAATACCAACAAAACC,1
GAATACCAACAAACAC,1
GAATACCAACAAAGCC,1
GAATACCAACAAGCCC,1
GAATACCAACACACCC,1
GAATACCAATAAACCC,1
GAATACCAGCAAACCC,1
GAATACCATCAACCAC,1
GAATACCCAGCACTAT,1
GAATACCGAAATCGCC,1
GAATACCGGACAGAAA,1
GAATACCGGTGTTCGA,1
GAATACCTAAAAACAA,1
GAATACCTACATTGCA,1
GAATACCTGAACAATC,1
GAATACCTTTATATGG,1
GAATACGAACCTGACA,1
GAATACGAACTTCCCA,1
GAATACGCAAAGAATA,1
GAATACGCAAAGGGTA,1
GAATACGGATAAAATG,1
GAATACGGGAGCCAGC,1
GAATACGGGAGCGAGG,1
GAATACGGGAGTCAGG,1
GAATACGGTAGCCAGG,1
GAATACGTAACATTAT,1
GAATACGTATGCTAAC,1
GAATACGTCAAGCTTT,1
GAATACGTGAAGTAAC,1
GAATACGTTCCATTAT,1
GAATACTATGAACATT,1
GAATACTCGAATTTTC,1
GAATACTTAAAGACAG,1
GAATACTTAAATTAAT,1
GAATACTTAGGACGGC,1
GAATACTTATGCTGAT,1
GAATACTTTAAGTTCT,1
GAATACTTTCCTGACC,1
GAATAGAACCCGCCTT,1
GAATAGAATGATCTCG,1
GAATAGACACCCATGT,1
GAATAGACATGAATAA,1
GAATAGACCACGATCG,1
GAATAGACCAGCCGTA,1
GAATAGACCGACAACT,1
GAATAGACCGACAATA,1
GAATAGACCTACAACG,1
GAATAGACGATAGTAC,1
GAATAGAGAGATTCCA,1
GAATAGAGATGTGCGC,1
GAATAGAGCTGCACTA,1
GAATAGATAAAACCAT,1
GAATAGATCGATGAAG,1
GAATAGATGAAACACA,1
GAATAGCACGAGAAGA,1
GAATAGCATAGACCAT,1
GAATAGCCCAACCCGA,1
GAATAGCCCCCTCGAT,1
GAATAGCCTCGTGGAG,1
GAATAGCGAATTAAAG,1
GAATAGCGGCAAGAAT,1
GAATAGGAAATTACGA,1
GAATAGGAACGGATAA,1
GAATAGGAGTTAAGCA,1
GAATAGGATATCGCAG,1
GAATAGGATATCTCAA,1
GAATAGGGTCAAATCT,1
GAATAGGTAAAAATCA,1
GAATAGGTAGCGGGTT,1
GAATAGGTCGTCAGGC,1
GAATAGGTCGTCCGTC,1
GAATAGGTCGTGCGGC,1
GAATAGGTGGTCCGGC,1
GAATAGGTTTGGTATC,1
GAATAGTAACAGTCTC,1
GAATAGTAAGATGTTC,1
GAATAGTAGGAAAAAT,1
GAATAGTATAAGCCGA,1
GAATAGTCTAAACCGA,1
GAATAGTCTAAGCAGA,1
GAATAGTTACCTGACA,1
GAATAGTTCGTCCGGC,1
GAATATAAAAAGCTTA,1
GAATATAATAAGAGTG,1
GAATATAATGAAAGTG,1
GAATATACAAAGATTA,1
GAATATACAAATCTTA,1
GAATATACAACCAATA,1
GAATATACAGACATTA,1
GAATATACCAACTTTA,1
GAATATACTACAGCCA,1
GAATATAGACAAGGAA,1
GAATATAGATTATGTA,1
GAATATAGGTCATGTA,1
GAATATAGGTTATGTG,1
GAATATATACCATTAC,1
GAATATATATGACTAA,1
GAATATATGGGACTAA,1
GAATATATGTTATGTA,1
GAATATATTTCCTGCC,1
GAATATCACCTGTTAA,1
GAATATCATCCCAGGT,1
GAATATCCACGTAATG,1
GAATATCCATATTGAT,1
GAATATCCGGGCTGTA,1
GAATATCCTAAGATTC,1
GAATATCGCCCAAAGC,1
GAATATCGCTAACACT,1
GAATATCGGGAAAGGT,1
GAATATCTTCAATTCA,1
GAATATCTTCCTGACC,1
GAATATCTTTAAATCA,1
GAATATGAAATTATGA,1
GAATATGAGGCTCAGA,1
GAATATGATAGATGAC,1
GAATATGATATCGCAA,1
GAATATGATGCACCGT,1
GAATATGATGCTCATA,1
GAATATGATGCTCGGA,1
GAATATGATGGTCAGA,1
GAATATGATGTTCAGA,1
GAATATGCCAAGACAT,1
GAATATGCGACAAATC,1
GAATATGGAGGTCAAT,1
GAATATTAAATATTGA,1
GAATATTAAGATGCTT,1
GAATATTCATTGCTCT,1
GAATATTCTAAGCCGA,1
GAATATTGAAAACTAC,1
GAATATTGACATTCAA,1
GAATATTGCATGCAGA,1
GAATATTGCCTAAAAA,1
GAATATTGGGCGGAAA,1
GAATATTGTCTTAGTG,1
GAATATTTAAACCAAA,1
GAATATTTCATGCAAA,1
GAATATTTTAAAACAT,1
GAATATTTTACTGACC,1
GAATATTTTTAAATCT,1
GAATCAAAAAATTAGA,1
GAATCAAAAATACCCG,1
GAATCAAACATAACAC,1
GAATCAAACCAATGTA,1
GAATCAAACTAGCATA,1
GAATCAAAGACACAAA,1
GAATCAAATTATTCAT,1
GAATCAACAATTCTAG,1
GAATCAACAATTCTCT,1
GAATCAACCTACTTCA,1
GAATCAAGAAGGGGCT,1
GAATCAATACATAGCC,1
GAATCAATACTCGAGA,1
GAATCAATAGTGAGAG,1
GAATCAATCCTGGCTC,1
GAATCAATCTATCCCA,1
GAATCAATGAAATCTA,1
GAATCAATGAAGAGTG,1
GAATCAATGACTAACT,1
GAATCAATGTATCCAA,1
GAATCAATTAAGAGTT,1
GAATCAATTGATGGCG,1
GAATCAATTTTTTTCC,1
GAATCACAGAAGTCCC,1
GAATCACATCTGTTAC,1
GAATCACCATGTCGCA,1
GAATCACCCGGAAGCA,1
GAATCACCTCATCCAC,1
GAATCACGGTTGATAA,1
GAATCACTGCAAGCCC,1
GAATCAGACCAAAGAA,1
GAATCAGACCAATCTA,1
GAATCAGACCAATGCA,1
GAATCAGACCAATGTT,1
GAATCAGACCAATTTA,1
GAATCAGACCAGTGTA,1
GAATCAGAGGCTTTGG,1
GAATCAGATCAATTCC,1
GAATCAGATGCCAAAT,1
GAATCAGCTGATCAGA,1
GAATCATAATAAATCT,1
GAATCATAGGAGCGAT,1
GAATCATAGTCCGATC,1
GAATCATATACGGCAT,1
GAATCATCATCAGTCC,1
GAATCATTAGAACAGA,1
GAATCATTATTTGGGT,1
GAATCCAAAACACAAA,1
GAATCCAAGACAAAAA,1
GAATCCAAGGAGAATA,1
GAATCCAATACAAATA,1
GAATCCAATACACAAA,1
GAATCCACTCCTAATG,1
GAATCCAGACCACGTG,1
GAATCCAGACTACACC,1
GAATCCATACCATCTA,1
GAATCCCACAACACTT,1
GAATCCCAGCTCCAGG,1
GAATCCCCAATGAGAT,1
GAATCCCCCGTATCCC,1
GAATCCCTGATAACAT,1
GAATCCCTGATAACTT,1
GAATCCCTTATAACCT,1
GAATCCCTTCCTATTC,1
GAATCCCTTCTTATTG,1
GAATCCGACCCTGACA,1
GAATCCGCGCCTAATG,1
GAATCCGTACGATCAC,1
GAATCCTAAAAAACCT,1
GAATCCTAACCATATG,1
GAATCCTAATAAACCT,1
GAATCCTACGAAAAAT,1
GAATCCTCGAGCCTTC,1
GAATCCTTAGTCAAAT,1
GAATCGAAATAAACGC,1
GAATCGAGAGTCGACG,1
GAATCGATAACATCTA,1
GAATCGATAGCATCTA,1
GAATCGATGTCTTTTG,1
GAATCGCCTCATATCT,1
GAATCGCGACAAGAAT,1
GAATCGCGGAAAGAAT,1
GAATCGCTTGAGTATG,1
GAATCGGCTTAAAACG,1
GAATCGGGACAAACAG,1
GAATCGGGTATAAGCG,1
GAATCGTAAAGTGTCT,1
GAATCGTACCAAAATG,1
GAATCGTAGTATCCTT,1
GAATCGTCCAAGGCTC,1
GAATCGTGCAAACTAA,1
GAATCGTGCGATTGTA,1
GAATCGTTTACAGAAC,1
GAATCGTTTCCATAAC,1
GAATCTACATCAACAA,1
GAATCTAGAAAAGGCA,1
GAATCTAGGGTACAAC,1
GAATCTAGTACCCACA,1
GAATCTAGTATCTACA,1
GAATCTATAACTTTTC,1
GAATCTATTCAATAAA,1
GAATCTCCTCCAAAAG,1
GAATCTCCTTGGGGCA,1
GAATCTCTACTATCAA,1
GAATCTCTTGATCAAC,1
GAATCTGAAGTTAATA,1
GAATCTGAGTCAAAAC,1
GAATCTGCAATCTTGC,1
GAATCTGCGACAAATT,1
GAATCTGGCGACCCCA,1
GAATCTGTTAGGCGAG,1
GAATCTTAATATACCA,1
GAATCTTAATCTACCG,1
GAATCTTAATCTATCA,1
GAATCTTAATCTATCC,1
GAATCTTCAATTACCA,1
GAATCTTGGCAAGACT,1
GAATCTTGTACTGTCT,1
GAATCTTTAAATTTTC,1
GAATCTTTAACTATTC,1
GAATCTTTAGAAGCAT,1
GAATCTTTGACTTTTC,1
GAATGAAAGCGAACTG,1
GAATGAACAGAAGAAA,1
GAATGAACATGTCAAA,1
GAATGAAGAAACAAGA,1
GAATGAAGATCGCCGA,1
GAATGAAGCAACAGAA,1
GAATGAAGCCACACCA,1
GAATGAAGTATTGATA,1
GAATGAATAATGTCAC,1
GAATGAATAGATGAGA,1
GAATGAATATGGCAAA,1
GAATGAATATTACACT,1
GAATGAATGCTAAGAG,1
GAATGAATTAAATCCA,1
GAATGACAAGTTAAAA,1
GAATGACACACCTCTC,1
GAATGACAGGAATCAT,1
GAATGACATGGTAGAA,1
GAATGACCACCGTATA,1
GAATGACGCAAAAGGT,1
GAATGACGGGAAACAC,1
GAATGACTGAGTTAAC,1
GAATGAGAACAATTCG,1
GAATGAGAACTTTAGA,1
GAATGAGCTTATCATC,1
GAATGAGCTTATCATT,1
GAATGAGGAAAATAGA,1
GAATGAGGGAAATAAA,1
GAATGAGTAGCCTAGG,1
GAATGAGTAGCCTGGG,1
GAATGAGTCAAAGATT,1
GAATGATAATATAAGA,1
GAATGATACTTGAAGA,1
GAATGATATAACGAAA,1
GAATGCAAGACACAAA,1
GAATGCAGAAAGGGTA,1
GAATGCAGTTACTCGA,1
GAATGCATCGGTAATA,1
GAATGCCAAGCTAAAA,1
GAATGCCAATTCACTT,1
GAATGCCACACTACTC,1
GAATGCCAGGTTAAAA,1
GAATGCCCGCCTAAGA,1
GAATGCCCTGAGTGTG,1
GAATGCCGATAGAAAG,1
GAATGCCTTCTGACCC,1
GAATGCGTTGCACGTG,1
GAATGCTACTGCCTTG,1
GAATGCTATCGAGTCA,1
GAATGCTCTGCGCCAT,1
GAATGCTGGTGTTCGA,1
GAATGCTTTTGGAACG,1
GAATGGAACTCATGTA,1
GAATGGAAGAGTCATA,1
GAATGGAATTGAAATC,1
GAATGGATAAAACACA,1
GAATGGATCTAACCGT,1
GAATGGATTAAGATTA,1
GAATGGCAGCAAATTG,1
GAATGGCATGATTAAT,1
GAATGGCTTTGTAGCG,1
GAATGGGAAAGTATGG,1
GAATGGGAGACGGGTT,1
GAATGGGCTTAATTCG,1
GAATGGGGACCCACTC,1
GAATGGGTAAACCTGG,1
GAATGGGTCAAAGTAG,1
GAATGGGTCGTCCGGC,1
GAATGGTAACATTACA,1
GAATGGTCGACTTGAT,1
GAATGGTGATAGTGTG,1
GAATGTAAAAACACAT,1
GAATGTAAAGCTCACA,1
GAATGTAATTGAAACC,1
GAATGTACTCATTCAA,1
GAATGTAGAATAGTTA,1
GAATGTATAAGTAGCT,1
GAATGTATATCAAACT,1
GAATGTATCATTGAGA,1
GAATGTATCCCAAACT,1
GAATGTATCTCAAAAT,1
GAATGTATGTCAAACT,1
GAATGTCCCATTGAGA,1
GAATGTCTAAGTATCT,1
GAATGTCTAGATCAAC,1
GAATGTCTAGATCCCA,1
GAATGTCTCACTGAGA,1
GAATGTCTCATTGAAA,1
GAATGTCTCATTGATA,1
GAATGTCTCATTGGGA,1
GAATGTCTCTTTGAGA,1
GAATGTCTGAGTAGCT,1
GAATGTCTGGATCAAC,1
GAATGTCTTGATAAAC,1
GAATGTCTTGATCAAT,1
GAATGTCTTGCGAGAG,1
GAATGTCTTTATCAAC,1
GAATGTGCATCGAGAG,1
GAATGTGCCCATTCAA,1
GAATGTGCGTGTACTG,1
GAATGTGCTCATTCGA,1
GAATGTGGGACCTCAG,1
GAATGTTAAATGGGAC,1
GAATGTTAAGTGGGAA,1
GAATGTTAGGGCTTTC,1
GAATGTTATAACCAGT,1
GAATGTTCGAGTTTGT,1
GAATGTTGAAGCGTTC,1
GAATGTTTCGCCCTAA,1
GAATGTTTGTAATACG,1
GAATGTTTTGATCAAC,1
GAATTAAAAGAAACAA,1
GAATTAAAGTAAACAC,1
GAATTAAATATTAAAG,1
GAATTAACACGAAATC,1
GAATTAACGGCCTCAC,1
GAATTAACGTTCAATC,1
GAATTAACTGGTATCC,1
GAATTAAGAACTGAAG,1
GAATTAAGAGGCGTGG,1
GAATTAAGCACATTTA,1
GAATTAAGGACTGAAG,1
GAATTAAGGCCAAATT,1
GAATTAATCATTAAAA,1
GAATTAATCTGATAAA,1
GAATTAATCTTAGACT,1
GAATTAATTAGTATAA,1
GAATTACAAAAGGCAC,1
GAATTACAAGAGAACA,1
GAATTACACTTATCCA,1
GAATTACCAAGCTCGT,1
GAATTACCATATCCAC,1
GAATTACCTTCCAAAG,1
GAATTACGCATCCAAT,1
GAATTACGGATCAAAT,1
GAATTACGGATCCAAC,1
GAATTACGGATCCTAT,1
GAATTACTCCCACGGA,1
GAATTACTGATTACCA,1
GAATTAGAATACCTGC,1
GAATTAGACGCACATC,1
GAATTAGATGAAGCTC,1
GAATTAGATTAAAAAT,1
GAATTAGCACTCAAAA,1
GAATTAGCTAGCGTAC,1
GAATTAGGACCTCGAA,1
GAATTAGGTGAGTCCC,1
GAATTAGTTCTGGCGC,1
GAATTATAAGATAACG,1
GAATTATAGCATACTG,1
GAATTATCTGATCTTA,1
GAATTATGACTTTCGA,1
GAATTATGTAAAAGAC,1
GAATTATGTACCTGGG,1
GAATTATGTCCCTGAG,1
GAATTATGTCCCTGTG,1
GAATTATGTCCCTTGG,1
GAATTATTCCCTAACT,1
GAATTATTGCCTCACT,1
GAATTCAAACACCGCA,1
GAATTCAAAGTGCAGT,1
GAATTCAACCAAATCA,1
GAATTCAACTATCGAG,1
GAATTCAAGGCCTCAC,1
GAATTCAAGTAAACAC,1
GAATTCACAATTTCCT,1
GAATTCACGCCCTCAC,1
GAATTCACGGACTCAC,1
GAATTCACGGCCCCAC,1
GAATTCACGGCCTCAT,1
GAATTCACGGCTTCAC,1
GAATTCACTTCACAGC,1
GAATTCAGATCGGAGA,1
GAATTCATCAGAAATG,1
GAATTCATGGCCTCAC,1
GAATTCATTCAAGACT,1
GAATTCCAAGTTAAAA,1
GAATTCCACCACTACG,1
GAATTCCAGTGAACAC,1
GAATTCCCAACCCCAC,1
GAATTCCCCCGATCAT,1
GAATTCCCCGTACATA,1
GAATTCCCGGGAGAAG,1
GAATTCCCTCCAATCT,1
GAATTCCCTTAACAGC,1
GAATTCCCTTCACAGG,1
GAATTCCTAGTGAATA,1
GAATTCGACAGCAGAA,1
GAATTCGATGAAGCTT,1
GAATTCGCGGCCTCAC,1
GAATTCGTGCCTATAT,1
GAATTCGTTCGTAACC,1
GAATTCTGAGGGGTAA,1
GAATTCTTGTGTAAAA,1
GAATTGAAACAAAAAA,1
GAATTGAAACATCTGG,1
GAATTGAAGGCAGGGG,1
GAATTGAATGCATGGG,1
GAATTGAATTCAGGGG,1
GAATTGAGAAAGACAC,1
GAATTGAGCCGGGACC,1
GAATTGATACGGCATT,1
GAATTGATACTGATGT,1
GAATTGATCAGGCATT,1
GAATTGATCCTGCATT,1
GAATTGATGAATACGG,1
GAATTGATTGCCAGTA,1
GAATTGCAAACGTCTC,1
GAATTGCACAAGCATA,1
GAATTGCCAAACCTAT,1
GAATTGCCGGTAAGGA,1
GAATTGCCTATAGAAG,1
GAATTGCCTCTAGAAT,1
GAATTGCGCCGGGAAC,1
GAATTGCGCCGGGATC,1
GAATTGCGCCGTGACC,1
GAATTGGACCCCTAAT,1
GAATTGGAGTTAAGCA,1
GAATTGGATACAAAAC,1
GAATTGTAAAAGAAAT,1
GAATTGTAAAAGTACT,1
GAATTGTACATGGCCC,1
GAATTGTACCAAACTG,1
GAATTGTCTGATGAGC,1
GAATTGTGAAAACCAA,1
GAATTGTGTCCCTGGG,1
GAATTGTTCTTAGAAG,1
GAATTGTTGCATATGT,1
GAATTGTTGCTACGCA,1
GAATTTAAAAATATAT,1
GAATTTAAAAGAGTCC,1
GAATTTAAATTATCTT,1
GAATTTAAGTACGAGG,1
GAATTTAAGTTGTCTT,1
GAATTTACAGGTTACC,1
GAATTTACGAATATAT,1
GAATTTACGCATTACA,1
GAATTTACGGCCTCAC,1
GAATTTACGTTCAATC,1
GAATTTACTCGATTGC,1
GAATTTAGCAACTATA,1
GAATTTAGCGAAGGGT,1
GAATTTAGGAAATTTC,1
GAATTTAGGTAATGTC,1
GAATTTAGTTCCTTAT,1
GAATTTATAAGACACG,1
GAATTTATAATCTGAC,1
GAATTTATGCACATGA,1
GAATTTCACTCAATAC,1
GAATTTCATCTTATGA,1
GAATTTCCGGGAAGGA,1
GAATTTCCGGGCTGCA,1
GAATTTCCGTGCTGTA,1
GAATTTCCTCTAGAAG,1
GAATTTCGGAGCGCCG,1
GAATTTCGGGGCTGTA,1
GAATTTCGTAACATGG,1
GAATTTCGTATTAATT,1
GAATTTCTTGATCAAC,1
GAATTTCTTTTAACAC,1
GAATTTGACCACACCT,1
GAATTTGCCCACAATT,1
GAATTTGCGACAAATC,1
GAATTTGGCGAAGGGC,1
GAATTTGGCGAATGGT,1
GAATTTGGCGGAGGGT,1
GAATTTGGCTAAGGGT,1
GAATTTGGGCACCAAT,1
GAATTTGTCGAAGGGT,1
GAATTTGTTATTAATT,1
GAATTTTAACTCAAAA,1
GAATTTTAATCTACCA,1
GAATTTTACAAAAATT,1
GAATTTTGCGCATGGA,1
GAATTTTTCTTACAAG,1
GACAAAAAAACTACAT,1
GACAAAAAACAAATAC,1
GACAAAAAACCATGTC,1
GACAAAAAACCATTTT,1
GACAAAAAATAAGCCG,1
GACAAAAACTGACTTC,1
GACAAAAAGAAAGGAG,1
GACAAAAAGACAGTAT,1
GACAAAAAGCCATGTT,1
GACAAAAAGGCGCTTA,1
GACAAAACACATAATC,1
GACAAAACTAATTTAC,1
GACAAAATAAGCATGA,1
GACAAAATAATGATGT,1
GACAAAATACATCAAA,1
GACAAAATCGAAGTTA,1
GACAAAATGACTGTAC,1
GACAAAATTAACACAC,1
GACAAAATTAATTTTA,1
GACAAACAAATCAAAT,1
GACAAACAAGTCAAAC,1
GACAAACAGAATGAGA,1
GACAAACAGGTTTGCG,1
GACAAACATAAATACA,1
GACAAACCAAAGGGAA,1
GACAAACCATTAAGAA,1
GACAAACCGTAAGTTA,1
GACAAACCTAAGCCTA,1
GACAAACTAAACAGTC,1
GACAAACTAAGATTGT,1
GACAAACTTAAGATCC,1
GACAAAGAACTTGCGC,1
GACAAAGACAAACATT,1
GACAAAGACACATCGA,1
GACAAAGAGAATGAAT,1
GACAAAGCAGAAAATG,1
GACAAAGCTAATAGCT,1
GACAAAGCTAATGAAT,1
GACAAAGGAAAATTCC,1
GACAAAGGACGACAAC,1
GACAAAGTAGTTATGC,1
GACAAAGTATAATAAC,1
GACAAAGTCATGATGT,1
GACAAAGTGCGAGAAC,1
GACAAAGTTACATCCG,1
GACAAAGTTGGCACTA,1
GACAAATAATAAAATT,1
GACAAATACATCTTCA,1
GACAAATATAAGCAAA,1
GACAAATATTAATTAT,1
GACAAATCCGCGGAGG,1
GACAAATCCTTTACTG,1
GACAAATGTGAGAACC,1
GACAAATTATAGAGGA,1
GACAAATTATATTCTT,1
GACAAATTATCTCGCA,1
GACAAATTGAAAGGAG,1
GACAACAACATACGTC,1
GACAACAACCGACATC,1
GACAACAACTTAAAGA,1
GACAACAAGCTACGTC,1
GACAACAATCAACCCG,1
GACAACAATCAATAAC,1
GACAACAATCCACGCG,1
GACAACACAACTATCA,1
GACAACACAAGGATCA,1
GACAACACAATATTAG,1
GACAACACAATCTAGG,1
GACAACACATAAACAC,1
GACAACACTTCAGGCT,1
GACAACATGGAAACTT,1
GACAACATTAATACAG,1
GACAACCAAAAGGGCA,1
GACAACCAAATGCAAC,1
GACAACCACATGAAAC,1
GACAACCACATGCGAC,1
GACAACCAGATGCAAC,1
GACAACCAGCATTGAG,1
GACAACCCCAAAAACT,1
GACAACCCCCCCACGA,1
GACAACCCCTACAAAT,1
GACAACCCGGGCCATA,1
GACAACCGAACCCAGC,1
GACAACCTGTTATGAC,1
GACAACGAGAACTAAG,1
GACAACGTACCTATCT,1
GACAACGTTCAAAATG,1
GACAACTAAATTAGTT,1
GACAACTAAGGGCATG,1
GACAACTACATGCAAC,1
GACAACTATAACATGA,1
GACAACTCAACGATAA,1
GACAACTCGAAACAAC,1
GACAACTCTATACCGG,1
GACAACTGAAAGAAAC,1
GACAACTGAAAGAACG,1
GACAACTGAAAGAACT,1
GACAACTGAATGAACC,1
GACAACTGGACCCAGC,1
GACAACTTAAAGAACC,1
GACAACTTAAGTCGAA,1
GACAACTTAGCGAGTG,1
GACAACTTATGTCAAC,1
GACAACTTATTGACCA,1
GACAACTTGAATCCCC,1
GACAAGAAAAAAGAAC,1
GACAAGAAAAATCGGA,1
GACAAGAAAAATGAGA,1
GACAAGAAAAGAGAAA,1
GACAAGAAAAGAGAAG,1
GACAAGAACACCCCGA,1
GACAAGAACCCCCGAA,1
GACAAGAACTATCGCA,1
GACAAGACAATAAAAC,1
GACAAGACAATAAGGA,1
GACAAGACAATAAGTC,1
GACAAGACATCCCCAT,1
GACAAGACCCTGATAC,1
GACAAGACTAACCCAA,1
GACAAGAGACCAAACG,1
GACAAGAGCAACAAAA,1
GACAAGATCAACCACT,1
GACAAGATGTTACCGT,1
GACAAGCACATGCAAC,1
GACAAGCCAAACGAGA,1
GACAAGCCCAAAAACG,1
GACAAGCCTAAAAACC,1
GACAAGCGTATTAATA,1
GACAAGCTAAATTTTT,1
GACAAGCTAACAACAA,1
GACAAGCTGACAATAT,1
GACAAGGAACTGAGGG,1
GACAAGGCCAAAACCT,1
GACAAGGCGAATGAAT,1
GACAAGGGATACAAGA,1
GACAAGGGATCTAATC,1
GACAAGGTTAATGTCC,1
GACAAGTAGAAAAATC,1
GACAAGTCCTTGACTG,1
GACAAGTCGAGTAATG,1
GACAAGTGAACGTGTA,1
GACAAGTGAATTAAAC,1
GACAAGTGAATTAGCC,1
GACAAGTGATCTCATC,1
GACAAGTTAACTAAAG,1
GACAAGTTACATAAAG,1
GACAAGTTACCTAAAA,1
GACAAGTTATAGTACT,1
GACAAGTTATCTAAAG,1
GACAAGTTGCCTAAAG,1
GACAATAAAAGTTTGA,1
GACAATAAATTACCCC,1
GACAATAAATTCGGAA,1
GACAATAATATTTACA,1
GACAATAATGACCTCC,1
GACAATACATTAAAGC,1
GACAATACCACCCTTA,1
GACAATACGACCTTGC,1
GACAATACTAGTTCTG,1
GACAATACTTTAGGAT,1
GACAATACTTTATGAG,1
GACAATACTTTGGGAG,1
GACAATAGAGACGGAG,1
GACAATAGCGCATAAA,1
GACAATAGGAGAAATA,1
GACAATAGGGACGGAA,1
GACAATAGGTTAAAAA,1
GACAATAGTTTGAAAA,1
GACAATATAATTGGTT,1
GACAATATGACCATTG,1
GACAATATTAGTAACC,1
GACAATATTCATAACC,1
GACAATATTCGTAACA,1
GACAATATTGGTAACA,1
GACAATATTTGTAACC,1
GACAATATTTTAAAAA,1
GACAATCAACGGTATT,1
GACAATCACAAGCAGA,1
GACAATCAGAGCCTAC,1
GACAATCCAACCCACA,1
GACAATCCATGCAGAG,1
GACAATCCCCTACAGA,1
GACAATCCTAGTTCTA,1
GACAATCGGACCCTAC,1
GACAATCGGGGAAATA,1
GACAATCGGTCGCTTT,1
GACAATCGTGAAAGCC,1
GACAATCTAACCCAGA,1
GACAATCTAATCATAG,1
GACAATCTCAACCATT,1
GACAATCTGACCCTAC,1
GACAATCTTAGTTCTG,1
GACAATGAAAATATTT,1
GACAATGAAATATACT,1
GACAATGACCTCGAGA,1
GACAATGATGTTGACT,1
GACAATGATTCGAACG,1
GACAATGCCACCCATA,1
GACAATGCGACCATTG,1
GACAATGCTTGGAACG,1
GACAATGGATCTCATC,1
GACAATGTATTCCATT,1
GACAATGTGACCATTA,1
GACAATGTGACCATTT,1
GACAATTAGACCCTAC,1
GACAATTGAACCCATT,1
GACAATTGCAAGCCAG,1
GACAATTGGGAGTTTT,1
GACAATTGTATACTGT,1
GACAATTGTATCCTAT,1
GACAATTTATAAATTA,1
GACAATTTCAATGAAG,1
GACAATTTTAATGAGG,1
GACACAAAATAGTGTA,1
GACACAAACTTGCGAG,1
GACACAAATACAGAAC,1
GACACAAATGAACTCC,1
GACACAAATTAAAACC,1
GACACAACAAAAAAAC,1
GACACAACCGAAGTTA,1
GACACAACTCGACCAC,1
GACACAACTGTGACAA,1
GACACAAGATGAGGAT,1
GACACAAGCTGTTTGC,1
GACACAATAGAAGTTA,1
GACACAATCGAAGTCA,1
GACACACAAATCCAAG,1
GACACACAATAATACC,1
GACACACACGCATTCT,1
GACACACACTAAATAT,1
GACACACATATACCAG,1
GACACACATATGAACA,1
GACACACATTACCGGA,1
GACACACCAAGTGACG,1
GACACACCCCATTCTA,1
GACACACCGTAAGTCA,1
GACACACCGTAATTTA,1
GACACACCTCATGCTA,1
GACACACCTCTATAAT,1
GACACACCTTAAGTTA,1
GACACACGGGGCCTGT,1
GACACACTATCTGTAA,1
GACACACTCCTTAATG,1
GACACACTGCGACTCA,1
GACACAGAATTTACAG,1
GACACAGACAGACATC,1
GACACAGATCTCCAGT,1
GACACAGGTAAACCCA,1
GACACAGGTGAATCAG,1
GACACAGTAATTCCTG,1
GACACAGTAGTATCGT,1
GACACAGTGCCCGAAA,1
GACACAGTTGACTTTA,1
GACACAGTTGATGTCT,1
GACACATACCGCCCTA,1
GACACATATTAAAATG,1
GACACATCTACTAGGT,1
GACACATCTCGATTTA,1
GACACATGCCCGAGGT,1
GACACATTACTACAAC,1
GACACATTACTCCAGC,1
GACACCAACACCTGAG,1
GACACCAACTAAGTTG,1
GACACCAAGCATATAA,1
GACACCAATAAGGGAA,1
GACACCACCAATACAG,1
GACACCAGCCAAACTG,1
GACACCATCCTGTACG,1
GACACCATGACTCCAG,1
GACACCATTCACACTT,1
GACACCCAAAAGGTCA,1
GACACCCAAACAGACA,1
GACACCCAAAGGGGCA,1
GACACCCACGGGACCG,1
GACACCCCAAAGGGCA,1
GACACCCCTTTTCACA,1
GACACCCGAACCAACA,1
GACACCCGACGGAACG,1
GACACCCTCAGGTTTC,1
GACACCGATTCACTAA,1
GACACCGCAACAAGAG,1
GACACCGGGGGGGGAA,1
GACACCTACATCTTAA,1
GACACCTATAATTCAG,1
GACACCTCGGAATTAA,1
GACACCTCTATAGGAA,1
GACACCTGAAACGCGC,1
GACACCTGCACTATCT,1
GACACCTGTTACCAAC,1
GACACGAAAAATTTAG,1
GACACGAAGGCGAAAG,1
GACACGAATATCCGAT,1
GACACGACAAAAAAAA,1
GACACGATAACAACAA,1
GACACGATTCTCGATC,1
GACACGCAACAGACCA,1
GACACGCAACTTAGCC,1
GACACGCAAGATTCAC,1
GACACGCACCAGACCT,1
GACACGCACCATACCA,1
GACACGCATTTGCAAA,1
GACACGCCGATCCAGT,1
GACACGCCTAACTTTT,1
GACACGCCTCAAACTT,1
GACACGCCTTAAACGT,1
GACACGCCTTCAGCGC,1
GACACGCTCATCACAC,1
GACACGCTCGGCACAC,1
GACACGCTGACAACAA,1
GACACGCTGATCAGAT,1
GACACGGAATAAAAAC,1
GACACGGATGTACATA,1
GACACGTACTGAATCC,1
GACACGTATATGGTAC,1
GACACGTCATGATGAG,1
GACACGTGAAGTCACA,1
GACACGTTAGAGATGG,1
GACACTAAATTTGTAA,1
GACACTAAGACAAACA,1
GACACTAAGACGAAAA,1
GACACTAAGTTTGGAA,1
GACACTAATGACCTAC,1
GACACTAATGACCTCA,1
GACACTAATGATCTCC,1
GACACTAATTACCTCC,1
GACACTAGCGCATAAG,1
GACACTATCGCATAAA,1
GACACTATTAGCTAGG,1
GACACTATTCTCCATC,1
GACACTATTTAACTCA,1
GACACTCAGGACAATA,1
GACACTCATGAATACA,1
GACACTCATTTGTTTC,1
GACACTCCTCAAACGT,1
GACACTCGGCACAATT,1
GACACTCGGGAATACA,1
GACACTCTACAACGAC,1
GACACTCTTGCCCCAT,1
GACACTCTTGGTTCCA,1
GACACTGAAGACCCTT,1
GACACTGATGACCTCC,1
GACACTGGTACAAACA,1
GACACTTAAGAATAAA,1
GACACTTAAGATGGAC,1
GACACTTAAGGGGAAT,1
GACACTTAATTTGGAA,1
GACACTTAGAAGTAGC,1
GACACTTAGAGATAAA,1
GACACTTCCCCTTAGA,1
GACACTTTAAACGTAT,1
GACACTTTAGTGCTCG,1
GACACTTTGTCGGGCA,1
GACAGAAAAAAGCTAC,1
GACAGAAACAAAAAAG,1
GACAGAAATACGATAA,1
GACAGAACCAAATACA,1
GACAGAACCAATAAAA,1
GACAGAACCATATAGC,1
GACAGAACTACCGTAA,1
GACAGAAGAGAGAAGT,1
GACAGAAGTTTCTCAG,1
GACAGAATAACTGTAC,1
GACAGAATAAGACGAA,1
GACAGAATGAAAGAAC,1
GACAGAATGAAAGAAG,1
GACAGAATGCGTCTCA,1
GACAGACAAATATGCC,1
GACAGACAGCTGAACG,1
GACAGACAGGGTAGCC,1
GACAGACCGGCTATAA,1
GACAGACCTACGTTAC,1
GACAGACCTGCGTTAA,1
GACAGACTTAACTAAG,1
GACAGATAAAACATAC,1
GACAGATAAACACCTA,1
GACAGATAACCTGCTT,1
GACAGATACCCTTCTT,1
GACAGATACGTCGCCT,1
GACAGATACTTTGACC,1
GACAGATAGCTTAACG,1
GACAGATAGCTTCACC,1
GACAGATATATAACCA,1
GACAGATCATTTGACG,1
GACAGCACCATGTAGC,1
GACAGCACCCCGAAAT,1
GACAGCACTGACCAGC,1
GACAGCCAATACAAAA,1
GACAGCCACTCCAGTA,1
GACAGCCGAACATCTA,1
GACAGCCGTATATAAC,1
GACAGCCTGTCGATAT,1
GACAGCGACACTGGAA,1
GACAGCGAGACCTATG,1
GACAGCTAAAACTAAA,1
GACAGCTATAATTGAG,1
GACAGCTCAGTGTTCA,1
GACAGCTGAAAGAACC,1
GACAGCTTAGTGTTTA,1
GACAGGACGGGCACGG,1
GACAGGATTACCCCGA,1
GACAGGCATGATTGGA,1
GACAGGCTTTTAAATA,1
GACAGGGACCAGTACA,1
GACAGGTTGTATATCT,1
GACAGTAAGAAAAAGA,1
GACAGTACTTACCTCA,1
GACAGTAGCCCTTACA,1
GACAGTAGGAGAGACG,1
GACAGTAGGGCGAAAA,1
GACAGTCAACGGAGAA,1
GACAGTCAAGTGACGG,1
GACAGTCAGCCAACAG,1
GACAGTCCCCTACATA,1
GACAGTCCCCTATAGA,1
GACAGTCCGATGTTTA,1
GACAGTCGACTCGAAC,1
GACAGTGACTGTTATA,1
GACAGTGAGGACCGAA,1
GACAGTGATCGAGCCG,1
GACAGTGTATAGACCT,1
GACAGTTACCGTTATA,1
GACAGTTCAAGCACGT,1
GACAGTTGATAGATAC,1
GACAGTTGTATCCTGT,1
GACATAAAAATACTAA,1
GACATAAAACAGCAAA,1
GACATAAAGCATGATT,1
GACATAACACAACTGA,1
GACATAACACACGGAT,1
GACATAACACCGAGGA,1
GACATAACCACTGAAT,1
GACATAACCGAAGCAT,1
GACATAACTCATATCT,1
GACATAAGGGAGAGTC,1
GACATAAGTTCTTGAT,1
GACATAATAGACAGTT,1
GACATAATATCCAGTT,1
GACATAATTCTTGAAT,1
GACATACAAAAAAACA,1
GACATACAACAGTCAG,1
GACATACACGCACCGG,1
GACATACACTTTGATC,1
GACATACATACAGAAC,1
GACATACCAATACTCC,1
GACATACCCCCACAAG,1
GACATACCTACGTTAA,1
GACATACCTTTGATTT,1
GACATACTAAAAAAAT,1
GACATACTAGTCGTAA,1
GACATACTCGATCCCC,1
GACATACTTAAGCACT,1
GACATAGGAAGTCCCA,1
GACATAGGAAGTCCCC,1
GACATAGTAAGCGATG,1
GACATATACCAAGATA,1
GACATATCCAACAAAA,1
GACATATCCGGCAAGC,1
GACATATGGAATCATG,1
GACATATGGCTCATCC,1
GACATATGGTCAATTA,1
GACATATTATAAAGGA,1
GACATATTGACATTGC,1
GACATATTGAGTCACT,1
GACATATTTCTCCTGC,1
GACATCAACCTCACCT,1
GACATCAAGCGTAGAG,1
GACATCAATTTTAAAA,1
GACATCACTCTCTCCC,1
GACATCAGAAATGAGC,1
GACATCATTTACTGAT,1
GACATCATTTTACAAA,1
GACATCATTTTGAAAA,1
GACATCCAATTAGTAC,1
GACATCGAACTCACCT,1
GACATCGACATCACCT,1
GACATCGACCTAACCT,1
GACATCGACCTCACCC,1
GACATCGACCTCATCT,1
GACATCGAGCTCACCT,1
GACATCGATCTCACCT,1
GACATCGCAAAGATAC,1
GACATCGCTTGGAAGC,1
GACATCGGCCTCACCT,1
GACATCTAACTGAAAC,1
GACATCTACCTATCTT,1
GACATCTATAATACCA,1
GACATCTCAAGTATAC,1
GACATCTCGAATACCA,1
GACATCTCGCGCACAC,1
GACATCTCTAATACCT,1
GACATCTCTAATTCCA,1
GACATCTGTAATTGAG,1
GACATCTTATACCTGA,1
GACATGAACTAGCACA,1
GACATGAAGAAAATTT,1
GACATGAATAGATATG,1
GACATGACACTAAATT,1
GACATGACGTATTATG,1
GACATGAGAAATATGT,1
GACATGAGATTTGAAC,1
GACATGAGTTAAATTG,1
GACATGCAATTGCAAA,1
GACATGCACTATACGC,1
GACATGCATTTGTAAA,1
GACATGCGGAATATGT,1
GACATGCGGTCTATCC,1
GACATGCGTGCTGAGC,1
GACATGGTAACCCCCG,1
GACATGTACCCATAAA,1
GACATGTGAGTACACA,1
GACATGTGATGGAATT,1
GACATGTGTCCTCCAA,1
GACATGTTGATAAAAG,1
GACATGTTGCCGATTT,1
GACATTAAAGACCTTA,1
GACATTACAACAGTTT,1
GACATTACCACAATTT,1
GACATTAGCGCGAAAA,1
GACATTATAACAACTT,1
GACATTATGGTGTATA,1
GACATTCAAAAGATGA,1
GACATTCAACACATTG,1
GACATTCACCATATTT,1
GACATTCACTCGCCAT,1
GACATTCAGAACAACC,1
GACATTCAGAAGATAA,1
GACATTCATGATTAGG,1
GACATTCATTTGCAAA,1
GACATTCCAAAGATAA,1
GACATTCGGCAAACAT,1
GACATTGCAAACGGAA,1
GACATTGCCAAAATTT,1
GACATTGCCAAGTCAA,1
GACATTGCCACAGTTT,1
GACATTGGCCATACAG,1
GACATTGGTCATGGTC,1
GACATTGTCAACAGGA,1
GACATTGTTCTCCCCA,1
GACATTTACATTGGCC,1
GACATTTCATAGATAG,1
GACATTTCCAAGGATT,1
GACCAAAAACTTGCAC,1
GACCAAAAAGCAGAAA,1
GACCAAAAATACCCTT,1
GACCAAAACAACAAGA,1
GACCAAAACATTGCAC,1
GACCAAAACCTTGGAC,1
GACCAAAACCTTGTAC,1
GACCAAAACCTTTCAC,1
GACCAAAATGTACAAT,1
GACCAAACATAGCATG,1
GACCAAACCCAGTAAA,1
GACCAAACGCAGCAAA,1
GACCAAACTACTGCGA,1
GACCAAACTCAGCAAA,1
GACCAAAGACCCCCTT,1
GACCAAAGCCCCCCCA,1
GACCAAAGTCCAAATG,1
GACCAAATAACTTGCA,1
GACCAAATCTATCACG,1
GACCAAATGATGCAAT,1
GACCAAATGATGCTAT,1
GACCAACAAACTTATG,1
GACCAACAAATCCAAG,1
GACCAACAGTTTCCAT,1
GACCAACATCCAAACT,1
GACCAACATTAAAACT,1
GACCAACATTCAAAAT,1
GACCAACCAAAGGGGA,1
GACCAACCAAATGGAA,1
GACCAACGGACCGCCT,1
GACCAACTAACCAATC,1
GACCAACTCTGCAAAA,1
GACCAACTCTTCTAAA,1
GACCAACTGTGCTAAA,1
GACCAACTTATTCGCA,1
GACCAAGAAGTTATCC,1
GACCAAGAATATGCTT,1
GACCAAGACGGTATTA,1
GACCAAGACTACTAAT,1
GACCAAGAGCCCCTAA,1
GACCAAGCAACTCGTA,1
GACCAAGCCCAACTGA,1
GACCAAGCCGTTATCC,1
GACCAAGGAGATTTAA,1
GACCAAGGTTTCAATA,1
GACCAAGTAATACGTC,1
GACCAAGTCATATAGA,1
GACCAAGTGATACGCC,1
GACCAAGTGATGCCAT,1
GACCAATACCGCCCTA,1
GACCAATACCTAAAAC,1
GACCAATAGTTAAAAT,1
GACCAATATTTACCAA,1
GACCAATCGTCTCAGT,1
GACCAATCGTCTTAGT,1
GACCAATCTACGACTA,1
GACCAATGTCCCTTGC,1
GACCAATTATACTCTT,1
GACCAATTATATTCCT,1
GACCACAAGATAAGTC,1
GACCACAAGATAGGTC,1
GACCACAAGCTGACCA,1
GACCACACACATGCGG,1
GACCACACCACCTCTG,1
GACCACAGGTCTTGAA,1
GACCACAGGTTTTTAA,1
GACCACATACCCAATT,1
GACCACCAAAATAGTA,1
GACCACCAAGGAAGAA,1
GACCACCAAGTATACG,1
GACCACCCACGTCCGG,1
GACCACCCCCACACGA,1
GACCACCCTTCGAGGC,1
GACCACCGGTTTCCCA,1
GACCACCTACGCTGCT,1
GACCACGAACAGAATC,1
GACCACGTCAAGCTTT,1
GACCACGTCACAGCCG,1
GACCACGTGCACTTAC,1
GACCACTACCCCAGGA,1
GACCACTCATACCTAG,1
GACCACTCTAAGAGGC,1
GACCACTCTCAGGTTA,1
GACCACTCTCCTGTTA,1
GACCACTGAAACATCA,1
GACCACTGCTAGTATC,1
GACCACTTGACACTAT,1
GACCAGAATAACAAAA,1
GACCAGAATGTGCTTC,1
GACCAGAGTAGATACC,1
GACCAGATCAACTACT,1
GACCAGATCAGCCACT,1
GACCAGATGAGCTGAT,1
GACCAGATTAACCACT,1
GACCAGATTTATCCAC,1
GACCAGCAATTTAACC,1
GACCAGCGCTGATCTT,1
GACCAGCGGGTTCCGG,1
GACCAGCTCTACGGCT,1
GACCAGGAGCCCCTAG,1
GACCAGGCAGGGCACA,1
GACCAGGGGATCATAG,1
GACCAGGTAAAGCTGG,1
GACCAGTACGGGTAAT,1
GACCAGTAGGAAAAAT,1
GACCAGTATACTCCGA,1
GACCAGTCATCTAATT,1
GACCAGTGTACCAAAT,1
GACCAGTGTACCTTGC,1
GACCAGTGTCCCTTTC,1
GACCAGTTTGCTATTA,1
GACCATAACAAATCTA,1
GACCATAAGAATAACA,1
GACCATAAGGTACTGA,1
GACCATACATGCATCT,1
GACCATAGACCATTTG,1
GACCATATAACAAAGA,1
GACCATATATTCCGAC,1
GACCATATTCTACCAG,1
GACCATCCATAAATGC,1
GACCATCCATCAATCC,1
GACCATCCTTCGATAA,1
GACCATCGATTAAAAC,1
GACCATCGGGTCCCAC,1
GACCATCTAGCAACAA,1
GACCATCTGGGCCCAC,1
GACCATGAAATCACAA,1
GACCATGAGAATATTT,1
GACCATGCACATATTC,1
GACCATGGGAACAACT,1
GACCATGTATAATGAG,1
GACCATGTCCTAACTT,1
GACCATGTTTAACATT,1
GACCATTAAAATATTT,1
GACCATTAAATAGGTA,1
GACCATTATACCCTCG,1
GACCATTATCAATCCC,1
GACCATTATCAATCTC,1
GACCATTCCAGACAAT,1
GACCATTCGTTAACGA,1
GACCATTCTACCCTCA,1
GACCATTCTACCCTCT,1
GACCCAAAAATCCAAG,1
GACCCAAAAGATAGAA,1
GACCCAAAATTGCGAG,1
GACCCAAACAATATGC,1
GACCCAAACCTTGATT,1
GACCCAAACTCGCGAG,1
GACCCAAACTTACGAG,1
GACCCAAACTTGAGAG,1
GACCCAAAGGATGGAA,1
GACCCAAATCAAATAT,1
GACCCAAATCACAAAC,1
GACCCAACAAAAAAAA,1
GACCCAACATTTTTCG,1
GACCCAACCAGAATTG,1
GACCCAACTCAAAAAC,1
GACCCAACTCACAAAG,1
GACCCAACTCACAAGC,1
GACCCAACTCATAAAC,1
GACCCAACTGACAAAC,1
GACCCAAGTCTCCAAT,1
GACCCAATTCGACCAG,1
GACCCAATTGTAACTA,1
GACCCACAAATACAAG,1
GACCCACAAATCCACG,1
GACCCACAGAGGAACC,1
GACCCACATCTTACAG,1
GACCCACGATCATTGT,1
GACCCACGCCTACTAT,1
GACCCACTAAGTTTAA,1
GACCCACTCTCATTGT,1
GACCCACTCTTGCCGC,1
GACCCACTTGACTCAT,1
GACCCAGAAGCTCATA,1
GACCCAGACAAGTCGA,1
GACCCAGCATCATGAG,1
GACCCAGGTTTAAATA,1
GACCCAGGTTTCAACA,1
GACCCAGTTCATTACA,1
GACCCATATTGGCTTA,1
GACCCATCAAGCACAC,1
GACCCATCTAAGAAAT,1
GACCCATGAATTATTA,1
GACCCATGCGTTATTA,1
GACCCATGGATTATTA,1
GACCCATGTGATCAGG,1
GACCCATTAAGCCCAC,1
GACCCATTAATCTGCC,1
GACCCATTCATTATTA,1
GACCCATTGCATAAAA,1
GACCCCAAAAATGATA,1
GACCCCAATAGATTTA,1
GACCCCACCGTAGCTA,1
GACCCCAGTTTTCTAG,1
GACCCCATGCATACGT,1
GACCCCATGGACCAAA,1
GACCCCCCGAAGGCAC,1
GACCCCCTGAGTAACC,1
GACCCCGTTCGCTAGA,1
GACCCCTAGTTGACAA,1
GACCCCTATACCCGGC,1
GACCCCTCCATTCATT,1
GACCCCTGAGTAGAAT,1
GACCCCTGTCTTCGTC,1
GACCCCTTAAAGATCA,1
GACCCGAACCCATCAT,1
GACCCGAAGCGGTCAA,1
GACCCGAATAAAACTT,1
GACCCGACAGTTACGG,1
GACCCGAGCTACAGAA,1
GACCCGCAAAAAGCGG,1
GACCCGCAAGGAGGCC,1
GACCCGCAAGGATCCC,1
GACCCGTGGGATATTC,1
GACCCGTTGTCATGCC,1
GACCCTAATGCGGCAT,1
GACCCTACAGTGACGG,1
GACCCTACATAAGTAA,1
GACCCTACCTGAGTAA,1
GACCCTACTGAAACTT,1
GACCCTATGAGACAAC,1
GACCCTATGAGTAACC,1
GACCCTATGGCCCGAG,1
GACCCTATTCTACAAG,1
GACCCTATTCTACCAT,1
GACCCTCCAAATTGAA,1
GACCCTCCAGGAAAGA,1
GACCCTCTTAGTAACC,1
GACCCTGCAAATATTT,1
GACCCTGCTTACCCCA,1
GACCCTGGCTCGACAT,1
GACCCTGTACTCCCTA,1
GACCCTTAGTTGAAAA,1
GACCCTTATTTGACAA,1
GACCCTTCATCACACT,1
GACCCTTCCGTGCAAC,1
GACCCTTTACCATCAC,1
GACCGAAAGAATTTTT,1
GACCGAAATGTTATTA,1
GACCGAACCAGTGGCA,1
GACCGAAGCTCCTATA,1
GACCGACAACAAAACA,1
GACCGACACGCCACTT,1
GACCGACAGAATTTAC,1
GACCGACAGTCCACTT,1
GACCGACATACTCTTA,1
GACCGACATCAAAGCG,1
GACCGACATGCCACTT,1
GACCGACTCTGAGTGC,1
GACCGAGAAACTCGTA,1
GACCGAGAACGTGGCA,1
GACCGAGAAGCAGAAA,1
GACCGAGCAACTAGTA,1
GACCGAGCAGTTATCC,1
GACCGAGCTAGTATCA,1
GACCGAGGCAATTTAA,1
GACCGATCAACTCGTA,1
GACCGATCAATGAATC,1
GACCGATGGTGATCCG,1
GACCGATTGTGGCAAC,1
GACCGATTGTGGCGAT,1
GACCGATTGTGTCAAT,1
GACCGATTGTTGCAAT,1
GACCGATTTCTAGTCA,1
GACCGCATCCGCAGAT,1
GACCGCCAAAACAAAA,1
GACCGCCACTTGTCGA,1
GACCGCCCGCCTAAGA,1
GACCGCCTCACCGCTA,1
GACCGCCTCCACAGAT,1
GACCGCCTCCGAAGAT,1
GACCGCCTGCGCAGAT,1
GACCGCGACGGCTAAC,1
GACCGCGCAATTCATT,1
GACCGCGGCTGAGTAA,1
GACCGCTCCAAGCTAA,1
GACCGCTCCATTCAAA,1
GACCGCTTTAACAAAA,1
GACCGGAAGAATTTAC,1
GACCGGCACACTACAC,1
GACCGGCGAGTTAACC,1
GACCGGCGTATAATGC,1
GACCGGCTAGTTAACT,1
GACCGGGCGCATTAAC,1
GACCGGGGATTACACT,1
GACCGGGGTCATACTT,1
GACCGGGTAACCCGTG,1
GACCGGGTAGACATAG,1
GACCGTAATAGAGTAG,1
GACCGTACACATATTC,1
GACCGTACCACAAAGA,1
GACCGTAGACAATTAC,1
GACCGTCACATAGAAC,1
GACCGTCACTGCGGAA,1
GACCGTCCACATATTC,1
GACCGTGACTGGCAAC,1
GACCGTGCAAATATTC,1
GACCGTGCACATACTC,1
GACCGTGCGCATATTC,1
GACCGTGTCAAAATCA,1
GACCGTGTCAACATCT,1
GACCGTGTGCACGTAA,1
GACCGTTAACTATGAG,1
GACCGTTTCAACATCA,1
GACCTAAAAACAAGCC,1
GACCTAAAAGGCAACA,1
GACCTAAACGAAAACC,1
GACCTAAACGAAAACG,1
GACCTAACACCGTGCT,1
GACCTAACGAACGTAA,1
GACCTACAAAACATAT,1
GACCTACAACTTCCAG,1
GACCTACAAGGCAACC,1
GACCTACAATACAACG,1
GACCTACACTGCCATC,1
GACCTACAGAACGGCG,1
GACCTACAGACATATT,1
GACCTACAGAGGAAAC,1
GACCTACAGAGGAACA,1
GACCTACATCACCCTC,1
GACCTACCGAACATTT,1
GACCTACCGATACTCC,1
GACCTACCTAACCAGC,1
GACCTACGTTCGTAAT,1
GACCTACTCGGAGTGC,1
GACCTACTGGCCCCCG,1
GACCTAGACTAAACAG,1
GACCTAGACTTAACAG,1
GACCTAGAGTGAACAG,1
GACCTAGGCCGAATGA,1
GACCTAGGCGATTTAA,1
GACCTAGGTTTCAATA,1
GACCTATAAGCTGGCA,1
GACCTATAATTGAGTG,1
GACCTATACTCTGGCA,1
GACCTATAGTCTCTTT,1
GACCTATATTCCACTG,1
GACCTATTGCCGATTT,1
GACCTCAAAGCACCTT,1
GACCTCAACACAGACA,1
GACCTCAATATAGACA,1
GACCTCACATCGTCAT,1
GACCTCAGTCGAAAGC,1
GACCTCAGTCGACATC,1
GACCTCATCCTCCGAT,1
GACCTCATGTTTCTGC,1
GACCTCATTATCACAA,1
GACCTCCATCTAAAAT,1
GACCTCCCATTTGGAG,1
GACCTCCCTACATGAC,1
GACCTCCTCCGCAGAT,1
GACCTCGAAAAAACGA,1
GACCTCGTAAAAAGGA,1
GACCTCGTCCGCGCAC,1
GACCTCTACGAAAATG,1
GACCTCTACTCAAATG,1
GACCTCTACTCCTTTC,1
GACCTCTATATTGTAT,1
GACCTCTTAATGACCT,1
GACCTCTTCAGACTTA,1
GACCTGAAAAATAGAT,1
GACCTGAATGTACACA,1
GACCTGACTGTATTAA,1
GACCTGATAACACTTG,1
GACCTGATGGATGACA,1
GACCTGCCTTCCTAAA,1
GACCTGCTGCACATTC,1
GACCTGGAGCGTCACG,1
GACCTGGCATCTTCAC,1
GACCTGGGCCGAATAA,1
GACCTGTACACATAAA,1
GACCTGTAGAACTGTG,1
GACCTGTAGCCATAAA,1
GACCTGTATATTTTAT,1
GACCTGTATGTTGTAT,1
GACCTGTCAAACTAGG,1
GACCTGTGTATTGTAT,1
GACCTGTTGCCAATTT,1
GACCTGTTGCCGATCT,1
GACCTGTTGCCGATTC,1
GACCTGTTGCCTATTT,1
GACCTTAAAATCTCTT,1
GACCTTAACGCGTTAT,1
GACCTTACATTCCAAA,1
GACCTTACCTAAGTAA,1
GACCTTAGATTAAAAG,1
GACCTTATCAACAGGA,1
GACCTTCACAATATTT,1
GACCTTCACCATATAT,1
GACCTTCTCCGAAACA,1
GACCTTGACTACGACG,1
GACCTTGATGCCTGAC,1
GACCTTGCAACTTAAA,1
GACCTTGGGCATGGTC,1
GACCTTGGTAATGGTC,1
GACCTTGGTCCCGTGT,1
GACCTTGTCAAAAGGA,1
GACCTTGTCAACAGGT,1
GACCTTGTCAACAGTA,1
GACCTTGTCAACATCA,1
GACCTTTAATGGAACT,1
GACCTTTATACCCCCG,1
GACCTTTATCCCACCG,1
GACCTTTTGCCGATTT,1
GACCTTTTTCACCCTC,1
GACGAAAAGATCGGCT,1
GACGAAAATACGGATC,1
GACGAAAATACTATTG,1
GACGAAAATCACACGT,1
GACGAAAATCAGGAAT,1
GACGAAAATGTAATAC,1
GACGAAACAATCCAAA,1
GACGAAAGAAGGGTTT,1
GACGAAAGGTCCAAAC,1
GACGAAATCAATAAAA,1
GACGAAATCCGTTCAC,1
GACGAAATGAAAAAGC,1
GACGAAATTCCCTTGA,1
GACGAACATCATGAAT,1
GACGAACATCTCGACG,1
GACGAACGACCAACGA,1
GACGAACGAGCTAGGA,1
GACGAACGGCGCCTAC,1
GACGAACTAGATCAAA,1
GACGAACTGGCCAGAA,1
GACGAACTGTATACCA,1
GACGAACTTACAAACG,1
GACGAAGAAAACGGAA,1
GACGAAGAGGACAGAG,1
GACGAAGCCCTCCCGA,1
GACGAATAAATTAGTT,1
GACGAATCCGGATTAA,1
GACGAATGAAAATATC,1
GACGACAAGGAAGTGC,1
GACGACAATAATATTG,1
GACGACAGTTATGGTG,1
GACGACCAAGCAGGAG,1
GACGACCAATAATTAA,1
GACGACCACGGTAGCA,1
GACGACCCCAAACCAG,1
GACGACCCCCACGAAA,1
GACGACCCCCACTCAA,1
GACGACCGACCAACTA,1
GACGACCGTTCACTCA,1
GACGACCTGACAATCA,1
GACGACGATTATCTAG,1
GACGACGCCATCACTA,1
GACGACGGATGCAGAA,1
GACGACGGGAGCCAGG,1
GACGACGTATTGGTAA,1
GACGACTAAATAATTT,1
GACGACTGCAGGTCTT,1
GACGACTGGTTTGACA,1
GACGACTTAAATTCAA,1
GACGACTTACTCATAC,1
GACGAGAAAATAGTAG,1
GACGAGAACAATTAGA,1
GACGAGACAATAAGGC,1
GACGAGACCAAAACCT,1
GACGAGATAGATCAAG,1
GACGAGCATATTAAAG,1
GACGAGCGAAACTTCA,1
GACGAGGGCTTTACTT,1
GACGAGGTTAATGTCC,1
GACGAGTAGAGAGCAC,1
GACGAGTAGCATTCAG,1
GACGAGTCAAGAAACC,1
GACGAGTTACCTAAAG,1
GACGATAAACATATTG,1
GACGATAACAGGGAGT,1
GACGATAACATATAAT,1
GACGATAACTAGAACA,1
GACGATAAGCAGCAAC,1
GACGATAATATTTACT,1
GACGATACGGCCCACA,1
GACGATAGAGACGGAA,1
GACGATAGCGAAAAAG,1
GACGATAGTTTAAAAA,1
GACGATATATATGACT,1
GACGATCAATTCAATA,1
GACGATCCATAATGAA,1
GACGATCCCCACGCAA,1
GACGATCCGATTAATT,1
GACGATCTTCGGGCCT,1
GACGATGAAGAACCGA,1
GACGATGAGTAACATA,1
GACGATGATATTTACA,1
GACGATGGAATAATAT,1
GACGATTAAATTAGTT,1
GACGATTAATTGTGAG,1
GACGATTAATTGTGGA,1
GACGATTCGTTTTGTA,1
GACGATTGAGCAGAAT,1
GACGATTGATCAGGTA,1
GACGATTTAATCAAGA,1
GACGCAAAATACTGAG,1
GACGCAACAAGAATTG,1
GACGCAACCAGAATGG,1
GACGCAACCGCGAAGG,1
GACGCAAGTCTTAGGT,1
GACGCAATACGGCACT,1
GACGCAATACTAGAAG,1
GACGCAATTCCATAAC,1
GACGCAATTCCATTGA,1
GACGCAATTCCCTTTA,1
GACGCAATTGCCTTGA,1
GACGCACAACAAAATA,1
GACGCACAACAACGTA,1
GACGCACAACTTCCAG,1
GACGCACAGCAACATA,1
GACGCACCAACTCTTA,1
GACGCACCACTTAATG,1
GACGCACCGTCGGCAG,1
GACGCACCTCAGCCAC,1
GACGCAGAGGAATCGC,1
GACGCAGGATCGACAC,1
GACGCATCAACAAACT,1
GACGCATGAGAATCAT,1
GACGCATTAACGCGAA,1
GACGCATTCCATAAAA,1
GACGCCACAAAATACA,1
GACGCCACCGACAATC,1
GACGCCACGGTATCTA,1
GACGCCACGGTGTATA,1
GACGCCACGGTGTCTT,1
GACGCCAGAATGAAGA,1
GACGCCAGCTTGCCCC,1
GACGCCAGGACCTCCT,1
GACGCCATACGGAATG,1
GACGCCATCCCGTACG,1
GACGCCATCCTGTAAG,1
GACGCCATCCTGTACT,1
GACGCCATCCTGTGCG,1
GACGCCATCCTTTACG,1
GACGCCCACCACTACC,1
GACGCCCATCACTCAA,1
GACGCCCTATCCGTAT,1
GACGCCGGAAATATAT,1
GACGCCGTCTAACAAC,1
GACGCCTAACTGATAT,1
GACGCCTAAGTTGAAG,1
GACGCCTAATCAATAC,1
GACGCCTGGCGTGGAG,1
GACGCCTTTTAACAAC,1
GACGCGACCGAAATGA,1
GACGCGCGAAATTGTG,1
GACGCGCTCAAGTACC,1
GACGCGGTACATAAAA,1
GACGCGTAAATGCAAT,1
GACGCGTAGTATTACA,1
GACGCTAAGAATGTGG,1
GACGCTAAGATTAACA,1
GACGCTAGATAGTAGA,1
GACGCTCATTAATCCC,1
GACGCTCGACGAGGCG,1
GACGCTCTTGAGACAC,1
GACGCTGACACCAAAA,1
GACGCTGACACGGTTG,1
GACGCTTAAATAGCAT,1
GACGCTTATAGGACTA,1
GACGCTTCAATTACCA,1
GACGCTTCGGGCACTT,1
GACGCTTGGTTATGAA,1
GACGCTTGTTATTAGT,1
GACGGAAAAGAGCTGA,1
GACGGAAACCACGACA,1
GACGGAAATTATTAAC,1
GACGGAACGGAGCTGA,1
GACGGAACTGAGTTTA,1
GACGGAAGTAATTACA,1
GACGGAATTTAAATCA,1
GACGGACACTAATAAT,1
GACGGACTATGCGAGG,1
GACGGAGAAAACCTTT,1
GACGGAGCAAGCTTTA,1
GACGGAGTAAAACTTT,1
GACGGAGTAAACATTT,1
GACGGAGTAAACCCTT,1
GACGGAGTATTGGTAA,1
GACGGATAAACCCGTG,1
GACGGATAAACTCGTA,1
GACGGATAATCCACGC,1
GACGGATCAAATTCAG,1
GACGGATGAACCCGTA,1
GACGGCATAAATTTAT,1
GACGGCCAAAGCACTA,1
GACGGCCACTAAAATT,1
GACGGCCCAGGTTGCA,1
GACGGCCCCCCGATTT,1
GACGGCCGACGGTTTG,1
GACGGCCTAGATTTAT,1
GACGGCCTGAATTTAT,1
GACGGCGTTTAACAAC,1
GACGGCTAAGAGAATG,1
GACGGCTAATCTAGTC,1
GACGGCTATATTAAAC,1
GACGGCTCGCCGCCCC,1
GACGGCTTTACCATAT,1
GACGGGAATTCCTCTC,1
GACGGGCCGCGTGCTA,1
GACGGGGCGTCAATAG,1
GACGGGTAATAACAAC,1
GACGGGTTGTCCTCTG,1
GACGGTAACGCAAACC,1
GACGGTACATACCTCA,1
GACGGTACGTACCTCA,1
GACGGTACTTACCCCA,1
GACGGTACTTATCTCA,1
GACGGTACTTGCCTCA,1
GACGGTCGTTGTGTGA,1
GACGGTGACCGTTATA,1
GACGGTGATGGAACAG,1
GACGGTGGACGAAAAG,1
GACGGTTGACTCGAAC,1
GACGTAAAAATGACAG,1
GACGTAACCAGAATTG,1
GACGTAATATTGAACA,1
GACGTACAAACTAATC,1
GACGTACAACTTTAGA,1
GACGTACAGCTTCCAG,1
GACGTACGAAATTGTG,1
GACGTATAACTTCCAG,1
GACGTATTTAAAGAAG,1
GACGTCAATAGACAGT,1
GACGTCAATGCTAAAT,1
GACGTCACATGAAGTA,1
GACGTCAGTTATCAAT,1
GACGTCATACCAAACG,1
GACGTCATCCGAAACA,1
GACGTCATTAAATAAT,1
GACGTCCCCAATGCTA,1
GACGTCCTAAATTTAT,1
GACGTCCTTAAATAAT,1
GACGTCGATTATGAGT,1
GACGTCGCAAAAATAC,1
GACGTGACCTTACATT,1
GACGTGAGACATTTTG,1
GACGTGAGTGGGACCG,1
GACGTGATGCATGTTG,1
GACGTGATGGCTTAAG,1
GACGTGCACGTTGATG,1
GACGTGCATTTGCAAA,1
GACGTGCGAAATCGTG,1
GACGTGCGAAATTGGG,1
GACGTGCGAAATTTTG,1
GACGTGCGAGATTGTG,1
GACGTGCTTCGATCCG,1
GACGTGTAAAAGTAAA,1
GACGTGTAGAAAACGT,1
GACGTGTATATTGTAT,1
GACGTGTCGAAGTAAA,1
GACGTTAAAGCCTCTA,1
GACGTTAAAGCCTCTT,1
GACGTTAAAGCCTGTC,1
GACGTTAACAATCAAA,1
GACGTTAACCATCACA,1
GACGTTAACCCAGAAA,1
GACGTTAACCCTTATC,1
GACGTTACAAATAACC,1
GACGTTACCACAGTTT,1
GACGTTACTTACCTCA,1
GACGTTAGATACACAC,1
GACGTTCAAGGAATTA,1
GACGTTCACAATAAAA,1
GACGTTCGATACAACG,1
GACGTTCGCAATCAAA,1
GACGTTCGCGGGTATG,1
GACGTTGATAGCACCC,1
GACGTTGATGACACCC,1
GACGTTGATTATTAGT,1
GACGTTGCAGGTAATA,1
GACGTTGCTAACGGAA,1
GACGTTGGGGCAAGCA,1
GACGTTTAAAAATCCT,1
GACGTTTAACAAAAAC,1
GACGTTTAGATAACGT,1
GACGTTTAGATACCGC,1
GACGTTTCTAACTCGA,1
GACGTTTGAAACTTAT,1
GACGTTTGTGACACCC,1
GACGTTTTTTTAATGT,1
GACTAAAAAAATCCAA,1
GACTAAAACACATTAA,1
GACTAAAACCAGGAGT,1
GACTAAAACTCAATTC,1
GACTAAAAGATCAGCT,1
GACTAAACAACATATA,1
GACTAAACAATCAAAG,1
GACTAAACACAGGAGT,1
GACTAAACAGCGTATA,1
GACTAAACCAAGGAGT,1
GACTAAACCCATGAGT,1
GACTAAACCCCTTGTC,1
GACTAAACGCACACTT,1
GACTAAACGGCAAGAT,1
GACTAAACGGCACTAT,1
GACTAAATAATGATAC,1
GACTAACAAAACTCAC,1
GACTAACATCAGGAAT,1
GACTAACATTCAAACT,1
GACTAACCATAAAAAG,1
GACTAACCTAGACCTA,1
GACTAACTAAAGACCA,1
GACTAACTAAAGAGTA,1
GACTAACTAAAGATTA,1
GACTAACTACAGACTA,1
GACTAACTCAGAATAT,1
GACTAACTGAAGACTA,1
GACTAAGAACACAAAA,1
GACTAAGACCATGAGA,1
GACTAAGACTACCTCA,1
GACTAAGATCACCTCG,1
GACTAAGCCCAGCCAA,1
GACTAAGGAACACGGT,1
GACTAATAAACCCTTG,1
GACTAATAAAGTTCAC,1
GACTAATACACACTTG,1
GACTAATACACCCTTT,1
GACTAATAGTGTACAA,1
GACTAATCAAGATCAG,1
GACTAATCGCTAAGGC,1
GACTAATGCATTGAAG,1
GACTAATGTCCATGCA,1
GACTAATTATAGAGTA,1
GACTAATTATGTAATA,1
GACTAATTATTTAGTA,1
GACTAATTGTTGAGTA,1
GACTAATTTGCCTTAA,1
GACTAATTTGTTTTAA,1
GACTACAAAGATTAGT,1
GACTACACTCAAGAAA,1
GACTACAGAAAACTAT,1
GACTACAGTTTTCTAG,1
GACTACATGAAATTCC,1
GACTACCAGCTCCAGG,1
GACTACCATCGTATAT,1
GACTACCGAAATTATC,1
GACTACCGACCTCTGA,1
GACTACCGGAAGGGTT,1
GACTACCTGAAATGAA,1
GACTACCTTGGATACA,1
GACTACCTTGGATAGC,1
GACTACGAAACAAGAA,1
GACTACGCGCAGCTAA,1
GACTACGGTGATGGAG,1
GACTACTAAATGCAAG,1
GACTACTAAATTAGTT,1
GACTACTAGGTCGGGG,1
GACTACTCGCAACATC,1
GACTACTGAAAGGGTT,1
GACTACTGATGTAGCC,1
GACTACTGGAAGGGCT,1
GACTACTGGAAGGTTT,1
GACTACTGGAGGGGTT,1
GACTACTGGTAGGGTT,1
GACTACTTAAAGTTCT,1
GACTACTTGAAGGGTT,1
GACTAGAAAATACCAT,1
GACTAGAAGAGAAAGA,1
GACTAGAAGAGATAGA,1
GACTAGAGACGAAACC,1
GACTAGAGTAGTTAGC,1
GACTAGATAAAACACA,1
GACTAGATACACAACG,1
GACTAGATACCCAACC,1
GACTAGATACCCAACT,1
GACTAGATCAACCACT,1
GACTAGCAACACTCAC,1
GACTAGCAATAGTAAG,1
GACTAGCACACCAGAG,1
GACTAGCACTACAAAA,1
GACTAGCAGATTATGC,1
GACTAGCAGATTATGG,1
GACTAGCAGCAAATTG,1
GACTAGCTACCCCGCA,1
GACTAGCTTATATTCT,1
GACTAGCTTTCGCACT,1
GACTAGCTTTGTAGCG,1
GACTAGGAAGTAAAGG,1
GACTAGGAATCAGTTC,1
GACTAGGACACCCCGA,1
GACTAGGAGGAGACCC,1
GACTAGGATGGATCCG,1
GACTAGGCACTCTGGC,1
GACTAGGGACATAATG,1
GACTAGGGATTAAAGG,1
GACTAGGGGTTGGGCA,1
GACTAGTAGACTCAAT,1
GACTAGTGGAAGGGTT,1
GACTAGTTAAAAGGTA,1
GACTAGTTGAAAGCTT,1
GACTAGTTGTACATGG,1
GACTATACGCTTCAGA,1
GACTATAGAAGACTAT,1
GACTATAGATACAATC,1
GACTATAGATTGGCCT,1
GACTATAGCTGCCATC,1
GACTATATAAAACTAT,1
GACTATATAAGTACGA,1
GACTATATACCCAACG,1
GACTATATCCTTCAGA,1
GACTATATGATTCAGA,1
GACTATATGCTTAAGA,1
GACTATATGCTTCATA,1
GACTATCGGATAATAC,1
GACTATCGGGGCCCAC,1
GACTATCGGTTAAAAC,1
GACTATCGTATAATAA,1
GACTATCTGCCCTGGC,1
GACTATGGGTACCTTA,1
GACTATGGTCGTAAGA,1
GACTATGTATCTAATT,1
GACTATGTTCGTAAGC,1
GACTATGTTGAGGCCA,1
GACTATTATACAACTA,1
GACTATTCAGACTTGT,1
GACTATTGTAGAGGGG,1
GACTATTTACTCGGCC,1
GACTCAAAAAATTACA,1
GACTCAAAAGCGAACA,1
GACTCAAACTTGCGAG,1
GACTCAAAGAAACAGC,1
GACTCAACCTCCAACC,1
GACTCAACTTCTAAAA,1
GACTCAATAATCGCCT,1
GACTCACAAAAGATCT,1
GACTCACAGCTCCAGG,1
GACTCACAGTACTTGG,1
GACTCACATTAATTGG,1
GACTCACGAAATGAAT,1
GACTCACTAGATCAAA,1
GACTCACTGACTATGT,1
GACTCAGAAAAATGTT,1
GACTCAGAGAAATATT,1
GACTCAGATAATATAC,1
GACTCAGCATATCTTT,1
GACTCAGGGTACCTTA,1
GACTCATATCGCCGCA,1
GACTCATCAACGACGG,1
GACTCATCAACGCAGG,1
GACTCATCAACGCCGA,1
GACTCATCAATGCCGG,1
GACTCATCATAAGTCC,1
GACTCATCATCAGTTC,1
GACTCATCTAATCATC,1
GACTCATGACCATGCA,1
GACTCATGTCAATGCA,1
GACTCATGTCCATGAA,1
GACTCATGTTTTACAC,1
GACTCATTAATTTTAC,1
GACTCCAAAAACCCCC,1
GACTCCAAAGCACCGA,1
GACTCCAACAAAATAA,1
GACTCCAACCCATCAC,1
GACTCCAAGATTCTAC,1
GACTCCAATAATACAT,1
GACTCCAATAATATAC,1
GACTCCAGTTTTCCAG,1
GACTCCATAGCAACGA,1
GACTCCATCCTGTACG,1
GACTCCATTATTTGCT,1
GACTCCATTTTTCTAG,1
GACTCCCAAGCGTTTC,1
GACTCCCCAAAGAAAC,1
GACTCCCCTACATGAC,1
GACTCCCGAAACCCAG,1
GACTCCCGCGCCCGAA,1
GACTCCGAACCCGATG,1
GACTCCGAATAAGCAT,1
GACTCCGATAATATAA,1
GACTCCGTAAACAAAA,1
GACTCCGTGACCCAGC,1
GACTCCGTTTAACAAC,1
GACTCCTATAATATAC,1
GACTCCTGACTGGGCG,1
GACTCCTGTACTTCAA,1
GACTCCTTAGACGCGA,1
GACTCCTTCTCACTCA,1
GACTCGAAAACACTAT,1
GACTCGAATAAGGCAT,1
GACTCGAATATCTAGA,1
GACTCGACACGCTCTT,1
GACTCGACCAATACCT,1
GACTCGATCAATACCC,1
GACTCGATGAATACCT,1
GACTCGCAAGGGCGTT,1
GACTCGCCAAATAAAA,1
GACTCGCGATGCTGTC,1
GACTCGCGGCAAGAAT,1
GACTCGCTTACTATGT,1
GACTCGTAGTACTCTC,1
GACTCGTAGTACTTTA,1
GACTCGTGTCCTTCAA,1
GACTCTAACAAAGATG,1
GACTCTAACTGCAAGA,1
GACTCTACATAATATC,1
GACTCTAGCTGCCACC,1
GACTCTATCAATACCT,1
GACTCTATCTGATACA,1
GACTCTATTCCGGGCA,1
GACTCTCAAACCTTAC,1
GACTCTCACTACAAAA,1
GACTCTCGGTACTCAG,1
GACTCTCTACTTAAAG,1
GACTCTCTGACTATGT,1
GACTCTGAAAACTTAC,1
GACTCTGAAAATATTT,1
GACTCTGAAACCGTAC,1
GACTCTGAAACCTCAC,1
GACTCTGAAACCTTAA,1
GACTCTGAACCCTTAG,1
GACTCTGAAGTTAGTA,1
GACTCTGAAGTTGATA,1
GACTCTGAATAAGAAT,1
GACTCTGAATAATCAT,1
GACTCTGACACTAGTA,1
GACTCTGATAGGACTA,1
GACTCTGGGCACCTTA,1
GACTCTGGGTACCTCA,1
GACTCTGGGTACCTTG,1
GACTCTGTACAAGAAG,1
GACTCTGTGTACCTTA,1
GACTCTTAAACCTTAC,1
GACTCTTAGTTGACAA,1
GACTCTTCCAAAATCC,1
GACTGAAAATGGAAGC,1
GACTGAAACCCAACTA,1
GACTGAAACGAACACA,1
GACTGAAATGAGTTTA,1
GACTGAAATTTCAGGC,1
GACTGAACACAGTACT,1
GACTGAACCCATAAAG,1
GACTGAACCGGACACG,1
GACTGAACTCAGTTTA,1
GACTGAACTGATTTTA,1
GACTGAACTTAGTTTA,1
GACTGAAGCAACAGAC,1
GACTGAAGTCTTGATA,1
GACTGAATTGAGTTTA,1
GACTGACAACTTTTAC,1
GACTGACACAACGCCT,1
GACTGACAGACATATT,1
GACTGACGCTAAGCCC,1
GACTGACTAACTGTAG,1
GACTGACTAAGTAGCA,1
GACTGACTGAAATGAA,1
GACTGAGAGAATTAAA,1
GACTGAGATCACTCAC,1
GACTGAGCTTCTTAAT,1
GACTGAGGCGATTTAA,1
GACTGAGTACAGAGTT,1
GACTGAGTCAAAAATT,1
GACTGAGTTGGAATCT,1
GACTGATAACCTTCTA,1
GACTGATACTAATTGA,1
GACTGATAGTAATTGG,1
GACTGATCAGACTTTG,1
GACTGATGGTACTTAC,1
GACTGATGTTGCTTAC,1
GACTGATTCCATTGAG,1
GACTGCAAAGATTATT,1
GACTGCAAATATTAGT,1
GACTGCAAATCTTCAA,1
GACTGCAAGCTATCCA,1
GACTGCACTACCTATT,1
GACTGCACTGTAGAAG,1
GACTGCAGCAATCACC,1
GACTGCAGGAATGCTT,1
GACTGCATAAACTCGG,1
GACTGCATAGACTTGG,1
GACTGCATGGAGAAAA,1
GACTGCATGTAAATTA,1
GACTGCATTGAGAGAA,1
GACTGCATTGATAAAA,1
GACTGCATTGTGAAAA,1
GACTGCATTTAGAAAA,1
GACTGCCTGAAATGAG,1
GACTGCGTACAGAGCT,1
GACTGCGTACAGAGTA,1
GACTGCGTGCAGAGTT,1
GACTGCGTTATGCTTC,1
GACTGCTACTGCCTAG,1
GACTGCTATTCGAAGT,1
GACTGCTTGAAATGAA,1
GACTGGAAGCAAATTG,1
GACTGGACACCTGCCC,1
GACTGGAGCGTGACAA,1
GACTGGCCCGCCCGAC,1
GACTGGCCTAACTCGA,1
GACTGGCCTTGTAGCG,1
GACTGGCTTCGTAGCG,1
GACTGGCTTTGAAGCG,1
GACTGGCTTTGTAGCA,1
GACTGGGTTTGTAGCG,1
GACTGGTATATTGGCG,1
GACTGGTCTGACCCTA,1
GACTGGTGGCCATACT,1
GACTGTATATAATTAA,1
GACTGTCTCATTGAGA,1
GACTGTCTGAAATGAA,1
GACTGTCTTGATCAAC,1
GACTGTGCCAGGCGAG,1
GACTGTGCGTGTACTA,1
GACTGTGGCCCTCTTG,1
GACTGTGGCGTTTAAC,1
GACTGTGGTTGAAAAG,1
GACTGTTACTCGAAGT,1
GACTGTTAGAGTTTGT,1
GACTGTTAGTCGAAGT,1
GACTGTTATTCGAAAT,1
GACTGTTATTTGAAGT,1
GACTGTTTCTTACACA,1
GACTTAAAATAAATTC,1
GACTTAAAATATCGGT,1
GACTTAACATATAGGT,1
GACTTAACATATCGGC,1
GACTTAACATATCTGT,1
GACTTAACCATCTGCA,1
GACTTAACTATCTGCC,1
GACTTAATGCAGTATG,1
GACTTACATCCTAAAT,1
GACTTACCAGTCGGAG,1
GACTTACCTATCAAAA,1
GACTTACTATGATACC,1
GACTTAGACACGCTAT,1
GACTTAGAGACGCTCT,1
GACTTAGATCACCTAG,1
GACTTAGATCACCTCA,1
GACTTAGATCACCTCT,1
GACTTAGATCACTTCG,1
GACTTAGGGCTGAAAC,1
GACTTATAAGAAGTTG,1
GACTTATAATTAACCA,1
GACTTATACTAATTGG,1
GACTTATGGTGCTTAC,1
GACTTATTATAAGTGA,1
GACTTATTTATAGAAC,1
GACTTATTTCTAGAAA,1
GACTTATTTCTATAAC,1
GACTTATTTGTAAACA,1
GACTTCAAAGTAGATA,1
GACTTCAATCACAAAC,1
GACTTCACTTATACAA,1
GACTTCAGATAAATTC,1
GACTTCAGATGTGAAT,1
GACTTCAGCAACTATA,1
GACTTCAGTCATGCGA,1
GACTTCATCATCCGAT,1
GACTTCATCCTACGAT,1
GACTTCATCCTCAGAT,1
GACTTCATCCTCCAAT,1
GACTTCATCCTCCTAT,1
GACTTCATCCTCTGAT,1
GACTTCATTGACATAC,1
GACTTCCAACACTACG,1
GACTTCCACCACTACT,1
GACTTCCCAACATGAC,1
GACTTCCCCACATGAC,1
GACTTCCCCGAATGAC,1
GACTTCCCTACACGAC,1
GACTTCCCTACATCAC,1
GACTTCCCTACATGAA,1
GACTTCCCTACATGGC,1
GACTTCCCTACATGTC,1
GACTTCCCTACATTAC,1
GACTTCCTAATAGGAA,1
GACTTCCTAGGCTCTG,1
GACTTCCTTACATGAC,1
GACTTCGAAATAGAGA,1
GACTTCGGGCACATCG,1
GACTTCGTACAGAGTT,1
GACTTCGTCATCAGAA,1
GACTTCGTGCTGAACC,1
GACTTCTACTGCCTTG,1
GACTTCTCCCAAAGTT,1
GACTTGAAAAACAACC,1
GACTTGACTAACGAAT,1
GACTTGAGTCACTACT,1
GACTTGCCATGCTGTC,1
GACTTGCGAAAACCAA,1
GACTTGCGATACTGTC,1
GACTTGCTAGGGTAAT,1
GACTTGCTCCGCTATT,1
GACTTGGATCACCTCG,1
GACTTGTAATCTCAGA,1
GACTTGTATCAACCGC,1
GACTTGTATCAACCGG,1
GACTTGTCATATAATT,1
GACTTGTCATATTCTC,1
GACTTGTCTATTGGCG,1
GACTTGTGAAAACAAA,1
GACTTGTTGCCGATTT,1
GACTTGTTGGTAAACA,1
GACTTTAAATACCTGT,1
GACTTTAATCGGCAGT,1
GACTTTACCAAATCGC,1
GACTTTACCCACACGA,1
GACTTTACTAACTTTC,1
GACTTTAGAAACTATA,1
GACTTTAGACGGATTT,1
GACTTTATACGATTAC,1
GACTTTATCCTCCGAT,1
GACTTTATGCGAAGCT,1
GACTTTCTATCACTGA,1
GACTTTGAAGTTAATA,1
GACTTTGAATACGACC,1
GACTTTGCCATGAGAC,1
GACTTTGCCCACAATA,1
GACTTTGGGTGCGGGC,1
GACTTTTAAATTGACT,1
GACTTTTACCAGATTG,1
GACTTTTACCCCATTG,1
GACTTTTACCTGCATT,1
GACTTTTAGCAGCCCA,1
GACTTTTAGCCGATTG,1
GACTTTTATTCGAAGT,1
GACTTTTGAAAACCAA,1
GACTTTTGCACTGCAC,1
GACTTTTGTCTTATTC,1
GACTTTTTCTCATCGC,1
GAGAAAAAGACTACAT,1
GAGAAAAAGATAATCG,1
GAGAAAAATGAACCTA,1
GAGAAAACAATATAAT,1
GAGAAAACCATACGAC,1
GAGAAAACCGGGTTAT,1
GAGAAAACCGTTTTAC,1
GAGAAAACGGATAATC,1
GAGAAAACTAGTCAAC,1
GAGAAAAGAATATGGA,1
GAGAAAAGGACAAGAG,1
GAGAAAAGGACGAAAG,1
GAGAAAAGGACGAGAT,1
GAGAAAAGGACGGGAG,1
GAGAAAAGGGAGAAAA,1
GAGAAAAGGTAAAAAA,1
GAGAAAAGTACGAGAG,1
GAGAAAATATGGAAAA,1
GAGAAAATCAAAACTG,1
GAGAAAATCTGTAAAT,1
GAGAAAATGGTCCAGA,1
GAGAAAATTCCATAAT,1
GAGAAAATTGAATACA,1
GAGAAACAATAGTGAA,1
GAGAAACGAAGGTGCC,1
GAGAAACGATTTAACA,1
GAGAAACGGACAAACC,1
GAGAAACGTTCTCCGG,1
GAGAAACTAGCTAATT,1
GAGAAACTCATCGGTA,1
GAGAAACTTAAGATCC,1
GAGAAACTTACTCTAA,1
GAGAAACTTCTGCACG,1
GAGAAAGAACTCATAC,1
GAGAAAGAGAAATAGT,1
GAGAAAGATTAATAGT,1
GAGAAAGCAAGAGTAA,1
GAGAAAGCCATTAAAT,1
GAGAAAGCGAGGAAAT,1
GAGAAAGCTAGGCCAA,1
GAGAAAGGCCCGGTCA,1
GAGAAAGGGACGAGAG,1
GAGAAAGTCAATTATA,1
GAGAAAGTCCATAACC,1
GAGAAAGTCCATAAGT,1
GAGAAAGTTGTCAATC,1
GAGAAATAAAAGCGAG,1
GAGAAATAATTATCGA,1
GAGAAATAATTCTTGA,1
GAGAAATACCCCAGTA,1
GAGAAATCTCTATGAC,1
GAGAAATCTGTATAGG,1
GAGAAATGTCTTCATG,1
GAGAAATTACACGCAG,1
GAGAAATTTATCTTGT,1
GAGAAATTTGATGTAG,1
GAGAACAACAGAGCCG,1
GAGAACAACCCACCAG,1
GAGAACAAGCCAACCC,1
GAGAACAATGAGATTA,1
GAGAACACAAATGACA,1
GAGAACACAGAAGAGA,1
GAGAACACTATAGTGG,1
GAGAACAGAAAACTAC,1
GAGAACAGAAAGTAAC,1
GAGAACATTCTCCAAC,1
GAGAACATTGAATAAA,1
GAGAACCGAGGCAGTA,1
GAGAACCGGTCTCCGG,1
GAGAACCGTTCCCCGG,1
GAGAACCGTTCTACGG,1
GAGAACCGTTCTTCGG,1
GAGAACCTTATTATGG,1
GAGAACGAAAACCTTT,1
GAGAACGAAGACCGTT,1
GAGAACGAATCTAGAT,1
GAGAACGATTATGTTT,1
GAGAACGCACAATTCC,1
GAGAACGTAATGAAAC,1
GAGAACGTTGCAGCAG,1
GAGAACTAATAAGACA,1
GAGAACTATACAACGG,1
GAGAACTCATTCTCCG,1
GAGAACTGGACGTCTC,1
GAGAACTTAGTAAGAC,1
GAGAAGAAATACTAAG,1
GAGAAGACAACCAACC,1
GAGAAGACACTTAGTT,1
GAGAAGATAATGCATA,1
GAGAAGATACACTCTC,1
GAGAAGATGAACGCAG,1
GAGAAGATTAAGAATC,1
GAGAAGATTAGATTAC,1
GAGAAGCAAATAAAAA,1
GAGAAGCAACAGCTTC,1
GAGAAGCAATAGCGAA,1
GAGAAGCCAAATACCT,1
GAGAAGCGTATAAAAA,1
GAGAAGCTAGAGGTAA,1
GAGAAGCTTAAGAACC,1
GAGAAGCTTAAGAATA,1
GAGAAGCTTAAGATTC,1
GAGAAGCTTAATAATC,1
GAGAAGGACCACTCTA,1
GAGAAGGATTTCTCTC,1
GAGAAGGCAAGGGCAC,1
GAGAAGGCATAAAAAT,1
GAGAAGGCATTGGATT,1
GAGAAGGTACGCATGC,1
GAGAAGGTATTCTTTA,1
GAGAAGTAACCTGTCA,1
GAGAAGTAGATAATAG,1
GAGAAGTATATAAAAA,1
GAGAAGTCATTATAAC,1
GAGAAGTTAGTAAGCC,1
GAGAATAACAATAAGG,1
GAGAATAACCGCATAT,1
GAGAATAACTAGATCC,1
GAGAATAATAGAAATA,1
GAGAATAATCAGCATG,1
GAGAATAATCTCATAT,1
GAGAATAATTAACACC,1
GAGAATACAATAATCA,1
GAGAATAGCCACTACA,1
GAGAATAGTCAGCACA,1
GAGAATATAATTGGAC,1
GAGAATATATAGATTA,1
GAGAATATCTATAACC,1
GAGAATATGCACATAG,1
GAGAATCAATAGGTCT,1
GAGAATCAGTAGATAC,1
GAGAATCCAATGTTAA,1
GAGAATCCTGCAGAAT,1
GAGAATCTAACCCACT,1
GAGAATCTAGTGAGAC,1
GAGAATCTATAAAGTG,1
GAGAATCTATACAGTG,1
GAGAATCTATCAAGTG,1
GAGAATCTATCCATTG,1
GAGAATGATAAGTAGC,1
GAGAATGATCAGTAGA,1
GAGAATGATTACGTTT,1
GAGAATGATTATGTTC,1
GAGAATGATTTCGCTC,1
GAGAATGGGAGAATAG,1
GAGAATGGTTCGTCTT,1
GAGAATGTGAGAAATG,1
GAGAATGTGGACCCAA,1
GAGAATGTTAGTTTAT,1
GAGAATTAAATCAAAT,1
GAGAATTATTCGAAGA,1
GAGAATTATTGTAAAA,1
GAGAATTCAGGAATTT,1
GAGAATTCCTGTAAAA,1
GAGAATTCGTGTAAAA,1
GAGAATTGTTCAAAGA,1
GAGAATTTTAATGAAG,1
GAGACAAAACTCAGAG,1
GAGACAAAAGTTATCT,1
GAGACAAAATATCCCA,1
GAGACAAATATATAAA,1
GAGACAAATGTTCAAA,1
GAGACAACAAATTATT,1
GAGACAACATTTTTCG,1
GAGACAACTTAGATCA,1
GAGACAACTTTCAGAA,1
GAGACAAGATCATAAC,1
GAGACAATAACATAAA,1
GAGACAATAATACATA,1
GAGACAATCGAAGTTA,1
GAGACAATTAAGATTT,1
GAGACAATTCGACCAG,1
GAGACACAAAGATGGA,1
GAGACACAAAGATGTA,1
GAGACACAAATATGCA,1
GAGACACAAGGATGCA,1
GAGACACAGTTTAGAG,1
GAGACACATACTCAAA,1
GAGACACATATACCAA,1
GAGACACATTAAGGAT,1
GAGACACATTCCTTGA,1
GAGACACCAAGAATAA,1
GAGACACGTTCCGCAA,1
GAGACACTTACCCTAA,1
GAGACAGATGCATTTG,1
GAGACAGCAGCGAACA,1
GAGACAGCTATTCGTG,1
GAGACAGTCGGGTGTG,1
GAGACATAGAAAAAAT,1
GAGACATCTAGACGTA,1
GAGACATGCCCGCGGT,1
GAGACATGGCTGCTCC,1
GAGACCACATGCCCAA,1
GAGACCACTAAACCAA,1
GAGACCACTAAACCGC,1
GAGACCACTAAAGCAC,1
GAGACCAGATCATAAA,1
GAGACCAGTAAAAATT,1
GAGACCATATCATAAC,1
GAGACCATATGAGAAT,1
GAGACCATATTGAATT,1
GAGACCCAAGCTACGT,1
GAGACCCCGATCACAA,1
GAGACCCGAGTCCATC,1
GAGACCCGTTCGCCTT,1
GAGACCCTACCTTCAC,1
GAGACCCTATAAGCTC,1
GAGACCCTCCTGTCAG,1
GAGACCCTCGCGCCAC,1
GAGACCCTCTCATAAG,1
GAGACCCTTAAAAATT,1
GAGACCGTTAGACAAT,1
GAGACCTAACAATTGA,1
GAGACCTAACATTTCA,1
GAGACCTACTCTAGAC,1
GAGACCTGGCATTTCA,1
GAGACCTTAATCTTTA,1
GAGACCTTCTCTAGAC,1
GAGACCTTGATTACAT,1
GAGACCTTGCCCATCC,1
GAGACGAACCGAGTTC,1
GAGACGAACGAAGAAA,1
GAGACGACATAGAAAC,1
GAGACGACGAATTATC,1
GAGACGATACCACCGC,1
GAGACGATCATCCTTA,1
GAGACGCAACCACTGA,1
GAGACGCATCATAGAA,1
GAGACGCCAACACTGA,1
GAGACGCCACAACTGA,1
GAGACGCCACCACCGA,1
GAGACGCCACCACTTA,1
GAGACGCCGTGGTCAA,1
GAGACGCGTAAAAATT,1
GAGACGGCGCGATTAA,1
GAGACGGCTCCATCTG,1
GAGACGTCACAAAGCA,1
GAGACGTCAGACACTG,1
GAGACGTCCGAAACTG,1
GAGACGTCCGACACCG,1
GAGACGTCCGACACTC,1
GAGACTAAAACAATAG,1
GAGACTAAAGTCACTT,1
GAGACTAATTGATTAA,1
GAGACTACCAATGAGT,1
GAGACTACCGGGTTAA,1
GAGACTATAGAGGCTC,1
GAGACTATGAGTAGGG,1
GAGACTATGCGTTACC,1
GAGACTATGTTTTACC,1
GAGACTATTTTCACAT,1
GAGACTCAACTCTTAG,1
GAGACTCATCTATTAG,1
GAGACTCGAAAGTCAA,1
GAGACTCGGAAATGCT,1
GAGACTGTGAAGGTAA,1
GAGACTGTGTCAGCAA,1
GAGACTTTACCCAATG,1
GAGAGAAAAATATAAA,1
GAGAGAAAAATATCTA,1
GAGAGAAAGATATCAA,1
GAGAGAACACATAAAG,1
GAGAGAACCCCGAAAT,1
GAGAGAACGTCAAAAT,1
GAGAGAACTACCGTAA,1
GAGAGAAGAAGTTACA,1
GAGAGAAGAATATCAA,1
GAGAGAAGTTGATAAA,1
GAGAGAATACGAGAAT,1
GAGAGACAAAGTTACA,1
GAGAGACCACACCCTA,1
GAGAGACGCGGGGCCC,1
GAGAGACGCGTGGTCC,1
GAGAGACGCTGAAATT,1
GAGAGACTAAAGTAGA,1
GAGAGACTAGGTCTGA,1
GAGAGACTCGGAGGCA,1
GAGAGACTCGGTCTAA,1
GAGAGACTGAAGGAGT,1
GAGAGACTTATTACAC,1
GAGAGAGAGTAATAGT,1
GAGAGAGATGGCCTAG,1
GAGAGAGTTACCTTTC,1
GAGAGATATGACGTCA,1
GAGAGATCTAAAAAGA,1
GAGAGATGATTGAAGA,1
GAGAGATGCAACTCCC,1
GAGAGATTATGATTAT,1
GAGAGCAACAAGGTCC,1
GAGAGCAACTTTAAAC,1
GAGAGCACCCCAAAAT,1
GAGAGCACCCCGAAAA,1
GAGAGCACCCCTAAAT,1
GAGAGCACGCCAAAAT,1
GAGAGCAGACAACCAT,1
GAGAGCAGCTGTTAAT,1
GAGAGCGCAAAATTGG,1
GAGAGCGTGACTCCTT,1
GAGAGCGTGGCTCATT,1
GAGAGCGTGGCTCTTT,1
GAGAGCTAAGGATATG,1
GAGAGCTTAGTAAGCC,1
GAGAGGAAATTAATTC,1
GAGAGGAATGAAGAGA,1
GAGAGGAGGACTTGAT,1
GAGAGGATTCTTAATA,1
GAGAGGATTGTAACAT,1
GAGAGGCCTAAACGGC,1
GAGAGGCCTATTTCCT,1
GAGAGGCGTGGGGTAA,1
GAGAGGGAACAATCTC,1
GAGAGGGAGAAGTTAA,1
GAGAGGGCGAGCGTAG,1
GAGAGGGTTCATGCTT,1
GAGAGGTATGATGTCA,1
GAGAGGTCTGATAAAT,1
GAGAGGTGGATTACAC,1
GAGAGTAACCCAACTA,1
GAGAGTAGAGCTTCAA,1
GAGAGTAGATGACGTC,1
GAGAGTATATCTTGCC,1
GAGAGTATCCATTTCA,1
GAGAGTATCGAAGTCC,1
GAGAGTATCGCTTTAG,1
GAGAGTATCGTAGTCC,1
GAGAGTATGGCAATGA,1
GAGAGTCACTTTTTCG,1
GAGAGTCAGAATAAGG,1
GAGAGTCAGATCTCGA,1
GAGAGTCAGCAGAGGG,1
GAGAGTCATACGATCA,1
GAGAGTCCCTATACTT,1
GAGAGTCGCAATAAGG,1
GAGAGTCTATGCATTA,1
GAGAGTGAATTAATTC,1
GAGAGTGACAACTGTT,1
GAGAGTGACATACATA,1
GAGAGTGATGGAATCC,1
GAGAGTGCGGCAATGA,1
GAGAGTGGCTTTCCGA,1
GAGAGTGGGCAAAGCA,1
GAGAGTGTGGCTCCTT,1
GAGAGTTGCGTCGAAG,1
GAGATAAAAAAGATCA,1
GAGATAAAAATAATTC,1
GAGATAACAATAATCG,1
GAGATAACAATACTCT,1
GAGATAAGCGTTTTAG,1
GAGATAAGGCCATGGG,1
GAGATAATAAAAACTA,1
GAGATAATACTTGAAA,1
GAGATAATACTTTAAT,1
GAGATACAGAAATCAA,1
GAGATACAGAGACCTT,1
GAGATACAGCTAAACA,1
GAGATACCATGAGCCA,1
GAGATACGTCAGTTCC,1
GAGATACTACATAAGG,1
GAGATACTACCTGAGG,1
GAGATACTATGACACC,1
GAGATACTGCCTAAGG,1
GAGATAGCAGACAAGA,1
GAGATAGCATACAAGC,1
GAGATAGGAACTATTT,1
GAGATAGGCCATTCTT,1
GAGATAGGTATGGGAG,1
GAGATAGTCGCAACTG,1
GAGATATAACACTCCA,1
GAGATATACAAGTCAT,1
GAGATATAGAACATAA,1
GAGATATCATTGTAAA,1
GAGATATCGCGAGCTA,1
GAGATATCGGCTCCCA,1
GAGATATTAGTAATTA,1
GAGATATTTTTCACCA,1
GAGATCAAAACTATAC,1
GAGATCAACTTGAAAC,1
GAGATCACACATAGTA,1
GAGATCACGTTCTCAC,1
GAGATCAGGCCTTGCC,1
GAGATCAGGTCCCTCT,1
GAGATCATGTGTAGTA,1
GAGATCCAACGAAGAG,1
GAGATCCCAAAAAGGA,1
GAGATCCCATCCACTT,1
GAGATCCGAATGCTAG,1
GAGATCCTCCTCTGAC,1
GAGATCGACTCGACGC,1
GAGATCGCGTACCAAG,1
GAGATCGCTATGAAAC,1
GAGATCGGCACTGAAC,1
GAGATCGGTATAAAAT,1
GAGATCGTACGGGGTG,1
GAGATCTAATCCTTCT,1
GAGATCTAGAGCAAAT,1
GAGATCTCTAGCTATC,1
GAGATCTGAACTAACG,1
GAGATCTGAATCCATA,1
GAGATCTGACGAAGAG,1
GAGATCTTACACCATT,1
GAGATGAAGTTATTTA,1
GAGATGACAAAGGTCC,1
GAGATGACAGCTAAAG,1
GAGATGACCTCTAAAG,1
GAGATGACGGCTAAAG,1
GAGATGACTAATAACA,1
GAGATGACTTCCCACT,1
GAGATGAGGATACAAA,1
GAGATGATAGCAGCTG,1
GAGATGATGAACAAGC,1
GAGATGATGAGCATGA,1
GAGATGATTCTAAATT,1
GAGATGCAACTAACCT,1
GAGATGCACTTGACGT,1
GAGATGCAGCGAACCT,1
GAGATGCCATTGACAA,1
GAGATGCGAGAAAAAT,1
GAGATGCTACTCCACA,1
GAGATGGAGAGAAGGG,1
GAGATGGCACAAGTAG,1
GAGATGGGACAAGATC,1
GAGATGGTTAAAAAGG,1
GAGATGGTTTATTAAG,1
GAGATGTACTAAATAA,1
GAGATGTGAAAAAAAT,1
GAGATGTGGGAAAAAT,1
GAGATTAAAGAGCATG,1
GAGATTAACATTCCAG,1
GAGATTAACGCGTTGG,1
GAGATTAAGACACCCA,1
GAGATTAATCAGTATG,1
GAGATTACACTCCCCC,1
GAGATTACGTTCGCAC,1
GAGATTACTCCGGACT,1
GAGATTAGAGATATAT,1
GAGATTAGAGTGAGCG,1
GAGATTAGCATTACAG,1
GAGATTATTAATCAAA,1
GAGATTCAAAACTAAA,1
GAGATTCACCACATTC,1
GAGATTCACGAGTTGG,1
GAGATTCACGTGTTGG,1
GAGATTCATCTTAGAC,1
GAGATTCCCAGGAGAA,1
GAGATTCTTCCTGATG,1
GAGATTGAACTCAAAA,1
GAGATTGACGCGTTGG,1
GAGATTGCAAGTGAGC,1
GAGATTGCACATTGCC,1
GAGATTGTAATTATAC,1
GAGATTTTGGAGACTG,1
GAGCAAAAAATGATGT,1
GAGCAAAAACGGATTG,1
GAGCAAAAAGTGAGGT,1
GAGCAAAAGTCAGCCA,1
GAGCAAAATATGAGGT,1
GAGCAAACATTTTTCG,1
GAGCAAACTGTTTTAC,1
GAGCAAAGAATGAGGT,1
GAGCAAAGCGTTTTAC,1
GAGCAAAGTAAACGAA,1
GAGCAACAAATGAGGT,1
GAGCAACATCGGTGTA,1
GAGCAACATTCAAACT,1
GAGCAACCACGAAAGT,1
GAGCAACCATCCAACG,1
GAGCAACCCTGAGCTT,1
GAGCAACCTAACTAAT,1
GAGCAACCTTCCAACT,1
GAGCAAGCCCCGAAGA,1
GAGCAAGGTAAAAAGC,1
GAGCAAGTAGCCATTT,1
GAGCAATACCTTCACA,1
GAGCAATATGATGAAA,1
GAGCAATCAGGTTACT,1
GAGCAATCCCTCTGAC,1
GAGCAATCGAGTTACT,1
GAGCAATCTCACTGAC,1
GAGCAATCTCTATGAC,1
GAGCAATCTCTCTAAC,1
GAGCAATCTCTCTGAT,1
GAGCAATCTCTCTGGC,1
GAGCAATCTCTGTGAC,1
GAGCAATCTCTTTGAC,1
GAGCAATCTGTCTGAC,1
GAGCAATGACTATTAA,1
GAGCAATGGGGTTACT,1
GAGCAATTAAGGAGTT,1
GAGCAATTATCTGATT,1
GAGCAATTGGGTTACT,1
GAGCAATTTCTCTGAC,1
GAGCACAAAATAGAAT,1
GAGCACAATCATATGA,1
GAGCACACGCAAAAAA,1
GAGCACACGGTACAAT,1
GAGCACATTCCATGAG,1
GAGCACCAAATCCCTA,1
GAGCACCAATAATTCA,1
GAGCACCCATAATTAA,1
GAGCACGCACAATTCT,1
GAGCACGCATCCCGAT,1
GAGCACGGAAATTCGT,1
GAGCACGGTATAGCTA,1
GAGCACGTCAGATGGA,1
GAGCACGTCCTATGGA,1
GAGCACTAATCTAGAT,1
GAGCACTAGCCACCCA,1
GAGCACTCACAATTCC,1
GAGCACTGGATGGCCC,1
GAGCACTGGCTGGCCT,1
GAGCACTGGTACCCTA,1
GAGCACTGTCTGGCCC,1
GAGCACTTAGCACTAA,1
GAGCACTTCCGATGGA,1
GAGCAGAGAACGTGCC,1
GAGCAGAGATTTGAAA,1
GAGCAGATTAGGTTAC,1
GAGCAGATTATATTAC,1
GAGCAGATTGGATTAC,1
GAGCAGCTCCAACAAA,1
GAGCAGGTGCCCTATA,1
GAGCAGGTTAGATTAC,1
GAGCAGTAACAAATCT,1
GAGCAGTAGGAAAAAT,1
GAGCAGTATAAAGTAG,1
GAGCAGTATAAAGTCA,1
GAGCAGTATAAAGTTG,1
GAGCAGTATCTCTGTC,1
GAGCAGTATTTGAACA,1
GAGCAGTCTCTCTGAC,1
GAGCAGTGACAAATTT,1
GAGCATAAAACTGGTC,1
GAGCATACACAAAAAA,1
GAGCATACGAAAAAAA,1
GAGCATACGGTCGGGA,1
GAGCATACTATATTCA,1
GAGCATAGAGAAAAAA,1
GAGCATAGTCAAAGAT,1
GAGCATAGTCAGCATA,1
GAGCATAGTCAGCGCA,1
GAGCATAGTCCCCCAT,1
GAGCATATCATGCATA,1
GAGCATATTAGATTAC,1
GAGCATCAAGAATCGA,1
GAGCATCATATTCTAT,1
GAGCATCGTTGCTTCG,1
GAGCATGATAGATGAC,1
GAGCATGGAGAAAAAC,1
GAGCATTAATCAGACC,1
GAGCATTATAAAGTCG,1
GAGCATTCAAGCGTTA,1
GAGCATTCAGGGACAC,1
GAGCATTCGGGTTACT,1
GAGCATTGATCAGAGT,1
GAGCATTTAAATCATT,1
GAGCATTTCATGAACG,1
GAGCCAAAAAATTTAT,1
GAGCCAAACAAGAACG,1
GAGCCAAACTTGTAAA,1
GAGCCAAATTATTCAT,1
GAGCCAACATTCTTCG,1
GAGCCAAGAGATATAC,1
GAGCCAATCTATGGTG,1
GAGCCAATGATCTGTA,1
GAGCCACATAAAATAT,1
GAGCCACCCAAACGAT,1
GAGCCACGAGTCCATC,1
GAGCCACTAAGTTTAT,1
GAGCCACTAATTTTAA,1
GAGCCACTTATCTGTA,1
GAGCCACTTGCTAACA,1
GAGCCAGAAATGCATT,1
GAGCCAGACATACCAT,1
GAGCCAGAGGCATTTG,1
GAGCCAGATAGACAGA,1
GAGCCAGATAGGCAGC,1
GAGCCAGTAGCTTAAA,1
GAGCCATAGGCTCTCA,1
GAGCCATGCATTATTA,1
GAGCCATGGCTGCTCA,1
GAGCCATGTAATCGGT,1
GAGCCATTTAATGCTC,1
GAGCCCAAAGGAATAA,1
GAGCCCAAATTGCACA,1
GAGCCCACAGTAATAA,1
GAGCCCACATGAATAA,1
GAGCCCACGCTCAATT,1
GAGCCCATCCAACATC,1
GAGCCCCAAGTCCATC,1
GAGCCCCAGTGGAATT,1
GAGCCCCGAGTCCTTC,1
GAGCCCCGAGTCGATC,1
GAGCCCCGAGTCTATC,1
GAGCCCCGAGTTCATC,1
GAGCCCCGGGTCCATC,1
GAGCCCCGTAAGTCAA,1
GAGCCCCGTACATACG,1
GAGCCCCTAGTCCATC,1
GAGCCCGAAAGAATGA,1
GAGCCCGGTAAATACG,1
GAGCCCGGTAATGGAA,1
GAGCCCGGTACACACG,1
GAGCCCGGTACATACT,1
GAGCCCGTTACATACG,1
GAGCCCTAACCGTGTA,1
GAGCCCTGAGTCCATC,1
GAGCCCTGTACATACG,1
GAGCCCTTAGCATCTT,1
GAGCCCTTCGGACACG,1
GAGCCGACGAATACAC,1
GAGCCGATGTGAGCCT,1
GAGCCGCAAAGAATAA,1
GAGCCGCCTCACAAGC,1
GAGCCGCGAAGTGCAG,1
GAGCCGCGAAGTGTGG,1
GAGCCGCGAGTCCATC,1
GAGCCGCGGAGTGTAG,1
GAGCCGGATTCCGACG,1
GAGCCGGATTCCGCCT,1
GAGCCGTACACGGAAT,1
GAGCCGTATATAAAGT,1
GAGCCGTATTTGGGTG,1
GAGCCGTCAGACACAA,1
GAGCCTAATGAGTTTA,1
GAGCCTAGAATGAAAT,1
GAGCCTATCCTGTACG,1
GAGCCTATGAGAAGGG,1
GAGCCTCATGACAGCT,1
GAGCCTCGACGAAGCT,1
GAGCCTCGAGTCCATC,1
GAGCCTCGCAGTTGAG,1
GAGCCTGACCGACCTC,1
GAGCCTGTAGGTGGAC,1
GAGCGAAAAAAGGCAT,1
GAGCGAAAACGAAAAC,1
GAGCGAAAATTGTGAA,1
GAGCGAAATGCATTCA,1
GAGCGAACAAATCCGT,1
GAGCGAACACAATGAA,1
GAGCGAACACCCACCC,1
GAGCGAATCAACAGAT,1
GAGCGAATCACAAACT,1
GAGCGAATCCCAAGAC,1
GAGCGAATTAGGATAG,1
GAGCGAATTGGAAAAT,1
GAGCGACACAGTCACA,1
GAGCGAGACAGTTAAA,1
GAGCGAGGAAATCCGC,1
GAGCGAGTTACCCTTC,1
GAGCGATAAAAAGAAC,1
GAGCGATAAAAATAAT,1
GAGCGATACGTTTTCG,1
GAGCGATATATTCTGA,1
GAGCGATCATATGCGA,1
GAGCGATCGCGAAAAA,1
GAGCGATCGGGTTACT,1
GAGCGATGACGTAATG,1
GAGCGATGATTTAAGA,1
GAGCGATGCATAAATA,1
GAGCGATTAAAAGATT,1
GAGCGATTCAAATATT,1
GAGCGATTGAAAGATT,1
GAGCGCAATGCATTAA,1
GAGCGCACACCCAATA,1
GAGCGCCCATAATTCA,1
GAGCGCCCATTACATG,1
GAGCGCCCATTGCATA,1
GAGCGCCCGTTACATA,1
GAGCGCGACAGTTAAC,1
GAGCGCGAGAGTTAAA,1
GAGCGCGGTTATACCC,1
GAGCGCGTAAATCAAA,1
GAGCGCTACAGTTAAA,1
GAGCGCTGACAAGGAT,1
GAGCGGATCCCAAGAA,1
GAGCGGCCAGAGTTTT,1
GAGCGGCGATGGATCC,1
GAGCGGGAGCAATCTC,1
GAGCGGGCTAACAATC,1
GAGCGGGTAATATTAA,1
GAGCGGGTAATTTATG,1
GAGCGGGTACAATCTC,1
GAGCGGTAAAAAGAAT,1
GAGCGGTAACAATCTC,1
GAGCGGTTCAAAGATT,1
GAGCGGTTGATTCATG,1
GAGCGGTTTAGGAACA,1
GAGCGTACATTTCACT,1
GAGCGTACTACCCATC,1
GAGCGTATAGTTCACG,1
GAGCGTATCACTGAAA,1
GAGCGTCAAAATGCAT,1
GAGCGTCAATATGAAT,1
GAGCGTCACATAGAAC,1
GAGCGTCCCCGTGACG,1
GAGCGTTCCCATAAAC,1
GAGCGTTGGCACTACA,1
GAGCGTTTCTATACAA,1
GAGCTAAAATAGCATA,1
GAGCTAACAAAGAGAC,1
GAGCTAACACATTACC,1
GAGCTAACCACTTAGG,1
GAGCTAACGATTAAAC,1
GAGCTAACTGAGGATG,1
GAGCTAATAGTCTTCA,1
GAGCTAATCCGTATAC,1
GAGCTACAGAGGAACC,1
GAGCTACAGCAGTCTA,1
GAGCTACCGACAGAAG,1
GAGCTACTCGATAACA,1
GAGCTAGATCTTATAT,1
GAGCTAGCTGTAAAGC,1
GAGCTAGTTACCCTGC,1
GAGCTATAAAAAGATT,1
GAGCTATAACACCGGA,1
GAGCTATACCCAAAGC,1
GAGCTATAGTTAAGTA,1
GAGCTATATATGCTGA,1
GAGCTATCAATCGAAG,1
GAGCTATCTCTCTGAC,1
GAGCTATGACAGACCT,1
GAGCTATGGAATCGTA,1
GAGCTATTTGCTACAG,1
GAGCTCACAATTAACA,1
GAGCTCACATCGTCAG,1
GAGCTCACATGAATGC,1
GAGCTCACGTACCAAG,1
GAGCTCAGGCGATCCA,1
GAGCTCATTTACTTAA,1
GAGCTCCCACCCAATA,1
GAGCTCCCATTACATA,1
GAGCTCCCCAACGACT,1
GAGCTCCGTCACTAGA,1
GAGCTCGCGCACCAAG,1
GAGCTCGGACTTTTCA,1
GAGCTCGGGCTTTTAA,1
GAGCTCTAACCGAGGT,1
GAGCTCTGGCTTTTCA,1
GAGCTGAAATGAATGC,1
GAGCTGAACTCTTGAA,1
GAGCTGACATGAATGA,1
GAGCTGACATGAATGT,1
GAGCTGACCGTAAAAG,1
GAGCTGACCTAAGTTC,1
GAGCTGACGTGAATGC,1
GAGCTGACGTGAGCCT,1
GAGCTGATCCCAAGAC,1
GAGCTGATGCGAGCCT,1
GAGCTGATGTAAGCCT,1
GAGCTGATGTGAGACT,1
GAGCTGATGTGAGTCT,1
GAGCTGATGTGGGCCT,1
GAGCTGCATCATCGAG,1
GAGCTGCGACCAATAT,1
GAGCTGCGACCATTAT,1
GAGCTGCGACCGTTCA,1
GAGCTGCGGCCAGTAT,1
GAGCTGCTACCAGTAT,1
GAGCTGCTTAGGAACA,1
GAGCTGGAACAATCTC,1
GAGCTGGACGTCCTAT,1
GAGCTGGTAATTCATG,1
GAGCTGGTGTGAGCCT,1
GAGCTGTAACAGAATG,1
GAGCTGTAGAACCGTG,1
GAGCTGTAGAACTGTA,1
GAGCTGTAGAACTTTG,1
GAGCTGTAGAATTGTG,1
GAGCTGTCAGACAGAG,1
GAGCTGTCAGCATAGC,1
GAGCTGTGACAAAATG,1
GAGCTGTGACAGAATT,1
GAGCTGTTGAGGAACA,1
GAGCTGTTTAGGAAGA,1
GAGCTGTTTAGTAACA,1
GAGCTTAAAATCGACC,1
GAGCTTAAGGGCCCGA,1
GAGCTTAATAGACCAT,1
GAGCTTAATATACCAA,1
GAGCTTAATCAACAAA,1
GAGCTTACGCGCAGAA,1
GAGCTTACTCGATTGC,1
GAGCTTAGAAGGAGAT,1
GAGCTTAGCAGGTCCA,1
GAGCTTCACAGGCGTA,1
GAGCTTGAAAAATACA,1
GAGCTTGAGATTCCGA,1
GAGCTTGAGCAATACA,1
GAGCTTGGCACCCCCT,1
GAGCTTGTAATTATGC,1
GAGCTTTAATCGAACT,1
GAGCTTTAATTGAACT,1
GAGCTTTTAATTATAC,1
GAGCTTTTTAGGAACA,1
GAGGAAAAAAACTATT,1
GAGGAAAAGCCAATCT,1
GAGGAAAAGTAAAAAC,1
GAGGAAAATTAGAGCA,1
GAGGAAACAAACTCAG,1
GAGGAAACTACCTTTA,1
GAGGAAATTAAAATTG,1
GAGGAACACTGTTAAT,1
GAGGAACACTGTTAGC,1
GAGGAACAGTGCTCGT,1
GAGGAACATGGGTACG,1
GAGGAACCTCCAGTCA,1
GAGGAACCTGCTATTC,1
GAGGAACGTACAACAA,1
GAGGAACTCATCTGTA,1
GAGGAAGATTTAAGTT,1
GAGGAAGCCTGATTCG,1
GAGGAAGTAATAAATG,1
GAGGAATCGAAATATC,1
GAGGAATCTCTCTGAC,1
GAGGAATGGGGGAATG,1
GAGGAATTGGACCAAA,1
GAGGAATTGGGTAGCT,1
GAGGACAATAGCTGTA,1
GAGGACACACAGTAAA,1
GAGGACAGAAGAGTAT,1
GAGGACAGACGTATTA,1
GAGGACAGGATTGGCC,1
GAGGACAGTCGTATTA,1
GAGGACCAAGTTATGT,1
GAGGACCAATGACTCG,1
GAGGACCACTGAATCG,1
GAGGACCACTGACACG,1
GAGGACCACTGACTCA,1
GAGGACCACTTACTCG,1
GAGGACCGCTTTGGTA,1
GAGGACCGGTCACGTA,1
GAGGACCGTTCGAGAA,1
GAGGACGGAAGGCCAT,1
GAGGACTAACAAAATT,1
GAGGACTCACATACAA,1
GAGGACTCGAAGTATC,1
GAGGACTGGAAATATC,1
GAGGACTGGACTTTAC,1
GAGGACTTAATAAATG,1
GAGGAGAGAGAATCAC,1
GAGGAGAGCGTGGTTT,1
GAGGAGAGCTAGCAGG,1
GAGGAGCAGTGCTAGT,1
GAGGAGCCCGAAGAAA,1
GAGGAGGACCGTCAGG,1
GAGGAGGACGTATTAT,1
GAGGAGGCTAAAAACA,1
GAGGAGGCTTCCAATG,1
GAGGAGGGATTCTATC,1
GAGGAGTAAAATCTTT,1
GAGGAGTAGTAAAGTA,1
GAGGAGTCAGAAAGGG,1
GAGGAGTGAACTTGGC,1
GAGGAGTGCTTTCAGA,1
GAGGAGTGGACTTGGA,1
GAGGAGTGGAGTTGGC,1
GAGGAGTTAGTGTACA,1
GAGGAGTTATGGCAGC,1
GAGGATAAACTCAAAC,1
GAGGATAAAGTACCAA,1
GAGGATAACAGAACAA,1
GAGGATAAGCGCGATA,1
GAGGATAATATCTGTA,1
GAGGATAATGTAGCAC,1
GAGGATAGTAGCTGTA,1
GAGGATATCAACATAA,1
GAGGATCACTGACTCG,1
GAGGATCATCCTAAAA,1
GAGGATCCATCCACCC,1
GAGGATCCATGCACCT,1
GAGGATCCATGTACCC,1
GAGGATCCGTGCACCC,1
GAGGATCTATCCAGTG,1
GAGGATGAGAACCTTC,1
GAGGATGATTATGTTT,1
GAGGATGGTTCTGAAG,1
GAGGATGTGTAGGAGT,1
GAGGATGTGTCGGAGG,1
GAGGATTAATTCCACT,1
GAGGATTATCTTGAAC,1
GAGGATTCAACCGTTC,1
GAGGATTCTTGTAAAA,1
GAGGATTTGACGACAC,1
GAGGCAAACTACACTA,1
GAGGCAAATTCATGTT,1
GAGGCAACATAAAAAA,1
GAGGCAACCAGAATTG,1
GAGGCAACCCAAAAAA,1
GAGGCAAGCTCGGATT,1
GAGGCAATTCAACCGT,1
GAGGCACGAATCCAGA,1
GAGGCAGATTCAATTT,1
GAGGCAGCCTAAAAAA,1
GAGGCAGCCTCCCGCA,1
GAGGCATATTCCTCAA,1
GAGGCATCGAACAACA,1
GAGGCATTAGTTCGAT,1
GAGGCATTGAACCAAA,1
GAGGCATTGCATAAAC,1
GAGGCATTGGAACAAA,1
GAGGCCACCCCCCGTA,1
GAGGCCAGATTATAAC,1
GAGGCCATAAATCGGT,1
GAGGCCATGTTGCTAT,1
GAGGCCCTCCCAAACG,1
GAGGCCGAGTCAATTT,1
GAGGCCGCCTCGAACT,1
GAGGCCGCTTATACGA,1
GAGGCCGGTACATACG,1
GAGGCCGGTGTCATCT,1
GAGGCCGGTTTCACCT,1
GAGGCCTATAATAAAA,1
GAGGCCTATATGCCCA,1
GAGGCGACTCTAAAAA,1
GAGGCGAGAGAGTCAC,1
GAGGCGAGGACGATAA,1
GAGGCGATAAAGATGC,1
GAGGCGCTACTTGTCA,1
GAGGCGGGAATAAAAA,1
GAGGCGGTAGTAAAAA,1
GAGGCGGTGCTAAATT,1
GAGGCGTCCGACACTG,1
GAGGCGTCGGCCCAAC,1
GAGGCGTGATAGTTAT,1
GAGGCTAACGACAACC,1
GAGGCTAAGCCAAACA,1
GAGGCTACCTAAAAAA,1
GAGGCTACTCATTGAA,1
GAGGCTCACCTAATTA,1
GAGGCTCACGTCCTCG,1
GAGGCTTCAATTACCA,1
GAGGGAACAGAAAAAG,1
GAGGGAACAGAAAAGA,1
GAGGGAACAGGAAAAA,1
GAGGGAACATGAGGTC,1
GAGGGACAAAGACCGT,1
GAGGGACAAGGACAGT,1
GAGGGACAAGGACCTT,1
GAGGGACAAGGACGGT,1
GAGGGACCATGCGAAA,1
GAGGGACGAGGACCGT,1
GAGGGACTATTACTTC,1
GAGGGAGAAAATTAAA,1
GAGGGAGAAGGACCGT,1
GAGGGAGGGAAATGGA,1
GAGGGAGTAAACCTTT,1
GAGGGATACACAAAAC,1
GAGGGATATACTCTGA,1
GAGGGATGCAACCTGC,1
GAGGGCAATAGATGGT,1
GAGGGCACACGTCAAA,1
GAGGGCACATAAGGTC,1
GAGGGCACCCAGGCAA,1
GAGGGCCTCACAGGAC,1
GAGGGCCTTCTATTGA,1
GAGGGCGCATAACCCG,1
GAGGGCTATATCAGAC,1
GAGGGCTATCGCACAG,1
GAGGGCTCCACATATC,1
GAGGGGAAGATGAATG,1
GAGGGGACAAAGGATA,1
GAGGGGACAGAAAAAA,1
GAGGGGAGCGAAATAA,1
GAGGGGAGGGAAATCA,1
GAGGGGAGTGTCACGC,1
GAGGGGCTGTTACTTC,1
GAGGGGGCGAACGTAG,1
GAGGGGGCTGACTCAG,1
GAGGGTAACGATAAGC,1
GAGGGTAACGATACCC,1
GAGGGTAATAATGTAA,1
GAGGGTACATCTCCTA,1
GAGGGTCCAAGATATA,1
GAGGGTCGCCATCAAT,1
GAGGGTGGGCAACCTA,1
GAGGGTTAGCATTCGC,1
GAGGGTTCAGAACCGT,1
GAGGGTTGCGGTATAA,1
GAGGGTTGGGGTATAC,1
GAGGTAAAATAATTAC,1
GAGGTAAAGAATCATA,1
GAGGTAACCTCTATAC,1
GAGGTAATAATACTAA,1
GAGGTAATATTCGCCT,1
GAGGTAATTCAAGCGT,1
GAGGTAATTCAGAAAC,1
GAGGTAATTGAGAGCC,1
GAGGTACAAACACCTT,1
GAGGTACAGAAATCAG,1
GAGGTACCGAAATCAT,1
GAGGTACCGAAATCGG,1
GAGGTAGACAGGCACA,1
GAGGTAGACAGTCCCA,1
GAGGTAGCCCCCAGAT,1
GAGGTATATAGGGTGG,1
GAGGTATCAAATAACC,1
GAGGTATCACAAGCAG,1
GAGGTATCAGTCTGTA,1
GAGGTATCGCAGTTAA,1
GAGGTCACGTTCGCAC,1
GAGGTCATAAATCGTT,1
GAGGTCATGTTACGTA,1
GAGGTCCAACCAGGAA,1
GAGGTCGGGCTTTTCA,1
GAGGTCGTTGTATACA,1
GAGGTCTGAGTTGTAG,1
GAGGTGAAGAAACAAC,1
GAGGTGATAACGCAAT,1
GAGGTGATCACGCGAT,1
GAGGTGATGTGAGCCT,1
GAGGTGATTGTACATA,1
GAGGTGCAATGCATTA,1
GAGGTGCACCACAGCT,1
GAGGTGCTCCACATGT,1
GAGGTGGCTTTTTGAC,1
GAGGTGTACAGAAGAG,1
GAGGTGTATAGCAGAG,1
GAGGTGTGGTGTAAAA,1
GAGGTTAAATCTGCAA,1
GAGGTTAACATACATG,1
GAGGTTAATAATGTGA,1
GAGGTTACTTTAGTAA,1
GAGGTTACTTTATTGA,1
GAGGTTCAACCATGAA,1
GAGGTTGATATATCCT,1
GAGGTTGCCCACTGTC,1
GAGGTTGTAACAAAAA,1
GAGGTTGTTGTATAAA,1
GAGGTTGTTGTATGCA,1
GAGGTTGTTTTATACA,1
GAGGTTTAATGGGGTC,1
GAGGTTTAGTTAGTCC,1
GAGGTTTTATCCAAAA,1
GAGTAAAAACCAGTAA,1
GAGTAAAACGATTTCG,1
GAGTAAAAGCTATAGT,1
GAGTAAAAGGTGCATG,1
GAGTAAAATGTCCATG,1
GAGTAAACTTGATACA,1
GAGTAAAGCCAAATAG,1
GAGTAAAGCCCATCCT,1
GAGTAAAGGTTTAAAT,1
GAGTAAATCGCAGGGT,1
GAGTAACACTTCTTTT,1
GAGTAACATTTAACCT,1
GAGTAACCACAGAACT,1
GAGTAACCATCTTTGC,1
GAGTAACCCACTCCAA,1
GAGTAACCCACTCGGA,1
GAGTAACCCTTCTTTT,1
GAGTAACCGACTCCGA,1
GAGTAACCTACTCCGA,1
GAGTAACGCCGTGTGG,1
GAGTAACGCTTCATTT,1
GAGTAACTCAGTTGAC,1
GAGTAACTCTGGACTA,1
GAGTAACTCTGGGCTA,1
GAGTAACTCTTCTTTT,1
GAGTAACTCTTGCCTA,1
GAGTAACTGATCTTGA,1
GAGTAAGACTAGATAG,1
GAGTAAGAGTAATAGT,1
GAGTAAGCAACCGTAA,1
GAGTAAGCTATACAAG,1
GAGTAAGCTATACAGA,1
GAGTAAGGAATACGAT,1
GAGTAAGTCATCTTGA,1
GAGTAAGTGTCCACGA,1
GAGTAATAAATACTGC,1
GAGTAATCCTGAATCC,1
GAGTAATCTTCTAGAG,1
GAGTAATGAAGCGGAA,1
GAGTAATGAGGAATAA,1
GAGTAATGTCATTATC,1
GAGTAATTATTGAGTA,1
GAGTAATTGACAGACT,1
GAGTAATTGCTCTTCT,1
GAGTACAACCGGAACG,1
GAGTACAAGTAATACC,1
GAGTACAATAAAAACT,1
GAGTACACCGGCCATA,1
GAGTACAGCTAGACAC,1
GAGTACATACTCCAAT,1
GAGTACATCAACTCAT,1
GAGTACCACACGACCG,1
GAGTACCATAACAACT,1
GAGTACCATAGACTGA,1
GAGTACCCCCGTGTGG,1
GAGTACCGCCGTGCGG,1
GAGTACCTCAATTCCA,1
GAGTACCTCCGTGTGG,1
GAGTACCTTCAAATGA,1
GAGTACGATCAAGGAA,1
GAGTACGCGCACCTTA,1
GAGTACGGTACTACTT,1
GAGTACGTAAGCATTT,1
GAGTACGTAAGTAACT,1
GAGTACGTACGCCAAT,1
GAGTACGTCACAACAT,1
GAGTACGTCGAAACAT,1
GAGTACGTTGCAACAT,1
GAGTACTACAATTTGC,1
GAGTAGAACGAAACCT,1
GAGTAGAATATCGTAC,1
GAGTAGAGAAAGACCA,1
GAGTAGCAAAAGTACT,1
GAGTAGCTCTGGCCTA,1
GAGTAGGCTAAAGACA,1
GAGTAGGCTAAGAACA,1
GAGTAGGCTTAAAACA,1
GAGTAGTAACAAATTT,1
GAGTAGTAATATCGCA,1
GAGTAGTACGTAGGTC,1
GAGTATAAACAGTATA,1
GAGTATAACCGCGATA,1
GAGTATAAGACAAACC,1
GAGTATAATTCATTAA,1
GAGTATAGAAATGTCG,1
GAGTATAGGCATGTCG,1
GAGTATATACATGTCG,1
GAGTATATACGCCAAT,1
GAGTATCAAAAGGACT,1
GAGTATCCGAGAACTA,1
GAGTATCCGATCCCTA,1
GAGTATCGATTAAAAC,1
GAGTATCGCCGTGTGG,1
GAGTATCTACAGCCTG,1
GAGTATGACAATACGC,1
GAGTATGACATAGGTG,1
GAGTATGACCTAGGTG,1
GAGTATGAGACAAACC,1
GAGTATGATATCAATC,1
GAGTATGATGCTCAGA,1
GAGTATGCAAATACGC,1
GAGTATGCCATGATGA,1
GAGTATGCCATGTTGA,1
GAGTATGCCGATACGC,1
GAGTATGCTGAAGTCG,1
GAGTATTAGCTTGAAC,1
GAGTATTCTATTAGGA,1
GAGTATTTAAAAAACG,1
GAGTCAAAAAAGAAAT,1
GAGTCAAAACCTGATC,1
GAGTCAAACTTATCTC,1
GAGTCAACCTATATAC,1
GAGTCAAGGTCCGGAT,1
GAGTCAATAAAGTCCA,1
GAGTCACAATCGGCCA,1
GAGTCACATCGCTGGA,1
GAGTCACCCAAATGAT,1
GAGTCACCCAAGATAA,1
GAGTCACCCAGACGAT,1
GAGTCACCGGTCAAAA,1
GAGTCACCTAAACGAT,1
GAGTCACTAAGTTTAA,1
GAGTCACTCAGTTAAC,1
GAGTCACTGGTAAAAA,1
GAGTCAGCATAAAAAA,1
GAGTCAGGACTCTTAC,1
GAGTCATACAAGATAA,1
GAGTCATAGCTACCTC,1
GAGTCATAGGATTCAA,1
GAGTCATATATACCTC,1
GAGTCATATCTACTTC,1
GAGTCATCACAGGGCA,1
GAGTCATCCCGTAAAT,1
GAGTCATTAAAATTAG,1
GAGTCATTACTAGGCA,1
GAGTCATTAGACTCCC,1
GAGTCATTCAAGATAA,1
GAGTCATTGGACCAAA,1
GAGTCATTTGGCTACC,1
GAGTCCAACAACGAAA,1
GAGTCCAAGCTAAGGG,1
GAGTCCAATCACTTGG,1
GAGTCCACCGGCCAAA,1
GAGTCCACCGGTCATA,1
GAGTCCACGGGCCATA,1
GAGTCCAGAGGCCGGT,1
GAGTCCCATGACGTTA,1
GAGTCCCGTAGTCATA,1
GAGTCCGAAGAAGTTC,1
GAGTCCGTTGATGACC,1
GAGTCCTAATCAATAC,1
GAGTCCTATAACTTTA,1
GAGTCCTCACAGGGAA,1
GAGTCCTCTAAGAGAT,1
GAGTCCTGTAAGAGCT,1
GAGTCCTTCCCATCCT,1
GAGTCGAAAAATAAAT,1
GAGTCGAGACTACTCA,1
GAGTCGAGAGGAATTG,1
GAGTCGCAACCTATAA,1
GAGTCGCACAATAGCA,1
GAGTCGCATCATCGAG,1
GAGTCGCCCGTTAAAA,1
GAGTCGCGTTAATAGG,1
GAGTCGCTATTTGTCA,1
GAGTCGGAACGTAACC,1
GAGTCGGCAAGTAACC,1
GAGTCGGCGCGTAACC,1
GAGTCGGGATTCTTAC,1
GAGTCGGTACGTAACC,1
GAGTCGTCCAAGATAA,1
GAGTCGTGCTAGTTAT,1
GAGTCGTTAAAACCAA,1
GAGTCTATAAAAATAT,1
GAGTCTCAAATAAAAG,1
GAGTCTCATATCAATC,1
GAGTCTCCAAGAGCAT,1
GAGTCTCCTATAATTA,1
GAGTCTCGAAGATGAG,1
GAGTCTGAATAAGAGT,1
GAGTCTGCGACAAATC,1
GAGTCTGCTAAGATCG,1
GAGTCTGCTAAGCTAG,1
GAGTCTGGGTACCTTA,1
GAGTCTTACGAACGGC,1
GAGTCTTCGAACCGAT,1
GAGTCTTCGAGACGAT,1
GAGTCTTCGAGCAGAT,1
GAGTCTTCGAGCCATA,1
GAGTCTTCGAGCCGAC,1
GAGTCTTCGAGCCTAT,1
GAGTCTTTAGCACGTA,1
GAGTCTTTGAAAGAAA,1
GAGTCTTTGAGCCGAT,1
GAGTGAAAAAACCACA,1
GAGTGAAAAAAGGCCT,1
GAGTGAAACGAAATAC,1
GAGTGAACACGAAATA,1
GAGTGAACCATTAAAT,1
GAGTGAACGCTATCAG,1
GAGTGAACTCCCAATA,1
GAGTGAAGGAATATTC,1
GAGTGAATACCCACGC,1
GAGTGAATCAACTCAT,1
GAGTGACAAGGACCGT,1
GAGTGACTACCTTGGT,1
GAGTGACTCAGCGAAC,1
GAGTGAGAATATGAAC,1
GAGTGAGACCCTAAAA,1
GAGTGAGAGAGTACGT,1
GAGTGAGAGCCTCAAA,1
GAGTGAGGCTCACTCA,1
GAGTGAGTACTCACGC,1
GAGTGAGTGCCAGACT,1
GAGTGATCACCACAAA,1
GAGTGATTCTGACTGA,1
GAGTGATTGAAAAGAA,1
GAGTGCAAAACTCTAG,1
GAGTGCAAAGATTAGT,1
GAGTGCACACTCTTGC,1
GAGTGCACATGAGGTC,1
GAGTGCATCAACCCAT,1
GAGTGCATCCGGAGAG,1
GAGTGCATCGACTCAT,1
GAGTGCATGACTTGGG,1
GAGTGCATTCAACCAT,1
GAGTGCCCATTACATA,1
GAGTGCCTGTAAATTA,1
GAGTGCGATAATAGTA,1
GAGTGCGCTCTATACC,1
GAGTGCGGAAGATCAG,1
GAGTGCGGATTAACGG,1
GAGTGCGGGTTAACAG,1
GAGTGCTACTGCCTTG,1
GAGTGCTAGTAAACCA,1
GAGTGCTCAAAATATA,1
GAGTGCTCACCGCAAA,1
GAGTGCTCACGACAAA,1
GAGTGCTCGATGTCTA,1
GAGTGCTGCTGGTCTG,1
GAGTGCTGCTGGTTTA,1
GAGTGCTTGAAAACAA,1
GAGTGGATAAATATAA,1
GAGTGGATAAATATCA,1
GAGTGGATACGACGAA,1
GAGTGGATACTACCTA,1
GAGTGGATACTATCGA,1
GAGTGGATGCAGACGT,1
GAGTGGATGTAGACTT,1
GAGTGGCATGAAGAGA,1
GAGTGGCATTACCTCG,1
GAGTGGCGTAACCAGC,1
GAGTGGCTTTGTAGCG,1
GAGTGGGAACAATCTC,1
GAGTGGGACAAAAGAA,1
GAGTGGGTTCATGCTT,1
GAGTGGTGACAATTTA,1
GAGTGTAAATCTGCAA,1
GAGTGTAACAATTGTC,1
GAGTGTACACTAACCA,1
GAGTGTACATTTCACT,1
GAGTGTACCCAGCATG,1
GAGTGTAGAATCCACT,1
GAGTGTAGCTATGAAT,1
GAGTGTATGTAGACGT,1
GAGTGTCAGTCGAATC,1
GAGTGTCATTACCTCA,1
GAGTGTCTCATTGAGA,1
GAGTGTCTTGATCAAC,1
GAGTGTGACACTTCTA,1
GAGTGTGACGGCCTTG,1
GAGTGTGTGACGAAAG,1
GAGTGTTAATATACTA,1
GAGTGTTACCTTGACC,1
GAGTGTTGACCAGTAA,1
GAGTGTTGCGGTATAC,1
GAGTTAAAAAAAAGCA,1
GAGTTAAAAAAAATTC,1
GAGTTAAAAATCGACC,1
GAGTTAAAATAACGTT,1
GAGTTAAAGATTAAAC,1
GAGTTAAAGTAATTAA,1
GAGTTAAAGTATGAAA,1
GAGTTAAATATGTGAC,1
GAGTTAAATCCCACTT,1
GAGTTAACAAAAAGAA,1
GAGTTAACAAACAGCA,1
GAGTTAACAACTATAT,1
GAGTTAACATGCGCCT,1
GAGTTAACGAAAAGCA,1
GAGTTAACGTGCGCAT,1
GAGTTAACTATTAAAC,1
GAGTTAATACCTGAAT,1
GAGTTACAACGAATGA,1
GAGTTACAGAAGAACG,1
GAGTTACTACCAAACA,1
GAGTTACTTATGTAGA,1
GAGTTACTTGGCAAAT,1
GAGTTAGAAAAAACAT,1
GAGTTAGAACGTTTGT,1
GAGTTAGACGCACATC,1
GAGTTAGACTCTTACA,1
GAGTTAGATATACAAA,1
GAGTTAGTACCAGACT,1
GAGTTAGTCAGCTCAA,1
GAGTTATACACGGTCT,1
GAGTTATAGAACACTT,1
GAGTTATATCTACCTC,1
GAGTTATCCGGTAGGA,1
GAGTTATCCTGTAGAA,1
GAGTTATCTCAATGTC,1
GAGTTATGGGTTCGTT,1
GAGTTATTACGACTTT,1
GAGTTATTATGACTGT,1
GAGTTCAAAATGTGAC,1
GAGTTCAAACCTACTA,1
GAGTTCAACACTAATA,1
GAGTTCACTATCCTAT,1
GAGTTCATCACCACTG,1
GAGTTCATTTGAAACC,1
GAGTTCCACAACTTTA,1
GAGTTCGGAGACACTT,1
GAGTTCGTACAGTCAC,1
GAGTTCGTGAAGTGTC,1
GAGTTCTCACCACAAA,1
GAGTTCTCTGCTACAC,1
GAGTTGAAAACTAATA,1
GAGTTGAAACGTTTGT,1
GAGTTGAACACTAATT,1
GAGTTGATGTGAGCCT,1
GAGTTGCACAATAGAA,1
GAGTTGCACAATATCA,1
GAGTTGCACAATGGCA,1
GAGTTGCACACCGGCT,1
GAGTTGCATCATTGAG,1
GAGTTGCCATCGTCTA,1
GAGTTGCGGACAAACA,1
GAGTTGCTTTTCATAA,1
GAGTTGGATATACCTC,1
GAGTTGGATATCCCTA,1
GAGTTGGCACGTAACC,1
GAGTTGGTCTAAAAAT,1
GAGTTGGTCTCAGAAT,1
GAGTTGTTAATAATCT,1
GAGTTGTTTTGCCGTA,1
GAGTTTAAAATCGACT,1
GAGTTTAAAATCTACC,1
GAGTTTAAATGACCCA,1
GAGTTTAGATGATATA,1
GAGTTTCAACCGGGCC,1
GAGTTTCCCATGGAGC,1
GAGTTTCTACATGTTG,1
GAGTTTGAACTCAAAA,1
GAGTTTGAAGTAAAAA,1
GAGTTTGTTACGAAAG,1
GAGTTTTAATTGAATC,1
GAGTTTTAGCTGTGAG,1
GAGTTTTCTACATAAC,1
GAGTTTTCTATTACTA,1
GATAAAAAAACTACAT,1
GATAAAAAATACTATA,1
GATAAAAAGATTAAGG,1
GATAAAAAGGTTAACC,1
GATAAAAATACCTCGC,1
GATAAAAATACTTATT,1
GATAAAAATTAAAATT,1
GATAAAACAAAGAAAT,1
GATAAAACAACAAGCT,1
GATAAAACAACCATAA,1
GATAAAACATAAAACA,1
GATAAAACCAGATTAT,1
GATAAAACCAGTTCGT,1
GATAAAACCTCGATCC,1
GATAAAACGAGATTAT,1
GATAAAACGCTATCGG,1
GATAAAACTAGATTGT,1
GATAAAACTATATTAT,1
GATAAAACTGATAAAT,1
GATAAAAGGATAGATG,1
GATAAAATAATGAATT,1
GATAAAATACTAAACT,1
GATAAAATATGAGTAA,1
GATAAAATCCCAAACC,1
GATAAAATGACAAAAC,1
GATAAAATTAGAACGT,1
GATAAAATTGCAGTAG,1
GATAAACAAGAAACAG,1
GATAAACAATAGCGAA,1
GATAAACAGGGCCATT,1
GATAAACAGGTACAAA,1
GATAAACAGTCCCATT,1
GATAAACATAGATAGA,1
GATAAACCAAATACAC,1
GATAAACCGACCACCC,1
GATAAACCTAAAGGAT,1
GATAAACCTAATAAAC,1
GATAAACCTCTATAAT,1
GATAAACGAAAAACAT,1
GATAAACGAACCTAGA,1
GATAAACGAGGGAAGG,1
GATAAACTAAAATCTG,1
GATAAACTAACAGATA,1
GATAAACTTGCAGTAC,1
GATAAACTTTGCACGC,1
GATAAAGAGGTTAACA,1
GATAAAGATATAAGAT,1
GATAAAGGACAATCAT,1
GATAAAGGCTTCATAG,1
GATAAAGTGCGTATAT,1
GATAAAGTTAACACAA,1
GATAAATAAAACACAA,1
GATAAATAACAGTCTG,1
GATAAATAATTAAAAG,1
GATAAATAATTCAAAT,1
GATAAATACAAGTCTG,1
GATAAATACCACTCTG,1
GATAAATACCAGTCTT,1
GATAAATACCGACATT,1
GATAAATACCTATCAA,1
GATAAATAGACTAACT,1
GATAAATAGATCTCTC,1
GATAAATATAATATAG,1
GATAAATATGCGCTAA,1
GATAAATCGACTAAAT,1
GATAAATGAAGAGGAA,1
GATAAATGACAAGTCT,1
GATAAATGATACTGGA,1
GATAAATGATTTGTGC,1
GATAAATTAAACACCG,1
GATAAATTATCTAGGC,1
GATAAATTGATAACAG,1
GATAAATTTAACACGG,1
GATAACAACCTCCGAG,1
GATAACAACCTCCGTG,1
GATAACAACGATCAAG,1
GATAACAATCCTATAC,1
GATAACAATCTTATCT,1
GATAACAATTCAAAGT,1
GATAACACAAATAACC,1
GATAACACGCAGGAGA,1
GATAACACGCAGGCGA,1
GATAACACGCAGGGGT,1
GATAACACGCAGGGTA,1
GATAACACGCTGGGGA,1
GATAACACGGAGGGGA,1
GATAACACGTCGAAAG,1
GATAACAGGCAGGGGA,1
GATAACAGTATCCATC,1
GATAACAGTGAATCAA,1
GATAACATCAATCAAA,1
GATAACATCATGTCCT,1
GATAACATGACTTAGA,1
GATAACATGGAAGTCA,1
GATAACCAGGATATGA,1
GATAACCCAGAGCGGT,1
GATAACCCCTAAGCCT,1
GATAACCCGCATAGGT,1
GATAACCCTGTCGAGA,1
GATAACCGAAAGAATG,1
GATAACCGAGAACGTC,1
GATAACCGTTTATGCT,1
GATAACCTACAGACTT,1
GATAACCTATCAATTT,1
GATAACCTATGGTCAA,1
GATAACCTTATCCAGC,1
GATAACGAAACAAGAA,1
GATAACGATTTGCTAT,1
GATAACGCATTCGATA,1
GATAACGGAAAACGAA,1
GATAACGGGAGAACTA,1
GATAACGTTACAATTC,1
GATAACGTTGCAGAAG,1
GATAACTAATAGGATA,1
GATAACTAGATCTCTC,1
GATAACTATTACGTGG,1
GATAACTCATCTGAAA,1
GATAACTGGTCTAGGT,1
GATAACTGTTATGAGA,1
GATAACTTAACTCTAA,1
GATAACTTAGAGAGTG,1
GATAACTTAGCGATTG,1
GATAACTTAGTGAGTG,1
GATAACTTGAGTTCCC,1
GATAACTTGGCGAGTG,1
GATAACTTGGGCGCCA,1
GATAAGAAAATGCTAA,1
GATAAGAAACTAAAAC,1
GATAAGAAGTACCACA,1
GATAAGAGGATAATTC,1
GATAAGAGTAGTTTCG,1
GATAAGAGTGCCTGCC,1
GATAAGATACACTCTG,1
GATAAGATCGCATCAA,1
GATAAGCATAAATAGA,1
GATAAGCATAGATAAA,1
GATAAGCATAGATACA,1
GATAAGCATAGATAGG,1
GATAAGCATAGATATA,1
GATAAGCCTAAAATAT,1
GATAAGCGAACCCATG,1
GATAAGCGAACCCCTA,1
GATAAGCTCTAAACAA,1
GATAAGCTTCTAATCT,1
GATAAGGACTATTCAA,1
GATAAGGATTAGTCAA,1
GATAAGGGAACGCAAT,1
GATAAGGGCGAAGCTC,1
GATAAGGTACAATGAG,1
GATAAGGTCAGATCAC,1
GATAAGGTCGGTAATG,1
GATAAGTAAAATTTTC,1
GATAAGTACTACACCA,1
GATAAGTATGTCAAAG,1
GATAAGTCAACATCAT,1
GATAAGTCCGTATATG,1
GATAAGTCTCACAACC,1
GATAAGTTAAAAGCGT,1
GATAAGTTCAAAGAGT,1
GATAAGTTGCAGAACC,1
GATAATAATTAAAAGT,1
GATAATAATTGTCCAG,1
GATAATACAATCTGTA,1
GATAATACCTAAAATG,1
GATAATACCTGAGATA,1
GATAATACGCAGGGGA,1
GATAATACGCCCACGG,1
GATAATACGTACGAAG,1
GATAATAGACGGAGGT,1
GATAATAGCACAGGAA,1
GATAATAGTACAACGT,1
GATAATAGTGCCTACC,1
GATAATATCAGTGATA,1
GATAATATCCATACAG,1
GATAATATCCGTGACA,1
GATAATATGTAGGAAA,1
GATAATATTACTACTA,1
GATAATCCACTACCCC,1
GATAATCCGACCACGG,1
GATAATCCGCCCAGGG,1
GATAATCGCAAGCCAG,1
GATAATCTAAAGGCCC,1
GATAATCTATCCAGTG,1
GATAATCTATGACTAT,1
GATAATGAAACAAAGG,1
GATAATGAAGACAAAC,1
GATAATGAATCCTTAA,1
GATAATGACAAGAAGG,1
GATAATGACATCCCAT,1
GATAATGAGTCCATAA,1
GATAATGAGTGCAACA,1
GATAATGATTGCAAAA,1
GATAATGATTTCAACA,1
GATAATGCCCATTAAA,1
GATAATGCCCATTGAA,1
GATAATGCCTAGTAAA,1
GATAATGTAAGAAATG,1
GATAATGTGAGTAATG,1
GATAATGTGGGAAATG,1
GATAATGTGTTGCTTA,1
GATAATTAAACAAAAA,1
GATAATTACAAGCCAG,1
GATAATTAGACCTCTC,1
GATAATTAGATCCCTC,1
GATAATTAGATCTCTT,1
GATAATTATTTAACTT,1
GATAATTCCCACGCAG,1
GATAATTCTAGGCCTC,1
GATAATTGAAAGCCAG,1
GATAATTGACCTCCGG,1
GATAATTGCAAGCCAA,1
GATAATTGCAAGCTAA,1
GATAATTGGCCTCCAG,1
GATAATTTAAATCATT,1
GATAATTTCAAAGCGT,1
GATAATTTCAAGCCAG,1
GATAATTTGATGCAAA,1
GATACAAACATCTATC,1
GATACAAAGCGCATCA,1
GATACAAAGCTGTAGA,1
GATACAAAGGAAGCGA,1
GATACAACCAGTACAT,1
GATACAACTCTATAAT,1
GATACAAGCGCAAAGA,1
GATACAAGTATACAGG,1
GATACAATATGATGAA,1
GATACAATGCTGTTCC,1
GATACAATTTTGCTAG,1
GATACACAAAGATGCA,1
GATACACACCCCGCCG,1
GATACACATACTCTCC,1
GATACACATCCTTAAC,1
GATACACCCCTATAAT,1
GATACACCGCATAGGT,1
GATACACGAACCTTTA,1
GATACACTAAAACCCT,1
GATACACTAGAAGCAA,1
GATACACTCTTGTAGT,1
GATACACTGCTCATAT,1
GATACAGAAGCACAGA,1
GATACAGAATAGTAAA,1
GATACAGAATTTTCCA,1
GATACAGGTTCAATTT,1
GATACAGTATTTTAAC,1
GATACAGTTAAGAACC,1
GATACATAAAGCTAAG,1
GATACATAACAAAAAG,1
GATACATAATTTTAAA,1
GATACATAGGACGAAA,1
GATACATATAATCAAT,1
GATACATATATGACAA,1
GATACATATATGGAAA,1
GATACATATATGTCAA,1
GATACATATTGACGCT,1
GATACATCAATAGAGC,1
GATACATGACCCCAAA,1
GATACATGTAATCATT,1
GATACATTCCACAGTG,1
GATACATTGGAAACTG,1
GATACATTTAATATCA,1
GATACCAAAACAGACA,1
GATACCAAAAGCTTGC,1
GATACCAAATAGGATA,1
GATACCAATAAAATAA,1
GATACCAATATCGACT,1
GATACCAGATCATAAC,1
GATACCAGTGGAACAG,1
GATACCATCCAACCCT,1
GATACCCAAAAAGACA,1
GATACCCAATGAAGTC,1
GATACCCAGAATAAAA,1
GATACCCAGAATGCCG,1
GATACCCATAGGGACA,1
GATACCCCCAAATCGC,1
GATACCCCGAATAGGT,1
GATACCCCGCTTAGGT,1
GATACCCGTTGTTACT,1
GATACCCTATAAGTTC,1
GATACCCTCTACGCAT,1
GATACCGAGACGCGCA,1
GATACCGATAAACGAT,1
GATACCGCCAACACTA,1
GATACCGTAAAACGAA,1
GATACCTAACATGCCA,1
GATACCTAATTCTGTA,1
GATACCTACAATAAAA,1
GATACCTCCATCGCCT,1
GATACCTCCCGACCAG,1
GATACCTCGAACCACT,1
GATACGAAAACCCATC,1
GATACGAAACGCCCGT,1
GATACGAAGGACCCTA,1
GATACGAATATTCATT,1
GATACGAGGATTCATT,1
GATACGATAAAACTAT,1
GATACGATATGATGAA,1
GATACGCCAAATGATA,1
GATACGCCCCTACACA,1
GATACGCCTAATCTTA,1
GATACGGACTTTTTAC,1
GATACGGAGCAGACGG,1
GATACGGCCAATTGAT,1
GATACGGTGGCTTAAA,1
GATACGGTTGCTCAAA,1
GATACGTCTTAACCAC,1
GATACGTGAACCCTAT,1
GATACGTGCGAAGCTC,1
GATACGTTACTACATG,1
GATACGTTAGCCCTAT,1
GATACGTTATATTGAT,1
GATACTAACACAAGGA,1
GATACTAAGAAAACCA,1
GATACTACGTCACCGC,1
GATACTAGAACCTTTA,1
GATACTAGTTTGAATC,1
GATACTATCCGTGATA,1
GATACTATCTACCTTC,1
GATACTCATAGAAACA,1
GATACTCATCTCTTAG,1
GATACTCCAACAACAT,1
GATACTCCCCACGACT,1
GATACTCTTAAAACAG,1
GATACTCTTAAGAAAG,1
GATACTCTTAAGACAC,1
GATACTGACATTCCAT,1
GATACTTACATCCCAT,1
GATACTTCAGAACAAC,1
GATACTTCGACTTAAC,1
GATAGAAAAATATCAA,1
GATAGAAAGTATCCCG,1
GATAGAAATGCTCCAT,1
GATAGAACAATAACAA,1
GATAGAACGAAAATAG,1
GATAGAACTCGTGTAC,1
GATAGAACTCTTGTGC,1
GATAGAACTTAAGAGC,1
GATAGAATAATATAGA,1
GATAGAATGCAGGAAA,1
GATAGAATGTTCTACG,1
GATAGACACTATAATC,1
GATAGACAGAAAATAG,1
GATAGACATCGTGATG,1
GATAGACCAAGTGGCC,1
GATAGACCTCTCACAA,1
GATAGACGGGCGCGAC,1
GATAGACTAGGAGGCA,1
GATAGACTCGAAGGCA,1
GATAGACTGGGAGGCA,1
GATAGACTTACGAAAA,1
GATAGAGAAGCAAAGA,1
GATAGAGACGTGCAGA,1
GATAGAGAGGCACAGA,1
GATAGAGATAAAGGCA,1
GATAGAGCATCCTCTC,1
GATAGAGCGTACAGCA,1
GATAGAGCTGACATCA,1
GATAGAGTAAGCACAA,1
GATAGAGTGGTGATCT,1
GATAGATATGCACTAA,1
GATAGATCAAATGCCT,1
GATAGATGATCAAAAG,1
GATAGATGCAACCTGC,1
GATAGATTAGTAAAAC,1
GATAGATTCAGCCCAA,1
GATAGATTCATCGCAG,1
GATAGATTTGGAAGGA,1
GATAGCAAACAGACTT,1
GATAGCAACACTATAC,1
GATAGCAAGCGGATGT,1
GATAGCAAGGGAGCAT,1
GATAGCAAGTACAGAC,1
GATAGCAATCTAAATT,1
GATAGCACATACAGAC,1
GATAGCACATCCTCTC,1
GATAGCACGCAGGGGA,1
GATAGCACGGCACCCA,1
GATAGCACGTACAGAA,1
GATAGCAGAAGATAGT,1
GATAGCAGGGCGCGAC,1
GATAGCATAAAGGACA,1
GATAGCATCGTCCCTA,1
GATAGCATGTTCTATG,1
GATAGCATTCAAGGAT,1
GATAGCCAGACCGGAA,1
GATAGCCGCGTGGACG,1
GATAGCCGCGTGGTCG,1
GATAGCCTCGTGGCCG,1
GATAGCTAATAAGCAC,1
GATAGCTACATAGAAG,1
GATAGCTAGACTAATT,1
GATAGCTATAGTCACT,1
GATAGCTTCTCTAGAA,1
GATAGGAAGAAAAAAT,1
GATAGGACCAAGAATG,1
GATAGGACCAATAATA,1
GATAGGACGCAAACCA,1
GATAGGACTGTAAGAC,1
GATAGGAGATTCCTAC,1
GATAGGATTCTAAATA,1
GATAGGATTCTTAATG,1
GATAGGCAAATCCAAG,1
GATAGGCCAGCCCTAA,1
GATAGGCTAAAGCTAG,1
GATAGGCTAATCTTGA,1
GATAGGCTGACGGTTT,1
GATAGGGAAGCACAGA,1
GATAGGGAATTAATTC,1
GATAGGGATCATCCTC,1
GATAGGGGATTTAACT,1
GATAGGGGATTTGACG,1
GATAGGGTATCCTTAA,1
GATAGGGTTTCTAACG,1
GATAGTAAAATAATTT,1
GATAGTAAAATTGAGC,1
GATAGTAAAGCGGGTA,1
GATAGTAAATGTCCAA,1
GATAGTAACTGGGAGT,1
GATAGTAAGTCCCGAA,1
GATAGTAATGTAAGAA,1
GATAGTACAATACAAA,1
GATAGTACAGCAGATA,1
GATAGTACAGCTGGTA,1
GATAGTACGTACAGAC,1
GATAGTACTATACTAA,1
GATAGTAGCGGAGTAT,1
GATAGTAGGAGAGACA,1
GATAGTAGGAGAGATG,1
GATAGTAGGAGTGACG,1
GATAGTATGTCCCGAA,1
GATAGTATTGGCGTCA,1
GATAGTATTTATAAGT,1
GATAGTCAACACAACT,1
GATAGTCAACCAACAG,1
GATAGTCAATTAACCA,1
GATAGTCGGATTTACA,1
GATAGTCTCAGATCAA,1
GATAGTCTTTGGTTAA,1
GATAGTGAATATGAAG,1
GATAGTGAGTAGTTAC,1
GATAGTGATTAGTTAA,1
GATAGTTAGATTATGG,1
GATAGTTATAATATCA,1
GATAGTTATATAGAAG,1
GATAGTTATGACGCTG,1
GATAGTTATTAGTTAC,1
GATAGTTCTGGAAAGG,1
GATATAAACAACTAGT,1
GATATAAACAGGCCTT,1
GATATAAACTTTGCCA,1
GATATAACAATATAAC,1
GATATAACAGTCTAGA,1
GATATAACCCGAAGAA,1
GATATAACTATATAAA,1
GATATAAGGCCATGTG,1
GATATAATAATGTCTT,1
GATATAATCCCTAATA,1
GATATACACAATCTGG,1
GATATACACCGCTAAT,1
GATATACACCTCTAAC,1
GATATACACGTCTAAT,1
GATATACACGTTTGGT,1
GATATACCAACAAAGG,1
GATATACCACGAAGAA,1
GATATACCGAAAATAG,1
GATATACCGCGAAGAA,1
GATATACGCCTCTAAT,1
GATATACGTTCGTAAT,1
GATATACTGCGCCAAA,1
GATATAGACAATGTAA,1
GATATAGACTCGACAA,1
GATATAGAGAAAATGA,1
GATATAGAGTAACCGT,1
GATATAGAGTGACCGT,1
GATATAGAGTGAGTAA,1
GATATAGCAGCAACGC,1
GATATAGCTGCTCATG,1
GATATAGGTATTGGAG,1
GATATAGGTTACCACG,1
GATATAGTAACAGATA,1
GATATAGTACAATGTT,1
GATATATAAGACGAAA,1
GATATATCAATGAATG,1
GATATATCATACGCCC,1
GATATATCGACAAAGG,1
GATATATCGTAGTAAG,1
GATATATCTCACCCCC,1
GATATATCTCCAACAA,1
GATATATGCCAAATCA,1
GATATATGGAAACCAC,1
GATATCAACCAGCCCT,1
GATATCAACCAGCCTT,1
GATATCAAGAACCTAC,1
GATATCAATCCGGTAA,1
GATATCAATGTCCAGG,1
GATATCACAAAGTATC,1
GATATCACAGAGATCC,1
GATATCACATACTGCC,1
GATATCACGTTCGCAC,1
GATATCAGAGTTACCC,1
GATATCAGCCAGCCGT,1
GATATCATAATGTCTC,1
GATATCATATAGGACA,1
GATATCCAGAACATAC,1
GATATCCAGAACCTAA,1
GATATCCAGAAGCTAG,1
GATATCCAGTATTCGA,1
GATATCCTCGTAGAAA,1
GATATCCTTCGCGAGC,1
GATATCGGTAAAAATA,1
GATATCTAACGAAGAG,1
GATATCTACCCCATTA,1
GATATCTAGTATTCCA,1
GATATCTCTATGTGTG,1
GATATCTGGATGCTAC,1
GATATCTTTACATGCA,1
GATATCTTTCAAGCCT,1
GATATGAACGAAAACT,1
GATATGAATAATTAGA,1
GATATGAATGAACTAT,1
GATATGACGGTACAGA,1
GATATGAGACGGACTA,1
GATATGAGATTTGAAT,1
GATATGCAAAAGATAA,1
GATATGCAGAATACAG,1
GATATGCATAGGAAAC,1
GATATGCTAATGGCCT,1
GATATGGAGAACTTAT,1
GATATGGCTAATATAA,1
GATATGGTGCGTTATC,1
GATATGGTTTAAGCGT,1
GATATGTACCCAATTA,1
GATATGTACTTGTTAA,1
GATATGTCAGATTAAG,1
GATATGTCGAATCCCC,1
GATATGTCTGAAGTAC,1
GATATGTGCAAAATTA,1
GATATGTTACCCGTAA,1
GATATTAAACCAGCGT,1
GATATTAACTTGTTAA,1
GATATTAATCAGCATG,1
GATATTACAGAGTACC,1
GATATTAGCATTCCAG,1
GATATTAGTACGGCAG,1
GATATTCCAGCGATAA,1
GATATTGAGGTCGATA,1
GATATTGATCATAGTG,1
GATATTGCACGGAACC,1
GATATTGCAGTAATCT,1
GATATTGCTAACGGAA,1
GATATTGGATCGTCCT,1
GATATTTAACCGGAAT,1
GATATTTCACAAACAT,1
GATATTTCAGTCATCT,1
GATCAAAAACATCGAT,1
GATCAAAAACCCTACT,1
GATCAAAAAGGGAGAG,1
GATCAAACCCAGCAAA,1
GATCAAACCGTTTTAC,1
GATCAAACTAAGACCT,1
GATCAAAGACATGTGA,1
GATCAAAGACCCCCCA,1
GATCAAAGCACAGGAA,1
GATCAAAGCACTTAAA,1
GATCAAAGCCAAACTC,1
GATCAAAGCCACCCCA,1
GATCAAAGCCCCCACA,1
GATCAAAGCCCTCCCA,1
GATCAAAGTCCAAATT,1
GATCAAATAAAGACCT,1
GATCAAATTAAGAACT,1
GATCAAATTAAGACCA,1
GATCAAATTAGGACCT,1
GATCAAATTGAGACCT,1
GATCAACAAAATGCAG,1
GATCAACATCGGTTTA,1
GATCAACCCTCAGGAC,1
GATCAACGACCCAAAA,1
GATCAACGTCGTAATT,1
GATCAACTACATAGTG,1
GATCAACTGACAGATA,1
GATCAACTGCGCCAAA,1
GATCAACTGTTAAAAA,1
GATCAACTTAGGAACA,1
GATCAAGGCCCCCCCA,1
GATCAAGGGTATTTAG,1
GATCAAGGTCGGCCGC,1
GATCAAGTAATATACC,1
GATCAAGTACTATAAC,1
GATCAAGTGGCGTAAA,1
GATCAAGTTAAGACCT,1
GATCAATAAACATAAA,1
GATCAATAACTCACTG,1
GATCAATAACTCCATG,1
GATCAATAACTCTCTG,1
GATCAATACAACGTGA,1
GATCAATACATTCCAG,1
GATCAATACGACCTGA,1
GATCAATAGCTCCCTG,1
GATCAATAGGACCGGA,1
GATCAATCAGCTGAAC,1
GATCAATCCAATCTAT,1
GATCAATCGGGTTACT,1
GATCAATGAAAACAAG,1
GATCAATGACTCCTGA,1
GATCAATGGAACATAT,1
GATCAATGTCCATGTA,1
GATCAATGTCCATTAC,1
GATCAATGTCGAATAC,1
GATCAATGTCGACTAC,1
GATCAATGTCGATTAA,1
GATCAATGTGGATTAC,1
GATCAATTAAGGAACA,1
GATCAATTACTATACC,1
GATCAATTCCGCGCTA,1
GATCAATTCGTTGCGG,1
GATCAATTCTGGGCTA,1
GATCAATTTAGTAACA,1
GATCACAAACAGTAGG,1
GATCACAACAGTACAC,1
GATCACACAAACATAA,1
GATCACAGAACTTAAA,1
GATCACAGCACTTAGA,1
GATCACAGCACTTGAA,1
GATCACAGCGCTTAAA,1
GATCACCATAAGTCAC,1
GATCACCATAATAATT,1
GATCACCCATAAATCG,1
GATCACCCTAATACAT,1
GATCACGAATCTAGAT,1
GATCACGGATGGCCGA,1
GATCACGGCGTAGTGT,1
GATCACGTTTCGAACC,1
GATCACTAAAGATCCA,1
GATCACTAAATCTTAC,1
GATCACTCAACTGAAC,1
GATCACTCAGCTGGAC,1
GATCACTCAGCTTAAC,1
GATCACTGACTCCAAC,1
GATCACTGAGCTGAAC,1
GATCACTGTACCATTT,1
GATCAGAAGTATTCCT,1
GATCAGACGCTATTCA,1
GATCAGAGCCCCCCCA,1
GATCAGAGTAATGATT,1
GATCAGATCAACCACT,1
GATCAGATTAGATTAC,1
GATCAGATTATTGTGA,1
GATCAGATTCATAGAC,1
GATCAGCACCTGTAGC,1
GATCAGCAGACCGAGA,1
GATCAGCCAGCCCTAA,1
GATCAGCCCTTATGCC,1
GATCAGCGGTATATTT,1
GATCAGTAACAAATTT,1
GATCAGTAACTCCCTG,1
GATCAGTAATACAGAG,1
GATCAGTACGGGCAAT,1
GATCAGTATAATATAG,1
GATCAGTATGTCAAAA,1
GATCAGTATGTCGAAG,1
GATCAGTGTCGATTAC,1
GATCATAAAGCAACCT,1
GATCATACAATTTGTA,1
GATCATACATTACCAG,1
GATCATAGCACAGGGA,1
GATCATATAGACTATG,1
GATCATATTCATCGAC,1
GATCATCAATTTTAAC,1
GATCATCAGCCATTAG,1
GATCATCGACATGTCA,1
GATCATCGATATTTCA,1
GATCATCGGATGAACA,1
GATCATCGGTATCTTT,1
GATCATCGTTGCTTCC,1
GATCATCTATATGTCA,1
GATCATCTCACATGCT,1
GATCATGACGAAACAA,1
GATCATGACTGAACAA,1
GATCATGTAAGCTCGG,1
GATCATGTTATAAATG,1
GATCATTAAACAACGC,1
GATCATTAGCATGTCC,1
GATCATTATTCAGACA,1
GATCATTCAAGGCCTC,1
GATCATTCTAGGACTC,1
GATCATTGACAAAATA,1
GATCATTTAAATTACC,1
GATCATTTTAATCATT,1
GATCCAAAAATTGGAT,1
GATCCAAAATTAGCTT,1
GATCCAAACAGTTATT,1
GATCCAACCTGAACAA,1
GATCCAAGCCGTATAA,1
GATCCAAGCCTTCTAA,1
GATCCAAGGCGTCTAA,1
GATCCAATTTATATCT,1
GATCCACAATTCGCGA,1
GATCCACAGCAGTCTA,1
GATCCACAGTCGGTCC,1
GATCCACTAAGTTTAA,1
GATCCACTCCAGGCCA,1
GATCCACTGAAGGCAC,1
GATCCACTGATCTGTA,1
GATCCAGGCCGTCTAA,1
GATCCAGTAAGAGCGA,1
GATCCAGTACTTACGA,1
GATCCAGTCACAGACT,1
GATCCAGTCTTGTAGT,1
GATCCAGTTTTCAATA,1
GATCCATATACTTTTA,1
GATCCATCAAAAACCT,1
GATCCATCATTAAAAA,1
GATCCATCCAGGTTTA,1
GATCCATGCATTATTA,1
GATCCCAAAATATACA,1
GATCCCAAGCCCTCAC,1
GATCCCAAGGCCCAAA,1
GATCCCAATGGGAGAT,1
GATCCCACACACTAAC,1
GATCCCACCCTTAGAA,1
GATCCCATCAATTATG,1
GATCCCCAAATCTTCC,1
GATCCCCCAACCGTTT,1
GATCCCCCCAGGGTGT,1
GATCCCGGTACATACG,1
GATCCCTAAAAAAGAA,1
GATCCCTAAACTCTGC,1
GATCCCTGATTGGAGA,1
GATCCCTGCCGCCCAC,1
GATCCGAAAGAAGTGG,1
GATCCGACTGATCCAC,1
GATCCGAGACCTTTGC,1
GATCCGAGACCTTTGT,1
GATCCGCCCTGCCAGC,1
GATCCGGCTAATATAA,1
GATCCGTGAAAACAAG,1
GATCCGTTCGCTCCTA,1
GATCCTAAACGCCATG,1
GATCCTAAATATTTAG,1
GATCCTAACGCGCAAA,1
GATCCTAGTCGTTACA,1
GATCCTAGTCGTTCAA,1
GATCCTATCACTAAAA,1
GATCCTATTCATACTA,1
GATCCTATTCATACTC,1
GATCCTCACTACACTG,1
GATCCTCAGTATAAAA,1
GATCCTCCCATAATAC,1
GATCCTCTCATAATAA,1
GATCCTGAAACTTACT,1
GATCCTGTTAGAACAA,1
GATCCTTGTAATCACA,1
GATCCTTTGAGACGAA,1
GATCGAAACGTGATAA,1
GATCGAAATTAGCAAA,1
GATCGAACAAGAGACA,1
GATCGAACTCTAAACA,1
GATCGAACTTATACGA,1
GATCGAAGCCGTCTAA,1
GATCGAAGTGACTAAG,1
GATCGAAGTTACTACG,1
GATCGAATAAATTGCA,1
GATCGAATGCACGTGA,1
GATCGAATTAAGACCT,1
GATCGAATTGGAACAT,1
GATCGACATCGATCCA,1
GATCGACATCGGTGTA,1
GATCGACATTGTATCA,1
GATCGACCAAATGCCT,1
GATCGACCACAATGAA,1
GATCGACCGGCGGTCT,1
GATCGACTCAGCGAAC,1
GATCGACTTTCTAATC,1
GATCGAGAACTAGAAG,1
GATCGAGAACTCGAAA,1
GATCGAGAACTCGAGG,1
GATCGAGAAGTCGAAG,1
GATCGAGAATTCGAAG,1
GATCGAGCGTATGTAA,1
GATCGAGGTGACTACG,1
GATCGAGGTTATGCGA,1
GATCGAGTAAAGCCAC,1
GATCGAGTGTATCACT,1
GATCGAGTTACCTTTC,1
GATCGATAAAAAGAAT,1
GATCGATACATCGGTA,1
GATCGATCAAATGCCA,1
GATCGATCGCAATCAC,1
GATCGCAACATGAGAA,1
GATCGCACCCTTTTTG,1
GATCGCAGATTGTAAA,1
GATCGCCAAATCTTCA,1
GATCGCCAGACGACGT,1
GATCGCCATACGACGC,1
GATCGCCATCGATCCT,1
GATCGCCCTCAAGACA,1
GATCGCCTCCAAACTT,1
GATCGCGACAATCCCC,1
GATCGCGGAAGATCAG,1
GATCGCGGGTCAAGTC,1
GATCGCTAAAGACAGA,1
GATCGCTAAAGACAGG,1
GATCGCTAAAGACATC,1
GATCGCTAGAGACAGC,1
GATCGGAAAAAATAAC,1
GATCGGAAAGTAAAAG,1
GATCGGAATGTAAGAC,1
GATCGGACATACTCAG,1
GATCGGACTGTAAGAA,1
GATCGGACTTTAAGAC,1
GATCGGAGCAACGACA,1
GATCGGAGTGACTACG,1
GATCGGATCCCAAGAC,1
GATCGGCAACGAGGTG,1
GATCGGCAATTACACC,1
GATCGGCAATTAGGTC,1
GATCGGCCACACAGTG,1
GATCGGCCAGCACTAA,1
GATCGGCCAGCCCAAT,1
GATCGGCGAAACGACA,1
GATCGGCGTGGAACGA,1
GATCGGCTCAACGACA,1
GATCGGCTTCCTGTAA,1
GATCGGGAACAATCTC,1
GATCGGGGCGGCAATA,1
GATCGGTAATCAATTG,1
GATCGGTATGTCTAGG,1
GATCGGTCAGCCCTAA,1
GATCGGTTGGGATATT,1
GATCGTAATATAACGA,1
GATCGTAGTTTCCTCC,1
GATCGTATGAACGGAT,1
GATCGTCATCACATCC,1
GATCGTCCAGCCCTAA,1
GATCGTCGGCACGCAT,1
GATCGTCGGCACGGAA,1
GATCGTCGGCACGTAA,1
GATCGTCGGCACTCAA,1
GATCGTCTATGCTTTT,1
GATCGTCTGCACGCAA,1
GATCGTGCTCCACAAA,1
GATCGTGGAAATGAGT,1
GATCGTGTATAATATT,1
GATCGTTACAAGGACG,1
GATCGTTATCGGAATG,1
GATCGTTTAAATGATT,1
GATCTAAAAAAGACCT,1
GATCTAAAATCTCTAC,1
GATCTAAATAGGAAAT,1
GATCTAAATATACTTT,1
GATCTAACAATTTCTA,1
GATCTAACCAAATGAT,1
GATCTAACGTCCTTTT,1
GATCTAAGAATCTATA,1
GATCTAAGATATAATC,1
GATCTAAGCAAAGCTA,1
GATCTAATAAAAACTT,1
GATCTAATTCATACAA,1
GATCTACAGGAAGATG,1
GATCTACAGGTATCCA,1
GATCTACGACCAATCT,1
GATCTACGACTATCGT,1
GATCTACGCCACTATG,1
GATCTACGGCAAACCC,1
GATCTACGGTCGTAAT,1
GATCTACGTATACCCA,1
GATCTACGTTCGTAAA,1
GATCTACTCGATAACA,1
GATCTACTGCGACAAA,1
GATCTACTGCGCCCAA,1
GATCTACTTTCGTAAT,1
GATCTAGAACTCGAAG,1
GATCTAGCTCGGAGGA,1
GATCTAGTCACAGAAT,1
GATCTAGTGACAGACT,1
GATCTATAAAAAACCT,1
GATCTATAAAACGTGA,1
GATCTATAACATAGAA,1
GATCTATACAACGTTA,1
GATCTATACAATGTGA,1
GATCTATACCAATAAA,1
GATCTATAGCCATCAA,1
GATCTATCGAAAACCT,1
GATCTATCGAGTTGGA,1
GATCTATGACAAGCCC,1
GATCTATGATCAACAT,1
GATCTATGGAGCGAAC,1
GATCTATGTAAACAAA,1
GATCTATGTGAATTTT,1
GATCTCAATAAGTCAC,1
GATCTCAGCAACCTAT,1
GATCTCAGGGCTAGAA,1
GATCTCCAGCCATCCC,1
GATCTCCATAAGTCAA,1
GATCTCCATCATCACC,1
GATCTCCATCGATCCA,1
GATCTCCGGCAATCCC,1
GATCTCCGGCCAACCC,1
GATCTCCGGCCACCCC,1
GATCTCCGGCCATACC,1
GATCTCCGGCCATCCT,1
GATCTCCGGTCATCCC,1
GATCTCGAACAGTAAC,1
GATCTCGCCCTAATTC,1
GATCTCGCGGAAGTAA,1
GATCTCGCTGAAGTAA,1
GATCTCGGCAAGGATG,1
GATCTCTAAAAAAGAA,1
GATCTCTAAAGACAGC,1
GATCTCTATAAGTCAC,1
GATCTCTGGCCATCCC,1
GATCTCTGGTTGGAGA,1
GATCTCTTTTAATAAA,1
GATCTGAAGTTATATA,1
GATCTGAATTTAATAA,1
GATCTGACCCGTGTCC,1
GATCTGACGAGTAACA,1
GATCTGACTGTAAGAC,1
GATCTGAGCAATCGTC,1
GATCTGATCTAAAAAA,1
GATCTGATGTAGAGTG,1
GATCTGATGTGAGCCT,1
GATCTGCATCTAATAA,1
GATCTGCGCCGGAAGC,1
GATCTGCGGCCATCCC,1
GATCTGCTATTTAACC,1
GATCTGGATAATATAA,1
GATCTGGGGTAAGGTG,1
GATCTGTAGAACTGTG,1
GATCTGTCTTATGCAT,1
GATCTGTCTTGATTCT,1
GATCTGTGCGAACTGG,1
GATCTGTGCTCACTGG,1
GATCTGTGGCTTAGGT,1
GATCTGTTTAGGAACA,1
GATCTGTTTATGAACA,1
GATCTTACAGTAATAG,1
GATCTTACTACCGGTC,1
GATCTTATTCCGTCAT,1
GATCTTCAAGTAACAG,1
GATCTTCATAAGTCAC,1
GATCTTCCATTTAAGC,1
GATCTTCCTACCTGTC,1
GATCTTCGACAACCGT,1
GATCTTCTCATACCAA,1
GATCTTCTTCTTTGAT,1
GATCTTGACTAAAACT,1
GATCTTGCCGAATGAA,1
GATCTTGCGATATGTA,1
GATCTTGCTAATATAA,1
GATCTTGTAATTATAC,1
GATCTTTAGGCAATTT,1
GATCTTTTTCACCCTT,1
GATCTTTTTCGCCTTC,1
GATCTTTTTCTATGAT,1
GATGAAAAAAACTAGT,1
GATGAAAAATACTAAT,1
GATGAAAAATTGACGC,1
GATGAAAACAGCTTTT,1
GATGAAAATCATCTAT,1
GATGAAACAATAGAGA,1
GATGAAACACACACTA,1
GATGAACAAGATAATA,1
GATGAACACATCTTTT,1
GATGAACACATTACAT,1
GATGAACACTGTTAAC,1
GATGAACAGTACATTC,1
GATGAACATCCAGTCA,1
GATGAACCCAAAAATT,1
GATGAACCCCCAGTCA,1
GATGAACCCGCAGACA,1
GATGAACCCGGAGTCA,1
GATGAACCCGTAGAAA,1
GATGAACCCGTGGACA,1
GATGAACCGTAATTAT,1
GATGAACCTACAGTCA,1
GATGAACCTCCACTCA,1
GATGAACCTCCAGCCA,1
GATGAACCTGCTTATG,1
GATGAACGGAGCTTCG,1
GATGAACGGTGGGAAT,1
GATGAACGTCCAGTCA,1
GATGAAGACCTGCATC,1
GATGAAGAGGAATCGC,1
GATGAAGATAATTTCA,1
GATGAAGGACCACCAT,1
GATGAAGGTAAGCAAG,1
GATGAAGTCCTTCTAA,1
GATGAAGTCGCCAAGT,1
GATGAAGTTTCAAAAT,1
GATGAATACTAAGACG,1
GATGAATCAAAACCCA,1
GATGAATCTAAAAGCT,1
GATGAATGAATTTCTA,1
GATGAATGAGAGCACA,1
GATGAATGCTGGGAAT,1
GATGAATGGTGTGAAT,1
GATGAATGTCGATTAC,1
GATGAATGTTTTAGAA,1
GATGAATTGCTTTCGC,1
GATGACAAAATATACA,1
GATGACAACCTCCGGG,1
GATGACAACTACTCCA,1
GATGACAATTGATCTA,1
GATGACACTACTAACC,1
GATGACAGACAAAAAA,1
GATGACAGACTAGTAT,1
GATGACATACCTGTAT,1
GATGACCAGACGTACA,1
GATGACCATTAACAAC,1
GATGACCATTCCCTAG,1
GATGACCGACTATTAT,1
GATGACCGATGTATTA,1
GATGACGAATGTCCTC,1
GATGACGCTAACATAC,1
GATGACGTAAAAGGTG,1
GATGACTAAATTAGTT,1
GATGACTAACTAAAAA,1
GATGACTACAGGTAAC,1
GATGACTACTGATGTC,1
GATGACTATTCTCAAC,1
GATGACTGACTAGTAT,1
GATGACTGCGCATCTA,1
GATGACTGTGCGTCTA,1
GATGACTTAAGCAAGC,1
GATGACTTTTCTTTAA,1
GATGAGAAAACAGTAT,1
GATGAGAACTATCAAA,1
GATGAGAAGTACACAT,1
GATGAGACAAGTAAGT,1
GATGAGACAATTACCC,1
GATGAGAGAAGGGGAG,1
GATGAGATCGTGTTTT,1
GATGAGCATGACGTCC,1
GATGAGCCAGGGGACG,1
GATGAGCCTCCAGTCA,1
GATGAGGAACCTAACA,1
GATGAGGAACCTGTCA,1
GATGAGGATTCATTCG,1
GATGAGGCATACAAAA,1
GATGAGGCATACGAAG,1
GATGAGGCGTACAAAG,1
GATGAGGTAATGAGAT,1
GATGAGGTATACAAAG,1
GATGAGGTCGTCCCTC,1
GATGAGTAACGGAAGA,1
GATGAGTAAGTGCTAT,1
GATGAGTCGATGTCGC,1
GATGAGTCGCAGAAGA,1
GATGAGTTAATGTACA,1
GATGATAAGAAAATAA,1
GATGATAATTTAACTT,1
GATGATACGGAGTGAA,1
GATGATAGGTTTAAAA,1
GATGATATGCTATGCA,1
GATGATATTTATAAAG,1
GATGATCAAAAGATAT,1
GATGATCAGAGTCTCT,1
GATGATCAGTTTAGCC,1
GATGATCCAAGTAAGT,1
GATGATCCACGTGAAG,1
GATGATCCATGCACCC,1
GATGATCCCCACGGTC,1
GATGATCGGGAAAATA,1
GATGATCTATATAAGG,1
GATGATCTGTACCCAC,1
GATGATGAATCCATAA,1
GATGATGCATACAAAG,1
GATGATGCCAGTGACC,1
GATGATGCGGACTATG,1
GATGATGGAAAGCATC,1
GATGATGTCCCTTAGA,1
GATGATTACGCAAACA,1
GATGATTCATGTGAAG,1
GATGATTTCGTGGGAG,1
GATGATTTCGTTGGAT,1
GATGATTTGGTGGGAT,1
GATGCAAAAATATACA,1
GATGCAAAACTCCGAC,1
GATGCAAACATGAGAT,1
GATGCAAAGGAATCGC,1
GATGCAACGTCCTTCG,1
GATGCAAGAATACGTA,1
GATGCAAGTAGTAATT,1
GATGCAATCACTGAAC,1
GATGCACAATAGAAGA,1
GATGCACCGTGTATCG,1
GATGCACTAGATCAAA,1
GATGCACTTACATAGC,1
GATGCAGAGAAATCGC,1
GATGCAGAGCAGACCT,1
GATGCAGAGGAATCGG,1
GATGCAGAGGAATCTC,1
GATGCAGAGGAGTCGC,1
GATGCAGAGTAATCGC,1
GATGCAGGAAGAAAAG,1
GATGCAGTATTGATGG,1
GATGCAGTGTTGATGA,1
GATGCATAGTAATGTG,1
GATGCATGTGATTTGT,1
GATGCCAAAACTCGAC,1
GATGCCAAAAGAACAC,1
GATGCCAATATTGACT,1
GATGCCAGTGGAACAA,1
GATGCCAGTGGAACAC,1
GATGCCAGTGTAACAG,1
GATGCCCACAATAAAA,1
GATGCCCAGAGACATG,1
GATGCCCCATAAAAGG,1
GATGCCCCCAAACCAG,1
GATGCCCCCATAGCAA,1
GATGCCGCAGGGCGGC,1
GATGCCGCGGGGCGAC,1
GATGCCGCGGTGCGGC,1
GATGCCGCGTAAAACT,1
GATGCCGCGTGGCGGC,1
GATGCCGTGGGGCGGC,1
GATGCCTAGTAAACCT,1
GATGCCTTTTTTTTAA,1
GATGCGAATTGGAGCT,1
GATGCGCGAACACGCA,1
GATGCGCGACAACATA,1
GATGCGGGGCAGTTGC,1
GATGCGGTCGCAACGA,1
GATGCGTAGATGTCGC,1
GATGCGTCGATGTCGA,1
GATGCGTGCTAGTTAT,1
GATGCGTGTGTAAGTA,1
GATGCGTGTGTCAGTT,1
GATGCTAAAACAAGCT,1
GATGCTAAAGTCCTCA,1
GATGCTAATGTGAATA,1
GATGCTAGCCCGCCAA,1
GATGCTCATAGTCTCT,1
GATGCTCATCCCAACC,1
GATGCTCCTAAGGAAC,1
GATGCTCTCATAATAC,1
GATGCTGTCTCACTCC,1
GATGCTTAGATAGAGA,1
GATGCTTATATATAGA,1
GATGCTTCGAGCTAAG,1
GATGCTTTTTCACTCC,1
GATGGAAAACACAACA,1
GATGGAAAAGAGGTAC,1
GATGGAAACTATCACG,1
GATGGAACAGAAAAAA,1
GATGGAACTCTATTGT,1
GATGGAAGCATATTAG,1
GATGGAATCTCCATAC,1
GATGGACAAGGACCGT,1
GATGGACACCTGGAAA,1
GATGGACGGATTAGTC,1
GATGGACTCGGAGGCA,1
GATGGACTTTAATTAC,1
GATGGAGAAGCACAGA,1
GATGGAGAGGAATCGC,1
GATGGAGGAGCAGGAG,1
GATGGATAATAACACG,1
GATGGATGCAACATGC,1
GATGGATGCAACCTGG,1
GATGGATGCAACCTTC,1
GATGGATGCAGCCTGC,1
GATGGATGGAACCTGC,1
GATGGCCATGTAATTG,1
GATGGCCATTAACAAC,1
GATGGCCCAAGTAATT,1
GATGGCCGACTAGTAT,1
GATGGCCGTGCCGAAA,1
GATGGCGCTTCATATC,1
GATGGCTAAAAGAGAC,1
GATGGCTATACATATT,1
GATGGCTGCCTGATAG,1
GATGGCTTGACCATAT,1
GATGGCTTTAACATAT,1
GATGGCTTTATCATAT,1
GATGGGAAGATGAATC,1
GATGGGAAGATTAATG,1
GATGGGAATATGAATG,1
GATGGGACAAGGTTGT,1
GATGGGACCTACGGAA,1
GATGGGATACAGATAC,1
GATGGGCACCTCACGA,1
GATGGGCAGCTCCCGA,1
GATGGGCGACCGTCTA,1
GATGGGGACACCCCAA,1
GATGGGGCATACAAAG,1
GATGGGGGCAAACAGG,1
GATGGGTAATCCGCGC,1
GATGGTAACGATACAC,1
GATGGTACATCTCCTA,1
GATGGTACCACTTTTA,1
GATGGTACCGACAAAG,1
GATGGTATCCTATTCC,1
GATGGTCAACAGTTGA,1
GATGGTCACCAGTTTA,1
GATGGTCAGCAGTTGA,1
GATGGTCGTAATCTTA,1
GATGGTCTCCTTAACC,1
GATGGTGGAATACTGA,1
GATGGTGTAAGCCTGG,1
GATGGTGTAATACGGA,1
GATGGTTAAACCACGA,1
GATGGTTGCATACATA,1
GATGGTTTAGACGGTT,1
GATGTAAAAATACTAA,1
GATGTAAAACCCCTCT,1
GATGTAACCCGCACAA,1
GATGTAAGTTACTAAA,1
GATGTAATACAATAAT,1
GATGTAATACGTGGGC,1
GATGTAATCAAAAAAC,1
GATGTAATGGAGAGCC,1
GATGTAATTTAGTTAT,1
GATGTACATAAAAGAG,1
GATGTACCTAGACATG,1
GATGTACGCATCAACA,1
GATGTACGTTCGTAAT,1
GATGTAGAGGGACGTA,1
GATGTAGTACGTGGAC,1
GATGTATAAGGTCCCC,1
GATGTATACGTATTCC,1
GATGTATAGAGGGCTC,1
GATGTATAGATATTTT,1
GATGTATATCAATCGT,1
GATGTATATCGAAGGA,1
GATGTATCCATAGGCC,1
GATGTATCGGGCGCCT,1
GATGTATGATGCACAT,1
GATGTATGCAACCTGC,1
GATGTCAAAATATACA,1
GATGTCAATAAAACCA,1
GATGTCACATACACGG,1
GATGTCACCTACACGT,1
GATGTCAGCTTATTAC,1
GATGTCATCAACACTG,1
GATGTCATCTTATTAT,1
GATGTCATTAGTTCAA,1
GATGTCCCGTCAGTCC,1
GATGTCCCGTCAGTCT,1
GATGTCCCGTCGGTCG,1
GATGTCGCGTCAGTCG,1
GATGTCTAGATATTCT,1
GATGTCTATATATTTT,1
GATGTCTATTACCCGA,1
GATGTCTCTCCCACTT,1
GATGTCTCTTAACCGA,1
GATGTCTCTTACCTGA,1
GATGTGAAAACTGAAC,1
GATGTGAAATGTATCA,1
GATGTGAAATGTGTAA,1
GATGTGAAATGTTTCA,1
GATGTGAAATTTGTCA,1
GATGTGATACTTAGTG,1
GATGTGATCACTGAAC,1
GATGTGCATATAACCA,1
GATGTGCCCAGGAATT,1
GATGTGCGACGTACGG,1
GATGTGCGTATCCGTG,1
GATGTGCTTTACGTAG,1
GATGTGGTGGGGGGAA,1
GATGTGTAGAAATAAC,1
GATGTGTCAAAGTAAA,1
GATGTGTCTCCTCAAA,1
GATGTGTCTTACCCGA,1
GATGTGTGGCCCGAAA,1
GATGTGTTAAACTCCT,1
GATGTGTTAAATAGCA,1
GATGTTAAAGCCTCTC,1
GATGTTAATGATTCCC,1
GATGTTAGGACCTTAC,1
GATGTTATACCGACAC,1
GATGTTCACAATCAAA,1
GATGTTCCCCACGGTA,1
GATGTTGGAAAACCTT,1
GATGTTGGGTAGATAT,1
GATGTTGTACATCACA,1
GATGTTGTTGTATACA,1
GATGTTGTTTCACTCC,1
GATGTTTAGCATTGGC,1
GATGTTTCCCTAGCCA,1
GATGTTTCGAGCTAGG,1
GATTAAAAAAACCAGA,1
GATTAAAAAGCGAGAG,1
GATTAAAAAGGGTGAG,1
GATTAAAAATTAACTA,1
GATTAAAACACGTTCG,1
GATTAAAACTGCGAAT,1
GATTAAAAGGGGAGAG,1
GATTAAACCATGCACT,1
GATTAAACCTCGATCT,1
GATTAAACGGAAAATT,1
GATTAAACGTCTGCAT,1
GATTAAAGAACGAACA,1
GATTAAAGACACTAAA,1
GATTAAAGACTTATAA,1
GATTAAAGAGCGACCA,1
GATTAAAGATGAATCA,1
GATTAAAGATGTATCA,1
GATTAAAGATTCAGTT,1
GATTAAAGCCCTTCTA,1
GATTAAAGGGAACAGG,1
GATTAAAGGGACAAGG,1
GATTAAAGGTACCAGG,1
GATTAAAGTTTGCCTC,1
GATTAAATGAAAATTG,1
GATTAAATGAAACGAA,1
GATTAAATGATTACCA,1
GATTAAATGTGAGCCG,1
GATTAACACAGCTTTT,1
GATTAACCCGGCCCGA,1
GATTAACCGTAATTAG,1
GATTAACCTCCAGTCA,1
GATTAACGACCTCTGA,1
GATTAACGTTATATCT,1
GATTAACTCTGGCCTA,1
GATTAACTGAAACTAA,1
GATTAACTTTCAGAAT,1
GATTAAGAAGGGGTCC,1
GATTAAGACCTTTCTC,1
GATTAAGAGATTAAAA,1
GATTAAGAGTAGATCT,1
GATTAAGCTTCCAAGG,1
GATTAAGGATGCATCA,1
GATTAATAAATGGTAA,1
GATTAATAAGGTTTCA,1
GATTAATACGACCGGA,1
GATTAATACGCCGCAA,1
GATTAATACTGTACAA,1
GATTAATAGAGGAACT,1
GATTAATATGATTACT,1
GATTAATGACTCCAAC,1
GATTAATTAAGCATTG,1
GATTAATTGAAGCAAA,1
GATTAATTGCGAATTG,1
GATTAATTGCGCATTT,1
GATTAATTTTACAGAT,1
GATTAATTTTCTTACA,1
GATTACAAAGTGAAAA,1
GATTACAAATTTAGGT,1
GATTACAACAATACTT,1
GATTACAACATCACGA,1
GATTACAAGCTATCAG,1
GATTACAAGGAATTAA,1
GATTACAATACTTTAG,1
GATTACAATATCCAGA,1
GATTACACACATAACT,1
GATTACAGTTTATGTT,1
GATTACATTTGATACA,1
GATTACCACTATGAAC,1
GATTACCACTCGCGGT,1
GATTACCAGAGGAACT,1
GATTACCCCTCTCGGT,1
GATTACCTCAATTTCA,1
GATTACGAAAAACGAG,1
GATTACGAAAAAGTAG,1
GATTACGAAAAAGTAT,1
GATTACGAAAAGGGAG,1
GATTACGAATGTCCAC,1
GATTACGACCGTGTAT,1
GATTACGAGATACCAC,1
GATTACGGCACTCAGA,1
GATTACGGCTTCATGA,1
GATTACGTCCATATCT,1
GATTACTAACATTAAA,1
GATTACTAAGAAAGTA,1
GATTACTACTCAGACA,1
GATTACTATCTCTCAA,1
GATTACTCACAGATGT,1
GATTACTCAGCGTCCA,1
GATTACTCGAATCTAT,1
GATTACTGAAGTCCCT,1
GATTACTGACTCCACC,1
GATTACTGTCAAAACA,1
GATTACTTAAGTCACG,1
GATTACTTCAAAGGGC,1
GATTACTTTGCACGCA,1
GATTAGAAACAATCCA,1
GATTAGAAAGAATCTA,1
GATTAGAACAAATACT,1
GATTAGAAGCAATCTA,1
GATTAGAAGTACCATA,1
GATTAGACAAAGACCA,1
GATTAGACGGAGAAGC,1
GATTAGAGAAAGACAA,1
GATTAGAGAAATATTG,1
GATTAGAGAAGCATTG,1
GATTAGAGAAGGACCA,1
GATTAGAGGAAGACCA,1
GATTAGATAAGTATTG,1
GATTAGATGGACATCA,1
GATTAGCAATTATAAA,1
GATTAGCAGTTATAAC,1
GATTAGCTGACCAAAA,1
GATTAGGAACAAAATT,1
GATTAGGAACCTATCA,1
GATTAGGCATACAAAG,1
GATTAGGTGTAAATCC,1
GATTAGTAACATTCAA,1
GATTATAAAAAGGCAC,1
GATTATAAAAAGTCCC,1
GATTATAACTATGAAC,1
GATTATACAACACCAC,1
GATTATAGAAAGACCA,1
GATTATAGATATACTA,1
GATTATAGCAAGCACC,1
GATTATCAATATGAAC,1
GATTATCCTAAAATGG,1
GATTATCGCTAACTCT,1
GATTATCGCTAAGGAA,1
GATTATCGTCAAAACA,1
GATTATCGTTAACACT,1
GATTATCGTTGCTTCG,1
GATTATGCGACGACTG,1
GATTATGCTACAACTG,1
GATTATGCTACGAATG,1
GATTATGCTTCGACTG,1
GATTATGGACCAACCC,1
GATTATTACTATGAAC,1
GATTATTACTCAACTG,1
GATTATTAGATCTCTC,1
GATTATTATCGTAATT,1
GATTATTCCAATCATG,1
GATTATTCTGGAAAGT,1
GATTATTGAGGCGGAG,1
GATTATTGCTTTATAG,1
GATTATTGGACTAACA,1
GATTATTGTTGAGTAA,1
GATTATTTTCAGTGGT,1
GATTATTTTTGAGTAA,1
GATTCAAAACGCCCGT,1
GATTCAAATACAGACG,1
GATTCAACACGGTATA,1
GATTCAAGAGTACCTT,1
GATTCAATTGGTCGCT,1
GATTCACCAGGCCCGA,1
GATTCACCCAAAGGTA,1
GATTCACCCGGCACGA,1
GATTCACCCGGCCAGA,1
GATTCACCCGGCCCTA,1
GATTCACCCGGTCCGA,1
GATTCACGAACCGAAA,1
GATTCACGACCCCAAT,1
GATTCACGATACTTGT,1
GATTCACTCGGCCCGA,1
GATTCACTGGTCAAAA,1
GATTCAGAATGCCAAT,1
GATTCAGAGGAATCGC,1
GATTCAGATACTATGC,1
GATTCAGTATTGATGA,1
GATTCAGTGTAACACA,1
GATTCATACATACTTG,1
GATTCATATCGTGATA,1
GATTCATCGTTCACCA,1
GATTCATGCGAAAATC,1
GATTCATTGCAATGTA,1
GATTCCAAATATGAAT,1
GATTCCAAATATGCAA,1
GATTCCAAATATGGAT,1
GATTCCACCGGCCATG,1
GATTCCAGTCAAACAA,1
GATTCCAGTTTTCTAG,1
GATTCCATAACATGTA,1
GATTCCCATATCCATG,1
GATTCCCATTATCCAA,1
GATTCCCCTGACCCAA,1
GATTCCCGGTAGAATA,1
GATTCCGATAATATAC,1
GATTCCGCTATTTTAT,1
GATTCCGGCCAACTAC,1
GATTCCGGGGTAAGAT,1
GATTCCGTAACAAATC,1
GATTCCGTAAGTCACG,1
GATTCCGTCGAAACGA,1
GATTCCTAAAGACTCG,1
GATTCCTACTTACCCC,1
GATTCCTATATGACAA,1
GATTCCTTAAGTAACG,1
GATTCCTTAAGTCAAA,1
GATTCCTTGAGTCACG,1
GATTCGAAAAGCCCGT,1
GATTCGAAACGCACGT,1
GATTCGAAACGCCAGT,1
GATTCGAAGCGCCCGT,1
GATTCGACCATCATAG,1
GATTCGAGAAGGACCT,1
GATTCGAGACTATTCA,1
GATTCGAGAGTATTTA,1
GATTCGAGAGTGTTAA,1
GATTCGCAGGTTCCCA,1
GATTCGCGCGTCGACT,1
GATTCGCGCGTCGATC,1
GATTCGGGTCAGTTGC,1
GATTCGTATCGAGTCC,1
GATTCGTATTTCCTGC,1
GATTCGTCAGGTACAT,1
GATTCGTCATGATCTC,1
GATTCGTCCGGTAAAT,1
GATTCGTCGATGTCGC,1
GATTCGTCTGGTACAT,1
GATTCGTGTGTAAAGC,1
GATTCTACATTTCGCC,1
GATTCTAGCCAGCATA,1
GATTCTATGCGGCACC,1
GATTCTGAAAAATTCT,1
GATTCTTAAAGCCTGA,1
GATTCTTCCTAACGCA,1
GATTGAAAAACACTCG,1
GATTGAAAATAACCAA,1
GATTGAAAATGACTTT,1
GATTGAAAGACAGACG,1
GATTGAAATACAGACT,1
GATTGAAATACGGACG,1
GATTGAAATCAAGAAG,1
GATTGAACGTGGTAAG,1
GATTGAACGTGGTCAT,1
GATTGAAGGACTAGAT,1
GATTGAAGGCAAGAAG,1
GATTGAAGTCAAGAAA,1
GATTGAAGTGACTACG,1
GATTGAAGTTTGACTC,1
GATTGAATATCTTAGA,1
GATTGAATCAGCGAAC,1
GATTGAATCTTACCCT,1
GATTGAATTAGATTCT,1
GATTGAATTCGTTCCC,1
GATTGAATTGGAAAAC,1
GATTGACAATGAATTT,1
GATTGACAGTGACTTT,1
GATTGACCAGTCATTA,1
GATTGACGAAAGTTCG,1
GATTGACTAAGCGAAC,1
GATTGACTCAGCGAAT,1
GATTGACTCAGCTAAC,1
GATTGACTCAGTGAAC,1
GATTGACTCCGCGAAC,1
GATTGACTGAGCGAAC,1
GATTGAGAACGTGATG,1
GATTGAGAAGCACAGA,1
GATTGATAAAATACCT,1
GATTGATAGACTGAAT,1
GATTGATCCAACTCTG,1
GATTGATCTACTCATC,1
GATTGATGCCGCCGAA,1
GATTGATGGAAAGAAT,1
GATTGATGTAAATAAT,1
GATTGATTACCGAGAT,1
GATTGATTAGCCAACG,1
GATTGATTAGCTAACA,1
GATTGATTAGCTGACG,1
GATTGATTAGGTAACG,1
GATTGCACCGAAGAAT,1
GATTGCCAAGATAATT,1
GATTGCGAGAACGGTC,1
GATTGCGGAAAATCAG,1
GATTGCGGAAGATAAG,1
GATTGCTAAAAAAACA,1
GATTGCTAGAGGAACT,1
GATTGCTATGTACCAT,1
GATTGCTCGGAGGACA,1
GATTGGAAGATGAATG,1
GATTGGAAGTCGAGTC,1
GATTGGAGAAGTATTG,1
GATTGGATATGAATTA,1
GATTGGATCTTTTAGT,1
GATTGGATTGTAACTA,1
GATTGGCAAGAATAAT,1
GATTGGCAAGAGTAAG,1
GATTGGCAATAATAAG,1
GATTGGCCCTATGTTC,1
GATTGGCGACAAGAGT,1
GATTGGCGCAACGACA,1
GATTGGCTCAGCGAAC,1
GATTGGCTGACGGTCT,1
GATTGGCTGATAGCCA,1
GATTGGCTGATGGTTT,1
GATTGGGAATAAAGGA,1
GATTGGGACCTTTCCG,1
GATTGGGCATAGAGGA,1
GATTGGTATTAACATA,1
GATTGGTCCTTATACC,1
GATTGGTCGCTAAATT,1
GATTGGTCTAATAGTT,1
GATTGGTCTCGATAAC,1
GATTGTAAAATTAAAC,1
GATTGTAAAGCAGACT,1
GATTGTAAATAATAAA,1
GATTGTACTGTAACTA,1
GATTGTAGTATAGAAA,1
GATTGTCACCAGTTGA,1
GATTGTCACGAAAGGA,1
GATTGTCATAGATGGC,1
GATTGTCCATAACTCA,1
GATTGTCTCATTGAGA,1
GATTGTGAAGAGGTAT,1
GATTGTGGAAGATCAG,1
GATTGTGTGTTACCCA,1
GATTGTTACTGTCAAA,1
GATTGTTCTAATACTT,1
GATTGTTTACTAAGGA,1
GATTGTTTTGACGGTT,1
GATTTAAAAATTAACA,1
GATTTAAACATCGAGT,1
GATTTAAAGCTGGAGC,1
GATTTAAAGGGTGAAC,1
GATTTAACATGAGAAC,1
GATTTAACTTTTCAAA,1
GATTTAAGTCAACAAA,1
GATTTAATCCAATAAA,1
GATTTAATTAGGCGAA,1
GATTTACCACCCTGTC,1
GATTTACGAGACGAAA,1
GATTTACTACTGATAA,1
GATTTACTCAGCGAAC,1
GATTTACTGGGTGTCC,1
GATTTACTTTAAGAAG,1
GATTTAGAACGACGGG,1
GATTTAGACTAGTAAA,1
GATTTAGAGAAAGTAC,1
GATTTAGCAAGCAGCA,1
GATTTAGCCAAAAAAT,1
GATTTAGCTTAAAAGA,1
GATTTAGTTCTGAATA,1
GATTTATAAAAATTTT,1
GATTTATACGTATTTC,1
GATTTATATACAAATT,1
GATTTATATCGAAGGC,1
GATTTATGACTAACAG,1
GATTTATGCTGTTTGA,1
GATTTCAATCCTTAAA,1
GATTTCACCTACACGG,1
GATTTCACGGCCTCAC,1
GATTTCAGCAACCTAC,1
GATTTCATCTAGACAA,1
GATTTCATGACATATG,1
GATTTCCACACAAAAC,1
GATTTCCCTCAAGACA,1
GATTTCGATCCAACTA,1
GATTTCTAAAATATCC,1
GATTTCTAATCCCGGT,1
GATTTCTAGGGGTTAG,1
GATTTCTATGTCCCAT,1
GATTTCTCCTACATAT,1
GATTTCTCGGACATAT,1
GATTTCTCTTAAAATG,1
GATTTCTGATCAAGTA,1
GATTTCTTAAAGCTTT,1
GATTTGACGAAAAACA,1
GATTTGACGATGCAGA,1
GATTTGAGAGTGTTTA,1
GATTTGAGTGCTATTC,1
GATTTGCAAAGTTTCG,1
GATTTGCAACTAGTTA,1
GATTTGCAACTTCCTA,1
GATTTGCACAATAGCA,1
GATTTGCATGACACGG,1
GATTTGCCAAAAAACA,1
GATTTGCCAAGCTTCG,1
GATTTGCCGAAAAAAA,1
GATTTGCGGAGCTTCG,1
GATTTGCTGAAAAACA,1
GATTTGCTGTTTATGT,1
GATTTGGCCCCCCTCG,1
GATTTGGGTAGGAATG,1
GATTTGTGAAGCTTCG,1
GATTTGTTAGCGACTT,1
GATTTGTTTAGCAATA,1
GATTTTAAAAAGTACA,1
GATTTTAAACGCCGTA,1
GATTTTAACCGCCTTA,1
GATTTTAACCGCGGTA,1
GATTTTAACCGCTGTA,1
GATTTTAAGCGCCGTA,1
GATTTTAGCACTCAAT,1
GATTTTAGTCCGTACC,1
GATTTTATCTTCGAAA,1
GATTTTCCACATCATG,1
GATTTTCCCATGGCGC,1
GATTTTCGTTCCCATG,1
GATTTTCTACATCATC,1
GATTTTCTACATTTTG,1
GATTTTCTATAGAGTT,1
GATTTTCTGATACAGG,1
GATTTTGCAAACACAT,1
GATTTTGCCCCCGTCG,1
GATTTTGTAGTCACTT,1
GATTTTGTAGTCTCTG,1
GATTTTTAAGAACTTA,1
GATTTTTAAGATCTTA,1
GATTTTTGTACACCAT,1
GCAAAAAAAAAGTTTG,1
GCAAAAAAAACTATGA,1
GCAAAAAAAAGGAGTG,1
GCAAAAAAAATTACAT,1
GCAAAAAAACAAATAA,1
GCAAAAAAATATGAAT,1
GCAAAAAACCACACCA,1
GCAAAAAACCCGTTCT,1
GCAAAAAACTGACTTC,1
GCAAAAAATACAACAG,1
GCAAAAAATACCCATT,1
GCAAAAAATGCCCTAT,1
GCAAAAAATTACACTA,1
GCAAAAAATTTGCAAA,1
GCAAAAACAACCGAAC,1
GCAAAAACAACCGTTA,1
GCAAAAACAAGACGAC,1
GCAAAAACATACCTAC,1
GCAAAAACCATGAACC,1
GCAAAAACGATATAAA,1
GCAAAAACGGATAGTA,1
GCAAAAACTTTCCACG,1
GCAAAAAGAACCAAAT,1
GCAAAAAGCGTCCTCA,1
GCAAAAATATAGGCAC,1
GCAAAAATATGGGCAA,1
GCAAAAATATTGGCAC,1
GCAAAAATCTGCCGAC,1
GCAAAAATCTGCCTAG,1
GCAAAAATGAACACAG,1
GCAAAAATGTAAATTT,1
GCAAAAATTACAATAC,1
GCAAAAATTGGCAAAT,1
GCAAAACAACAAACAA,1
GCAAAACACCAAAAAA,1
GCAAAACACCTAACAA,1
GCAAAACACGAAACAA,1
GCAAAACAGCTTGAGG,1
GCAAAACATATACCAT,1
GCAAAACCAGGGACTG,1
GCAAAACGTGAAGTCA,1
GCAAAACTCTCGGCAA,1
GCAAAACTGACTCACG,1
GCAAAACTTGATCTTG,1
GCAAAAGACATGCCTC,1
GCAAAAGAGATAACAA,1
GCAAAAGCAGCCCTAA,1
GCAAAAGCAGTTAGCG,1
GCAAAATAAAAGGTTA,1
GCAAAATAACTGGGAT,1
GCAAAATATCAACTAA,1
GCAAAATATGGAATGG,1
GCAAAATCATTTCTGA,1
GCAAAATCGAGCCCTA,1
GCAAAATCGGTACCAT,1
GCAAAATCTCCAAAAC,1
GCAAAATGGACTATCC,1
GCAAAATGGATGCCTC,1
GCAAAATGTATGAGAT,1
GCAAAATGTGACGAAC,1
GCAAAATTGAGACAGT,1
GCAAAATTGCTCGATT,1
GCAAACAATATCATTT,1
GCAAACACAAAAAATA,1
GCAAACACACTCTATG,1
GCAAACATAACCGTTT,1
GCAAACATACCCTATG,1
GCAAACATACCTTGAA,1
GCAAACATCATTCAAC,1
GCAAACATTGGCACGA,1
GCAAACCACTGATAAT,1
GCAAACCCATTTAATC,1
GCAAACCCGCTTATGG,1
GCAAACCCTAGTCACA,1
GCAAACCGTGGTAAAA,1
GCAAACCTCAATGCCT,1
GCAAACCTCGAAACAT,1
GCAAACCTTCACATGA,1
GCAAACCTTGAAAAAT,1
GCAAACCTTTCGTACT,1
GCAAACGACCAATTAC,1
GCAAACGCCCATATGT,1
GCAAACGTTTATGACA,1
GCAAACTAATTAACAC,1
GCAAACTAGCCGGCCA,1
GCAAACTCGCCTGTTC,1
GCAAACTGGATGACTC,1
GCAAACTGGATGCCTA,1
GCAAACTGGCTGCCAA,1
GCAAACTGTATGCCAA,1
GCAAACTGTCTGTCAA,1
GCAAACTTGAAAACAC,1
GCAAACTTGATGCCTC,1
GCAAACTTTCTGCCAA,1
GCAAAGAAAAAGTCTC,1
GCAAAGAAAATTAAAT,1
GCAAAGAACTAATAAG,1
GCAAAGACGAATCTAC,1
GCAAAGACTAAAATCA,1
GCAAAGACTATATAAA,1
GCAAAGAGACAAGGGC,1
GCAAAGAGTAAGAAAC,1
GCAAAGATCCCGTAAA,1
GCAAAGCAAAGAAATA,1
GCAAAGCACATCTAAT,1
GCAAAGCACCATATCC,1
GCAAAGCACCTAGCCC,1
GCAAAGCCAATCTAAT,1
GCAAAGCCCATATAAT,1
GCAAAGCGCCACAGTA,1
GCAAAGCGTCCCATAC,1
GCAAAGCGTGACAGAG,1
GCAAAGCTATGCCTAA,1
GCAAAGCTTAACAGAG,1
GCAAAGGCCATAAGGA,1
GCAAAGGTTGTTAATG,1
GCAAAGTAGCCTAACC,1
GCAAATAAAGTTACAC,1
GCAAATAACAAAGGTC,1
GCAAATAACCCTTATA,1
GCAAATAAGCCGTATA,1
GCAAATAATCTTCAAT,1
GCAAATAATTTTATTA,1
GCAAATACGCATCTTA,1
GCAAATACTACATAAC,1
GCAAATATAAAGATTT,1
GCAAATATCTGCCTTG,1
GCAAATATGTGCGCTT,1
GCAAATATTAGTCCAT,1
GCAAATCAAGGCCTCG,1
GCAAATCCAAAGCAGA,1
GCAAATCCATTCCATG,1
GCAAATCCGTTTTATA,1
GCAAATCTACGGGATC,1
GCAAATCTACTAATAG,1
GCAAATCTTAGAATCA,1
GCAAATGAAGTGACCA,1
GCAAATGAGGCCCGTG,1
GCAAATGGCGAATACA,1
GCAAATGTGATGCACC,1
GCAAATGTTAATCGGC,1
GCAAATTAAATCAAAT,1
GCAAATTAATGGCCCA,1
GCAAATTAGTAACCGA,1
GCAAATTCAAGGATCT,1
GCAAATTCCTCAAACT,1
GCAAATTGATAATCCT,1
GCAAATTGGTACAAAG,1
GCAACAAAACCAGTTC,1
GCAACAAAATGTCGCT,1
GCAACAAAATGTTACT,1
GCAACAAACATCTGAC,1
GCAACAAACCTAACAC,1
GCAACAAACCTACCCG,1
GCAACAAATAGCAGAG,1
GCAACAAATTGCACGA,1
GCAACAACTGTTCCTT,1
GCAACAACTTGAACGA,1
GCAACAACTTGTACGA,1
GCAACAAGAAGATTAC,1
GCAACAATATGTCCAC,1
GCAACAATCCATGAAC,1
GCAACAATTGCAAATT,1
GCAACACAGACTCACG,1
GCAACACAGCCCCTTA,1
GCAACACAGCCGGATA,1
GCAACACCAGCTAGCT,1
GCAACACCTTAAACCC,1
GCAACACTAAACATAC,1
GCAACACTAATATATA,1
GCAACACTGACTCACA,1
GCAACACTGACTCACT,1
GCAACACTGCATCCGA,1
GCAACACTTACTCACG,1
GCAACAGAACTGAGTA,1
GCAACAGACCCCCATC,1
GCAACAGGAGGTGACA,1
GCAACAGTCCCGCAGA,1
GCAACATAAGATACCA,1
GCAACATAAGTTACCA,1
GCAACATAGACCCCCG,1
GCAACATATTCAATCA,1
GCAACATCAAATAACT,1
GCAACATCGGTAACGG,1
GCAACATCTCCTATGC,1
GCAACATGACATGCAG,1
GCAACATGATTTTTCG,1
GCAACATTAGTCAACC,1
GCAACATTATGCGGCT,1
GCAACATTCTGCTGCT,1
GCAACCAACGAAAAAT,1
GCAACCAACTAAAAGG,1
GCAACCACCAAAATAA,1
GCAACCACCGTCCGAT,1
GCAACCACTCTCCGTC,1
GCAACCAGGAAAGTAA,1
GCAACCATAATAGGAT,1
GCAACCATCCTAACCA,1
GCAACCATCTTAACCA,1
GCAACCATGGTAACCA,1
GCAACCATTATATCGC,1
GCAACCATTTCTTATT,1
GCAACCCAGCCGTATT,1
GCAACCCCAATATATA,1
GCAACCCGAAATACAC,1
GCAACCCGATTTTTCG,1
GCAACCCGTATTAAGT,1
GCAACCCTAACATATA,1
GCAACCCTAATATGTA,1
GCAACCCTAGTATATA,1
GCAACCCTGGGTCCAA,1
GCAACCGAACTCAAAG,1
GCAACCGGCCCTAGGA,1
GCAACCGTAAAATGGG,1
GCAACCGTCGTAACCA,1
GCAACCTAGAACCCGT,1
GCAACCTAGGACCCGG,1
GCAACCTATCTTACGA,1
GCAACCTCGAACCCGT,1
GCAACCTCGCGTGGAT,1
GCAACCTCTCGCTGCG,1
GCAACCTCTCGTGGAC,1
GCAACCTCTCTTGGAT,1
GCAACCTGAAACAAAA,1
GCAACCTTAGGTAAAA,1
GCAACCTTGAACTCGT,1
GCAACCTTGAGAGCGA,1
GCAACCTTGAGCCCGT,1
GCAACGAAGTAATAAG,1
GCAACGACAGAATCGC,1
GCAACGACCGAAATAA,1
GCAACGACCTCGTGAA,1
GCAACGACGAAAATAA,1
GCAACGACGACGCCGA,1
GCAACGAGACTATCCG,1
GCAACGAGAGATGTCA,1
GCAACGAGGGCTGTAC,1
GCAACGAGTAATGGAA,1
GCAACGCATATAAAGT,1
GCAACGCATCGTCTAA,1
GCAACGCCAGTTGATT,1
GCAACGCGACAATCAA,1
GCAACGGACCATACTT,1
GCAACGTGACAATGAG,1
GCAACGTGATAAGGAG,1
GCAACGTGTGAGAAGC,1
GCAACGTTCTACAGCT,1
GCAACGTTGGAGTTCA,1
GCAACTAAACCCCAAG,1
GCAACTAAACCTCGGC,1
GCAACTAAAGTACAAC,1
GCAACTAACAAAGGCC,1
GCAACTAACAAAGGTA,1
GCAACTAACAAATGTC,1
GCAACTAACACAAATT,1
GCAACTAACCTGGATA,1
GCAACTAACCTTAAGT,1
GCAACTAATAAATCAT,1
GCAACTAATATGAGAC,1
GCAACTAATGTACAAC,1
GCAACTACACCGCCCC,1
GCAACTACATATAAAC,1
GCAACTAGAATGTAAT,1
GCAACTATGAGAAATA,1
GCAACTATGTCCGCTT,1
GCAACTATGTGCGCTA,1
GCAACTATGTTCGCTT,1
GCAACTCATATTCCGG,1
GCAACTCCATGATATA,1
GCAACTCTTATAATGT,1
GCAACTGACCCTACCG,1
GCAACTGCATATAAAT,1
GCAACTGGTTTGAATC,1
GCAACTGTCATTAGGG,1
GCAACTTAGAGTTACT,1
GCAACTTCACAGACCA,1
GCAACTTCCCCGCCGG,1
GCAACTTCGCAAACCA,1
GCAACTTCTCGTGGAT,1
GCAACTTGACCGACTC,1
GCAACTTGACCGCCGG,1
GCAACTTGCCAGCCGG,1
GCAACTTGCCCGCCGT,1
GCAACTTGCCCGCCTG,1
GCAACTTGCCCGGCGG,1
GCAACTTGCCCTCCGG,1
GCAACTTGCCTGCCGG,1
GCAACTTGGCCGCCGG,1
GCAACTTGGCTTAACA,1
GCAAGAAAAAACAAAA,1
GCAAGAAAAGCACGCT,1
GCAAGAAACACTGACT,1
GCAAGAAAGAGGATAA,1
GCAAGAACCTTACTCA,1
GCAAGAATAACCCGTT,1
GCAAGAATCGAGTAAA,1
GCAAGAATGATCCTAG,1
GCAAGACGAGTCTCAC,1
GCAAGAGAAACGTTTC,1
GCAAGAGTGGCACGGC,1
GCAAGATAAAAGAAAT,1
GCAAGATAAACTATCT,1
GCAAGATAACTAATAT,1
GCAAGATAATGTTATT,1
GCAAGATAGCCCTCTT,1
GCAAGATAGTAGTATA,1
GCAAGATATAGGACTG,1
GCAAGATATATATTAG,1
GCAAGATCGAGACGTA,1
GCAAGATGAACCAGCC,1
GCAAGATGATACACCC,1
GCAAGATGGTTAGTTA,1
GCAAGATTACACAATA,1
GCAAGATTAGTAAACC,1
GCAAGATTATAGCCAC,1
GCAAGATTATTCAACC,1
GCAAGCAAATGAACAC,1
GCAAGCAAATGCAGCT,1
GCAAGCACCCGCTGCC,1
GCAAGCATCCAAGATA,1
GCAAGCCAACGCAGCT,1
GCAAGCCACTTGTGCA,1
GCAAGCCAGGCACCCA,1
GCAAGCCAGGCACGCC,1
GCAAGCCAGTCACCCC,1
GCAAGCGGTCTGATTT,1
GCAAGCGGTCTTAATT,1
GCAAGCTATACCGTAC,1
GCAAGCTGAATGAGTT,1
GCAAGCTTCAAAGGAA,1
GCAAGCTTTTTCCAGA,1
GCAAGGAAAACTGTCA,1
GCAAGGACATGTCTAA,1
GCAAGGACTCCGTCGA,1
GCAAGGATGTGCATCA,1
GCAAGGCGAAGCAGCT,1
GCAAGGTAAAACAGGG,1
GCAAGGTAACACATGG,1
GCAAGGTAGCACAGGG,1
GCAAGGTAGTATACCT,1
GCAAGGTGACAAGGAG,1
GCAAGTAAAAATTCTG,1
GCAAGTAAGGTAATAT,1
GCAAGTAAGTTGGCCG,1
GCAAGTAATGGAAAAC,1
GCAAGTACGAATTAAG,1
GCAAGTACTGACGGGG,1
GCAAGTAGTCCCATGG,1
GCAAGTATTCCCATGC,1
GCAAGTATTCTACAAA,1
GCAAGTCAAAATTCTA,1
GCAAGTCAAAATTCTT,1
GCAAGTCAATATAACA,1
GCAAGTCAATATAGCG,1
GCAAGTCAATATAGTA,1
GCAAGTCAATATGGCA,1
GCAAGTCAGAATTCTG,1
GCAAGTCAGGCACCCC,1
GCAAGTGGTAGTCCTA,1
GCAAGTGTTGACGGGG,1
GCAAGTTACTGTAATT,1
GCAAGTTATGAAAAGC,1
GCAAGTTCCCCAGAAC,1
GCAAGTTCCTCGCCGA,1
GCAAGTTTGAAAAATT,1
GCAATAAACTTATGAT,1
GCAATAAAGCCCCCGG,1
GCAATAAAGCGCACTC,1
GCAATAAAGCTCAAGA,1
GCAATAAAGTACGACC,1
GCAATAACGATTTCAC,1
GCAATAAGAATAATCA,1
GCAATAAGCCCCGAGA,1
GCAATAATCTGCCGAG,1
GCAATAATTTAGAAGC,1
GCAATAATTTCAGTTT,1
GCAATACAATCCCACT,1
GCAATACAGAATTCAA,1
GCAATACAGAGCGTTT,1
GCAATACAGCGTGCCG,1
GCAATACAGGGAGGCA,1
GCAATACAGTAAGACC,1
GCAATACATGGACCCG,1
GCAATACCAAATAACT,1
GCAATACCAGACCTAA,1
GCAATACCAGGAGTTG,1
GCAATACCTTAAAGTA,1
GCAATACTCAATATTT,1
GCAATACTGACAAGCA,1
GCAATACTGGCGGACC,1
GCAATAGAAGAAGACT,1
GCAATAGAAGATAACT,1
GCAATAGAAGATGAGT,1
GCAATAGAAGATTACT,1
GCAATAGAATATGACT,1
GCAATAGAATTCATAT,1
GCAATAGACATTAAAC,1
GCAATAGACCTATGAT,1
GCAATAGCTTCGCCAA,1
GCAATAGTATAGCCAC,1
GCAATAGTATCTTGAA,1
GCAATAGTGTATCTGA,1
GCAATATAAAAGAAAG,1
GCAATATAAATAGGGC,1
GCAATATACTAAAGAT,1
GCAATATACTGACGAC,1
GCAATATAGGTAACGG,1
GCAATATAGTCCATCG,1
GCAATATATATATTCG,1
GCAATATATCATTATA,1
GCAATATCGGTAACAG,1
GCAATATCGGTAAGGG,1
GCAATATTAAAGCCAC,1
GCAATATTATACTCAC,1
GCAATATTCAATCCAC,1
GCAATATTGAAGGAAG,1
GCAATATTTAAGCCAC,1
GCAATATTTGGCCGCC,1
GCAATCAAAACAGAGC,1
GCAATCAAAACATAAC,1
GCAATCAAAACTATAC,1
GCAATCAAAAGTCCCC,1
GCAATCAAAAGTGACC,1
GCAATCAAAAGTGCCA,1
GCAATCAACTGAGGAA,1
GCAATCAAGACAGAAC,1
GCAATCACCTATGGAC,1
GCAATCAGGATAGGAC,1
GCAATCAGGGTATACC,1
GCAATCATGGACCACT,1
GCAATCCACAACGACG,1
GCAATCCACGACAACG,1
GCAATCCCTGCACCTC,1
GCAATCCTAACGACTA,1
GCAATCGATCTTAAAT,1
GCAATCGCATCCACAA,1
GCAATCGGTATATACC,1
GCAATCGTCCTTCCCG,1
GCAATCTAGTCCATAG,1
GCAATCTAGTCCATCT,1
GCAATCTAGTCTATCG,1
GCAATCTATACTAGTC,1
GCAATCTATCACTATA,1
GCAATCTATCATTACA,1
GCAATCTGTCATTATA,1
GCAATCTTAGCACAGC,1
GCAATCTTAGCAGAAA,1
GCAATCTTATACCTGA,1
GCAATCTTATCAGCAA,1
GCAATCTTTGAAATCC,1
GCAATGAAAATCATAA,1
GCAATGAAGAAAATTT,1
GCAATGAAGATCGCTT,1
GCAATGAATAATATCA,1
GCAATGACGCATAATG,1
GCAATGACTAAAATAA,1
GCAATGACTAAAATCT,1
GCAATGACTAGACTGT,1
GCAATGAGAGATGTAA,1
GCAATGAGTCATAATG,1
GCAATGATAAAAAGTC,1
GCAATGATCCATCCAC,1
GCAATGCAAACCCGCT,1
GCAATGCAGACCAGAG,1
GCAATGCCCACTCAAA,1
GCAATGCCGCTGACAA,1
GCAATGCTTAAACACG,1
GCAATGGAATAATATG,1
GCAATGGAGTTCTATC,1
GCAATGGATTTAAATT,1
GCAATGGCTAAAATCA,1
GCAATGTAAACACTAT,1
GCAATGTAAACATGAT,1
GCAATGTGACAACAAT,1
GCAATGTTACCTAGCA,1
GCAATGTTAGACACCG,1
GCAATGTTATCTAGAA,1
GCAATGTTCATTCTCA,1
GCAATGTTCCTTATCA,1
GCAATGTTGGACACCG,1
GCAATGTTGTAGAGCA,1
GCAATTAAACAAAGAC,1
GCAATTAACGCGTTGG,1
GCAATTAAGTCACCAG,1
GCAATTACGCCAGACG,1
GCAATTACTAAGATAC,1
GCAATTACTGAGATAT,1
GCAATTACTTAGATAC,1
GCAATTCACGAGTTGG,1
GCAATTCAGCCTGCAA,1
GCAATTCAGGCGTTGG,1
GCAATTCATTATCTAG,1
GCAATTCCCACCCAGA,1
GCAATTGAGGGAGCGA,1
GCAATTGCAAAGAGTA,1
GCAATTGGAGTAAGCA,1
GCAATTGGCGAACCCA,1
GCAATTTAATGGCCAA,1
GCAATTTATCTAGAAA,1
GCAATTTATTCTTTAA,1
GCAATTTCAACTGAAC,1
GCAATTTCCAACCAGA,1
GCAATTTCCACCCATA,1
GCAATTTCCACTCAAC,1
GCAATTTCCACTCAGA,1
GCAATTTCGACTGAAC,1
GCAATTTCTAAAAACA,1
GCAATTTTAATATACA,1
GCAATTTTCGCCAATT,1
GCAATTTTGGCCAATT,1
GCAATTTTTCCCAATT,1
GCAATTTTTGGCAATT,1
GCAATTTTTTCCAATT,1
GCACAAAGAAAAAGTC,1
GCACAAAGAGGGATGG,1
GCACAAAGCAACTCCC,1
GCACAAAGCACCACCC,1
GCACAAATAGAGATAA,1
GCACAAATCACCTCCC,1
GCACAAATGCAATACA,1
GCACAACACCCCCGAG,1
GCACAACATGTCACCC,1
GCACAACCAACCCGAA,1
GCACAACCAGCTAGCT,1
GCACAACCCGATTCAT,1
GCACAACCTCAGACAA,1
GCACAACGCAACAAAT,1
GCACAACGGTCAATGG,1
GCACAACGTACTATGC,1
GCACAACTATCGGCAA,1
GCACAAGAACCTACAC,1
GCACAAGACATTTTAT,1
GCACAAGATTAAACCA,1
GCACAAGCGTAAACCA,1
GCACAAGCTTAAAACA,1
GCACAAGCTTAAACAA,1
GCACAAGCTTGAACCA,1
GCACAAGGCACCTCCC,1
GCACAAGTCATACACA,1
GCACAATCTATGAGAT,1
GCACAATCTTCATCAC,1
GCACAATCTTTTTTGT,1
GCACAATGATATACGC,1
GCACAATGCCCTTGAG,1
GCACAATTAAGGAACT,1
GCACAATTAAGGATCT,1
GCACAATTAATGAGCT,1
GCACAATTACATGATA,1
GCACAATTACGCTCGT,1
GCACAATTCCTCGATT,1
GCACAATTCTGCATAA,1
GCACAATTGCTAGATT,1
GCACACAAAACTCACA,1
GCACACAAACACAACC,1
GCACACAATAACAACC,1
GCACACAATCAATACA,1
GCACACAATGTCAAAA,1
GCACACACCTATACTA,1
GCACACAGAGTGTTCG,1
GCACACAGGTTTACGA,1
GCACACAGTCACATAA,1
GCACACATCATACACA,1
GCACACATCCCAAAAT,1
GCACACATTTTAAATT,1
GCACACCAACCAGAAC,1
GCACACCAATGAGGCC,1
GCACACCACCAGAACA,1
GCACACCAGGATTATA,1
GCACACCGAGTGTTAG,1
GCACACCGAGTGTTCA,1
GCACACCGAGTGTTCC,1
GCACACCTAGTAACCT,1
GCACACCTGAAACTAT,1
GCACACGAAAAATCAT,1
GCACACGAGTACAGAC,1
GCACACGATATCATTT,1
GCACACGTCATAAACA,1
GCACACGTCATACAAA,1
GCACACGTCATACACT,1
GCACACGTGATACACA,1
GCACACGTTATACACA,1
GCACACTACATAAAAA,1
GCACACTAGTTCAGTA,1
GCACACTTCATACACA,1
GCACACTTCGTAAAAT,1
GCACAGAAAAAGTATC,1
GCACAGAAAAAGTCAC,1
GCACAGAAACTTAAAA,1
GCACAGACCAACGATA,1
GCACAGACTTTCCATG,1
GCACAGAGACGTCCAA,1
GCACAGAGCCGACCAA,1
GCACAGAGCCGTACAA,1
GCACAGAGCCGTCCAG,1
GCACAGAGGAAGAAAC,1
GCACAGATACAATACA,1
GCACAGATCACACCAT,1
GCACAGATGCAATAGA,1
GCACAGGATCCTTCGC,1
GCACAGGCATAATAAT,1
GCACAGGGCAATAATC,1
GCACAGTTAAGGAGCT,1
GCACAGTTGACAGGAC,1
GCACATAACAAGTCCA,1
GCACATAATCCGAATC,1
GCACATAATTAGAAAA,1
GCACATAGACGAAACA,1
GCACATAGCCGTCCAA,1
GCACATATAGCGTACA,1
GCACATATGCAATACA,1
GCACATCAGTTCCAAC,1
GCACATCATCTCTATA,1
GCACATCCCTGTTTCC,1
GCACATCGTCACCAGA,1
GCACATCTAAGATTAG,1
GCACATGCCAATCTAT,1
GCACATGGGATCAGTC,1
GCACATGTTGATAAAT,1
GCACATTAGTGAGCGA,1
GCACATTTGCAAGATT,1
GCACCAACGCACCTAC,1
GCACCAAGCGCAACCA,1
GCACCAAGTGCGACCA,1
GCACCAATGCGGCTTA,1
GCACCAATGTTACACC,1
GCACCAATTAACATCT,1
GCACCAATTAGGCTTA,1
GCACCAATTCGGATTA,1
GCACCACAAATTAAAG,1
GCACCACATGGGCAGC,1
GCACCACCAATTTTAC,1
GCACCACCAGCTAGGT,1
GCACCACCATCTAGCT,1
GCACCACGACCATATG,1
GCACCACTGCATCAGA,1
GCACCACTGGTGATTC,1
GCACCACTTTATCCTG,1
GCACCAGACGTTCAAA,1
GCACCAGATTAACCAA,1
GCACCAGGAAAAATGC,1
GCACCAGTGTGTTATC,1
GCACCAGTTTTCCGGG,1
GCACCATAAGGTACCA,1
GCACCATAGGATACCA,1
GCACCATATACCAGAT,1
GCACCATGAAACATAT,1
GCACCATGCCATTGAG,1
GCACCATTAACCCTCT,1
GCACCATTAGACAACA,1
GCACCATTCAAAAAAT,1
GCACCATTGCATCCGA,1
GCACCATTTGACATGC,1
GCACCCAAAGAAATCT,1
GCACCCAAGTAAACGT,1
GCACCCACTAAAACTT,1
GCACCCAGAGCAAACA,1
GCACCCATCTAGCCTA,1
GCACCCCATCACAATG,1
GCACCCCATTATAATG,1
GCACCCCCTGTTTGCA,1
GCACCCCTTATATTAT,1
GCACCCCTTCAAGCAG,1
GCACCCGCAAATAGCA,1
GCACCCGCGTGTTATC,1
GCACCCGCTTCACGAT,1
GCACCCGTATGTTATC,1
GCACCCTAGAGAAACT,1
GCACCCTCATCGAGAA,1
GCACCCTTGTTGAAGC,1
GCACCCTTTGCACAGC,1
GCACCGAAGTCGAATG,1
GCACCGAATTTGAAAA,1
GCACCGACTGACAACA,1
GCACCGAGCCAGACCA,1
GCACCGAGTCAACGAC,1
GCACCGATTCGGCTTA,1
GCACCGCAGCAAGATT,1
GCACCGCCAACATATC,1
GCACCGCGGACACCGA,1
GCACCGCGGGAACCGA,1
GCACCGCGGGCACCAA,1
GCACCGCGGGCACCGT,1
GCACCGCGGGCTCCGA,1
GCACCGCGGTCACCGA,1
GCACCGCTAACCCTCT,1
GCACCGGAAGTAAACA,1
GCACCGTTAAACCTCT,1
GCACCGTTAATCCTCT,1
GCACCTAAGATACTCA,1
GCACCTAATTTGCAAA,1
GCACCTACACGTGCCA,1
GCACCTAGGAAATAAA,1
GCACCTATATTACAAA,1
GCACCTATGTTACAAA,1
GCACCTCGGGCACCGA,1
GCACCTCTACGACGAA,1
GCACCTCTACGCCCAA,1
GCACCTGCAAAAGGGC,1
GCACCTGCGTCACGAT,1
GCACCTGCTTAACGAT,1
GCACCTGCTTCACGAC,1
GCACCTGTGTGTTATC,1
GCACCTTCATCCGCTG,1
GCACCTTCTTCACGAT,1
GCACCTTTAGAATTGT,1
GCACGAAAGTCCTGCA,1
GCACGAAAGTTCATAA,1
GCACGAAATGCGCACA,1
GCACGAAATGCGCACT,1
GCACGAATAGTATCTT,1
GCACGAATGCTAAAAA,1
GCACGAATTGATGAAA,1
GCACGACCGAAATCCA,1
GCACGACCTGTACGGT,1
GCACGACGCAAGATCA,1
GCACGACTAATATCTT,1
GCACGACTATTATCTT,1
GCACGAGCCTAGCACT,1
GCACGAGGACCAGACC,1
GCACGAGTAATATTTA,1
GCACGAGTTCCAGTCC,1
GCACGAGTTCCGCACG,1
GCACGATAAAACATAC,1
GCACGATCTGAAAGCT,1
GCACGATTGGAACATT,1
GCACGATTGGGATCCC,1
GCACGATTGGGATCCG,1
GCACGATTGGTAATAT,1
GCACGCAAACGAAACG,1
GCACGCACTCTCTTAT,1
GCACGCATTAACATAA,1
GCACGCCAACTAAACG,1
GCACGCCAATAAAACT,1
GCACGCCACTGCACCG,1
GCACGCCCCTACACCG,1
GCACGCCTCAGATATC,1
GCACGCGATCTACCAA,1
GCACGCTGGTTTCAAT,1
GCACGCTGTATTGTCC,1
GCACGGAAACCCGTAA,1
GCACGGAAACCTGTCA,1
GCACGGAACTTACCAA,1
GCACGGACTCAGTCGA,1
GCACGGACTCCGTCTA,1
GCACGGACTGTGTAAA,1
GCACGGATTATAGCCA,1
GCACGGATTATCTTTG,1
GCACGGGAAGACACCA,1
GCACGGGAAGGCACCT,1
GCACGGGACACTGGGC,1
GCACGGGTGATCAATT,1
GCACGGGTGGGAAAAC,1
GCACGGTAAGACACCT,1
GCACGGTAATAGTAAG,1
GCACGGTAATCAGTTC,1
GCACGGTAATTAGTTA,1
GCACGTAACGGAGGCC,1
GCACGTAAGCACAGCA,1
GCACGTAGACGCTAGA,1
GCACGTAGATCTTAAA,1
GCACGTAGTCCTGTTT,1
GCACGTATCTCTTAAA,1
GCACGTATGAATAACG,1
GCACGTATGACTAACT,1
GCACGTATGGCTAACG,1
GCACGTATTCTGCGGC,1
GCACGTATTGTTCACT,1
GCACGTCATGAAGACA,1
GCACGTCCACTTAAGT,1
GCACGTTAAAATCGGG,1
GCACGTTAAACTAGGG,1
GCACGTTAAACTCCGG,1
GCACGTTAAACTCGGA,1
GCACGTTAAACTCTGG,1
GCACGTTCCCTCACAT,1
GCACGTTCGATATTCT,1
GCACGTTGTAATAATT,1
GCACTAAAACTGTATC,1
GCACTAAAGACATGAG,1
GCACTAAAGACCCGAG,1
GCACTAAAGACCTTAG,1
GCACTAAAGCCAACAA,1
GCACTAAAGCTCAAGG,1
GCACTAACCTGAACAC,1
GCACTAAGCCACGAGA,1
GCACTAAGGCTCAAGA,1
GCACTAATAACGACGT,1
GCACTAATCAAGACGT,1
GCACTAATCACTACGT,1
GCACTAATCCCCGAGA,1
GCACTAATGCGCGGGA,1
GCACTAATGTAAATTT,1
GCACTAATTCGGCTTA,1
GCACTACAAACAACTG,1
GCACTACACAAATTGA,1
GCACTACACACCCAAC,1
GCACTACAGCGTGCAG,1
GCACTACCCAAAAGAA,1
GCACTACCCAAAAGAT,1
GCACTACCTAAAAGAC,1
GCACTACGAACAATAC,1
GCACTACGGCGTGCCG,1
GCACTACGGTGATGCG,1
GCACTACGTTGATGCT,1
GCACTACTAGACACAC,1
GCACTACTAGTATCTT,1
GCACTAGGCCGAATGA,1
GCACTAGTCAATAACA,1
GCACTAGTTAATTAGA,1
GCACTATACGCTACTC,1
GCACTATACGGTACTA,1
GCACTATAGTAACTCG,1
GCACTATAGTGTTATC,1
GCACTATGTGCTAACC,1
GCACTATGTTAACTCG,1
GCACTCAAAAACGTTA,1
GCACTCAAAAACTTCA,1
GCACTCAAGGGACCGC,1
GCACTCAATATACAAA,1
GCACTCACCCGAACAC,1
GCACTCAGAGACCTTG,1
GCACTCATAGCGACCC,1
GCACTCCAAACCCGCT,1
GCACTCCACGCTTCCA,1
GCACTCCCCGATTCCA,1
GCACTCCGTTAAGGAT,1
GCACTCCTCGTACTAA,1
GCACTCCTGAGCGAGT,1
GCACTCCTGATCGCTC,1
GCACTCGGCTCTATTC,1
GCACTCGTGTGTTATC,1
GCACTCTATGTTTATA,1
GCACTCTGATATGCTT,1
GCACTGAAAACCCGCT,1
GCACTGAAAACTGTCA,1
GCACTGAAAATCACCG,1
GCACTGAAATTTCTTA,1
GCACTGAATCAAAACT,1
GCACTGAGAAAAAGCG,1
GCACTGAGCAGTTTGC,1
GCACTGATGAATACGG,1
GCACTGCAAACACGCT,1
GCACTGCAAACCAGCT,1
GCACTGCCACGTGCCA,1
GCACTGCCAGGCAGTC,1
GCACTGCGTTGATGCG,1
GCACTGCTAATCCTCG,1
GCACTGCTTTAATGCA,1
GCACTGTAAAAGAAAG,1
GCACTGTAAACCCGCT,1
GCACTGTCCTTTATGA,1
GCACTGTTAACCCTCT,1
GCACTTAATAGACTAT,1
GCACTTACTGTGATGC,1
GCACTTAGATGGATTC,1
GCACTTATACACAATC,1
GCACTTCAAACCCGCT,1
GCACTTCAATAATTGC,1
GCACTTCACACAAGTG,1
GCACTTCCCTTTTTCC,1
GCACTTGCCGAACCCA,1
GCACTTGGCGAACCCT,1
GCACTTGGCGAGCCCA,1
GCACTTTCGCCGGATT,1
GCACTTTGAACAATGG,1
GCACTTTGCACAATGT,1
GCACTTTGGACGATCT,1
GCAGAAAAAACCGTGG,1
GCAGAAAACCAAATAA,1
GCAGAAAACGAGGTCC,1
GCAGAAAAGACGGCTC,1
GCAGAAAAGGAAAATT,1
GCAGAAAATAAGGCTC,1
GCAGAAAATACGGCGC,1
GCAGAAAATACGGCTG,1
GCAGAAACAACGCATA,1
GCAGAAACAACTCAGA,1
GCAGAAACGACGCAGA,1
GCAGAAAGATACAACA,1
GCAGAAATTCCAAAAA,1
GCAGAACAAAGCGTTA,1
GCAGAACACCAAACAA,1
GCAGAACCATCAGAAC,1
GCAGAACGACCTCTAA,1
GCAGAACTACCCTCCA,1
GCAGAAGAGGAATTAT,1
GCAGAAGCAACGCAGA,1
GCAGAAGCCCAGAAAG,1
GCAGAAGCGATACCAT,1
GCAGAAGCGCATCATT,1
GCAGAAGTCAAAAACT,1
GCAGAAGTGCAAGCGA,1
GCAGAAGTTCAAGAGA,1
GCAGAAGTTCAAGTGA,1
GCAGAATACCAAAATT,1
GCAGAATAGGTACCAT,1
GCAGAATAGTTCAAAT,1
GCAGAATATCCTGACG,1
GCAGAATCAAACCACC,1
GCAGAATCCAAGTCAG,1
GCAGAATCCAGCCCTA,1
GCAGAATCGAACCCTA,1
GCAGAATCGAGCACTA,1
GCAGAATCGGTACAAT,1
GCAGAATCTAGCCCTA,1
GCAGAATGTAGTCGGT,1
GCAGAATGTAGTGGTG,1
GCAGAATTCCAAAATT,1
GCAGAATTGAGAAATA,1
GCAGAATTTTAGCTAC,1
GCAGACAAAAAAGGCT,1
GCAGACACCATACACA,1
GCAGACACCCAACTAA,1
GCAGACATAAATCCGA,1
GCAGACATACCAAATT,1
GCAGACATACTAAGTT,1
GCAGACATGAACCCGA,1
GCAGACATGAATCCGG,1
GCAGACCCTCCTTTTA,1
GCAGACCTGCACATGA,1
GCAGACCTGGAATAGC,1
GCAGACGATTATCTAG,1
GCAGACGGAACTCATA,1
GCAGACGTCACTAGTC,1
GCAGACGTCAGACATT,1
GCAGACGTGAAGACCT,1
GCAGACGTGAATCCGA,1
GCAGACGTGTCCATAC,1
GCAGACTACCCTGACG,1
GCAGACTATACTGACG,1
GCAGACTATCCTTACG,1
GCAGACTCAATAGATT,1
GCAGACTCGTAGAGAA,1
GCAGACTCTGTTTTCA,1
GCAGACTGCACGTCCT,1
GCAGACTGGATGCCTC,1
GCAGAGAAAACCATTC,1
GCAGAGACAAATCTAC,1
GCAGAGACTTTGTACT,1
GCAGAGCAATTAAAAA,1
GCAGAGCCACGATTTA,1
GCAGAGCCATACAAAC,1
GCAGAGCGGTTGAAAC,1
GCAGAGCTTTATAAAC,1
GCAGAGGTAATGAAAG,1
GCAGAGGTTCAAGCGA,1
GCAGAGTCCCCAGCCA,1
GCAGATAAAAAAGGCG,1
GCAGATAAACCCTAAA,1
GCAGATAACACCATAA,1
GCAGATAACATCGTAA,1
GCAGATAAGAAAGGCT,1
GCAGATAAGACCGTAA,1
GCAGATAATACCGTAA,1
GCAGATACAAGACCTC,1
GCAGATACAAGCCCTA,1
GCAGATACAAGCCCTG,1
GCAGATACAAGCCCTT,1
GCAGATACAATCCCTC,1
GCAGATACTCCAATTT,1
GCAGATATAAGATTAG,1
GCAGATCAAAAGGGAA,1
GCAGATCAACTTACTG,1
GCAGATCACAGCTCAC,1
GCAGATCCGCCTATGA,1
GCAGATCTAAAGTGAA,1
GCAGATCTAAGATTAA,1
GCAGATCTAAGATTGG,1
GCAGATCTGAGATTAG,1
GCAGATGACATGGTCG,1
GCAGATGACCTTAACG,1
GCAGATGACTTTCAAC,1
GCAGATGCCACGACAG,1
GCAGATGTAAAGGGAA,1
GCAGATTATATACGTG,1
GCAGATTCCGTGCCAC,1
GCAGATTTTTTGGACG,1
GCAGCAAACTAGCCGA,1
GCAGCAAAGAGCACAA,1
GCAGCAAAGCTAGGGT,1
GCAGCAAATATGCTAA,1
GCAGCAACTATCTTGG,1
GCAGCAACTGAGAGTC,1
GCAGCAAGGTTATCAA,1
GCAGCAATCTGTTTGG,1
GCAGCAATGAGTTGAT,1
GCAGCACCATCATATG,1
GCAGCACTGACTCACG,1
GCAGCACTGCGACCAC,1
GCAGCAGACAGGAATA,1
GCAGCAGAGATAACAA,1
GCAGCAGATCCAAAGT,1
GCAGCAGATGCATACG,1
GCAGCATATCGAGGCA,1
GCAGCATCCATATAAA,1
GCAGCATCCCCAGCCA,1
GCAGCCAAATAACATC,1
GCAGCCAACGATTAGA,1
GCAGCCATTTCGTATT,1
GCAGCCCACGAAACTT,1
GCAGCCGATAAGATCA,1
GCAGCCTCCTAACGGA,1
GCAGCGAAGCCCATCA,1
GCAGCGAATACGACTC,1
GCAGCGACTTTGTAAT,1
GCAGCGATCAGGCAGA,1
GCAGCGATCATCCAAC,1
GCAGCGCCACCCCTCT,1
GCAGCGCGGGCACCGA,1
GCAGCGGCAACCCTCT,1
GCAGCGGCACACCTCT,1
GCAGCGGCACCCATCT,1
GCAGCGGCACCCCTAT,1
GCAGCGGCACCCCTCG,1
GCAGCGGCACCGCTCT,1
GCAGCGGCAGCCCTCT,1
GCAGCGGGTCACTGCG,1
GCAGCGGTACATAAAA,1
GCAGCGTAACCTAGAG,1
GCAGCGTAAGCTTGAA,1
GCAGCGTCCCCAGACA,1
GCAGCGTCCCCATCCA,1
GCAGCGTCCCTGACAA,1
GCAGCTAAAAAGTTTT,1
GCAGCTAGACAACCCA,1
GCAGCTATATACATCC,1
GCAGCTCAACCTACTG,1
GCAGCTCTGAATCATC,1
GCAGCTTAACTAACAA,1
GCAGCTTACGTGCCAC,1
GCAGCTTCCGTACCAC,1
GCAGCTTCCGTGCAAC,1
GCAGCTTCCGTGCTAC,1
GCAGGAAACCACGACA,1
GCAGGAAAGGTTAACT,1
GCAGGAAAGGTTAATG,1
GCAGGAAAGTTTAACG,1
GCAGGAAATGTTAACG,1
GCAGGAACCAACTTGA,1
GCAGGAACCAGCTTAA,1
GCAGGAACTGAAAAAT,1
GCAGGAAGGGTTAACG,1
GCAGGAATATTTCTAG,1
GCAGGACAAATTCCCA,1
GCAGGACACAGCTTAA,1
GCAGGACACCAGTCGC,1
GCAGGACATATGTTGG,1
GCAGGAGCAAATCAAT,1
GCAGGAGCCCACCAGG,1
GCAGGAGCCGACGAAC,1
GCAGGAGTCAACCAAC,1
GCAGGAGTCCACCAGT,1
GCAGGAGTCCACCATG,1
GCAGGATAATGTTCTT,1
GCAGGATAGAAATACA,1
GCAGGATCGAGCCCTA,1
GCAGGCAATGAAAAAT,1
GCAGGCACCGAAAAAT,1
GCAGGCATAGTAGATT,1
GCAGGCATTATCTGTT,1
GCAGGCCAACAGTCGC,1
GCAGGCCACACAGGAC,1
GCAGGCCACCAGTAGC,1
GCAGGCCACCATTCGC,1
GCAGGCCACTAGTCGC,1
GCAGGCCAGCAGTCGC,1
GCAGGCCCTTGAAGTA,1
GCAGGCCTACCAATAT,1
GCAGGCCTCACAGTAC,1
GCAGGCCTCACATGAC,1
GCAGGCCTCACGGGAC,1
GCAGGCCTCTACGAAT,1
GCAGGCGATAGTAATC,1
GCAGGCGGAATCTTAA,1
GCAGGCTTAATAAGAA,1
GCAGGGAGCACAAAGT,1
GCAGGGGAACAGTAAT,1
GCAGGGGTTGGTAGAT,1
GCAGGGTTGTCCTCTG,1
GCAGGTAGAAAATCAT,1
GCAGGTGAAAAGGAAA,1
GCAGGTGAGTTGTCCT,1
GCAGGTGCCATGGTCG,1
GCAGGTGCTATTCAAA,1
GCAGGTTAAAACCAGA,1
GCAGGTTCTATTCCTT,1
GCAGGTTGCCTCTCGC,1
GCAGGTTGGTCCGTTC,1
GCAGGTTGTTCCGTGC,1
GCAGGTTTCGATCGAA,1
GCAGTAAAAAATGTGT,1
GCAGTAAAACCTCGTA,1
GCAGTAAAGCACACGG,1
GCAGTAAAGCGAAAGA,1
GCAGTAAAGGTTAACG,1
GCAGTAAATTAGGCTA,1
GCAGTAAGAGGGGAAT,1
GCAGTAAGATGCTCGA,1
GCAGTAAGCACTGTAT,1
GCAGTAATATCATCAA,1
GCAGTAATGAAAAAAA,1
GCAGTAATGAAACAGA,1
GCAGTACATGAGAAGC,1
GCAGTACGTGCGAAGC,1
GCAGTACTTTTACCCA,1
GCAGTAGTCGACTTAG,1
GCAGTATCATAATCAC,1
GCAGTATCATAATTGC,1
GCAGTATCATAGGTCC,1
GCAGTATCCAACAAGT,1
GCAGTATTAGCCGGAC,1
GCAGTCAATCATCAAT,1
GCAGTCAATCGGCAAT,1
GCAGTCAGCAGATAAA,1
GCAGTCATGAATCCGA,1
GCAGTCCATTTTCAGG,1
GCAGTCCCGAGATAGT,1
GCAGTCCCTTAGCCTA,1
GCAGTCCTTGAAATCC,1
GCAGTCGAGGACTCGA,1
GCAGTCGTACCGCTTT,1
GCAGTCTACCCCCCAC,1
GCAGTCTCTAGATAGT,1
GCAGTCTTAAAAACCA,1
GCAGTCTTAGAAATCC,1
GCAGTCTTGTTAATGT,1
GCAGTCTTTGAAATCA,1
GCAGTCTTTGAAATCT,1
GCAGTCTTTGAATTCC,1
GCAGTGAGCACAAAGC,1
GCAGTGAGTGTAACGA,1
GCAGTGAGTGTAAGGG,1
GCAGTGAGTTTAAGGA,1
GCAGTGCTGTACATAG,1
GCAGTGCTTTGCATAG,1
GCAGTGGGTTACCCCA,1
GCAGTGTAAGGGTAGG,1
GCAGTGTCATAATTAC,1
GCAGTGTTACTACCAA,1
GCAGTTAATAAAGCCG,1
GCAGTTACCACTAGTG,1
GCAGTTACTTAGCCTA,1
GCAGTTAGGACGTTGT,1
GCAGTTAGTGTAAGGA,1
GCAGTTCATTAGCCTA,1
GCAGTTCCAAAGATTA,1
GCAGTTCCGTAGCCTA,1
GCAGTTCGACGACGCT,1
GCAGTTGAAAGTCGGT,1
GCAGTTGAACAAGCTA,1
GCAGTTGAGACAAACT,1
GCAGTTGTTTCCCCGA,1
GCAGTTTCCGTGCCAC,1
GCATAAAAACAACTAT,1
GCATAAAAAGGCAGTT,1
GCATAAAACGAGCTTT,1
GCATAAAACTAACCCT,1
GCATAAAAGGTCCCCG,1
GCATAAAAGTAAATAA,1
GCATAAAATAGGCGCA,1
GCATAAACACGAATCT,1
GCATAAACAGATATAA,1
GCATAAAGCTTTCTGA,1
GCATAAAGGTCGTAAC,1
GCATAAAGTTCGTAAA,1
GCATAAAGTTCGTAGC,1
GCATAAATGACTAACT,1
GCATAACAAAGATATG,1
GCATAACACACAGACC,1
GCATAACATAAAGAAA,1
GCATAACCACAAAACG,1
GCATAACCCAACAGAA,1
GCATAACCCCACATAA,1
GCATAACCCGGGATAC,1
GCATAACCTGGTTAGA,1
GCATAACCTGGTTCAA,1
GCATAACCTGTTTCGA,1
GCATAACCTTGTTCGA,1
GCATAACTAGAATAAT,1
GCATAACTGAGGAATG,1
GCATAACTGGAATAAT,1
GCATAAGAACACCTCA,1
GCATAAGACAACCAAA,1
GCATAAGAGCACCGCA,1
GCATAAGCATGCCACA,1
GCATAAGTATAAATAT,1
GCATAAGTGGCGTGGC,1
GCATAAGTGGGGTGAC,1
GCATAAGTGGGGTGGA,1
GCATAAGTGGGGTGGG,1
GCATAAGTGGGGTTGC,1
GCATAATACTGTGCAT,1
GCATAATACTGTTCAC,1
GCATAATCATCCGGCA,1
GCATAATCCTTAACCA,1
GCATAATGGCATCGGT,1
GCATAATGGTCCTCGT,1
GCATAATGTATGAGAT,1
GCATAATTAACAGCTT,1
GCATAATTATTGCTTG,1
GCATAATTGAATTAAC,1
GCATAATTGATTGATA,1
GCATAATTTTTAACCA,1
GCATACAAAACACCAA,1
GCATACAAAGTATGAT,1
GCATACAATTCAGGGG,1
GCATACACGCACTTAG,1
GCATACAGCGGAGTGT,1
GCATACCAACGAACCA,1
GCATACCACAGAACCA,1
GCATACCACCTAACCA,1
GCATACCACGGAACCA,1
GCATACCAGCGAACCA,1
GCATACCATCGAACCA,1
GCATACCCCAACCCGA,1
GCATACCCCATTTATA,1
GCATACCCCTGAATGA,1
GCATACCGGCGAGACG,1
GCATACCTAGTTAATT,1
GCATACCTTTAAGCCA,1
GCATACGAAAAACTCA,1
GCATACGCTAGCAAAG,1
GCATACGGACCACAGC,1
GCATACGGAGCACTAG,1
GCATACGTTTAAAATA,1
GCATACTAAAGATCCT,1
GCATACTACAAGTCAC,1
GCATACTACAGTACAT,1
GCATACTCTCTAGAAT,1
GCATACTGCTTACAAC,1
GCATACTTAAAGAAAG,1
GCATACTTAGGACGGA,1
GCATACTTATGCACAA,1
GCATACTTCAGACTTG,1
GCATACTTGGGACGGC,1
GCATACTTTAGACGAT,1
GCATACTTTATTTCCA,1
GCATACTTTGCACGCA,1
GCATAGAACCCCCCTT,1
GCATAGAACCCGACTT,1
GCATAGAACCCTCCTT,1
GCATAGAAGTGGGGTC,1
GCATAGACCAACCCGA,1
GCATAGACGAATCTAC,1
GCATAGAGACGAAACC,1
GCATAGAGAGAGACGG,1
GCATAGAGGCCAGCCC,1
GCATAGAGTAAGAAAC,1
GCATAGATAAAACACA,1
GCATAGCACCTAAATG,1
GCATAGCATAAAGAGA,1
GCATAGCATAAAGGAA,1
GCATAGCATAGAGAAA,1
GCATAGCCCAGCCCGA,1
GCATAGCCGAACCCGA,1
GCATAGCCTAACACCG,1
GCATAGCGGCCGAAAC,1
GCATAGCGTTATAAAC,1
GCATAGGGACTACAGC,1
GCATAGTAAATTATTC,1
GCATAGTAACATTCTC,1
GCATAGTATAGAGAAA,1
GCATATAAATATAGAC,1
GCATATAACACCGTAA,1
GCATATAATTTTCTTA,1
GCATATACAAGTAAGG,1
GCATATACCTCAACAA,1
GCATATAGACCCCAAG,1
GCATATAGCTCTTATG,1
GCATATAGTTACCTCA,1
GCATATATAATCTGAC,1
GCATATATATTGCCCA,1
GCATATATCCCACAAT,1
GCATATATCTTGCCAA,1
GCATATATCTTGCCCG,1
GCATATATCTTTCCCA,1
GCATATATGAAAAAAG,1
GCATATATGAAGACTA,1
GCATATCAAAAAGTAA,1
GCATATCAATATCAGA,1
GCATATCACTTGTCAT,1
GCATATCCAAAAAATG,1
GCATATCCAAACTTCA,1
GCATATCGAAAACTGA,1
GCATATCGACGCACAG,1
GCATATCTAAAGGGAA,1
GCATATCTAAGATTAG,1
GCATATCTTCAAATCA,1
GCATATGACAATCTAT,1
GCATATGAGCGAGGTA,1
GCATATGCCAACCTAT,1
GCATATGCCATGGTCG,1
GCATATGTACTATTAT,1
GCATATGTCAAGAAGA,1
GCATATTAAATATACA,1
GCATATTAACAAAAAT,1
GCATATTACATTACAT,1
GCATATTTAAACCGAA,1
GCATATTTAAACTAAA,1
GCATATTTCACGCAAA,1
GCATATTTTTTCATCA,1
GCATCAAAGGTAGGAG,1
GCATCAAATTTGATTT,1
GCATCAACGAGTGTAT,1
GCATCAAGTCAAGCAC,1
GCATCAAGTGCAACCA,1
GCATCAATAATGAAAA,1
GCATCAATACCATATA,1
GCATCAATGAATTGAT,1
GCATCAATGACTAAAT,1
GCATCAATGACTAACG,1
GCATCAATGACTATCT,1
GCATCAATTCGGCTTA,1
GCATCACCGAATCCTT,1
GCATCACCTATAAATC,1
GCATCACGTCAGCCTG,1
GCATCAGACTTGTAGC,1
GCATCAGGGCTGAAAC,1
GCATCATCATCATTAT,1
GCATCATTACTAGGCA,1
GCATCATTATTGCTTT,1
GCATCATTCTTATAAC,1
GCATCCAAAAAACCAA,1
GCATCCACGCGCCATT,1
GCATCCACTAAGCAAA,1
GCATCCATCCAGGGCA,1
GCATCCATCCATCCCA,1
GCATCCATCCCTGGCA,1
GCATCCCAAAGAAATG,1
GCATCCCACAAGAGAA,1
GCATCCCACAATAAAA,1
GCATCCCACAGGAAAA,1
GCATCCCACCAGAAAA,1
GCATCCCAGTGTGCTC,1
GCATCCCATGACGTCA,1
GCATCCCATGCCCAAC,1
GCATCCCCCAAGAAAA,1
GCATCCCGAGACCCTC,1
GCATCCCTGATAACCT,1
GCATCCGCACGGAGGA,1
GCATCCGGACATTAAC,1
GCATCCGTAACCACAA,1
GCATCCGTAAGCAACG,1
GCATCCGTAAGTGACG,1
GCATCCTCACCCTATA,1
GCATCCTCCTGATCAA,1
GCATCCTTCCAAAGCA,1
GCATCGACAAGAATAT,1
GCATCGACTCAAATTC,1
GCATCGACTGCTACGC,1
GCATCGAGATGAACCG,1
GCATCGCTAAATAATA,1
GCATCGGACAAACCCT,1
GCATCGGACTCCGGTG,1
GCATCGGCGACTAGTC,1
GCATCGGTATAACGAC,1
GCATCGTAATGTAACT,1
GCATCGTATTGATTCT,1
GCATCGTTTGGCAGAT,1
GCATCTAAACTATAGA,1
GCATCTAAGAATCCAA,1
GCATCTACCGACCAAA,1
GCATCTATTAAATAAA,1
GCATCTATTCAATAAG,1
GCATCTATTCAATGAA,1
GCATCTCACCACATAG,1
GCATCTCATTTTACCT,1
GCATCTCCAAAAACTA,1
GCATCTCGCATGTAGC,1
GCATCTCTAATCGATG,1
GCATCTGTAACGACAA,1
GCATCTGTAGCTGGCA,1
GCATCTGTCAGAAGAA,1
GCATCTTAAGAAACAA,1
GCATCTTAAGAAATTA,1
GCATCTTATACTGTAA,1
GCATCTTCAACATTCT,1
GCATCTTCACCCCGGA,1
GCATCTTCCCCCTGAT,1
GCATCTTCTATTTCTT,1
GCATCTTGCTCGGCCG,1
GCATCTTTACCCCTGA,1
GCATCTTTACTCCGGA,1
GCATCTTTAGACTACA,1
GCATCTTTATTGACAA,1
GCATCTTTTCGAGATG,1
GCATGAAAACGCACAC,1
GCATGAAAAGCATATG,1
GCATGAAATTATAAAA,1
GCATGAAGAAACGCTA,1
GCATGAAGGAATACAT,1
GCATGAAGGGAGCATA,1
GCATGAAGTATCGCGT,1
GCATGAATAGAACTGA,1
GCATGAATGAAACTAA,1
GCATGAATTTCAAAGA,1
GCATGACACAAAAATA,1
GCATGACACAAAGTCG,1
GCATGACCAAAAGTCG,1
GCATGACCCAAAGTCA,1
GCATGACCTAAGGAAT,1
GCATGACCTGTACTGA,1
GCATGACGAAAGATCA,1
GCATGACGATGGATTG,1
GCATGACGCAAGATTA,1
GCATGACGGAGGACAA,1
GCATGAGAAGAATCAG,1
GCATGAGCCAAAGTCG,1
GCATGAGGCCGATTAC,1
GCATGAGGGCAGCATA,1
GCATGATACAAATATC,1
GCATGATATAGAATTT,1
GCATGATATGACGAGC,1
GCATGATATTAGAAAA,1
GCATGATCATCATGAT,1
GCATGATGAAATTTAT,1
GCATGATGAACGAAGA,1
GCATGATTACATTTAT,1
GCATGATTAGTAATAT,1
GCATGCAAATAATATA,1
GCATGCAAATCACTTC,1
GCATGCAAGAAAAAAT,1
GCATGCATATAGTATG,1
GCATGCATATTTCAAG,1
GCATGCATCACAATAA,1
GCATGCCACCAGTCGC,1
GCATGCCCGCTTAATA,1
GCATGCCTTATATGTT,1
GCATGCGAACAAGAGT,1
GCATGCGGTTCACGAA,1
GCATGCTGGTAACAGA,1
GCATGGACAATGTGGA,1
GCATGGACACCTCCCC,1
GCATGGACATGTTTGA,1
GCATGGACGTGTTTAA,1
GCATGGAGAACGAATT,1
GCATGGGGACCAACTC,1
GCATGGGTAAACCTGG,1
GCATGGTATCCGAAGT,1
GCATGGTCGAATCTAT,1
GCATGTATCTCTTATG,1
GCATGTCACCGAAATT,1
GCATGTGCGAATCACG,1
GCATGTTAAAACAATA,1
GCATGTTAGACTTACC,1
GCATGTTATAAACTCC,1
GCATGTTATAAACTGT,1
GCATGTTATGCCCGAC,1
GCATGTTTACTATTAT,1
GCATTAAAATAAACAA,1
GCATTAAACACATCTT,1
GCATTAACACAACTCG,1
GCATTAACATACAGAA,1
GCATTAACTAACAATT,1
GCATTAAGAGACCTTG,1
GCATTAAGAGGCTCGA,1
GCATTAAGCGTAGAGT,1
GCATTAAGGCTAATTT,1
GCATTAAGTCCATCAC,1
GCATTAATAAATAAGG,1
GCATTAATAACTGGGA,1
GCATTAATAAGGAAGT,1
GCATTAATAGGAAGGA,1
GCATTAATGAGAAGGA,1
GCATTAATGTGTCATA,1
GCATTAATTAAGCGCA,1
GCATTACAAAAATTAG,1
GCATTACAATCCCAAT,1
GCATTACAATCCCACC,1
GCATTACAGTCCCACT,1
GCATTACCAACTTCCG,1
GCATTACCATAACAAA,1
GCATTACCCATTTGTA,1
GCATTACCGAAATTAG,1
GCATTACCTCAAATTG,1
GCATTACCTTAAGATA,1
GCATTACGAACCCACG,1
GCATTACGGACCCATA,1
GCATTACGGTTTAAAC,1
GCATTAGATGTGTTTT,1
GCATTAGCTTCACCAA,1
GCATTAGGACTGAATC,1
GCATTAGTAACAAGCC,1
GCATTAGTAACACGTC,1
GCATTAGTAAGAAGGA,1
GCATTAGTATACCAGC,1
GCATTATACAAGCACT,1
GCATTATATAGAAGTT,1
GCATTATCCATTTTTA,1
GCATTATCGATTTGTA,1
GCATTATCGCCGTTTT,1
GCATTATCTAATGAAT,1
GCATTATCTGGAGCTT,1
GCATTATCTTAAAGTA,1
GCATTATGCATTAATC,1
GCATTATGGACCCAGA,1
GCATTATGGAGCCATA,1
GCATTATGTACCCATA,1
GCATTCAATACATGAA,1
GCATTCACAATCAAAC,1
GCATTCAGAAACCTTG,1
GCATTCAGAGAACTTG,1
GCATTCAGCGCAATCT,1
GCATTCATTAGCCATG,1
GCATTCATTCCAAAAA,1
GCATTCATTTAAGGTA,1
GCATTCCAAAAAAAAT,1
GCATTCCCATTTTAAG,1
GCATTCCCTAGATAGT,1
GCATTCCTGCCAAAAA,1
GCATTCCTTAGATTGC,1
GCATTCGATTTCCATA,1
GCATTCGGACTGAGTC,1
GCATTCGGAGTACGGG,1
GCATTCGGAGTGAATC,1
GCATTCTAACAATACC,1
GCATTCTTTGAAATCC,1
GCATTCTTTTAAATCC,1
GCATTGAAAGACCCTG,1
GCATTGAAAGAGCTCC,1
GCATTGAAATCATAAA,1
GCATTGAACATATTTA,1
GCATTGAACCTTGCAA,1
GCATTGACCTAATACA,1
GCATTGATAAATACGG,1
GCATTGATGAATAAGG,1
GCATTGATGAATACGA,1
GCATTGATGACTGGGA,1
GCATTGATGGATACGG,1
GCATTGCAAACCCGCT,1
GCATTGCAAGATCTCC,1
GCATTGCAAGGGCTCC,1
GCATTGCAATAGCTCC,1
GCATTGCAGAAGCATA,1
GCATTGCAGGAGCTCC,1
GCATTGCGAGAGCTCC,1
GCATTGGAACACATTG,1
GCATTGGAATCATCAA,1
GCATTGGCCTTTATGA,1
GCATTGGTGTGATACC,1
GCATTGGTGTTCTACC,1
GCATTTAAAAGAAGGA,1
GCATTTAAACGAATGA,1
GCATTTAAACTGCCGA,1
GCATTTAAATCCATAT,1
GCATTTAGAATACAGA,1
GCATTTAGGATATAAT,1
GCATTTAGGTAATTTC,1
GCATTTAGTAACATGG,1
GCATTTATAATATGAC,1
GCATTTCACATAGCTA,1
GCATTTCAGCACGATT,1
GCATTTCATTTTACCC,1
GCATTTGGGTGCGGGC,1
GCATTTTGAACTAGTG,1
GCATTTTTAATGGACT,1
GCCAAAAAATTCAATG,1
GCCAAAAACTTACTTC,1
GCCAAAAATAAAATGG,1
GCCAAAAATAGCAGAG,1
GCCAAAAATTTAGTTC,1
GCCAAAACACATAGTC,1
GCCAAAACATCCTCCA,1
GCCAAAACCCCATCAC,1
GCCAAAACCCTGATAC,1
GCCAAAACGCATAATC,1
GCCAAAACGCCTACAG,1
GCCAAAAGCTACGGAA,1
GCCAAAAGGCTGACGT,1
GCCAAAAGTATAGTGA,1
GCCAAAATAAATTAAG,1
GCCAAAATAAGAACAC,1
GCCAAAATACATGTAA,1
GCCAAAATGAACAAAG,1
GCCAAAATTAATCTTA,1
GCCAAACCAGCTGAAG,1
GCCAAACCTGATGAAG,1
GCCAAACCTGCTAAAG,1
GCCAAACCTGCTTAAG,1
GCCAAACCTGGTGAAG,1
GCCAAACGGCGCCTAC,1
GCCAAACGGTTCCCAA,1
GCCAAACTACTTCAAC,1
GCCAAACTCACCGAGA,1
GCCAAACTCTTCCGAT,1
GCCAAACTTTCTCTAC,1
GCCAAAGAAAAGAACT,1
GCCAAATGCTATAGAT,1
GCCAAATGGACTATAC,1
GCCAAATGGCTTCCTA,1
GCCAAATGGCTTCCTC,1
GCCAAATGGGAGAACC,1
GCCAAATTGCTTCCTG,1
GCCAACAAATAACTCA,1
GCCAACAAATAATTAA,1
GCCAACAACAACCAAA,1
GCCAACAATCTCATGA,1
GCCAACAGCTGCAACA,1
GCCAACATCCTCTGCA,1
GCCAACCAAAACTACA,1
GCCAACCAAGGAAGAA,1
GCCAACCCAAAGAGAG,1
GCCAACCCTATGCAAG,1
GCCAACCGCATATGTG,1
GCCAACCTAAAAAGAG,1
GCCAACCTAAAGAGAT,1
GCCAACCTGAAGAGAG,1
GCCAACGAACGCAAGC,1
GCCAACGAACGGAAGA,1
GCCAACGCCAGTCACA,1
GCCAACTAATGGTTGT,1
GCCAACTACCCCAGGA,1
GCCAACTACGCTAAGA,1
GCCAACTAGTGATTGT,1
GCCAACTCATGTAGAG,1
GCCAACTGCAAAATTT,1
GCCAAGAAAACTCCTG,1
GCCAAGAACCTCGACT,1
GCCAAGAACCTGATAC,1
GCCAAGACACAATACG,1
GCCAAGACACTGATAC,1
GCCAAGACCCGATACA,1
GCCAAGACCCTGACAC,1
GCCAAGACCCTTATAC,1
GCCAAGACGCTGATAC,1
GCCAAGACTAAATACG,1
GCCAAGAGACACCTCT,1
GCCAAGCACACCAGAG,1
GCCAAGCATGAAAGTG,1
GCCAAGCGGTACTACT,1
GCCAAGGAACGAAAGC,1
GCCAAGGATCCTTCGC,1
GCCAAGGTTACGCACG,1
GCCAAGTAACTGCATA,1
GCCAAGTCAGTTCAAT,1
GCCAAGTCATCTAATT,1
GCCAAGTCGGTCGACA,1
GCCAAGTGCATCTACA,1
GCCAAGTTAGTTAAAT,1
GCCAAGTTATTTCAAT,1
GCCAAGTTCACTAACC,1
GCCAATAAATTACCCA,1
GCCAATAACAAGGACA,1
GCCAATAACCCTGAAA,1
GCCAATACCCTGATAC,1
GCCAATACTACCCAAT,1
GCCAATATAATCGTGG,1
GCCAATATTTGGATCT,1
GCCAATCAAAAAGACA,1
GCCAATCACAGAATAA,1
GCCAATCACCCTATAA,1
GCCAATCCATACACCC,1
GCCAATCCATGAACCA,1
GCCAATCCATGCACCG,1
GCCAATCCCTCCTTTA,1
GCCAATGTGACCTTAT,1
GCCAATGTTACCATCT,1
GCCAATTAGTTTCAAA,1
GCCAATTATTAGCTCA,1
GCCAATTGAACGTGTA,1
GCCAATTGATAGAATA,1
GCCAATTGGCTACATG,1
GCCACAAAAATAACTA,1
GCCACAAACATCTATC,1
GCCACAAAGAGCACAA,1
GCCACAAAGAGCAGAG,1
GCCACAAATAGAAGAG,1
GCCACAAATAGCATAG,1
GCCACAAATAGCGGAG,1
GCCACAAATCTCTAAC,1
GCCACAACAGTATGGG,1
GCCACAAGACGACAGA,1
GCCACAAGGCAATGCA,1
GCCACAAGGCTCCCGG,1
GCCACAAGTTTCTGAA,1
GCCACAATACGAGAAA,1
GCCACACAACACTTTC,1
GCCACACAATTCGCAC,1
GCCACACACGCATTCT,1
GCCACACCACACTCTC,1
GCCACACCACACTGCA,1
GCCACACCACCAACCG,1
GCCACACCCCGCTAGA,1
GCCACACTTATGTTAA,1
GCCACACTTTATCCTG,1
GCCACAGCAACATTAT,1
GCCACAGGGGAGAAAA,1
GCCACATAACCCATAT,1
GCCACATAGTAGTATA,1
GCCACATATGCAATTA,1
GCCACATCAACAAACT,1
GCCACATCGTTCATAC,1
GCCACATGAGTGAAAA,1
GCCACATGTAAAAACT,1
GCCACATGTAGTTCCA,1
GCCACATGTTTGTACA,1
GCCACCAAAATAATAA,1
GCCACCAACTAAAATG,1
GCCACCAATCTCCGTC,1
GCCACCACACAAAAGA,1
GCCACCACGAAAACAT,1
GCCACCACTCTCCGTA,1
GCCACCAGAACCAACA,1
GCCACCAGAAGTAAAG,1
GCCACCATCGTAACCA,1
GCCACCCAGTTAGAGG,1
GCCACCCGAAACAACA,1
GCCACCCGCACCAACA,1
GCCACCCTATCCGAAT,1
GCCACCGAACGTCACA,1
GCCACCGAACGTGGTT,1
GCCACCGGACGGCACA,1
GCCACCGTGGGACCAA,1
GCCACCGTTGAATTAC,1
GCCACCTACTGACCCA,1
GCCACCTATAGTTCAG,1
GCCACCTCAAGGTACC,1
GCCACCTCTAACAGCA,1
GCCACCTCTATGTACC,1
GCCACCTGATTTTTCG,1
GCCACCTGCACCTAAG,1
GCCACCTTTAATTCAG,1
GCCACGACAGAACCGC,1
GCCACGACAGAATAGC,1
GCCACGAGAATATCCG,1
GCCACGAGACTATCAG,1
GCCACGAGACTATCTG,1
GCCACGATTACAGCGA,1
GCCACGCAAAAAGCGG,1
GCCACGCATCGTCTAA,1
GCCACGCATTGGAATA,1
GCCACGCCCGCTTCTG,1
GCCACGCCTTCTTCTG,1
GCCACGCTAGGAAAGC,1
GCCACGCTTAACCACG,1
GCCACGGAGATCGCAG,1
GCCACGGATGTACATA,1
GCCACGGGACTATCCG,1
GCCACGTAAAAAAACG,1
GCCACGTAACAAAATG,1
GCCACGTAGCAAAACG,1
GCCACGTCATGTTTCG,1
GCCACGTTAACCCATT,1
GCCACGTTACCCCATC,1
GCCACGTTAGAGATGT,1
GCCACGTTTTGACTCA,1
GCCACTAAAATGATCA,1
GCCACTAACACGATCA,1
GCCACTAACATTATCA,1
GCCACTAATACGATAA,1
GCCACTAATAGCACTG,1
GCCACTAATATAAAAA,1
GCCACTAGTTCCTGGT,1
GCCACTATGTGCGCTT,1
GCCACTCACTTAAACC,1
GCCACTGAAATCAGAC,1
GCCACTGAATGGAACA,1
GCCACTGACACCAGAC,1
GCCACTGACATAAGAC,1
GCCACTGACATCATAC,1
GCCACTGACATCGGAC,1
GCCACTGACGAAAGGC,1
GCCACTTAGTTCACAA,1
GCCACTTGGATTAACA,1
GCCACTTGGCTCAACA,1
GCCACTTGGCTTAGCA,1
GCCACTTGTCTCAACA,1
GCCACTTTACCCCATT,1
GCCAGAAAAATATTCA,1
GCCAGAAACATTAATG,1
GCCAGAAACGAACCAT,1
GCCAGAAACTGACTTC,1
GCCAGAAATTGACACA,1
GCCAGAACCCGCTGCC,1
GCCAGAACTTTGTCCC,1
GCCAGAAGGCAGTAGT,1
GCCAGAAGTTGATACA,1
GCCAGAAGTTTCCCAG,1
GCCAGAAGTTTTTCAG,1
GCCAGAATGAACACAT,1
GCCAGAATGAACACTT,1
GCCAGAATGAACGCGT,1
GCCAGAATGTAGATAC,1
GCCAGAATTTGACACA,1
GCCAGACAAATCAATA,1
GCCAGACCTACAGGTA,1
GCCAGACTTACGAAAA,1
GCCAGAGATATATGTC,1
GCCAGAGGTCCCCGAG,1
GCCAGAGTCTAACTTT,1
GCCAGATCTGAGTGTT,1
GCCAGCAATTAGGCGA,1
GCCAGCAATTAGGTGT,1
GCCAGCAATTATGTGA,1
GCCAGCACAAGGATCA,1
GCCAGCACAATAACAT,1
GCCAGCACCCGCTTCC,1
GCCAGCACCCGTTGCC,1
GCCAGCACCCTCTGCC,1
GCCAGCACGCGCTGCC,1
GCCAGCACTTTGCCCC,1
GCCAGCACTTTGTACC,1
GCCAGCACTTTGTCAC,1
GCCAGCACTTTGTCCA,1
GCCAGCACTTTGTCGC,1
GCCAGCACTTTTTCCC,1
GCCAGCAGATATAAAT,1
GCCAGCCAAGCGACAA,1
GCCAGCCACTCAAGTA,1
GCCAGCCCGAAAACAT,1
GCCAGCGGGGTACCAT,1
GCCAGCGTGTACAGAA,1
GCCAGGAAAAAACAAT,1
GCCAGGAAGAAACAAT,1
GCCAGGAATAAACATT,1
GCCAGGACATTGCGAG,1
GCCAGGACCCGCTGCC,1
GCCAGGAGACAAACCT,1
GCCAGGAGTAAACAAT,1
GCCAGGTAACTGCGTA,1
GCCAGGTAACTTCATA,1
GCCAGGTGCAGTAATA,1
GCCAGTAAATTACCCC,1
GCCAGTAACAGATTGT,1
GCCAGTACGCAATCAG,1
GCCAGTATACGATACA,1
GCCAGTATTCTGCGGC,1
GCCAGTCGGGAATTTA,1
GCCAGTCTCTCTACAA,1
GCCAGTGAGGAACGAA,1
GCCAGTGAGGACTGAA,1
GCCAGTGAGTACCGAA,1
GCCAGTGCAATATACA,1
GCCAGTGTACGATACA,1
GCCAGTTAACTGCATA,1
GCCAGTTAAGAGTTCC,1
GCCAGTTACCGTAATT,1
GCCAGTTACTCTGTAT,1
GCCAGTTCGCTGCATG,1
GCCAGTTGCTCTATAT,1
GCCAGTTGCTGTGTAT,1
GCCAGTTTCTCTGTAT,1
GCCATAAAAAAAAACA,1
GCCATAAAGGACTAGT,1
GCCATAAATAGCAGAG,1
GCCATAACAGCAAATA,1
GCCATAACCAGAAGGA,1
GCCATAACCGAAGCAT,1
GCCATAACTGGTGTAT,1
GCCATAAGCAACTGCT,1
GCCATAAGTTTCTCAG,1
GCCATAATAAGAGCTA,1
GCCATAATAATAGATC,1
GCCATACACTAACATA,1
GCCATACCAAATCACA,1
GCCATACCCTCAAATG,1
GCCATAGACGAGACCT,1
GCCATAGCAAAATTAT,1
GCCATAGCCAGGAAAA,1
GCCATAGCGAAGAAAA,1
GCCATAGGCCGAATGA,1
GCCATAGGGGACCGAG,1
GCCATAGTAAAGAGGA,1
GCCATAGTCCCGGATG,1
GCCATATAAATACGGC,1
GCCATATAACAAGATA,1
GCCATATAATAGCGAA,1
GCCATATACCAAGATG,1
GCCATATCATAGCTAA,1
GCCATATCATATTCAT,1
GCCATATCATTGTAAA,1
GCCATATCCAAGAAAA,1
GCCATATCGTAGCGAA,1
GCCATATCTATTTTGT,1
GCCATATTATACCTGA,1
GCCATATTATACTACT,1
GCCATATTCACGCAAT,1
GCCATATTCAGGAAGC,1
GCCATCAAGTTAACGT,1
GCCATCAATACTGTGG,1
GCCATCAATCGAACTT,1
GCCATCACATGAAGTA,1
GCCATCACCCGCTGCC,1
GCCATCATAACTAAAA,1
GCCATCATATAGTGCA,1
GCCATCATCACCTGCG,1
GCCATCATTCCTGATT,1
GCCATCCAAACTTCAA,1
GCCATCCACTCCAGTA,1
GCCATCCATCTTACAT,1
GCCATCCCACAAGGAC,1
GCCATCCTATAGTGCT,1
GCCATCCTCAAAGCCC,1
GCCATCCTGATCGCTC,1
GCCATCTAACCATTTT,1
GCCATCTACAGTTTAG,1
GCCATCTTATACCTAA,1
GCCATCTTGACCCATA,1
GCCATGAAAAATAACA,1
GCCATGAAGATGTCAA,1
GCCATGAGGAAAATTT,1
GCCATGCAACATGTCA,1
GCCATGCACAAAGTAG,1
GCCATGCAGGATGTCA,1
GCCATGCTAAAACCGC,1
GCCATGCTAATCCTCG,1
GCCATGGAATCTAACA,1
GCCATGTCCACAAGTC,1
GCCATTAAAATTGGAC,1
GCCATTAATACTATGG,1
GCCATTAGGCGATCAA,1
GCCATTCAACTATTTC,1
GCCATTCGGCGATCAG,1
GCCATTCGGCGATCAT,1
GCCATTCGGGGATCAA,1
GCCATTGATTCATCAT,1
GCCATTGATTGATCAG,1
GCCATTGCAAGAAACA,1
GCCATTGGTGTTATAC,1
GCCATTGTTCTCACCA,1
GCCATTGTTTATCATT,1
GCCATTTATTAAACCT,1
GCCATTTATTCATCAG,1
GCCATTTGGACGATCT,1
GCCCAAAAACCAGACG,1
GCCCAAAACCGTAGAA,1
GCCCAAAAGCAGTAGC,1
GCCCAAAAGGAGGGGA,1
GCCCAAAATCAAATAT,1
GCCCAAAGCCACCACA,1
GCCCAAAGCTAAAGCA,1
GCCCAAAGCTAGAACA,1
GCCCAAAGGTAAAACA,1
GCCCAAAGTGAAAGTA,1
GCCCAAAGTTCTGATG,1
GCCCAAATAAAAACCA,1
GCCCAAATACAATATT,1
GCCCAAATCACACCAT,1
GCCCAAATGAGGCGGG,1
GCCCAACAAAAATGCA,1
GCCCAACAACCAGACC,1
GCCCAACATCCAGACC,1
GCCCAACCAACTTTCC,1
GCCCAACTCACCGATA,1
GCCCAACTCACTGAGA,1
GCCCAAGACATTTTAG,1
GCCCAAGATAAATACT,1
GCCCAAGCTGCAATTC,1
GCCCAAGTAAACATCT,1
GCCCAATATGAGCATC,1
GCCCAATCGAAAATGA,1
GCCCAATGACAATCGT,1
GCCCAATGCATTGAAG,1
GCCCAATGTAAGGTAT,1
GCCCAATGTACCTCCT,1
GCCCAATTAGAAAGTG,1
GCCCAATTTAAAATTC,1
GCCCACAAATAACTTC,1
GCCCACAACAGATGGA,1
GCCCACACGACCATTA,1
GCCCACCCCTGAGACG,1
GCCCACCCGGTGGTCA,1
GCCCACCCTAGTGCGC,1
GCCCACGATGTACGGT,1
GCCCACGTAAAGCGAA,1
GCCCACGTAGCAGTTC,1
GCCCACGTGAGAACGC,1
GCCCACTAATAAACAA,1
GCCCACTAGCCCAGGA,1
GCCCACTCATATTGTG,1
GCCCACTCGGCTGTCA,1
GCCCACTCTAGTACGC,1
GCCCACTCTAGTGCTC,1
GCCCACTCTAGTGTGC,1
GCCCACTCTATTGCGC,1
GCCCACTTTAGTGCGC,1
GCCCAGAAGACAGCAG,1
GCCCAGAGAGCATATT,1
GCCCAGAGCCCATATT,1
GCCCAGATCACACCAC,1
GCCCAGCTAAACACAC,1
GCCCAGGATCCCTCGC,1
GCCCAGGATCCTCCGC,1
GCCCAGGATCCTTAGC,1
GCCCAGGATCCTTCTC,1
GCCCAGGATCCTTGGC,1
GCCCAGGATCTTTCGC,1
GCCCAGGATGTTCGGG,1
GCCCAGGGAGCCGTAA,1
GCCCAGTAAAATTTAA,1
GCCCAGTACAATGATA,1
GCCCAGTATCCTTCGC,1
GCCCATAAAAGTATGT,1
GCCCATAATGAACCTT,1
GCCCATACCCGTCCGC,1
GCCCATAGAAATACAT,1
GCCCATATAAAAACAC,1
GCCCATATCACACCAT,1
GCCCATATCGTTTTAC,1
GCCCATATGAACACAC,1
GCCCATCATCAGATAA,1
GCCCATCTATTAGTTG,1
GCCCATGACGTTTTCT,1
GCCCATGCAAAGCGAA,1
GCCCATGGAAAAACAT,1
GCCCATGGAAATAAAT,1
GCCCATGGAAATGCAT,1
GCCCATGGGGATGGTG,1
GCCCATGTAAAGCAAA,1
GCCCATGTAGAGCGAA,1
GCCCATGTGAAGCGAA,1
GCCCATTAATTCACCT,1
GCCCATTCATCTAATT,1
GCCCATTCCTTATCGA,1
GCCCATTTAAAGCGAA,1
GCCCCACAAACAGAGA,1
GCCCCACCAGGCACAT,1
GCCCCACTGAAGAGGT,1
GCCCCACTTTATCCTT,1
GCCCCAGAAATAGCGA,1
GCCCCAGAATAACCAG,1
GCCCCAGGAAAAAGAA,1
GCCCCAGGTGCACTCA,1
GCCCCAGTAGAACATG,1
GCCCCATACCAATCAC,1
GCCCCATACCAGCTAC,1
GCCCCATAGCAATCAT,1
GCCCCATAGGTTCACT,1
GCCCCATATCCAGTGG,1
GCCCCATCAGTGAAAA,1
GCCCCATCTAAGTAAT,1
GCCCCATCTAGGAAAT,1
GCCCCATGAAGTAAAC,1
GCCCCATGAGCGAAAA,1
GCCCCATGGGTGAAAA,1
GCCCCCAAAACAGCTT,1
GCCCCCAATCAAATAT,1
GCCCCCAGCACAGGAA,1
GCCCCCCAGAAGGCAC,1
GCCCCCCCGAAGGCAT,1
GCCCCCCCTAAGGCAC,1
GCCCCCGGCCCGGATT,1
GCCCCCTGTACAACCG,1
GCCCCGAAGAAAACTA,1
GCCCCGACAGTCCAGG,1
GCCCCGACCGTCCAGT,1
GCCCCGACTGTCCAGG,1
GCCCCGACTTAGAAAT,1
GCCCCGAGAAGTATAA,1
GCCCCGAGAAGTATCA,1
GCCCCGATACGTATCA,1
GCCCCGCAACGAGTTA,1
GCCCCGCAGTACCCAT,1
GCCCCGGATTAAAGCC,1
GCCCCGGGAAAAATGC,1
GCCCCGTTGAACTCGT,1
GCCCCTAAACCAGATA,1
GCCCCTAATCCAGCAT,1
GCCCCTAGACGTATCA,1
GCCCCTCCATTAGTTG,1
GCCCCTCTTAGTACGA,1
GCCCCTGAACACACGA,1
GCCCCTGACCAAACGA,1
GCCCCTGACCACACTA,1
GCCCCTGACCATACGA,1
GCCCCTGCACAATTTA,1
GCCCCTTAGTACACAA,1
GCCCCTTCGCCCATTG,1
GCCCCTTCGCCTATTC,1
GCCCGAAAACATCCAA,1
GCCCGAAACTAACCAT,1
GCCCGAAGCTAAAACA,1
GCCCGAATTCCAACAA,1
GCCCGACAACCTTTTG,1
GCCCGACCAATGCCAT,1
GCCCGACTAAGCCGAC,1
GCCCGACTCGGTCCGA,1
GCCCGAGACTAGCACT,1
GCCCGAGCCTAGCACC,1
GCCCGAGTTTCACGAT,1
GCCCGATTTACCTTCA,1
GCCCGATTTCCCTTTA,1
GCCCGATTTTCCTTCA,1
GCCCGCACAATAGCCC,1
GCCCGCACACGGATGT,1
GCCCGCATCAGGAAAC,1
GCCCGCCTAGCACCAT,1
GCCCGCGAAATCACGA,1
GCCCGCGAACAAGAGT,1
GCCCGCGCTGTGGGCA,1
GCCCGGAACCGTGATA,1
GCCCGGACAAGAGCCT,1
GCCCGGACATTTCGAG,1
GCCCGGCCAAACAATG,1
GCCCGGGAAGACTATA,1
GCCCGGTACGAAAAAA,1
GCCCGTAAATTCAAAA,1
GCCCGTAACCGGCACG,1
GCCCGTAATCAGATAA,1
GCCCGTAATCAGTAAT,1
GCCCGTATAAACACAC,1
GCCCGTATTCTGAGGC,1
GCCCGTCAGCAGATAA,1
GCCCGTCCAGATATGA,1
GCCCGTCCGGGCTAAA,1
GCCCGTCTTCTGACAC,1
GCCCTAAAAAGTTTGA,1
GCCCTAAAACGCTCCG,1
GCCCTAAACGAACCAT,1
GCCCTAAAGAGACTAA,1
GCCCTAAGCACTGTAT,1
GCCCTAATAATATATC,1
GCCCTAATTCTATTTT,1
GCCCTACCAGTCACAT,1
GCCCTACGAATAGCGT,1
GCCCTACTAAAATAGA,1
GCCCTACTGATCGCTC,1
GCCCTAGCCTAGCACT,1
GCCCTAGGCAGAATGA,1
GCCCTAGGCCGTATGA,1
GCCCTATCGAATAATA,1
GCCCTCAATCGGACAT,1
GCCCTCACATGAAGTA,1
GCCCTCCTGATCGCTT,1
GCCCTCCTGATCTCTC,1
GCCCTCCTGATGGCTC,1
GCCCTCCTTATCGCTC,1
GCCCTCCTTCGAAACG,1
GCCCTCGAATCTGTAA,1
GCCCTCGGGCACATCG,1
GCCCTCTAATCCTTTC,1
GCCCTCTACTCATTTC,1
GCCCTCTTATACTACA,1
GCCCTGACTAGTACTC,1
GCCCTGCAACCATTTC,1
GCCCTGCCAAAATACT,1
GCCCTGCTAATACTCG,1
GCCCTGGAACAATTTC,1
GCCCTGTAACCATTTC,1
GCCCTGTCTTGATTCT,1
GCCCTTATAGAAGTAA,1
GCCCTTCAAACAAGTG,1
GCCCTTCACACAAGTC,1
GCCCTTCACACAATTG,1
GCCCTTCACGCAAGTG,1
GCCCTTCAGACAAGTG,1
GCCCTTCATACAAGTG,1
GCCCTTCGATAAATCG,1
GCCCTTGAATCCGTAA,1
GCCCTTTACACAAGTG,1
GCCCTTTAGTAAGTCA,1
GCCCTTTCACAATATT,1
GCCCTTTGGAAGATCT,1
GCCCTTTGGACGATAT,1
GCCCTTTGGATGATCT,1
GCCCTTTGTACGATCT,1
GCCGAAAAAAAAGTTT,1
GCCGAAAATATGCTAA,1
GCCGAAACGAGTGACA,1
GCCGAAAGATAAGAAT,1
GCCGAAAGCATAGTAC,1
GCCGAAATGGAAACTT,1
GCCGAAATGTATTCAA,1
GCCGAACCTCAAACGC,1
GCCGAACGGAGCCTAC,1
GCCGAACGGCACCTAC,1
GCCGAACGGCGCCAAC,1
GCCGAACTAATTCAAC,1
GCCGAACTACTTCAAG,1
GCCGAACTACTTCATC,1
GCCGAACTGCTTCAAC,1
GCCGAAGGAATATCTA,1
GCCGAAGGACTCAAAT,1
GCCGAATACAAGTCAG,1
GCCGAATACTAAAATA,1
GCCGAATCAACAAACT,1
GCCGAATCAATTCGTT,1
GCCGAATCCAAGTAAG,1
GCCGAATCCAAGTCAT,1
GCCGAATCCAATTCAG,1
GCCGAATCCCTTTGAA,1
GCCGAATCCGAGTCAG,1
GCCGAATCGAAGTCAG,1
GCCGAATCGAGCCCTA,1
GCCGAATCGGTACCAT,1
GCCGAATGACTATGTA,1
GCCGAATGATTAGATG,1
GCCGACACAATAAAAC,1
GCCGACACAATAAGAA,1
GCCGACACAATAAGGC,1
GCCGACACCCAACTAA,1
GCCGACACGATAAGAC,1
GCCGACACTATAATCG,1
GCCGACATGACAATCA,1
GCCGACCAAGATCTCC,1
GCCGACCAGTATATCA,1
GCCGACCCAAACATGT,1
GCCGACCTGACGATCA,1
GCCGACGATTATCCAG,1
GCCGACGTGACAATCA,1
GCCGACTAAAGCGCAA,1
GCCGACTACAGGTCTT,1
GCCGACTACATTATGG,1
GCCGACTTACTAACTT,1
GCCGAGAACGCATTCC,1
GCCGAGAGAACCAGCA,1
GCCGAGATCAAACCAT,1
GCCGAGATCATAGATG,1
GCCGAGCAAAGATGAA,1
GCCGAGCATTATATTG,1
GCCGAGCCGCGTGCTA,1
GCCGAGCTACTTCAAC,1
GCCGAGCTCCAAAAGT,1
GCCGAGCTCCAAAGGT,1
GCCGAGGCAATTGGGT,1
GCCGAGGTACATAAAA,1
GCCGAGGTTAAGCTAT,1
GCCGAGGTTAATCTAA,1
GCCGAGTCATCTTTCT,1
GCCGAGTGATAATATA,1
GCCGAGTTACAGATAC,1
GCCGATAAAAAGTTTT,1
GCCGATAAATTACCCC,1
GCCGATACAATAAGAC,1
GCCGATAGTGCATTGT,1
GCCGATCAGTAATCAA,1
GCCGATCCGCTAAGAT,1
GCCGATCGACAAACGT,1
GCCGATCTATTTGATT,1
GCCGATGAAAGGTATC,1
GCCGATGAAAGGTGTT,1
GCCGATGAACGCGCAT,1
GCCGATGAAGGGTATT,1
GCCGATGAGTATGTCG,1
GCCGATGTATTCCATT,1
GCCGATTCTCTACGGC,1
GCCGATTTAGTAACTT,1
GCCGATTTGAGCGGAC,1
GCCGCAAAACAACCAT,1
GCCGCAAAGATCACAA,1
GCCGCAAATAGCAGAG,1
GCCGCAAATATGATAA,1
GCCGCAATTTCATAAC,1
GCCGCACTTCTTCCAG,1
GCCGCACTTTATCCTG,1
GCCGCATCCATTCCCT,1
GCCGCCAGATTGCCCC,1
GCCGCCAGCTTGCCCA,1
GCCGCCAGCTTTCCCC,1
GCCGCCAGTTTGCCCC,1
GCCGCCCCTCACAGCA,1
GCCGCCCGAACCAACA,1
GCCGCCGAAATTCCAC,1
GCCGCCGAACGTTGTT,1
GCCGCCGTCTTATTCC,1
GCCGCCTCACCGAATG,1
GCCGCCTCGCCGAATG,1
GCCGCCTCTCAGAATG,1
GCCGCCTCTCTGAATG,1
GCCGCCTTATCACTTA,1
GCCGCCTTATGTAATA,1
GCCGCGAAAACTCCTG,1
GCCGCGAATCGTCTAA,1
GCCGCGCAACGTCTAA,1
GCCGCGCAGCGTCTAA,1
GCCGCGCATCGTTTAA,1
GCCGCGCATTGTCTAA,1
GCCGCGCGTCGTCTAA,1
GCCGCGCTACATAAAA,1
GCCGCGGAAATTGGGT,1
GCCGCGGCAATTGGGC,1
GCCGCGGTACATAAAG,1
GCCGCGGTGCATAAAA,1
GCCGCGTCCCCAGCCA,1
GCCGCGTGAGTACACC,1
GCCGCGTTGTCCTCTG,1
GCCGCTAAGACGAAAA,1
GCCGCTAAGAGGATTA,1
GCCGCTAGGTAACGCC,1
GCCGCTCATCGTCTAA,1
GCCGCTGTACATAAAA,1
GCCGCTTCCAAAATCC,1
GCCGGAAAAATCTACA,1
GCCGGAAAACAAGAAG,1
GCCGGAAACTACGACA,1
GCCGGAAAGGTTAACG,1
GCCGGAAATTACTAAC,1
GCCGGAAATTATTAAT,1
GCCGGAAGACAGTCTG,1
GCCGGAATACTTCTAG,1
GCCGGACACACTAGCG,1
GCCGGACATACTCTTA,1
GCCGGACGTGTCGACA,1
GCCGGACTGCGATTCT,1
GCCGGAGACCACGACA,1
GCCGGAGCAGAAGTCA,1
GCCGGAGCATCTAGTA,1
GCCGGAGGCACCTCAA,1
GCCGGAGGTAATTACA,1
GCCGGATAGAAATAAA,1
GCCGGATAGAAATAGA,1
GCCGGATTCAATGTCT,1
GCCGGCAAACTACCCA,1
GCCGGCACCCGCTGCC,1
GCCGGCCAGGCGTAAA,1
GCCGGCGGAATATTAA,1
GCCGGCGGAATCTACA,1
GCCGGCGGAGTCTTAA,1
GCCGGCTCCCGCTCAT,1
GCCGGGAACCACGACA,1
GCCGGGAACGCACTCC,1
GCCGGGAACGTGTATA,1
GCCGGGAATGCATTCC,1
GCCGGGACGCGTGCTA,1
GCCGGGCAGCGTGCTA,1
GCCGGGCATCGTCTAA,1
GCCGGGCCGCATGCTA,1
GCCGGGCCGCGTTCTA,1
GCCGGGCCGCTTGCTA,1
GCCGGGCTTGAAAATG,1
GCCGGGGTAGGTAGAT,1
GCCGGGGTCACCCTCT,1
GCCGGGTTGTCCTATG,1
GCCGGGTTGTCCTTTG,1
GCCGGTAAAAAGAAAA,1
GCCGGTACTGAAAAAT,1
GCCGGTAGCTATAAAA,1
GCCGGTAGTAATTACA,1
GCCGGTCACCGAAATT,1
GCCGGTCCAGATACAG,1
GCCGGTCCGCGTGCTA,1
GCCGGTTAAAACATGA,1
GCCGTAAACCACGACA,1
GCCGTAAACGTGTACC,1
GCCGTAAAGCATGAAC,1
GCCGTAAAGCCATCGA,1
GCCGTAACATGAAGTA,1
GCCGTAAGCACTTTAT,1
GCCGTAAGCATTGTAT,1
GCCGTAATAAGAGCTG,1
GCCGTAATGAGATTGA,1
GCCGTAATTCATAATC,1
GCCGTACACGACAACG,1
GCCGTACCAAAATTGC,1
GCCGTACGCTGTAAAA,1
GCCGTACTAAACTGGC,1
GCCGTACTATACCAAC,1
GCCGTACTATTTGATT,1
GCCGTAGAAAGATATC,1
GCCGTAGCTAAGTGTT,1
GCCGTATCCTCACATC,1
GCCGTCACACGAAGTA,1
GCCGTCACATAAAGTA,1
GCCGTCACATTAAGTA,1
GCCGTCACCCATACCT,1
GCCGTCAGATGAAGTA,1
GCCGTCAGCGGAGGAG,1
GCCGTCCCAGTACTCG,1
GCCGTCCCTAGATAGT,1
GCCGTCCGATTTATTC,1
GCCGTCGTCAGACAGA,1
GCCGTGAACGCATTCC,1
GCCGTGTTACTACAAA,1
GCCGTGTTACTACTAA,1
GCCGTTAAACCAGAAA,1
GCCGTTAACCAAGAAA,1
GCCGTTAACCCATAAA,1
GCCGTTAAGCCAGAAA,1
GCCGTTCAACGTAGCG,1
GCCGTTGACAGTCTTG,1
GCCGTTGGAGCAAGTA,1
GCCGTTGGAGCAAGTG,1
GCCGTTTAAAAAAAAC,1
GCCGTTTAACAAAGAC,1
GCCGTTTGTGACAGCC,1
GCCGTTTTCTCATCGC,1
GCCTAAAAAATCAGTG,1
GCCTAAAAGAAAAAGC,1
GCCTAAAATAGGGTGT,1
GCCTAAACTTGTTCAT,1
GCCTAAAGTTCGTAAC,1
GCCTAAATTTTCCTAG,1
GCCTAACACACCAGAG,1
GCCTAACCAGATGAAT,1
GCCTAACGAAATGAAT,1
GCCTAACGGCGCCTAC,1
GCCTAACTACTTCAAC,1
GCCTAAGACCCTGCAA,1
GCCTAAGGCCTGCAGA,1
GCCTAAGGGCTGAAAC,1
GCCTAAGTAGGAACGG,1
GCCTAAGTCGAGAAAA,1
GCCTAATAACCTTGGT,1
GCCTAATAATATAACG,1
GCCTAATGCATTAAAG,1
GCCTAATGGCGAAACA,1
GCCTAATTAAATTGAA,1
GCCTAATTGATTGACA,1
GCCTACACCATAATTC,1
GCCTACACTACCATTA,1
GCCTACCAAGAGTGAG,1
GCCTACCAAGCGAGCG,1
GCCTACCACCGAACCA,1
GCCTACCCGAAACCCA,1
GCCTACCCGTGTGAAA,1
GCCTACCCTAACCGCA,1
GCCTACCTGACAATCA,1
GCCTACGAGTCTAATC,1
GCCTACGATGCATGAT,1
GCCTACTAAAGCGAAA,1
GCCTACTGTGAGGTCG,1
GCCTACTGTGTACAAA,1
GCCTACTTTGAGGTCA,1
GCCTAGAAACGTTATG,1
GCCTAGACGTGGGGTC,1
GCCTAGAGACAAACCT,1
GCCTAGAGTACTCCTA,1
GCCTAGATACGAAACC,1
GCCTAGCAAACCAGAG,1
GCCTAGCACAACAGAG,1
GCCTAGCACACCAGAT,1
GCCTAGCACTAACTCA,1
GCCTAGCCATGGAACA,1
GCCTAGCGAAATATAA,1
GCCTAGGAATAAGTTC,1
GCCTAGGAATCAGTCC,1
GCCTAGGAATCAGTTA,1
GCCTAGGAATCATTTC,1
GCCTAGGATGAATCCG,1
GCCTAGGATGGATACG,1
GCCTAGGATGGATCAG,1
GCCTAGGATGGATCCC,1
GCCTAGGATGGATCGG,1
GCCTAGGATTGATCCG,1
GCCTAGGCACTATGGC,1
GCCTAGGCACTCTGAC,1
GCCTAGGCCCCGTGCT,1
GCCTAGGTACTCTGGC,1
GCCTAGGTATCAGTTC,1
GCCTAGTTAAAGGGTA,1
GCCTAGTTGTACATCG,1
GCCTATAAACAAGCCG,1
GCCTATAACCAAACAT,1
GCCTATAAGCACCAAG,1
GCCTATAGTGCAGTGT,1
GCCTATATAAACACAC,1
GCCTATATGCCTCAAA,1
GCCTATCACACCAGAG,1
GCCTATCCAGGTGGAT,1
GCCTATCGATTTCTAA,1
GCCTATCGTAACACCA,1
GCCTATCTTACCACCA,1
GCCTATCTTGAACAGC,1
GCCTATCTTTGTACGA,1
GCCTATGAAAGGTATT,1
GCCTATGACGTACTTC,1
GCCTATGAGGGAAACA,1
GCCTATTCCCACTCCG,1
GCCTATTCGACACAAT,1
GCCTATTGACATTCAA,1
GCCTCAACCTATTCCA,1
GCCTCAACGAAAAAAG,1
GCCTCAACGAAAGCAG,1
GCCTCAACGTAAACAG,1
GCCTCAAGTAAAGCAC,1
GCCTCAAGTCAAGCAA,1
GCCTCAAGTCAATCAC,1
GCCTCAAGTCATGCAC,1
GCCTCACAAAAGTTGT,1
GCCTCACACCGAATGA,1
GCCTCACGAAATAAAT,1
GCCTCACGAAATGAGT,1
GCCTCACGGAATGAAT,1
GCCTCACTAAATGAAT,1
GCCTCACTATGATACC,1
GCCTCAGAATAACTCC,1
GCCTCAGAATCACCCC,1
GCCTCAGGGCCGAAAC,1
GCCTCAGGGCTGAAAA,1
GCCTCAGGGCTGAAAT,1
GCCTCAGTACCCTGTA,1
GCCTCATAATCACTCC,1
GCCTCCAAAACACCAA,1
GCCTCCAATGTTACAG,1
GCCTCCAGTCAACATG,1
GCCTCCATCTGTTCTC,1
GCCTCCCAGAATGGAA,1
GCCTCCCAGCATTGAA,1
GCCTCCCCGAGGTATA,1
GCCTCCGTCTATTCAT,1
GCCTCCTACCGCCATA,1
GCCTCCTCTCCGAATG,1
GCCTCGACTTCCGAAT,1
GCCTCGCCCACCGAGA,1
GCCTCGCGACCCAAGA,1
GCCTCGCTCGGCTCAG,1
GCCTCGGGGCTGAAAC,1
GCCTCGGTAGATAGAC,1
GCCTCGGTAGATATAT,1
GCCTCTAAAAAGTTTT,1
GCCTCTAAACGGTGCG,1
GCCTCTAATAGCACTT,1
GCCTCTAGACCCTGAG,1
GCCTCTCATACACTGA,1
GCCTCTCGAAATGAAT,1
GCCTCTCTATCACTGA,1
GCCTCTCTCGGCTTAG,1
GCCTCTCTTGAATAAC,1
GCCTCTGTACAAGAAT,1
GCCTCTGTACAAGAGG,1
GCCTCTGTACAGGAAG,1
GCCTCTTTACAAGAAG,1
GCCTGAAAACAAAAAG,1
GCCTGAAACCACGACA,1
GCCTGAAGAAAAGCTA,1
GCCTGACAGGGATGAA,1
GCCTGACCCTATAGTA,1
GCCTGACCCTTAAAAA,1
GCCTGACCCTTAAATA,1
GCCTGACCTGATAGCA,1
GCCTGACCTGTAATGA,1
GCCTGACCTTATAGTA,1
GCCTGACTTAACTTAG,1
GCCTGAGAACAAGAGT,1
GCCTGAGCAATAGCTA,1
GCCTGAGCAATAGTGA,1
GCCTGAGGAACAGCGA,1
GCCTGAGTAATAGCGA,1
GCCTGATCCAAATATC,1
GCCTGATCTATATTCT,1
GCCTGATCTTCTCAAA,1
GCCTGATGTCGTAACC,1
GCCTGCACATGAAGCC,1
GCCTGCACGAAATAAT,1
GCCTGCCAAGACCACA,1
GCCTGCCACACCTTAA,1
GCCTGCCCAAGCTCCT,1
GCCTGCCCTCTTAATA,1
GCCTGCCGATAGTAAT,1
GCCTGCGAATAAGAGT,1
GCCTGCGAGCAAGAGT,1
GCCTGGAACGCATTCC,1
GCCTGGAGAAAAACCT,1
GCCTGGAGAACGAAGT,1
GCCTGGAGACAAAACT,1
GCCTGGCAAAATCTAT,1
GCCTGGCCGCGTGCTA,1
GCCTGGCCTGATAGTA,1
GCCTGGCTAAAAAATC,1
GCCTGTAACGATCAGA,1
GCCTGTAACGATCATA,1
GCCTGTACCTAGTCCC,1
GCCTGTCAGTACGACA,1
GCCTGTCGGACAACAA,1
GCCTGTCTAGAAAAAC,1
GCCTGTCTTTGTTAGA,1
GCCTGTGATCCCACGT,1
GCCTGTTAAATATGCG,1
GCCTGTTGCTCTGTAT,1
GCCTTAACGAACAATT,1
GCCTTAACTAACAACT,1
GCCTTAACTAATAATT,1
GCCTTAACTGTGCCCA,1
GCCTTAATAAGAGCTA,1
GCCTTACAAAGATATG,1
GCCTTACAATGAACTC,1
GCCTTACCTGTACTGA,1
GCCTTACGAGTCATTA,1
GCCTTACTATACTAAC,1
GCCTTACTCGAGGACG,1
GCCTTAGAAATCCTAG,1
GCCTTAGCATCCCTAC,1
GCCTTAGCATTCCGAC,1
GCCTTAGGGCACATCG,1
GCCTTAGTTCCGTATA,1
GCCTTATATATGCTTA,1
GCCTTATCAAAACGGG,1
GCCTTATCTAAGAACA,1
GCCTTATCTTACTGAT,1
GCCTTATGATTTGGGC,1
GCCTTCAACAAGATTT,1
GCCTTCCAACAAAAGT,1
GCCTTCCCAATTTAAT,1
GCCTTCCCACCTTAAT,1
GCCTTCCCACTTTGAT,1
GCCTTCCGGCACATCG,1
GCCTTCCTAGGCTATG,1
GCCTTCCTGGGCTCTG,1
GCCTTCCTTTGTACTT,1
GCCTTCGAACAAGAGT,1
GCCTTCGAATCCGTAA,1
GCCTTCGGTCACATCG,1
GCCTTCGTGCTGAACC,1
GCCTTCTAATCCAAAA,1
GCCTTCTACTGTCATT,1
GCCTTCTATAAATAAA,1
GCCTTCTGGCACATCG,1
GCCTTCTGTAAAAGAA,1
GCCTTCTTTCCGTATA,1
GCCTTGACCAACGAAT,1
GCCTTGACTAAAGAAT,1
GCCTTGATAATGGAAA,1
GCCTTGATATGCTTTA,1
GCCTTGCAGGCCATTC,1
GCCTTGCCACCATAGA,1
GCCTTGCCGTAGAAAT,1
GCCTTGGTTCCTCAGT,1
GCCTTTAAGAGCGCAA,1
GCCTTTAATAACAAAA,1
GCCTTTACCACCACAA,1
GCCTTTATATCCTTTA,1
GCCTTTATGAGAAGCT,1
GCCTTTATGCAAAGCT,1
GCCTTTATGCGAGGCT,1
GCCTTTATTCGAAGCT,1
GCCTTTCAGTCGGTAC,1
GCCTTTCATGTACGAC,1
GCCTTTCCTGAATAAC,1
GCCTTTCTACCACTGA,1
GCCTTTCTATCGCTGA,1
GCCTTTCTGTCACTGA,1
GCCTTTCTTGAATAAA,1
GCCTTTGCACCATGAT,1
GCCTTTGCCCAATGAT,1
GCCTTTGGGAGCTTAT,1
GCCTTTGTCCCATGAT,1
GCCTTTTATATTTAAA,1
GCCTTTTCTCCATGAT,1
GCCTTTTTATCATCGC,1
GCCTTTTTTAGTAAAT,1
GCCTTTTTTGATTTCT,1
GCGAAAAAACTATACA,1
GCGAAAAAGAAAGGAG,1
GCGAAAAAGATAATAG,1
GCGAAAAAGATAATCT,1
GCGAAAAAGGATAGCG,1
GCGAAAAATACAAAGT,1
GCGAAAAATGCCATAA,1
GCGAAAACACCGCCAG,1
GCGAAAACCATCATCC,1
GCGAAAACTATAATCC,1
GCGAAAACTATCATAC,1
GCGAAAAGAACAAAAT,1
GCGAAAAGAATCAAAT,1
GCGAAAATATGGGCAC,1
GCGAAAATTCCCTCAA,1
GCGAAAATTGGCAAAA,1
GCGAAACAAGCAAAAC,1
GCGAAACCAACAAACA,1
GCGAAACCTAAACTTC,1
GCGAAACGAAGGTGAC,1
GCGAAACGAAGGTGCA,1
GCGAAACGAAGGTTCC,1
GCGAAACGGAGGTGCC,1
GCGAAACTAACCATCC,1
GCGAAACTGTAACACA,1
GCGAAAGAGATAATCG,1
GCGAAAGATCACATTT,1
GCGAAAGATGCTTGAA,1
GCGAAAGCAAGAGTGA,1
GCGAAAGCGAGAGTAA,1
GCGAAAGCTAGGCCAA,1
GCGAAAGCTGATTGAA,1
GCGAAAGCTGCAATTC,1
GCGAAAGCTGCCTGAA,1
GCGAAAGCTGCTTTAA,1
GCGAAAGTAGTCAATC,1
GCGAAAGTTGCCAATC,1
GCGAAATACCTCAGGC,1
GCGAAATACGCAGATC,1
GCGAAATAGAAAAAAT,1
GCGAAATAGACAACGA,1
GCGAAATAGTAGCTAA,1
GCGAAATCATTCGGCC,1
GCGAAATCCACCCTAA,1
GCGAAATCGATCAATT,1
GCGAAATCTAAACCTC,1
GCGAAATGACTTCATG,1
GCGAAATGTATTCATG,1
GCGAAATTGATAACAG,1
GCGAACAAAGAGATTA,1
GCGAACACACAACAAA,1
GCGAACACTACAGATC,1
GCGAACAGACATAGAT,1
GCGAACAGTCACCCAG,1
GCGAACATCCCGCACC,1
GCGAACCCCACACGTC,1
GCGAACCCCCCACATC,1
GCGAACCCCCCACGTT,1
GCGAACCCCCCACTTC,1
GCGAACCCCCCTCGTC,1
GCGAACCCCGCAACCC,1
GCGAACCCGCCACGTC,1
GCGAACCCTCCACGTC,1
GCGAACCTAATGTGTT,1
GCGAACCTTGAAACAT,1
GCGAACGCCCCACGTC,1
GCGAACGCTATCCGCC,1
GCGAACTACGCGAAAT,1
GCGAACTGGATGCCTC,1
GCGAACTGTTATACTA,1
GCGAACTTTATACATG,1
GCGAAGAAACAGCTTC,1
GCGAAGAATGTAAGGT,1
GCGAAGAGCGTTCAGC,1
GCGAAGCAACAGCCTC,1
GCGAAGCAACAGCTTA,1
GCGAAGCAACAGCTTT,1
GCGAAGCGGTAGGCGT,1
GCGAAGCTTAAGAATC,1
GCGAAGGATAAAAAAT,1
GCGAAGGCCAACGCCT,1
GCGAAGGTAGCTTCAA,1
GCGAAGTACAACAGAG,1
GCGAAGTGGTCGGCGT,1
GCGAAGTTGATTGGAG,1
GCGAATATTAGAATCA,1
GCGAATCAATAGATAC,1
GCGAATCACCCCAAAT,1
GCGAATCACCTGCGCA,1
GCGAATCACGCGTTGG,1
GCGAATCCCCCACGTC,1
GCGAATCGGTCGGCGT,1
GCGAATCTAAGTACCC,1
GCGAATCTAATCATAG,1
GCGAATGAGCAAGAGG,1
GCGAATGGCGAATGCA,1
GCGAATGGGGAATACA,1
GCGAATGTAAAACTTA,1
GCGAATTATTCAAAGA,1
GCGAATTGTCCCCCTT,1
GCGAATTGTCGCCCCT,1
GCGAATTGTCGCCCTC,1
GCGAATTGTCGCTCTT,1
GCGACAAAAATCAGAG,1
GCGACAAAACTAAGAG,1
GCGACAAAACTGAGAG,1
GCGACAAACAAGAACG,1
GCGACAACATGCCCAA,1
GCGACAACTCAACTAT,1
GCGACAAGAAAAGCCA,1
GCGACAATAATTGAGA,1
GCGACACAAAGATGCA,1
GCGACACGAACAAAAT,1
GCGACACGGCTTCAAT,1
GCGACACTTCATAGAA,1
GCGACAGAAGAAATAT,1
GCGACAGAGATAACAA,1
GCGACAGCAAGGGCTA,1
GCGACAGCTAGGTCTA,1
GCGACATAAGTAATCA,1
GCGACATCTAACCATT,1
GCGACATTAGTCTTTG,1
GCGACATTTGCAGTCG,1
GCGACCAACATATACG,1
GCGACCAACGAGTACA,1
GCGACCACATGACCAA,1
GCGACCACCAAGAGGA,1
GCGACCATTATGAACA,1
GCGACCATTTCGTATT,1
GCGACCCAAGCTACTT,1
GCGACCCATCATAGAA,1
GCGACCCCTTCCAGTC,1
GCGACCGCAACAAGAG,1
GCGACCGTTATACAAT,1
GCGACCTAAGGTAAAA,1
GCGACCTAATATAATT,1
GCGACCTACAAGAGTT,1
GCGACCTTAGTTAAAA,1
GCGACCTTTAGACAAT,1
GCGACGAAGACCAGAA,1
GCGACGCAATCAAGAT,1
GCGACGCGAGGTAATA,1
GCGACGCGCGGACGAA,1
GCGACGTCTAATTGAA,1
GCGACGTGGAAAACAT,1
GCGACGTTTCGACACG,1
GCGACTATGTGCGCTT,1
GCGACTATTCTTGTTC,1
GCGACTATTGAATGAT,1
GCGACTCAAATCACTA,1
GCGACTCCAATAACTA,1
GCGACTCTTGGTCTCC,1
GCGACTGAGAATCTTG,1
GCGACTGTGCAGAATA,1
GCGAGAAACCGTACGC,1
GCGAGAACGCTTATGA,1
GCGAGAAGCAAACAAG,1
GCGAGAATAAGAGGAA,1
GCGAGAATCGATTAAA,1
GCGAGAATGAACACGT,1
GCGAGACCCCATTACC,1
GCGAGACTTCAAGGTA,1
GCGAGACTTGCCTTTT,1
GCGAGAGAAAAAACAT,1
GCGAGAGAGAAACAAG,1
GCGAGAGATACTACGA,1
GCGAGAGTATAGCCAC,1
GCGAGAGTCTATGGAA,1
GCGAGATAGAAAACGA,1
GCGAGATATAGGCCTG,1
GCGAGATGCCACGTCC,1
GCGAGCAATGCCATAC,1
GCGAGCAATTAGGTGA,1
GCGAGCACCCGCTGCC,1
GCGAGCCAGTAAAATA,1
GCGAGCGCGAACATGA,1
GCGAGCTAATATCCCA,1
GCGAGCTACTCGATCA,1
GCGAGCTACTCGGTAA,1
GCGAGCTACTCGTTCA,1
GCGAGCTGATAAGTGC,1
GCGAGCTGGTCTAACC,1
GCGAGGAAGAACACAT,1
GCGAGGAATAAACAAT,1
GCGAGGACCAAACTGA,1
GCGAGGACTATCAAAT,1
GCGAGGCAACAGCTTC,1
GCGAGGCCCGCACACC,1
GCGAGGCGGCGGCTTA,1
GCGAGGCTCTTCTCAG,1
GCGAGGGACTATTATC,1
GCGAGGTACAACTTAG,1
GCGAGGTATGATAAAT,1
GCGAGGTCCGATAAAT,1
GCGAGGTTTAGACACG,1
GCGAGGTTTCAACACG,1
GCGAGGTTTCTACACG,1
GCGAGGTTTTGACACG,1
GCGAGTACCATGTGAA,1
GCGAGTACTCCATCCT,1
GCGAGTATATGAGCTT,1
GCGAGTCAATTTTTCG,1
GCGAGTCACTTTTTAG,1
GCGAGTCCGCAATTTT,1
GCGAGTCGAACTGACA,1
GCGAGTGATCAGTAGC,1
GCGAGTGGACAGAACC,1
GCGAGTTATCGAAAAG,1
GCGAGTTCTGATAAAT,1
GCGAGTTTATGCACCA,1
GCGATAAAATCAAGGG,1
GCGATAACCCCCCGTA,1
GCGATAACTTAACGGC,1
GCGATAAGTTATATTG,1
GCGATAATACCGCCAT,1
GCGATACAGATCTAAA,1
GCGATACCATTACGAG,1
GCGATACCGTGTCAAT,1
GCGATACGGCAGAGCC,1
GCGATACGTAAGAGCC,1
GCGATACGTCACAGCC,1
GCGATACGTGAAGTCA,1
GCGATACTTGCTCTCC,1
GCGATAGAAGGGTTAG,1
GCGATAGCAATATTCA,1
GCGATAGGTTTTGAAG,1
GCGATAGTCCCATGAC,1
GCGATATAAATACGGC,1
GCGATATCATTGTAAG,1
GCGATATCTGGAATGT,1
GCGATATGTCAGAGCC,1
GCGATATTCTTCACCA,1
GCGATATTTCTCACCA,1
GCGATCAAAACTATAG,1
GCGATCAAAACTATAT,1
GCGATCAAACATAGTA,1
GCGATCAACATTGTTG,1
GCGATCAATAGCACTC,1
GCGATCACAAGTATAA,1
GCGATCACATGGACAG,1
GCGATCAGAACTATAC,1
GCGATCATAAACTGAA,1
GCGATCATAGTTTGAG,1
GCGATCCAATTAGTAT,1
GCGATCCATTTTAATT,1
GCGATCCCGCGGTTGT,1
GCGATCCTGCTGTTGT,1
GCGATCCTGTGACACG,1
GCGATCCTGTGGTTGT,1
GCGATCCTTCGGTTGT,1
GCGATCGAAACCGACC,1
GCGATCGATGTTGACA,1
GCGATCGCTAGCGAGT,1
GCGATCTAAACTATCG,1
GCGATCTAACGAAGAG,1
GCGATCTAAGCCAACA,1
GCGATCTATATCCCGA,1
GCGATGAAGATGAAAT,1
GCGATGACGCTCCCTC,1
GCGATGACTAAAATCA,1
GCGATGCCAATAGAAT,1
GCGATGGAATCATATG,1
GCGATGGTCCCTAATA,1
GCGATGTATAATATCG,1
GCGATGTTTCGACACG,1
GCGATTAACGAGTTGG,1
GCGATTAACTCAAGCT,1
GCGATTAAGCCAGACG,1
GCGATTAATCCCATTA,1
GCGATTAATCCCGGAG,1
GCGATTACACCAGACG,1
GCGATTACGCCAGACC,1
GCGATTACTAATCAAA,1
GCGATTATAATTAACC,1
GCGATTATACGAAACT,1
GCGATTCAAGAGTTGG,1
GCGATTCACAAGGATA,1
GCGATTCACAAGTTGG,1
GCGATTCACGACTTGG,1
GCGATTCACGAGTAGG,1
GCGATTCACGAGTTAG,1
GCGATTCACGCATAGG,1
GCGATTCACGCGATGG,1
GCGATTCACGCGTTAC,1
GCGATTCACGCGTTTC,1
GCGATTCACGCTTAGG,1
GCGATTCACTAGTTGG,1
GCGATTCACTCTTTGG,1
GCGATTCACTTGTTGG,1
GCGATTCAGACACCCA,1
GCGATTCAGTCAAGAA,1
GCGATTCGCGCGTTGT,1
GCGATTCGCGCGTTTG,1
GCGATTCTAAGCCATC,1
GCGATTCTCAGATACA,1
GCGATTCTCGCGTTGG,1
GCGATTGAGCAATGGG,1
GCGATTGGCCAGAACC,1
GCGATTTAATGGCCCA,1
GCGATTTACTCGTTGG,1
GCGATTTCCACTGAAC,1
GCGATTTTGTAATTAA,1
GCGCAAACGGTAGACT,1
GCGCAAAGCACCTCCC,1
GCGCAAAGGGTATATA,1
GCGCAACACCCTACCG,1
GCGCAACATATGACCC,1
GCGCAACATGTAACCC,1
GCGCAACCAGATTCAT,1
GCGCAACTGGTGATTC,1
GCGCAAGAAGCACCCA,1
GCGCAAGATGTATCCG,1
GCGCAAGCGGCAATTC,1
GCGCAAGCTACAATTC,1
GCGCAAGTAGCAATTT,1
GCGCAAGTTTTCCGGG,1
GCGCAATCCCATGCCT,1
GCGCAATCTGCAATTC,1
GCGCAATGGAAAAAAT,1
GCGCAATGTATGAGAT,1
GCGCAATTCAAAAAAT,1
GCGCACAACAAGAACC,1
GCGCACAACAAGAACT,1
GCGCACAAGACAAATA,1
GCGCACAGGACAGATA,1
GCGCACATGTAAACCC,1
GCGCACCAACCAAAAC,1
GCGCACCAACCAGAAT,1
GCGCACGAAGCAACCA,1
GCGCACGAGGCACCCA,1
GCGCACTAAGCACCCA,1
GCGCACTATCATCGAG,1
GCGCAGAGCGACACAT,1
GCGCAGAGCGCATATT,1
GCGCAGAGTAAGAAAC,1
GCGCAGAGTACTTAAT,1
GCGCAGATGCAATACA,1
GCGCAGGGGTCTTTTG,1
GCGCAGTAGCTCTGTC,1
GCGCAGTATCTCTATC,1
GCGCAGTATCTCTTTC,1
GCGCATAGTTATCAAA,1
GCGCATATTTAATATG,1
GCGCATCGCCACCAGA,1
GCGCATCGTCACTAGA,1
GCGCATCTTGGTCTCC,1
GCGCATGAGGATATTA,1
GCGCATTAAAAAAAGT,1
GCGCATTAACAAAAAT,1
GCGCATTCAGGTTAGC,1
GCGCATTCGACACACA,1
GCGCATTCTGACGAAC,1
GCGCCAAACAAGAACC,1
GCGCCACTGGTGGTTC,1
GCGCCACTGGTTATTC,1
GCGCCACTTCATGGAA,1
GCGCCAGACATACCAC,1
GCGCCAGACATACTAT,1
GCGCCAGACATGCCAT,1
GCGCCAGAGATACCAT,1
GCGCCATAAAAAAACA,1
GCGCCATAAGCACCAA,1
GCGCCATAAGTAATCG,1
GCGCCATAGGTAATCA,1
GCGCCATGAGTGTATA,1
GCGCCATTAGTAGGGC,1
GCGCCATTATAATCAT,1
GCGCCATTGAAAAAAT,1
GCGCCCACGAATATGA,1
GCGCCCAGACAGAAGG,1
GCGCCCAGAGTTGCCC,1
GCGCCCCGTAGCTAAC,1
GCGCCCGATCTGACAA,1
GCGCCCGCAAAGCAGT,1
GCGCCCTAGCAGTAAC,1
GCGCCCTCTTTCAAAT,1
GCGCCCTGGATCGCAT,1
GCGCCGAAGATCAGAA,1
GCGCCGAATACCAGAA,1
GCGCCGACTTGCATTA,1
GCGCCGAGTAAGTGAT,1
GCGCCGATATCGTCCA,1
GCGCCGATTATTCCAA,1
GCGCCGGGAATCCCCG,1
GCGCCGTACACAGAAT,1
GCGCCGTACACGGAGT,1
GCGCCTAAAGAAAAGT,1
GCGCCTCATTTTATAA,1
GCGCCTGACCATACTT,1
GCGCCTGACTGACCTC,1
GCGCCTTAGTTCACAA,1
GCGCGAAGGCTTTAGA,1
GCGCGAATAACAAACT,1
GCGCGAATCAAAAACT,1
GCGCGAATCACATACT,1
GCGCGACAAACTCTAC,1
GCGCGAGATATACCCA,1
GCGCGAGATCCAAGCT,1
GCGCGAGTCTGCGGAC,1
GCGCGCAACACTTACC,1
GCGCGCATTACCGCGA,1
GCGCGCCAACGAAACG,1
GCGCGCCAACTAAACG,1
GCGCGCCAGCTACGCC,1
GCGCGCCAGCTCCGCA,1
GCGCGCCAGTTCCGCC,1
GCGCGCCATCTCCGCC,1
GCGCGGAAAACTGTCA,1
GCGCGGACCAAAAAAC,1
GCGCGGCATGCTACTT,1
GCGCGGTTTTAACAAC,1
GCGCGGTTTTAACAAT,1
GCGCGTAAGACACCAT,1
GCGCGTACCATGCGAA,1
GCGCGTACCCAGCATG,1
GCGCGTGAAAAACCAT,1
GCGCGTGACACGAGAG,1
GCGCGTGACTTGAAAT,1
GCGCGTGGTTATACCC,1
GCGCTAAACACATTAG,1
GCGCTAAAGATTCAAG,1
GCGCTACAGGGTGGAC,1
GCGCTAGAGGCAACTC,1
GCGCTAGCAACAACCT,1
GCGCTAGGTTTACGCC,1
GCGCTAGTCACTCGCG,1
GCGCTATACGGTACTC,1
GCGCTATAGTGTTATT,1
GCGCTATCGAGTTGGA,1
GCGCTCACCACCCCTG,1
GCGCTCCAAATGAAGA,1
GCGCTCCAGCTCCGCC,1
GCGCTCCGCCCTTATG,1
GCGCTCCTAGTATCGA,1
GCGCTCGACTATATCT,1
GCGCTCTAGCGTGTAA,1
GCGCTCTCGTCCTCCT,1
GCGCTCTGTATTTTAG,1
GCGCTGAACACACTAG,1
GCGCTGAATCACAAGG,1
GCGCTGAGAATCACAC,1
GCGCTGAGTTAAGACC,1
GCGCTGCTACTACGTA,1
GCGCTTCACAGTCGTA,1
GCGCTTCCTAAATTCC,1
GCGCTTCGCAGGCGTA,1
GCGCTTGAATCAAGAT,1
GCGCTTGGAATAGCGT,1
GCGCTTGTTAAGGACT,1
GCGCTTTAAGCAAGAT,1
GCGCTTTCGATTGCGT,1
GCGGAAAAAATCGAAT,1
GCGGAAAAAGCCCTGC,1
GCGGAAAACCTTGAGG,1
GCGGAAAAGGATGGCG,1
GCGGAAAAGTAAAAAT,1
GCGGAAATTAACATTG,1
GCGGAACAAAGGACAG,1
GCGGAACACTTGGGTC,1
GCGGAACGTTCGAGAA,1
GCGGAACTAGCAAACT,1
GCGGAAGCTTGTGGTC,1
GCGGAAGCTTTCATAT,1
GCGGAATATCAAATGT,1
GCGGAATCCCAAAATT,1
GCGGAATCTAAAAGCT,1
GCGGAATGGGGGAATG,1
GCGGAATTCAATGGGC,1
GCGGAATTGAATGGGC,1
GCGGAATTTAATGGTC,1
GCGGACAAAAGTTCAA,1
GCGGACACCAAACTAA,1
GCGGACACCCAACTTT,1
GCGGACAGTCTAATGG,1
GCGGACATCATGTAGC,1
GCGGACATTCCGCATC,1
GCGGACCCGTAATCTC,1
GCGGACCCTCCTTTCA,1
GCGGACCGAATCCAGA,1
GCGGACCTTTCGAGAA,1
GCGGACGCACGGACTA,1
GCGGACTCTGCAAGTT,1
GCGGAGCTACCAAACA,1
GCGGAGGACTGATCGA,1
GCGGAGTAGTTTTCCT,1
GCGGAGTTCACACACA,1
GCGGAGTTTAATGGGC,1
GCGGATAAATAGCCAA,1
GCGGATACAAGCCCTC,1
GCGGATACTCATTGAA,1
GCGGATAGAACAAAAA,1
GCGGATAGAACAAATG,1
GCGGATAGTCGTAAGT,1
GCGGATATATAGATAA,1
GCGGATCGAAATAGCG,1
GCGGATCGGGACCAAC,1
GCGGATCTAAAGGGAA,1
GCGGATTATAGAGAGA,1
GCGGCAAAGAGCACAA,1
GCGGCAAATACATACC,1
GCGGCAAGGGTGACTT,1
GCGGCACTTTCCACTC,1
GCGGCAGCATATTGAC,1
GCGGCATAAAAATCCC,1
GCGGCATATGCACGAT,1
GCGGCATCAGTCTGTA,1
GCGGCATTAGTCTCTG,1
GCGGCATTAGTCTTTT,1
GCGGCCAAAGGAAATA,1
GCGGCCCAAGCCTTAG,1
GCGGCCCCAATCCAGA,1
GCGGCCCGAATCCATA,1
GCGGCCCGAATCGAGA,1
GCGGCCCGAATTCAGA,1
GCGGCCCGACACCCGG,1
GCGGCCCTAATCCAGA,1
GCGGCCGTCACGACCT,1
GCGGCCTCGGAAATGT,1
GCGGCGAAACAAATGA,1
GCGGCGAAACACCTCT,1
GCGGCGAGTCAGTACC,1
GCGGCGATAAAGATGA,1
GCGGCGATAAAGATTC,1
GCGGCGCATCGTCTAA,1
GCGGCGGACAATCTTG,1
GCGGCGGCACCCCTCT,1
GCGGCGTCCCACCCTC,1
GCGGCTAAACAAATGC,1
GCGGCTAATGATAACG,1
GCGGCTACTCATTTAA,1
GCGGCTAGAATATGTC,1
GCGGCTATAATGTCTA,1
GCGGCTGCTAAAGAAT,1
GCGGCTTCATAATACA,1
GCGGGAATAGAGCACT,1
GCGGGAGACTAAAAAC,1
GCGGGAGGAGCAGGAG,1
GCGGGATAAAATTAGG,1
GCGGGATAAGATAGTA,1
GCGGGCAAGTAAAATA,1
GCGGGCACTGAAAAAT,1
GCGGGCAGGGGTGCGC,1
GCGGGCATGCGCGAGG,1
GCGGGCCAGCTCCGCC,1
GCGGGCCTGCGAAAAA,1
GCGGGCCTGCGCGGGG,1
GCGGGCCTGCGTGAGG,1
GCGGGCTCACTAGCCA,1
GCGGGGAAGCAATCCA,1
GCGGGGAAGTATGAAA,1
GCGGGGACACTACGAA,1
GCGGGGATTACAGCTA,1
GCGGGGGCTAAAGCAT,1
GCGGGGGTATTGCAAG,1
GCGGGGTCGGATCTAC,1
GCGGGTAATTAGGGGT,1
GCGGGTCCTATTCAAA,1
GCGGGTTCACAACTCT,1
GCGGGTTGAATTATCG,1
GCGGGTTGCTTAATCT,1
GCGGTAAAAGTTCCAC,1
GCGGTAAAATAATTAA,1
GCGGTAAAATGACGAC,1
GCGGTAAAGTAATTAC,1
GCGGTAACGACGGCCA,1
GCGGTAACTACAATGT,1
GCGGTAACTACACTGC,1
GCGGTAACTTCACTGT,1
GCGGTAAGCACTGTAT,1
GCGGTAAGGAATCACT,1
GCGGTAAGGAATCCCC,1
GCGGTAAGGAATCCTT,1
GCGGTAATGAATCCCT,1
GCGGTAATGTTACGTA,1
GCGGTAATTACACTGT,1
GCGGTACAAGTTTCAC,1
GCGGTACAATTTCCAC,1
GCGGTACATAGAATTT,1
GCGGTACTTTTAACCA,1
GCGGTACTTTTACCCT,1
GCGGTAGTCGAAGAAG,1
GCGGTATACAATAGGA,1
GCGGTATCAGAGAAAT,1
GCGGTATCAGTCCGTA,1
GCGGTATCATAATTAC,1
GCGGTATGAAACTAGC,1
GCGGTATTAGTCTGTA,1
GCGGTCATAATAATAA,1
GCGGTCCCTAAATCCA,1
GCGGTCTTAGGCTGTT,1
GCGGTCTTTGAAATCC,1
GCGGTGAAATTGAACA,1
GCGGTGAACAATCTTG,1
GCGGTGAAGTTGACCA,1
GCGGTGACGGACGCCT,1
GCGGTGAGATTGACCA,1
GCGGTGAGCGACGCCT,1
GCGGTGAGTGTAAGGA,1
GCGGTGATATAAAGGG,1
GCGGTGATGTTACGTA,1
GCGGTGCAGATAATCA,1
GCGGTGGAAAATCTTG,1
GCGGTGGAATTGACCA,1
GCGGTGGACAATATTG,1
GCGGTGGACAATCTTA,1
GCGGTGGAGAATCTTG,1
GCGGTGTACAATCTTG,1
GCGGTGTCAGTCTGTA,1
GCGGTTAACCCAGAAA,1
GCGGTTATACGGTGAT,1
GCGGTTCAATGAGGTC,1
GCGGTTCCTTAGCCTA,1
GCGGTTTAACAAAAAC,1
GCGGTTTAATATCTAT,1
GCGGTTTCCCAATGGA,1
GCGGTTTCTCAATGGC,1
GCGTAAAAAAACTTAC,1
GCGTAAATGTGTTATT,1
GCGTAAATTCCAACAT,1
GCGTAACAATCGGCCA,1
GCGTAACATGTCACCC,1
GCGTAACCAATCTCCA,1
GCGTAACCATATACGG,1
GCGTAAGAACGCCAGC,1
GCGTAAGATTACGACG,1
GCGTACAAGTAATACA,1
GCGTACAAGTAATAGC,1
GCGTACATGTAAACCC,1
GCGTACCAACCCCACA,1
GCGTACGAGCAAGGAA,1
GCGTACGATCAAGGCA,1
GCGTACGATCAAGTAA,1
GCGTACGATCAATGAA,1
GCGTACGATCAGGGAA,1
GCGTACGCTTCCACAC,1
GCGTACGTTTCCACAC,1
GCGTACTATCCTCGAG,1
GCGTACTATGGCTCTG,1
GCGTACTTAATCTCCA,1
GCGTACTTCCAACGTT,1
GCGTAGAAGAAACCCC,1
GCGTAGACCCGACCTG,1
GCGTAGAGAACAGGAG,1
GCGTAGATAGAGGATG,1
GCGTAGATCTAGTTAA,1
GCGTAGATGGAGTATG,1
GCGTAGATGGATGATG,1
GCGTAGATTAAATCTA,1
GCGTAGCACCGACCTG,1
GCGTAGCAGAAATCCT,1
GCGTAGCATTATAAAA,1
GCGTAGCCACGACCTG,1
GCGTAGCGTTTATATT,1
GCGTAGGCCAACACCT,1
GCGTATAAAAGAAAAA,1
GCGTATACTTATTAGG,1
GCGTATAGCAGAAATA,1
GCGTATATCAGAGTAC,1
GCGTATCAACCACACA,1
GCGTATCAGGACGCTA,1
GCGTCAAAAACGAGGG,1
GCGTCAAACGATAAAG,1
GCGTCAAATGACAAAG,1
GCGTCACAATAGGCCA,1
GCGTCACAATCGGTCA,1
GCGTCACAGTCGGCCA,1
GCGTCACCCGAATAAG,1
GCGTCACTAATTGGAA,1
GCGTCACTCCGTGGCT,1
GCGTCACTCGTATGTA,1
GCGTCAGAATTGCAAA,1
GCGTCAGAGAAAAACC,1
GCGTCAGGGACAAACC,1
GCGTCAGTCAGCTCAA,1
GCGTCATGAAATATAT,1
GCGTCATTAAAACTAG,1
GCGTCATTACTAAGCA,1
GCGTCATTGAAATTAG,1
GCGTCCAAGTAATGGT,1
GCGTCCACCTTCAACA,1
GCGTCCATACGAGCGA,1
GCGTCCATGCCATGCC,1
GCGTCCCACCGATACT,1
GCGTCCCTCCAACGTT,1
GCGTCCGCCTACAAGA,1
GCGTCCTACAGTCATA,1
GCGTCCTCTAACACTG,1
GCGTCGAGAACATGAG,1
GCGTCGAGGACAGGAG,1
GCGTCGATAATGGAAA,1
GCGTCGATGTTCTATC,1
GCGTCGCATGATCTCA,1
GCGTCGCTTTTTAAAG,1
GCGTCGGATTTCACAT,1
GCGTCGTCCAAGGCTC,1
GCGTCGTTGACATAGA,1
GCGTCTAGGAGGCTCA,1
GCGTCTATGAGACTCA,1
GCGTCTCAATCGGCCA,1
GCGTCTGATTGACACG,1
GCGTCTTATTGACACA,1
GCGTGAAAAGATAAAG,1
GCGTGAAGCATAAAAT,1
GCGTGAATACTATTAC,1
GCGTGAATATGATTAC,1
GCGTGAATCCTAAAAT,1
GCGTGAATCGGCATGA,1
GCGTGACCGACCGAAA,1
GCGTGACTCCAGTGAA,1
GCGTGACTTCTTAGCG,1
GCGTGAGATTTAACGG,1
GCGTGAGTACGATTAC,1
GCGTGATAGAACAAGA,1
GCGTGATGACATGTAG,1
GCGTGATGACATTTAT,1
GCGTGATTAAAAAAGC,1
GCGTGATTTAAAGAGC,1
GCGTGATTTAGTTCAT,1
GCGTGCAATTAATTTT,1
GCGTGCACAGAACTGC,1
GCGTGCCAACTTTGGG,1
GCGTGCCACTGATGAT,1
GCGTGGAGTTTATATT,1
GCGTGGATAAACATCA,1
GCGTGGATAAATATCG,1
GCGTGGATTGGCATGA,1
GCGTGGCCTTTATATT,1
GCGTGGCGGTTATATT,1
GCGTGGCGTTTATATA,1
GCGTGGCTTTTATATT,1
GCGTGGTAGCTGAGAT,1
GCGTGTAACTGATATT,1
GCGTGTAATAATGTAA,1
GCGTGTACACTAAACA,1
GCGTGTACACTAACAA,1
GCGTGTACCAAGCATG,1
GCGTGTACCCAGCATT,1
GCGTGTATCCAAGCCA,1
GCGTGTCCAATAATAA,1
GCGTGTGAAGTGTTGC,1
GCGTGTGATAATTACC,1
GCGTGTTACCTGGACC,1
GCGTGTTCCGGCTCCC,1
GCGTGTTCTTAAAAGC,1
GCGTGTTGTCCCCAGA,1
GCGTTAAAAAATACTA,1
GCGTTAAAAGCATATG,1
GCGTTAAAATAATTAC,1
GCGTTAAATCGCAAGA,1
GCGTTAAATTTAGAAT,1
GCGTTAAGGAACAGCC,1
GCGTTACAAAGTTCAC,1
GCGTTACAACAAAATA,1
GCGTTACTATGATACC,1
GCGTTAGCTACATCCA,1
GCGTTAGTCAACTCAA,1
GCGTTAGTCAGCCCAA,1
GCGTTAGTCAGCTAAA,1
GCGTTAGTCAGCTCAT,1
GCGTTAGTCATCTCAA,1
GCGTTAGTTAACATAC,1
GCGTTATAGACGGGAG,1
GCGTTATATAAGCTCA,1
GCGTTATTTACGAAGC,1
GCGTTCAAGCGCAAGA,1
GCGTTCACAACTTTCG,1
GCGTTCTAACAAGGGC,1
GCGTTCTACTAAAGTT,1
GCGTTCTAGTAAAGTC,1
GCGTTCTAGTAAATTT,1
GCGTTCTGGCAAGGGC,1
GCGTTGAAATCATCAA,1
GCGTTGATAACGGAAA,1
GCGTTGATAATGGAGA,1
GCGTTGATAGTGGAAA,1
GCGTTGATGATGGAAA,1
GCGTTGCCCGTACCTT,1
GCGTTGGTTAAAGATT,1
GCGTTTAAGCCAAGAC,1
GCGTTTAAGCCAGGGC,1
GCGTTTACCCAGCATG,1
GCGTTTAGTTAAGACC,1
GCGTTTCAAATAACAA,1
GCGTTTCAACCCCACA,1
GCGTTTCACGACGACT,1
GCGTTTCACGCGTTGG,1
GCGTTTCAGAAAGATA,1
GCGTTTCATAAGGTAA,1
GCGTTTCATATTCTCT,1
GCGTTTCCATATAGCC,1
GCGTTTCCGCCTAACG,1
GCGTTTTGTGAAAGGA,1
GCTAAAAAAACCTCGC,1
GCTAAAAAACACGCCG,1
GCTAAAAACCACGCAG,1
GCTAAAAACCACGGCG,1
GCTAAAAACGACAGAA,1
GCTAAAAAGACCTCGC,1
GCTAAAAAGGTAGAAT,1
GCTAAAAAGGTATAGT,1
GCTAAAAAGTCAAACA,1
GCTAAAAATACCTAGC,1
GCTAAAAATTTTCAGA,1
GCTAAAACGCCCGCGA,1
GCTAAAACGTACCGTG,1
GCTAAAACTAACTATA,1
GCTAAAACTATCATCC,1
GCTAAAAGAGGAAGAT,1
GCTAAAAGATAAAAAT,1
GCTAAAAGTAATTGTA,1
GCTAAAAGTCCGCAAG,1
GCTAAAATACATTTAA,1
GCTAAAATACGGGCAG,1
GCTAAAATGAATAAGT,1
GCTAAAATTAATAAGG,1
GCTAAACAGATATAGT,1
GCTAAACCTAAGAGGC,1
GCTAAACGACTAAATA,1
GCTAAACGGACCGCAA,1
GCTAAACTCAACGTTA,1
GCTAAACTGGCTGTAA,1
GCTAAAGAAGCTACAA,1
GCTAAAGCAACAAATA,1
GCTAAAGCGTAGAATG,1
GCTAAAGTAGAATCAA,1
GCTAAAGTATACTCAA,1
GCTAAAGTCATTAAGG,1
GCTAAATAGTAATTTG,1
GCTAAATATCCAGACA,1
GCTAAATCATAAATAC,1
GCTAAATGATCTGTGC,1
GCTAAATGATTTGCGC,1
GCTAAATGATTTGTGA,1
GCTAAATGATTTTTGC,1
GCTAAATTATTGATTG,1
GCTAAATTATTTGTGC,1
GCTAAATTTATAACAG,1
GCTAAATTTTCCTGGT,1
GCTAAATTTTCCTGTA,1
GCTAAATTTTCCTTGA,1
GCTAACAAAGTTACAG,1
GCTAACAAATTTACCG,1
GCTAACAACTGTAATA,1
GCTAACAAGAAAAAAC,1
GCTAACAAGAAAAAAG,1
GCTAACAAGGTTACCG,1
GCTAACACGACAGATC,1
GCTAACAGATAATTCT,1
GCTAACAGGGGAAGAT,1
GCTAACCATAAAAATA,1
GCTAACCATGTGTTAA,1
GCTAACCCAATTGTAA,1
GCTAACCCCCCACGTC,1
GCTAACCCTGCAACCC,1
GCTAACCGGTAATTCT,1
GCTAACGAACCAAAGG,1
GCTAACGGAGTTAAAT,1
GCTAACGGGAGAACTA,1
GCTAACGGGTGACTTT,1
GCTAACGTATTACTAA,1
GCTAACGTTTCACATT,1
GCTAACTAAAAAGTTT,1
GCTAACTAAGGTTGAT,1
GCTAACTAGCTATAAA,1
GCTAACTCGTCTTTAG,1
GCTAACTTACAATTAC,1
GCTAACTTAGTCACAA,1
GCTAACTTAGTTTGAT,1
GCTAACTTTGCACGCA,1
GCTAACTTTTCAAAAT,1
GCTAAGAACTCAAATA,1
GCTAAGACCCTGATAC,1
GCTAAGACTGGCGTAG,1
GCTAAGAGCGTTCATC,1
GCTAAGATACATAGAA,1
GCTAAGATCGAAAAAT,1
GCTAAGATGTTGAACC,1
GCTAAGCAGCACTTAC,1
GCTAAGCATGAGACGC,1
GCTAAGCCCATGAATG,1
GCTAAGCTAAGACATG,1
GCTAAGGACTCATGCG,1
GCTAAGGTAGACTCAA,1
GCTAAGGTTGAAATTT,1
GCTAAGGTTGGGGAGG,1
GCTAAGTACGTGTTCC,1
GCTAAGTATCCTGAAT,1
GCTAAGTCACAATGCA,1
GCTAAGTTAAAAGACA,1
GCTAAGTTAGTTCAAT,1
GCTAAGTTGAAGAACC,1
GCTAAGTTGACTCAAC,1
GCTAAGTTGCATAACC,1
GCTAAGTTTCAGAACC,1
GCTAATAACACACCCT,1
GCTAATAAGACAAGCC,1
GCTAATAATAGCCCCC,1
GCTAATAATTGTCCAT,1
GCTAATACTACTACTA,1
GCTAATAGGCTAGATA,1
GCTAATAGTATAGATA,1
GCTAATATAACTACTA,1
GCTAATATTAATACTA,1
GCTAATATTACTACAA,1
GCTAATATTACTACCA,1
GCTAATGAACTACCAT,1
GCTAATGACCATACGC,1
GCTAATGAGGTACATT,1
GCTAATGATAGAGATG,1
GCTAATGCACTAATAG,1
GCTAATGCCAACACCA,1
GCTAATGGACTACCAG,1
GCTAATGTAACATCGA,1
GCTAATGTAATTTCTA,1
GCTAATGTACTACCAT,1
GCTAATGTGACATCGA,1
GCTAATGTTACACCAT,1
GCTAATGTTACATCGA,1
GCTAATGTTCAGGCGA,1
GCTAATTAAACTAGGG,1
GCTAATTATATGTCCA,1
GCTAATTGACTACCAT,1
GCTAATTGTCGCCCTT,1
GCTAATTTGCAGAACC,1
GCTACAAAAAAATAAA,1
GCTACAAAAACTCAAC,1
GCTACAAGGAAACACT,1
GCTACAAGTCAGCAAG,1
GCTACAAGTCCGTAAG,1
GCTACAATCAATAAAT,1
GCTACACATACTCAAA,1
GCTACACCGGATAGAA,1
GCTACACTGTTTCATT,1
GCTACAGAAAGCATCT,1
GCTACAGCGGTATGGG,1
GCTACAGGATACACGA,1
GCTACATAACATAACG,1
GCTACATAGAAAAAAT,1
GCTACATCAATATAGC,1
GCTACATCAATGGAGC,1
GCTACATCAGTAGAGC,1
GCTACATCATTCATAC,1
GCTACATCGATAGAGC,1
GCTACATGAATAGAGC,1
GCTACCACATGGCCCG,1
GCTACCACTCTCCGTC,1
GCTACCCAAACAGACA,1
GCTACCCAAGCTACGT,1
GCTACCCATAGAGACA,1
GCTACCCCTCACAGCA,1
GCTACCCGTATGACGC,1
GCTACCCTTTGTTACT,1
GCTACCGCTGAATTAC,1
GCTACCGTCGAATTAC,1
GCTACCTACAGTATCC,1
GCTACCTAGCCAGTCC,1
GCTACCTTCAGTATCC,1
GCTACGAATAAAAAAA,1
GCTACGAATAATGACC,1
GCTACGACAGGTACAA,1
GCTACGACAGTATCAG,1
GCTACGACGAGATAAT,1
GCTACGCAAACTCGGG,1
GCTACGCATGTGAGTT,1
GCTACGCCATTACGTG,1
GCTACGCCGGTGAGTT,1
GCTACGCCTGTTAGTT,1
GCTACGCTTGTGAGTT,1
GCTACGGCCTAATTTC,1
GCTACGTGAACAAACA,1
GCTACGTGTAAAAACA,1
GCTACGTGTACAAACG,1
GCTACGTTCACTCAAC,1
GCTACGTTGACTCATC,1
GCTACGTTGATTCAAC,1
GCTACTAAAACTTTCC,1
GCTACTAAATCTAAGA,1
GCTACTACCCGTCTAT,1
GCTACTACCTGTCTAC,1
GCTACTAGCTAAGCGA,1
GCTACTATAATCCAAT,1
GCTACTATCTTAATAT,1
GCTACTATGATGGGTT,1
GCTACTCAAAGACTCC,1
GCTACTCATACACTGA,1
GCTACTCCAATCACTA,1
GCTACTCTAGCAGCTA,1
GCTACTCTTGGCCGAC,1
GCTACTGACGAAAGGA,1
GCTACTGCTCGGAACC,1
GCTACTTAAGGTCTGT,1
GCTACTTATATGTCCG,1
GCTACTTATTTGTCCA,1
GCTACTTTAGCAGTTA,1
GCTAGAAAAATTGATC,1
GCTAGAAATGTATCCA,1
GCTAGAACTCTTATGA,1
GCTAGAAGTTTCAGAC,1
GCTAGAAGTTTCTCAG,1
GCTAGACATAGGACCT,1
GCTAGACATCGACCAT,1
GCTAGACCTACGAAAA,1
GCTAGACCTCTGGCCA,1
GCTAGACCTTATATAG,1
GCTAGACGCTATAATC,1
GCTAGACTCACGAAAA,1
GCTAGACTTAAGAAAA,1
GCTAGAGAAAAAACCT,1
GCTAGAGAGAATTCAA,1
GCTAGAGAGTCTTGTC,1
GCTAGAGTGTATCACT,1
GCTAGATTGATATGTC,1
GCTAGCAAGTAAAGAA,1
GCTAGCACATAACCGC,1
GCTAGCAGCCCGGTAA,1
GCTAGCAGCCTTGTAA,1
GCTAGCAGCGTGGTAA,1
GCTAGCATACCTGCAT,1
GCTAGCATATAACCGA,1
GCTAGCCAGATATCTC,1
GCTAGCCAGATCTCTA,1
GCTAGCCCGTCCACAC,1
GCTAGCCTGTAAAGAA,1
GCTAGCGGATTCATCA,1
GCTAGCGGTCTCATCA,1
GCTAGCGGTTCCATCA,1
GCTAGCGGTTTAATCA,1
GCTAGCGGTTTCATCT,1
GCTAGCGGTTTCATTA,1
GCTAGCTACTCGGTCA,1
GCTAGCTTAGGTTGAT,1
GCTAGCTTGCTTCAAA,1
GCTAGCTTTAAATCCT,1
GCTAGGCAACGAACAA,1
GCTAGGCACCAAACAA,1
GCTAGGCAGCGAACAA,1
GCTAGGCGAAGTTAAT,1
GCTAGGGCACCCTTTG,1
GCTAGGTAACTGCATA,1
GCTAGGTGCCACGTGA,1
GCTAGTAAAATAACAC,1
GCTAGTAACGAGAAAT,1
GCTAGTACCTATCAAA,1
GCTAGTATAATGGGTT,1
GCTAGTATAGTCTCTG,1
GCTAGTCAAGTAACAC,1
GCTAGTCACTTTTTCG,1
GCTAGTCCCGCACACC,1
GCTAGTCCGCGGGAAG,1
GCTAGTCCTAACCGTT,1
GCTAGTCTATGGTTAA,1
GCTAGTCTTTGTTTAA,1
GCTAGTGGACTACCAT,1
GCTAGTTGCTCTGTAT,1
GCTAGTTGTATAATAA,1
GCTAGTTGTGTAATAA,1
GCTAGTTTTCTAATAA,1
GCTATAAAAAACCACT,1
GCTATAAAACCGTATG,1
GCTATAAACCGTGGAG,1
GCTATAAACTGAACTC,1
GCTATAACACCTTATG,1
GCTATAACCATATACG,1
GCTATAACTCATTTAA,1
GCTATAACTGTAAGGT,1
GCTATAACTGTATAAC,1
GCTATAAGATTTTAGA,1
GCTATAAGCCTCCCGA,1
GCTATAAGGAAACATC,1
GCTATAAGTAAACATA,1
GCTATAATATGTAGTC,1
GCTATAATATTAGCTC,1
GCTATACACTGAATGT,1
GCTATACATAGGATGA,1
GCTATACCAAACGTTG,1
GCTATACCGAGATCGC,1
GCTATACTCCATTTTA,1
GCTATAGAACGATAGC,1
GCTATAGCGCCACCTG,1
GCTATATAACGGTAGC,1
GCTATATAGACATCAT,1
GCTATATGATCACCCT,1
GCTATATGCCAGCAAT,1
GCTATCAAAACTATAC,1
GCTATCAACAACATCT,1
GCTATCACAAAGTATC,1
GCTATCAGATAGTTGT,1
GCTATCATATGTTAAA,1
GCTATCATGTGTAGTA,1
GCTATCCACAAAATCC,1
GCTATCCAGACTTCAA,1
GCTATCCAGAGGATGA,1
GCTATCCATAGGATTA,1
GCTATCCATATGATGA,1
GCTATCCATGGGATGA,1
GCTATCCCCAGACACA,1
GCTATCCGCTTGTATA,1
GCTATCCTTGGGCAGC,1
GCTATCGAGTAAACCT,1
GCTATGAAGAAAGACC,1
GCTATGAGATGCAGCA,1
GCTATGCAATATTGAG,1
GCTATGCACAAAGTAT,1
GCTATGCACAAATTAG,1
GCTATGGACAAAGTAG,1
GCTATGGGTACTTGCT,1
GCTATGTAATTAAAGG,1
GCTATGTAATTAACGT,1
GCTATGTACAAAGTAG,1
GCTATGTCTTGATTCT,1
GCTATTAACCCAATAA,1
GCTATTAAGAATCCAT,1
GCTATTAATCACGGAG,1
GCTATTAATGACTGGG,1
GCTATTATTAATCAAA,1
GCTATTCAGGCGTTGG,1
GCTATTCATAGGATGA,1
GCTATTCCAAACCACT,1
GCTATTCGAAAGATAG,1
GCTATTCTTCAAAATG,1
GCTATTCTTCCGAATG,1
GCTATTCTTCGAAATG,1
GCTATTGCAAGGAACC,1
GCTATTGCACGTAACC,1
GCTATTGCGCTAACTT,1
GCTATTGGAATACCCT,1
GCTATTGTACGGAACC,1
GCTATTTAACCGCAAT,1
GCTATTTAATTAACGG,1
GCTATTTAGCCGGAAT,1
GCTATTTCAACCTCCA,1
GCTATTTCACGGAACC,1
GCTATTTGTCTAATAA,1
GCTCAAAAAGTTGTTT,1
GCTCAAAAGACCACCA,1
GCTCAAAAGCAGACAA,1
GCTCAAACAGGCAAAG,1
GCTCAAACCATGAACG,1
GCTCAAACCCTTACTA,1
GCTCAAACGACCAACA,1
GCTCAAAGCTAAAACA,1
GCTCAAATAAAAAGAC,1
GCTCAAATAAATCATC,1
GCTCAAATAACAAGAG,1
GCTCAAATAACAGGAC,1
GCTCAAATAACGAGAC,1
GCTCAAATCATTTAAT,1
GCTCAACAAACAAACA,1
GCTCAACAAAGTATTG,1
GCTCAACATTGGGAAG,1
GCTCAACCAATTTCAT,1
GCTCAACCCATAAACG,1
GCTCAACCCATAATCA,1
GCTCAACCCATGAACC,1
GCTCAACCCATGAATG,1
GCTCAACCCATGCACC,1
GCTCAACCCCAAGGCC,1
GCTCAACCCCTGTTCA,1
GCTCAACGGCGTAACC,1
GCTCAACGTATAAGAG,1
GCTCAACTCATGAACG,1
GCTCAAGACACTGGAA,1
GCTCAAGCAGATAATA,1
GCTCAAGTGTTTGGGA,1
GCTCAATAAAGTTTTT,1
GCTCAATAAATAGAGA,1
GCTCAATACAAGTCGG,1
GCTCAATCAGCATATT,1
GCTCAATCGCCAAATT,1
GCTCAATTAGCCTTCA,1
GCTCAATTGATAACAG,1
GCTCACAAAAACAAGG,1
GCTCACAAAAAGTAGG,1
GCTCACAAACAGCAGG,1
GCTCACAAACAGTATG,1
GCTCACAAACGGTAGG,1
GCTCACACACACCACT,1
GCTCACACATGGGAAT,1
GCTCACACATGGTAAG,1
GCTCACATCGCGACAT,1
GCTCACCACTGAGACG,1
GCTCACCCCCTGCTGC,1
GCTCACCGCCACTAGA,1
GCTCACGAAATCTTCA,1
GCTCACGTCTTTCCAT,1
GCTCACTATCCTCGAG,1
GCTCACTCCCCGCTGC,1
GCTCACTCCTTGCTGC,1
GCTCACTGGCCTTTGT,1
GCTCACTTTGCACGCA,1
GCTCAGAGACCCCTAA,1
GCTCAGATTATTTTGA,1
GCTCAGCCCATGAACG,1
GCTCAGCGCCTACTCC,1
GCTCAGCTCAAGGAAC,1
GCTCAGGCATCGTGCT,1
GCTCAGGGTTACGGGC,1
GCTCAGTACATGATTA,1
GCTCAGTATCTCTGTC,1
GCTCAGTCCTGCAGAA,1
GCTCATACAGTCGCGA,1
GCTCATATTACGTAAC,1
GCTCATCCCTAAACAG,1
GCTCATCGTCACCAGA,1
GCTCATGAGGGGGGCC,1
GCTCATTAAACAACGA,1
GCTCATTAAACAACGT,1
GCTCATTAGAAAAACT,1
GCTCATTGTCTCAACA,1
GCTCCAAAAGGTAGTT,1
GCTCCAAAATAACGTC,1
GCTCCAAACAAGAACG,1
GCTCCAAACACACTTT,1
GCTCCAACACGAGATA,1
GCTCCAACATTACACC,1
GCTCCAACATTACCCT,1
GCTCCAACATTATCCC,1
GCTCCAACGTATTCAG,1
GCTCCAAGCACCTTAT,1
GCTCCAATCAATAAGT,1
GCTCCAATGAATAAAT,1
GCTCCACAGATGAGAC,1
GCTCCACCAGGATCGT,1
GCTCCACTGGTGATTC,1
GCTCCATACGGCACCA,1
GCTCCATATGAATGCA,1
GCTCCATCATACCATC,1
GCTCCATCATCATAAT,1
GCTCCATCGAGTTGGA,1
GCTCCATCGTACCGTC,1
GCTCCATCGTACGATC,1
GCTCCATCGTACTATC,1
GCTCCATCTAAGAAAT,1
GCTCCATCTTACCATC,1
GCTCCATGAGTGAAAA,1
GCTCCATTGTACCATC,1
GCTCCCAAACTGTACC,1
GCTCCCAAAGGTAGCT,1
GCTCCCAAAGGTAGTA,1
GCTCCCAAAGGTAGTC,1
GCTCCCAACACGCAGA,1
GCTCCCACAATTCCAA,1
GCTCCCATAAAGCAAC,1
GCTCCCATAGGTAGTT,1
GCTCCCCAACGTATAT,1
GCTCCCCACTAGGTAA,1
GCTCCCCGACCAGTCT,1
GCTCCCCGCAAAATGA,1
GCTCCCCTGTACAAAC,1
GCTCCCCTTCAATCAG,1
GCTCCCGAGAATCTTC,1
GCTCCCTCAGGAACTC,1
GCTCCCTTACAAATCA,1
GCTCCGAAATCCCTCC,1
GCTCCGACCGAATTTT,1
GCTCCGCAAAGACTAT,1
GCTCCGCCAGGATAGT,1
GCTCCGGAAGAAGTCC,1
GCTCCGGACCCAATTA,1
GCTCCGGCCTTGGAAC,1
GCTCCTAACCCAGCAT,1
GCTCCTAATCCAGCAC,1
GCTCCTAATCCGGAAT,1
GCTCCTAATCCGGCAT,1
GCTCCTAGACGAGGGG,1
GCTCCTATTAAAAGTT,1
GCTCCTCAACGGATAT,1
GCTCCTCATACACTGA,1
GCTCCTCCAGGATCGT,1
GCTCCTCTATTAGTTG,1
GCTCCTCTGAAAAGTT,1
GCTCCTCTTGGTCTCC,1
GCTCCTGAGAATTTCA,1
GCTCCTTAAACACGAG,1
GCTCCTTAAAGCGCAT,1
GCTCCTTACACATGAG,1
GCTCCTTACTAGGCCT,1
GCTCCTTAGCTAACCA,1
GCTCCTTATACACGAG,1
GCTCCTTGAACGACAT,1
GCTCCTTTAACGAGAT,1
GCTCGAAACCCGCAAC,1
GCTCGAAATGACCATC,1
GCTCGAACCAAGCTGT,1
GCTCGAAGCATATCCG,1
GCTCGAATCACAAACT,1
GCTCGAATGTCCTACC,1
GCTCGACCCATGAACG,1
GCTCGAGATCGAACCA,1
GCTCGAGCAAAGAATG,1
GCTCGAGGATACTAAT,1
GCTCGAGTAAAGAATT,1
GCTCGAGTCTGCATAA,1
GCTCGAGTGCATCACT,1
GCTCGAGTGGATCGAC,1
GCTCGAGTGTATAACT,1
GCTCGAGTGTCTCACT,1
GCTCGATAAAATTACA,1
GCTCGATTGTAGAAAT,1
GCTCGCAAAGGTAGTT,1
GCTCGCAATGACTATC,1
GCTCGCATAATTTATG,1
GCTCGCATACCTACAT,1
GCTCGCATTATTTACG,1
GCTCGCTAGACCAATG,1
GCTCGGAGCACGAACA,1
GCTCGGCACACACAGC,1
GCTCGGCCAGGTGGAC,1
GCTCGGTTGTAGAAGT,1
GCTCGTAAAATCACTA,1
GCTCGTACACACAAAA,1
GCTCGTCAAGAACGGC,1
GCTCGTTAATCTGAAC,1
GCTCTAAAGGTATCCA,1
GCTCTAACAAACCTCT,1
GCTCTAAGATACAATC,1
GCTCTAAGATATAATA,1
GCTCTAAGGCGTAACC,1
GCTCTAATATAAGCTC,1
GCTCTAATATTAGATC,1
GCTCTAATATTAGCTG,1
GCTCTAATATTGGCTC,1
GCTCTAATCAGGGAGA,1
GCTCTACATATACCCA,1
GCTCTACGGATACCCA,1
GCTCTACGGCTTAACC,1
GCTCTACGTATACACA,1
GCTCTACGTATATCCA,1
GCTCTACGTATGCCCA,1
GCTCTACTAAAATAGA,1
GCTCTAGAGTGGAGCC,1
GCTCTAGCCCCGTAAC,1
GCTCTAGCGACGTAAC,1
GCTCTAGCGCCATAAC,1
GCTCTAGCGCCGTAAA,1
GCTCTAGCGCCTTAAC,1
GCTCTAGGATATAATC,1
GCTCTAGGGCCGTAAC,1
GCTCTAGTCACTCGCG,1
GCTCTAGTCCGAATGA,1
GCTCTATCAAGTTGGA,1
GCTCTATCGCCGTAAC,1
GCTCTATCGTACCATC,1
GCTCTATTATCACCCT,1
GCTCTATTATTAATAC,1
GCTCTATTCTCAATAC,1
GCTCTATTCTTAATAA,1
GCTCTCAAACATTGAA,1
GCTCTCAAACTAGAAA,1
GCTCTCAAGTGGCCTA,1
GCTCTCACAATTCAAA,1
GCTCTCAGATACACTG,1
GCTCTCAGGCCTCTGC,1
GCTCTCATGAGTTACC,1
GCTCTCCCAGGAACGC,1
GCTCTCCTAGGGCAGC,1
GCTCTCCTCTCTTCAT,1
GCTCTCCTTGGTCAGC,1
GCTCTCGAATATATCT,1
GCTCTCGACTATATAT,1
GCTCTCGTAACGCCAT,1
GCTCTCTGGTAAAGCG,1
GCTCTGAGCAATCATC,1
GCTCTGAGCAATCTTC,1
GCTCTGAGCGATCGTC,1
GCTCTGATCAATCGTC,1
GCTCTGATGTAAAAAA,1
GCTCTGATTATGTCGG,1
GCTCTGCGCAGGAAGC,1
GCTCTGCGCCGGAGGC,1
GCTCTGCGGCCCTAAA,1
GCTCTGCTCCGGAAGC,1
GCTCTGGACAGAATTC,1
GCTCTGGACAGCCAAC,1
GCTCTGGCGCCGTAAC,1
GCTCTGGTAACTTCCG,1
GCTCTGTGAGATTCAT,1
GCTCTTAAAGAAAAGT,1
GCTCTTAAAGTAACAG,1
GCTCTTATTAGGTCGG,1
GCTCTTCAAGTAACAT,1
GCTCTTCTACGGGTCG,1
GCTCTTCTCTCTTCAT,1
GCTCTTGAAAGACTCA,1
GCTCTTGAAGTAACAG,1
GCTCTTGCGATATGAA,1
GCTCTTGCGCCGTAAC,1
GCTCTTTAATTGCCAA,1
GCTCTTTGAACTTTGA,1
GCTGAAAAAATCAATT,1
GCTGAAAAGACCGAGA,1
GCTGAAACACGAGATA,1
GCTGAAACCACCAGAA,1
GCTGAAACTTCGGCGA,1
GCTGAAAGACAAGAAT,1
GCTGAAAGATAAAAAG,1
GCTGAAAGATAAGAAC,1
GCTGAAAGATAGGAAT,1
GCTGAAAGATGAGAAT,1
GCTGAAAGGTAAAAAT,1
GCTGAAAGTAACTGTA,1
GCTGAAATACCTGTAT,1
GCTGAAATATAAGAAT,1
GCTGAAATCAGTCACC,1
GCTGAAATTACTCACC,1
GCTGAAATTTATTAAA,1
GCTGAACACTAATAAA,1
GCTGAACCGAGGTTTG,1
GCTGAACCTCCAGTCA,1
GCTGAAGCCCCAGCCT,1
GCTGAAGGATAAGAAT,1
GCTGAAGTGACCACTT,1
GCTGAATGTTATTAAA,1
GCTGAATTCAGTGACG,1
GCTGAATTTAATGGGC,1
GCTGACAAACAGTAGG,1
GCTGACAACAACGCAT,1
GCTGACAATAAAAGAG,1
GCTGACCCGATCCTTG,1
GCTGACCGATAATTCT,1
GCTGACCTACGACCTG,1
GCTGACCTGACAATCA,1
GCTGACGGATAACATA,1
GCTGACTTTTAATAGT,1
GCTGAGCAGGCAACCT,1
GCTGAGCCTAACAAAG,1
GCTGAGCTAAAATAAT,1
GCTGAGCTGAACTAAT,1
GCTGAGCTTGAAAACC,1
GCTGAGGAGAGCACTA,1
GCTGAGGGAGCATACG,1
GCTGAGGTTGCGAATA,1
GCTGAGTCGAAGAAGA,1
GCTGAGTCGCAGGAGA,1
GCTGAGTCTGTTAGAA,1
GCTGAGTGAATATGAA,1
GCTGATAAATACAGCT,1
GCTGATAACAACTCAC,1
GCTGATAGAACAAATA,1
GCTGATAGATCTGAAG,1
GCTGATATGAACGTAA,1
GCTGATATGAATCTAA,1
GCTGATATGGATGTAA,1
GCTGATCGGGGCCGAC,1
GCTGATCTACCACATG,1
GCTGATCTGCACCCAC,1
GCTGATCTGTATCCAC,1
GCTGATCTTCACCACC,1
GCTGATGAGGTAATTC,1
GCTGATTAGAGAGAGA,1
GCTGATTATATTTCCA,1
GCTGATTCTACTTCCA,1
GCTGATTCTAGTTCCA,1
GCTGCAAAAAAAAACA,1
GCTGCAAAATGAACCG,1
GCTGCAAACTTATACT,1
GCTGCAACCTGAATAA,1
GCTGCAAGAATACGTA,1
GCTGCAAGTCCGCAAG,1
GCTGCAATTAAAAAAT,1
GCTGCACAAAAGGTGA,1
GCTGCACAAATATAAC,1
GCTGCACCTCACAGCA,1
GCTGCACGGTTAAGAA,1
GCTGCACTTGCGACAA,1
GCTGCAGAAAATAAGA,1
GCTGCAGAAGTAGCGC,1
GCTGCAGTCTTTAGGT,1
GCTGCATTAGTCTTTG,1
GCTGCCAAAGGTAGTT,1
GCTGCCAAAGTAATAT,1
GCTGCCAAAGTATGTC,1
GCTGCCACAAAACTGA,1
GCTGCCACGAAAAATT,1
GCTGCCACTCACAGCA,1
GCTGCCAGAAGTAGTG,1
GCTGCCATTAACCATT,1
GCTGCCCCCCACAGCA,1
GCTGCCCCTCAAAGCA,1
GCTGCCCCTCACAGAA,1
GCTGCCCGAATCCAGA,1
GCTGCCCTACGGCCTG,1
GCTGCCCTATGACCTG,1
GCTGCCGCAAAACTGC,1
GCTGCCTGTTATAAAA,1
GCTGCCTTGAATTGTT,1
GCTGCGAAACAAATGC,1
GCTGCGAATCAACTAA,1
GCTGCGCATCGTCTAA,1
GCTGCGTAGAAATAAC,1
GCTGCTAATCCAGCAT,1
GCTGCTAATTGAAAAT,1
GCTGCTACAGAACTAA,1
GCTGCTATAATGCCTA,1
GCTGCTCCGATGCCGC,1
GCTGCTCCTCACAGCA,1
GCTGCTCTAAGACATA,1
GCTGCTGAGTGCCACA,1
GCTGGAAACCACGACA,1
GCTGGAAGATAAGAAT,1
GCTGGAAGGCGATCTA,1
GCTGGAAGGGGTTCTA,1
GCTGGAAGGGTATCTA,1
GCTGGAATCAATGTCT,1
GCTGGAATGAAAAAAT,1
GCTGGACAAAGGACCT,1
GCTGGACACAGGACCT,1
GCTGGACATAGACCAT,1
GCTGGACATAGGAACT,1
GCTGGACATAGGACCA,1
GCTGGACATAGGATCT,1
GCTGGACATCGAACAT,1
GCTGGACATCGACAAT,1
GCTGGACATCGACTAT,1
GCTGGACATCGATCAT,1
GCTGGACATCTACCAT,1
GCTGGACATTGACCAT,1
GCTGGACTTACGAAAA,1
GCTGGAGGAGAAGGAG,1
GCTGGAGGGGCAGGAG,1
GCTGGATAAGTGAGTC,1
GCTGGATAATAAAACG,1
GCTGGATAATAACACA,1
GCTGGATAATTGTTTA,1
GCTGGATAGTAACACG,1
GCTGGATATCGACCAT,1
GCTGGATCGACTATGT,1
GCTGGATTCAAAGTCT,1
GCTGGATTCAATGCCT,1
GCTGGATTCAATGTGA,1
GCTGGATTCAATTTCT,1
GCTGGATTCAGTGTCT,1
GCTGGCAAGACGAAGA,1
GCTGGCAATGTAATTG,1
GCTGGCACAAAACTGC,1
GCTGGCACTGAGAGTT,1
GCTGGCATGCGGAATT,1
GCTGGCCAGGTAATTG,1
GCTGGCCATGTAATTT,1
GCTGGCCGTGTAATTG,1
GCTGGCCTGCGCGAGG,1
GCTGGCGAAGCTGAAT,1
GCTGGCTCACGATATT,1
GCTGGGAAGTTGACGG,1
GCTGGGATGTCCTTGT,1
GCTGGGCATAGGACCT,1
GCTGGGCATGTAATTG,1
GCTGGGCCGCGTGCTA,1
GCTGGGCGACCGTCTA,1
GCTGGGGGCAAAAAAA,1
GCTGGGTTACGATTCC,1
GCTGGGTTATGATCCC,1
GCTGGGTTATGATTAC,1
GCTGGTATAACGCATA,1
GCTGGTCATGCTGTTA,1
GCTGGTCTTGTTATAG,1
GCTGGTGAGTTATACA,1
GCTGGTTGCCTAATCT,1
GCTGGTTTTATACGGA,1
GCTGGTTTTGTGGACA,1
GCTGTAAAGCATTCTG,1
GCTGTAATAACGACAT,1
GCTGTAATCGAAGAAG,1
GCTGTACAAAAATTGC,1
GCTGTACATAGGACCT,1
GCTGTACATCGACCAT,1
GCTGTACCAAAACTGC,1
GCTGTACCAAAATTGA,1
GCTGTACCAAGATTGC,1
GCTGTACGAAAATTGC,1
GCTGTACTCAATCCCT,1
GCTGTAGAATTAGGGT,1
GCTGTAGCGACCTCCT,1
GCTGTATAACGACACA,1
GCTGTATAGCAACACA,1
GCTGTATAGGAAGTGT,1
GCTGTATTCAATGTCT,1
GCTGTCATATGTTAGA,1
GCTGTCCTGCCGAAAG,1
GCTGTCGATCGAAAAC,1
GCTGTCGTAGGAGAGA,1
GCTGTCGTGGGGGGAA,1
GCTGTCTCATCATACC,1
GCTGTCTGAAATATTA,1
GCTGTCTTGCCAAACA,1
GCTGTCTTGTCATACC,1
GCTGTGACCGATTTCC,1
GCTGTGATATGTTAAA,1
GCTGTGCCCTGGTACA,1
GCTGTGGACAATCTTG,1
GCTGTGTATAATTGCT,1
GCTGTGTATACTTACT,1
GCTGTGTTATGATTCC,1
GCTGTTAACCCAGAAA,1
GCTGTTAAGTCGTACC,1
GCTGTTACCACAGAGA,1
GCTGTTACCACCTAGA,1
GCTGTTATATGTTAAA,1
GCTGTTCTTTTCAGAG,1
GCTTAAAAAACAAACA,1
GCTTAAAAGACCCAGA,1
GCTTAAAAGTGGAGCA,1
GCTTAAACAACTTAAT,1
GCTTAAACCTATTATT,1
GCTTAAACGACCACCA,1
GCTTAAACGTATGCAT,1
GCTTAAACGTCTGGAT,1
GCTTAAAGACCTTCTA,1
GCTTAAAGATTCGGTT,1
GCTTAAAGCCATTCTA,1
GCTTAAAGCTCTTCTA,1
GCTTAAAGGCCTTCTA,1
GCTTAAATCATTAAGG,1
GCTTAACAAACAAACT,1
GCTTAACAAACAATTA,1
GCTTAACAATCAAACA,1
GCTTAACCCGCTGGTT,1
GCTTAACTGACATAAC,1
GCTTAAGAATGCCAAT,1
GCTTAAGCTCGGATCA,1
GCTTAAGTCATTGAGG,1
GCTTAAGTCATTTAGG,1
GCTTAAGTCGTTAAGG,1
GCTTAAGTGATTAAGG,1
GCTTAAGTTAGATCCC,1
GCTTAATAAAACAAAA,1
GCTTAATACACTTTCA,1
GCTTAATACGCCCCAA,1
GCTTAATACGCCGTAA,1
GCTTAATATGCCGCAA,1
GCTTAATATGTTGCTT,1
GCTTAATCTAAAAGCT,1
GCTTAATCTAACTACC,1
GCTTAATGACGAAAAA,1
GCTTAATTAACATTCA,1
GCTTAATTAACCTCCA,1
GCTTAATTAACCTTCG,1
GCTTAATTAACTTTCA,1
GCTTAATTAATTGACA,1
GCTTAATTATCACTTG,1
GCTTAATTTTACAGAC,1
GCTTACAAATAGAAAA,1
GCTTACAACATCAAGA,1
GCTTACAACATCGCGA,1
GCTTACAGGCTTACCA,1
GCTTACAGTTTATATT,1
GCTTACAGTTTATGTC,1
GCTTACAGTTTATTTT,1
GCTTACCAACGACTCG,1
GCTTACCCAACTTGCG,1
GCTTACCCGCAGACCC,1
GCTTACCGCCTTACCA,1
GCTTACCGGATTACCA,1
GCTTACCGGGTTACCA,1
GCTTACCGTCTTACCA,1
GCTTACGTCTTGCCAT,1
GCTTACGTTTATGTAA,1
GCTTACTAATGACAGA,1
GCTTACTAGCAGTAAT,1
GCTTACTCCCTGCTGC,1
GCTTACTTAGCACGCA,1
GCTTACTTTGAACGCA,1
GCTTACTTTGCACACA,1
GCTTACTTTGCACCCA,1
GCTTACTTTGCACGAA,1
GCTTACTTTGCACGCC,1
GCTTACTTTGCACGTA,1
GCTTACTTTGCAGGCA,1
GCTTACTTTGCGCGCA,1
GCTTAGAGACGCCTAG,1
GCTTAGAGCGACAGAG,1
GCTTAGAGCGACCTAG,1
GCTTAGAGCGACTGAG,1
GCTTAGATGGAGGATG,1
GCTTAGATGGTATTCC,1
GCTTAGCTTAAATCTT,1
GCTTAGGACAAACAGA,1
GCTTAGGCAGATAATA,1
GCTTAGGGATACGCCC,1
GCTTAGGGGCCGGTTA,1
GCTTAGGGGCCGTTGA,1
GCTTAGGGGCCTGTGA,1
GCTTAGGGTCCGGTGA,1
GCTTAGGTGCCGGTGA,1
GCTTAGTCCAGAGAAT,1
GCTTATCAATTTATCA,1
GCTTATCATCCTGCAG,1
GCTTATCGATGAAAAA,1
GCTTATCTGTACCCAC,1
GCTTATCTTTATAAAA,1
GCTTATCTTTTATACT,1
GCTTATGAAAACTCAC,1
GCTTATGAGTTTGTCC,1
GCTTATGGAACAACCC,1
GCTTATGTCACATCGA,1
GCTTATGTTGCCAAGG,1
GCTTATTAAACAACGC,1
GCTTATTAAGAACACA,1
GCTTATTACATTAACA,1
GCTTATTACCGATCAG,1
GCTTATTCCCCCTGAT,1
GCTTATTCGACCAAGC,1
GCTTATTGTCTTAACA,1
GCTTCAAACATGTGAG,1
GCTTCAACTTACAGTG,1
GCTTCAACTTACGTTT,1
GCTTCAACTTCCGTCT,1
GCTTCAAGAAAACACT,1
GCTTCAATAGAACATC,1
GCTTCACAATCGGCCA,1
GCTTCACATACACTGA,1
GCTTCACATCCATTGT,1
GCTTCACCTTCGTCTA,1
GCTTCACTCCGTAGCT,1
GCTTCAGAAAACCTGG,1
GCTTCAGAATGACAAT,1
GCTTCAGAATGCAAAT,1
GCTTCAGAATGCCGAT,1
GCTTCAGTTTTCATTC,1
GCTTCATAATGACAGA,1
GCTTCATAATGCCAAT,1
GCTTCATACATCTGCC,1
GCTTCATGCGTCGTTA,1
GCTTCCACACGCCATT,1
GCTTCCATAAAGCAAA,1
GCTTCCATAAAGCAAG,1
GCTTCCATAAAGCAGC,1
GCTTCCATAAGGCAAC,1
GCTTCCCATACACTGA,1
GCTTCCCCCAGTAAAG,1
GCTTCCCCCAGTGAAG,1
GCTTCCCCTCACAGCA,1
GCTTCCCCTGAGACAT,1
GCTTCCCTACGACCTG,1
GCTTCCCTTCAAGCAG,1
GCTTCCTAATGACAGG,1
GCTTCCTGTTATTAAA,1
GCTTCGAACCTTTTCA,1
GCTTCGAATATCCACT,1
GCTTCGCGAACACGCA,1
GCTTCGCGGTATATCG,1
GCTTCGTAGATAAGGG,1
GCTTCGTGGAATTCAT,1
GCTTCGTGTGTAAAGA,1
GCTTCGTTGTGATAAC,1
GCTTCTAATCCAGCAT,1
GCTTCTAGATGTTCGT,1
GCTTCTATACATTTTT,1
GCTTCTCAAACACTGA,1
GCTTCTCACACACTGA,1
GCTTCTCATACACCGA,1
GCTTCTCATACACTTA,1
GCTTCTCATACATCGA,1
GCTTCTCGTACACTGA,1
GCTTCTGACATAAGTT,1
GCTTCTTAACGCAAAG,1
GCTTCTTATAGATCAA,1
GCTTGACATAGGACCT,1
GCTTGACATCCCCTAG,1
GCTTGACATCGACCAT,1
GCTTGACCAGCCATTA,1
GCTTGACCTGATAGTA,1
GCTTGACCTGTCATTA,1
GCTTGACTCAAGGATT,1
GCTTGACTCTATGATT,1
GCTTGAGAGAATTAAA,1
GCTTGAGTCATTAAGG,1
GCTTGATAGAACATAA,1
GCTTGATATAACAAGA,1
GCTTGATATGGTGCTT,1
GCTTGATCCTGGTAAA,1
GCTTGATTAGGGGCAA,1
GCTTGCCAGATCTCTC,1
GCTTGCCAGTCAAAAT,1
GCTTGCCATGTAATTG,1
GCTTGCCCCTTTATTG,1
GCTTGGAAATGCCCAG,1
GCTTGGAAGTTGAAGG,1
GCTTGGAGTCTAATGC,1
GCTTGGCGTTTATATT,1
GCTTGGTAGAACAAGA,1
GCTTGGTTTGCGACTG,1
GCTTGTAACAAAATGA,1
GCTTGTAAGAACATGA,1
GCTTGTCAGTATGCGT,1
GCTTGTCGGTCTCTAA,1
GCTTGTTACTGTCAAA,1
GCTTGTTGGTAACAAA,1
GCTTTAAACCATCGAT,1
GCTTTAACACACCTCT,1
GCTTTAACACCCCCGA,1
GCTTTAAGATATAATC,1
GCTTTACAAACAAACA,1
GCTTTACCCTGCACAA,1
GCTTTACGAATCACGA,1
GCTTTAGACTAGTAAG,1
GCTTTAGGCATAAAAA,1
GCTTTAGTCAGCTCAA,1
GCTTTATAACTAACCG,1
GCTTTATATAGGAATA,1
GCTTTCAAAATTTTGC,1
GCTTTCACATAATACG,1
GCTTTCACGGATAATT,1
GCTTTCCTCAGGCCAT,1
GCTTTCGCCTAATACG,1
GCTTTCTAACTAAACG,1
GCTTTCTAACTAACAG,1
GCTTTCTAACTAATCG,1
GCTTTCTATATGCCAA,1
GCTTTCTTATCATACC,1
GCTTTGAACCTACCCC,1
GCTTTGACCCTACCCT,1
GCTTTGCCCACTAAGT,1
GCTTTGTAGAAATAAC,1
GCTTTGTAGAATGGCA,1
GCTTTTAACAACATGA,1
GCTTTTACAGGCATTA,1
GCTTTTATACGTTGGT,1
GCTTTTCCTGGAAAAA,1
GCTTTTGGAACTCAAG,1
GCTTTTGTCAATCTAG,1
GCTTTTTAACTAACCG,1
GCTTTTTCACACGCGT,1
GGAAAAAAAACACGAG,1
GGAAAAAAACAGGGGT,1
GGAAAAAAACCGGGCT,1
GGAAAAAACAAGTCCC,1
GGAAAAAACAATAAAC,1
GGAAAAAACAATGAAA,1
GGAAAAAACCATAAAA,1
GGAAAAAACCCTTCCA,1
GGAAAAAAGAATGAAC,1
GGAAAAAAGGCGCTTA,1
GGAAAAAATCCTCTTG,1
GGAAAAACAACCACCG,1
GGAAAAACAGTGCATA,1
GGAAAAACCAAGAGTC,1
GGAAAAACCCAGATTC,1
GGAAAAACCCGCGTAA,1
GGAAAAACCCTCATAA,1
GGAAAAACCTGAAGCC,1
GGAAAAACGACCTCCG,1
GGAAAAACTATTGTAA,1
GGAAAAAGTCCGTACG,1
GGAAAAAGTCTACTAC,1
GGAAAAATAATTCGCC,1
GGAAAAATCGCAAGGT,1
GGAAAAATGATCTTCA,1
GGAAAAATGATTCGCC,1
GGAAAAATTAACACAA,1
GGAAAAATTCACACGA,1
GGAAAACAACAACGCA,1
GGAAAACAAGTACCTG,1
GGAAAACACTTACACG,1
GGAAAACAGAAAAATT,1
GGAAAACAGCTTGAGG,1
GGAAAACAGGCACTAT,1
GGAAAACATACATACC,1
GGAAAACCTAATAATA,1
GGAAAACGAATGTAAA,1
GGAAAACGGAGGGAGT,1
GGAAAACGGTCAAACC,1
GGAAAACTAAATGACA,1
GGAAAACTACACGTGT,1
GGAAAACTTGATCTGG,1
GGAAAACTTTCAAGCC,1
GGAAAAGAACGTGATC,1
GGAAAAGAGAACACAA,1
GGAAAAGCCACCGTTG,1
GGAAAAGCCCATAGAG,1
GGAAAAGCCGCCATTG,1
GGAAAAGCTGAAACAT,1
GGAAAAGGGCCAAGGG,1
GGAAAAGTAAGTTGAT,1
GGAAAAGTAATGTGAT,1
GGAAAAGTGATAAAAG,1
GGAAAATACATTTCCC,1
GGAAAATCACTACCGC,1
GGAAAATCACTCGTGG,1
GGAAAATCAGAATAAA,1
GGAAAATCAGACATTC,1
GGAAAATCATAGCGAT,1
GGAAAATCCACCATTG,1
GGAAAATCTAGATAAC,1
GGAAAATCTATATAAT,1
GGAAAATGACAGTCAA,1
GGAAAATGCAAACTGC,1
GGAAAATGCAATGGAT,1
GGAAAATGGCATCTAG,1
GGAAAATGGGACCGTA,1
GGAAAATGTGCAAGCT,1
GGAAAATGTTATAGGC,1
GGAAAATTAAACCAAT,1
GGAAAATTAAACTTCT,1
GGAAAATTCTAAGTAC,1
GGAAAATTTAATTAAA,1
GGAAACAAACATACGA,1
GGAAACAACATATGTA,1
GGAAACAAGTCTTACC,1
GGAAACAATCACCGAG,1
GGAAACAATCCGGATT,1
GGAAACAATGAGTGCG,1
GGAAACACCAATCAAC,1
GGAAACACGCATTTCA,1
GGAAACACTAGATGGT,1
GGAAACACTGAATGGT,1
GGAAACAGAAAACCAT,1
GGAAACATAAAGAGGG,1
GGAAACATAATTGAAA,1
GGAAACATGGATTACA,1
GGAAACATTAGCCTAT,1
GGAAACCAAAACATAA,1
GGAAACCACCGGGTAA,1
GGAAACCAGATGAGCC,1
GGAAACCAGCGGGTAA,1
GGAAACCCATAGCCAC,1
GGAAACCCATTATGAC,1
GGAAACCCGACTTCAA,1
GGAAACCCTTTGAAAA,1
GGAAACCGAACATAAG,1
GGAAACCTCAGATACA,1
GGAAACCTCTTTCTAA,1
GGAAACCTTGAAACAT,1
GGAAACGAGTTCTCTC,1
GGAAACGCAATTAATT,1
GGAAACGCACTCACTT,1
GGAAACGCTCTACCAT,1
GGAAACGCTCTCACAT,1
GGAAACGGATGGCTGA,1
GGAAACGGGTCATTAA,1
GGAAACGTTAAATTAG,1
GGAAACTACACCTATA,1
GGAAACTAGCCCTATA,1
GGAAACTATCTTAGGC,1
GGAAACTCAAATCGAA,1
GGAAACTCCACATCAT,1
GGAAACTCCAGCCCGC,1
GGAAACTCTCTCCCAT,1
GGAAACTGAAGAGGTG,1
GGAAACTGAAGCGGTT,1
GGAAACTGAATCGGTG,1
GGAAACTGATGAAAAC,1
GGAAACTGCAAATACC,1
GGAAACTGCAGATCAT,1
GGAAACTGGATGCCTC,1
GGAAACTGGCAAACCT,1
GGAAACTGGCTTCTAG,1
GGAAACTTAAGCGGTG,1
GGAAACTTACTCTAAC,1
GGAAACTTATGAAAAT,1
GGAAACTTATTCGAAT,1
GGAAACTTCAGCCCGT,1
GGAAACTTTCTAACTT,1
GGAAACTTTGTTTAAC,1
GGAAAGAAAAACCAAT,1
GGAAAGAAAGTCACAA,1
GGAAAGAACAATGAAC,1
GGAAAGAACTGAAAAA,1
GGAAAGAAGGAACTGA,1
GGAAAGAGATGGATAT,1
GGAAAGATCCCGTAAA,1
GGAAAGATGACTAGTG,1
GGAAAGCAATCCTTGG,1
GGAAAGCCTCTCCGTT,1
GGAAAGCCTTGAACAT,1
GGAAAGCGAGATCCGG,1
GGAAAGCGATCCTTGC,1
GGAAAGCGATCGTTGG,1
GGAAAGCGATTCTTGG,1
GGAAAGCGTAACAGAG,1
GGAAAGCTACATTAAA,1
GGAAAGCTCCCCCTAA,1
GGAAAGGAATAGGGCT,1
GGAAAGGAGAGTCAAA,1
GGAAAGGAGATGTCCA,1
GGAAAGTAGGCCAAAA,1
GGAAAGTAGTTCTCTC,1
GGAAAGTATCACAGCG,1
GGAAAGTCATTACGTC,1
GGAAAGTCATTATAAC,1
GGAAAGTCCTATATAA,1
GGAAAGTCTAAATTAC,1
GGAAAGTGCCATACCA,1
GGAAAGTGCTACCACC,1
GGAAAGTTATTATTAT,1
GGAAAGTTCGGGAAGA,1
GGAAAGTTGGAAAACA,1
GGAAATAAACACAGAG,1
GGAAATAATGATGAGA,1
GGAAATACCCTATATC,1
GGAAATACGGAGAAAC,1
GGAAATACTCAAAAGA,1
GGAAATAGCGAAATAA,1
GGAAATAGCGTAACGA,1
GGAAATAGCTCAATAA,1
GGAAATAGCTTTATTT,1
GGAAATATAATCGGCC,1
GGAAATATAATTGGTT,1
GGAAATATCATAGGCC,1
GGAAATATCATCAATA,1
GGAAATATCATCTGCC,1
GGAAATATCGCAATAA,1
GGAAATATGCCTAGTG,1
GGAAATCATCATACTG,1
GGAAATCATGTTCCGT,1
GGAAATCGCTATGTAA,1
GGAAATCGTTATGTAC,1
GGAAATCTAAATATCG,1
GGAAATCTATTACACC,1
GGAAATCTCGCCGTTA,1
GGAAATCTGAACACCC,1
GGAAATCTTTCACTCA,1
GGAAATGAACTTCAAG,1
GGAAATGACAAGGATT,1
GGAAATGACCAAGTTA,1
GGAAATGACCTCGAGA,1
GGAAATGATAAGAAAC,1
GGAAATGATATGTAGG,1
GGAAATGCTAATTCGC,1
GGAAATGGAGTGTTTA,1
GGAAATGTACAAAATT,1
GGAAATTAAACGGTAC,1
GGAAATTAATTATAAA,1
GGAAATTACGCCGTTA,1
GGAAATTAGACCAAAA,1
GGAAATTATAAACTAG,1
GGAAATTATGACATCC,1
GGAAATTCACCCCCCA,1
GGAAATTCTCCCACCA,1
GGAAATTCTCCCCACA,1
GGAAATTGACCGTCGC,1
GGAAATTGATGGAAAA,1
GGAAATTGCTATTTGA,1
GGAAATTTAGACGTTA,1
GGAAATTTCACCGTTA,1
GGAAATTTCCACGGAG,1
GGAAATTTCGCAGTTA,1
GGAAATTTCGCCATTA,1
GGAAATTTTCTAAGTT,1
GGAAATTTTGGATACT,1
GGAACAAAACAAATGA,1
GGAACAAAGCTATAAA,1
GGAACAAAGGTAACAC,1
GGAACAAATACTGCGA,1
GGAACAAATCCCGCGA,1
GGAACAAATCCTGAGA,1
GGAACAAATCCTGCGG,1
GGAACAAATCCTGGGA,1
GGAACAAATCTATAAA,1
GGAACAAATGATGAGC,1
GGAACAACAAGACCAT,1
GGAACAACTAGTAGTT,1
GGAACAACTGATGAAC,1
GGAACAACTGATGAGT,1
GGAACAAGGAAATCAT,1
GGAACAAGGAAGGAAA,1
GGAACAATCACGACCC,1
GGAACAATCCATGCAC,1
GGAACAATGAGCTGCT,1
GGAACAATGGGAGAGT,1
GGAACAATTTCCGAAG,1
GGAACAATTTGTTATA,1
GGAACACAAAAAGTTG,1
GGAACACAGCAAGTAC,1
GGAACACCATATTGGA,1
GGAACACCATGTCATC,1
GGAACACCTAACAATA,1
GGAACACCTCACTCAT,1
GGAACACCTTATTCGA,1
GGAACACCTTATTTGA,1
GGAACACGAGGAGGTG,1
GGAACACTGAATTAAG,1
GGAACACTGACTCACG,1
GGAACACTGATACAGC,1
GGAACAGAAGTTACCA,1
GGAACAGACGATTCTT,1
GGAACAGAGCTTGGAA,1
GGAACAGATCGCTACA,1
GGAACAGTTGACTTTA,1
GGAACATAAAAAGTTT,1
GGAACATAGAAAGTTG,1
GGAACATCACATTAGA,1
GGAACATCACTATATC,1
GGAACATCTAAACACA,1
GGAACATCTATGTGAA,1
GGAACATGCACAAATT,1
GGAACATGCGAAGCAG,1
GGAACATGTTTGCGCG,1
GGAACATTCATGCCTC,1
GGAACATTCGAAACCG,1
GGAACATTGGAGAAGT,1
GGAACATTTTATTATC,1
GGAACATTTTGATACT,1
GGAACCAAATAAACTG,1
GGAACCAACGATTAAA,1
GGAACCAAGTGCATTG,1
GGAACCAAGTTAAATT,1
GGAACCACAAATCAGA,1
GGAACCACCGTCGGAT,1
GGAACCACTGTGCAAC,1
GGAACCAGCATACACA,1
GGAACCATAACTTATG,1
GGAACCATAATGTGTT,1
GGAACCATTGATCTTG,1
GGAACCCAAAAACAAG,1
GGAACCCAAAGAATAC,1
GGAACCCTGGATCTTG,1
GGAACCCTTTATCTTG,1
GGAACCGAAAAAAGAT,1
GGAACCGAAAGATAAA,1
GGAACCGAAGCCACGC,1
GGAACCGAATCAAACC,1
GGAACCGAGCTTGGAG,1
GGAACCGTAAAAACGG,1
GGAACCGTGGCAATAC,1
GGAACCGTGGCTATAC,1
GGAACCGTTGCCATAC,1
GGAACCTAGCTTGGAA,1
GGAACCTGTATCCTCT,1
GGAACCTGTTAAGTGT,1
GGAACCTTGGCCATAC,1
GGAACCTTTCATCAAA,1
GGAACCTTTCTTTAAC,1
GGAACCTTTGTTTAAA,1
GGAACCTTTGTTTGAC,1
GGAACGAAATAGCCAA,1
GGAACGAACATCGATA,1
GGAACGAAGAAACTGA,1
GGAACGAAGGAAATGA,1
GGAACGAATGAACTGA,1
GGAACGACCGAACAAA,1
GGAACGACCTAACGAA,1
GGAACGAGCCTCAACC,1
GGAACGAGTAAAATTG,1
GGAACGCACACCAAAT,1
GGAACGCTTAATACTC,1
GGAACGGATACCCGCT,1
GGAACGGCAGTATCAA,1
GGAACGGCCACCTGGG,1
GGAACGGTTAAATTAG,1
GGAACGTAGAAGACAC,1
GGAACGTATTACATGC,1
GGAACGTGGTTGAACG,1
GGAACGTTAGCGAATC,1
GGAACGTTGAGACTTT,1
GGAACTAAAAATTGTT,1
GGAACTAAATGGCATC,1
GGAACTAACCGTAAGT,1
GGAACTAAGAAAACCA,1
GGAACTAAGATGTTCA,1
GGAACTACCCAGCAAT,1
GGAACTACCGAACGAA,1
GGAACTACCTCCATAC,1
GGAACTACTCATCGGA,1
GGAACTACTTACAACA,1
GGAACTAGAAGCGTAA,1
GGAACTAGCATGCCAT,1
GGAACTATTTACAAAA,1
GGAACTATTTACAACG,1
GGAACTATTTACAAGA,1
GGAACTATTTACAGCA,1
GGAACTATTTATAACA,1
GGAACTCCTTAATCAT,1
GGAACTCTACTAGTAG,1
GGAACTCTATGGATAA,1
GGAACTCTATTAAACC,1
GGAACTCTATTACAAC,1
GGAACTCTATTACACA,1
GGAACTCTGTTACACC,1
GGAACTGACATAGTAA,1
GGAACTGATTCTACGA,1
GGAACTGCACCGTTAC,1
GGAACTGCATAGTTAC,1
GGAACTGGACACATTC,1
GGAACTGTCTCTTGGA,1
GGAACTGTTTACAACA,1
GGAACTTATATGTAGG,1
GGAACTTGACCGACCC,1
GGAACTTGCAAATCCT,1
GGAACTTGTATTAATC,1
GGAAGAAAAAGCAAGG,1
GGAAGAAAATTGCGGA,1
GGAAGAAAGGGACCAA,1
GGAAGAAAGGGCAAGG,1
GGAAGAAATGTATGAT,1
GGAAGAACAAAGACAA,1
GGAAGAACACAGACAG,1
GGAAGAACGCAACCCA,1
GGAAGAACTACCGTAA,1
GGAAGAACTTGCACAA,1
GGAAGAAGAACCATAC,1
GGAAGAAGTAGATCCG,1
GGAAGAATAAAAAGCA,1
GGAAGAATAATATAGA,1
GGAAGAATACATAGCA,1
GGAAGACAAAAAGGCT,1
GGAAGACAAAACGGCC,1
GGAAGACAAAGCATAC,1
GGAAGACACTACACAT,1
GGAAGACACTCCAGAT,1
GGAAGACACTTCACAT,1
GGAAGACAGAGCGTGA,1
GGAAGACATACGAACC,1
GGAAGACGACAACATG,1
GGAAGACTAAATGGCA,1
GGAAGACTGCAAAAGC,1
GGAAGAGAAAAAAGAT,1
GGAAGAGAATTCATAT,1
GGAAGAGCAGCACTAT,1
GGAAGAGTATAGCCAC,1
GGAAGATATTGATATA,1
GGAAGATCATCAGTTC,1
GGAAGATCTTAACCGT,1
GGAAGATGTATCCTCT,1
GGAAGATTACACCATA,1
GGAAGATTTATCCGCT,1
GGAAGCAAAGAAAGAG,1
GGAAGCAGAGCGAGAC,1
GGAAGCCAAAACACAA,1
GGAAGCCAATTCGATA,1
GGAAGCCACCAACCTA,1
GGAAGCCACTTAAATG,1
GGAAGCCAGAACATAA,1
GGAAGCCTTTGAACCT,1
GGAAGCGAACTGTAAA,1
GGAAGCGACGCGAATA,1
GGAAGCGAGCACTACA,1
GGAAGCGGTATCATCT,1
GGAAGCGTATAAGATA,1
GGAAGCTAAAACATAA,1
GGAAGCTATAAGATGA,1
GGAAGCTCCAACGTGC,1
GGAAGCTCCCCAATCA,1
GGAAGGAAACACCGCA,1
GGAAGGAATGCTGAGC,1
GGAAGGATAAGAGAAC,1
GGAAGGATATTCTGCT,1
GGAAGGCACTGAGATT,1
GGAAGGCCGTATAAGC,1
GGAAGGCGGGCTTTTG,1
GGAAGGGAATGACACG,1
GGAAGGGAGGTAACCA,1
GGAAGGGAGTTCTCTC,1
GGAAGGGTCTATGCCA,1
GGAAGGTAAGAATGAC,1
GGAAGGTGTGAATGTG,1
GGAAGTAAAACGGATT,1
GGAAGTACATACGAAT,1
GGAAGTACTCCCATCC,1
GGAAGTAGAATATAGA,1
GGAAGTAGCTGCCAAC,1
GGAAGTATGCGTCATA,1
GGAAGTATGCGTCTGA,1
GGAAGTATTCGTCAGA,1
GGAAGTCAAATATAGA,1
GGAAGTCCGTATACGC,1
GGAAGTCCTATTCGCA,1
GGAAGTCGAGAACTTT,1
GGAAGTCTATTACACC,1
GGAAGTCTCAACTCCC,1
GGAAGTGATTGACCAT,1
GGAAGTGTCCACTCGG,1
GGAAGTTACCAAACCC,1
GGAAGTTCCATGGCAC,1
GGAAGTTTGAACTTAA,1
GGAATAAACAACACGA,1
GGAATAAACACTCCAC,1
GGAATAAACCACGGCT,1
GGAATAAACCACTATC,1
GGAATAACCGAAGCAT,1
GGAATAACGCCTTAAG,1
GGAATAAGAACTGCAG,1
GGAATAAGCCATGGGA,1
GGAATAAGCCTTAGGA,1
GGAATAAGCTATAGGA,1
GGAATAAGGGTCCTCA,1
GGAATAAGTAGATCCT,1
GGAATAAGTCAACAGT,1
GGAATAATACAACACT,1
GGAATAATATGGTCAT,1
GGAATAATATTCTAGC,1
GGAATAATTAATGAAT,1
GGAATAATTCATGGAG,1
GGAATAATTTTAATTT,1
GGAATACAAAATTCAA,1
GGAATACAAATACAAC,1
GGAATACAACTATCCC,1
GGAATACAAGAGTACT,1
GGAATACACCAAACGG,1
GGAATACACGTTGAGG,1
GGAATACAGAAATCTG,1
GGAATACAGAGCGTTT,1
GGAATACAGTACGACC,1
GGAATACCGCGACTGC,1
GGAATACCGCGCCTTC,1
GGAATACCGCTCCTGC,1
GGAATACTCCGAGACA,1
GGAATACTCTTAAAGT,1
GGAATACTGGGGGTAA,1
GGAATACTGTTACAAA,1
GGAATAGAACACACCT,1
GGAATAGAAGATGACT,1
GGAATAGAGGACTGTT,1
GGAATAGATACGCCAT,1
GGAATAGCAACCTTTA,1
GGAATAGCCTCCTAAA,1
GGAATAGCGATAAAAA,1
GGAATAGCTTCACCAA,1
GGAATAGTACAATTAA,1
GGAATAGTAGGGTAAG,1
GGAATAGTGCCTATTT,1
GGAATAGTGTGCCAAA,1
GGAATAGTTCCGATCA,1
GGAATATAACAAAACA,1
GGAATATAACAACCAT,1
GGAATATAACTAAACG,1
GGAATATAATCCTCTC,1
GGAATATAGAATGTGA,1
GGAATATATCCGCAAG,1
GGAATATCGGTAACGG,1
GGAATATTGAAAACGA,1
GGAATATTGACCAACA,1
GGAATCAAAAGTGCCC,1
GGAATCAAAATCCAGC,1
GGAATCACACGCTATA,1
GGAATCACAGAGAAAA,1
GGAATCACATAGACGA,1
GGAATCACTCGCTGAA,1
GGAATCACTTCGTTTA,1
GGAATCATAAGCATGA,1
GGAATCATAAGCTATA,1
GGAATCATACACTATA,1
GGAATCATACGATATA,1
GGAATCATACGTTATA,1
GGAATCATATAAATCA,1
GGAATCATATATACAA,1
GGAATCATATGCTATA,1
GGAATCATGACACCAT,1
GGAATCCGGCATTCGA,1
GGAATCCTTGATCTTG,1
GGAATCGAGAACTATT,1
GGAATCGGGAACTACT,1
GGAATCTAAAGGCACA,1
GGAATCTAACAACAAT,1
GGAATCTAACGTTACT,1
GGAATCTAACTGCACA,1
GGAATCTACGAAGCAA,1
GGAATCTACGAGGACA,1
GGAATCTATCATTATA,1
GGAATCTCATTTCAAT,1
GGAATCTGTAGCGAAG,1
GGAATCTTAAGAAAGC,1
GGAATCTTAAGTTAAC,1
GGAATCTTTTACGCCA,1
GGAATCTTTTCCACCA,1
GGAATCTTTTCCGCAA,1
GGAATCTTTTCCGGCA,1
GGAATGAAAATCATAG,1
GGAATGAAACTACCAG,1
GGAATGAACCGGTACA,1
GGAATGAAGATACGTC,1
GGAATGACCGTAGTAT,1
GGAATGACGGCCTTAG,1
GGAATGACTAATATCA,1
GGAATGAGAGATGTCA,1
GGAATGATAATTCGAT,1
GGAATGATATTACCAT,1
GGAATGCCAAAGGCAA,1
GGAATGCCGAATCCTA,1
GGAATGCCGGTTAACT,1
GGAATGCGACACTTTA,1
GGAATGCGGTCTATCC,1
GGAATGCTGCCGAATT,1
GGAATGCTGGACGAAT,1
GGAATGCTTAATCATC,1
GGAATGCTTCGCTGCT,1
GGAATGGTGCAGTTCA,1
GGAATGGTGCTTGCTG,1
GGAATGTAAACACGAT,1
GGAATGTACACACGAC,1
GGAATGTATAAGATAG,1
GGAATGTCAAATACTG,1
GGAATGTGAGCAATTA,1
GGAATGTGAGCGATGA,1
GGAATGTGTACGAAGA,1
GGAATGTGTATAAAGC,1
GGAATGTTTCGACCTT,1
GGAATGTTTGCAGAAC,1
GGAATTAAGGAGAAAA,1
GGAATTACACTATGTA,1
GGAATTACTGAGATAC,1
GGAATTAGAATAAATC,1
GGAATTAGTTTACAAT,1
GGAATTATACGAAGTT,1
GGAATTATATATCAAA,1
GGAATTATCCTCAGCC,1
GGAATTCAAACTGTAA,1
GGAATTCACGACGTAT,1
GGAATTCATTGCAAGA,1
GGAATTCCAACCGTAA,1
GGAATTCCAACTATAA,1
GGAATTCCAACTTTAA,1
GGAATTCCCTTGTAAT,1
GGAATTCCGACTGTAA,1
GGAATTCCTGGAGGTA,1
GGAATTCGAATGGAGC,1
GGAATTCGAATGGATT,1
GGAATTCGGATGGAGT,1
GGAATTCGTAACATTT,1
GGAATTCTATTAAACG,1
GGAATTCTATTAACCA,1
GGAATTGAAACTTAAG,1
GGAATTGGAAGTAACC,1
GGAATTGGAGTAAACA,1
GGAATTTACGACGACA,1
GGAATTTGAACAAACC,1
GGAATTTTGTAATTAA,1
GGAATTTTTCGATAGT,1
GGAATTTTTGCCAATT,1
GGACAAAACAACTTAA,1
GGACAAACAAGCAACT,1
GGACAAAGATACCCTT,1
GGACAAAGCCTTTTAA,1
GGACAAATCTATCACG,1
GGACAAATGAGCAACT,1
GGACAACAAACCAGAT,1
GGACAACCCCAGCACC,1
GGACAACGCCACGGAA,1
GGACAACTATTTTTTA,1
GGACAAGCTCTAGACA,1
GGACAAGCTTCACGTA,1
GGACAAGTCCTACATC,1
GGACAATAATATACAA,1
GGACAATACATCTTCT,1
GGACAATAGCTACAAT,1
GGACAATAGTATCCGT,1
GGACAATAGTTACAAC,1
GGACAATATTTACAAT,1
GGACAATATTTTCATG,1
GGACAATCACATTAGA,1
GGACAATTAAGGAGCT,1
GGACAATTATTCGAAT,1
GGACACAAACACCCTC,1
GGACACAAAGCCGAAC,1
GGACACAAGGTAGTCG,1
GGACACACATGAAGCT,1
GGACACATAAAAACCA,1
GGACACATGGTGTATG,1
GGACACCATAATATGT,1
GGACACCATGACTAGA,1
GGACACCCATTTTAGA,1
GGACACCGAGTGTTCG,1
GGACACCGGAAGAGAA,1
GGACACCTAAAATCAT,1
GGACACCTATACGAAA,1
GGACACCTGAAACTAT,1
GGACACGATGTTTCTA,1
GGACACGCTTACGAAT,1
GGACACGGCAGCTGCG,1
GGACACGTCAAGCTTT,1
GGACACGTCATACACA,1
GGACACGTTGATAAAT,1
GGACACTAGGGGTAAG,1
GGACACTGCGGAGAAA,1
GGACACTTATTTCAAT,1
GGACACTTCATAAAAT,1
GGACACTTGAACGAGA,1
GGACAGAAGAACAAGT,1
GGACAGACCTATTCAC,1
GGACAGACTTTCCATG,1
GGACAGAGCCCTTTAC,1
GGACAGAGCCGTCCAA,1
GGACAGAGTGAAAAAC,1
GGACAGCAGTGACAAG,1
GGACAGCCCCAAACCA,1
GGACAGCGAAATTACC,1
GGACAGCTCTCTTCTA,1
GGACAGTTAGGGAAGA,1
GGACAGTTGTGTCTTT,1
GGACAGTTTGAACGCA,1
GGACATAAAATCTAGA,1
GGACATAAAATCTAGG,1
GGACATAAATTGTTCG,1
GGACATAACAAATTAA,1
GGACATAACAACAATA,1
GGACATAACAACCTAA,1
GGACATAACAACTAAA,1
GGACATAACAACTTAG,1
GGACATAAGAACTTAA,1
GGACATAATGACATAG,1
GGACATAATTCGACGT,1
GGACATACAAAGATAT,1
GGACATACAAATTCTA,1
GGACATACTTTCACGG,1
GGACATATGAGATAAA,1
GGACATCAGAGAAAGA,1
GGACATCCATATACTA,1
GGACATCGTAAATTCT,1
GGACATGATAGATGAC,1
GGACATGCACACACTA,1
GGACATGTAGATAAAT,1
GGACATGTGGATAAAT,1
GGACATGTTGATAATT,1
GGACATTGGATGGAAA,1
GGACATTGGGTTATGG,1
GGACATTTTGGACACT,1
GGACCAAAACGTGGGA,1
GGACCAAAAGCCGAAC,1
GGACCAAACCTTGATT,1
GGACCAAAGCTAAAAG,1
GGACCAAATATTATCA,1
GGACCAAATCACAATC,1
GGACCAACGAAAGGAA,1
GGACCAACGCACCTGC,1
GGACCAACTGAGTGTT,1
GGACCAATTCGGCTTA,1
GGACCACAATTGATCT,1
GGACCACACGGTTCAA,1
GGACCACATATAAACA,1
GGACCACATATACAAA,1
GGACCACATCAGCCTG,1
GGACCACATGAAGCCT,1
GGACCACCACATTAGA,1
GGACCACCAGCTAGCT,1
GGACCAGAAAAGACAT,1
GGACCAGAAGTTAGAA,1
GGACCAGGCAGCTGCG,1
GGACCAGGTGACTTAT,1
GGACCATAGAGCCATA,1
GGACCATCAAATTAGA,1
GGACCATCACATTACA,1
GGACCATCTAGAGACG,1
GGACCATGAAACATAT,1
GGACCATGTTAAGTGT,1
GGACCATTGGACAAGT,1
GGACCATTGGAGAATT,1
GGACCATTGGATAAGT,1
GGACCATTTGAGAAGT,1
GGACCATTTTTTCATG,1
GGACCCAAAAACAAGG,1
GGACCCAAAGACGAAC,1
GGACCCAAAGCCGAAA,1
GGACCCAAAGCCGAGC,1
GGACCCAAATCCGAAC,1
GGACCCAAGGACTAAG,1
GGACCCAAGGCCGAAC,1
GGACCCAGAGCCGAAC,1
GGACCCCATCTTGACC,1
GGACCCCCAAAAACTC,1
GGACCCCCTTGGTTTA,1
GGACCCCTGGACACAG,1
GGACCCCTTAACAAAA,1
GGACCCGGAAGCTGCG,1
GGACCCGGAGCAAACA,1
GGACCCGGAGCAAAGG,1
GGACCCGGCACCTGCG,1
GGACCCGGCAGCCGCG,1
GGACCCGGCAGCTTCG,1
GGACCCGTAAAACAAT,1
GGACCCGTAGCAAACG,1
GGACCCTAAGCGACAG,1
GGACCCTCCAATGACA,1
GGACCCTTCGGACACG,1
GGACCCTTTTAAGTGT,1
GGACCGAAACAGACCC,1
GGACCGAAACTACCAG,1
GGACCGACAACAATAA,1
GGACCGACCACCTGGG,1
GGACCGACCATGCACG,1
GGACCGACCATGTAAG,1
GGACCGACGAGACACA,1
GGACCGAGCCAAGCAT,1
GGACCGAGCCCATCAT,1
GGACCGAGGTTGAACG,1
GGACCGATCTAATTCC,1
GGACCGCAATCGAGCC,1
GGACCGCAGTTTTACA,1
GGACCGCATCACCACA,1
GGACCGCCATATGTAC,1
GGACCGCCCTGTATCT,1
GGACCGCCGCTTTACA,1
GGACCGCTTAATACTC,1
GGACCGGAACATACCG,1
GGACCGGAACGAAAAA,1
GGACCGGCCAACTGGG,1
GGACCGGCCACCCGGG,1
GGACCGGCGACCTGGG,1
GGACCGGTCACCTGGG,1
GGACCGTAACATACCT,1
GGACCGTAACATATCG,1
GGACCGTAGTTGAACG,1
GGACCGTCTGACGGTT,1
GGACCGTGAAAGGCTC,1
GGACCGTGCATAAAGA,1
GGACCGTGGTCGAACG,1
GGACCGTGGTTGAAAG,1
GGACCGTGGTTGAGCG,1
GGACCGTGGTTTAACG,1
GGACCGTTACTCCTAT,1
GGACCGTTGTTGAACG,1
GGACCTAACTCCATAC,1
GGACCTAATCTGACCA,1
GGACCTATACCCCTGC,1
GGACCTATCATGGAAG,1
GGACCTCAGCCAACCT,1
GGACCTCAGTTCCAAC,1
GGACCTCGAAAAACCT,1
GGACCTCTACCCCTGA,1
GGACCTCTGCCCCTGC,1
GGACCTGCCACCTGGG,1
GGACCTGCTTCACGAT,1
GGACCTGTACATCAAA,1
GGACCTGTCATAGTAA,1
GGACCTTGGTTGAACG,1
GGACGAAAATTCGCAG,1
GGACGAAACAATTCAG,1
GGACGAAACCGATCAC,1
GGACGAAACGAGCATC,1
GGACGAAAGATCGCCT,1
GGACGAACATTCATAA,1
GGACGAAGAATAGTGA,1
GGACGAAGTAAAGAAC,1
GGACGAATGAGATACC,1
GGACGACAGAAAGGCT,1
GGACGACCAGGTTCGT,1
GGACGACCATATTCGT,1
GGACGACCCACTATGA,1
GGACGACCGCGACTGC,1
GGACGACGCCAGCGCA,1
GGACGACTAAAATAAC,1
GGACGACTAGATTCGT,1
GGACGACTAGTATCTT,1
GGACGAGTAATCTATA,1
GGACGAGTGTTTGTCG,1
GGACGATACGTCGGGT,1
GGACGATAGCAGCGCT,1
GGACGATAGTTACAAT,1
GGACGATATGACCGGT,1
GGACGATATTATGGGA,1
GGACGATGGGGACAAA,1
GGACGCAACACAAGAT,1
GGACGCAACCAAAGAT,1
GGACGCAATCTCTTAT,1
GGACGCACTCTCTTAC,1
GGACGCACTCTTTTAT,1
GGACGCGACGCCAATA,1
GGACGCGTCGGTTAAA,1
GGACGCTCACGGCCAG,1
GGACGCTCAGTAACGC,1
GGACGCTGGACAGATA,1
GGACGCTGGTGTGATG,1
GGACGCTTGAATGCAC,1
GGACGCTTTCAGATAA,1
GGACGGACTCAATTCC,1
GGACGGATGAAATTGC,1
GGACGGCACAAACCGT,1
GGACGGCCATGCAAAC,1
GGACGGGAATGCGAGC,1
GGACGGGAGCTGTTTT,1
GGACGGGTAAGGTCAA,1
GGACGGTAATTAGTTC,1
GGACGGTAATTTAAGT,1
GGACGGTGAAGGAAGT,1
GGACGTAACCACTCTT,1
GGACGTAACCACTGTT,1
GGACGTACCGAGTGTT,1
GGACGTATACACTCTT,1
GGACGTATAGAAATGT,1
GGACGTATAGAGACGC,1
GGACGTATTGAGGTCA,1
GGACGTGATTACGTAA,1
GGACGTGGCAACCCGT,1
GGACGTGTTGATAAAT,1
GGACGTTACTCTTAAA,1
GGACGTTCAAGCAGAC,1
GGACTAAAAGGTGTAC,1
GGACTAAACAATTAAA,1
GGACTAAAGACCTGAG,1
GGACTAAATGAGAAGA,1
GGACTAAGGGTCCTAA,1
GGACTAAGGGTCCTCT,1
GGACTAATCGTAAGAG,1
GGACTAATGAGAATTT,1
GGACTAATGGTCCTCA,1
GGACTACAAAAAGGCT,1
GGACTACAAAACTGAC,1
GGACTACACAAACTGA,1
GGACTACACAAATCGA,1
GGACTACACAAGTTGA,1
GGACTACACAGTACTG,1
GGACTACACATGACTG,1
GGACTACAGAAATTGA,1
GGACTACAGAGGACTG,1
GGACTACCCAAAAGAC,1
GGACTACCGAATCCTA,1
GGACTACCGCCAATGT,1
GGACTACGACAATACC,1
GGACTACTACATATAA,1
GGACTACTGTGTAGGT,1
GGACTACTTGCTGATT,1
GGACTAGACTCGAAAA,1
GGACTAGCCTGTTTGT,1
GGACTAGGCCAGGACG,1
GGACTAGGTAATCAAT,1
GGACTATAAAACATCA,1
GGACTATACAAATTGA,1
GGACTATACAGGACTG,1
GGACTATACGTCAGGT,1
GGACTATACGTGCTAA,1
GGACTATAGTGTTATT,1
GGACTATCCGGTAAAA,1
GGACTATGTGCTAACC,1
GGACTATTGATTATCA,1
GGACTCACCTGAACAC,1
GGACTCACGTACACAG,1
GGACTCAGCACCGATG,1
GGACTCAGGCGACTAG,1
GGACTCATAGCGACCC,1
GGACTCATCCATAAAT,1
GGACTCCACAATTTTT,1
GGACTCCACAGGTTTT,1
GGACTCCATAAGTTTT,1
GGACTCCCATTTGGAG,1
GGACTCCCCGCTTCCA,1
GGACTCCCGAGCGAGT,1
GGACTCCGCAAGTTTT,1
GGACTCCTACCAAAAA,1
GGACTCTAAGGCAACT,1
GGACTCTACAAAAAGA,1
GGACTCTACAGGACTG,1
GGACTGAAACTAGCAG,1
GGACTGACGAATCCTA,1
GGACTGATTAATCGCT,1
GGACTGCAAACCCGCT,1
GGACTGCACAAATTGA,1
GGACTGCAGAATATCA,1
GGACTGCCGAATACTA,1
GGACTGCGCAATTGAA,1
GGACTGGAACTACCAG,1
GGACTGGACCACCGGC,1
GGACTGGACCACTTGC,1
GGACTGGAGTTGTACA,1
GGACTGGCCACCTGGG,1
GGACTGGCTAATCGCT,1
GGACTGGTAAAAACCC,1
GGACTGTTAAAACCAA,1
GGACTGTTACCCCTAT,1
GGACTGTTACTCCTAC,1
GGACTTAAAGATGGTC,1
GGACTTAATCATACCA,1
GGACTTACGTTTTCTT,1
GGACTTAGCCCTAAGG,1
GGACTTATAGTTCTGG,1
GGACTTATCACACGAG,1
GGACTTATCATACGAC,1
GGACTTATCCACTCTT,1
GGACTTCAAGACGTAT,1
GGACTTCCCCCTCTGC,1
GGACTTCCCTGTTTCC,1
GGACTTCCGAATCCTA,1
GGACTTCGTCTACACA,1
GGACTTCTCATTACAC,1
GGACTTGACTTATACT,1
GGACTTGGCGAACCCA,1
GGACTTTAACACGACC,1
GGACTTTCGTGCCCAT,1
GGACTTTCTGGACAAA,1
GGACTTTTCAGATCAT,1
GGACTTTTCATCTCAT,1
GGAGAAAAAAATGAAT,1
GGAGAAAAAACCGGAT,1
GGAGAAAAATACACCG,1
GGAGAAAAATCCATAA,1
GGAGAAAACAATGAAC,1
GGAGAAAACAATTAAT,1
GGAGAAAACATCGAAT,1
GGAGAAAATAAACCCA,1
GGAGAAAATAGCGATA,1
GGAGAAACAACGCAGA,1
GGAGAAACAAGGTACC,1
GGAGAAACCTATCGCG,1
GGAGAAACTCCGAAAT,1
GGAGAAACTTTCCAAG,1
GGAGAAAGAACAAACA,1
GGAGAAAGACATGAAA,1
GGAGAAAGCAAACATG,1
GGAGAAAGGTATAGAC,1
GGAGAAAGGTTGAGAC,1
GGAGAAAGTCGTTGAT,1
GGAGAAATACGGATAC,1
GGAGAACAAACCGTTA,1
GGAGAACAAGACTGGG,1
GGAGAACATCAGCGCT,1
GGAGAACATGACTGGG,1
GGAGAACCTCAACTAC,1
GGAGAACGTCGTTGTT,1
GGAGAACGTCGTTTAT,1
GGAGAACGTCTCCGTG,1
GGAGAACTAAATCATT,1
GGAGAACTAGCGATGA,1
GGAGAACTATGTCCAT,1
GGAGAACTATTGAACA,1
GGAGAACTCCGTCCAT,1
GGAGAACTCTGTCAAT,1
GGAGAACTCTGTCCAC,1
GGAGAACTCTTTCCAT,1
GGAGAACTTAAAAGGG,1
GGAGAACTTTGGCAGA,1
GGAGAAGACCCAGCCT,1
GGAGAAGACGACTGGG,1
GGAGAAGCCCTCCCGA,1
GGAGAAGCCTATGATT,1
GGAGAAGGAAGTAGAT,1
GGAGAAGGCAGTAACA,1
GGAGAAGGTATGACAT,1
GGAGAAGTACACCGTG,1
GGAGAAGTATTGAAAA,1
GGAGAAGTTCAAGCGA,1
GGAGAATCGAGCCCTA,1
GGAGAATGAAAATATC,1
GGAGAATGAAGTAATG,1
GGAGAATGACCAGGAC,1
GGAGAATGACCGGGAC,1
GGAGAATGTATAGACA,1
GGAGAATTTCTAAAAA,1
GGAGACAAACAAACAG,1
GGAGACAAGCAGTGAA,1
GGAGACAATGTGTACG,1
GGAGACACTACACAAA,1
GGAGACACTCAAAACC,1
GGAGACACTCAAAGCA,1
GGAGACATACGGTGGG,1
GGAGACATCAGAAACA,1
GGAGACATGAATCCGA,1
GGAGACATGTCTATCA,1
GGAGACCAATGAAACC,1
GGAGACCATATGAGCC,1
GGAGACCCTACTTCAA,1
GGAGACCGGTTCTCAG,1
GGAGACCTAAAAATAA,1
GGAGACCTAGATCAGA,1
GGAGACCTATACTAAA,1
GGAGACCTCCCACCTT,1
GGAGACGCCATCAATT,1
GGAGACGCCTCCCGGT,1
GGAGACGGATTCTCAG,1
GGAGACGGCTCCCTGT,1
GGAGACGGCTTCTCAG,1
GGAGACGGGTCCTCAG,1
GGAGACGGGTTCTCAT,1
GGAGACGGGTTCTCTG,1
GGAGACTACCAAAGTC,1
GGAGACTAGATACCGC,1
GGAGACTAGTACAATG,1
GGAGACTATCGTGAAC,1
GGAGACTCTGTGTTCA,1
GGAGACTGAATGCATT,1
GGAGACTGTCGTAATG,1
GGAGAGAAAATCTGAT,1
GGAGAGAAGAAGCACG,1
GGAGAGACGAATCTAC,1
GGAGAGCAACATAATT,1
GGAGAGCTATCTTCAA,1
GGAGAGCTATTGTCAA,1
GGAGAGCTCTAGACTT,1
GGAGAGGCAAATTACG,1
GGAGAGGGATTCTATC,1
GGAGAGTAAAAGCACT,1
GGAGAGTAAGAATAAA,1
GGAGAGTAATGTAAAT,1
GGAGAGTATGAACGAT,1
GGAGAGTCCCAACCCG,1
GGAGAGTCCCCACCCT,1
GGAGAGTCCCCATCCT,1
GGAGAGTGTATAAACA,1
GGAGATAAGTGTCGAG,1
GGAGATAATCGATACA,1
GGAGATAATCTAGTGG,1
GGAGATAATCTTGTCA,1
GGAGATAATGGATACA,1
GGAGATACAAGCCCTC,1
GGAGATAGTCTTTTAC,1
GGAGATATAATCTTTG,1
GGAGATATACACAAGC,1
GGAGATATACTCAAGA,1
GGAGATATACTCGAGC,1
GGAGATATACTTAAGC,1
GGAGATATTGCTGATG,1
GGAGATCAGAATTGCA,1
GGAGATCAGATCCCCG,1
GGAGATCATCAAAGTA,1
GGAGATGAATCACGAC,1
GGAGATGAGCGTAACC,1
GGAGATTAACCAGAAC,1
GGAGATTAACCATACC,1
GGAGATTAACCTGACC,1
GGAGATTACCAACACG,1
GGAGATTACTAACACA,1
GGAGATTCATACTACT,1
GGAGATTGCTAGCCAA,1
GGAGATTGTACAGCAC,1
GGAGATTGTGGCGTAG,1
GGAGCAAAACCGCAAC,1
GGAGCAAAATACATTC,1
GGAGCAAAGACTCCGA,1
GGAGCAAATAAACCCA,1
GGAGCAACGACTCCAA,1
GGAGCAACGACTCCTA,1
GGAGCAACGCTACTCG,1
GGAGCAACTAAAAACT,1
GGAGCAACTACCAGAG,1
GGAGCAACTACTCCGA,1
GGAGCAACTGAAAGTC,1
GGAGCAAGAGTACTAT,1
GGAGCAATTCGGACAC,1
GGAGCACAACAATAAC,1
GGAGCACAACAATGAG,1
GGAGCACCATAAATCC,1
GGAGCACGGAGTCAAC,1
GGAGCACTGCTTCTCT,1
GGAGCAGAACGTACTG,1
GGAGCAGAATGAAATG,1
GGAGCAGCGACTCCGA,1
GGAGCAGGAACTCAGG,1
GGAGCAGTCCTTACAT,1
GGAGCAGTTCTTAATA,1
GGAGCATAACTCAAAT,1
GGAGCATAGCTCCACA,1
GGAGCATGAAAATTCA,1
GGAGCATTCGCTAAAA,1
GGAGCATTGCCCCACA,1
GGAGCATTGCTCAACA,1
GGAGCATTTTCCTTAG,1
GGAGCCAAAAAGACAT,1
GGAGCCAATAAACCCT,1
GGAGCCAATGAAACCT,1
GGAGCCAATGAACACT,1
GGAGCCAATGAATCCT,1
GGAGCCAATTAACCCT,1
GGAGCCATAAATCGTA,1
GGAGCCATCAGAAAAA,1
GGAGCCATGCTACAAT,1
GGAGCCATGTGAAACA,1
GGAGCCCAGACTGAGC,1
GGAGCCCTCAGTATTA,1
GGAGCCTAGATGCCGC,1
GGAGCCTCGGAAATGT,1
GGAGCCTGGATGCATT,1
GGAGCCTGTTAGTACA,1
GGAGCGAAATAAAATG,1
GGAGCGAATACAATAA,1
GGAGCGACTAGAATTC,1
GGAGCGGCACCCCTCT,1
GGAGCGGTATCTAAGG,1
GGAGCGTAGTAGCATT,1
GGAGCGTCCCTGACAA,1
GGAGCGTGTATAAACC,1
GGAGCGTGTATGAACA,1
GGAGCGTTAAGACTTT,1
GGAGCTACGTGGTCGG,1
GGAGCTATAAGGAATA,1
GGAGCTATTTACAACA,1
GGAGCTCAACTTACTG,1
GGAGCTCTACCATACG,1
GGAGCTGACGGAATCA,1
GGAGCTGATATGTAGG,1
GGAGCTGGCCACAAAA,1
GGAGCTTAATGATAAT,1
GGAGCTTATTAAAAAA,1
GGAGCTTGCTCGTGAA,1
GGAGCTTGGCGGCTAG,1
GGAGCTTTATGGTAAT,1
GGAGGAAAAACCGACG,1
GGAGGAAAGTCTTGTT,1
GGAGGAACATAGTTAA,1
GGAGGAACTAGCGATA,1
GGAGGAACTTGCACAT,1
GGAGGAAGTAGACGAT,1
GGAGGAATGGCTAGAG,1
GGAGGACAACAGTAGT,1
GGAGGACACTAATAAT,1
GGAGGACATATGTTGG,1
GGAGGACCAAAGTTAC,1
GGAGGACGCAAAACCA,1
GGAGGACGCAAAATCC,1
GGAGGACGCAAAGTCA,1
GGAGGACGCAAGATCA,1
GGAGGACTATCTAGAA,1
GGAGGAGGCAAAATCA,1
GGAGGAGTACATTCGT,1
GGAGGATCAAATTCAG,1
GGAGGATCGATTTTCC,1
GGAGGCAATCCCTCAA,1
GGAGGCACACAGTTAA,1
GGAGGCACATAGTTAG,1
GGAGGCATAAGTGGAT,1
GGAGGCATGAGTGGCT,1
GGAGGCATGCGGAATT,1
GGAGGCCACACTTGGA,1
GGAGGCCCTTGAAATA,1
GGAGGCCCTTTAAGTA,1
GGAGGCCTAATCATCA,1
GGAGGCCTTTGAAGTA,1
GGAGGCGCGCTCAGGA,1
GGAGGCGGGTTCTCAG,1
GGAGGCGGTGCCGTTT,1
GGAGGCTCCACATATC,1
GGAGGCTGACCACTCG,1
GGAGGCTGTGACCGAA,1
GGAGGCTTAGGTTTCC,1
GGAGGCTTCGGTTTAC,1
GGAGGCTTCGTATAAT,1
GGAGGCTTCGTTTTCC,1
GGAGGGATGAAAATTG,1
GGAGGGCGGCCATGTA,1
GGAGGGCGTAATATAA,1
GGAGGGGATCGGACGA,1
GGAGGGGCGGTAACCA,1
GGAGGGTCACTTAGAG,1
GGAGGGTCCCCACCCG,1
GGAGGGTCCCTCAGAG,1
GGAGGGTTATATTAAG,1
GGAGGTACCTGATTCC,1
GGAGGTAGTGGGAAAA,1
GGAGGTCACGGCAATA,1
GGAGGTCCCGTAACTG,1
GGAGGTCCTTGAAGTA,1
GGAGGTTCCACCAAAA,1
GGAGTAAAAGTTAAGG,1
GGAGTAAAGACTAATG,1
GGAGTAAATGAACCAT,1
GGAGTAACACCGACAT,1
GGAGTAACATGTGACC,1
GGAGTAAGTAAAAGGT,1
GGAGTAATAACGAAAT,1
GGAGTAATAATGGATA,1
GGAGTAATACATTTAT,1
GGAGTAATGAAACAAA,1
GGAGTAATGACCAGTA,1
GGAGTAATGCTAGTTT,1
GGAGTACACAAATTGA,1
GGAGTACACTTATCCA,1
GGAGTACAGAATAACG,1
GGAGTACAGTTGGTGG,1
GGAGTACATAAGCCTT,1
GGAGTATACAGCGAAA,1
GGAGTATACTTACTGG,1
GGAGTATATTATGATG,1
GGAGTATCATTACTAG,1
GGAGTATCCTTACTGG,1
GGAGTATCGTATCAAA,1
GGAGTCAAGCAGCGGT,1
GGAGTCAATACATGAA,1
GGAGTCAATCAGCAAT,1
GGAGTCAATTTACACA,1
GGAGTCAATTTCAAAA,1
GGAGTCACAAAGAGCA,1
GGAGTCACATAGTTAA,1
GGAGTCATATTCTCAT,1
GGAGTCATCATTGACA,1
GGAGTCGAGAACTCGA,1
GGAGTCTAACGGCACA,1
GGAGTCTACATATAAT,1
GGAGTCTATCTTAAAG,1
GGAGTCTGAGCATATC,1
GGAGTCTGAGTATGCA,1
GGAGTCTTCGGTTTCC,1
GGAGTCTTTCAAATTA,1
GGAGTGACCAACTAGC,1
GGAGTGACCGAGGTCT,1
GGAGTGACCGCGGTAT,1
GGAGTGACCGCTGTCT,1
GGAGTGAGTGTAAGGA,1
GGAGTGATTAGAGGAG,1
GGAGTGCCTACCCAAT,1
GGAGTGCTGAGAATTT,1
GGAGTGCTGTGAATAG,1
GGAGTGGGTGACCCCA,1
GGAGTGTCACGAAGTG,1
GGAGTGTCACGACGTT,1
GGAGTTAAATAGGGGA,1
GGAGTTAACTACACTA,1
GGAGTTAACTTAAATC,1
GGAGTTAAGACATATG,1
GGAGTTACGTGGTGGG,1
GGAGTTACGTTGTCGG,1
GGAGTTACTAAAGCCG,1
GGAGTTAGAAAGAAGT,1
GGAGTTATCCGACAAA,1
GGAGTTATCTTAGAAG,1
GGAGTTATGAGAGAGA,1
GGAGTTCAGAGTATGC,1
GGAGTTCCCAAGATTA,1
GGAGTTCCTAACCAGT,1
GGAGTTCCTTAGCCTA,1
GGAGTTCGCGGGTATG,1
GGAGTTGACCTAAGTG,1
GGAGTTGTAGACATAC,1
GGAGTTGTGACACTCT,1
GGAGTTTTATAAAACA,1
GGAGTTTTCAGCTCAT,1
GGAGTTTTCAGTACGC,1
GGATAAAAACCGTTAG,1
GGATAAAAAGCTTGGC,1
GGATAAAACATTACAA,1
GGATAAAACCTAGTTG,1
GGATAAAACGTTAGGA,1
GGATAAAAGTTACATC,1
GGATAAAATAACACCA,1
GGATAAAATCAATACC,1
GGATAAAATCATACTA,1
GGATAAAATTACCCCA,1
GGATAAAATTCCATAA,1
GGATAAACCCCGACGA,1
GGATAAACCTATTAAA,1
GGATAAACGATTTAAA,1
GGATAAACTAAACAGC,1
GGATAAACTTACAGGG,1
GGATAAACTTACGGGC,1
GGATAAACTTACGGGT,1
GGATAAAGCCTAAGCG,1
GGATAAAGTAAATGAA,1
GGATAACACCCTAAAC,1
GGATAACATCACAATT,1
GGATAACCCCACAGAA,1
GGATAACCCGCAAATA,1
GGATAACCCGTTACCA,1
GGATAACCCTATTGAA,1
GGATAACCCTGTTAAA,1
GGATAACCTCGGTCAA,1
GGATAACCTGGTTCGA,1
GGATAACGTTGCAAAA,1
GGATAACTCGAATAAT,1
GGATAACTTTTATCAT,1
GGATAAGAAAAACCGA,1
GGATAAGAACTTTAGA,1
GGATAAGACGAAATAA,1
GGATAAGATTCACGTA,1
GGATAAGGAAGACTCC,1
GGATAAGTGGGGTGGC,1
GGATAATAACATTGAG,1
GGATAATACTGTGCAC,1
GGATAATAGTTACAAT,1
GGATAATCGACCACAA,1
GGATAATCTTTAACCA,1
GGATAATGGAATAGTG,1
GGATAATGGAGTAATG,1
GGATAATTCAAAAACA,1
GGATAATTCACAGCTT,1
GGATAATTCGTGATCA,1
GGATAATTGGATTAAC,1
GGATAATTTATGCCTA,1
GGATACAAAAGGTGGT,1
GGATACAATAAAACGA,1
GGATACAATAGCCACT,1
GGATACACATGATTTG,1
GGATACACCGATGAGT,1
GGATACACCTCGACGA,1
GGATACACGCACTTAA,1
GGATACAGAGGGTCCC,1
GGATACATATAACAAT,1
GGATACATCGGATTAA,1
GGATACCCTCAACCCG,1
GGATACCTGTCAAACA,1
GGATACCTTGCTATAA,1
GGATACGACAATCGAA,1
GGATACGGGAGCCAGG,1
GGATACGTTCATATGC,1
GGATACGTTTTATATT,1
GGATACTAACTCTGAT,1
GGATACTACAGACAAT,1
GGATACTACAGTCACT,1
GGATACTACCGAACGG,1
GGATACTATAAGTGAC,1
GGATACTCCCGAAAGG,1
GGATACTCCCGAACGT,1
GGATACTCCCGAATGG,1
GGATACTCCCTAACGG,1
GGATACTCGCGAACGG,1
GGATACTGACAAGAAG,1
GGATACTGGCAAGAAC,1
GGATACTGGCAATAAG,1
GGATACTGGTAAGAAG,1
GGATACTTAGGACGGC,1
GGATACTTGAAGCATG,1
GGATACTTGCAAGAAG,1
GGATACTTTAAGAATG,1
GGATACTTTAAGTATG,1
GGATAGAACTGCCAAT,1
GGATAGACACCGTTAG,1
GGATAGAGATGTCAAT,1
GGATAGAGGCTATCGA,1
GGATAGATGAAATGAT,1
GGATAGCAGAATCATT,1
GGATAGCATAAAGAAA,1
GGATAGCCCAACCCGA,1
GGATAGCCTACTGATT,1
GGATAGCTAAACAGAG,1
GGATAGCTATCGTCAA,1
GGATAGGAAATTATGA,1
GGATAGGAGCAACCTA,1
GGATAGGAGTAACCTC,1
GGATAGGAGTAACGTA,1
GGATAGGCAGCAACTA,1
GGATAGTCCCCACCCG,1
GGATAGTCCCGCCATG,1
GGATAGTTCGGGAAGA,1
GGATATAAATATCGAC,1
GGATATAAGAGGAGGA,1
GGATATACGTGGTAAA,1
GGATATAGACACGGAA,1
GGATATAGACTAGTAA,1
GGATATAGGTTATGTA,1
GGATATATATAATAAT,1
GGATATATATGACAAT,1
GGATATATCTTGCCCA,1
GGATATATGAAACAAG,1
GGATATATGAGCGCAT,1
GGATATATTATTGATC,1
GGATATCAAATGTAAC,1
GGATATCCTGTGTCGC,1
GGATATCGTCGAAATC,1
GGATATCTAAACTTAC,1
GGATATGAAGAATCTT,1
GGATATGAATGCTTTG,1
GGATATGATATAATAA,1
GGATATGCCAATCTAT,1
GGATATGCTAGACATC,1
GGATATGGATTAATAT,1
GGATATGTAATTTACC,1
GGATATGTACGCCACT,1
GGATATTAAATATGAC,1
GGATATTAACAAACAA,1
GGATATTAAGTTGAAC,1
GGATATTAATTGCACA,1
GGATATTCGACACAAT,1
GGATATTGCGTTGAAC,1
GGATATTTGCGATTAT,1
GGATATTTTAAAAACA,1
GGATATTTTAAAAACG,1
GGATATTTTAAAAATC,1
GGATATTTTAAGAACC,1
GGATCAAAAATGTCAA,1
GGATCAAAGATGAGTG,1
GGATCAACACGACCTT,1
GGATCAACGACTCCGA,1
GGATCAAGATGTCATC,1
GGATCAAGCACATTAC,1
GGATCACAAATGCTCT,1
GGATCACAGCTTGAAT,1
GGATCACATTAAACTG,1
GGATCACCTATAAACC,1
GGATCACGACATCCTG,1
GGATCACGGGATTAAT,1
GGATCACGTAAATCCC,1
GGATCAGAAGAGCAAT,1
GGATCAGACCAATGTA,1
GGATCAGAGAATTCCT,1
GGATCAGATATGGGTT,1
GGATCAGATGTGGTTT,1
GGATCAGATGTGTGTT,1
GGATCAGCATAAACTC,1
GGATCAGCCAACTGCA,1
GGATCAGTGAAGACAC,1
GGATCAGTGAGATATA,1
GGATCATACTCCCCGA,1
GGATCATATAAATTCC,1
GGATCATATAACCATA,1
GGATCATATGTGGGTT,1
GGATCATATTACCCTA,1
GGATCATTAATGACAG,1
GGATCATTAGGCTCTA,1
GGATCATTATTGCTTG,1
GGATCATTGCTGACAG,1
GGATCATTGGAGAAGT,1
GGATCATTGTATTCTC,1
GGATCCAAAACACCAA,1
GGATCCAAGAGCCACT,1
GGATCCAATAACCACT,1
GGATCCACAGTTACGA,1
GGATCCACATGACTAA,1
GGATCCAGTAGCCACT,1
GGATCCATAAAATGCA,1
GGATCCCACAAGAAAA,1
GGATCCCTAAAAGGCT,1
GGATCCGATAGCCACT,1
GGATCCGCTCTTTTAC,1
GGATCCGTAAGTAACG,1
GGATCCGTGAAGGCAC,1
GGATCCTAGGAATCCA,1
GGATCCTCAGTTGTAA,1
GGATCCTCATCAAAAA,1
GGATCCTCCTGATCAA,1
GGATCCTGCAGAATTA,1
GGATCCTTCTCACTCA,1
GGATCCTTTATGCATC,1
GGATCGAAGCGGGATA,1
GGATCGATACCATCTA,1
GGATCGCACCGTAAAT,1
GGATCGGAATTCGAGG,1
GGATCGGATCTGACCG,1
GGATCGGCCACCTGGG,1
GGATCGTTGTACCTTA,1
GGATCGTTTCCAGAAC,1
GGATCGTTTGGCTCTA,1
GGATCTAAGAATCTAA,1
GGATCTAGAATGGGAT,1
GGATCTATATCACACA,1
GGATCTATTCAATAAA,1
GGATCTATTTTAGCTC,1
GGATCTCAGCTAGAAC,1
GGATCTCGCATGTAGC,1
GGATCTGCACTTAACT,1
GGATCTGCTCTCTTCT,1
GGATCTGTCCCTCCTT,1
GGATCTTAGTCAATAA,1
GGATCTTCAAGTCAAG,1
GGATCTTCAATTGAAG,1
GGATCTTTAATTCCAG,1
GGATCTTTGACATACG,1
GGATGAAAAGAAGTTA,1
GGATGAAACGAAATAC,1
GGATGAACCCAGCTCT,1
GGATGAACGAGGGTTA,1
GGATGAACTTGCACAA,1
GGATGAAGTTACAGCA,1
GGATGAATACAAAGCA,1
GGATGAATACCTAGCT,1
GGATGACACCAGCTCT,1
GGATGACCCAGTAGTC,1
GGATGACCGCAGCTCC,1
GGATGACCTATTGACA,1
GGATGACGCAAAATCA,1
GGATGACTATCGAGAA,1
GGATGACTATGAGTCA,1
GGATGACTTAACCAGT,1
GGATGAGAACTAACAA,1
GGATGAGAACTTCAGA,1
GGATGAGAACTTTACA,1
GGATGAGAACTTTATA,1
GGATGAGCGAGACGTG,1
GGATGAGGACTTTAGA,1
GGATGAGTATACCAGC,1
GGATGCAAAAACATAT,1
GGATGCAAACCTTGCC,1
GGATGCACGAAATAAT,1
GGATGCACTCTCTTAT,1
GGATGCACTTGCACAT,1
GGATGCCGAGAGCCCT,1
GGATGCGTTCCTATTC,1
GGATGCTAAAGCGTTA,1
GGATGCTAAATGATTC,1
GGATGCTGATACTGCT,1
GGATGCTTATATTAAA,1
GGATGGAAACCAGAGC,1
GGATGGACGGACATAC,1
GGATGGACGTGTTTGA,1
GGATGGACTCAGCGCT,1
GGATGGATAAACCTGG,1
GGATGGATAGTGGATG,1
GGATGGATCAAAAACA,1
GGATGGATTGTGGGTG,1
GGATGGATTGTGTATG,1
GGATGGCAGCTAGCAA,1
GGATGGCCTTAAATTT,1
GGATGGCTGTAGCCTG,1
GGATGGGTAAACCCGG,1
GGATGGGTAAACCTTG,1
GGATGGGTGTACATAG,1
GGATGGTAACCAGAGC,1
GGATGTAAGAACATAT,1
GGATGTACCTGATTCT,1
GGATGTACTAACTAAT,1
GGATGTATCCAATTTG,1
GGATGTCAGAGGCCTG,1
GGATGTGATTCCAGCA,1
GGATGTGGGTAATGTA,1
GGATGTTAGAGTCTGA,1
GGATGTTGAAGTCTGA,1
GGATGTTTACATTAAA,1
GGATGTTTATATTAAT,1
GGATGTTTATATTAGA,1
GGATGTTTGTATTAAA,1
GGATTAAAAACACCGA,1
GGATTAAAACAGTCGA,1
GGATTAAAATTAATGA,1
GGATTAAAGTACGGCC,1
GGATTAAATCTTTAGG,1
GGATTAACTCTCTAGG,1
GGATTAAGCACATACA,1
GGATTAAGGGTCCTCA,1
GGATTAAGTACAAATA,1
GGATTAAGTACCCATA,1
GGATTAATAACCATCT,1
GGATTAATACAATTCA,1
GGATTAATATTGCACT,1
GGATTAATTTTTCCAA,1
GGATTACAATCTAATT,1
GGATTACACAGGACTG,1
GGATTACCAAAGGGAT,1
GGATTACCCCAGCTCT,1
GGATTACCCTGCCATT,1
GGATTACCTCTACATA,1
GGATTACGCCTCTTTG,1
GGATTAGAAATACAAG,1
GGATTAGAAATCAAGA,1
GGATTAGAGATACAAG,1
GGATTAGATAAACAAG,1
GGATTAGATGAATACC,1
GGATTAGCCATAGACG,1
GGATTATAACTCGCCC,1
GGATTATAACTTACAT,1
GGATTATAATATTCCA,1
GGATTATCAAGTAACA,1
GGATTATCCTTACTAG,1
GGATTATGCCGGCCAC,1
GGATTATGGCTAAGGT,1
GGATTATTACTGACAG,1
GGATTATTGTAAAAAA,1
GGATTATTTAATAACT,1
GGATTCACATCATGAG,1
GGATTCACGGCCTCAC,1
GGATTCACGTTTAAGG,1
GGATTCAGAGACCTTG,1
GGATTCAGAGATACGT,1
GGATTCAGCATCTTTG,1
GGATTCAGGACATAAA,1
GGATTCATCGTATGAA,1
GGATTCATGCTTAACC,1
GGATTCCACAAGTTTT,1
GGATTCCCTTTCTCGA,1
GGATTCCGACTCTTTG,1
GGATTCCGCCTCCTTG,1
GGATTCCGCCTCTTAG,1
GGATTCCGCCTCTTTT,1
GGATTCCGCGTCTTTG,1
GGATTCCGGCTCTTTG,1
GGATTCCTAAGAGGCT,1
GGATTCCTCCTCTTTG,1
GGATTCCTTCCAAAAA,1
GGATTCGAAAATACGA,1
GGATTCGAATATAGAC,1
GGATTCGAATTCTTCC,1
GGATTCGACGGGAACC,1
GGATTCGTCAATAAAG,1
GGATTCGTGGATAAGT,1
GGATTCTAAAAGCTAG,1
GGATTCTACTTGGTAC,1
GGATTCTAGCCGGACA,1
GGATTCTAGCCTCACA,1
GGATTCTATGTTGCTT,1
GGATTCTCTGTTGATT,1
GGATTCTCTGTTGCTC,1
GGATTCTGCCTCTTTG,1
GGATTCTGTAAAAGAA,1
GGATTCTTGTTAAAGG,1
GGATTGAAAGTTGAAA,1
GGATTGAAATTTCCCA,1
GGATTGACAAGATACG,1
GGATTGACCTGCCATT,1
GGATTGATGAATACGG,1
GGATTGATTGTGGATG,1
GGATTGCAAAATAGAC,1
GGATTGCAAGAGCTCC,1
GGATTGCACGGATAAG,1
GGATTGCACGTATAAA,1
GGATTGCACTGATAAA,1
GGATTGCCGAAGTTTG,1
GGATTGGCTAATCACT,1
GGATTGGTGTGCTACC,1
GGATTGGTGTTGGCAT,1
GGATTGTAAAAGAACT,1
GGATTGTACATATAAT,1
GGATTGTACGGATAAA,1
GGATTGTATACAAAAT,1
GGATTGTATCCAAAAC,1
GGATTGTATTAGCTTA,1
GGATTGTCGCAGTTTG,1
GGATTGTGTAGTATTA,1
GGATTGTTTCAGTTTG,1
GGATTTAAAAGCCCGG,1
GGATTTACTGCAAGTG,1
GGATTTAGGCTTTCCT,1
GGATTTATAATCTGAC,1
GGATTTATACATATCT,1
GGATTTATACTCAAAG,1
GGATTTATTGCAAGTT,1
GGATTTATTGTAAGTG,1
GGATTTCACGGATAAA,1
GGATTTCCACCCCACA,1
GGATTTGAGCAGGTGA,1
GGATTTGATTTTAATG,1
GGATTTGCGTGTAAAA,1
GGATTTGCGTTGTCCA,1
GGATTTGTGAATGCGA,1
GGATTTTAAAACAATA,1
GGATTTTAACCTAACT,1
GGATTTTCAAGTAAAG,1
GGATTTTCAAGTCAAA,1
GGATTTTTATATTAAA,1
GGCAAAAACCTCGACT,1
GGCAAAAAGGCCCTTA,1
GGCAAAAAGGCGGTTA,1
GGCAAAACAGTCCATA,1
GGCAAAACAGTGAATA,1
GGCAAAACAGTGCGTA,1
GGCAAAACATCCCCAT,1
GGCAAAACTTCTCTCA,1
GGCAAAAGATACCCTT,1
GGCAAAATACTTGTAT,1
GGCAAAATCTACTAAA,1
GGCAAAATGGGTGTAA,1
GGCAAAATTAACGCGC,1
GGCAAAATTGACTACT,1
GGCAAAATTGCTCACC,1
GGCAAACTGGCCAACG,1
GGCAAACTTATTTTCC,1
GGCAAAGAACTGAGGG,1
GGCAAAGAAGTATCTT,1
GGCAAAGAATATGCTT,1
GGCAAAGAATGAAGCA,1
GGCAAAGCGAATGAAT,1
GGCAAAGGATGGCTGA,1
GGCAAAGTTGACTTTA,1
GGCAAATATTGGCAAT,1
GGCAAATCCAATTACC,1
GGCAAATCGACTACGG,1
GGCAAATCTGGTAAAA,1
GGCAAATCTGTCAAAA,1
GGCAAATGATGACCCA,1
GGCAAATTACCACCCT,1
GGCAAATTATAAAGGA,1
GGCAAATTCTCAGTAC,1
GGCAACAATAAAATGG,1
GGCAACACAACAAATC,1
GGCAACACAATGTTAG,1
GGCAACACAGTATTAG,1
GGCAACACCCTCTGCG,1
GGCAACAGAAACACAC,1
GGCAACATACATTTTT,1
GGCAACCAAGGAAGTA,1
GGCAACCAGAACGAAA,1
GGCAACCCCCACAAAT,1
GGCAACCCCTATAAAT,1
GGCAACCCTTACAAAT,1
GGCAACCTAAAGAGAG,1
GGCAACGACATTTCAA,1
GGCAACGAGCCTCGAA,1
GGCAACGGATGACTGA,1
GGCAACGGGAGAACTA,1
GGCAACGGTAAATAGT,1
GGCAACTAAAATCGAA,1
GGCAACTAAGAATACA,1
GGCAACTAATTTTAAC,1
GGCAACTATGGTGATC,1
GGCAACTCAAATAGAA,1
GGCAACTCATGTAGCG,1
GGCAACTGAAAGAACC,1
GGCAACTGAAGCGGTG,1
GGCAACTGATGGCTGA,1
GGCAACTTTAAACATA,1
GGCAAGAAGAAACTTA,1
GGCAAGACATACCCAT,1
GGCAAGACGTCCCCAT,1
GGCAAGAGATCCCCAT,1
GGCAAGATGATAGGGA,1
GGCAAGCTGATAGGGG,1
GGCAAGCTTATAGGGA,1
GGCAAGGAAAATCAAC,1
GGCAAGGAAAATGAAT,1
GGCAAGGAAAATTAAC,1
GGCAAGGAAGATGAAC,1
GGCAAGGAGAATGAAC,1
GGCAAGGAGTTCTCTC,1
GGCAAGGCTAGTTCAC,1
GGCAAGTAAAATGAAC,1
GGCAAGTCAGTCGACA,1
GGCAAGTTAGTTCAAT,1
GGCAATAAAGCGACAT,1
GGCAATAAAGCGGAAT,1
GGCAATAAAGCGTCAT,1
GGCAATATGATCGTGG,1
GGCAATCACCCCAAAT,1
GGCAATCCATTACCAA,1
GGCAATCCTACGACAA,1
GGCAATCTGATAGGGA,1
GGCAATGAACGAAATT,1
GGCAATGACATCGAGA,1
GGCAATGACCAAGTTC,1
GGCAATGACCTAGAGA,1
GGCAATGACTGTCGAC,1
GGCAATGGATGGCTGA,1
GGCAATGTCTAGTAAG,1
GGCAATGTGACCATTG,1
GGCAATGTTCGTACCA,1
GGCAATTACTTAATCG,1
GGCAATTAGTGTTGAT,1
GGCAATTCTTGATTTC,1
GGCAATTTCGCCGTTA,1
GGCACAAAAGGCGTTA,1
GGCACAAATAGCAGAG,1
GGCACAAATATAAAAA,1
GGCACAAATGTGACCA,1
GGCACAAATTAGGTAA,1
GGCACAACACATTCAA,1
GGCACAACATTAACCG,1
GGCACAACCTAATGAC,1
GGCACAACTATCAGAG,1
GGCACAAGGCATAACT,1
GGCACAAGTAGCTTCT,1
GGCACAATAAACGATC,1
GGCACAATAAATTAAA,1
GGCACACAAGCGTACG,1
GGCACACAAGTAAATA,1
GGCACACGTAACTGAA,1
GGCACACTTCCCAACA,1
GGCACAGAATGAAGAA,1
GGCACAGGACGTCCCG,1
GGCACAGTATTCTCAA,1
GGCACAGTTGAATTTA,1
GGCACAGTTGGCTTTA,1
GGCACATAATGAAGCA,1
GGCACATATATGGTAC,1
GGCACATTAGATGCCT,1
GGCACATTTGACTTTA,1
GGCACCAAAAGAACAA,1
GGCACCAATGCAAATA,1
GGCACCACTCTCCGTC,1
GGCACCACTCTCTCCC,1
GGCACCATACAGTACA,1
GGCACCATCGGTATGG,1
GGCACCCAAAGGCAAG,1
GGCACCCATTCCTAAA,1
GGCACCCCACACCATG,1
GGCACCCCCTACCACG,1
GGCACCCCCTTTGGTA,1
GGCACCCCTTGGTTTA,1
GGCACCGCAACAAGAG,1
GGCACCGCCCACTCTT,1
GGCACCGTAGTCTCTG,1
GGCACCTAACGAACTG,1
GGCACCTAACGCAATG,1
GGCACCTACACTTTCA,1
GGCACCTAGCGCACTG,1
GGCACCTCTAGGTACC,1
GGCACCTGTAAATAGT,1
GGCACGAACGATGATT,1
GGCACGACAGGTACTT,1
GGCACGACGTGGACAT,1
GGCACGAGACTATCCG,1
GGCACGCAAACCAATA,1
GGCACGCAAGGAACAA,1
GGCACGCCTGCTTCTG,1
GGCACGGTACGAGTTG,1
GGCACGGTCCTTTTGT,1
GGCACGTAACAAAACG,1
GGCACGTCCATAAGAT,1
GGCACTAAACTTTGCG,1
GGCACTAAGACGAAAA,1
GGCACTAAGTTAATTG,1
GGCACTACTGCCATGA,1
GGCACTAGCTATTATA,1
GGCACTAGTAGATAAT,1
GGCACTCCCAAAACGA,1
GGCACTCGCATATAGC,1
GGCACTGATACCTCAA,1
GGCACTGATATGTAGG,1
GGCACTGATTCAACGA,1
GGCACTGCTATTTATA,1
GGCACTGGTACAAACA,1
GGCACTTCATAGACAA,1
GGCAGAAACTCTCATT,1
GGCAGAAATCTTGCAA,1
GGCAGAAGAACAATAC,1
GGCAGAAGGACCATAC,1
GGCAGAATGAACACGT,1
GGCAGACAACCATGAT,1
GGCAGACACCGATTAC,1
GGCAGACCACGCATTG,1
GGCAGACCCCGCATTT,1
GGCAGACCCTGCATTG,1
GGCAGACCTACAGGTA,1
GGCAGACTCCGCATTG,1
GGCAGACTTAGTCACT,1
GGCAGAGAAAACTTGA,1
GGCAGAGACAGGGTCT,1
GGCAGAGCTGGAATGA,1
GGCAGAGGAATAGAAA,1
GGCAGAGTCAGGGTAT,1
GGCAGAGTCGGGGTCT,1
GGCAGATCAAATTAAG,1
GGCAGATCGACAGCAT,1
GGCAGATTGACAATAA,1
GGCAGCAATTAGGTGA,1
GGCAGCATAGAACTCG,1
GGCAGCCAATAGAGCC,1
GGCAGCCCCATACTCA,1
GGCAGCCCCTAGGAAT,1
GGCAGCCGTTAAACAT,1
GGCAGCCTGACTATAT,1
GGCAGCGAGACAATTT,1
GGCAGCGCACCTAGAG,1
GGCAGCGGCGGGTAAA,1
GGCAGCTACGTACACT,1
GGCAGCTGACGCCAAA,1
GGCAGCTTGTTGTGGA,1
GGCAGGAACGTTAACT,1
GGCAGGACCATCTCGA,1
GGCAGGATGATCGCAG,1
GGCAGGCGGGCTCTTG,1
GGCAGGCGGGTTTTTG,1
GGCAGGCGGTCTTTTG,1
GGCAGGCGTGCTTTTG,1
GGCAGGGACGATGCCA,1
GGCAGGTCGCTGTTCA,1
GGCAGTAAAGCGGCAT,1
GGCAGTACATTCGAAT,1
GGCAGTATACGACAAT,1
GGCAGTATTAGCATTT,1
GGCAGTCCAATGGGTC,1
GGCAGTCCTGTCCATA,1
GGCAGTGCAAATACGA,1
GGCAGTGTAAGACTAT,1
GGCAGTGTAGTTACAA,1
GGCAGTTAAATCCCAA,1
GGCAGTTAAGGGATAG,1
GGCAGTTAGAATCTAT,1
GGCAGTTGGCTGTTCA,1
GGCAGTTGTTACAACA,1
GGCAGTTTAACGAGCT,1
GGCATAAACAACAAAA,1
GGCATAAAGAAGAATG,1
GGCATAAAGTAATCAC,1
GGCATAACAGAAGCAT,1
GGCATAACAGTGCATA,1
GGCATAACGGTAGCGT,1
GGCATAACTCTCTCCC,1
GGCATAAGAAGCGTAC,1
GGCATAAGCCGAGTAC,1
GGCATAAGGATCTCAC,1
GGCATAATGATAAGAC,1
GGCATAATTTTACACA,1
GGCATACAAAAAAACA,1
GGCATACATGCACCGG,1
GGCATACCTATAGTAA,1
GGCATACCTTCAAATG,1
GGCATACTCCGATTGT,1
GGCATAGAAAGACCAA,1
GGCATAGACTGAATCG,1
GGCATAGATTTTTTGA,1
GGCATAGCCAAGAAAA,1
GGCATAGCGACAGACG,1
GGCATAGTAAAACGTT,1
GGCATAGTATGGTAAG,1
GGCATAGTCAAAAGTT,1
GGCATAGTCAAACGCT,1
GGCATAGTCAAACTTT,1
GGCATAGTGGGGTAAG,1
GGCATCAAGCGTTGGC,1
GGCATCACACTCTCCC,1
GGCATCACTCCCTCCC,1
GGCATCACTCTCTCAA,1
GGCATCACTCTCTCCA,1
GGCATCACTCTCTTCC,1
GGCATCCCGTAAAACA,1
GGCATCCTTACGAGGA,1
GGCATCGAGACCATTT,1
GGCATCTAACCATTTT,1
GGCATCTAATTCTCTT,1
GGCATCTCAAGCATAC,1
GGCATCTCAAGTATGC,1
GGCATCTCAGCTGAGC,1
GGCATCTCAGTTACCG,1
GGCATCTCTAAGGGAA,1
GGCATCTCTAATACCA,1
GGCATCTTATACCTGA,1
GGCATCTTCGCGATCT,1
GGCATGAAGAAAATTT,1
GGCATGACGTCCCGCG,1
GGCATGAGGAATATAT,1
GGCATGAGGACTATAG,1
GGCATGAGGTCTATCC,1
GGCATGCGAAGCGCAC,1
GGCATGCGGTCTATCT,1
GGCATGCTGTCTATCC,1
GGCATGCTTCCGAATT,1
GGCATGGACTGAATCT,1
GGCATGGACTGGATCG,1
GGCATGGATGAACAAT,1
GGCATGGATTTTTTGA,1
GGCATGGTACTTGCTG,1
GGCATGTACTGAATCG,1
GGCATGTATAATATAT,1
GGCATGTATGAACCAT,1
GGCATGTCAAGATAAA,1
GGCATGTTATTACTGG,1
GGCATTAAGCACGACA,1
GGCATTACGTAATTCA,1
GGCATTATAACTGCTT,1
GGCATTATATGGGTGA,1
GGCATTCACGCGTTGG,1
GGCATTGACTGAATCG,1
GGCATTGATTCATCAG,1
GGCATTGCAAGAAACA,1
GGCATTGCGTCTACAG,1
GGCATTGTATGAGTGA,1
GGCATTTAAGACGGGG,1
GGCATTTTAGAGTGTT,1
GGCCAAACAAAGGCCA,1
GGCCAAAGATACACTT,1
GGCCAAAGATATCCTT,1
GGCCAAAGATGCCCTT,1
GGCCAAAGCTAAAACA,1
GGCCAAAGGAAGTTAT,1
GGCCAAATCTATAACG,1
GGCCAAATCTATCAAG,1
GGCCAAATTTATCACG,1
GGCCAAATTTTTCATC,1
GGCCAACAACCATCCG,1
GGCCAACAATATAACA,1
GGCCAACCAGCGCCCT,1
GGCCAACGGACTGCCT,1
GGCCAACGGTAGCCTC,1
GGCCAACTGACCGCCT,1
GGCCAAGAATATGCCT,1
GGCCAAGACTACTAAG,1
GGCCAAGCTCATCTGC,1
GGCCAATCACAAGCGC,1
GGCCAATCACCCAAAG,1
GGCCAATTTAGCAAAC,1
GGCCACATAAAAACCT,1
GGCCACATAAGAACCA,1
GGCCACATAGAAACCA,1
GGCCACATATCTTCCG,1
GGCCACATATCTTTCG,1
GGCCACATGTAGTAAA,1
GGCCACCATCGTATAT,1
GGCCACCCTAATACGA,1
GGCCACCCTTATGTCA,1
GGCCACCTACGCTGCA,1
GGCCACGATGGTTCTA,1
GGCCACGGGCATCTCT,1
GGCCACGTTAGAACGC,1
GGCCACTCTAGTGCGC,1
GGCCACTTAACAAAAC,1
GGCCAGACACTGCCTC,1
GGCCAGATAAAAACCA,1
GGCCAGATCACACCAT,1
GGCCAGATCCATCTAC,1
GGCCAGCCTCTGTCTG,1
GGCCAGCGTTCATCCA,1
GGCCAGCTTAATACTC,1
GGCCAGGAAAAAATAC,1
GGCCAGGAAGCGGCTA,1
GGCCAGGTTAATGTCC,1
GGCCAGTCATAATCCT,1
GGCCAGTGGACAATAC,1
GGCCAGTGGACCACCA,1
GGCCAGTGTACTAAAT,1
GGCCATAAGAATGCTA,1
GGCCATACGATTACCC,1
GGCCATAGCCAATCTG,1
GGCCATATTCCTGCCT,1
GGCCATCAATGATGCA,1
GGCCATCCTGTGTCGC,1
GGCCATCTTCAAAGGA,1
GGCCATGTAAAGCGAA,1
GGCCATTAACAGTGCG,1
GGCCATTCCCCCAACT,1
GGCCATTGTTAATCTT,1
GGCCATTTTAACATGG,1
GGCCCAAAGTGATAAC,1
GGCCCAAATCAAATAT,1
GGCCCAACTCGATAAT,1
GGCCCAAGTCACGCAC,1
GGCCCAATAGTTCCGT,1
GGCCCAATCAGATCAT,1
GGCCCAATGGAACTGT,1
GGCCCACTCTCGCCGC,1
GGCCCACTCTTGCCGA,1
GGCCCACTCTTTCCGC,1
GGCCCAGAACATAATC,1
GGCCCAGAATTCCACG,1
GGCCCAGATTGGGAAC,1
GGCCCATACCAATCAT,1
GGCCCATACCGCCCTA,1
GGCCCATGACAAATGA,1
GGCCCATGCATTATTA,1
GGCCCCAACAGACCCG,1
GGCCCCAAGGCAAATA,1
GGCCCCAATAGATGTA,1
GGCCCCAATCTGTGAA,1
GGCCCCAATGCAAATG,1
GGCCCCACACTATAAA,1
GGCCCCACCGTAGCTA,1
GGCCCCCCCTGGTTTA,1
GGCCCCCCTTGATTTA,1
GGCCCCCGGTTCATAC,1
GGCCCCCTTGATCTTG,1
GGCCCCGAATTACACG,1
GGCCCCGTGACATTCT,1
GGCCCCTAATAAAACC,1
GGCCCCTAATCAGAAT,1
GGCCCCTAATTCCACG,1
GGCCCCTCCATTCAGT,1
GGCCCCTGTACAAATA,1
GGCCCCTTGGAATTTA,1
GGCCCGAAAAAAAGTC,1
GGCCCGAACCTATCGA,1
GGCCCGACAGTGACGG,1
GGCCCGACTTGCCTCG,1
GGCCCGAGACGTATCA,1
GGCCCGAGCCCTTTAA,1
GGCCCGAGGTAACGAT,1
GGCCCGCCTGCACAAT,1
GGCCCGCTCAATACTC,1
GGCCCGCTCTTGCCGC,1
GGCCCGCTTAATGCTC,1
GGCCCGTACCATTGTA,1
GGCCCGTACCATTTGA,1
GGCCCGTTATTGTAAA,1
GGCCCTAACTTCGCCT,1
GGCCCTACGACAACAT,1
GGCCCTAGCACGGTAA,1
GGCCCTATAGTTCCGT,1
GGCCCTATCTAGACAT,1
GGCCCTCTGAGTAACC,1
GGCCCTCTTAATACTC,1
GGCCCTCTTTGACTGA,1
GGCCCTGAAGGACCCT,1
GGCCCTGAATTCAAAG,1
GGCCCTGACCACACGA,1
GGCCCTGCAATTGAAT,1
GGCCCTTAGTCCTTTT,1
GGCCCTTGGCAGCGCG,1
GGCCCTTTAATGACGT,1
GGCCGAAACGAACCAT,1
GGCCGAAATCAAAATT,1
GGCCGAACTACGGCAG,1
GGCCGACCATTAATTA,1
GGCCGACGGACCGCCT,1
GGCCGATAAAGAATGA,1
GGCCGATTTCCCTTCA,1
GGCCGCATTCGAGCCG,1
GGCCGCATTCGGAGGT,1
GGCCGCCAAATTTAAG,1
GGCCGCCAACTTTAAT,1
GGCCGCCATAAGAAAG,1
GGCCGCCCAACACACC,1
GGCCGCCCAGGATTCC,1
GGCCGCTAAGTAACGC,1
GGCCGCTCAGTAACGA,1
GGCCGCTCAGTAGCGC,1
GGCCGCTTAGTAACGC,1
GGCCGGAAAATCCAGA,1
GGCCGGAACTCGCACA,1
GGCCGGAATCGTGCTA,1
GGCCGGACATTGCGAG,1
GGCCGGAGGGCGAGAC,1
GGCCGGCTGGCGAGAC,1
GGCCGGGGGGCGAGAC,1
GGCCGGGTGAAATCAA,1
GGCCGTAACGAAAGAC,1
GGCCGTACTATAAGGT,1
GGCCGTCGGGCGAGAC,1
GGCCGTTAATCTTAAA,1
GGCCGTTAGCATACGA,1
GGCCGTTCTTTATAAT,1
GGCCTAACCATGAGCA,1
GGCCTAACTAGATAAT,1
GGCCTAACTCGACCAA,1
GGCCTAATAATAGATC,1
GGCCTAATCTCGTGAC,1
GGCCTACAGAATACAA,1
GGCCTACTATCCGTCC,1
GGCCTAGACGAAAGCA,1
GGCCTAGCTAGTTTAT,1
GGCCTAGGATATTAAA,1
GGCCTATCGGTAACAA,1
GGCCTCAACAAAAAGA,1
GGCCTCACACTACCCA,1
GGCCTCACACTTTAAA,1
GGCCTCACGCTAGCCA,1
GGCCTCAGAAGGAACA,1
GGCCTCAGGCATGCAA,1
GGCCTCCAACCAAAAA,1
GGCCTCCAACTTTAAG,1
GGCCTCCAAGAAAGTC,1
GGCCTCCCGCCAATGT,1
GGCCTCGAAAAAAGGA,1
GGCCTCGCCACAATAT,1
GGCCTCGTAAAAGGGA,1
GGCCTCTACTCCTTTC,1
GGCCTCTGGTGTGATG,1
GGCCTGATTCCATTAG,1
GGCCTGCCATATCCTA,1
GGCCTGCGGGCGAGAC,1
GGCCTGGAACCATTTC,1
GGCCTGGAACTTTCAA,1
GGCCTGGTACAGCCTA,1
GGCCTGGTACTGATCA,1
GGCCTGTACCGATAGA,1
GGCCTGTCTCGTTCTC,1
GGCCTGTTGCCGATTT,1
GGCCTTAACACATGAG,1
GGCCTTAATAATTAGA,1
GGCCTTACACTTTGAG,1
GGCCTTCACATAAAGG,1
GGCCTTCGAGCAATTT,1
GGCCTTGAAGGAGTTC,1
GGCCTTGCGTACACCA,1
GGCCTTTATAACGTTA,1
GGCCTTTCAAATTATA,1
GGCCTTTGCCCGGGAC,1
GGCGAAAAAAATCTTC,1
GGCGAAAAACACCAGT,1
GGCGAAAAACCTATCG,1
GGCGAAAAGAAACCTC,1
GGCGAAAAGAAATGAC,1
GGCGAAAAGAGCCCTC,1
GGCGAAAAGGGTATGG,1
GGCGAAAAGTGCTTTA,1
GGCGAAAATAAACCCA,1
GGCGAAAATATAATAC,1
GGCGAAACACACCATT,1
GGCGAAATTGGTAAAG,1
GGCGAACAAGCTAGGA,1
GGCGAACAATATCACA,1
GGCGAACGAGCTAGTA,1
GGCGAACGGAACCTAA,1
GGCGAACGGCGCCTAC,1
GGCGAAGATCATATGA,1
GGCGAAGCATATCATT,1
GGCGAAGCATGCCTTA,1
GGCGAAGCCCTCACGA,1
GGCGAAGCCTTCCTTA,1
GGCGAAGCTCTCCCGA,1
GGCGAAGCTGGCTAGC,1
GGCGAAGGAACTCAGG,1
GGCGAAGTCCTCCCGA,1
GGCGAATAATTTCTCG,1
GGCGAATCCAAGTCAG,1
GGCGAATGAAAATATA,1
GGCGAATGAGAAATGT,1
GGCGAATGATGAGACT,1
GGCGAATGCTTAGACT,1
GGCGAATGGTCGATAT,1
GGCGACAAACGGTTAT,1
GGCGACAATACTATTG,1
GGCGACACAATAAGAC,1
GGCGACAGGTCGATAT,1
GGCGACATGCAATTGG,1
GGCGACCAAACGTAAA,1
GGCGACCCCCACGCAA,1
GGCGACCTGTCAAACA,1
GGCGACCTTATTTTCC,1
GGCGACGTTACACCAT,1
GGCGACTACATTAGGG,1
GGCGACTACGCTGACT,1
GGCGACTCGTCGATAT,1
GGCGACTTAGCTGACT,1
GGCGACTTCGCTTACT,1
GGCGACTTCTCTGACT,1
GGCGACTTTGCTGACT,1
GGCGAGAAGAACCCTC,1
GGCGAGAATGATTTGC,1
GGCGAGACACCAGCGA,1
GGCGAGACATCCCCAT,1
GGCGAGACCAGGGTAC,1
GGCGAGACCCAAGCGA,1
GGCGAGATAAAAATGC,1
GGCGAGCATGAACACG,1
GGCGAGCCCAGGCAAG,1
GGCGATAAACATAAAT,1
GGCGATAAACTATAAA,1
GGCGATACCCCTGCGA,1
GGCGATACGGCCCACA,1
GGCGATAGATAAAAAA,1
GGCGATCAGAACTAAA,1
GGCGATCATTCTGCTA,1
GGCGATCCAGGTGGAT,1
GGCGATCGGGCAAAGT,1
GGCGATCTAGGCGATG,1
GGCGATGAATAACATA,1
GGCGATGACTCTGCTA,1
GGCGATGAGTCTGCTA,1
GGCGATGATTCTGATA,1
GGCGATGCCACCCGGA,1
GGCGATGCCCTCCCGA,1
GGCGATGCCTGCCTTA,1
GGCGATGTATGAATAA,1
GGCGATGTGCAAAGAC,1
GGCGATTATGAAAAAA,1
GGCGATTCACCAAATA,1
GGCGATTGTTAATCTG,1
GGCGCAACGCTACTAG,1
GGCGCAACTCTACTCG,1
GGCGCACACTAATAAT,1
GGCGCACCGCTATCCG,1
GGCGCACCGTTGGCAG,1
GGCGCAGAACGAAAAA,1
GGCGCAGGAATTCAGG,1
GGCGCATATGAAAAAA,1
GGCGCATCAACAAACT,1
GGCGCCACTACGCCAT,1
GGCGCCCAGACGTGAT,1
GGCGCCTCTGTTTCCA,1
GGCGCGACCCCTACCA,1
GGCGCGCATCGCACTT,1
GGCGCGCCAAGCCTGC,1
GGCGCGGTACATAAAA,1
GGCGCTATAAACTACC,1
GGCGCTCATGAAAAAA,1
GGCGCTCCTAAAACGA,1
GGCGCTGACCACAAAA,1
GGCGCTGCACAAAATT,1
GGCGCTGGCCACGAAA,1
GGCGCTGGCCTCAAAA,1
GGCGCTGTCCACAAAA,1
GGCGCTTAGCGATGTA,1
GGCGCTTATCCTCAAT,1
GGCGCTTGCCACAAAA,1
GGCGCTTTAGACGTGC,1
GGCGGAAAACAAAAAG,1
GGCGGAAACCACGACA,1
GGCGGAAAGAACCCTC,1
GGCGGAAAGAGGATAG,1
GGCGGAACAAATATTT,1
GGCGGAACGAATATAA,1
GGCGGAACGGACATAA,1
GGCGGAACGGATATAG,1
GGCGGAACTAAAGGAG,1
GGCGGAAGACAGTCTG,1
GGCGGAATCAAGGCTA,1
GGCGGACAATAATAAT,1
GGCGGACCCCGACTCT,1
GGCGGACCTTAGATTA,1
GGCGGACGACGGTTTG,1
GGCGGACTCAAGGATA,1
GGCGGAGTACTAGCGC,1
GGCGGATACCCAACGG,1
GGCGGATACCCCGGAC,1
GGCGGATAGAAACTTT,1
GGCGGATCAAATTCAC,1
GGCGGATCATGTACCG,1
GGCGGATCGAATTCAG,1
GGCGGATGCCCAGGAC,1
GGCGGATGCCCCGGAA,1
GGCGGATGTTGCCCTT,1
GGCGGATTAACATACT,1
GGCGGATTCGGAATAA,1
GGCGGATTTAATTCGC,1
GGCGGCAGTCGACATG,1
GGCGGCCAATGACAGC,1
GGCGGCCACGGTAGAA,1
GGCGGCCAGGCGTAAA,1
GGCGGCCTAAATTTAT,1
GGCGGCGATACCGAAA,1
GGCGGCTACAGAAAGC,1
GGCGGGAACGAATTAT,1
GGCGGGAACGCATTCC,1
GGCGGGAAGGTTAACT,1
GGCGGGAATAAGCTAG,1
GGCGGGAATGTTAACT,1
GGCGGGACATAAAAAT,1
GGCGGGCGAAAAGTGC,1
GGCGGGCGGGCTTTTG,1
GGCGGGCTCTTCTGGC,1
GGCGGGCTGAATCGCC,1
GGCGGGGCCACCCTCT,1
GGCGGGGGAGCGTAAA,1
GGCGGGGTCAACCTCT,1
GGCGGGGTCACACTCT,1
GGCGGGGTCACCCTGT,1
GGCGGGTTCACCCTCT,1
GGCGGTAACTTACAGA,1
GGCGGTAATCCCAAGA,1
GGCGGTCAAATGCACG,1
GGCGGTGAAGTTTAGT,1
GGCGGTGCAAAGACGA,1
GGCGGTGGATCCCTTG,1
GGCGGTTACTCTTCTG,1
GGCGTAACGGATATAA,1
GGCGTAAGCGAATGCT,1
GGCGTAATAAGAGCTA,1
GGCGTAATTGTTAATA,1
GGCGTACACGAAGACA,1
GGCGTACATAATAAAT,1
GGCGTACCTACGCCCA,1
GGCGTACTATACTAAC,1
GGCGTACTTCTTCCAG,1
GGCGTAGGTCTCAAAC,1
GGCGTAGTTTATATAC,1
GGCGTATAACCAATAT,1
GGCGTATAGGTACGAA,1
GGCGTATCAAATTCAG,1
GGCGTATCTGTAAGGA,1
GGCGTATTGAAAACGA,1
GGCGTCACATGAAGTA,1
GGCGTCACTTGATAAG,1
GGCGTCCCTTAATAAG,1
GGCGTCTAAATAAACA,1
GGCGTCTGAGAATACT,1
GGCGTCTGATTTATTC,1
GGCGTGAAACAACCAA,1
GGCGTGAGTGGGACTG,1
GGCGTGATTGTAGACC,1
GGCGTGCAAAACTCTA,1
GGCGTGGACTGAATCG,1
GGCGTGGTCACCCTCT,1
GGCGTGTCAAAGTAAA,1
GGCGTTAAGTAACTGC,1
GGCGTTAATAACGAAC,1
GGCGTTAATATTAATG,1
GGCGTTCATGTGCAAT,1
GGCGTTCTCGGGTATG,1
GGCGTTGCTCAATCTA,1
GGCGTTGTTTTGTAAC,1
GGCGTTTAGTATCAGT,1
GGCGTTTCAACTTAAG,1
GGCGTTTGATGTCCTC,1
GGCGTTTGCTGTCCTC,1
GGCGTTTGTTGCACTC,1
GGCGTTTGTTGTCCTA,1
GGCGTTTTAACTTCTT,1
GGCGTTTTTTGTCCTC,1
GGCTAAAATAAATACC,1
GGCTAAAATCACACTA,1
GGCTAAACCCATAGTC,1
GGCTAAACCTTGAATT,1
GGCTAAAGATAAAGAC,1
GGCTAAAGGGGTAACC,1
GGCTAAAGTGAAGTAA,1
GGCTAAATAATGGTAC,1
GGCTAAATATAAAGAG,1
GGCTAACCCATGTTCC,1
GGCTAACGAAAACTGT,1
GGCTAACGCATACATA,1
GGCTAACTAACACTGT,1
GGCTAACTAATTAAAA,1
GGCTAACTGGGACCAC,1
GGCTAAGAAAAACCAA,1
GGCTAAGAAAGACCGA,1
GGCTAAGACCGCTGCT,1
GGCTAAGACCTCTACT,1
GGCTAAGTGCGTATTA,1
GGCTAATAACCTGGGT,1
GGCTAATACTGTACAA,1
GGCTAATATAAGGAAC,1
GGCTAATCAAAAACAA,1
GGCTAATCCGGATTAA,1
GGCTAATGAAAATATC,1
GGCTAATGCACCAAAA,1
GGCTAATGGAAATCCC,1
GGCTACAACTCCAACG,1
GGCTACAATCGTATAT,1
GGCTACACATGACTAA,1
GGCTACACGAAATAAT,1
GGCTACAGCATAATTC,1
GGCTACCAAGACAAAA,1
GGCTACCACACATCGG,1
GGCTACCAGCTGCATT,1
GGCTACCAGTAAAACC,1
GGCTACCATCAGAGAA,1
GGCTACCATCGTATAC,1
GGCTACCATCGTATCT,1
GGCTACCATCTTATAT,1
GGCTACCCTGTGTCGC,1
GGCTACCGGAGGTAAT,1
GGCTACCGTCGTATAT,1
GGCTACCTGGTCCTGA,1
GGCTACGACTTCCAGA,1
GGCTACGAGTCTAATC,1
GGCTACGCAGCCTAAC,1
GGCTACGCCAACTAAC,1
GGCTACGCCGCATAAC,1
GGCTACGGTAAGGCAA,1
GGCTACTATCAGACAA,1
GGCTACTATCAGATAA,1
GGCTACTCCCGAACGG,1
GGCTAGAAGAATCATT,1
GGCTAGAATTATCTGT,1
GGCTAGACATAGCACG,1
GGCTAGAGACGAAACC,1
GGCTAGATAATGCGTG,1
GGCTAGGAATCAGTTC,1
GGCTAGGATGGATCCG,1
GGCTAGGCCTTATAAA,1
GGCTAGGCCTTATATA,1
GGCTAGGTCTTAAGAT,1
GGCTAGTATCAGAGAA,1
GGCTAGTCCTTATACA,1
GGCTATAATGCAATCA,1
GGCTATACCCCGGCGA,1
GGCTATCAACTTCCTG,1
GGCTATCACCTCTCCA,1
GGCTATCAGAATCATT,1
GGCTATCCGGTGTCGC,1
GGCTATCCTGTGTCAC,1
GGCTATCGCTAGGGGA,1
GGCTATCTCTTCTGGC,1
GGCTATCTTTCTCCGC,1
GGCTATTCGAATGCAA,1
GGCTCAAAAAAAGCTG,1
GGCTCAAAAAAATCTT,1
GGCTCAAACAACAAGT,1
GGCTCAAACAATTAAC,1
GGCTCAAACACCAATT,1
GGCTCAAATAAACCCA,1
GGCTCAAATTATCTGT,1
GGCTCAAGTCAAGCAC,1
GGCTCACACTACAGGC,1
GGCTCACGAAATGAAT,1
GGCTCAGAAAGCACGG,1
GGCTCAGAAATGACAT,1
GGCTCAGACACCAAGT,1
GGCTCAGACACTAGTA,1
GGCTCAGACTTGGTAA,1
GGCTCAGGGCTGAAAC,1
GGCTCATCATCCGCTC,1
GGCTCATGGATCCCAA,1
GGCTCATTCGCTTTAC,1
GGCTCCAAATGACTAA,1
GGCTCCAACACACAAA,1
GGCTCCAATAGCCACT,1
GGCTCCAATCCACGTT,1
GGCTCCACATGACTCG,1
GGCTCCAGTTTTCTAG,1
GGCTCCCCGGAGAAAC,1
GGCTCCCTGACCTACC,1
GGCTCCTGTAAGGCAA,1
GGCTCCTGTTTCTAGA,1
GGCTCCTTGTCACTCA,1
GGCTCGAAGTATCTGT,1
GGCTCGAATCATCTGT,1
GGCTCGAATTACCTGT,1
GGCTCGAATTATATGT,1
GGCTCGACTTATACAT,1
GGCTCGGATAAGAGTA,1
GGCTCGGATTATCTGT,1
GGCTCTAACAAAGATG,1
GGCTCTACCCCGTAGT,1
GGCTCTCGTTATATAC,1
GGCTCTCTAAAAAGCG,1
GGCTCTGAAACCTTAC,1
GGCTCTGCACCTTGAT,1
GGCTCTGTACAAGAAG,1
GGCTGAAAAAAAACTA,1
GGCTGAAGAAACGCTA,1
GGCTGAAGACCTTATC,1
GGCTGAAGATTCTATG,1
GGCTGAAGGTCCCCGA,1
GGCTGAATAAAACCCT,1
GGCTGAATAACACACT,1
GGCTGAATAACAGCCT,1
GGCTGAATGACACCCT,1
GGCTGACCATAGCACC,1
GGCTGACCCCAAACAT,1
GGCTGACCCTTAAACA,1
GGCTGACCTGATAGTA,1
GGCTGACGATGATCAA,1
GGCTGACGATGCTGAA,1
GGCTGACGATGCTTAA,1
GGCTGACGATGCTTAT,1
GGCTGACGATTCTCAA,1
GGCTGACGCACCTTTA,1
GGCTGACTATGCTCAA,1
GGCTGACTGCATAATG,1
GGCTGAGATATCGTAT,1
GGCTGAGTAACACCCT,1
GGCTGAGTTAGAATCT,1
GGCTGAGTTAGTATGA,1
GGCTGATAATCAATAG,1
GGCTGATCTAGCTTTG,1
GGCTGATCTTATAATA,1
GGCTGATTTGCGATGC,1
GGCTGCACAATACGTC,1
GGCTGCATGAAATAAT,1
GGCTGCATGATCATGT,1
GGCTGCATTCGAAGTA,1
GGCTGCCATCGTATAT,1
GGCTGCCCGCTTAATA,1
GGCTGCGAACAAGAGT,1
GGCTGCGGAGCACACC,1
GGCTGCTAATTTCCAA,1
GGCTGCTGGACTACTA,1
GGCTGGAACGTTATAC,1
GGCTGGCAACCAGAGC,1
GGCTGGGACTATTAAT,1
GGCTGGGTATACATAG,1
GGCTGTACCGATATCT,1
GGCTGTATGCCTCAAA,1
GGCTGTCAAATTTACC,1
GGCTGTCACCGAAATT,1
GGCTGTCTCCTCTGGC,1
GGCTGTCTCTTCCGGC,1
GGCTGTCTCTTCTAGC,1
GGCTGTCTCTTCTGTC,1
GGCTGTCTCTTCTTGC,1
GGCTGTGATACAATCT,1
GGCTGTTACTCTTAAA,1
GGCTTAAAAAGAAAAA,1
GGCTTAAAGGTCAATG,1
GGCTTAAGGACATAAA,1
GGCTTAAGGCCGCAGT,1
GGCTTAATATCGCACT,1
GGCTTAATATTCCACT,1
GGCTTAATATTGAACT,1
GGCTTAATATTGCACC,1
GGCTTAATATTTCACT,1
GGCTTACAAGACAAAA,1
GGCTTACCGTTTTACC,1
GGCTTACTATCACGTC,1
GGCTTATAAGACAAAG,1
GGCTTATACACGGTCT,1
GGCTTATAGGACAAAA,1
GGCTTATCGTGCCGTC,1
GGCTTATGTAGCATCT,1
GGCTTATTATAAGTGA,1
GGCTTCAAACAGCCCA,1
GGCTTCACACGCACCC,1
GGCTTCAGAACATAAA,1
GGCTTCAGCTGTGAAT,1
GGCTTCAGGGTCTTAT,1
GGCTTCAGGTCATAAA,1
GGCTTCATATCGTAAG,1
GGCTTCCAACCCGACG,1
GGCTTCCCACACACCC,1
GGCTTCCCAGAATGAC,1
GGCTTCCCCCCCCTTT,1
GGCTTCCCTGAATGAC,1
GGCTTCCGTAAAAGAA,1
GGCTTCCTCACCCTTT,1
GGCTTCCTCCCACTTT,1
GGCTTCCTGAGATTCA,1
GGCTTCCTTTGTACTT,1
GGCTTCGAATTCTCCC,1
GGCTTCGAATTCTTCA,1
GGCTTCGAGTTCTTCC,1
GGCTTCGATTTCTTCC,1
GGCTTCGTTCCGTATA,1
GGCTTCTAATTCTTCC,1
GGCTTCTATTAAAAAC,1
GGCTTCTCACGCAACC,1
GGCTTCTGAAAAAGAA,1
GGCTTCTGTGAAAGAA,1
GGCTTCTTCCCCCTTT,1
GGCTTCTTTAAAAGAA,1
GGCTTGAAAAACAACA,1
GGCTTGAAAAGCAACC,1
GGCTTGAAATAGAAGT,1
GGCTTGAAATAGATAT,1
GGCTTGAATTATCTGT,1
GGCTTGAATTTTAGGA,1
GGCTTGACACGCAAGG,1
GGCTTGACTAACGAAT,1
GGCTTGCTATTTACAC,1
GGCTTGGCGGGGCCGA,1
GGCTTGTGAAATTCTT,1
GGCTTGTGACCGAACA,1
GGCTTGTGTAGTATCA,1
GGCTTGTTAAACCACA,1
GGCTTTAAAACTGGAT,1
GGCTTTAAATAGATGT,1
GGCTTTAACTAAACCA,1
GGCTTTAATATCAAAG,1
GGCTTTAATATCGAGG,1
GGCTTTAATGACATTC,1
GGCTTTATTAAACGAT,1
GGCTTTCCCTAGATTA,1
GGCTTTCCTAATATAA,1
GGCTTTCTCCCCCTTT,1
GGCTTTCTCGGGTATG,1
GGCTTTGACGAGCGTC,1
GGCTTTGATGACAGTC,1
GGCTTTGCCAACGCCT,1
GGCTTTGCCCCATGAT,1
GGCTTTGTAATCCCCT,1
GGCTTTGTAATTACCT,1
GGCTTTTCATGCAACC,1
GGCTTTTTCCCAATGC,1
GGCTTTTTCTCATCGC,1
GGGAAAAACAATGAAC,1
GGGAAAACAGTATTAG,1
GGGAAAACATATAGAT,1
GGGAAAACTATCATCC,1
GGGAAAAGAACCAAAT,1
GGGAAAAGAATAAAAA,1
GGGAAAAGATACCGAA,1
GGGAAAAGGAACTATA,1
GGGAAAATAGCCGCTA,1
GGGAAAATATATTTTT,1
GGGAAAATGGTCTTTA,1
GGGAAACAACGCACGC,1
GGGAAACAACTGACCG,1
GGGAAACCAATTGATA,1
GGGAAACTAGCTAACT,1
GGGAAACTATTGTTAC,1
GGGAAACTGACTAACT,1
GGGAAAGAAAATCTGT,1
GGGAAAGAAAGTTAAT,1
GGGAAAGAGCGACAAC,1
GGGAAAGAGTAATAGT,1
GGGAAAGCCCCTATAA,1
GGGAAAGCTGCTTGAA,1
GGGAAAGGTCATAATT,1
GGGAAAGTAAACTATT,1
GGGAAAGTAAGGTGAT,1
GGGAAAGTAGTAACGT,1
GGGAAATAGAATTCCA,1
GGGAAATCTAAACTTC,1
GGGAAATCTGATGTAG,1
GGGAAATGGGCAAGCT,1
GGGAAATTAACAATCA,1
GGGAAATTATCCTTTA,1
GGGAAATTGGATGTAG,1
GGGAAATTTAACTGTG,1
GGGAAATTTCATAATA,1
GGGAAATTTTATGTAG,1
GGGAACAAAGTATTAG,1
GGGAACAAATCCTAAT,1
GGGAACAAGCCAACCG,1
GGGAACAATACTTCCG,1
GGGAACAATATACCGA,1
GGGAACACAATATTAG,1
GGGAACACATAAATCC,1
GGGAACACCAATATCC,1
GGGAACACCGGCCAAG,1
GGGAACAGATCCTAAT,1
GGGAACAGATTCCCGA,1
GGGAACAGGGGATTCA,1
GGGAACAGGTGTTAAT,1
GGGAACATAGTATTAG,1
GGGAACATCCCGAAAC,1
GGGAACATTACTTTAA,1
GGGAACATTCCACATC,1
GGGAACCACCGGGGAT,1
GGGAACCCTACTTCAA,1
GGGAACCGGTTTTAAT,1
GGGAACCTGACGGAGG,1
GGGAACGAAAAGACAA,1
GGGAACGCCGGCCCAG,1
GGGAACGCTCTCCCAT,1
GGGAACGGGAGAACTA,1
GGGAACGGTATAGCTA,1
GGGAACGGTTCATTAA,1
GGGAACGTTGGTTAGA,1
GGGAACTACCAAGAGT,1
GGGAACTAGCTTTGAG,1
GGGAACTAGTCTTCGC,1
GGGAACTATCGCACTG,1
GGGAACTGACCGACGC,1
GGGAACTGACTGACGA,1
GGGAACTGACTGGCGC,1
GGGAACTGGTGTTAAT,1
GGGAACTTCCGATTCG,1
GGGAACTTTGGTTTGA,1
GGGAAGAAATAACTGA,1
GGGAAGAAATAATAAT,1
GGGAAGAACCATACGG,1
GGGAAGAATGAACCAT,1
GGGAAGAGTCCACATC,1
GGGAAGATCCCACATC,1
GGGAAGATCTGTCGAC,1
GGGAAGATTCAACATC,1
GGGAAGATTCCACATA,1
GGGAAGCGGTCGGCGT,1
GGGAAGCTAGAGCTAA,1
GGGAAGCTTAAGAATC,1
GGGAAGGAAGTAACTG,1
GGGAAGGTAAACTCTT,1
GGGAAGTACGTTAAAG,1
GGGAAGTAGGGTAAAG,1
GGGAATAAAGTGGTGT,1
GGGAATAATAGGGAAA,1
GGGAATAATCGCATAT,1
GGGAATACAATTATCA,1
GGGAATACGAACTCAA,1
GGGAATACGAACTCCC,1
GGGAATACGAACTGCA,1
GGGAATCAACCCAAAT,1
GGGAATCAAGGGTCTC,1
GGGAATCACACCAAAT,1
GGGAATCCCAATCTCA,1
GGGAATCGAAGCTAAC,1
GGGAATCGCCGCCTAC,1
GGGAATCGCTATGTAC,1
GGGAATGAATTAACCT,1
GGGAATGGACGTTAAA,1
GGGAATGGCCACAGAC,1
GGGAATGGGCGTTGAA,1
GGGAATTAATGAAAAG,1
GGGAATTAGACCAACA,1
GGGAATTTAAGCTATA,1
GGGACAAAACTCAGAG,1
GGGACAACGACGGCCA,1
GGGACAACGCATTTCG,1
GGGACAACTGGAGAAT,1
GGGACAAGCTGAATAA,1
GGGACAAGGAAAATCA,1
GGGACAAGGGAATAAT,1
GGGACAATAAAATTCG,1
GGGACAATCCTGGAGA,1
GGGACACCATAACTCG,1
GGGACACGTATTATTA,1
GGGACACGTGAATAGA,1
GGGACACGTTAAGGAT,1
GGGACACTGAACCCTG,1
GGGACACTGTAACCTG,1
GGGACACTGTACCAAA,1
GGGACACTGTACCCTA,1
GGGACAGAAAATTTCA,1
GGGACAGAAATGGATG,1
GGGACAGAAGTAACTG,1
GGGACAGAGATGCACA,1
GGGACAGCAAACAACC,1
GGGACAGCCTACTCAA,1
GGGACAGCTATTCGTG,1
GGGACAGTTGACTTTA,1
GGGACATAATTAACCA,1
GGGACATATTGAAACT,1
GGGACATATTTACCAA,1
GGGACATCGATGTGAA,1
GGGACATGAGTACATA,1
GGGACATGGTGAAAAC,1
GGGACATGGTGAAAAT,1
GGGACATGTGCCCCCA,1
GGGACATTACAGCTAA,1
GGGACATTATACCAAA,1
GGGACATTGTACAAAA,1
GGGACATTGTTCCAAA,1
GGGACATTTTACCAAA,1
GGGACCAACAAAAATG,1
GGGACCACATGCCCAA,1
GGGACCAGATCATAAC,1
GGGACCAGCTCTACAC,1
GGGACCATAAACAACC,1
GGGACCATATCGAATC,1
GGGACCCAACATCGTG,1
GGGACCCAACATCTTG,1
GGGACCCAACTCCGTG,1
GGGACCCGGGCTACCT,1
GGGACCCTCCCTGAAA,1
GGGACCGAAACGGACC,1
GGGACCGCCATCAATC,1
GGGACCGTGGCCATAC,1
GGGACCGTTAAATTAG,1
GGGACCGTTAGACAAT,1
GGGACCGTTATTTACA,1
GGGACCTAAAGTAACG,1
GGGACCTAGCTCTATA,1
GGGACCTATAAACAAA,1
GGGACCTATTTAACAA,1
GGGACCTCTCTTATAT,1
GGGACCTGTCAATCCA,1
GGGACCTGTGCTACCT,1
GGGACCTTAAAAATGG,1
GGGACGAAGTATGGTA,1
GGGACGACATCTGTAC,1
GGGACGACGACGCGCG,1
GGGACGAGCGTTTAAA,1
GGGACGAGTGATACGT,1
GGGACGAGTGCTAATG,1
GGGACGCAAAACTGGA,1
GGGACGCAATCCAGAT,1
GGGACGCCACCACTGA,1
GGGACGCGTGATAATG,1
GGGACGGATCTACGAT,1
GGGACGGTGACAGAAG,1
GGGACGTAGATTAGGT,1
GGGACGTGGGTATGGC,1
GGGACGTTAAACAACC,1
GGGACTAACCATAAGT,1
GGGACTAATAGGGGAA,1
GGGACTAATGATACGT,1
GGGACTACCCAGACAC,1
GGGACTATCACAACCA,1
GGGACTCTATTACACC,1
GGGACTGTCAAGGAAA,1
GGGACTGTTTCTTGAC,1
GGGACTTAATGCCTAG,1
GGGACTTAGTGAGGCG,1
GGGACTTATTTACCAA,1
GGGACTTGGACCACCC,1
GGGAGAAAAAAAATAG,1
GGGAGAAAAGGCAAGG,1
GGGAGAAAGATAGGAT,1
GGGAGAAAGCCGCAAC,1
GGGAGAAATACGCAAC,1
GGGAGAAATCAGCAAC,1
GGGAGAAATCCACAAC,1
GGGAGAAATCCGAAAC,1
GGGAGAAATCCGCAAA,1
GGGAGAAATCCTCAAC,1
GGGAGAACGCCTGGTT,1
GGGAGAACTCTTATGA,1
GGGAGAATATATCAGT,1
GGGAGAATCAATGAGA,1
GGGAGAATGCAAAAGC,1
GGGAGAATTGTCTTTA,1
GGGAGACTGAAAAAGC,1
GGGAGACTGCAAAAGA,1
GGGAGACTGTAAAAGC,1
GGGAGAGATACTACGA,1
GGGAGAGCAATGAAAA,1
GGGAGAGTCAGGGTCT,1
GGGAGATACTTCAACC,1
GGGAGATAGACAACGA,1
GGGAGATGATGATTAT,1
GGGAGATTTCAGAAAT,1
GGGAGCAAAGCGATTC,1
GGGAGCAAATTTAAAC,1
GGGAGCAACTTCAAAC,1
GGGAGCACCCAGATAA,1
GGGAGCACCCCGAAAT,1
GGGAGCACCGACCCAG,1
GGGAGCAGCAGATATA,1
GGGAGCCCCTCGGAAT,1
GGGAGCCTAGGCGCAG,1
GGGAGCGCCCACAAAG,1
GGGAGCTACTCGGTCA,1
GGGAGCTGTTTCAATA,1
GGGAGGAAAATCAGAA,1
GGGAGGAAACTAAGAA,1
GGGAGGAAACTCATAA,1
GGGAGGAAAGTGCGAA,1
GGGAGGAAGAACACAT,1
GGGAGGAAGTAGCAGG,1
GGGAGGACAAAAGAAC,1
GGGAGGACCGTATCCA,1
GGGAGGACTAAATAAG,1
GGGAGGACTATTTCCT,1
GGGAGGATCAATGAAA,1
GGGAGGCATGAAGAGA,1
GGGAGGCCAAAGCCAC,1
GGGAGGCCGATTTCCT,1
GGGAGGCCTATTTACT,1
GGGAGGCGGGCTTTTG,1
GGGAGGGAACTCAGAA,1
GGGAGGGAGAAGTTAG,1
GGGAGGGAGCCGACTA,1
GGGAGGGAGTCGACGA,1
GGGAGGGATCCGACGA,1
GGGAGGGGAGCATTAC,1
GGGAGGTCTTATTAGA,1
GGGAGGTTTCGACACG,1
GGGAGTAACACGGAAA,1
GGGAGTAACCCAACCA,1
GGGAGTACATACGAAT,1
GGGAGTATAAGCTTAG,1
GGGAGTATGTTATAGC,1
GGGAGTCATCGAAAAG,1
GGGAGTCCACCACATC,1
GGGAGTGAAGACCGCA,1
GGGAGTGGACGTTGAA,1
GGGAGTTAATCCCTAG,1
GGGAGTTAATGCATAG,1
GGGAGTTAATGCCTAA,1
GGGAGTTAATGTCTAG,1
GGGAGTTACGTGCTTT,1
GGGAGTTACTGCCTAG,1
GGGAGTTAGTGCCTAG,1
GGGAGTTTATGCACCA,1
GGGATAACACTCCAAA,1
GGGATAACAGGATCCA,1
GGGATAACTGCTCTAA,1
GGGATAAGGTCATCTG,1
GGGATAAGTTCCTGCC,1
GGGATAATAACGACAG,1
GGGATAATAATCCTAA,1
GGGATAATGCCGACAG,1
GGGATAATTTTACACA,1
GGGATACCATAACAAG,1
GGGATACCATAACAGA,1
GGGATACCATAATAAA,1
GGGATACCGTAACAAA,1
GGGATACGTCAGAGCC,1
GGGATACTACCTAAGG,1
GGGATACTGGGCAACC,1
GGGATAGACAAGGGTC,1
GGGATAGGCGAGGAAA,1
GGGATAGTATTATCCG,1
GGGATAGTGTTAGCCG,1
GGGATATAAAATTACA,1
GGGATATACAAACGCA,1
GGGATATACCAACTCA,1
GGGATATACTTTCGAT,1
GGGATATCATCGAAAA,1
GGGATATCTATTCCAC,1
GGGATATGAGCGGACA,1
GGGATATGGCTAAGGT,1
GGGATATTTGATGTAG,1
GGGATCAAAACTATAC,1
GGGATCAAATCAAGGG,1
GGGATCAACACTTTCC,1
GGGATCAACTTTAAAC,1
GGGATCAGCAGTGGGG,1
GGGATCAGGCATTCAG,1
GGGATCCTGCGGTTGT,1
GGGATCGATACCGTTT,1
GGGATCGCTCCAGATG,1
GGGATCTAACGAAGAG,1
GGGATCTACAAGACAA,1
GGGATCTGCGATTACA,1
GGGATGAAACTCAGAA,1
GGGATGAACCATACAG,1
GGGATGACTCACCTCA,1
GGGATGCAAAACTGGG,1
GGGATGCAATTACGTT,1
GGGATGCCTAATTAGG,1
GGGATGGAGCCGACGA,1
GGGATGGCACAAGAAG,1
GGGATGGCCGAGTTTG,1
GGGATGTACTTTCGAT,1
GGGATGTCTAGACCAA,1
GGGATGTGAGAAAAAT,1
GGGATTAATAGGGAAA,1
GGGATTACCCGGTGAG,1
GGGATTAGAAAAGCGT,1
GGGATTAGAAGGAGAT,1
GGGATTAGGGAAGCAC,1
GGGATTCACGCGTAGG,1
GGGATTCACGTGTTGG,1
GGGATTCCCGGGTGAG,1
GGGATTCTAAGCCATC,1
GGGATTGAATTGGAAT,1
GGGATTGAGCAATGAG,1
GGGATTGCCATAACGA,1
GGGATTGCTATAACAA,1
GGGATTTCATACAAAT,1
GGGATTTCATGAAAAC,1
GGGCAAAAACGTGGGA,1
GGGCAAAAAGCAAGCG,1
GGGCAAAACCCCTGAA,1
GGGCAAAATGGAGATC,1
GGGCAAAGGAAATATA,1
GGGCAAAGGAACTACA,1
GGGCAAAGGAATTATA,1
GGGCAAATAAGGTAAG,1
GGGCAAATAGGGTAAA,1
GGGCAAATTCCGCACT,1
GGGCAAATTTTATCAA,1
GGGCAACACCCTACCG,1
GGGCAACATGACTGTT,1
GGGCAACCGACTAAGA,1
GGGCAACTAAGAAGAA,1
GGGCAAGGTATAGCTA,1
GGGCAAGTGCGGAACA,1
GGGCAATAGAGACGAA,1
GGGCAATAGCTATCAA,1
GGGCAATATAACTGTT,1
GGGCAATATCAACCTT,1
GGGCAATATGGCTGTT,1
GGGCAATTAACAATCT,1
GGGCAATTGACAATCA,1
GGGCAATTTATTGCCC,1
GGGCACAAACCCTAAT,1
GGGCACAAATCCTGAT,1
GGGCACATCAGCTTCC,1
GGGCACATCCTTCGCC,1
GGGCACCAGACACAGC,1
GGGCACCCGAAGCGAC,1
GGGCACGAGCTCTAGA,1
GGGCACGCACAATTCC,1
GGGCACGCCGCACCAG,1
GGGCACGCTCCCATAA,1
GGGCACGGGATAGCTA,1
GGGCACGGTATAGATA,1
GGGCACGGTCCCTAAT,1
GGGCACGTTGAACACC,1
GGGCACTAAACCGGCG,1
GGGCACTAAGACAGTA,1
GGGCACTTGCTACCCC,1
GGGCAGATCTCTTCTA,1
GGGCAGCGATGGAACT,1
GGGCAGGACCAGTAAG,1
GGGCAGGCGCTACATG,1
GGGCAGTAACAACATA,1
GGGCAGTTACGGAGTT,1
GGGCAGTTTAGGCAGT,1
GGGCATAAAGCATCTT,1
GGGCATAAATCCTAAT,1
GGGCATAACAAGTCTC,1
GGGCATACGCCAATTT,1
GGGCATACGTACATCC,1
GGGCATACTCCCATTT,1
GGGCATAGCTAGTTAA,1
GGGCATAGCTATCAAA,1
GGGCATATAACGCTAT,1
GGGCATATACTACTGA,1
GGGCATCATATCCTAT,1
GGGCATCATGTTCTAT,1
GGGCATCCTGTAAGAC,1
GGGCATCGTACCTTCA,1
GGGCATGAAAGAAACA,1
GGGCATGATACAATCA,1
GGGCATGCGCCCATTT,1
GGGCATGGAAAACTGA,1
GGGCATGGAATCTCCC,1
GGGCATTCAATACAAA,1
GGGCCAAAACGTGAGA,1
GGGCCAAAACGTGGGG,1
GGGCCAAAAGAATGAG,1
GGGCCAAATGACCTTA,1
GGGCCAACCAGTGGTT,1
GGGCCAAGGAATATTG,1
GGGCCACCTTTAGCCG,1
GGGCCACGCCAATAAC,1
GGGCCACGCCGAGACA,1
GGGCCACGCCTCACGG,1
GGGCCACGTGAACAGA,1
GGGCCACGTGGTAAAA,1
GGGCCACTTGAATAGA,1
GGGCCAGAGAGCAACC,1
GGGCCAGAGCACAACC,1
GGGCCAGAGCGCAACA,1
GGGCCAGATAGACAGC,1
GGGCCAGGACTCAGAT,1
GGGCCATACAAATTTA,1
GGGCCATAGTATAAGA,1
GGGCCATCACCCACAG,1
GGGCCATTCAAAAAAT,1
GGGCCATTCTTTTGCA,1
GGGCCCAACGCGATAA,1
GGGCCCAATTAACACC,1
GGGCCCACGAATATGT,1
GGGCCCCAACCAGGAA,1
GGGCCCTGATTTTACC,1
GGGCCCTTGGACTTCT,1
GGGCCGAACAAGACGA,1
GGGCCGAAGACCAGAA,1
GGGCCGACCATGTACG,1
GGGCCGATTGAGACAC,1
GGGCCGCTAACTGTTC,1
GGGCCGGACCATACTT,1
GGGCCGTACACGGAAT,1
GGGCCGTATTAGGGTG,1
GGGCCGTATTTGTGTG,1
GGGCCTAAAAGCTTTA,1
GGGCCTACTTACCCCT,1
GGGCCTCAAGATGGGA,1
GGGCCTCAGCATTCAA,1
GGGCCTGACCGACCTC,1
GGGCCTGGATTGATTA,1
GGGCCTTACTAAACGT,1
GGGCCTTACTATATAG,1
GGGCCTTTAGCCTCGA,1
GGGCGAAATACAGAAG,1
GGGCGAACAAATAATA,1
GGGCGAACTTAAGAAG,1
GGGCGAAGAAAAAGCA,1
GGGCGAAGATGCGAAT,1
GGGCGAATCACAAACT,1
GGGCGACCCAAAAACC,1
GGGCGAGAAAGAAACT,1
GGGCGAGGATACGAAT,1
GGGCGAGGATGCAAAT,1
GGGCGAGGATGCGAAC,1
GGGCGAGGATGCGTAT,1
GGGCGAGGTACTAGAC,1
GGGCGATCTAAACGAA,1
GGGCGATGGCACAATG,1
GGGCGATTCAAAGATT,1
GGGCGCAAATCATAGG,1
GGGCGCAAATCATTGG,1
GGGCGCACTCTCTTAT,1
GGGCGCAGATCATCGG,1
GGGCGCATCGAAGGAC,1
GGGCGCCAACACTGTA,1
GGGCGCCAGCTCCGCC,1
GGGCGCCCATTACATA,1
GGGCGCCCTAATGATA,1
GGGCGCTGAAAACGAT,1
GGGCGCTGTAGCTAAA,1
GGGCGCTTTCGTGCTA,1
GGGCGGTCAACCACTC,1
GGGCGGTCGGTTCCTC,1
GGGCGTAAACTGAACA,1
GGGCGTAAATTCAATC,1
GGGCGTAAGACAGAAA,1
GGGCGTAGTAGAATAA,1
GGGCGTAGTGATGAAA,1
GGGCGTATACTGTAGC,1
GGGCGTCCCAATCTGC,1
GGGCGTCTCTACTCCT,1
GGGCGTGAACAGAAGA,1
GGGCGTGACCAGAAGA,1
GGGCGTGATCATAAGA,1
GGGCGTGCCAATATGT,1
GGGCTAAAACGTGACA,1
GGGCTAAAACGTGGGA,1
GGGCTAAACATTCTAT,1
GGGCTAACAAGAACAC,1
GGGCTAACTTAAGAAA,1
GGGCTACACAGGACTG,1
GGGCTACTCTACAAAA,1
GGGCTACTCTGAAAAA,1
GGGCTACTTTCCAATG,1
GGGCTATATTAGTTTG,1
GGGCTATGTGAATTTT,1
GGGCTATTAGCTACAG,1
GGGCTATTTGCCACAG,1
GGGCTATTTGCTAAAG,1
GGGCTATTTGCTTCAG,1
GGGCTCAAAAATAAGT,1
GGGCTCAAATCATCGG,1
GGGCTCCACGAGCATA,1
GGGCTCCCTTACGTCA,1
GGGCTCGCATCCCAGG,1
GGGCTCGCCGACGAAT,1
GGGCTCTAGCCCTGCC,1
GGGCTCTATTAAGCGA,1
GGGCTCTTACTGAAAA,1
GGGCTCTTGAGAGGCG,1
GGGCTGAAACTACCAG,1
GGGCTGACATGAATGC,1
GGGCTGCATTGCTTCC,1
GGGCTGCCCCCCAAGT,1
GGGCTGTCAAAAGACG,1
GGGCTGTTTAGGAACA,1
GGGCTGTTTTCCACTG,1
GGGCTTAATTGCAGCA,1
GGGCTTAATTGCGGAA,1
GGGCTTAGAGGGAGAT,1
GGGCTTAGATAAACCG,1
GGGCTTAGCTAAACCA,1
GGGCTTATAAGGAGAT,1
GGGCTTATCCTCTACA,1
GGGCTTATCTAAACCG,1
GGGCTTCACGACGTAT,1
GGGCTTGAGGAGGATC,1
GGGCTTGCCGATGAAT,1
GGGCTTGCGAGCTCGA,1
GGGCTTGTTAAGGGCT,1
GGGCTTTAACGCATTG,1
GGGCTTTCCCGGATAG,1
GGGGAAAACAATGAAT,1
GGGGAAAATCATATGA,1
GGGGAAACGCCTTGGA,1
GGGGAAAGAAGAGTAT,1
GGGGAAATCAACGACC,1
GGGGAACAGATATTGT,1
GGGGAACCCGTATCCA,1
GGGGAACTAGCAAACT,1
GGGGAAGATAATATGA,1
GGGGAAGATCTTATGA,1
GGGGAAGATTATATGA,1
GGGGAAGCTTATTAAT,1
GGGGAAGTACCCAAAA,1
GGGGAAGTCCACAAAA,1
GGGGAAGTCCCCAGAA,1
GGGGAAGTCCCGCCAT,1
GGGGAATAGAGTATTT,1
GGGGAATATACAGTAT,1
GGGGAATGAAGTATTG,1
GGGGAATGAGTACATA,1
GGGGAATTAACAATCA,1
GGGGAATTTGATGTAG,1
GGGGACACACATAAAA,1
GGGGACACCGGCCCAG,1
GGGGACAGAAGATTAT,1
GGGGACAGAAGGGTAT,1
GGGGACATGTAAACCC,1
GGGGACCACTGACTCG,1
GGGGACCATGCCAGTA,1
GGGGACCCAGTCACAA,1
GGGGACCCCGCCAGTA,1
GGGGACCCGTAAGCTC,1
GGGGACCCTGCAAGTA,1
GGGGACCCTTCCAGTA,1
GGGGACCCTTGATCAG,1
GGGGACCTCATACCAC,1
GGGGACGAGAATTAAT,1
GGGGACGCAGCAGTCG,1
GGGGACGCATACAACC,1
GGGGACGCGTTTCTCA,1
GGGGACGTGCCCACGA,1
GGGGACTCGGAAAATA,1
GGGGACTGAGTTCCAT,1
GGGGACTGGTCGATAT,1
GGGGACTTCCATGCCC,1
GGGGAGCTAACTTAAA,1
GGGGAGCTCTAGACTT,1
GGGGAGGATCATATGA,1
GGGGAGTACGGTAAAG,1
GGGGAGTCATCTCATA,1
GGGGAGTCCCCACCCG,1
GGGGAGTTAGGGCACT,1
GGGGATAAGAGTACCG,1
GGGGATAATAGCTGTA,1
GGGGATACGAACTCCA,1
GGGGATACGAGTAACG,1
GGGGATACGAGTACCA,1
GGGGATAGAACAAATA,1
GGGGATATACAATTTC,1
GGGGATCTCCACGGAA,1
GGGGATGAGCTCATAC,1
GGGGATTTCATCTTTC,1
GGGGCATCCTAAGAAG,1
GGGGCATCCTAAGCAG,1
GGGGCATGTGTGTCAA,1
GGGGCATTAGCTAAAA,1
GGGGCATTAGTACATA,1
GGGGCCAGACGACGGA,1
GGGGCCAGACGCAACT,1
GGGGCCCAGGAGAGTT,1
GGGGCCCGAATCCAGA,1
GGGGCCCTCTAGACAT,1
GGGGCCCTGGAAATTT,1
GGGGCCTAAGAGAAAA,1
GGGGCGAGCAAAGTAC,1
GGGGCGGGAGTAAAAA,1
GGGGCTAAAAAATTTA,1
GGGGCTAACGGACTAT,1
GGGGCTAACTGCCTAT,1
GGGGCTAATGGCCTAT,1
GGGGCTACTCATTGAA,1
GGGGCTTACAATTGTA,1
GGGGGAAAAAAACTCG,1
GGGGGAAAAAGATATA,1
GGGGGAACCATTAAAT,1
GGGGGAATAATCAATC,1
GGGGGAATTCAGAGTA,1
GGGGGACCATACCCAA,1
GGGGGACGCAAAATCA,1
GGGGGATAAATTTAAA,1
GGGGGATATCATCCTT,1
GGGGGATCCACATATC,1
GGGGGATTTTATAAGA,1
GGGGGCACATAGTTAA,1
GGGGGCAGTGTGTAGG,1
GGGGGCATATGCAATA,1
GGGGGCATATGCAGCA,1
GGGGGCCCTGACCTTA,1
GGGGGCCGTCATCGGG,1
GGGGGCGCATAAAAAA,1
GGGGGCTCCAAATATC,1
GGGGGCTCCACATATA,1
GGGGGCTCCACGTATC,1
GGGGGCTCGACATATC,1
GGGGGCTTATAAAAAA,1
GGGGGGAGAGTGTAGG,1
GGGGGGAGCGAAATCA,1
GGGGGGAGTGTGTATG,1
GGGGGGAGTGTTTAGG,1
GGGGGGCCCGACCTTA,1
GGGGGGGATTATCAAC,1
GGGGGGGTCACCCTCT,1
GGGGGTAAATCTGCAA,1
GGGGGTAGCAATACGC,1
GGGGGTCCGGTCCCAC,1
GGGGGTCCTGGTCACA,1
GGGGGTGAGCAAGGGA,1
GGGGGTTACACTACCC,1
GGGGGTTTACATTAAT,1
GGGGGTTTAGAGGGAA,1
GGGGTAAGATTAACCT,1
GGGGTAAGATTACCAT,1
GGGGTAATTCAGGGTA,1
GGGGTACTCTAGACAT,1
GGGGTAGAGCAGTCCC,1
GGGGTATACAATAGGA,1
GGGGTATAGAATACAA,1
GGGGTATGCCGACCAC,1
GGGGTATGCCGCCCAC,1
GGGGTATGCCGGCCAA,1
GGGGTATGCCTGCCAC,1
GGGGTCAGAACCAAAG,1
GGGGTCATGGATCTAA,1
GGGGTCCCCTAGACAT,1
GGGGTCCTCTAGGCAT,1
GGGGTCTTAATTCCAG,1
GGGGTGCCAACCAGCA,1
GGGGTGCCATGGGAAC,1
GGGGTGCCATTGGAGC,1
GGGGTGCTCAATACGC,1
GGGGTTAATATTAAGG,1
GGGGTTAGAGATAACC,1
GGGGTTATGGACGCTC,1
GGGGTTTAGTGACAGA,1
GGGGTTTATCGCAGAG,1
GGGGTTTTCCAATTGG,1
GGGTAAACACATCAGA,1
GGGTAAAGATTAAAGA,1
GGGTAAATAAGGTAAA,1
GGGTAACATAGACTGA,1
GGGTAACGATGTAATT,1
GGGTAACGTTAATTAA,1
GGGTAACTAGAACTCT,1
GGGTAACTCATCTTGA,1
GGGTAAGACTAGATAG,1
GGGTAAGCCTGAGCGG,1
GGGTAAGCTGAAGAAG,1
GGGTAAGGAGATTGTA,1
GGGTAATAAAAGTATT,1
GGGTAATAACATAGAA,1
GGGTAATACGTTATGA,1
GGGTAATTGCCTCCCC,1
GGGTACAACCAAGATA,1
GGGTACAAGTACTACT,1
GGGTACAATAACAACT,1
GGGTACAATTTAGACC,1
GGGTACACACATAAGA,1
GGGTACACACGTCAGA,1
GGGTACACCGGAGACT,1
GGGTACAGACGCTAAA,1
GGGTACATTAACGTGT,1
GGGTACCACAGACTGA,1
GGGTACCGATAGCTCA,1
GGGTACCGATTTAATT,1
GGGTACCGGAACTAAG,1
GGGTACCTCAATTTCA,1
GGGTACGCGTCCATAT,1
GGGTACGCTTCGATGG,1
GGGTACGTGCACACGA,1
GGGTACGTGCCCAAGA,1
GGGTACTGCCCTATGG,1
GGGTACTGTACCATGG,1
GGGTACTTGCCCACGA,1
GGGTACTTTAAGCATG,1
GGGTAGCAATCTTACA,1
GGGTAGTCCATCTGAC,1
GGGTATAAATTGTAAG,1
GGGTATACGAGTACCG,1
GGGTATAGATACAATC,1
GGGTATAGCGTCAAGA,1
GGGTATCCGCTGCCCA,1
GGGTATCTACGAAAGC,1
GGGTATCTATACCAAA,1
GGGTATCTCCTCGATC,1
GGGTATGGGTTTCTTC,1
GGGTATTAATGGCTTC,1
GGGTATTCAGCTATAA,1
GGGTCAAAACGTGGGA,1
GGGTCAAAATAATAGC,1
GGGTCAACACACGGAC,1
GGGTCAACTGGAAGAA,1
GGGTCAATAATAACCG,1
GGGTCAATGAGGTCAT,1
GGGTCACAATTGAAAA,1
GGGTCACCCAAACGAT,1
GGGTCACCGGATTCTA,1
GGGTCACGCATCACGG,1
GGGTCACGCCTTACGG,1
GGGTCACGGCTCACGG,1
GGGTCACTCCTCACGG,1
GGGTCAGAATGAAGCA,1
GGGTCAGAGAATTACT,1
GGGTCAGAGAATTGCT,1
GGGTCATAATAGGTTC,1
GGGTCATATTAAGTTC,1
GGGTCATATTATGTTC,1
GGGTCATCAGAGCAAA,1
GGGTCATTAAAATTAG,1
GGGTCATTTCAGAGAC,1
GGGTCCAAGTAATCGT,1
GGGTCCAATAGCCACT,1
GGGTCCATTTTAGCGA,1
GGGTCCCGTAATTACA,1
GGGTCCCGTTAAACAA,1
GGGTCCGAGAATATTA,1
GGGTCCTAGAATATTC,1
GGGTCCTCAGCACACC,1
GGGTCCTCAGTACAAC,1
GGGTCCTCTAACCCTG,1
GGGTCCTCTGTACACC,1
GGGTCGCGTCAATAGG,1
GGGTCGCGTTAAAAGG,1
GGGTCGGCATAGGCGT,1
GGGTCGGGTTAATAGG,1
GGGTCGTATTTGGGTG,1
GGGTCGTGAAAAATAC,1
GGGTCTACCGAGTAAC,1
GGGTCTACTTGAATAA,1
GGGTCTAGACACCTAT,1
GGGTCTAGTATGGTCA,1
GGGTCTATACTACCAC,1
GGGTCTCGTTAATAGG,1
GGGTCTCTACCCCGTA,1
GGGTCTGAATGCGATA,1
GGGTCTGCCCCCCAGG,1
GGGTCTGCGTATGCCC,1
GGGTCTTAGTTTAACA,1
GGGTCTTCCGTAGAAA,1
GGGTCTTGAGCTCATT,1
GGGTGAAACTGAAATT,1
GGGTGAAAGGAAATAC,1
GGGTGAACAAGAAATA,1
GGGTGAACGACTGGTT,1
GGGTGAACGCCTGTTT,1
GGGTGAACGTGTGAAG,1
GGGTGAACTCCTGGTT,1
GGGTGAAGAAATATTC,1
GGGTGAAGACGAAATA,1
GGGTGACCATTATTAA,1
GGGTGACCCAAACGAT,1
GGGTGACGTTGACCGT,1
GGGTGACTTACAGCAT,1
GGGTGAGTAACGAATT,1
GGGTGATACGAGCTAT,1
GGGTGATATCATCCTG,1
GGGTGATGACAATTTA,1
GGGTGATGAGAAAAAT,1
GGGTGATGTAGACAGC,1
GGGTGCAAACATTAAA,1
GGGTGCAAACTGTGGT,1
GGGTGCACCAGCTTCA,1
GGGTGCATCAGGTAAA,1
GGGTGCCAATCACGAC,1
GGGTGCGACTTTTTAC,1
GGGTGCGATGACACGC,1
GGGTGCGGATCGATTA,1
GGGTGCTATCTGACAA,1
GGGTGCTCCACATATC,1
GGGTGCTGGCTATATT,1
GGGTGGAGATAAGGTT,1
GGGTGGATAAATATCA,1
GGGTGGATACTACCGA,1
GGGTGGATTTCAATAA,1
GGGTGGGATCGCTGAG,1
GGGTGGGCTCGCTTAG,1
GGGTGGTTGCAGAAAC,1
GGGTGTAATTCGGTAA,1
GGGTGTAGTTCCCAAC,1
GGGTGTAGTTTCAACT,1
GGGTGTCACAAGGATT,1
GGGTGTCAGAAATTAT,1
GGGTGTCATGTTCAAA,1
GGGTGTCTCCTCGATA,1
GGGTGTCTCCTGGATC,1
GGGTGTCTTTTCAAAC,1
GGGTGTTATTAAAAGC,1
GGGTGTTCACCTCGGT,1
GGGTTAAAAAAAATTC,1
GGGTTAAAATTGCATA,1
GGGTTAAACATCCCGA,1
GGGTTAAGACTCTCCT,1
GGGTTAATGCACTTTT,1
GGGTTACATACCCAAA,1
GGGTTACCTATGTTCA,1
GGGTTACTAGGAACCA,1
GGGTTAGCGAGACTGT,1
GGGTTAGCTACCTCCA,1
GGGTTAGGTATGACTA,1
GGGTTAGTCAGCTCAA,1
GGGTTATACACAAGAG,1
GGGTTATACACGTTCT,1
GGGTTATGCCGGCCAC,1
GGGTTATGCTACTATA,1
GGGTTATGCTATGATA,1
GGGTTATTCTACGATA,1
GGGTTATTCTCAGACT,1
GGGTTCAAGGGAATGT,1
GGGTTCAATACTGACA,1
GGGTTCACCACTTTCG,1
GGGTTCACCATCCTGA,1
GGGTTCACTCCTTTAC,1
GGGTTCAGAAAAAAAT,1
GGGTTCCTTAGTAAGC,1
GGGTTCGTCTTACTAT,1
GGGTTCTAAAATATCC,1
GGGTTCTAGTAAAGTT,1
GGGTTCTCACCTCGGT,1
GGGTTCTGGACTAACT,1
GGGTTCTGTACTAACC,1
GGGTTGACTAAGCAAG,1
GGGTTGAGAGCTCATG,1
GGGTTGAGTTAAGACC,1
GGGTTGATCATAGCAC,1
GGGTTGCCAAGAGACT,1
GGGTTGCCATCCGGTC,1
GGGTTGCCCAATCAGA,1
GGGTTGCCCTTTTATA,1
GGGTTGCTAACCACGA,1
GGGTTGGAATCGCAAG,1
GGGTTGGATTGCCAAA,1
GGGTTGTACTCGCCTC,1
GGGTTGTATGAGGGAA,1
GGGTTTAGGAACTCTC,1
GGGTTTAGGCTCTCCT,1
GGGTTTCAAAACATCT,1
GGGTTTCAGAACATTT,1
GGGTTTCCATCCAGTC,1
GGGTTTCGGACTGCTC,1
GGGTTTCGGCCTGCTT,1
GGGTTTCGGCCTTCTC,1
GGGTTTCGGCTTGCTC,1
GGGTTTCTCCTCGATC,1
GGGTTTCTGCCTGCTC,1
GGTAAAAAATATTCTA,1
GGTAAAAACCGCACAT,1
GGTAAAAACTCCCACA,1
GGTAAAAAGGTTAACA,1
GGTAAAAATACCTCGC,1
GGTAAAACAAAAAGGT,1
GGTAAAACAGAAAACA,1
GGTAAAACGGGTATAA,1
GGTAAAACTAGATTAT,1
GGTAAAAGATAAGAAG,1
GGTAAAAGGATTGGAT,1
GGTAAAAGTAACTGTA,1
GGTAAAATAATATAGA,1
GGTAAAATAGCCGCTG,1
GGTAAACAAACAGTGG,1
GGTAAACAATACGGCT,1
GGTAAACACTGGCTAT,1
GGTAAACAGGTATAGT,1
GGTAAACCAAACAATA,1
GGTAAACTAACTAACT,1
GGTAAACTAAGACATG,1
GGTAAACTGAAAAATT,1
GGTAAAGAAATGCTAC,1
GGTAAAGCGTGCTTCG,1
GGTAAAGTAGACTCAA,1
GGTAAAGTAGTGGACA,1
GGTAAAGTATCCAACG,1
GGTAAATACGGAGATT,1
GGTAAATAGAAGGCTT,1
GGTAAATCAAAGTCCT,1
GGTAAATCACCGTTAG,1
GGTAAATCATATGGAG,1
GGTAAATCGAATCCAT,1
GGTAAATCGGGCTGGA,1
GGTAAATGAACGAACC,1
GGTAAATGATTTGTGC,1
GGTAAATGCAGTGTGG,1
GGTAAATTTTTAGAAA,1
GGTAACAAACTTACGT,1
GGTAACAAGCCGAACA,1
GGTAACACGCAGGGGA,1
GGTAACACTGTCGAGA,1
GGTAACAGGAGAACTA,1
GGTAACAGGCTTAAAA,1
GGTAACATCATCCATT,1
GGTAACATCCGAAGGA,1
GGTAACATGCGAAGAA,1
GGTAACATGGGAGCCC,1
GGTAACATGTGACAAT,1
GGTAACATTCGAAGAA,1
GGTAACCAGCGAAGAC,1
GGTAACCTCTGCTTGG,1
GGTAACGAGCTTAAAA,1
GGTAACGGGAAAACTA,1
GGTAACGGGAGAACCA,1
GGTAACGGGAGAACTT,1
GGTAACGGGATAACTA,1
GGTAACGGGCGAACTA,1
GGTAACGGGCTTGAAA,1
GGTAACGGGTGAACTA,1
GGTAACGGTCTTAAAA,1
GGTAACGGTTCATTAA,1
GGTAACGTGAGAACTA,1
GGTAACGTGGACAGGT,1
GGTAACTACAAGATAA,1
GGTAACTACGCCATGA,1
GGTAACTAGCTGTGAA,1
GGTAACTATTGATAAA,1
GGTAACTGACTGACGC,1
GGTAACTGGCTTAAAA,1
GGTAACTGGTCAAGGT,1
GGTAAGAAAACCCATC,1
GGTAAGAACTTAAAGC,1
GGTAAGAGCTGCCTTG,1
GGTAAGAGTACCTTAA,1
GGTAAGCATAGATAGA,1
GGTAAGCCAGAAGTAA,1
GGTAAGCCAGTAATCA,1
GGTAAGCCAGTTGGAC,1
GGTAAGCCATTTCGAC,1
GGTAAGCCGGTTCGAC,1
GGTAAGCGGGAGTAAA,1
GGTAAGCTATAACCTA,1
GGTAAGCTATCTACAT,1
GGTAAGGAAAATGAAC,1
GGTAAGGAATTATACC,1
GGTAAGGTATGAGACT,1
GGTAAGGTCGTTAATG,1
GGTAAGGTCTGTAATG,1
GGTAAGTACGTGTTCC,1
GGTAAGTCGAGGTCAC,1
GGTAAGTTAAGAGTGC,1
GGTAAGTTAGAGTGGT,1
GGTAATAAAGCGGCAT,1
GGTAATAATTAAATTA,1
GGTAATAATTGTCCAG,1
GGTAATAATTTATAAA,1
GGTAATACTAAAACAC,1
GGTAATACTAACGCAC,1
GGTAATAGAAGGGCCA,1
GGTAATAGGATAGATA,1
GGTAATAGTACGGCAG,1
GGTAATATCCACTTAC,1
GGTAATCCAGTTCGAC,1
GGTAATCGGTTGTGGT,1
GGTAATCTATGGTCAT,1
GGTAATCTTCACTGAC,1
GGTAATGAATAATTCA,1
GGTAATGAATAATTCT,1
GGTAATGAGATCCCGC,1
GGTAATGCAATACGCC,1
GGTAATGGACGTTGAA,1
GGTAATGGAGAATACT,1
GGTAATGGGAGAACTA,1
GGTAATGTCACATCGA,1
GGTAATGTCGGTAATG,1
GGTAATGTCTAGTCAG,1
GGTAATTAACAAAAGG,1
GGTAATTAACAGAAGC,1
GGTAATTAACATAAGG,1
GGTAATTAGACGGTAA,1
GGTAATTAGCTGGTAA,1
GGTAATTATTTAAACA,1
GGTAATTCAGTTAACC,1
GGTAATTCCCACTCAG,1
GGTAATTCCCGCGCAG,1
GGTAATTGAGGGACCC,1
GGTAATTGGAAACTCA,1
GGTAATTTCAACGGAG,1
GGTAATTTTCACGGAG,1
GGTACAAACATCTATC,1
GGTACAATCATTCGGG,1
GGTACACCAGACAATA,1
GGTACACCTCGAAGAC,1
GGTACACGAGGAGCTG,1
GGTACACGAGGATGTG,1
GGTACACGGGGAGGTG,1
GGTACACTCAAAACCC,1
GGTACACTCCAGATGA,1
GGTACACTGTACCCTG,1
GGTACAGCAGTACCAG,1
GGTACAGGAAATTTGA,1
GGTACAGTAGTGGACT,1
GGTACATAAAAGGCTT,1
GGTACATATAAGGCTT,1
GGTACATCTCAATCAA,1
GGTACATTGCCGGGTC,1
GGTACCATTTAAACTA,1
GGTACCCAACACCGTG,1
GGTACCCCATAACAGT,1
GGTACCCGCGATAATA,1
GGTACCCTACCACCTA,1
GGTACCCTGTCAAATG,1
GGTACCGAATTATATG,1
GGTACCGACTTATATG,1
GGTACCGAGTTATATA,1
GGTACCGGAAAACGAA,1
GGTACCGTAACTTGAG,1
GGTACCTAGTTATATG,1
GGTACCTGAACATCAA,1
GGTACCTGCAGTATCC,1
GGTACCTGTACATTCC,1
GGTACCTTAAAACAAG,1
GGTACGAAAACCAATC,1
GGTACGAAAACCCGTC,1
GGTACGAAAACGCATC,1
GGTACGAAATAGAAAT,1
GGTACGAAATTTTAAC,1
GGTACGACCTAGAAGT,1
GGTACGAGCCATGGCA,1
GGTACGCAAGACCGTC,1
GGTACGCCCCAGAAGT,1
GGTACGCCCTAAAAGT,1
GGTACGCCCTAGAGGT,1
GGTACGCCTCGCTCGG,1
GGTACGCGATCCTCAA,1
GGTACGCGGAGTACCT,1
GGTACGCTCTAGAAGT,1
GGTACGCTTCCCGACA,1
GGTACGTCGAGGTTAC,1
GGTACGTCGTAACAAA,1
GGTACGTGGCCTATAA,1
GGTACGTTGGCGAAAT,1
GGTACTAAAACCCATC,1
GGTACTAAAGAAGGTG,1
GGTACTAAAGGACACA,1
GGTACTAAATCCAACT,1
GGTACTACCACAGCCG,1
GGTACTACCTATGTCT,1
GGTACTATGCCATGAC,1
GGTACTCTAAACCCAA,1
GGTACTCTAAAGAAAT,1
GGTACTCTATGAGAAT,1
GGTACTGACAAATATT,1
GGTACTGACATAAAAG,1
GGTACTGTGTAAATAT,1
GGTACTTCGAACTCTA,1
GGTAGAAAGCAACTCA,1
GGTAGAAAGGGAAATC,1
GGTAGAAATATAGGTG,1
GGTAGAAATTAGGGTG,1
GGTAGAAGATCTATAT,1
GGTAGAATAATATATA,1
GGTAGAATTGATGCTA,1
GGTAGACAGCCATAAA,1
GGTAGACCAAAAATCA,1
GGTAGACCCCGCATTG,1
GGTAGACCTATAGTAA,1
GGTAGACTTGTCCCCA,1
GGTAGAGAAGCACAGA,1
GGTAGAGACCCTAACG,1
GGTAGAGACTAGTTAA,1
GGTAGAGATTCACGTC,1
GGTAGAGTGGGATACA,1
GGTAGATAATAAACTT,1
GGTAGATATGTTAATT,1
GGTAGATCGGTCGACT,1
GGTAGATTACTAAAAG,1
GGTAGCAACTTTAAAC,1
GGTAGCAAGACCTTAA,1
GGTAGCAATGAAAGCG,1
GGTAGCAATTCACGTC,1
GGTAGCACCTATTACT,1
GGTAGCACGTACAGAC,1
GGTAGCATCCGAAGAA,1
GGTAGCATTCCCACAG,1
GGTAGCCAACCACCAT,1
GGTAGCCCAAACCTTT,1
GGTAGCCCCTCGGAAT,1
GGTAGCCGACACAACG,1
GGTAGCGAGACCATTT,1
GGTAGCGATTTACGTC,1
GGTAGCGGGAGAACTA,1
GGTAGCTCCTACTAAT,1
GGTAGGAATCTGGTAA,1
GGTAGGAGATCCTCAA,1
GGTAGGCCCGCACACC,1
GGTAGGCCCTAGAAGT,1
GGTAGGCGATCCCCAA,1
GGTAGGCGATCCTAAA,1
GGTAGGCGGGCTTTTG,1
GGTAGGCTATCCTCAA,1
GGTAGGCTTAACCGGA,1
GGTAGGGCATAATCAT,1
GGTAGGGGATCCTCAA,1
GGTAGGTCCCTCTTAT,1
GGTAGTAACTACACGT,1
GGTAGTAACTGAACGT,1
GGTAGTAACTTCACGT,1
GGTAGTACATACGAAT,1
GGTAGTACGCAACTTA,1
GGTAGTAGAGACTATA,1
GGTAGTAGTATAAAGG,1
GGTAGTAGTGAAATTA,1
GGTAGTATAAGCTGAT,1
GGTAGTCCAAGTCTCA,1
GGTAGTGCTCTAAGGA,1
GGTAGTTAGCAGTCGC,1
GGTAGTTCATCTGCAA,1
GGTAGTTCATCTGCCA,1
GGTAGTTGTCTAATAA,1
GGTATAAAGAGGAATG,1
GGTATAAAGGAGAATG,1
GGTATAACAGGCTATG,1
GGTATAACCGATTCGA,1
GGTATAAGAACACTGC,1
GGTATAAGGACAACAA,1
GGTATAATAATATAGA,1
GGTATAATATTAAACC,1
GGTATAATCAGTCCCT,1
GGTATAATCTAAAACC,1
GGTATAATCTTAAAAC,1
GGTATAATTTTGCACA,1
GGTATACACCTCTAAT,1
GGTATACCATAACAAA,1
GGTATACCGATGTGAG,1
GGTATAGAACGGTAGC,1
GGTATAGATAACCTGT,1
GGTATAGCCATGGATC,1
GGTATAGCCGTCCTTT,1
GGTATATAAACCATCT,1
GGTATATACCAACGCA,1
GGTATATATCGAGCCG,1
GGTATATATGTTCTAA,1
GGTATATGCAAGTCAT,1
GGTATATGTGAATTTT,1
GGTATATTGAAAACGA,1
GGTATCAAAAAAAACC,1
GGTATCAAAGAAAAGA,1
GGTATCAAGCAAATCA,1
GGTATCAATGTCCAGA,1
GGTATCACAGCAGTGA,1
GGTATCAGCCACGCTG,1
GGTATCCAAACTTCAA,1
GGTATCCAGATAAACA,1
GGTATCGCATGGCACT,1
GGTATCTCCATGAAAC,1
GGTATCTTATATAGTA,1
GGTATGAATAAGTCAC,1
GGTATGACAAATCCGT,1
GGTATGACGGAGTTGT,1
GGTATGACGGCACAGA,1
GGTATGACTTAAGATA,1
GGTATGAGGACTATAT,1
GGTATGCAAAACTGGA,1
GGTATGCACTATCATT,1
GGTATGCATATAAACA,1
GGTATGCCCCTACACA,1
GGTATGCCGAGGATAT,1
GGTATGCGATCCTCAA,1
GGTATGCTGCCGAATT,1
GGTATGTACCCAAACT,1
GGTATGTAGATAAACA,1
GGTATGTATACAAACT,1
GGTATGTATCCAAAAT,1
GGTATGTATCCAAACA,1
GGTATGTATTCAAACT,1
GGTATGTTCAAGACCA,1
GGTATGTTTGACCCCT,1
GGTATTAAAGACGTAG,1
GGTATTAATCTCAACC,1
GGTATTAGCCACACTG,1
GGTATTATATACTTAG,1
GGTATTATTGTACTTT,1
GGTATTGCACGGAACC,1
GGTATTGGAATCCGGC,1
GGTATTGTTAGTTACA,1
GGTATTTAGACCTAGT,1
GGTCAAAAAAATCGAT,1
GGTCAAAAAAGGGGAC,1
GGTCAAAAACATAGAT,1
GGTCAAAAACATCGAC,1
GGTCAAAAAGATCGAT,1
GGTCAAACAATTTCTA,1
GGTCAAACGACCACCA,1
GGTCAAACGGAGACTT,1
GGTCAAAGAAAATGCT,1
GGTCAAAGAACGCATG,1
GGTCAAAGGAACTATA,1
GGTCAAATAAGGTAAA,1
GGTCAAATCGCTACAT,1
GGTCAAATTAAGACCT,1
GGTCAACCGTAGACTT,1
GGTCAACCTACGATTT,1
GGTCAACGGCGTAATT,1
GGTCAAGAACATCGAT,1
GGTCAAGATTTACCCC,1
GGTCAATACTAAAGTT,1
GGTCAATATAATATAG,1
GGTCAATCTAAGTAAA,1
GGTCAATCTAATATTA,1
GGTCACAAACAGTAGG,1
GGTCACAAATCCTAAT,1
GGTCACAGCCAATACT,1
GGTCACATAAAAACCA,1
GGTCACATATGCATCC,1
GGTCACATCTGTACAA,1
GGTCACATGACATACC,1
GGTCACCAGAACACAA,1
GGTCACCCAAACAACA,1
GGTCACCTTGCCAAGT,1
GGTCACGAAATCTTTT,1
GGTCACGTACACGGAT,1
GGTCACTAAATATTAC,1
GGTCACTACCTAAAAC,1
GGTCACTTAATGTTCT,1
GGTCAGAAACTGCCTG,1
GGTCAGACGTAAAACA,1
GGTCAGAGTAACTGAT,1
GGTCAGCGCTGCTGAA,1
GGTCAGCGTCGTAATT,1
GGTCAGGAATTACTGC,1
GGTCAGGATTGGAAAC,1
GGTCAGTATAGAAAAG,1
GGTCATAAGACCGAAA,1
GGTCATAAGCCAGAAC,1
GGTCATACATAACAAC,1
GGTCATAGAGCAACCA,1
GGTCATGAGATACCGC,1
GGTCATGAGATCCAGC,1
GGTCATGAGATCCCAC,1
GGTCATGAGATCCCAT,1
GGTCATGAGATCCCCC,1
GGTCATGAGGTCCCGC,1
GGTCATGAGTAGCGCA,1
GGTCATGGAAAAGGCT,1
GGTCATGGAAATGAGT,1
GGTCATGTACATGCCG,1
GGTCATGTTATCATAA,1
GGTCATGTTATTCCTG,1
GGTCATTAATGCTACT,1
GGTCATTCCCCCAACT,1
GGTCATTGCAAAGGCT,1
GGTCCAACGACTCACC,1
GGTCCAACGATTCACA,1
GGTCCAACGTTATAAC,1
GGTCCAAGAAAATGAT,1
GGTCCAAGCAAAAATT,1
GGTCCAAGGAAATGCT,1
GGTCCAATCAATAGTC,1
GGTCCACACGTACATA,1
GGTCCACGTATGCCCC,1
GGTCCACTCTTGCCGC,1
GGTCCACTGCTTAACT,1
GGTCCAGACCAAGGAA,1
GGTCCAGGGGATAGGT,1
GGTCCCAAAGGTAGTT,1
GGTCCCAATCAAGCAA,1
GGTCCCACATCCGTCT,1
GGTCCCCAACGGATAT,1
GGTCCCCATCTTAACC,1
GGTCCCCATCTTGATC,1
GGTCCCCATTATTCCG,1
GGTCCCCGTCTTGACC,1
GGTCCCCTTCAAGCAG,1
GGTCCCCTTCTTGACC,1
GGTCCCGCATCAGTCT,1
GGTCCCGCGTCCGTCT,1
GGTCCCTATCTTGACC,1
GGTCCCTCGGATAAGC,1
GGTCCGAAACCTATGC,1
GGTCCGACCTAGCAGA,1
GGTCCGGACTAACTGA,1
GGTCCGTATACCGTAG,1
GGTCCGTTCAATACCG,1
GGTCCTAATGTAAGAA,1
GGTCCTAGATGTTCGT,1
GGTCCTGAAATAAAAG,1
GGTCCTGGATAACCCA,1
GGTCCTGGATACCCGA,1
GGTCCTGGATACCTCA,1
GGTCCTGGATACGCCA,1
GGTCCTGGATACTCCA,1
GGTCCTGTTCTTCAAA,1
GGTCCTTAAGGGAATT,1
GGTCCTTAAGGTCTGT,1
GGTCCTTAATTACTGT,1
GGTCCTTACATAAAAG,1
GGTCCTTAGAGGAATT,1
GGTCCTTGCTATATAG,1
GGTCGAAAAAAAACAT,1
GGTCGAAACCGATAAC,1
GGTCGAAACCGATTAC,1
GGTCGAACATATCAAA,1
GGTCGAATATATCCAA,1
GGTCGACACAAACGCT,1
GGTCGACCCCTAAGTC,1
GGTCGACTACTTAATG,1
GGTCGAGATGTAACCC,1
GGTCGAGATTGGTCTG,1
GGTCGAGCACTTATAT,1
GGTCGAGCGTATGTAA,1
GGTCGAGTGTATCACT,1
GGTCGATAACACGCTT,1
GGTCGATAACTGGTAC,1
GGTCGATCAGATCAAC,1
GGTCGATCGATCGACT,1
GGTCGATCGGTCGAAT,1
GGTCGATCGGTGGACT,1
GGTCGATCGGTTGACT,1
GGTCGATCGTTCGACT,1
GGTCGATGAATTACAA,1
GGTCGCAAGACCGAAA,1
GGTCGCAATGACCATC,1
GGTCGCAATGTAACCG,1
GGTCGCCAGAAGAAAG,1
GGTCGCCCAAATTGCA,1
GGTCGCCCTAGTCCGT,1
GGTCGCGTAAATTATG,1
GGTCGCTAGGTCCATA,1
GGTCGCTCAGTAACGC,1
GGTCGGAAAAAATCAC,1
GGTCGGCACACACAGC,1
GGTCGGCACTTAGAGG,1
GGTCGGCCCTTATAGG,1
GGTCGGCGACCGTCTA,1
GGTCGGTGAGACCGAA,1
GGTCGGTTGTAGAAAT,1
GGTCGTAATTCCTTAG,1
GGTCGTAGTAGAAGAA,1
GGTCGTAGTGAAATGA,1
GGTCGTATGAAACGCT,1
GGTCGTCTATCCGACC,1
GGTCGTGGAAATGATT,1
GGTCGTGGAAATTAGT,1
GGTCGTTAAAAGGAAA,1
GGTCGTTCACCGACAA,1
GGTCTAACTTGTAATG,1
GGTCTAAGAGCATGGC,1
GGTCTAATACAGAAAG,1
GGTCTAATATTAGCTC,1
GGTCTAATGTTTAGCG,1
GGTCTACAAAACTACA,1
GGTCTACACAAATTGA,1
GGTCTACACAGGACTG,1
GGTCTACAGGTATCCA,1
GGTCTACCAATTTCTA,1
GGTCTACCGTGTTAAA,1
GGTCTAGCAGACGGAA,1
GGTCTATAACATGAAA,1
GGTCTATCATGAGTTT,1
GGTCTATCATTTGAAG,1
GGTCTATCGAGTTGGA,1
GGTCTATGAGAATTTT,1
GGTCTATGTGAACTTT,1
GGTCTATTCAATTAAC,1
GGTCTATTCTTAATAC,1
GGTCTATTTGAATTTT,1
GGTCTCAAGAGAGAAG,1
GGTCTCACACTAGAAA,1
GGTCTCAGATTTGCGC,1
GGTCTCAGCTGTACAC,1
GGTCTCCACAAGTTTT,1
GGTCTCCCATAACAGT,1
GGTCTCCCGACATCTG,1
GGTCTCGAATCCGTAA,1
GGTCTCGACTATATCT,1
GGTCTCGCACGGCTGA,1
GGTCTCGGTCCTGACC,1
GGTCTGAAAACCAACA,1
GGTCTGAGCAATCGTC,1
GGTCTGCACCCAATAA,1
GGTCTGCAGTGCTTCC,1
GGTCTGCAGTTGAGTC,1
GGTCTGCATTCCTTCC,1
GGTCTGCATTCGAGTC,1
GGTCTGCATTGCCTCC,1
GGTCTGCATTGCTTAC,1
GGTCTGCTGTTTAGCG,1
GGTCTGTCTCAGTAAT,1
GGTCTGTGATTGTAAA,1
GGTCTGTTTTTCACTG,1
GGTCTTACAATTTCTA,1
GGTCTTAGAAGGAGAT,1
GGTCTTATGACAACTT,1
GGTCTTCACCTAATCC,1
GGTCTTCATTGCTTCC,1
GGTCTTCATTGGTCCC,1
GGTCTTCCATTATATG,1
GGTCTTCTGTGACTTA,1
GGTCTTGGAAATGAGT,1
GGTCTTGGAATACGGC,1
GGTCTTGGAATCAGGC,1
GGTCTTGGAATCCGTC,1
GGTCTTGGAGGCACCA,1
GGTCTTTAAACCCCAA,1
GGTCTTTCGGCCGTAC,1
GGTCTTTCTATTCCCC,1
GGTGAAAAAACAGTAA,1
GGTGAAAAAATAAAGC,1
GGTGAAAACATGAGAT,1
GGTGAAAATCGGAAGT,1
GGTGAAACAATAAAGA,1
GGTGAAACAATAAATC,1
GGTGAAACGAAAAGGC,1
GGTGAAACGATAAAGC,1
GGTGAAACTGGTCAGA,1
GGTGAAAGACTTAAAC,1
GGTGAAATAATAAAGC,1
GGTGAAATTTAGACAT,1
GGTGAACAATTACGGA,1
GGTGAACAATTACGTG,1
GGTGAACACAGCTTTT,1
GGTGAACCACGCACAT,1
GGTGAACCTGGTAAGA,1
GGTGAACCTGGTCATA,1
GGTGAACCTGGTCGGA,1
GGTGAACGAATTATTA,1
GGTGAACGTGGTCAGA,1
GGTGAACTCGAAAATA,1
GGTGAACTTGGTCAGA,1
GGTGAAGATCATATGA,1
GGTGAAGATTCGGTAC,1
GGTGAAGGAGTCTTAC,1
GGTGAAGGTAGAGGAT,1
GGTGAAGGTGGAGGAC,1
GGTGAATAAACAGTAT,1
GGTGAATAAGTCGAGA,1
GGTGAATAAGTCTAGC,1
GGTGAATACCAATAAA,1
GGTGAATAGACAGTAT,1
GGTGAATAGGTCGAGC,1
GGTGAATATCGCGTAT,1
GGTGAATCCCCATCAA,1
GGTGAATCGACGATCG,1
GGTGAATGAAACAAAG,1
GGTGAATGAAACCAAC,1
GGTGAATTATAAAGTA,1
GGTGACAAACTTTATG,1
GGTGACATAAACTCCT,1
GGTGACATCAAGTATT,1
GGTGACATCGTTCTGC,1
GGTGACATGCGGAATT,1
GGTGACCAAGAAAAAC,1
GGTGACCCCATAATGA,1
GGTGACCCTGCCAGTA,1
GGTGACCGATATTGAT,1
GGTGACGGACGTACTT,1
GGTGACGGCATTCTAT,1
GGTGACGTTTAATTAA,1
GGTGAGAAAACCTTCC,1
GGTGAGAAACTATAAA,1
GGTGAGAAGGGATCTG,1
GGTGAGAAGGGATTTA,1
GGTGAGAAGGGGTTTG,1
GGTGAGAATGGATTTG,1
GGTGAGAATTTAATTA,1
GGTGAGAGGCTCAGGA,1
GGTGAGATGTCCCACA,1
GGTGAGCAGGCAACGT,1
GGTGAGCGACGGCGTC,1
GGTGAGGAGGGATTTG,1
GGTGAGGTAATGAGAT,1
GGTGAGGTCGGTAATG,1
GGTGAGTATAAATGCT,1
GGTGAGTATACAGTAT,1
GGTGAGTGGCCTATAA,1
GGTGATAAGGGATTTG,1
GGTGATAATGCCAGAG,1
GGTGATAATGTTAAAA,1
GGTGATACCCCGGCGA,1
GGTGATATAGAACCGC,1
GGTGATCCGCTGCCCA,1
GGTGATCTAAAAAAAC,1
GGTGATCTAAGATGGC,1
GGTGATCTGTACCCAC,1
GGTGATGCACATGACT,1
GGTGATGGGCATACAG,1
GGTGATGGGTCAACAC,1
GGTGATTAATTTTCGT,1
GGTGATTATAGAGAGA,1
GGTGCAAAAATGAGAT,1
GGTGCAAACACGAGAT,1
GGTGCAAACATGGGAT,1
GGTGCAAAGATGAGAT,1
GGTGCAACACGAGATA,1
GGTGCAACGGAGTGCC,1
GGTGCAAGAAATACCA,1
GGTGCAAGAATATGTA,1
GGTGCAAGGATACGTA,1
GGTGCAATATGGTTCC,1
GGTGCAATCTATAATC,1
GGTGCACAAAACATAG,1
GGTGCACCGTTAAGAA,1
GGTGCACGACAGCCTT,1
GGTGCACGGCAGCCAT,1
GGTGCAGCCAAAACCC,1
GGTGCAGTAAAAACCC,1
GGTGCAGTCAAAAACC,1
GGTGCAGTCAAGACCC,1
GGTGCATACACATTAA,1
GGTGCATCAAATGTGA,1
GGTGCCATAATAACCT,1
GGTGCCATGTAAAACA,1
GGTGCCTCAAATATAG,1
GGTGCGAAGTTATAAC,1
GGTGCGAGATTTTCAT,1
GGTGCGGACTTATACG,1
GGTGCGGATGTAACTA,1
GGTGCGGCCCCGCCAA,1
GGTGCTACAAATATAG,1
GGTGCTGGATACCCCA,1
GGTGCTTAAGTAAGGA,1
GGTGCTTCGAACGTGT,1
GGTGCTTCTACCGTGT,1
GGTGGAAACCGATCAC,1
GGTGGAAATAGATATA,1
GGTGGAAATCACTGAG,1
GGTGGAACAACCCAAG,1
GGTGGAATAAATCTTC,1
GGTGGACACTAATAAT,1
GGTGGACATAGGACCT,1
GGTGGATAGTAAACTT,1
GGTGGATCAAATTCAG,1
GGTGGATCATCTTGCC,1
GGTGGATTATACCTCA,1
GGTGGATTGTCTTGCC,1
GGTGGCAAAAATACGA,1
GGTGGCAAGTAACCTG,1
GGTGGCAATCACTGAC,1
GGTGGCAATCACTTAG,1
GGTGGCAATGACTGAG,1
GGTGGCATAGGAGCCC,1
GGTGGCATGAAGTCCT,1
GGTGGCCATGTAATTG,1
GGTGGCCGACGGTTTG,1
GGTGGCGAAATTGGGG,1
GGTGGCGATACATATT,1
GGTGGCGATCGCCAGG,1
GGTGGCGATTCACGTC,1
GGTGGCGTAATTACAC,1
GGTGGCGTACACTAAT,1
GGTGGCTCCACATATC,1
GGTGGGACATGAAAGC,1
GGTGGGACCTACAGAA,1
GGTGGGCGAACGTCTA,1
GGTGGGCGACCATCTA,1
GGTGGGCGACCGTATA,1
GGTGGGCGACCGTCTT,1
GGTGGGCGATCGTCTA,1
GGTGGGCTTATTGAAG,1
GGTGGGGTACAATAAC,1
GGTGGGTAATCCAGAA,1
GGTGGGTTAACATTAA,1
GGTGGGTTGACATTAA,1
GGTGGTAAGGAATAAC,1
GGTGGTCAAGAATAAC,1
GGTGGTCATATATAAG,1
GGTGGTCGGGAATAAC,1
GGTGGTCTAACAGAAT,1
GGTGGTGCCCACTTTG,1
GGTGGTTAACCTAACC,1
GGTGGTTGCTTAATCT,1
GGTGGTTGTGAAGAAA,1
GGTGGTTTTACATTAA,1
GGTGTAAACATTGAAA,1
GGTGTAAAGTAAATAG,1
GGTGTAACAAATCCGT,1
GGTGTAACGGATATAA,1
GGTGTAAGAATACGTA,1
GGTGTAAGATAAATAG,1
GGTGTAATCTCTGGAG,1
GGTGTACCAAAATTGC,1
GGTGTACCACCTCATC,1
GGTGTACTTACTACTT,1
GGTGTACTTACTCCTC,1
GGTGTAGACATAGACA,1
GGTGTAGGAGTCTTAC,1
GGTGTATAAGTCGAGC,1
GGTGTATACCGCTATG,1
GGTGTATATACAGTAT,1
GGTGTATTGTTACAGT,1
GGTGTATTTACATTAC,1
GGTGTCCCATAACAGT,1
GGTGTCCCGTCAGTCG,1
GGTGTCCCTGCGAATG,1
GGTGTCCCTTGATAAG,1
GGTGTCCGTATATAGT,1
GGTGTCCGTATCCTGT,1
GGTGTCCGTGAATCGC,1
GGTGTCCGTTATACAA,1
GGTGTCCGTTTCCTGT,1
GGTGTCCTCTAGACAT,1
GGTGTCCTTCTCCTGT,1
GGTGTCTCTGCTCAAG,1
GGTGTCTCTTACCCGA,1
GGTGTCTGTGATCTTC,1
GGTGTCTTAACCCAAT,1
GGTGTCTTATCATACC,1
GGTGTGAAAATTAGAA,1
GGTGTGACAACAATAC,1
GGTGTGCATACTGCCC,1
GGTGTGCGACCGTCTA,1
GGTGTGGATGTAAATA,1
GGTGTGGGTGTAACTA,1
GGTGTGTAATAAAATA,1
GGTGTGTATGTAACTA,1
GGTGTGTCAACGGACC,1
GGTGTGTTGTATTTAA,1
GGTGTTAGAACACAGC,1
GGTGTTCAGGAATAAC,1
GGTGTTCTAATCTGAT,1
GGTGTTGAAAGCCCGG,1
GGTGTTGTACTATGGC,1
GGTGTTGTAGACATAC,1
GGTGTTTCGAGCTAAG,1
GGTGTTTGAAAAAATT,1
GGTGTTTGATTGATGC,1
GGTGTTTGTGATTCAA,1
GGTTAAAACCAAACAT,1
GGTTAAAACCGCACAC,1
GGTTAAAATCGAGGAC,1
GGTTAAACCCAATGGC,1
GGTTAAAGACATAGTA,1
GGTTAAAGACTGAAAC,1
GGTTAAAGATAAAGAG,1
GGTTAAAGCCCTTCTA,1
GGTTAAATGGCCGAGT,1
GGTTAACAAACAAACA,1
GGTTAACAATAGTGTG,1
GGTTAACACTAGTATG,1
GGTTAACACTGGTGTG,1
GGTTAACCAGAAATGT,1
GGTTAACCAGATATAT,1
GGTTAACCATAAATAT,1
GGTTAACCCCCTAAAT,1
GGTTAACCGGAAATAT,1
GGTTAACGACGGCGTC,1
GGTTAACGAGCTGGTC,1
GGTTAACGTCCATTAA,1
GGTTAACTAACACCAA,1
GGTTAACTAGCTACTA,1
GGTTAACTATAGAACT,1
GGTTAACTGTTCCTCA,1
GGTTAACTTTCTTACA,1
GGTTAACTTTTATCAT,1
GGTTAAGAATACAGAT,1
GGTTAAGACAGGAGAT,1
GGTTAAGCCCCATCTG,1
GGTTAAGTAGCCATGA,1
GGTTAAGTCATTAAGG,1
GGTTAAGTTGATATGT,1
GGTTAATAACAACAGA,1
GGTTAATATGGTGAGA,1
GGTTAATCTCGCGTAT,1
GGTTAATTAACCTTCA,1
GGTTAATTATTAAACT,1
GGTTAATTTCCTTACA,1
GGTTAATTTTAAGAAC,1
GGTTAATTTTACAGAT,1
GGTTAATTTTCTTAAA,1
GGTTAATTTTCTTACG,1
GGTTAATTTTTTTACA,1
GGTTACACATCATAAA,1
GGTTACAGTTTATGTT,1
GGTTACGCCTTTGCTA,1
GGTTACGGGAGAACTA,1
GGTTACGTTCCCTCAC,1
GGTTACTAAGCTCCCT,1
GGTTACTACTGCCCTG,1
GGTTACTATCAAGTGC,1
GGTTACTGAACGACAA,1
GGTTACTTAAAACAAG,1
GGTTAGATCGAAATAA,1
GGTTAGATCTGAAAGG,1
GGTTAGCAGAATCATT,1
GGTTAGCCAGAAATAT,1
GGTTAGCCAGAATGAT,1
GGTTAGCCGGAAGGAT,1
GGTTAGGAAATTAAAG,1
GGTTAGGATTTAAGAC,1
GGTTAGTACCTTCGTA,1
GGTTAGTCCCACTTCA,1
GGTTAGTCGCTAAATT,1
GGTTAGTGCCTTGGTA,1
GGTTAGTTATGCGCTT,1
GGTTAGTTTTCAAATT,1
GGTTATAAAGCAAAGA,1
GGTTATAATCAGCGTT,1
GGTTATAATGTGAAAA,1
GGTTATACTCGAAAGA,1
GGTTATATCAACTTCG,1
GGTTATATGGAACCAT,1
GGTTATATGTAAATTT,1
GGTTATCAAAGAGGAT,1
GGTTATCCAATAAAAC,1
GGTTATCCAATCAAAG,1
GGTTATCCAGAAGGAT,1
GGTTATCCTGTGTCGC,1
GGTTATGCTCTATCCC,1
GGTTATTATCCAAGAA,1
GGTTATTGAAGCAGAC,1
GGTTATTTTTTCATCA,1
GGTTCAAAAAAAACAA,1
GGTTCAAACATGAGAT,1
GGTTCAAATACTTAAA,1
GGTTCAACAAGTCCAT,1
GGTTCAACAGATTAGA,1
GGTTCAACAGGTAATG,1
GGTTCAACCGTATCAC,1
GGTTCAACGGGTAATG,1
GGTTCAACTCTATCAC,1
GGTTCAACTGGTGATG,1
GGTTCAACTTGTAATG,1
GGTTCAAGGAATCCTA,1
GGTTCAATCAAAAGAT,1
GGTTCAATCAATTGAA,1
GGTTCACAATAACTTA,1
GGTTCACAATGAAGCA,1
GGTTCACGACTAAGTG,1
GGTTCACTGTAAAGCA,1
GGTTCAGAAAGAAGCA,1
GGTTCAGAATGAAGAA,1
GGTTCAGAATGAAGGA,1
GGTTCAGTCAAAACCC,1
GGTTCATAAGGCACCA,1
GGTTCATACTTCGAAC,1
GGTTCATGCACACTCT,1
GGTTCCAAACAAGCAC,1
GGTTCCAAATATGCAT,1
GGTTCCACGTAAGAAA,1
GGTTCCAGATGTTCGT,1
GGTTCCATAAAGCAAC,1
GGTTCCATACTGTCCT,1
GGTTCCATTTGAGCGA,1
GGTTCCCCCACCACCG,1
GGTTCCCCCCCAATAC,1
GGTTCCCTAAAACAAG,1
GGTTCCTAATGACAGA,1
GGTTCCTCCACAATAC,1
GGTTCCTCCTCAATAC,1
GGTTCCTTACATTTTG,1
GGTTCGCATCGATATC,1
GGTTCGCGAAACGCAA,1
GGTTCGGTGGCAAGCA,1
GGTTCGTCCCCAATAC,1
GGTTCGTCCGGTACAT,1
GGTTCGTTACCACCCT,1
GGTTCGTTATGATAAC,1
GGTTCGTTGTGACAAC,1
GGTTCGTTGTGATAAG,1
GGTTCTACCCTTATAG,1
GGTTCTAGATGCTCGT,1
GGTTCTAGATGTCCGT,1
GGTTCTATCAACAAGA,1
GGTTCTCATAGATCAA,1
GGTTCTCCTAGTCGCG,1
GGTTCTGAGTTGCGTA,1
GGTTCTGGATAAACCA,1
GGTTCTTACGTATTCG,1
GGTTCTTTCTAGTGTG,1
GGTTGAAACCATTAGA,1
GGTTGAAATACAGACG,1
GGTTGAAATCATTAGG,1
GGTTGAACATATCGCT,1
GGTTGAACTCATTAGA,1
GGTTGAACTGGTAATG,1
GGTTGAATAATATAGA,1
GGTTGAATGAGACACA,1
GGTTGAATTGGAAAAC,1
GGTTGACAAAAAACTA,1
GGTTGACAGTCAAAAT,1
GGTTGACCACATATAA,1
GGTTGACCTAGGCCTT,1
GGTTGACGATGCTCAA,1
GGTTGACGTACACAAG,1
GGTTGACTGAATCTCG,1
GGTTGACTTAATCCCG,1
GGTTGACTTAATCTCT,1
GGTTGACTTCACCGGC,1
GGTTGATAGATCAATA,1
GGTTGATATTAAAACA,1
GGTTGATGATTTTTTT,1
GGTTGATTTAAGACAT,1
GGTTGATTTTCTTACA,1
GGTTGCAACCAAGGAC,1
GGTTGCAACGATCCGC,1
GGTTGCAATGATCTGC,1
GGTTGCACGAAATAAT,1
GGTTGCATATGTGAGT,1
GGTTGCATGCGGAATT,1
GGTTGCCAATAAGTCG,1
GGTTGCGTTGCCCCCA,1
GGTTGCTAAAACAGCC,1
GGTTGCTACTGTCAAA,1
GGTTGGACGGACTTAC,1
GGTTGGATGAAGACCC,1
GGTTGGATGGACATAC,1
GGTTGGGAACGTCGAT,1
GGTTGGGAGCGCTCTA,1
GGTTGGGGGTGAAAGA,1
GGTTGGTACTCAGTTT,1
GGTTGGTTTACATTAA,1
GGTTGTAACAACATGA,1
GGTTGTACGGACATAC,1
GGTTGTATCATTCCAC,1
GGTTGTCAACGTAAGC,1
GGTTGTCAGGAATAAC,1
GGTTGTCAGTATGCGT,1
GGTTGTCAGTCAAAAT,1
GGTTGTCCAATCAAAC,1
GGTTGTCTATAAACCT,1
GGTTGTTAATGTCAAA,1
GGTTGTTACTGTTAAA,1
GGTTGTTGATAAACCT,1
GGTTGTTGCTGTCAAA,1
GGTTGTTTCATGGAAC,1
GGTTGTTTCCTGGAAC,1
GGTTTAAAGCACGTAT,1
GGTTTAAAGGGTGAAC,1
GGTTTAAATGTCGTGC,1
GGTTTAAGATGCACAC,1
GGTTTAATTACAGATA,1
GGTTTACAACCAAATA,1
GGTTTACATCCCCAAA,1
GGTTTACCTAAACTGT,1
GGTTTACTTAATCTCG,1
GGTTTACTTGCCAGTT,1
GGTTTAGAAATCCAGC,1
GGTTTAGAATGAAGCA,1
GGTTTAGACTAGTAAA,1
GGTTTAGGAGTAATAC,1
GGTTTATAATAATGTA,1
GGTTTATAGAATAAAA,1
GGTTTATAGTAAAACA,1
GGTTTATGTCACTTAG,1
GGTTTATGTGAATTTT,1
GGTTTCAAAATGAATG,1
GGTTTCAAAGTAGAGA,1
GGTTTCAAAGTATCGA,1
GGTTTCAAATTAGCGA,1
GGTTTCATTATACATT,1
GGTTTCCATTTATCAC,1
GGTTTCGAAGTAGCGA,1
GGTTTCGACCGAAGAT,1
GGTTTCGAGATCTGCT,1
GGTTTCTAACTAACCG,1
GGTTTCTGTAAAAGAA,1
GGTTTGAGTAATCAAA,1
GGTTTGATGAACCTCT,1
GGTTTGCAGTCCCCAC,1
GGTTTGCGAAGCTTCG,1
GGTTTGGAACACCCGC,1
GGTTTGGATGTAACTA,1
GGTTTGGTTAGGGACC,1
GGTTTGTAAAATGGCA,1
GGTTTGTAAACCAAAC,1
GGTTTTAAAGAACCGA,1
GGTTTTAACTCTGACA,1
GGTTTTAAGAACTTAT,1
GGTTTTAATAACGTAT,1
GGTTTTACTAAGCAAG,1
GGTTTTAGAAATGGTA,1
GGTTTTGTAATCACCT,1
GGTTTTTAAGACCTTA,1
GGTTTTTACTGTCAAA,1
GGTTTTTATCCCGGCA,1
GGTTTTTCCAGATACA,1
GTAAAAAAAAGTTGCG,1
GTAAAAAAAGCGTGGC,1
GTAAAAAAATTTACAG,1
GTAAAAAACGATAGGA,1
GTAAAAAAGTTTATGA,1
GTAAAAAATAAAGAAA,1
GTAAAAAATCAATCTT,1
GTAAAAACACAGTTAA,1
GTAAAAACACCCGTGG,1
GTAAAAACATAACGGT,1
GTAAAAACCCCCGATC,1
GTAAAAACCGTATGAA,1
GTAAAAACGCGATCAA,1
GTAAAAACGTATTCAA,1
GTAAAAACTATATAAA,1
GTAAAAACTATCCCCC,1
GTAAAAACTATTCAAT,1
GTAAAAAGAACTAACC,1
GTAAAAAGAAGTAGAT,1
GTAAAAAGACACGTGG,1
GTAAAAAGACCCGTGT,1
GTAAAAATAAAAGATA,1
GTAAAAATACATTGGA,1
GTAAAAATACCCGATC,1
GTAAAAATACGCTCGA,1
GTAAAAATATCATAGA,1
GTAAAAATCACCGATC,1
GTAAAAATCCCAGATC,1
GTAAAAATCCCCCATC,1
GTAAAAATCCCCGATA,1
GTAAAAATCTATCATA,1
GTAAAAATTCAACCAG,1
GTAAAAATTCCAAAAA,1
GTAAAACAAGCCAGAT,1
GTAAAACAAGCCATCT,1
GTAAAACAAGGGACTG,1
GTAAAACATAAAAGGC,1
GTAAAACATATAAAAC,1
GTAAAACCAGACATCT,1
GTAAAACCCATGCGCG,1
GTAAAACCGGGGACTG,1
GTAAAACCTATTCATT,1
GTAAAACGAATACCCG,1
GTAAAACGAATGTCAA,1
GTAAAACGTCACCCAA,1
GTAAAACTAAATGGCA,1
GTAAAACTGACTTGTC,1
GTAAAACTGGATATAT,1
GTAAAACTTAACGAGG,1
GTAAAACTTGATCTGG,1
GTAAAAGAATACCGGT,1
GTAAAAGAGTGTAGAG,1
GTAAAAGCCAAAACAG,1
GTAAAAGCCTGGCTGG,1
GTAAAAGGACCCGTGG,1
GTAAAAGGTCGGATAA,1
GTAAAAGTGGCCTCTG,1
GTAAAAGTGGGCTCTG,1
GTAAAAGTGTATCAAT,1
GTAAAAGTTTGCATCA,1
GTAAAATAAAGAAACG,1
GTAAAATAACAGATGA,1
GTAAAATAATCCAAGA,1
GTAAAATACATACTGT,1
GTAAAATACCAGAAAA,1
GTAAAATACCTGAAAC,1
GTAAAATAGTCTGATT,1
GTAAAATCAGAGCGAT,1
GTAAAATCCCATACCT,1
GTAAAATCTCTCCAGC,1
GTAAAATGATCATAGA,1
GTAAAATGGCAACCAG,1
GTAAAATGTAAATCGA,1
GTAAAATTAAAAATCG,1
GTAAAATTACGCAGGA,1
GTAAAATTGGCCCTAT,1
GTAAAATTGTTAAATA,1
GTAAAATTTAAATGAC,1
GTAAAATTTCTGGGGA,1
GTAAACAAAATATAAA,1
GTAAACAAAGGTTGCC,1
GTAAACAAGTATACTT,1
GTAAACAAGTGAAACC,1
GTAAACACACAACAAT,1
GTAAACACGAGGCCTG,1
GTAAACACGTAACCCT,1
GTAAACAGACTGCCAG,1
GTAAACAGATAACAAG,1
GTAAACAGGTCATAAA,1
GTAAACATCCTGTGGA,1
GTAAACATTGATCAAT,1
GTAAACCAATGAGGCC,1
GTAAACCATATTGAAA,1
GTAAACCATCACTATT,1
GTAAACCATCGGGTAA,1
GTAAACCCGTAATGAT,1
GTAAACCCTGACTATT,1
GTAAACCTATTAGACA,1
GTAAACGACAGTTATC,1
GTAAACGATTATACCA,1
GTAAACGCAACAGTAA,1
GTAAACGTAGCAATAT,1
GTAAACTACCCCTATA,1
GTAAACTATGCAATCT,1
GTAAACTCATTAACAC,1
GTAAACTGAAGCGGTG,1
GTAAACTGCTTTACAG,1
GTAAACTGGATCACAC,1
GTAAACTTACTGACTC,1
GTAAACTTCCCACACC,1
GTAAAGAAAAACCTCA,1
GTAAAGAAGAACGATG,1
GTAAAGAATAGAAAAT,1
GTAAAGACACACAACA,1
GTAAAGACATGCACAA,1
GTAAAGACCCAAATCG,1
GTAAAGACGACCTAAT,1
GTAAAGAGAGGATACT,1
GTAAAGAGCAGCAAAA,1
GTAAAGAGCTACTATG,1
GTAAAGATCATGGGAC,1
GTAAAGCAATTAGGTG,1
GTAAAGCAATTATCAT,1
GTAAAGCAGAAACTAT,1
GTAAAGCAGAAATTTG,1
GTAAAGCATACACTAT,1
GTAAAGCATTGCCACT,1
GTAAAGCCCCTAGAGT,1
GTAAAGCCCTCTGCTA,1
GTAAAGCCTCACTTTG,1
GTAAAGCTACCCCAGT,1
GTAAAGCTTAAATAGG,1
GTAAAGGAGACGTGGA,1
GTAAAGGATACGAGGA,1
GTAAAGGATACGTCGA,1
GTAAAGGATCAAGTTC,1
GTAAAGGCATAAAAAT,1
GTAAAGGCTACAAAGA,1
GTAAAGGTACGAATGC,1
GTAAAGTACAACTAAA,1
GTAAAGTACGATTGGT,1
GTAAAGTACTGCTATC,1
GTAAAGTAGTTCAAAC,1
GTAAAGTATACAAAGA,1
GTAAAGTATACGTGGA,1
GTAAAGTGAAAAACAA,1
GTAAAGTGCTAAGTAA,1
GTAAAGTGTGAGAAGC,1
GTAAAGTTAAACGTCC,1
GTAAAGTTACCCCAGG,1
GTAAAGTTCCTGCTCT,1
GTAAAGTTCGTGACAC,1
GTAAAGTTGCTGGTCT,1
GTAAAGTTGGTCATAA,1
GTAAATAAAAACTACT,1
GTAAATAAATACTAAT,1
GTAAATAACCCGAAAA,1
GTAAATAACGAGTTAA,1
GTAAATAAGCAGTTAA,1
GTAAATAAGCTAATGA,1
GTAAATAATCAAATGA,1
GTAAATACAACACACT,1
GTAAATACACAAGAAA,1
GTAAATACATACTCAA,1
GTAAATACCAACATAA,1
GTAAATACGTACTTAA,1
GTAAATACGTTCTTAA,1
GTAAATAGAGGATCCT,1
GTAAATAGCGCAATAA,1
GTAAATAGGCGTCAGC,1
GTAAATATAAAGATAC,1
GTAAATATACTGAAGG,1
GTAAATATATACTTAA,1
GTAAATATCCTGAAGT,1
GTAAATATCTACAGAT,1
GTAAATATCTAGAATA,1
GTAAATATGGAGTACA,1
GTAAATATTCTGTATA,1
GTAAATCACTAATCAA,1
GTAAATCCCCCTTAAG,1
GTAAATCGCATGGCAC,1
GTAAATCTAAAGGCCC,1
GTAAATCTAGCATTAA,1
GTAAATCTATTTCGGC,1
GTAAATCTTTGTAGTG,1
GTAAATGATATAACTT,1
GTAAATGCCTGGTAAT,1
GTAAATGCGTTTCCTC,1
GTAAATGCTAATATGA,1
GTAAATGGAATAATAC,1
GTAAATGGGTTCACAA,1
GTAAATGTAAGCACAT,1
GTAAATGTACGCAACT,1
GTAAATGTATATCAAC,1
GTAAATGTGGACCCAA,1
GTAAATGTTCCCCACG,1
GTAAATGTTTCCCAGG,1
GTAAATTACAATTGAG,1
GTAAATTAGTAATGGT,1
GTAAATTAGTGCCCCT,1
GTAAATTATAATATAG,1
GTAAATTATGATATAA,1
GTAAATTCGTTTAACA,1
GTAAATTCTAAAAAGT,1
GTAAATTGACATTCAA,1
GTAAATTGAGTAGCTA,1
GTAAATTGGTAAACAT,1
GTAAATTGTTTTAAAA,1
GTAAATTTAACCTATG,1
GTAAATTTCCTGGTCT,1
GTAAATTTTAACTATG,1
GTAAATTTTACCCATG,1
GTAACAAAAAACATTG,1
GTAACAAAAATTCTCA,1
GTAACAAAACTATAAA,1
GTAACAAATTAGGCCA,1
GTAACAACATACATAA,1
GTAACAACCACGAGTT,1
GTAACAACCATTTACT,1
GTAACAACCGAAAAAA,1
GTAACAACTCAACAAG,1
GTAACAAGGTACGACT,1
GTAACAATAATTGCCC,1
GTAACAATATGAACAA,1
GTAACAATCCACAGGT,1
GTAACAATCCCCAGTT,1
GTAACAATGATCGCAC,1
GTAACAATGATTGAAC,1
GTAACAATTCCCAAAT,1
GTAACACAAGTAAAGG,1
GTAACACAATACCGTG,1
GTAACACACCAACTGC,1
GTAACACACTACCGCG,1
GTAACACCTAACAATA,1
GTAACACGAGGTAAGT,1
GTAACACTATCTAAAA,1
GTAACACTTATCTAGG,1
GTAACACTTGATCACT,1
GTAACACTTGTACAAA,1
GTAACAGACCTACGTA,1
GTAACAGATATTAATA,1
GTAACAGCTCAGGTTA,1
GTAACAGTCTATCCCT,1
GTAACAGTGCAGGTTA,1
GTAACAGTTCAGTTTA,1
GTAACATAAACCAACC,1
GTAACATAAAGAACAA,1
GTAACATAAAGCCTTA,1
GTAACATAACTAAAAA,1
GTAACATACGGGGAAT,1
GTAACATACTACCGTG,1
GTAACATACTCAAACC,1
GTAACATAGTAGTATA,1
GTAACATATTCAAGGA,1
GTAACATCTGCAAGTG,1
GTAACATGACATACAG,1
GTAACATGAGTCATTC,1
GTAACATGCAAAAATA,1
GTAACATTCGAAAACA,1
GTAACATTTTGTTGAC,1
GTAACCAAATGTCGCT,1
GTAACCAACATTGATA,1
GTAACCAAGTTAAATT,1
GTAACCACACGACCAA,1
GTAACCACCACAACTA,1
GTAACCACCGTCGGAT,1
GTAACCCAAAGACAAA,1
GTAACCCAAGCCCTCG,1
GTAACCCAATTATGAC,1
GTAACCCGCTTGGCGG,1
GTAACCCGTTCGCCTT,1
GTAACCCTGTCAACCC,1
GTAACCGATCTTTACA,1
GTAACCGATCTTTATA,1
GTAACCGATCTTTGGA,1
GTAACCGCACCTTACA,1
GTAACCTAAGGCGTTG,1
GTAACCTAAGGGGAAT,1
GTAACCTACGGGTAAT,1
GTAACCTATGAAGACA,1
GTAACCTCATTGACCA,1
GTAACCTCGTACGAAT,1
GTAACGAAAACTTGGA,1
GTAACGAAATCCTTTA,1
GTAACGAACTTAAGTA,1
GTAACGAAGAATTGTT,1
GTAACGAAGATTTGGA,1
GTAACGAATCACATAC,1
GTAACGACAGGTGTAT,1
GTAACGACATGGAATC,1
GTAACGACCAAAATAA,1
GTAACGACTACCATTT,1
GTAACGATATACTTAA,1
GTAACGCAATACGTTT,1
GTAACGCACAACGTTT,1
GTAACGCACATCTATA,1
GTAACGCACGTGAGAT,1
GTAACGCACTACTTTT,1
GTAACGCAGTTTGCGG,1
GTAACGCCTCACTGTA,1
GTAACGCGATGAACGT,1
GTAACGCGATGGACGA,1
GTAACGCTGGAGTTCA,1
GTAACGGACCCTTCCC,1
GTAACGGCATCTATGA,1
GTAACGGCTATAGGTG,1
GTAACGGGTGAACTAT,1
GTAACGGGTTTGAATC,1
GTAACGGTCCATATAA,1
GTAACGGTCTCTTGGA,1
GTAACGTAGGAAGACA,1
GTAACGTATGAAGAAA,1
GTAACGTATGAAGATA,1
GTAACGTATTACACTA,1
GTAACGTCGGAGTTCA,1
GTAACGTGGGTTATTA,1
GTAACGTGGTAAGTAA,1
GTAACGTGTGAGAATC,1
GTAACGTTACAAGATA,1
GTAACGTTACCCAACA,1
GTAACGTTGGAATTCA,1
GTAACGTTGGAGTTCT,1
GTAACGTTGGGGTTCA,1
GTAACGTTTGAGTTCA,1
GTAACGTTTGATAAGA,1
GTAACTAAAACAAAAA,1
GTAACTAAACGACATG,1
GTAACTAACAAAGGTC,1
GTAACTAACCCTTAAG,1
GTAACTAACTCGGACT,1
GTAACTAAGAGGGGCA,1
GTAACTAAGGTACAAC,1
GTAACTAAGGTTTGAA,1
GTAACTACAACCCATA,1
GTAACTACCCCTTAAG,1
GTAACTACCCTGCGCA,1
GTAACTACCGGTACAA,1
GTAACTATAAGAAATA,1
GTAACTATAGGGCCAG,1
GTAACTATCTACAGAC,1
GTAACTATGAACCTCG,1
GTAACTATGAACTTTG,1
GTAACTATGTGCGCTT,1
GTAACTATTAACCTTG,1
GTAACTATTAGAAATA,1
GTAACTATTAGTCATG,1
GTAACTCAAAGGCAAA,1
GTAACTCCCCACACCC,1
GTAACTCCCTGATATA,1
GTAACTCGCTGGTACT,1
GTAACTCGTTTGAATC,1
GTAACTCTACTAGTAG,1
GTAACTGACAATGCTC,1
GTAACTGCAAAACAAA,1
GTAACTGCACGCAACA,1
GTAACTGCATCATTAC,1
GTAACTGCTAGTGTAC,1
GTAACTGCTTTGAATC,1
GTAACTGGATTGAATC,1
GTAACTGGTATGAATC,1
GTAACTGGTTTGAAAC,1
GTAACTGGTTTGAACC,1
GTAACTGGTTTGGATC,1
GTAACTTAAAGCTCAA,1
GTAACTTATTTGAAAA,1
GTAACTTCCTAAAAGC,1
GTAACTTCGTACTGAA,1
GTAACTTGAGGCGTAC,1
GTAACTTTGGAGTTCA,1
GTAACTTTTTACAACG,1
GTAAGAAAAACAACGT,1
GTAAGAAAACATGAGA,1
GTAAGAAAACATGGGA,1
GTAAGAAAACATTCGA,1
GTAAGAAAAGGTCATT,1
GTAAGAAACTGTGGGT,1
GTAAGAAAGACCACCT,1
GTAAGAAAGCCCGATA,1
GTAAGAAAGTAATAAA,1
GTAAGAAAGTACCTAC,1
GTAAGAAATACTACCT,1
GTAAGAAATAGCCACA,1
GTAAGAACCAGCTCTA,1
GTAAGAACTACCGTAA,1
GTAAGAACTCACTTCT,1
GTAAGAACTTTCAAGA,1
GTAAGAAGTAAATTAA,1
GTAAGAATAAACTAAA,1
GTAAGAATATAACCTA,1
GTAAGAATTTAGAGTT,1
GTAAGACAATGAAGCA,1
GTAAGACCCAAAAACA,1
GTAAGACGCCCCAATC,1
GTAAGACGGTGAAGGT,1
GTAAGACTAAAATCCC,1
GTAAGAGAACGCAGGG,1
GTAAGAGAAGTGCAAT,1
GTAAGAGACACTAAGT,1
GTAAGAGATAAATGTA,1
GTAAGAGATTATACCA,1
GTAAGAGCCGCAAAAC,1
GTAAGAGCTCTTTAAA,1
GTAAGAGGTATTGTTA,1
GTAAGAGGTGTTGAGA,1
GTAAGAGTTGGGGAAT,1
GTAAGATAATCATAGA,1
GTAAGATACAAACCTA,1
GTAAGATACCCGATAA,1
GTAAGATACGTATGTT,1
GTAAGATAGGTATGTT,1
GTAAGATATATATTCG,1
GTAAGATCAAAACCTA,1
GTAAGATCCAAACTTA,1
GTAAGATCCCGCAAAA,1
GTAAGATCCGAACTCC,1
GTAAGATCTAAACCTA,1
GTAAGATGGCCTTGTC,1
GTAAGATGTCCAATGT,1
GTAAGATTAGTCAACC,1
GTAAGATTCAGACTCT,1
GTAAGATTGATACCAC,1
GTAAGATTTTTCCTAA,1
GTAAGCACTCTGTACA,1
GTAAGCACTTATAGTT,1
GTAAGCAGACAACCAT,1
GTAAGCATCAACACTT,1
GTAAGCATCTCAGTAC,1
GTAAGCATTAGTTACA,1
GTAAGCCCCTTTTATC,1
GTAAGCCCGCGAGCTG,1
GTAAGCCTAAACACTT,1
GTAAGCCTCAACAATT,1
GTAAGCCTCAACACTA,1
GTAAGCCTCAACGCTT,1
GTAAGCGAATATACCA,1
GTAAGCGACTATACCA,1
GTAAGCGATTATACAA,1
GTAAGCGGCCGGACAA,1
GTAAGCGGTTATACCA,1
GTAAGCGTGATAACAT,1
GTAAGCGTTGCCATCC,1
GTAAGCTAAAAACGGT,1
GTAAGCTACTTTAGAA,1
GTAAGCTCAGAAGATT,1
GTAAGCTCAGCAAATT,1
GTAAGCTCAGCAGATA,1
GTAAGCTCATCAGATT,1
GTAAGCTCGGCAGATT,1
GTAAGCTGAGCAGATT,1
GTAAGCTGAGCATACG,1
GTAAGCTGCCCGACGA,1
GTAAGCTGTACCTCAA,1
GTAAGCTTAACATATG,1
GTAAGGAATAAATACA,1
GTAAGGAATGACCAGT,1
GTAAGGACTAAATACG,1
GTAAGGAGTAAGACCC,1
GTAAGGAGTGTTCCTT,1
GTAAGGATAGTAATAA,1
GTAAGGATGGTACATC,1
GTAAGGCCGCGATAAC,1
GTAAGGCCTTCCACTT,1
GTAAGGCGTTGGGTTA,1
GTAAGGCTATGACAGA,1
GTAAGGCTCTTCCAAG,1
GTAAGGTATGTATGTT,1
GTAAGGTGCAGTAATA,1
GTAAGGTGCATATTAC,1
GTAAGTAAAACGAACC,1
GTAAGTAAGCTATAGA,1
GTAAGTACAAAGAACC,1
GTAAGTACAACTAACC,1
GTAAGTACACAATTTT,1
GTAAGTAGGTTCTTGG,1
GTAAGTAGTATATGGA,1
GTAAGTAGTATCAGGA,1
GTAAGTATAAGGGATA,1
GTAAGTATACTTGTAA,1
GTAAGTCAAAAAACTT,1
GTAAGTCAATATAGCA,1
GTAAGTCCATTCACTT,1
GTAAGTGAAACACGAC,1
GTAAGTGAACCACACA,1
GTAAGTGAACTAGCCG,1
GTAAGTGACACCAAGT,1
GTAAGTGATATTAAGA,1
GTAAGTTCCAGTGATA,1
GTAAGTTCCTGTTATA,1
GTAAGTTCGTGTGATA,1
GTAAGTTGGTTCAGAT,1
GTAAGTTTGAGGGTCA,1
GTAATAAAAAATCAAG,1
GTAATAAAAAATTAAA,1
GTAATAAAACACACCT,1
GTAATAAACAATGTAA,1
GTAATAAACTCTGTAG,1
GTAATAACACTACTGA,1
GTAATAACCACCTTAG,1
GTAATAACCTGAAAAC,1
GTAATAACTATACTGA,1
GTAATAACTCAACTGA,1
GTAATAACTCGAACCC,1
GTAATAACTCTACTCA,1
GTAATAAGAAAACTTT,1
GTAATAAGAACCTTAG,1
GTAATAAGACAATAAT,1
GTAATAAGACAGCCAC,1
GTAATAAGACCTACAC,1
GTAATAAGATAGCTAA,1
GTAATAAGCAAGCCAC,1
GTAATAAGCACATTAG,1
GTAATAAGCACCCTAG,1
GTAATAAGCACCTCAG,1
GTAATAAGCACCTTAT,1
GTAATAAGCGAGAACT,1
GTAATAAGCTAAAACT,1
GTAATAAGGGAGAGTC,1
GTAATAAGGTACTTAA,1
GTAATAAGTATATCAT,1
GTAATAAGTGTATCAC,1
GTAATAATAAATTGAT,1
GTAATAATAGGAAGCA,1
GTAATAATATAAATCA,1
GTAATAATATCAGTTT,1
GTAATAATCAATATTT,1
GTAATAATCACCTTAG,1
GTAATAATCTGCCTAA,1
GTAATAATGGCTTACT,1
GTAATAATGTCAGTTT,1
GTAATAATTTCAATTT,1
GTAATACAACATACCA,1
GTAATACAGGCAGATT,1
GTAATACCAAGGAAAT,1
GTAATACCGTATCCAA,1
GTAATACGCACATTGA,1
GTAATACTCAATGTTT,1
GTAATAGAAATATAGT,1
GTAATAGAACGGAAGC,1
GTAATAGAGCACACCT,1
GTAATAGATAATCACG,1
GTAATAGCTCAGAGGA,1
GTAATAGCTTCACCAA,1
GTAATAGGCGAAAACT,1
GTAATAGGGCAGCCCG,1
GTAATAGGGTTAGAGG,1
GTAATAGGTAACAAAA,1
GTAATAGGTTATACAA,1
GTAATAGGTTTCCCAA,1
GTAATAGTTATGTCAG,1
GTAATATAACCAAAAA,1
GTAATATAAGAGACAT,1
GTAATATAATGTTAGT,1
GTAATATACACATAGA,1
GTAATATACCCAGAGA,1
GTAATATATAATGCAA,1
GTAATATATTCACTAT,1
GTAATATCAAATAACT,1
GTAATATCCTCACTAT,1
GTAATATCCTGTAGAG,1
GTAATATCGGTAACGG,1
GTAATATGAATATATA,1
GTAATATGCAGCATAG,1
GTAATATGGTATAGGA,1
GTAATATGTTATAGGG,1
GTAATATTATATTAGC,1
GTAATATTCAATATTT,1
GTAATATTTAGAACGC,1
GTAATCAAAGACAATT,1
GTAATCAAGCATGTCA,1
GTAATCAATAGCCTAA,1
GTAATCACATACAAAC,1
GTAATCACATAGAGGA,1
GTAATCACATCGTTAG,1
GTAATCAGTGACATCT,1
GTAATCAGTGTAACAT,1
GTAATCATATAGACGA,1
GTAATCATCTTTACAG,1
GTAATCATGATCTATA,1
GTAATCATTAGTACCG,1
GTAATCCAAACTAAGA,1
GTAATCCAAACTACTA,1
GTAATCCAGAAAATAC,1
GTAATCCATGGAACCT,1
GTAATCCCAACCAGAG,1
GTAATCCCGGCGAGCG,1
GTAATCCGAATGCTAG,1
GTAATCGACGTTGTCA,1
GTAATCGAGGACCTTG,1
GTAATCGATAATCACC,1
GTAATCGATAATCACT,1
GTAATCGATAATTACG,1
GTAATCGGATTCCCAA,1
GTAATCGGGCGCCGCA,1
GTAATCGGTCTACAAT,1
GTAATCGGTTTCCAAA,1
GTAATCGTTAAACCTC,1
GTAATCGTTCAGACGA,1
GTAATCTAACAACCAT,1
GTAATCTAACATACAA,1
GTAATCTACGATTGAA,1
GTAATCTACTTTTTCT,1
GTAATCTCAGCGAGCG,1
GTAATCTCGGTGAGCG,1
GTAATCTGGATCGAAC,1
GTAATCTGGTAAATAC,1
GTAATCTGTAATTAAC,1
GTAATCTTAAGGTGTT,1
GTAATCTTAGCAGCAA,1
GTAATCTTTTCCGCCA,1
GTAATGAAAAAAAAGT,1
GTAATGAATACCTAAA,1
GTAATGAATCAAAACG,1
GTAATGACAAACTGGC,1
GTAATGACGCTCCCTC,1
GTAATGAGCACCTTAG,1
GTAATGATCTTTAACA,1
GTAATGATTAATGAGG,1
GTAATGATTAGACATA,1
GTAATGATTCCCTAAG,1
GTAATGCACTTTAATT,1
GTAATGCAGATGGGGT,1
GTAATGCAGCGCAACC,1
GTAATGCCAAAGGCAA,1
GTAATGCCATTGACAA,1
GTAATGCCTCTGTTGT,1
GTAATGCGACAGCAGC,1
GTAATGCTATCATAGA,1
GTAATGGAACACACCT,1
GTAATGGAATGCACTG,1
GTAATGGAGCCCTAAT,1
GTAATGGCTAAACTGA,1
GTAATGTAAAGAACTT,1
GTAATGTACTAATAGT,1
GTAATGTATCATCACT,1
GTAATGTATTACACTG,1
GTAATGTCGGCCACCA,1
GTAATGTGCAGAATAG,1
GTAATGTGCAGAATTC,1
GTAATGTGCAGCATAC,1
GTAATGTGGAGCATAG,1
GTAATGTTATTCAAAA,1
GTAATTAAAAAGCAAG,1
GTAATTAAACTAGCCA,1
GTAATTAAAGCCAATC,1
GTAATTAATATTAGCA,1
GTAATTAATTTTTGTA,1
GTAATTACCAACTAAC,1
GTAATTAGATAGATAA,1
GTAATTAGATAGCTGA,1
GTAATTAGATCTTATT,1
GTAATTATAACAACTT,1
GTAATTATAGATAAAC,1
GTAATTATGGTATTTC,1
GTAATTATGTCGGGAG,1
GTAATTATGTCGGGCG,1
GTAATTCAAATTGGAA,1
GTAATTCACGACATAA,1
GTAATTCAGCCAATGT,1
GTAATTCAGTTACACT,1
GTAATTCCAGACATAA,1
GTAATTCCATGATAAA,1
GTAATTCCCAAAATAA,1
GTAATTCCCTACATAA,1
GTAATTCCGGACATAA,1
GTAATTCTATTAACCG,1
GTAATTCTGACTAACA,1
GTAATTCTGAGATTCG,1
GTAATTGTGGCCCTTG,1
GTAATTTACGAGGACA,1
GTAATTTAGACTTAGA,1
GTAATTTCTTGACCCA,1
GTAATTTGCAGCATAG,1
GTAATTTGGACTTCAT,1
GTACAAAAACAATCTT,1
GTACAAAAATGATCAT,1
GTACAAAACCAATCTT,1
GTACAAAAGCCATATA,1
GTACAAAATAAATCTT,1
GTACAAAATCGGCATA,1
GTACAAAATGAACCTG,1
GTACAAAATTACATAG,1
GTACAAACAGTTACAA,1
GTACAAACGTTTTTAA,1
GTACAAACTACTGCGA,1
GTACAAACTCAACCAG,1
GTACAAACTTCTGGGG,1
GTACAAAGAAGTATAT,1
GTACAAAGCACCTCCC,1
GTACAAAGCCCCTAAA,1
GTACAAATAAAGTATA,1
GTACAAATAGTCGTTC,1
GTACAAATATGCTCGA,1
GTACAAATCTGAGAAT,1
GTACAAATGACGATCT,1
GTACAAATGATCCAAC,1
GTACAAATGATCCGAA,1
GTACAAATGATCCGGC,1
GTACAAATGATCCTAC,1
GTACAAATGCGCTCGA,1
GTACAAATGTAGGGTT,1
GTACAAATGTGAGAGT,1
GTACAAATTATCCGAC,1
GTACAAATTCAACCAT,1
GTACAAATTTTAGAGT,1
GTACAACAACTAATAA,1
GTACAACAAGTAGATC,1
GTACAACAATTTTGAA,1
GTACAACACAAACCAA,1
GTACAACATAATCATA,1
GTACAACATCGGCGAG,1
GTACAACATTTATGTC,1
GTACAACGAACTATAG,1
GTACAACGCCTGACAC,1
GTACAACGCGCTCGGG,1
GTACAACGGAACAAAT,1
GTACAACGGTCCCAAA,1
GTACAACTATACGGTG,1
GTACAAGCAATCGCAC,1
GTACAAGCCACGCAAC,1
GTACAAGCTAAGTGGA,1
GTACAAGGACTAACAT,1
GTACAAGGCCCGACAC,1
GTACAAGGCCTCACAC,1
GTACAAGGTCAAGCAA,1
GTACAAGTATCAGAGC,1
GTACAAGTCCCGTCAG,1
GTACAAGTCCTGACAC,1
GTACAATAGATCTGAA,1
GTACAATAGTAAAGTA,1
GTACAATAGTATCCGT,1
GTACAATATACTACGG,1
GTACAATATACTCAGG,1
GTACAATATAGATTTA,1
GTACAATATTTTCATG,1
GTACAATCAGGGTTGT,1
GTACAATCCATATAGT,1
GTACAATCTGATGTAA,1
GTACAATGAGCACGTG,1
GTACAATGCCTGACAC,1
GTACAATTAATTTACT,1
GTACAATTACGCTCGT,1
GTACACAAACAAACAA,1
GTACACAAATGACTAA,1
GTACACAAGATACCAC,1
GTACACAAGTTTTCTA,1
GTACACAATCGAGAGT,1
GTACACACCGAACGCT,1
GTACACATCACACAAT,1
GTACACCAAGTAATGT,1
GTACACCAATGAGACC,1
GTACACCAATGAGGAC,1
GTACACCAATGAGGCA,1
GTACACCAATGAGTCC,1
GTACACCAGTGAGGCC,1
GTACACCATTTATAGA,1
GTACACCCATGTGACA,1
GTACACCCGTAACGAT,1
GTACACCGCCACGCAC,1
GTACACCTACCAATCG,1
GTACACCTCAAATTAA,1
GTACACCTCCCAATCT,1
GTACACCTCCCAATTG,1
GTACACCTCCCATTCG,1
GTACACCTTGTAGCGT,1
GTACACGAGGCCAAAC,1
GTACACGCACTATAAG,1
GTACACGCAGGGGAAA,1
GTACACGCCTATTGGC,1
GTACACGGAAATTCGT,1
GTACACGTCAAGCTTT,1
GTACACGTTGAACCTA,1
GTACACTAATGAGGCC,1
GTACACTAGGTATAGA,1
GTACACTCAAGTGAGT,1
GTACACTCCAGCGAGT,1
GTACACTCCAGTGATT,1
GTACACTCCAGTTAGT,1
GTACACTCTACAAATT,1
GTACACTGAGTTACTA,1
GTACAGAAAGATACCC,1
GTACAGACCCGGATAC,1
GTACAGACTTAGTAAG,1
GTACAGAGAGTACACA,1
GTACAGAGCGTGACTT,1
GTACAGAGCGTGCATT,1
GTACAGAGGGTGCCTT,1
GTACAGATATATCTCA,1
GTACAGATGATCCGAC,1
GTACAGATGCAATACA,1
GTACAGATGTCTGAAT,1
GTACAGCAAATATAAA,1
GTACAGCAGTTTGCGG,1
GTACAGCATTGACACT,1
GTACAGCATTGCCACA,1
GTACAGCATTGCCGCT,1
GTACAGCCAACAACAT,1
GTACAGCCAACAGTAT,1
GTACAGCCAACGGCAT,1
GTACAGCCATCCAAAC,1
GTACAGCCCAACTTTC,1
GTACAGCGACCAATAC,1
GTACAGCTCAAATCGT,1
GTACAGGAATACCCTT,1
GTACAGGAATCCCATT,1
GTACAGGAGCAAGTTC,1
GTACAGGAGTCCCCTT,1
GTACAGGATAAAGTTC,1
GTACAGGTATAGATTC,1
GTACAGGTTCTATAGA,1
GTACAGTAATCCCCTT,1
GTACAGTACATACTGT,1
GTACAGTACCGACACA,1
GTACAGTAGATTATCG,1
GTACAGTAGCTACATA,1
GTACAGTAGGAAAAAT,1
GTACAGTATTATAACC,1
GTACAGTCTAAATTAC,1
GTACAGTCTTACCATA,1
GTACAGTGAACATTGA,1
GTACAGTGTCCGCAAT,1
GTACAGTGTGCAACAG,1
GTACATAAGAAGAACA,1
GTACATAAGACCAAAG,1
GTACATAAGCCGAATC,1
GTACATAATACGAATC,1
GTACATAATATAGTGG,1
GTACATAATCCGAATA,1
GTACATAATCTATGTC,1
GTACATAATTTTGAAG,1
GTACATAGCCCTATCT,1
GTACATAGGAATCTAT,1
GTACATAGGGAGTTCA,1
GTACATATATGAGTGG,1
GTACATCAAGAGCCTT,1
GTACATCATTGCCACT,1
GTACATCCAAAAAGCA,1
GTACATCCAACAGCAT,1
GTACATCCAGTTCGGC,1
GTACATCCCAAACGCA,1
GTACATCGAAGTATAT,1
GTACATCGCACCCTAA,1
GTACATCGTACCTAAT,1
GTACATCTATTTGGAT,1
GTACATCTGAAAAACA,1
GTACATCTGAGCGGTA,1
GTACATGAAAAGAAGA,1
GTACATGAAGATATCA,1
GTACATGATAACCTAC,1
GTACATGCTCGCGCTT,1
GTACATGCTTATTACA,1
GTACATGTACGAAACT,1
GTACATGTACGCAAAT,1
GTACATGTCAAGAGCT,1
GTACATTAACCCAGGT,1
GTACATTAGAATAGTT,1
GTACATTCCAGGCCTA,1
GTACATTGTTTTAAGA,1
GTACATTTAAAGTATA,1
GTACATTTTCAGGGGC,1
GTACATTTTTTTAAAA,1
GTACCAAAACAGCCAC,1
GTACCAAAATAGGCCA,1
GTACCAAAATGACTAA,1
GTACCAAACCTTGATT,1
GTACCAAAGTAGGCCA,1
GTACCAAATCAGGCCA,1
GTACCAAATTAAGCCA,1
GTACCAAATTAGGCTA,1
GTACCAAATTAGGTCA,1
GTACCAAATTATGCCA,1
GTACCAAATTATTCAT,1
GTACCAAATTCGGACA,1
GTACCAAATTGGGCCA,1
GTACCAACAAAAGGAA,1
GTACCAACTTCTTGGG,1
GTACCAACTTGTGGGG,1
GTACCAATTCAATCAC,1
GTACCACCAAAAAGAC,1
GTACCACGTAACAAAT,1
GTACCACTGCATCCGA,1
GTACCACTTGCTAACA,1
GTACCAGAATGAACCT,1
GTACCAGAATGATAAC,1
GTACCAGGGCTCGAAG,1
GTACCAGTTACAATAA,1
GTACCATAACCAGAAA,1
GTACCATACAATGCCT,1
GTACCATACCTCTCTT,1
GTACCATAGAGCCATA,1
GTACCATAGTAAGGGA,1
GTACCATATTGCTGCA,1
GTACCATCCAACAATA,1
GTACCATCCCACGATA,1
GTACCATCTGAATGAG,1
GTACCATCTGCACCGA,1
GTACCATCTTAGCGTC,1
GTACCATGCACAACAG,1
GTACCATGCCCTTGAG,1
GTACCATGTACAATTG,1
GTACCATTTTCAGCTT,1
GTACCCAAAACACACG,1
GTACCCAAAGCCGAAC,1
GTACCCAAATGACTAT,1
GTACCCAAATGATTAA,1
GTACCCAAATGCCGCT,1
GTACCCAAATGTCTCT,1
GTACCCAAATTACTAA,1
GTACCCAACGAACAGA,1
GTACCCAAGATACCAC,1
GTACCCAATATCAGGC,1
GTACCCAATTGTCGCT,1
GTACCCACCCGCTTGC,1
GTACCCACGACAGCAG,1
GTACCCATCTACTACA,1
GTACCCATTACGAAGG,1
GTACCCCAATTATGAC,1
GTACCCCACATCGACT,1
GTACCCCATAAAGCAC,1
GTACCCCGTAAAAAAT,1
GTACCCGAAAAACTCT,1
GTACCCGAGAGAAACT,1
GTACCCGAGCAAGAGG,1
GTACCCGGTTAATTCT,1
GTACCCGTCTTCACTC,1
GTACCCGTGTGTTATC,1
GTACCCTAATTTGAAT,1
GTACCCTATACCCGGC,1
GTACCCTCTACGTAGA,1
GTACCCTTAAAGATCA,1
GTACCCTTCATCTTTT,1
GTACCCTTGCCCGGGT,1
GTACCCTTTGACGCAC,1
GTACCCTTTTAAACAG,1
GTACCGAAATTCACAG,1
GTACCGACATAGTAAG,1
GTACCGAGAACGGTTC,1
GTACCGAGCACACTTT,1
GTACCGCAGTAGAGTT,1
GTACCGCAGTAGGCTT,1
GTACCGCAGTTTGAGG,1
GTACCGCAGTTTGCGT,1
GTACCGCGGTTTGCGG,1
GTACCGCTAATATCCG,1
GTACCGGCTCATATAC,1
GTACCGGGCTAAAAAG,1
GTACCGGGTCTGCAAC,1
GTACCGGTTGAGGGGC,1
GTACCGTCTCCACTTA,1
GTACCGTTAACAAAAC,1
GTACCGTTTTTTGCAT,1
GTACCTAAAAGCATAG,1
GTACCTAAATGGACCC,1
GTACCTAATGCACACG,1
GTACCTACCACAATAA,1
GTACCTATAAAACTAA,1
GTACCTATAACAGATG,1
GTACCTATATTAAGGA,1
GTACCTATCTTACGGA,1
GTACCTCATATACTCA,1
GTACCTCATATGCTCT,1
GTACCTCCCCGGTATA,1
GTACCTCTGACAACGC,1
GTACCTGAGCGAGCAC,1
GTACCTGCGGACACAA,1
GTACCTGCTCCGTCGG,1
GTACCTGCTCTGAAAT,1
GTACCTGGCCTCCAAT,1
GTACCTGGGCCTGGAA,1
GTACCTGGGCTCGAAG,1
GTACCTGGGGGCGAAA,1
GTACCTTAAACTAACA,1
GTACCTTCATGGCACC,1
GTACCTTCTGAACTAA,1
GTACCTTGATATCCCA,1
GTACCTTGTCACCGTA,1
GTACCTTTGCGTTCCC,1
GTACGAAAATAGTTAT,1
GTACGAAACCAACAGT,1
GTACGAAAGACAACGT,1
GTACGAAATGCGCACC,1
GTACGAACACCCACCC,1
GTACGAACGATCGCCT,1
GTACGAAGGACTCTCG,1
GTACGAAGTTAAACGC,1
GTACGAATCCGAAGTT,1
GTACGAATGATCCGAC,1
GTACGACCCGGTCCAC,1
GTACGACGCTTATACC,1
GTACGACTAAGTGTCG,1
GTACGACTAAGTTAGC,1
GTACGACTACTGGGCT,1
GTACGACTGCAGAACA,1
GTACGAGAAGCAGAAA,1
GTACGAGAATGACAAC,1
GTACGAGACGGTGACC,1
GTACGAGATAACACAA,1
GTACGAGGCATCCGAA,1
GTACGATAAATAGAGG,1
GTACGATACATACTGT,1
GTACGATCTATAACAA,1
GTACGATTAGTAATAT,1
GTACGATTCGTAGTTC,1
GTACGATTTCTAGTCA,1
GTACGCAACATACCAC,1
GTACGCAAGATAACAC,1
GTACGCAAGATACCAA,1
GTACGCAAGCACACCA,1
GTACGCACATAGTTGA,1
GTACGCATAAGTGTTC,1
GTACGCCAACGAAACG,1
GTACGCCCATAGGAAA,1
GTACGCCCGTTGTCAA,1
GTACGCCCTTCCCACA,1
GTACGCCCTTTCAACA,1
GTACGCCGATAGAAAG,1
GTACGCCTAAAATAAC,1
GTACGCCTAACCTAAA,1
GTACGCGAGACACAAC,1
GTACGCGAGATACCAC,1
GTACGCTCACCGCCTG,1
GTACGCTCCAGTGAGT,1
GTACGGACGCCTAACA,1
GTACGGAGAGGCAAAT,1
GTACGGAGAGGCGAAG,1
GTACGGAGGGAGAGAT,1
GTACGGCAAATGGACA,1
GTACGGCACAAACCGT,1
GTACGGCTAAGCAAGC,1
GTACGGTATAACCTCT,1
GTACGGTTAGAAAAGA,1
GTACGTAAAATTCCTC,1
GTACGTAACGGAGGAC,1
GTACGTAACGGAGTCC,1
GTACGTAACTGAGGCC,1
GTACGTAAGGCAATCG,1
GTACGTAAGGGAGGCC,1
GTACGTAGCTCTTAAA,1
GTACGTAGGGGGAAAG,1
GTACGTCACATAGAAC,1
GTACGTCATCCAGAAA,1
GTACGTCTGAGGGTCA,1
GTACGTGAGTCAAGAC,1
GTACGTGGCCTAGGAC,1
GTACGTTAACTGACCA,1
GTACGTTATTTGGGGA,1
GTACTAAAATACAACG,1
GTACTAAAGAAACAAC,1
GTACTAAAGAATAAAA,1
GTACTAAATCAAGAAT,1
GTACTAACACAGCCAT,1
GTACTAACACCGTGCT,1
GTACTAACATACAAAC,1
GTACTAACATTACAGC,1
GTACTAAGGAATGTCC,1
GTACTAAGTTTAATAC,1
GTACTAATATATCAAC,1
GTACTAATGTACGACT,1
GTACTACAAGGTTCGT,1
GTACTACACAGGACTG,1
GTACTACAGCGTGCCG,1
GTACTACATACATACT,1
GTACTACCATACACGG,1
GTACTACCCAGTACGC,1
GTACTACCTACCTATA,1
GTACTACTTCCATGTT,1
GTACTAGAAAGGTTGA,1
GTACTAGCGATAAAAA,1
GTACTAGGTCAGGACG,1
GTACTAGTAATAACAT,1
GTACTATAAAACATCA,1
GTACTATAGAGTAAAC,1
GTACTATATGATCCGT,1
GTACTATCTACACTGA,1
GTACTATGTACAATTC,1
GTACTATGTCAAAAAA,1
GTACTATTAATCTACC,1
GTACTATTACCTGAAG,1
GTACTATTATCTCACA,1
GTACTATTGGAATTCC,1
GTACTATTTACATATC,1
GTACTATTTGATTCGT,1
GTACTCAAACCGCTAT,1
GTACTCAAAGCACCTT,1
GTACTCAAATACAAAC,1
GTACTCAACTTTTCTA,1
GTACTCAAGACACACG,1
GTACTCAATGTCTGAA,1
GTACTCAATTCGACCG,1
GTACTCAATTCGACTG,1
GTACTCAATTCGGCGG,1
GTACTCACATAAAAAC,1
GTACTCACGTACAAAC,1
GTACTCACTGAGTTCA,1
GTACTCAGTATTTCCA,1
GTACTCATAGCATGCT,1
GTACTCATCATTACCA,1
GTACTCCAATCTAACA,1
GTACTCCACAGCAAAG,1
GTACTCCATAAGGAAA,1
GTACTCCCTTTCCACA,1
GTACTCGACCGGACCA,1
GTACTCGCGCAAGAGT,1
GTACTCGCGCAATAAT,1
GTACTCGCGCATGAAT,1
GTACTCGCTCAAGAAT,1
GTACTCGTACTATCAG,1
GTACTCGTCGTGGGAA,1
GTACTCGTGTTTTAAA,1
GTACTCTAAATCGTCA,1
GTACTCTAGATTAAAC,1
GTACTCTCCGCGAACT,1
GTACTCTGAACACACG,1
GTACTCTGTTACGAAA,1
GTACTGAAGATGGGGT,1
GTACTGACCATTAATA,1
GTACTGACTGTTAATA,1
GTACTGAGAAATGTCC,1
GTACTGAGGAATCTCC,1
GTACTGAGGAATGTAC,1
GTACTGAGGAGTGTCC,1
GTACTGAGTAATCCCA,1
GTACTGAGTAATGTCC,1
GTACTGATAAGTGTCG,1
GTACTGATATTGTCTG,1
GTACTGATCACAACAT,1
GTACTGCAAACCCGCT,1
GTACTGCACGGAGGGA,1
GTACTGCAGATGAGGT,1
GTACTGCAGATTGGGT,1
GTACTGCATAATCTAC,1
GTACTGCGCAATCTAC,1
GTACTGCGGATGGGGT,1
GTACTGGACTTTATTT,1
GTACTGGCCGACACTC,1
GTACTGGGAGCGGTCT,1
GTACTGTGGTAGAAAC,1
GTACTGTTTACCGAGT,1
GTACTTAAAACCAACA,1
GTACTTAAAGCCGATC,1
GTACTTAAAGTCTGTT,1
GTACTTAAATATTTCA,1
GTACTTAAGTGTCCCA,1
GTACTTACAATATGTG,1
GTACTTACACACGAAA,1
GTACTTACACCGATTT,1
GTACTTACTCGATTGC,1
GTACTTAGAACCCATA,1
GTACTTAGTTCGGTAA,1
GTACTTATAGATAACC,1
GTACTTATAGGTAAAC,1
GTACTTATATATAAAC,1
GTACTTATCAAACTGT,1
GTACTTATCTAACAAA,1
GTACTTATGTGAGGTT,1
GTACTTCAACAAATAC,1
GTACTTCAATAAATCC,1
GTACTTCGACAAATCC,1
GTACTTCGTAATCTAC,1
GTACTTCTGAGGTCCA,1
GTACTTCTTGCGCGGA,1
GTACTTGAAACTTAAG,1
GTACTTGAAGCGGAGA,1
GTACTTGAGACAAGTC,1
GTACTTGCACTTAAGA,1
GTACTTGGATTCAATC,1
GTACTTGTAGGAAGGG,1
GTACTTTAAATTCTAC,1
GTACTTTAATAAGATA,1
GTACTTTAGTTAGATA,1
GTACTTTGACTACATT,1
GTACTTTGATTACATA,1
GTAGAAAAAAACGATG,1
GTAGAAAAAAAGCGTT,1
GTAGAAAAAAGTATTT,1
GTAGAAAACAATGAAT,1
GTAGAAAAGACTTTGT,1
GTAGAAAAGAGCTAGC,1
GTAGAAACAACGCAGA,1
GTAGAAACGATGCAGT,1
GTAGAAACTTCGGATG,1
GTAGAAAGAGATGCAT,1
GTAGAAAGGGTTCTGG,1
GTAGAAAGGTAAGGTA,1
GTAGAAAGGTAGAGAC,1
GTAGAAATGAATCAAT,1
GTAGAAATGAGTTCTA,1
GTAGAAATGCTAGTTA,1
GTAGAACAAAATTTAC,1
GTAGAACAAGTCGGTC,1
GTAGAACAAGTCTATC,1
GTAGAACAGTCTAGCC,1
GTAGAACATTAGGCTT,1
GTAGAACCAACCCCTA,1
GTAGAACCCCATATAA,1
GTAGAACCCTTCCAAA,1
GTAGAACGAACTAACC,1
GTAGAACGAGCCAAAA,1
GTAGAACGCACTAAGC,1
GTAGAACGTACTAACC,1
GTAGAACTTCTTTAAC,1
GTAGAAGAAACTTGTA,1
GTAGAAGAAGCCATAC,1
GTAGAAGCGCAGCATT,1
GTAGAAGCGCCCTACG,1
GTAGAAGCTGAAAACA,1
GTAGAAGGATCGTTGC,1
GTAGAAGGGCTCTGAA,1
GTAGAATAAAGCTATA,1
GTAGAATAGTCTTCGT,1
GTAGAATCGAATACTA,1
GTAGAATGAAGCTATC,1
GTAGAATGAAGTATTG,1
GTAGAATGCGCGCAGA,1
GTAGAATGTGTAACTG,1
GTAGAATTAAAAGAAA,1
GTAGACACAAAGTATT,1
GTAGACACCTCAATAT,1
GTAGACAGCTACACCA,1
GTAGACATACCATAGA,1
GTAGACATCAGACACG,1
GTAGACATGATAAAGG,1
GTAGACATTAACATCA,1
GTAGACCACAGAATAA,1
GTAGACCACATAGGCC,1
GTAGACCATAATTAGA,1
GTAGACCTAAAACGAG,1
GTAGACCTCATACAAC,1
GTAGACCTGGTAGCCT,1
GTAGACCTTTCAGACG,1
GTAGACGAATTCCACA,1
GTAGACGACCACAGGT,1
GTAGACGAGAACGAGT,1
GTAGACGATACAAGAC,1
GTAGACGCACTTGATT,1
GTAGACGGAGAACGAG,1
GTAGACGGCTCACCAC,1
GTAGACTAACCCAAGA,1
GTAGACTAAGGCTCAC,1
GTAGACTAAGTAGTGC,1
GTAGACTACATATGGA,1
GTAGACTATTCTCCTT,1
GTAGACTCAATTATAA,1
GTAGAGAACGTCCAAT,1
GTAGAGAATCGAAAAA,1
GTAGAGACTACAATTT,1
GTAGAGACTCCAATTA,1
GTAGAGACTCCAATTG,1
GTAGAGATTAGATCAC,1
GTAGAGCATTGCCACT,1
GTAGAGCGTTTGAAAC,1
GTAGAGCTATCGTCAA,1
GTAGAGGCCTAACCCT,1
GTAGAGGGATTCTATC,1
GTAGAGGGATTGTTAG,1
GTAGAGGGCACGAGAC,1
GTAGAGGTATACCATT,1
GTAGAGTAAATTAATC,1
GTAGAGTCACGTTGTA,1
GTAGAGTGACCAGCAC,1
GTAGAGTTATTAATAA,1
GTAGAGTTCAAGGGCA,1
GTAGAGTTTGTCATAA,1
GTAGATAAAAAAGGCT,1
GTAGATAAACCCCCCC,1
GTAGATAAGAAACGGA,1
GTAGATAATCGATACA,1
GTAGATACAACATTTT,1
GTAGATACACAGGATG,1
GTAGATACATACTTAA,1
GTAGATACCATACCTA,1
GTAGATACGATGGTGA,1
GTAGATAGACGGAATC,1
GTAGATAGACTGACTC,1
GTAGATAGCTCAAAAA,1
GTAGATATAAGATTAG,1
GTAGATATACCTCGAT,1
GTAGATATTAAAATCA,1
GTAGATATTAAGATCA,1
GTAGATATTATCGTAA,1
GTAGATCAATCAAATT,1
GTAGATCCAAGCCCTA,1
GTAGATCCGTGAATAC,1
GTAGATCCTTTTCCGC,1
GTAGATCGGTTGAAAC,1
GTAGATCGTACGCAAT,1
GTAGATCTCTAGCAGA,1
GTAGATGAGATAACTT,1
GTAGATGCAATAATAA,1
GTAGATGCACCTCTGG,1
GTAGATGCCGATGTCC,1
GTAGATGCTGATCCGT,1
GTAGATGGGACAACTT,1
GTAGATTAACTCAACA,1
GTAGATTACAACAGCA,1
GTAGATTCGGTTTAGA,1
GTAGATTGTACTACCA,1
GTAGATTGTCACTGTG,1
GTAGATTTAGTTCCAA,1
GTAGCAAAAAGTATCT,1
GTAGCAAACAAAATGA,1
GTAGCAAACAAATCGT,1
GTAGCAAACAACATTG,1
GTAGCAAACCCAAATT,1
GTAGCAAATCGAAAAA,1
GTAGCAACAAAAAATT,1
GTAGCAACCCACCAAC,1
GTAGCAAGAGTACTCT,1
GTAGCAAGGTGGTATA,1
GTAGCAATATGGCCAG,1
GTAGCAATGATTGCAC,1
GTAGCACAATTATGAC,1
GTAGCACATTAATACA,1
GTAGCACCTTACCGAA,1
GTAGCACTCCTCTTGT,1
GTAGCAGACCTAAATG,1
GTAGCAGAGAGTAAAA,1
GTAGCAGTTTCTGAGT,1
GTAGCATAAACGTTGG,1
GTAGCATACCTGGTTA,1
GTAGCATACCTTGGAG,1
GTAGCATCATCCAACT,1
GTAGCATGCTAACACC,1
GTAGCATTATTAAATG,1
GTAGCCAAATTATGAC,1
GTAGCCAATGAACCCT,1
GTAGCCACAATACGAA,1
GTAGCCACGCACTGAA,1
GTAGCCACTACACCCC,1
GTAGCCCAATTATAAC,1
GTAGCCCAATTGTGAC,1
GTAGCCCAGTTATGAC,1
GTAGCCCCATATCTAA,1
GTAGCCCCTATAACCA,1
GTAGCCCTGGTGTTTA,1
GTAGCCTACGTACCCT,1
GTAGCCTATATATTAC,1
GTAGCCTCCGTGCCCT,1
GTAGCCTGAATGCATT,1
GTAGCGACCGGCTTCC,1
GTAGCGAGGACGATAA,1
GTAGCGATAAATTGCA,1
GTAGCGATTAGATAAC,1
GTAGCGCAAAAGATTG,1
GTAGCGCTTTGACTGT,1
GTAGCGTACCAAAATG,1
GTAGCGTAGTAGCATT,1
GTAGCGTCAGCATCGT,1
GTAGCGTGTATAAACA,1
GTAGCTAAAATGTAAA,1
GTAGCTAAGCCGTAAA,1
GTAGCTACATTTCCCA,1
GTAGCTAGTTTTTATG,1
GTAGCTATCGAAACTC,1
GTAGCTCAACTTACTG,1
GTAGCTCAATTATGAC,1
GTAGCTCAGTAAAAGA,1
GTAGCTCATCTACACT,1
GTAGCTCTGAGCACGC,1
GTAGCTCTTAAGCACC,1
GTAGCTCTTCTAAGCA,1
GTAGCTGATGATCCTC,1
GTAGCTTAAATTCCAT,1
GTAGCTTAACAATGAA,1
GTAGCTTAACTTACAT,1
GTAGCTTAGATATTAC,1
GTAGCTTATATAATAC,1
GTAGCTTATATATCAC,1
GTAGCTTCAATTACCA,1
GTAGCTTCAGCTCAAT,1
GTAGCTTGAATAATGT,1
GTAGCTTGACTTCCAT,1
GTAGGAAAACATGCGA,1
GTAGGAAATCCAGCCC,1
GTAGGAACAAAATCTT,1
GTAGGAACAGAATCTT,1
GTAGGAACGCAATCTT,1
GTAGGAAGACTGGAAT,1
GTAGGAAGCTGGATCA,1
GTAGGAAGCTTATGGT,1
GTAGGAATTTCCTCTA,1
GTAGGACAACAATTTC,1
GTAGGACAACGTATCC,1
GTAGGACATATATGAG,1
GTAGGACCTTGAGTAG,1
GTAGGACGCTTATGTT,1
GTAGGACGTCCTATGC,1
GTAGGAGAGAGGCAAA,1
GTAGGAGATCCAGACC,1
GTAGGAGATCCAGCTC,1
GTAGGATAAAAGTTGG,1
GTAGGATAAAATTAGG,1
GTAGGATAAACATAGG,1
GTAGGATAAACATTGG,1
GTAGGATAAACGTCGG,1
GTAGGATAAACGTTGA,1
GTAGGATAAACGTTTG,1
GTAGGATAAGCGTTGG,1
GTAGGATAATATACTG,1
GTAGGATAATATCGTG,1
GTAGGATAGACGTTGG,1
GTAGGATAGCTACGCA,1
GTAGGATATGTATGTT,1
GTAGGATATTTTCGAA,1
GTAGGATCGCTCAATA,1
GTAGGATCTCACAATA,1
GTAGGCAACTAACACA,1
GTAGGCACATAGTTAA,1
GTAGGCACGCTGAACA,1
GTAGGCCATACTTGGA,1
GTAGGCCTAATCATCA,1
GTAGGCCTTGAGTATA,1
GTAGGCGCCGGAAACT,1
GTAGGCTACAACCATG,1
GTAGGCTCAGCACGAG,1
GTAGGCTTACCAATAT,1
GTAGGGAAATCAAAAT,1
GTAGGGAATACCATTT,1
GTAGGGAATCGAAAAA,1
GTAGGGAGCACAAAGC,1
GTAGGGCACCCGAACG,1
GTAGGGGGATAAAGAG,1
GTAGGGGTTAACACTG,1
GTAGGGTCAAAAAAGG,1
GTAGGTACCCAACTCA,1
GTAGGTACCTAACTGT,1
GTAGGTCCATTTGTTC,1
GTAGGTCTGATAATTA,1
GTAGGTCTTGGATTGA,1
GTAGGTGATCTTGATT,1
GTAGGTGATGAAAACA,1
GTAGGTGCACTCACAC,1
GTAGGTGGCTCAAATA,1
GTAGGTTATATATTAC,1
GTAGGTTGGTCCGTGC,1
GTAGGTTGTTGAAGAC,1
GTAGTAAAAAAAATGA,1
GTAGTAAACAAAATAA,1
GTAGTAAACAAAATGG,1
GTAGTAAACAAAATTA,1
GTAGTAAACGAAATGA,1
GTAGTAAATAAAATGA,1
GTAGTAAATATCCCAA,1
GTAGTAAATCCCAGAT,1
GTAGTAACACAATCTT,1
GTAGTAACACCTTATC,1
GTAGTAACGACCAGTA,1
GTAGTAACGATCCCAA,1
GTAGTAACTATCCTAA,1
GTAGTAAGAACATATT,1
GTAGTAAGAGGCTCGA,1
GTAGTAATACACACAA,1
GTAGTAATACTAGTCT,1
GTAGTAATAGCGACCA,1
GTAGTAATCATAGTCT,1
GTAGTACAACATATAA,1
GTAGTACACCATAAAA,1
GTAGTACACTTATCCA,1
GTAGTACATCTCCTCT,1
GTAGTACATCTCTTAT,1
GTAGTACGTTGGCCTC,1
GTAGTACTCCTCTTGC,1
GTAGTAGCAAATCACC,1
GTAGTAGCGAACTAGA,1
GTAGTAGCTAAGTGTT,1
GTAGTAGCTATCTACA,1
GTAGTAGGTATCTGCA,1
GTAGTAGGTCGCAATA,1
GTAGTATAACCTAAGA,1
GTAGTATAATAACTTG,1
GTAGTATAATACTACT,1
GTAGTATAATATCCTG,1
GTAGTATCATAATTAC,1
GTAGTATCCAACAATT,1
GTAGTATCGAACAAGT,1
GTAGTATCGCACAATA,1
GTAGTATTGAGCTATT,1
GTAGTATTGGATTACC,1
GTAGTCAAGAATACCA,1
GTAGTCACCCATACCT,1
GTAGTCACTAGGAATG,1
GTAGTCATAATAAACA,1
GTAGTCATATTCTCCT,1
GTAGTCATCTTTCCCT,1
GTAGTCATTGTAACAT,1
GTAGTCCAAAAGGAGA,1
GTAGTCCATGGATTGC,1
GTAGTCCGGAAGAACC,1
GTAGTCCTGAAACCCT,1
GTAGTCGTAGTCAAAA,1
GTAGTCTAAGTTCAAA,1
GTAGTCTATTATGAAT,1
GTAGTCTGTTGGGCAA,1
GTAGTCTTCTTTCCCT,1
GTAGTCTTGTTAATGA,1
GTAGTGAAACTATCCA,1
GTAGTGAAATTTAGAT,1
GTAGTGAACGAGTATA,1
GTAGTGACAAAGAGCA,1
GTAGTGACGAGAATAC,1
GTAGTGAGTGTAAGGA,1
GTAGTGCAACAGCACG,1
GTAGTGCGGCAGACTA,1
GTAGTGGACTAATCAA,1
GTAGTGGCTAAAATGA,1
GTAGTGGCTAAACTTA,1
GTAGTGGCTTTCGAAT,1
GTAGTGGGTGACCCCA,1
GTAGTGTAATTAACGA,1
GTAGTGTACATATAAT,1
GTAGTGTACCACGGCA,1
GTAGTGTCCAACAAGT,1
GTAGTGTTCAAGGTAA,1
GTAGTTAAACCTTAGA,1
GTAGTTAAAGCTAGTG,1
GTAGTTAACGTATCGC,1
GTAGTTACAATCTCTT,1
GTAGTTACATTCTTTG,1
GTAGTTACTTTGAATA,1
GTAGTTAGTCTCATTC,1
GTAGTTCCTTAGCCTA,1
GTAGTTCTGAATGAAG,1
GTAGTTCTTACGAACA,1
GTAGTTGCACTCACCC,1
GTAGTTGTAACAGCTC,1
GTAGTTGTCTTTCCCT,1
GTAGTTTACGGTCAAA,1
GTAGTTTCTTTCCCAC,1
GTAGTTTGAAGGATTT,1
GTATAAAAAACGATCC,1
GTATAAAACGTACAAC,1
GTATAAAACTACTATC,1
GTATAAAACTCACCCT,1
GTATAAAACTGCACTA,1
GTATAAAATGGGCTGC,1
GTATAAAATTAAATAA,1
GTATAAACAATAGCCT,1
GTATAAACACCGTTAG,1
GTATAAACACTATCTA,1
GTATAAAGACATTGAG,1
GTATAAAGATCGGGAG,1
GTATAAAGCCTGGGCT,1
GTATAAAGGGACATTA,1
GTATAAAGGGACGGTA,1
GTATAAAGGGGCAGTA,1
GTATAAAGGGTCTATC,1
GTATAAAGGTCGGGCG,1
GTATAAAGTTACCATC,1
GTATAAATAGACAGTA,1
GTATAAATAGGACAGC,1
GTATAAATAGGTTACG,1
GTATAACAAACCTTCC,1
GTATAACAAATCCCCG,1
GTATAACAAGACGTAT,1
GTATAACACATGAGGC,1
GTATAACAGATGATCT,1
GTATAACATTATTCGC,1
GTATAACCAAATTTGA,1
GTATAACCCAGTATTC,1
GTATAACCCCACAGAA,1
GTATAACCCCCCACAG,1
GTATAACCCGCAAATA,1
GTATAACCTAAAGTAT,1
GTATAACCTAGTTACT,1
GTATAACGGAAGATTC,1
GTATAACTCATCGACA,1
GTATAACTGCATACAG,1
GTATAAGACAACGGTA,1
GTATAAGATACGTAAG,1
GTATAAGCAGACAAAG,1
GTATAAGCCAACGGCA,1
GTATAAGCCAACGGTG,1
GTATAAGCCAACTGTA,1
GTATAAGCCAATGGTA,1
GTATAAGCCGTATGAA,1
GTATAAGCCTACGGTA,1
GTATAAGCCTATTGGC,1
GTATAAGGAAATCTGA,1
GTATAAGGATATAGGA,1
GTATAAGGCGAAAATA,1
GTATAAGTCAAATAGC,1
GTATAATACACAAGGG,1
GTATAATATACAAAAC,1
GTATAATCAAGACAAT,1
GTATAATCAATCCAAT,1
GTATAATCATAACAAA,1
GTATAATCATACGTCT,1
GTATAATCCAACGGTA,1
GTATAATCCATACAAG,1
GTATAATCTACACGAC,1
GTATAATCTGGCTAAT,1
GTATAATCTTTAACCA,1
GTATAATGCGGATAAA,1
GTATAATTACCATAAA,1
GTATAATTATCCTATA,1
GTATAATTATTAAATG,1
GTATAATTCTCCTTCA,1
GTATAATTGTGATATT,1
GTATACAAATATACAT,1
GTATACAACTAAGTGA,1
GTATACAAGAATTGGC,1
GTATACAAGATGTAAG,1
GTATACAATCAAAGCA,1
GTATACAATCACATTG,1
GTATACACAGAGTGAG,1
GTATACACATAACGGT,1
GTATACACATAATTGA,1
GTATACACGCACTTAG,1
GTATACAGCCGAAAAG,1
GTATACAGGGATTCCG,1
GTATACATAACACTTG,1
GTATACATCAACTTTA,1
GTATACATCACCATTA,1
GTATACATGCTTATCA,1
GTATACATTTGAGGAA,1
GTATACCAACAAACCC,1
GTATACCACGCGTCGT,1
GTATACCAGTCGAATG,1
GTATACCCCATAAAAA,1
GTATACCGCAGCTGTA,1
GTATACCTGACGCCAT,1
GTATACGAAATCGACA,1
GTATACGAACCTCCCA,1
GTATACGCAAAGGATA,1
GTATACGCAACACCAT,1
GTATACGCTTTCAGAA,1
GTATACGGAGCGGCTT,1
GTATACGGCAGCTCTA,1
GTATACGGGTCACAAA,1
GTATACGGTTCCGTAC,1
GTATACTACTCGGATG,1
GTATACTATAATCCTC,1
GTATACTATTAGCACC,1
GTATACTCCATAACAA,1
GTATACTCCATACAAT,1
GTATACTCCCGAACGG,1
GTATACTCGACCATCT,1
GTATACTCGATCACAC,1
GTATACTCTACGTAGA,1
GTATACTGAAGCGACA,1
GTATACTGATGAAATT,1
GTATACTGGACCACAC,1
GTATACTGGATCAAAC,1
GTATACTGGATCACAA,1
GTATACTGGATCATAC,1
GTATACTGGATTACAC,1
GTATACTGGCAAGAAG,1
GTATACTTACTGTTCG,1
GTATACTTAGGACGGC,1
GTATACTTATCAGGAC,1
GTATACTTCCAATAGA,1
GTATAGAACAGTAACG,1
GTATAGAAGCTGACAG,1
GTATAGACCGACAACG,1
GTATAGAGAGCAACGG,1
GTATAGATAAAACACA,1
GTATAGATAATACGAA,1
GTATAGATACGTGACC,1
GTATAGATCCTGTGTC,1
GTATAGATCTTATGCA,1
GTATAGCACATAAATG,1
GTATAGCACCTAAATT,1
GTATAGCAGCTAAATG,1
GTATAGCAGGATTCAC,1
GTATAGCATCTAAATG,1
GTATAGCCTAAGACTG,1
GTATAGCTTATTAAAG,1
GTATAGGAAATACCCA,1
GTATAGGATACATACC,1
GTATAGGCGACTAGTC,1
GTATAGGTACAAGAGC,1
GTATAGTATAGAGCAA,1
GTATAGTCCAAAATAG,1
GTATAGTGGAGTAGAC,1
GTATATAAAAACAAGA,1
GTATATAAAGATTCAT,1
GTATATAACGCTTCAA,1
GTATATAATGAGAGTG,1
GTATATACAAAGCTTA,1
GTATATACATCGAGTC,1
GTATATACCGTCAAAA,1
GTATATAGCCTGGGAT,1
GTATATAGGTCATGTA,1
GTATATAGTATGCGTG,1
GTATATAGTGGCAAGT,1
GTATATATATAACAAT,1
GTATATATCCTGGGCT,1
GTATATATCTTGCCCA,1
GTATATATTTACTGCC,1
GTATATATTTCCCGCC,1
GTATATATTTCCTGCA,1
GTATATATTTCCTTCC,1
GTATATCACTAACCGG,1
GTATATCAGAACAAGG,1
GTATATCCAAACCTCA,1
GTATATCGCACTATGA,1
GTATATCGCGAATCCA,1
GTATATCGCTGTACTA,1
GTATATCGCTTGAGCT,1
GTATATCGGCACCACT,1
GTATATCTGCCGGAAT,1
GTATATCTGTCACGAC,1
GTATATCTTAGCAATA,1
GTATATGATGAACTAA,1
GTATATGATGTACTGC,1
GTATATGCGTATTAGA,1
GTATATGGAAGCTCTA,1
GTATATGGACACGTCG,1
GTATATGGCAGCTCCA,1
GTATATGGCCAAGTCA,1
GTATATTATCCATCGT,1
GTATATTATTATTTAA,1
GTATATTGCTTAAGAT,1
GTATATTGCTTCAGCT,1
GTATATTGCTTGGGCT,1
GTATATTGGAATAGGA,1
GTATATTGGTTGAGCT,1
GTATATTGTCGTAGTG,1
GTATATTGTGTGGTGC,1
GTATATTTACGTACTC,1
GTATATTTATTGGGAA,1
GTATATTTCACGCAAA,1
GTATATTTTGATTTAA,1
GTATCAAAAGCCGAGA,1
GTATCAAAAGTTTTCT,1
GTATCAAAGCCCACCG,1
GTATCAACACCACTGC,1
GTATCAACACCAGTTC,1
GTATCAACACCATTGC,1
GTATCAACCTATTCCA,1
GTATCAACTCGCTCTA,1
GTATCAACTTGAACTA,1
GTATCAATCTACCAAT,1
GTATCACACTACCGTG,1
GTATCACAGTCGAATG,1
GTATCACATAGAAATT,1
GTATCACCTCAGCCAC,1
GTATCACCTGAGCCGA,1
GTATCACTGATATGTA,1
GTATCACTTCATCACA,1
GTATCACTTCGGCACA,1
GTATCAGATGTGGGTT,1
GTATCAGCAACTGTAC,1
GTATCAGCCCCGTGAG,1
GTATCAGCGTCGGCCG,1
GTATCAGTGGGTGCAA,1
GTATCAGTGGGTTTAA,1
GTATCAGTGGTTGTAA,1
GTATCATAGAATACGA,1
GTATCATAGATTGATG,1
GTATCATATGCACAAG,1
GTATCATCACAATCCA,1
GTATCATCTCAATCAA,1
GTATCATGAGCCGATT,1
GTATCATTACCTGGAG,1
GTATCATTAGAACAAA,1
GTATCATTAGTGTACT,1
GTATCATTGTCGCGTC,1
GTATCATTTGGCTCTA,1
GTATCCAAAACACCAA,1
GTATCCAAAGTGATAT,1
GTATCCAAATATGCAT,1
GTATCCAAGTCGAATG,1
GTATCCAATGAAGAAT,1
GTATCCAGACATTAAG,1
GTATCCAGTTCTTACA,1
GTATCCATAATTCACT,1
GTATCCCAAATGCTGC,1
GTATCCCATCAAGCAC,1
GTATCCCGAGACCCTC,1
GTATCCCTCAGAGGTT,1
GTATCCCTGATAACCT,1
GTATCCCTTAGCCGCT,1
GTATCCCTTTGCATAT,1
GTATCCGAAGGGTCGT,1
GTATCCGTCTGTCCTT,1
GTATCCGTCTTAAGCT,1
GTATCCGTTGTATATT,1
GTATCCTAAAGAACTA,1
GTATCCTAAATGCTGA,1
GTATCCTAAATGTTGC,1
GTATCCTAACAATACC,1
GTATCCTAAGTGCTGC,1
GTATCCTAATAAATCT,1
GTATCCTACGTAGCTT,1
GTATCCTGAAAAGTAG,1
GTATCGAAGCTGACAG,1
GTATCGACGACTAGTC,1
GTATCGAGATGAACCA,1
GTATCGATAAACACAA,1
GTATCGATAATGTATC,1
GTATCGATACCATCTA,1
GTATCGATTAGATCAC,1
GTATCGCAGTCGAATG,1
GTATCGCTAGGGTACA,1
GTATCGGAGACTAGTC,1
GTATCGGATATATATC,1
GTATCGGCAAAAGCTA,1
GTATCGGCTCCACGCC,1
GTATCGGCTCTACCCC,1
GTATCGTAAGCTAAAC,1
GTATCGTACGACGTTA,1
GTATCGTCTGGCAGAT,1
GTATCGTCTGGTATCT,1
GTATCGTCTTTATCCA,1
GTATCGTGCAAACCAA,1
GTATCTAAATAAGTGC,1
GTATCTAATCACCGCA,1
GTATCTAATCAGATAC,1
GTATCTAATGGTGGAA,1
GTATCTAGAGTGAGTC,1
GTATCTATCTGGAATA,1
GTATCTATCTTAAGGA,1
GTATCTCACATTCAGA,1
GTATCTCATAAGCTTC,1
GTATCTCTATAAACAA,1
GTATCTCTATACACAA,1
GTATCTCTATAGAAAA,1
GTATCTCTATATACAA,1
GTATCTCTGTAGACAA,1
GTATCTGAAGGGTTTT,1
GTATCTGAGAGACTGA,1
GTATCTGCAATCTTGC,1
GTATCTGGAGTGAGTT,1
GTATCTGTAGTATAGA,1
GTATCTGTTCATGTTC,1
GTATCTTACTATATAC,1
GTATCTTAGTTAACAA,1
GTATCTTATAAACTTC,1
GTATCTTATAAGATTC,1
GTATCTTATCACCGTA,1
GTATCTTCGAGCCTTC,1
GTATCTTGATATCTAA,1
GTATCTTGCTATCTAG,1
GTATCTTGCTATCTGA,1
GTATCTTGCTTTCTAA,1
GTATCTTGTCACCATA,1
GTATCTTGTCACCGTG,1
GTATGAAAACCGAACT,1
GTATGAAACAAGCCAA,1
GTATGAAACAGAAATA,1
GTATGAAAGGACTTAA,1
GTATGAAATACCATTT,1
GTATGAACGCGAACTG,1
GTATGAAGAAACGAGA,1
GTATGAAGCAACAGAC,1
GTATGAAGTAATAACG,1
GTATGAATCGACATTA,1
GTATGAATGCATCAAG,1
GTATGAATTTCAAATA,1
GTATGACAAATATTCG,1
GTATGACACTTGTAGT,1
GTATGACCCACAATAT,1
GTATGACGATCCTACT,1
GTATGACGCAAGATCA,1
GTATGACTAATATGAT,1
GTATGACTCATAAGTA,1
GTATGAGAACGTCTTG,1
GTATGAGAACGTTATA,1
GTATGAGCCAACTCAA,1
GTATGAGGAAAATAAA,1
GTATGAGGAATATTAA,1
GTATGAGGCGCCTTTA,1
GTATGAGGCGTATCCC,1
GTATGAGGGTAATGTA,1
GTATGAGTGAAACCAT,1
GTATGATAAATAGAAG,1
GTATGATAACGTCATA,1
GTATGATATAGAAGTT,1
GTATGATCAAATCAAT,1
GTATGATCATACGCCT,1
GTATGATCATGCGTCT,1
GTATGATGATGGCAAA,1
GTATGATGGACGGTTA,1
GTATGCAATAACACGA,1
GTATGCACGAACCCAA,1
GTATGCATACAACTGG,1
GTATGCATGCAACCGG,1
GTATGCATTAAATCCA,1
GTATGCCAAGCAGAGT,1
GTATGCCAAGTCAAGG,1
GTATGCCAAGTTAAAA,1
GTATGCCGATAAAAAG,1
GTATGCCGATAGAAAC,1
GTATGCCGATAGAAGG,1
GTATGCCGGTGTTCGA,1
GTATGCCTATAGAAAG,1
GTATGCGGTCAAGGAT,1
GTATGCTAACAATACC,1
GTATGCTAAGTCAGGG,1
GTATGGAATTTCCTCT,1
GTATGGAGGTCTATAA,1
GTATGGATAACAATAG,1
GTATGGATAAGCAAGC,1
GTATGGATAGACAAAA,1
GTATGGATCCCTAAAA,1
GTATGGATTACTTTGA,1
GTATGGCAATTACCGA,1
GTATGGCCAAGCAAGC,1
GTATGGCTAAGAAAGC,1
GTATGGCTAAGCAAGG,1
GTATGGCTGTCCGTTG,1
GTATGGGAGAGCTCTA,1
GTATGGGCTCTACGCC,1
GTATGGGGACCCACTC,1
GTATGGGGCGTCTTTA,1
GTATGGTATAAAAACA,1
GTATGGTGGTGGCTTT,1
GTATGGTTTGATTAGT,1
GTATGTACTAACTAAC,1
GTATGTAGCTCTTATG,1
GTATGTATCTCAAACT,1
GTATGTATGGAACGCT,1
GTATGTCACAGGCAAA,1
GTATGTCATCATAAGG,1
GTATGTCCATTTGTTC,1
GTATGTCGCATGGTAA,1
GTATGTCTCATTGAGA,1
GTATGTCTTGATCAAC,1
GTATGTGATTGATTCA,1
GTATGTGCGTGTACTA,1
GTATGTGTGTAATGTA,1
GTATGTTACAACCAAA,1
GTATGTTACATTTCTA,1
GTATGTTATTAACCCA,1
GTATGTTATTCTCCAA,1
GTATGTTCCAAAATTT,1
GTATGTTCGAAAAATC,1
GTATGTTGAAATGCAC,1
GTATGTTTAAAAAATC,1
GTATGTTTAGGGATCG,1
GTATGTTTCCGAATAG,1
GTATTAAACAAAATGA,1
GTATTAAACATCAATA,1
GTATTAAACCTGTCAC,1
GTATTAAAGTAAAGTA,1
GTATTAAATCCACTGA,1
GTATTAAATGGAGACC,1
GTATTAACGAACTATC,1
GTATTAACGCCCAAAT,1
GTATTAACTATCCCAA,1
GTATTAACTCCCACAT,1
GTATTAAGCACATCTA,1
GTATTAAGGATTTGGA,1
GTATTAATATTATAGC,1
GTATTAATCCAATTCA,1
GTATTAATGACCAGTA,1
GTATTACAAAACCGTG,1
GTATTACAGCCACTCT,1
GTATTACATACCAGGG,1
GTATTACATCTGCTTG,1
GTATTACCATTCGGCG,1
GTATTACCTTACAAAG,1
GTATTACGATGTAAAT,1
GTATTACGGTGTAGAT,1
GTATTACGTAAGCTGA,1
GTATTACTGTGTAAAT,1
GTATTAGAACGTCATA,1
GTATTAGCACATAGCA,1
GTATTAGCATACAGCA,1
GTATTAGCATATAGAA,1
GTATTAGCGTATAGCA,1
GTATTAGGAGTACGGG,1
GTATTAGGTGTACAGT,1
GTATTAGTATAGAGAG,1
GTATTAGTTTGAAACT,1
GTATTATAAAGTGGAC,1
GTATTATAAATGTACC,1
GTATTATAAATTAGAC,1
GTATTATACAAATTGC,1
GTATTATATAGGTGAT,1
GTATTATATCGAAATG,1
GTATTATATGCACAAA,1
GTATTATCCAACAAGT,1
GTATTATCCGGAGCTT,1
GTATTATCCGGGTATT,1
GTATTATCTGAGAACC,1
GTATTATCTGGATCTT,1
GTATTATCTGTAGCTT,1
GTATTATCTTGAGCTT,1
GTATTATGAACAACAA,1
GTATTATGCACTAATG,1
GTATTATTCCGATAAT,1
GTATTATTGAAGGGCG,1
GTATTCAAAAACCGCA,1
GTATTCAAACACCACA,1
GTATTCAAACACCGCC,1
GTATTCAAACACCTCA,1
GTATTCAACTATCAAG,1
GTATTCAAGCACCGCA,1
GTATTCAAGGCAGCAC,1
GTATTCAATCAGTAAC,1
GTATTCAATCTACTGA,1
GTATTCACAGTGCAGT,1
GTATTCACCCGACAAT,1
GTATTCAGAGACCTTG,1
GTATTCAGAGTACGGG,1
GTATTCAGATCGGAGC,1
GTATTCAGTCGACAGT,1
GTATTCATAATTCACG,1
GTATTCATACAACCGG,1
GTATTCATCATATCGC,1
GTATTCATCTGCTTCC,1
GTATTCATGCATCAAG,1
GTATTCATGCCTTAGC,1
GTATTCATTCATATTA,1
GTATTCCAACAATACC,1
GTATTCCACCCATCGT,1
GTATTCCAGTCGAATG,1
GTATTCCATACCAAAT,1
GTATTCCATCAACGAA,1
GTATTCCATCCGCGTT,1
GTATTCCCTACCAAAA,1
GTATTCCGATAGAAAG,1
GTATTCCGCTCAATGC,1
GTATTCCGGACGTACG,1
GTATTCCTTTTCATAT,1
GTATTCGAGACACGTA,1
GTATTCGATGGGTAAT,1
GTATTCGCTAGGTAAT,1
GTATTCGCTGGGTAAA,1
GTATTCGCTGTATATT,1
GTATTCGCTTGGTAAT,1
GTATTCGGAGTACGGC,1
GTATTCGGATTACGGG,1
GTATTCGGTGGGTAAT,1
GTATTCGTCTTTCCCT,1
GTATTCGTTATATATT,1
GTATTCGTTGTATATA,1
GTATTCGTTGTATGTT,1
GTATTCTAAAAATACC,1
GTATTCTAACAATACT,1
GTATTCTAACGATACC,1
GTATTCTAGCAATACC,1
GTATTCTATATTTAGT,1
GTATTCTTGTACATCA,1
GTATTGAAAAAAGCAG,1
GTATTGAAAAATAACG,1
GTATTGAAACTGACAG,1
GTATTGAAATTTGAGA,1
GTATTGAAGCTGATAG,1
GTATTGAAGGCGGAGT,1
GTATTGAATCTGACAG,1
GTATTGAATGCAGGGG,1
GTATTGACGGGCCTTC,1
GTATTGCAAAATCAAG,1
GTATTGCAAGGCGAGA,1
GTATTGCCGCAAATAA,1
GTATTGCCTCTAGAAG,1
GTATTGCGAAACCAAG,1
GTATTGCGCCGGGACC,1
GTATTGGAATTTATTT,1
GTATTGGACAATAACG,1
GTATTGGACACACCCA,1
GTATTGGACCTTATTT,1
GTATTGGAGCTGACAG,1
GTATTGGCCATCGAAC,1
GTATTGGCTAAACTGA,1
GTATTGGCTCTACGCC,1
GTATTGGGAACGGTCT,1
GTATTGGGAGCGGACT,1
GTATTGGGAGCGGCCT,1
GTATTGGGAGCGGTAT,1
GTATTGGGAGCGTTCT,1
GTATTGGGAGTGGTCT,1
GTATTGGGATCTGTCT,1
GTATTGGTAAAACACA,1
GTATTGTAGCTCGTTT,1
GTATTGTAGCTGACAG,1
GTATTGTCTTTTTCCA,1
GTATTGTGAGCGGTCT,1
GTATTGTGCTATTTGT,1
GTATTGTTCTTACAAG,1
GTATTTAAAATAACAA,1
GTATTTAAACTGCAGA,1
GTATTTAAACTGCCTA,1
GTATTTAAAGAAATTT,1
GTATTTAAAGTCATTT,1
GTATTTAAGATAAAGA,1
GTATTTAAGCTGCCGA,1
GTATTTAATAATTACA,1
GTATTTACTGGAGAGA,1
GTATTTAGGAAATTTC,1
GTATTTATCTATCTAC,1
GTATTTATTGCAAGTG,1
GTATTTCAACAAATCC,1
GTATTTCCACCCCACA,1
GTATTTCCGGAAACAA,1
GTATTTCGGAGCGCTG,1
GTATTTCGGAGTGCCG,1
GTATTTCGGATCGCCG,1
GTATTTCGGCTTTCCT,1
GTATTTGACTTTATTT,1
GTATTTGAGTGAGCAT,1
GTATTTGAGTGGGCAC,1
GTATTTGGACACCAAT,1
GTATTTGGCGAAGGGT,1
GTATTTGGTATTAATT,1
GTATTTGTACAATCCC,1
GTATTTGTGGATGCGA,1
GTATTTTAAAACACGG,1
GTATTTTAACTTGTGA,1
GTATTTTAGGGTCCGC,1
GTATTTTAGGTTCCGG,1
GTATTTTATTATACAA,1
GTATTTTCAAGTCAAG,1
GTATTTTCTTTATCCA,1
GTATTTTTAACGCCCA,1
GTCAAAAAAAGAAATA,1
GTCAAAAAACTAGATC,1
GTCAAAAAATTCGATC,1
GTCAAAAACTATCGCA,1
GTCAAAAAGCTCGATC,1
GTCAAAAAGGCGCTTA,1
GTCAAAAATCTATCTA,1
GTCAAAACACATCTTA,1
GTCAAAACATAATTAG,1
GTCAAAACCATTCAAT,1
GTCAAAACCATTTGTA,1
GTCAAAACGATTCAAT,1
GTCAAAACGCCTACAG,1
GTCAAAACTACTCAAT,1
GTCAAAAGAACTGGAC,1
GTCAAAATACGAAAGA,1
GTCAAAATCATGGGAC,1
GTCAAAATCCGTTCAC,1
GTCAAAATCTTTACTC,1
GTCAAACAACGAGTAC,1
GTCAAACACATTAAAT,1
GTCAAACATAATAGAC,1
GTCAAACTAAAAGGCG,1
GTCAAACTGACAAAGT,1
GTCAAACTTAAAGGAG,1
GTCAAACTTAAAGGCT,1
GTCAAACTTAAAGGGG,1
GTCAAAGAACAGCTTC,1
GTCAAAGACATTAATA,1
GTCAAAGACGTAGACC,1
GTCAAAGCCGTTGACG,1
GTCAAAGCGTATCAAT,1
GTCAAAGCTATTAAAA,1
GTCAAAGCTTGCTAAA,1
GTCAAAGGATTAGTCT,1
GTCAAAGGGTCTGAGA,1
GTCAAAGTGTATAAAT,1
GTCAAATAAAAAGATG,1
GTCAAATAATCCTGAA,1
GTCAAATAGGACCTGT,1
GTCAAATGGCTTCCTG,1
GTCAACAAATCGCTTA,1
GTCAACAACATTTGTA,1
GTCAACAATCTTATCT,1
GTCAACACATCATCCC,1
GTCAACACGATTTGTA,1
GTCAACAGTTCATGAA,1
GTCAACATAAGAACTC,1
GTCAACATCACCTGTT,1
GTCAACATGAACAACC,1
GTCAACATGACGACGG,1
GTCAACCAACGTAACA,1
GTCAACCACTGATAAT,1
GTCAACCCAGCACAAC,1
GTCAACCCAGGAGTAT,1
GTCAACCCCACCTAAC,1
GTCAACCCCTGAAGAT,1
GTCAACCCGGCACACC,1
GTCAACCTAAAGAGAG,1
GTCAACCTATATTCCT,1
GTCAACGAAACAAGAA,1
GTCAACGATTAACAAA,1
GTCAACGCCGATCCGT,1
GTCAACGCGCGCTTCT,1
GTCAACGGTCATGTCT,1
GTCAACGTCTGAAGAT,1
GTCAACGTGAACTTAC,1
GTCAACGTTAATAAGA,1
GTCAACGTTCAGCCCC,1
GTCAACTCAACGCTAA,1
GTCAACTCATATCACA,1
GTCAACTGAAAGAACC,1
GTCAACTGTCGTACTG,1
GTCAAGAAAAATCAGA,1
GTCAAGAAAAATGCAA,1
GTCAAGAAAAGAGAAC,1
GTCAAGAACATGAGAT,1
GTCAAGAATAATTTCC,1
GTCAAGACATCCCCAT,1
GTCAAGACATGAAAAA,1
GTCAAGACATGCACAT,1
GTCAAGACATTCACAA,1
GTCAAGAGACCAAAAG,1
GTCAAGAGACCAAACC,1
GTCAAGAGACCAAAGG,1
GTCAAGAGACTAAACG,1
GTCAAGAGCAACAAAG,1
GTCAAGAGGGACAGCG,1
GTCAAGATACCAAACG,1
GTCAAGATATGCACAA,1
GTCAAGATCTGGAAAC,1
GTCAAGCAAAACGAGA,1
GTCAAGCCCAAAAACT,1
GTCAAGCTAGTGGAAG,1
GTCAAGCTGATGGAAG,1
GTCAAGGAATCATTTT,1
GTCAAGGACGTTTGAA,1
GTCAAGGCTAAAACAC,1
GTCAAGGGAAACAAAG,1
GTCAAGGGCAACAAAT,1
GTCAAGTAAAAAAATC,1
GTCAAGTCAGTTGAAT,1
GTCAAGTCCCGCCCAT,1
GTCAAGTCTAAAATAT,1
GTCAAGTCTATGTTAC,1
GTCAAGTGCAACAAAG,1
GTCAAGTTGAACCAAA,1
GTCAAGTTTATGATTT,1
GTCAATAACCACTATT,1
GTCAATAATAGTTTGA,1
GTCAATAATCACCAAT,1
GTCAATACTAGGTCCT,1
GTCAATAGACCAAACG,1
GTCAATAGCATCGGCC,1
GTCAATAGCTTCACAA,1
GTCAATAGGAACTTTA,1
GTCAATAGGTTCACGA,1
GTCAATATAACGAAGG,1
GTCAATATAAGCAAAG,1
GTCAATATCACCAAAG,1
GTCAATATCATGGGAC,1
GTCAATATGAGCAAAG,1
GTCAATATGCCTAACA,1
GTCAATATTCGTAACC,1
GTCAATCAGCGAGAAT,1
GTCAATCCATGCACCA,1
GTCAATCGCCCCTTAC,1
GTCAATCTAATGGAAG,1
GTCAATCTTAGCCCCA,1
GTCAATGAAGGTCAGC,1
GTCAATGCGGGGATTA,1
GTCAATGGGGAGCTGT,1
GTCAATGTATTCCATT,1
GTCAATGTGACCATTG,1
GTCAATGTGTATCAAT,1
GTCAATTAGTTGATTT,1
GTCAATTATATCTGCA,1
GTCAATTCACACTGAT,1
GTCAATTCATTAAGCA,1
GTCAATTCTAACTACT,1
GTCAATTGAATGTAAT,1
GTCAATTGGGACTATT,1
GTCAATTTACCTAGCA,1
GTCAATTTCATCGATT,1
GTCACAAAACAATTAA,1
GTCACAAAATAGTATA,1
GTCACAAAATGGAAAA,1
GTCACAAACGCATTCT,1
GTCACAAATTATGTCT,1
GTCACAACATTACTAG,1
GTCACAATGGATAGCT,1
GTCACAATTAATTAAA,1
GTCACACAAGCATTCT,1
GTCACACACCCTACAG,1
GTCACACACGAATTCT,1
GTCACACAGCAAACGT,1
GTCACACATTAATACA,1
GTCACACCGTAAGTTA,1
GTCACACTAGCACCAT,1
GTCACAGAAGCTCATA,1
GTCACAGAATAAACTG,1
GTCACAGAATAAACTT,1
GTCACAGAATAGACTA,1
GTCACAGAATGAAGCA,1
GTCACAGGCTATCGGT,1
GTCACAGTTCACTTAA,1
GTCACAGTTGACTTTA,1
GTCACAGTTTGTTGAC,1
GTCACATAACCAATAT,1
GTCACATAACCCACAT,1
GTCACATAACCCATAC,1
GTCACATAACCCATCT,1
GTCACATATCCCATAT,1
GTCACATATTGATGCA,1
GTCACATCATCTAACA,1
GTCACATGATTCACAA,1
GTCACATTATATAACA,1
GTCACATTATCTAAAA,1
GTCACATTATCTAACG,1
GTCACATTATCTAAGA,1
GTCACATTATCTGACA,1
GTCACATTATTTAACA,1
GTCACCAAAATTACAC,1
GTCACCAAATTACGTC,1
GTCACCAACTAAAAGG,1
GTCACCAACTAAGTTG,1
GTCACCACACGTGGAA,1
GTCACCACCAAAAAGT,1
GTCACCACCACCACAC,1
GTCACCACGACTATAC,1
GTCACCACTCTCACGA,1
GTCACCACTCTCCGTC,1
GTCACCAGATACCCGC,1
GTCACCAGGTTATGAA,1
GTCACCATGATATTAC,1
GTCACCCACACAATGT,1
GTCACCCACTCCACCC,1
GTCACCCAGCGAGAAT,1
GTCACCCATCATGAGG,1
GTCACCCGAACCAACA,1
GTCACCCGGGTGTATC,1
GTCACCCGGTTATGAA,1
GTCACCCGTCTCTAAA,1
GTCACCCTCAAAAAAA,1
GTCACCGCAACAAGAG,1
GTCACCGGGGGGGGAG,1
GTCACCTAAAGTTCAA,1
GTCACCTAGAACTAAG,1
GTCACCTCAAAAGATT,1
GTCACCTCCCAGCATA,1
GTCACCTCGTTATGAA,1
GTCACCTGCTTATGAA,1
GTCACCTGGTTATGAT,1
GTCACGAACGATGCTT,1
GTCACGAAGACACCGT,1
GTCACGAGACTATCCG,1
GTCACGATCAGATTCA,1
GTCACGATTGAAGTCA,1
GTCACGCACGGAATAC,1
GTCACGCTCAGCACAC,1
GTCACGCTGAGATTCA,1
GTCACGGACATGAATC,1
GTCACGGATGTAAATA,1
GTCACGGTACAACATA,1
GTCACGGTTAACCATA,1
GTCACGTTAACAAAAC,1
GTCACGTTAGAGATGG,1
GTCACTAAATTTGGAA,1
GTCACTAAGCGAGAAT,1
GTCACTAATTAAGCCA,1
GTCACTAGTAGATAAG,1
GTCACTATAATCTGAG,1
GTCACTATACGTATGC,1
GTCACTATTATCCGAG,1
GTCACTATTATCTGAT,1
GTCACTCTAAAACGAC,1
GTCACTCTCAGATTCA,1
GTCACTGAAACATCTA,1
GTCACTGCGATTTATA,1
GTCACTGCTGTTTATA,1
GTCACTGCTTGATCAC,1
GTCACTGTACTTATGC,1
GTCACTTACATAGGCA,1
GTCACTTAGGAGAGTT,1
GTCACTTCCTATATCT,1
GTCACTTTGCCTAGGT,1
GTCACTTTTACGAATA,1
GTCACTTTTCCTACAC,1
GTCAGAAAGTAAGAAA,1
GTCAGAAATCATCGCA,1
GTCAGAAATGTTATTA,1
GTCAGAACAGGGCAAT,1
GTCAGAACCAAATGCA,1
GTCAGAACCATGTAGC,1
GTCAGAATGAACACGT,1
GTCAGAATTTAGAGTC,1
GTCAGACAATAGTACT,1
GTCAGACACATTAAAG,1
GTCAGACCCCGCATTG,1
GTCAGACCCTAAGCCC,1
GTCAGACCTACGTTAA,1
GTCAGAGAAGCAGAAA,1
GTCAGAGGAAAACGTC,1
GTCAGAGGAAAATGTC,1
GTCAGATACTAAACAC,1
GTCAGATAGATGCGGA,1
GTCAGATCCAAACCTA,1
GTCAGATCCAATTAAT,1
GTCAGATCGTTCCTAG,1
GTCAGATCGTTCGCAG,1
GTCAGATTCCTGACGG,1
GTCAGATTGACACTAA,1
GTCAGATTTGGAGAAC,1
GTCAGCACGCGCTTCT,1
GTCAGCATCCAAACCC,1
GTCAGCATTACGAAAA,1
GTCAGCATTTAAGGCA,1
GTCAGCCAAGCCTCCA,1
GTCAGCCACTCCAGTA,1
GTCAGCCGACGTCACA,1
GTCAGCCTAACCGTTG,1
GTCAGCCTGTCCCATG,1
GTCAGCGCCTTAAGCT,1
GTCAGCGCGAGCTTCT,1
GTCAGCGCGCGATTCT,1
GTCAGCGGAAACCGTA,1
GTCAGCTAAAGGGGAC,1
GTCAGCTCAGTGTTTA,1
GTCAGCTGAAAAACTA,1
GTCAGCTGACGGTTAG,1
GTCAGGAATGATTGGA,1
GTCAGGACTATTAAAC,1
GTCAGGACTTATAGCC,1
GTCAGGAGACACTTTA,1
GTCAGGAGGTGCTTTC,1
GTCAGGATACATAAAA,1
GTCAGGCATCCGCGAG,1
GTCAGGCATGATTCGA,1
GTCAGGCATGATTGTA,1
GTCAGGCGGGCTTTTG,1
GTCAGGGAAGGAAATA,1
GTCAGGGGAAACTTCA,1
GTCAGGGGAGTCAGCT,1
GTCAGGTGATCTATTG,1
GTCAGTAAAAAATTAA,1
GTCAGTAAACTTCACT,1
GTCAGTACAACGAACC,1
GTCAGTACCTTATTAC,1
GTCAGTAGTATCTGGA,1
GTCAGTATGAACCAAA,1
GTCAGTATTGTCCTAA,1
GTCAGTCCTGTCCTAA,1
GTCAGTCGAAAAACTA,1
GTCAGTCTAGTCCTAA,1
GTCAGTCTCGTCCTAA,1
GTCAGTCTTGTACTAA,1
GTCAGTCTTGTCCCAA,1
GTCAGTCTTTTCCTAA,1
GTCAGTGATAAACGCT,1
GTCAGTGTCGCAATTG,1
GTCAGTTGAAAAAATA,1
GTCAGTTGAAAAACTG,1
GTCAGTTGAAAAGCTA,1
GTCAGTTGAAGAACTA,1
GTCAGTTGATAAACTA,1
GTCATAAACAACTGCT,1
GTCATAAAGTATGGTT,1
GTCATAACGTAAATGC,1
GTCATAAGAACATCCA,1
GTCATAAGCAACTGAT,1
GTCATAAGCAATGTAA,1
GTCATAATACAAGCAC,1
GTCATAATCAACTGCT,1
GTCATAATCCATCAGT,1
GTCATAATCCCATACT,1
GTCATAATCTCCCTAA,1
GTCATAATCTGACTAA,1
GTCATAATCTTCCTAA,1
GTCATACAAAGAAAAT,1
GTCATACAAATAATAT,1
GTCATACAACATCAGA,1
GTCATACATCTTCTCG,1
GTCATACTAACGCATA,1
GTCATAGAAACGGGAA,1
GTCATAGAAACGGGAT,1
GTCATAGAAACGTGAG,1
GTCATAGAAACTGGAG,1
GTCATAGAAATATAAT,1
GTCATAGAGACGGGAG,1
GTCATATAAACGGGAG,1
GTCATATACTGTATCT,1
GTCATATCGTAGTAAC,1
GTCATATCTATTCTGT,1
GTCATATTAAAAGATA,1
GTCATATTGGTGACTC,1
GTCATATTTATTTTAA,1
GTCATATTTCTTTTGA,1
GTCATCAAATTCCAGA,1
GTCATCAATCGAATTT,1
GTCATCACAGAGAAAA,1
GTCATCAGAAACCATA,1
GTCATCAGATTTCCCC,1
GTCATCAGTTACCCTA,1
GTCATCCATTCTTACA,1
GTCATCCCAGGAGTGT,1
GTCATCCCAGGTGTAT,1
GTCATCCCGGGAGTAT,1
GTCATCCCGTAGGGGA,1
GTCATCCGAGGAGTAT,1
GTCATCCTATAGTGCA,1
GTCATCGACCTCACCT,1
GTCATCGGACAGAACA,1
GTCATCGTACAGACGA,1
GTCATCGTATCGACAC,1
GTCATCGTTCAGACTA,1
GTCATCTCAGTTACCG,1
GTCATCTCTAATACCA,1
GTCATCTTACGGCCTG,1
GTCATGAAACAGCTGA,1
GTCATGAAGAAAATTT,1
GTCATGACACACAACA,1
GTCATGACACTTCTGT,1
GTCATGACATGCACAA,1
GTCATGAGAAATGATC,1
GTCATGAGACATCATC,1
GTCATGAGCAACTGCT,1
GTCATGCATTTGCAAA,1
GTCATGCCAGGAGTAT,1
GTCATGCCGCCTATAG,1
GTCATGCCTTGTCAGA,1
GTCATGCGAAGCGCAC,1
GTCATGCGAATAAGAC,1
GTCATGCGAATTCCAT,1
GTCATGCGGTCTATCC,1
GTCATGGACTGAATCG,1
GTCATGTAACAGATAA,1
GTCATGTCAGCTGAAT,1
GTCATGTCAGTTCAAT,1
GTCATGTCGGTTGAAT,1
GTCATGTGCCAACCAA,1
GTCATGTTCGACCACT,1
GTCATGTTTTGCATTA,1
GTCATTAAGTAATATG,1
GTCATTACACCTCACA,1
GTCATTAGAAATAAGC,1
GTCATTAGGTCACGCA,1
GTCATTATAGTGTATA,1
GTCATTATTGCATGTT,1
GTCATTCAATCCTATG,1
GTCATTCAATTTTATC,1
GTCATTCAGTAATATG,1
GTCATTCATGGGCGGG,1
GTCATTCGTGGATAAA,1
GTCATTCTCGCGAGCG,1
GTCATTGAGCTGTAGT,1
GTCATTGCACTGTAGT,1
GTCATTGCGATGTAGT,1
GTCATTGCGCTGTATT,1
GTCATTGCGCTTTAGT,1
GTCATTGCTAACGGAA,1
GTCATTGCTCTGTAGT,1
GTCATTGGCCAGGTAC,1
GTCATTTAACAGAGAA,1
GTCATTTACATAAATA,1
GTCATTTACGAAGGAT,1
GTCATTTCAGTTGAAT,1
GTCATTTCATACATAA,1
GTCATTTCCAAAACAG,1
GTCATTTCTTGGCCCA,1
GTCATTTGTCGACAAG,1
GTCATTTTATCCTAAG,1
GTCCAAAAAACGGCGC,1
GTCCAAAAAATTAGGC,1
GTCCAAAAATGGAAAA,1
GTCCAAAACTACTATC,1
GTCCAAAAGACAAATA,1
GTCCAAAAGGAGGGAA,1
GTCCAAAATCGTTATA,1
GTCCAAAATTCGCTGT,1
GTCCAAAATTGGGTTT,1
GTCCAAACACACAATC,1
GTCCAAACTCCTGAAG,1
GTCCAAAGATACCCTT,1
GTCCAAAGCTAGGGAC,1
GTCCAAAGGAATTCTA,1
GTCCAAAGGCGATTAA,1
GTCCAAAGTTCATGAA,1
GTCCAAAGTTGAGTTT,1
GTCCAAATACGCTCGA,1
GTCCAAATGAAGCGGG,1
GTCCAAATGAGGCGTG,1
GTCCAAATGAGTCGGG,1
GTCCAAATTAGGCGGG,1
GTCCAAATTTAACGGC,1
GTCCAACAAACTTATG,1
GTCCAACAAACTTTCC,1
GTCCAACAAAGGAAAC,1
GTCCAACATTACAATC,1
GTCCAACCATTTAAAC,1
GTCCAACGATGTGGCT,1
GTCCAACGGAATGGTA,1
GTCCAACTAATTTACT,1
GTCCAACTATGCCAAT,1
GTCCAACTCATTAATA,1
GTCCAACTCTGCTAAA,1
GTCCAACTTAAAGAGG,1
GTCCAAGCCACGCAAC,1
GTCCAAGCTAAGATAT,1
GTCCAAGTGAGGCGGG,1
GTCCAAGTTTAACGGC,1
GTCCAATACACTAGCG,1
GTCCAATACATACTGT,1
GTCCAATAGGCTGATA,1
GTCCAATCATTGAGCA,1
GTCCAATGAACTTATC,1
GTCCAATGCCACTCAT,1
GTCCAATTAATTTAAT,1
GTCCAATTAATTTGCT,1
GTCCAATTGATTTACT,1
GTCCACAACCGAATGA,1
GTCCACAATAAGGGCT,1
GTCCACAGATGCGTAG,1
GTCCACAGGTCATGAA,1
GTCCACAGTCCATGAA,1
GTCCACAGTTCATGAC,1
GTCCACATAAAAACCA,1
GTCCACATTTCATGAA,1
GTCCACCAAATTAGTA,1
GTCCACCAAGGAAGAA,1
GTCCACCCCCCCACGA,1
GTCCACCTAACCTAAA,1
GTCCACGATAAAAGAA,1
GTCCACGGTCCCATCT,1
GTCCACGTGAACTTAC,1
GTCCACGTGCACATAC,1
GTCCACGTGCACTTAA,1
GTCCACGTGCACTTAT,1
GTCCACGTGCTCTTAC,1
GTCCACGTTAGAACGC,1
GTCCACTAAAGTCACC,1
GTCCACTAACGGTCGT,1
GTCCACTACCCCAGGA,1
GTCCACTAGGATGATA,1
GTCCACTATAAGGGCT,1
GTCCACTATGCTGATA,1
GTCCACTCAAATTTCT,1
GTCCACTCCTCCGCGA,1
GTCCACTCTAAGAAGC,1
GTCCACTCTCCGGTTA,1
GTCCACTTGACCCTAT,1
GTCCAGACTAATATAA,1
GTCCAGATGAGCGGAT,1
GTCCAGATGAGGCGGG,1
GTCCAGATGGCCTTGT,1
GTCCAGCAAATATAAG,1
GTCCAGCCATTTCAAC,1
GTCCAGCCTGGGACAT,1
GTCCAGCTAGAGAGGA,1
GTCCAGCTCAAATCCT,1
GTCCAGCTCAAATCGC,1
GTCCAGCTCAAATCGG,1
GTCCAGCTGTTTGACC,1
GTCCAGGCAGGGCACA,1
GTCCAGTAGTAAGCTA,1
GTCCAGTCAACAACGG,1
GTCCAGTCGTACCATA,1
GTCCAGTCTTACCATT,1
GTCCAGTGAGCACGTG,1
GTCCAGTGTCCCTTGC,1
GTCCAGTTAACAAAAC,1
GTCCAGTTGAACAAAA,1
GTCCAGTTGAACTAAA,1
GTCCAGTTTAAAAGTA,1
GTCCAGTTTAACCAAA,1
GTCCATAAAGATATTG,1
GTCCATAAATCAAAGC,1
GTCCATAAGAACTATG,1
GTCCATAATAACAGGA,1
GTCCATATACAGAAGT,1
GTCCATCATCACTAAA,1
GTCCATCCAAACAACT,1
GTCCATCCGCAAAAAG,1
GTCCATCTATCCGATA,1
GTCCATCTCAAATCGT,1
GTCCATCTTTGTACGA,1
GTCCATGACGTTTTAT,1
GTCCATGAGAAACCAA,1
GTCCATGCCTATTACA,1
GTCCATGCCTTTTAAC,1
GTCCATGCTGACTTAA,1
GTCCATGGACACGTCG,1
GTCCATGTAAAGCGAA,1
GTCCATGTTGTAAATC,1
GTCCATTAAGGAAGAC,1
GTCCATTACGTTTTCT,1
GTCCATTCACAGGGTG,1
GTCCATTCCTCGGGAT,1
GTCCATTCGAAAAAAG,1
GTCCATTGCTAGTATC,1
GTCCATTTACCTCCAT,1
GTCCATTTACCTCTAA,1
GTCCATTTGGTAAATC,1
GTCCCAAAATGAACTT,1
GTCCCAAATCACAATC,1
GTCCCAACCTATTCCA,1
GTCCCAACGACAACCA,1
GTCCCAACTCACGAAA,1
GTCCCAACTGACGCCG,1
GTCCCAAGCACCGCCA,1
GTCCCAATAAGTGAAC,1
GTCCCAATGATATTAC,1
GTCCCACAAAAACATC,1
GTCCCACACCTGAAAT,1
GTCCCACTCTTGCCGC,1
GTCCCAGAATCTCATA,1
GTCCCAGTCACCATAC,1
GTCCCATAATAACCAG,1
GTCCCATACCGCCCTA,1
GTCCCATCAAGCCCAC,1
GTCCCATCCTATATCT,1
GTCCCATGAGAGGCGC,1
GTCCCATGAGTGAAAA,1
GTCCCATGCCCCAACA,1
GTCCCATGCTAGAGTC,1
GTCCCATTGTTGTACA,1
GTCCCCAATAGAATTA,1
GTCCCCAGACCTAGGT,1
GTCCCCAGTTCCGAGA,1
GTCCCCATTACTATCT,1
GTCCCCATTATATTAC,1
GTCCCCCAACCCTAAA,1
GTCCCCCCATTACTAG,1
GTCCCCCCGAAGGCAC,1
GTCCCCGAAACTACAT,1
GTCCCCTACAATATCG,1
GTCCCCTCCCCAAACA,1
GTCCCCTTGTTGTAGG,1
GTCCCGAAACTCACAG,1
GTCCCGAAATTCACGG,1
GTCCCGAAATTTACAG,1
GTCCCGAAGCGGTCAA,1
GTCCCGAAGTACTATG,1
GTCCCGACAGTGACGG,1
GTCCCGACTATACCTC,1
GTCCCGATGTTTGACC,1
GTCCCGCTCGACGGGT,1
GTCCCGCTCTTTGACC,1
GTCCCGCTGTTTGACA,1
GTCCCGCTTAATACTC,1
GTCCCGCTTTTTGACC,1
GTCCCGGAACATAAAA,1
GTCCCGTAGTATTACA,1
GTCCCGTCCAAAATAG,1
GTCCCGTCCGAAATAT,1
GTCCCGTCGAAAATAT,1
GTCCCGTTAACAAAAA,1
GTCCCGTTAACAAAAT,1
GTCCCGTTAACAGAAC,1
GTCCCGTTAACGAAAC,1
GTCCCGTTAATAAAAC,1
GTCCCGTTCAAAATAT,1
GTCCCTAACTCGACAA,1
GTCCCTAATTACAATC,1
GTCCCTACCCTGGCAT,1
GTCCCTACCTTGGAAT,1
GTCCCTACGTCACACT,1
GTCCCTATATTGAACT,1
GTCCCTATCGCCGCAC,1
GTCCCTATTATCTGAG,1
GTCCCTATTCTACCAG,1
GTCCCTATTCTTAAAT,1
GTCCCTCACACAGACA,1
GTCCCTCGAATCCATT,1
GTCCCTGAACAGGTGA,1
GTCCCTGCTCCGCCGG,1
GTCCCTGCTCCGTCAG,1
GTCCCTTAAATGTCAT,1
GTCCCTTAGCGATGTA,1
GTCCCTTCCAAAATAT,1
GTCCCTTCCCCGACCT,1
GTCCCTTCCTACATCT,1
GTCCCTTTAACGCAAT,1
GTCCGAAAAGTTATTA,1
GTCCGAAAATGCACCA,1
GTCCGAAAATGTACCG,1
GTCCGAAAATTCACCG,1
GTCCGAAACGAACCAT,1
GTCCGAAACTTTGTCC,1
GTCCGAAATGTTATAC,1
GTCCGAAATGTTATCA,1
GTCCGAAATTTTATTA,1
GTCCGAAATTTTCAAA,1
GTCCGAATAACCTAAA,1
GTCCGAATCTTTACTC,1
GTCCGACAACTGTGAA,1
GTCCGACACACGCGAC,1
GTCCGACCCAACGAAA,1
GTCCGACTGTCGCGTT,1
GTCCGAGACGGTGTGG,1
GTCCGATAGATTCGGA,1
GTCCGATAGCCTCAAT,1
GTCCGATGACCGGAAA,1
GTCCGATGGAGTGGAG,1
GTCCGATGTAGTAGAG,1
GTCCGATTGTGGCAAT,1
GTCCGATTTATAGTCA,1
GTCCGATTTCCCTTCA,1
GTCCGCAGTTCATGAA,1
GTCCGCATAGAACTCG,1
GTCCGCATCGAAACCC,1
GTCCGCATGATGGATC,1
GTCCGCATTAAAAGAC,1
GTCCGCCAAACCCATG,1
GTCCGCGATAACATCC,1
GTCCGCGGATAAAGAC,1
GTCCGCGTCCAAACCC,1
GTCCGGAAAGGTCATA,1
GTCCGGAACAGTCGCA,1
GTCCGGAACTTTGTCA,1
GTCCGGAACTTTGTCT,1
GTCCGGAACTTTGTGC,1
GTCCGGAAGCGGCAGA,1
GTCCGGCAGATTAAGA,1
GTCCGGCCGAAAATCT,1
GTCCGGGGAATCAGCT,1
GTCCGGGGAGCCAGCT,1
GTCCGGGGAGTCAGAT,1
GTCCGGGGATTCATCT,1
GTCCGGGGGAACTTCA,1
GTCCGGTAATGATTCC,1
GTCCGGTGCAAAACGA,1
GTCCGTAAAAAATGGG,1
GTCCGTAAGTCAATCG,1
GTCCGTACTTCATCAA,1
GTCCGTAGATTTGTTA,1
GTCCGTCACGGCCGCC,1
GTCCGTCACTGCAGAA,1
GTCCGTGCACATATTC,1
GTCCGTGCCTCGAAAA,1
GTCCGTGTCAACATCA,1
GTCCGTGTGGTAAATC,1
GTCCGTTAACTTGCCC,1
GTCCGTTACACACAAA,1
GTCCTAAAACACTGTA,1
GTCCTAAAACAGCATT,1
GTCCTAAAACCGTGCT,1
GTCCTAAAATCAGAGC,1
GTCCTAAAATGCACCG,1
GTCCTAAACCCAATCA,1
GTCCTAAAGAACGGCG,1
GTCCTAACTTTTCACC,1
GTCCTAAGACCGTGCT,1
GTCCTAATCCAGACTT,1
GTCCTAATTCTTGAAT,1
GTCCTACACGGCAAGT,1
GTCCTACAGAACGTCG,1
GTCCTACAGAACTGCG,1
GTCCTACCGCCTATAG,1
GTCCTACCGGAAATCA,1
GTCCTACGGCACGTCT,1
GTCCTACTACATAGAA,1
GTCCTACTTTTAACAC,1
GTCCTAGACTGAACAG,1
GTCCTAGAGCCCTGCA,1
GTCCTAGGAAGACAGC,1
GTCCTATACAAGTGGT,1
GTCCTATACGAACAAC,1
GTCCTATCCAAGCTAG,1
GTCCTATCGGAGACTG,1
GTCCTATTCAACCACG,1
GTCCTATTTACGGTCG,1
GTCCTATTTCTATCCA,1
GTCCTATTTTATTTGC,1
GTCCTCAATACAGACA,1
GTCCTCAATTCGACGG,1
GTCCTCACTACTATCT,1
GTCCTCAGAAAAAAAT,1
GTCCTCAGAAGAGCAA,1
GTCCTCAGTCGACAGC,1
GTCCTCAGTGACTACA,1
GTCCTCGGCTTTCGGT,1
GTCCTCGGGTATTTAG,1
GTCCTCTACGCAAATG,1
GTCCTCTCGCCGATTT,1
GTCCTCTGAGACCCAA,1
GTCCTCTTGAGCCAGT,1
GTCCTCTTGCTACACT,1
GTCCTGACAATCAAGT,1
GTCCTGACGGTATTAA,1
GTCCTGAGAAGCGGAA,1
GTCCTGCACCCAATAA,1
GTCCTGCTAGACCTAC,1
GTCCTGGAGTTTCCAT,1
GTCCTGTAATTAAAAA,1
GTCCTGTAGAAAAACT,1
GTCCTGTGCCAGGACA,1
GTCCTGTGCCCTGACA,1
GTCCTTAAAATTTCTT,1
GTCCTTAAGTCACACT,1
GTCCTTAATCGGAGTA,1
GTCCTTACCCACACGA,1
GTCCTTACGCCACACT,1
GTCCTTACTACACCCC,1
GTCCTTAGCCTTTTAA,1
GTCCTTATACTAGCTA,1
GTCCTTATGTAACTTG,1
GTCCTTCAACAAATCC,1
GTCCTTCACACAAGTG,1
GTCCTTCACATCCATG,1
GTCCTTCCAACACCCC,1
GTCCTTCCTAAACCCC,1
GTCCTTCCTACACCAC,1
GTCCTTCCTACACCCA,1
GTCCTTCCTACACCCG,1
GTCCTTCCTACGCCCC,1
GTCCTTCCTATACCCC,1
GTCCTTCGATAAGTAA,1
GTCCTTCGTACACCCC,1
GTCCTTCGTTAGTAAA,1
GTCCTTGAGAGGCAAT,1
GTCCTTGCCGGACGTC,1
GTCCTTGGTCATGGTC,1
GTCCTTTCTACACCCC,1
GTCCTTTGCCCGGACA,1
GTCCTTTGGAAACTCA,1
GTCCTTTTTCACCCTT,1
GTCGAAAAAAGCACAT,1
GTCGAAAAAGTCTAAA,1
GTCGAAAACTGGAACT,1
GTCGAAACACTTTTGT,1
GTCGAAACGCACAAAA,1
GTCGAAACTCGCGTTA,1
GTCGAAATACAACTAA,1
GTCGAAATACCTAACA,1
GTCGAAATCCCTCTAG,1
GTCGAAATCCCTTCAC,1
GTCGAAATCCGATCAC,1
GTCGAAATCCGCTCAC,1
GTCGAAATCCGTCCAC,1
GTCGAAATCTGTTCAC,1
GTCGAAATGCGTTCAC,1
GTCGAAATGTATTAAA,1
GTCGAAATTCGTTCAC,1
GTCGAACAAAGTACGA,1
GTCGAACAACGTATCC,1
GTCGAACAGAGTCACA,1
GTCGAACATACTATGC,1
GTCGAACATCAGGAAT,1
GTCGAACCACTTTTGC,1
GTCGAACGCCTCCACC,1
GTCGAAGAACGTATGT,1
GTCGAAGAGATGTTCT,1
GTCGAAGCAAAACAAG,1
GTCGAAGCCCTCCCGA,1
GTCGAAGGAAGTAGAT,1
GTCGAAGGCTAAAATT,1
GTCGAAGTAAAACGAG,1
GTCGAAGTAGAACAAG,1
GTCGAATAGTAGAAAT,1
GTCGAATATGCAACCC,1
GTCGAATCGCCGTAAA,1
GTCGAATGACCATGTA,1
GTCGAATGCCGGGAAA,1
GTCGACAACTCAAAAT,1
GTCGACAATACTATTG,1
GTCGACAATCTCACAA,1
GTCGACAATCTCGTAA,1
GTCGACACAATAAGAC,1
GTCGACAGCAGCAAGA,1
GTCGACCTTAACCTTA,1
GTCGACGAACCGTTGA,1
GTCGACGTGCACTTAC,1
GTCGACTAAATTAGTT,1
GTCGACTGGTTTGACA,1
GTCGACTTATACCAGA,1
GTCGACTTCGCTGACT,1
GTCGAGAAAAAGGCAA,1
GTCGAGAAAAAGGCTA,1
GTCGAGAAAAAGGTCA,1
GTCGAGAACGTGTCAG,1
GTCGAGACCCCAGCGA,1
GTCGAGCAAAATACGA,1
GTCGAGGCCACGGAGA,1
GTCGAGGCGCCCCACG,1
GTCGAGGTTAAGCTAA,1
GTCGAGTAATAACAAC,1
GTCGAGTCTAACTACT,1
GTCGATAACAGGACGA,1
GTCGATAATACCGAAC,1
GTCGATAATTACTATT,1
GTCGATACACAGGATT,1
GTCGATATAGTGACCC,1
GTCGATATTCATCAAA,1
GTCGATATTTATGCAC,1
GTCGATATTTTCACCA,1
GTCGATCAATTCAATC,1
GTCGATCATGTCACGC,1
GTCGATCCAATTAATT,1
GTCGATCGAAAGCACG,1
GTCGATCGCAAATATT,1
GTCGATCTCGGATAAA,1
GTCGATGATTCTGCTA,1
GTCGATGTTACATCAT,1
GTCGATTTACTAACTT,1
GTCGCAAACTGGAGCT,1
GTCGCAAATATGTTTT,1
GTCGCAAGCGATAATA,1
GTCGCAAGTCGTAGGT,1
GTCGCAAGTTGAAATA,1
GTCGCAATTAATAAAT,1
GTCGCACACTAATACA,1
GTCGCACATTAATAAA,1
GTCGCACATTAATATA,1
GTCGCACCACTAATAG,1
GTCGCACTAGATCAAA,1
GTCGCAGTGCAACTTT,1
GTCGCAGTGTGGTATT,1
GTCGCATATTGAAGCA,1
GTCGCATATTGATGAA,1
GTCGCATCTGACACAC,1
GTCGCATCTGTCACAC,1
GTCGCCAACTCCACCC,1
GTCGCCACGGTGTCTA,1
GTCGCCATTACTCAGA,1
GTCGCCCACCCCGCAG,1
GTCGCCCACTAGCCAA,1
GTCGCCCTTTAAGAAC,1
GTCGCCTACCCCGCAC,1
GTCGCCTGCCAACACT,1
GTCGCCTGGTTATGAA,1
GTCGCGAGCGCGCAAC,1
GTCGCGAGCTACTCCC,1
GTCGCGAGCTCCTACC,1
GTCGCGAGCTCCTCAC,1
GTCGCGAGCTCCTTCC,1
GTCGCGAGCTCTTCCC,1
GTCGCGATCTCCTCCC,1
GTCGCGCATCGTCTAA,1
GTCGCGGCAATTGGGT,1
GTCGCGGTACATAAAA,1
GTCGCGTATGTCACTA,1
GTCGCTACGTTAAGAA,1
GTCGCTCCCGATCAGA,1
GTCGCTCGGTTCCAGT,1
GTCGCTCTACTTAAAG,1
GTCGCTTGGTATTAGT,1
GTCGGAAAATACAAAA,1
GTCGGAAACAACATTA,1
GTCGGAAATGGAATCC,1
GTCGGAACAGAGCTGA,1
GTCGGAAGCAAAGCTC,1
GTCGGAATCCGTTCAC,1
GTCGGACAACGTATAC,1
GTCGGACACAAACAAC,1
GTCGGACAGCGTATCC,1
GTCGGACGACGAACAT,1
GTCGGACGATAAACAT,1
GTCGGACTTAATTACT,1
GTCGGACTTGGAGAAC,1
GTCGGAGCAGTATATA,1
GTCGGATACAGTGGTG,1
GTCGGATAGAAATACA,1
GTCGGATGCCCCGGAC,1
GTCGGATGGATTTCAT,1
GTCGGATGTTAGTTTA,1
GTCGGATTAATAGCAA,1
GTCGGATTTTGGACCC,1
GTCGGCACTTCACTAG,1
GTCGGCAGCAAAGCTC,1
GTCGGCATGGACATCT,1
GTCGGCCCTAAGATGT,1
GTCGGCCTAACCGTTT,1
GTCGGCCTGACCGTTG,1
GTCGGCGTATTGGTAA,1
GTCGGCGTTCGGCAAT,1
GTCGGCTACCCCGCAG,1
GTCGGCTCATTACCTG,1
GTCGGCTCGCCTATAA,1
GTCGGGAATGACCAGT,1
GTCGGGAGAAAAGCTC,1
GTCGGGCAAGCTCTCT,1
GTCGGGCAAGTGTTTA,1
GTCGGGCGGAAGGCGA,1
GTCGGGGTCACCCTCT,1
GTCGGGTAACAACAAC,1
GTCGGGTAATAACAAA,1
GTCGGGTAATAACAAT,1
GTCGGGTAATAACGAC,1
GTCGGGTAGTAACAAC,1
GTCGGGTGCAGTAATA,1
GTCGGTACACAGGACT,1
GTCGGTAGCAAAGCTC,1
GTCGGTAGGAAGGAAA,1
GTCGGTCCCGATCATA,1
GTCGGTCCCTTATTAC,1
GTCGGTCGATCGATGT,1
GTCGGTTTAAGAATGA,1
GTCGGTTTCCATTAAA,1
GTCGTAAACAACCTGT,1
GTCGTAACCACCGACA,1
GTCGTAACCCACTCCT,1
GTCGTAACGATACAAT,1
GTCGTAAGAAAATATT,1
GTCGTAAGGACATATT,1
GTCGTAATAAGAGCTA,1
GTCGTAATTTTGAACA,1
GTCGTACAATTTCTAA,1
GTCGTACATACTAAAT,1
GTCGTACCCAGTACTT,1
GTCGTACGCCCAAAAA,1
GTCGTAGAAACGGGAG,1
GTCGTAGAAATTCACT,1
GTCGTAGTAAAACAAG,1
GTCGTAGTAGATAGTT,1
GTCGTATACATAAACT,1
GTCGTATGGTAGATAA,1
GTCGTATTATATTATC,1
GTCGTATTATTTATAT,1
GTCGTATTTTTAAAAA,1
GTCGTATTTTTATACA,1
GTCGTCAAGGATTGCA,1
GTCGTCAATGATTGCC,1
GTCGTCACATGAAGTA,1
GTCGTCACCACGAACA,1
GTCGTCATCCGAAACA,1
GTCGTCATGACGAACA,1
GTCGTCCAAAAACTTA,1
GTCGTCGCAATCTTTG,1
GTCGTCTTCGACCGTA,1
GTCGTCTTGCGGTTCA,1
GTCGTGAATGCTCACA,1
GTCGTGATTGCCGTAT,1
GTCGTGCGAAATTGTG,1
GTCGTGCTATTTAAAC,1
GTCGTGGAATTTTAGA,1
GTCGTGTAACAGAGAA,1
GTCGTGTAATAACAAC,1
GTCGTGTGCCCGGACA,1
GTCGTTAAAGGGAATA,1
GTCGTTAACCCAGAAA,1
GTCGTTATCACGAACA,1
GTCGTTATTACGAACA,1
GTCGTTCACAATCAAA,1
GTCGTTCGCGGGTATG,1
GTCGTTCTCTCCAAGA,1
GTCGTTCTTACGAAAA,1
GTCGTTGCAATATACC,1
GTCGTTTAAGTCCGAC,1
GTCGTTTTGGCAACGT,1
GTCGTTTTTGTTCTAC,1
GTCTAAAACATGGAAC,1
GTCTAAAACTGGCAAC,1
GTCTAAAAGACACTCC,1
GTCTAAAAGATCTATA,1
GTCTAAAATATTTATA,1
GTCTAAACAATAGCAA,1
GTCTAAAGAATAATTT,1
GTCTAAAGATAAAGAG,1
GTCTAAAGCCCATCCT,1
GTCTAAAGGAATGGTA,1
GTCTAAATAATGATAC,1
GTCTAAATATGTATAG,1
GTCTAAATCGTTGTGT,1
GTCTAACATATGATAG,1
GTCTAACCGCATACCA,1
GTCTAACGAAATGGTA,1
GTCTAACGAACACTGT,1
GTCTAACGCAATGGTA,1
GTCTAACGGAATGATA,1
GTCTAACGGAATGGCA,1
GTCTAACGGAATGGTG,1
GTCTAACGGAATGTTA,1
GTCTAACGGAATTGTA,1
GTCTAACGGAGTGGTA,1
GTCTAACGGGATGGTA,1
GTCTAACGTAATGGTA,1
GTCTAACTAAAGACTA,1
GTCTAAGAAAAATCGC,1
GTCTAAGACATCCAGA,1
GTCTAAGATAAGAGCA,1
GTCTAAGCCTTGCCTT,1
GTCTAAGCTGTCGTAA,1
GTCTAATAACAAGGTC,1
GTCTAATCAAGGTATC,1
GTCTAATGGAATGGTA,1
GTCTAATTAATTACAG,1
GTCTAATTATGCAATA,1
GTCTAATTCACCGAAA,1
GTCTAATTTACCAACA,1
GTCTACAAATCCGGCA,1
GTCTACAATCAGTAAC,1
GTCTACATCGAGATAT,1
GTCTACCAAAGACACG,1
GTCTACCATCGTATAT,1
GTCTACCGGAACGCTA,1
GTCTACCGGCCTTCCT,1
GTCTACCTGCCCTAGA,1
GTCTACCTGCCTTCCA,1
GTCTACCTTCCCCAGA,1
GTCTACCTTGAATACA,1
GTCTACGAGGAGAACA,1
GTCTACGCAACACCAT,1
GTCTACGCAATTCCAA,1
GTCTACGGATTGGCGA,1
GTCTACGGATTGGCGT,1
GTCTACGTCTCGATAA,1
GTCTACTAAGCACTTG,1
GTCTAGAAAAAGGCCA,1
GTCTAGAAGAAAAGAA,1
GTCTAGAAGATACGAT,1
GTCTAGACAATATTCT,1
GTCTAGACAGTCAACT,1
GTCTAGACGATATTTT,1
GTCTAGACGTAACACG,1
GTCTAGACTAATACAA,1
GTCTAGCAAAAAAGAA,1
GTCTAGCACACCAGAG,1
GTCTAGCATCCATGGG,1
GTCTAGCTAATGGAAG,1
GTCTAGCTCAAATCGT,1
GTCTAGCTGAACTGTC,1
GTCTAGCTGTATCAGC,1
GTCTAGGAAATACCCG,1
GTCTAGGAAATCTCAT,1
GTCTAGGATGTACAAG,1
GTCTAGGATGTACCAC,1
GTCTAGGATGTGCCAG,1
GTCTAGGCAAAAGCTA,1
GTCTAGGGTACCTTAC,1
GTCTAGGTCTTAAATA,1
GTCTAGGTTCATTACA,1
GTCTAGTATACTCAAT,1
GTCTAGTCGATCAGGT,1
GTCTAGTCTAACCAAC,1
GTCTAGTGACAGTTAA,1
GTCTATAAATATATAT,1
GTCTATAACAATCAGT,1
GTCTATAGTGGCCAGT,1
GTCTATATAACGAAGG,1
GTCTATCACCCTCGGG,1
GTCTATCCACAGGGGG,1
GTCTATCCGGCAAATT,1
GTCTATCCTCTCAAAA,1
GTCTATCCTGAACAGC,1
GTCTATCCTGACTTAA,1
GTCTATCGAACGAACA,1
GTCTATCGACACGTCG,1
GTCTATCGATTAAAAC,1
GTCTATCGTTATAAAA,1
GTCTATCTATGTACGA,1
GTCTATCTTCGTACGA,1
GTCTATCTTGAAAAGC,1
GTCTATCTTTGCACGA,1
GTCTATCTTTGTAAGA,1
GTCTATGATGTACCAG,1
GTCTATGGAAACGTCG,1
GTCTATGGACACCTCG,1
GTCTATGGACACGTGG,1
GTCTATGGAGACGTCG,1
GTCTATGTGCATTACA,1
GTCTATTATGATTTAA,1
GTCTATTGACACGTCG,1
GTCTATTTTCATAGTA,1
GTCTCAAAAAAAGCTT,1
GTCTCAAAAACACTAT,1
GTCTCAAACATGGAAC,1
GTCTCAAACTATTCCA,1
GTCTCAACCTACTCCA,1
GTCTCAACCTATTCAA,1
GTCTCAACGCCTACGC,1
GTCTCAACGCCTACTT,1
GTCTCAACTCCTACGT,1
GTCTCAAGAAATACAA,1
GTCTCAAGTGATAATA,1
GTCTCACAACTAAAAT,1
GTCTCACACTAGATAC,1
GTCTCACAGCATACCA,1
GTCTCACGCAGAAACC,1
GTCTCACGTAATACGC,1
GTCTCAGACATCAAGA,1
GTCTCAGCCAGAAATT,1
GTCTCAGTGGGTGTAA,1
GTCTCAGTGTAGGCAG,1
GTCTCAGTTGACATAC,1
GTCTCATATTGATGCA,1
GTCTCATCAGACCTGC,1
GTCTCATCATCAGTCC,1
GTCTCATCCCATAATT,1
GTCTCATGACAAATGA,1
GTCTCATGGATGTTGC,1
GTCTCATGTAATTAAC,1
GTCTCATTAATGTTAA,1
GTCTCATTTGATGTAG,1
GTCTCCAAATATAAAA,1
GTCTCCAACAAAATAT,1
GTCTCCAAGATTCTAC,1
GTCTCCAATTATAAGA,1
GTCTCCAGCTGTTCTC,1
GTCTCCAGTTTTCTAG,1
GTCTCCATGCAAAAAC,1
GTCTCCATTAATGACA,1
GTCTCCCAAAAACTTA,1
GTCTCCCAATATCTTG,1
GTCTCCCACGTTCACA,1
GTCTCCCAGCTCCAGG,1
GTCTCCCAGTCGAATG,1
GTCTCCCATTGATATT,1
GTCTCCCATTGTCCCC,1
GTCTCCCTATACAACC,1
GTCTCCCTGTCGATAG,1
GTCTCCGATAAAAGCA,1
GTCTCCTACCCCGCAG,1
GTCTCCTGTCCTTCAA,1
GTCTCCTTGATGCGAT,1
GTCTCGAATTATCTGT,1
GTCTCGACCCGAGAAT,1
GTCTCGACTAATGATC,1
GTCTCGCACAAAATAC,1
GTCTCGGAAAAAGCTA,1
GTCTCGGAAAACCATA,1
GTCTCGGCAAAAGCCA,1
GTCTCGGCACGACAGG,1
GTCTCGGTAAAAGCTA,1
GTCTCGTACAGACTTC,1
GTCTCGTCCTAAAGAT,1
GTCTCGTGCAGACTTA,1
GTCTCTAGCTGCCATC,1
GTCTCTATTCCGGGCA,1
GTCTCTCCAATTATAC,1
GTCTCTCGTTCTGCTA,1
GTCTCTCTAAATTAAA,1
GTCTCTCTATGGATAT,1
GTCTCTGACAAATAGA,1
GTCTCTGATAAAAACA,1
GTCTCTGATAAAAGAA,1
GTCTCTGATAAAAGCG,1
GTCTCTGATAAGAGCA,1
GTCTCTGATAGAAGCA,1
GTCTCTGCCTAAAGAT,1
GTCTCTGGGTACCTTA,1
GTCTCTGTACTTAACC,1
GTCTCTGTATGTTAAG,1
GTCTCTTACAATCTTT,1
GTCTCTTACACTACCA,1
GTCTCTTAGCAATGTC,1
GTCTCTTATTTAACAA,1
GTCTCTTGTAGGTTAG,1
GTCTCTTGTGGGTGAG,1
GTCTGAAACCCAATGA,1
GTCTGAAACCGGCAAC,1
GTCTGAAACTACTATC,1
GTCTGAAAGTTGAACG,1
GTCTGAACGTTAGGTA,1
GTCTGAATATGGTTCG,1
GTCTGACAAAACGCCT,1
GTCTGACCGCAGCACT,1
GTCTGACGATGCTCAA,1
GTCTGACGCAACGCCT,1
GTCTGATAAGCAGCTT,1
GTCTGATAATCAGCTA,1
GTCTGATAATGCAGCC,1
GTCTGATATACAAAGA,1
GTCTGATATCCTATAC,1
GTCTGATGAGTTTTTT,1
GTCTGCAATTAAAATC,1
GTCTGCACCCGTAGGA,1
GTCTGCACGAAATAAT,1
GTCTGCACTTATACAA,1
GTCTGCAGCAATCACC,1
GTCTGCATCAATTCAA,1
GTCTGCATGAAAATGC,1
GTCTGCATTGAGAAAA,1
GTCTGCATTGTCACAG,1
GTCTGCATTTAATGGC,1
GTCTGCCAATATCTGG,1
GTCTGCCCGCTTAATA,1
GTCTGCCGATAGAAAG,1
GTCTGCCGCGGAGATT,1
GTCTGCCGTGATACCA,1
GTCTGCCTAACCGTTG,1
GTCTGCCTGTGTCTTT,1
GTCTGCGAACAAGAGT,1
GTCTGCGTATACGTAT,1
GTCTGCGTATTCTCAA,1
GTCTGCTTATTCTCAC,1
GTCTGGAGCAAAGCTC,1
GTCTGGCATCCATTGA,1
GTCTGGCTTATAGCCG,1
GTCTGGCTTTGTAGCG,1
GTCTGGGAAATACCCA,1
GTCTGGTAATAACAAC,1
GTCTGGTCCCACAAAA,1
GTCTGGTTAACATAGA,1
GTCTGTATAGGACTAT,1
GTCTGTATATGGATAT,1
GTCTGTCAAATTTACC,1
GTCTGTCACCGAAATT,1
GTCTGTCACGAAAATA,1
GTCTGTCACGAAAATG,1
GTCTGTCATGAGTCCT,1
GTCTGTCCAATGTCTA,1
GTCTGTCGGATGAAGT,1
GTCTGTCGTCACGGGA,1
GTCTGTCTATGTATAT,1
GTCTGTCTATTGATAT,1
GTCTGTGGACACGTCG,1
GTCTGTTAAAGTCCAT,1
GTCTGTTAAATCAAAA,1
GTCTGTTTCCGAATAT,1
GTCTGTTTCGGAACGG,1
GTCTTAAAAACCCACC,1
GTCTTAAAATCAGATC,1
GTCTTAACACCGTTGT,1
GTCTTAACCATCTGCC,1
GTCTTAACCCCGTTTT,1
GTCTTAACTAATGATC,1
GTCTTAAGCAACTGCT,1
GTCTTAATTTCAAAGA,1
GTCTTACAAGGCGAGA,1
GTCTTACAGCCGGGCA,1
GTCTTACCCGATCTCA,1
GTCTTACCTGACAACA,1
GTCTTACGCATAATAT,1
GTCTTACGTAAAGGAT,1
GTCTTACTAAACCTCA,1
GTCTTAGACGCACATC,1
GTCTTAGTATTCCATA,1
GTCTTATAAAGTACTA,1
GTCTTATAATTCGACA,1
GTCTTATAATTCGACT,1
GTCTTATACATAATGA,1
GTCTTATGAGACCCAA,1
GTCTTATGGTACTCTA,1
GTCTTATTCAGATAAT,1
GTCTTATTCCAATAAT,1
GTCTTCAAAATAAGCT,1
GTCTTCAAATTATAAT,1
GTCTTCAACTTCACCG,1
GTCTTCAATAAGTAAC,1
GTCTTCACCCTAGACG,1
GTCTTCAGATGTGGAA,1
GTCTTCAGATGTGGAT,1
GTCTTCAGATGTGGTG,1
GTCTTCAGATGTTGAG,1
GTCTTCAGATTTGGAG,1
GTCTTCAGGACATAAA,1
GTCTTCAGGATTAACC,1
GTCTTCATCATATCTC,1
GTCTTCATCCTCCGAT,1
GTCTTCCACTTAACCG,1
GTCTTCCCCAATCTTA,1
GTCTTCCTAAATGTTC,1
GTCTTCGTACAACAAA,1
GTCTTCGTGCTGAACA,1
GTCTTCGTTGTATATT,1
GTCTTCTAAAAGCTAG,1
GTCTTCTACAGTATTG,1
GTCTTCTAGACAAATT,1
GTCTTCTATACAAACT,1
GTCTTCTATCAGTAAC,1
GTCTTCTGAAATAACG,1
GTCTTCTGATACCCAA,1
GTCTTCTGCGCCGTCA,1
GTCTTCTGTAAAAGAA,1
GTCTTCTTCATATCGC,1
GTCTTGAAAGGCGAGA,1
GTCTTGAAATAGATGT,1
GTCTTGAACAAAAGCA,1
GTCTTGAATAATGATC,1
GTCTTGACACGCTCTT,1
GTCTTGACTAATGAAC,1
GTCTTGACTAATGGTC,1
GTCTTGCATGCCTATA,1
GTCTTGCCATAAACGT,1
GTCTTGCCCACTAAGT,1
GTCTTGCCGAAGATAA,1
GTCTTGCCGCATATAA,1
GTCTTGCTTAATGGCC,1
GTCTTGCTTAGAGCCG,1
GTCTTGGAAACATGGG,1
GTCTTGGGCCGATAAG,1
GTCTTGTAGATCCACC,1
GTCTTGTCATATGCTC,1
GTCTTGTGAAAACCAA,1
GTCTTGTGAGACCCAA,1
GTCTTGTGGAACATCT,1
GTCTTTAACAACAATA,1
GTCTTTAATCGACAGT,1
GTCTTTACTAATGATC,1
GTCTTTACTTATGAAA,1
GTCTTTATAAAACCTC,1
GTCTTTATAATAGAAG,1
GTCTTTATCATATCGC,1
GTCTTTATCGATTACC,1
GTCTTTATTCTTACTC,1
GTCTTTCACCGACTTA,1
GTCTTTCATATGGAAC,1
GTCTTTCATCTGCAAC,1
GTCTTTCTACTCCTCT,1
GTCTTTCTAGGCTGGC,1
GTCTTTCTATGGATAT,1
GTCTTTGCCAACGCCG,1
GTCTTTGGCTGAAAAT,1
GTCTTTGTTTCTTGCG,1
GTCTTTTCACGCAACC,1
GTCTTTTCCCGAATTA,1
GTCTTTTCTTAAACGC,1
GTCTTTTGTTACTGGC,1
GTGAAAAAACATTGTT,1
GTGAAAAACACTAACC,1
GTGAAAAACTATCAAT,1
GTGAAAAACTTCACCT,1
GTGAAAAAGAAGGAGC,1
GTGAAAAAGAGCGCTC,1
GTGAAAAATCCTCAAA,1
GTGAAAACAACCAACC,1
GTGAAAACACAACAAA,1
GTGAAAACTATCATCC,1
GTGAAAACTCGCAGCA,1
GTGAAAAGTCTGGGAT,1
GTGAAAAGTCTGGGGC,1
GTGAAAATGGTTGACC,1
GTGAAACAAAATAAAA,1
GTGAAACAATAGCGAA,1
GTGAAACAGGAAAATT,1
GTGAAACCAGTAAATC,1
GTGAAACCATTTAATA,1
GTGAAACGGCTTGACC,1
GTGAAACTCATCTGTA,1
GTGAAACTGCGAGGGC,1
GTGAAAGAACCCTACA,1
GTGAAAGAGTAATAGT,1
GTGAAAGCAAGAGTAA,1
GTGAAAGCTGCTTGAA,1
GTGAAAGTGTATCAAT,1
GTGAAAGTTTACACTG,1
GTGAAATAAAATAGGG,1
GTGAAATAACTGAAAC,1
GTGAAATACATGAAAC,1
GTGAAATACCAGAAAC,1
GTGAAATACCTAAAAC,1
GTGAAATACCTTAAAC,1
GTGAAATACGTGAAAC,1
GTGAAATCCACACTGC,1
GTGAAATGAATTTAAC,1
GTGAACAAAAACTACC,1
GTGAACAAGTGTAGAT,1
GTGAACACACAACAAT,1
GTGAACACACAGCAAA,1
GTGAACACACCTTAAG,1
GTGAACACAGTATTAG,1
GTGAACACATAAAATG,1
GTGAACACTACTTCAC,1
GTGAACATACGATAGG,1
GTGAACATGCAAAATA,1
GTGAACATTGAATACA,1
GTGAACCACGAGTAAT,1
GTGAACCGAGGCAGTA,1
GTGAACCTGATTCCCA,1
GTGAACCTTGGACAAC,1
GTGAACGATAGGCACG,1
GTGAACGCCAGATATG,1
GTGAACGCTAGGAACG,1
GTGAACGCTAGGTACG,1
GTGAACGCTATGCACG,1
GTGAACGGGGCAATAA,1
GTGAACTAGTATGACT,1
GTGAACTATGACCATC,1
GTGAACTCAACCACAC,1
GTGAACTCATTGTCCG,1
GTGAACTCTAGGCACG,1
GTGAACTTAAGGCAAT,1
GTGAACTTAGCTACGA,1
GTGAACTTATCCATTA,1
GTGAAGAAACGTACCG,1
GTGAAGAATACGCTTG,1
GTGAAGAATATTTAGG,1
GTGAAGAATCTTCAGG,1
GTGAAGACAGACCACC,1
GTGAAGACGATGTCGA,1
GTGAAGACTCATAGAA,1
GTGAAGATACACTCTG,1
GTGAAGCAACAGCTTC,1
GTGAAGCATATCTCGG,1
GTGAAGCCAAGGGCCT,1
GTGAAGCCACATTCAA,1
GTGAAGCGGTCGGCGT,1
GTGAAGCTAATGGAAG,1
GTGAAGCTTAAGAATC,1
GTGAAGGAAGTCTCTT,1
GTGAAGTACCGCCCAT,1
GTGAAGTACTGCTATC,1
GTGAAGTCCACACGGC,1
GTGAAGTTTGGAGAAG,1
GTGAATAAAAAACCGG,1
GTGAATAATAGGGTAC,1
GTGAATACAGAAAGCT,1
GTGAATACAGGGACAT,1
GTGAATAGCCTTAGTG,1
GTGAATCACCAATAAT,1
GTGAATCATTCTAAGT,1
GTGAATCGCATATGTA,1
GTGAATCGTTGAGGGA,1
GTGAATCTCGGCTACG,1
GTGAATGACAGCAATA,1
GTGAATGATTATGTTT,1
GTGAATGCAATAAAGC,1
GTGAATGCACGTGTCC,1
GTGAATGCCAAGATTA,1
GTGAATGCCCATTGAA,1
GTGAATGCGCGTGTTA,1
GTGAATGGACAAACGT,1
GTGAATGTGAGGATTC,1
GTGAATTAAATCAAAT,1
GTGAATTAAGGTGGAC,1
GTGAATTCCCGCCCAT,1
GTGAATTCTTGTAAAA,1
GTGAATTTAATTGGAC,1
GTGAATTTGCAGACTT,1
GTGAATTTGCTAACGC,1
GTGAATTTGTCGGGCC,1
GTGACAAAACCTAAGC,1
GTGACAAACACGCTTG,1
GTGACAAAGGGGGTAA,1
GTGACAAAGTAGGAAT,1
GTGACAAATATCTAAA,1
GTGACAAATGTGGGAA,1
GTGACAAATTATCGAT,1
GTGACAACACGAATAT,1
GTGACAACACTACCAA,1
GTGACAAGGAAAATCA,1
GTGACAATACGATAGG,1
GTGACAATCCGACACC,1
GTGACAATTAAGATTT,1
GTGACAATTCACAAAT,1
GTGACAATTGCCAACG,1
GTGACACAACGCATCT,1
GTGACACAATGCAACT,1
GTGACACAATGCATAT,1
GTGACACAATGCATCC,1
GTGACACAATGTATCT,1
GTGACACAATTCATCT,1
GTGACACACTGACAAC,1
GTGACACACTGACCAA,1
GTGACACAGTATGAAT,1
GTGACACATAAAAAAG,1
GTGACACATAGACGCA,1
GTGACACCAGCTTTAC,1
GTGACACGTCCCCGCG,1
GTGACACGTCCCTCCG,1
GTGACACTGAGAAAGC,1
GTGACACTTACTCTAA,1
GTGACAGAACCCTATA,1
GTGACAGGCTGTGAGA,1
GTGACAGTACATTCCG,1
GTGACATAAAATAAGG,1
GTGACATAAAGCTTTA,1
GTGACATAACCCTACA,1
GTGACATAATAGAAAT,1
GTGACATACTAAATTA,1
GTGACATAGCCGGCTG,1
GTGACATATAAGTTGT,1
GTGACATCCCAAATTA,1
GTGACATCTAACCAGT,1
GTGACATGGATCTAGG,1
GTGACATTCAAGACGA,1
GTGACATTGTACCAAA,1
GTGACCAACCAAAATC,1
GTGACCAACCTATACG,1
GTGACCAGATCATAAC,1
GTGACCAGCCCGCGCA,1
GTGACCAGGTACGACT,1
GTGACCATACGATATG,1
GTGACCATATCGAATC,1
GTGACCATCAGCACCA,1
GTGACCATGGCATCTT,1
GTGACCCAACCATTTC,1
GTGACCCCTTTATACA,1
GTGACCCGCCTTACAC,1
GTGACCCGGAGAATCG,1
GTGACCCGGCGTACAC,1
GTGACCCGTAAAAATT,1
GTGACCCTAAGAACAT,1
GTGACCCTATAAGTTC,1
GTGACCCTCGCGCCAC,1
GTGACCGCAGACGATC,1
GTGACCGTTAGACAAT,1
GTGACCTATTTACCAA,1
GTGACCTCAAGAACAT,1
GTGACCTCAAGTCTAT,1
GTGACCTCTCTCGTAA,1
GTGACCTTAATCATTA,1
GTGACCTTAGGTAAAA,1
GTGACGACAGGACTGT,1
GTGACGACATACTGAA,1
GTGACGAGAATATCTA,1
GTGACGATCAGCCTTA,1
GTGACGCCATTGACAA,1
GTGACGCGGCTAACGT,1
GTGACGCTTCTCCGTT,1
GTGACGGCCTAATTTC,1
GTGACGGTCGCAAACT,1
GTGACGTGTGATAAGA,1
GTGACGTTGGAGTTCA,1
GTGACTAAAAAAACGG,1
GTGACTAAAAAACCTG,1
GTGACTAAAACCATAG,1
GTGACTAAACCTGGTC,1
GTGACTAAGTAACTTG,1
GTGACTACAAGGTCAT,1
GTGACTAGAACTAATG,1
GTGACTAGACTTAGTG,1
GTGACTAGTTCATACG,1
GTGACTATGAACCTTG,1
GTGACTGAAAAACCGG,1
GTGACTGAAATACTAA,1
GTGACTGCAGAAGATC,1
GTGACTGCAGACTATC,1
GTGACTGCAGATGATC,1
GTGACTGCATACGATC,1
GTGACTGTTCAACGAC,1
GTGACTTAACCGAGCT,1
GTGACTTACATTTATC,1
GTGACTTAGTAAAGTC,1
GTGACTTCAGACGATC,1
GTGACTTGAGAAAGCT,1
GTGACTTGCTTAATCT,1
GTGACTTTGGAGTTAA,1
GTGACTTTTAGCACAA,1
GTGACTTTTTAAAGTC,1
GTGAGAAAAAGCGCCC,1
GTGAGAAAAATATCAA,1
GTGAGAAAAGAAGTTT,1
GTGAGAAAGGAAGTTG,1
GTGAGAAAGGAATTTT,1
GTGAGAAATCCGCAAC,1
GTGAGAACAACCGCCC,1
GTGAGAACAAGCGCCA,1
GTGAGAACAATCGCCC,1
GTGAGAACAGGATTAA,1
GTGAGAACGAGCGCCC,1
GTGAGAAGCGAATTAT,1
GTGAGACACTGACCAC,1
GTGAGACATGTAGAGA,1
GTGAGACTGATTGATT,1
GTGAGACTGCAAAAGC,1
GTGAGAGACCCCATAC,1
GTGAGAGCTCACGATA,1
GTGAGAGGCAGTTTTA,1
GTGAGATCCAAACCTA,1
GTGAGATCGATGTTGC,1
GTGAGATGAAACTTAA,1
GTGAGATGATGATTAT,1
GTGAGATTTAAAATCA,1
GTGAGCAACCGAAACT,1
GTGAGCAACTTTAAAC,1
GTGAGCACAAACGCAC,1
GTGAGCACCCCGAAAT,1
GTGAGCATTAGTGACA,1
GTGAGCCAAAACGCAC,1
GTGAGCCCGAACGCAC,1
GTGAGCCTAATTGTGC,1
GTGAGCGAATAGGCGA,1
GTGAGCGCTAGGCACG,1
GTGAGCGGAAACCGTA,1
GTGAGCTCTAAACAAA,1
GTGAGGAATAAACAAG,1
GTGAGGAATCAAAACT,1
GTGAGGACTAAATACA,1
GTGAGGATCCCTAAGG,1
GTGAGGCAGTACAATC,1
GTGAGGCATGAAGAGA,1
GTGAGGCCACTCGCAG,1
GTGAGGCCTATTTCCT,1
GTGAGGCGAAAACTAA,1
GTGAGGCGAGGGGTAA,1
GTGAGGCGTGTGGTAA,1
GTGAGGCTTGAGACCT,1
GTGAGGGAACCATCAT,1
GTGAGGGAATTAATTC,1
GTGAGGGCGAACGTAG,1
GTGAGGTATAATAACC,1
GTGAGGTATAATAACT,1
GTGAGGTCAACAGAGA,1
GTGAGGTCCAGAATAG,1
GTGAGGTCCATGAATT,1
GTGAGGTCCATGGAGT,1
GTGAGGTCCTAACCCA,1
GTGAGGTCTGATAAAT,1
GTGAGGTGCAAGTGAT,1
GTGAGGTTTCGACACG,1
GTGAGGTTTCGTGTTT,1
GTGAGTAACAAAATAT,1
GTGAGTAGAAAATTAA,1
GTGAGTATAAAAAGCA,1
GTGAGTATAGACATAG,1
GTGAGTATATTAAAAA,1
GTGAGTATGTCTAAAC,1
GTGAGTCATCGAAAAG,1
GTGAGTCCGGTAGTCC,1
GTGAGTCGTCGTAACT,1
GTGAGTGGACCACCGA,1
GTGAGTGTTATTCTAT,1
GTGAGTTAATGCCTAG,1
GTGAGTTATTAACGCG,1
GTGAGTTGAAAAACTA,1
GTGATAAAAACCCTAA,1
GTGATAAAAAGGTCCA,1
GTGATAAAACCGAAAT,1
GTGATAAACATGTAAC,1
GTGATAAACCCCCGTA,1
GTGATAAATCAAAACA,1
GTGATAAATGGAAACA,1
GTGATAACCCCACGTA,1
GTGATAACCCCCCGTC,1
GTGATAACCCCCCTTA,1
GTGATAACCCTCCGTA,1
GTGATAACCTCCCGTA,1
GTGATAACGAGGAACC,1
GTGATAACGCCAGTAC,1
GTGATAACTATTCAAG,1
GTGATAACTTAAAGGC,1
GTGATAATATTTAAAC,1
GTGATAATCGGAACCT,1
GTGATAATGCGTTGCC,1
GTGATAATGTATACTG,1
GTGATACAACAAAACA,1
GTGATACAATGCATCT,1
GTGATACCATTGACAA,1
GTGATACGTCAGAGCC,1
GTGATACGTGGAACTA,1
GTGATACTACCTAAGG,1
GTGATACTATGACACC,1
GTGATAGATTAGAATA,1
GTGATAGCACAAACAA,1
GTGATAGCTTCTACTC,1
GTGATAGGACATCCAT,1
GTGATATACAAGTCAA,1
GTGATATCACCAAGTC,1
GTGATATCATTGTAAA,1
GTGATATCCACACACA,1
GTGATATCGAATCGGA,1
GTGATATCGATGACTT,1
GTGATATCTATGCCAC,1
GTGATATGAACCATAA,1
GTGATATTAGTGATTA,1
GTGATCAAAAGGAACC,1
GTGATCACAAGGAAAC,1
GTGATCACAAGGAACT,1
GTGATCACAAGGAAGC,1
GTGATCACGTTCGCAC,1
GTGATCATAATAATCG,1
GTGATCATACGATAGG,1
GTGATCATCCACTGAA,1
GTGATCATTAAATAAG,1
GTGATCCGGCAATTCA,1
GTGATCCTGTCCAACC,1
GTGATCGCCTCACATT,1
GTGATCGTACAAGACA,1
GTGATCGTATTGCATT,1
GTGATCTAAATAAAGC,1
GTGATCTAACGAAGAG,1
GTGATCTACTACGAAA,1
GTGATCTATGGTACGA,1
GTGATCTGGATAATAC,1
GTGATGAAAGCCAAGG,1
GTGATGAAATCTCTAA,1
GTGATGAAGCTCCCTC,1
GTGATGAAGGAGGCAA,1
GTGATGACAGGCAACC,1
GTGATGACCGCTAAAG,1
GTGATGACCGGCAACA,1
GTGATGACCTGCAACC,1
GTGATGACGCTACCTC,1
GTGATGACTCTCCCTC,1
GTGATGAGATCTGAAC,1
GTGATGATACATAAAA,1
GTGATGATAGTAATAA,1
GTGATGCAAAACTGGA,1
GTGATGCAGAAATCAA,1
GTGATGCAGGAGTCAA,1
GTGATGCCATTACGTT,1
GTGATGCCCAGAAATA,1
GTGATGCCCGGCCCCA,1
GTGATGCCGCCGATAA,1
GTGATGCCTTTGACAA,1
GTGATGCTTGTCCAAA,1
GTGATGGCCGGCAACC,1
GTGATGTAACTCTAGG,1
GTGATGTAAGGTACGA,1
GTGATGTATGGTATGA,1
GTGATGTATGTTACGA,1
GTGATGTATTGTACGA,1
GTGATGTGCTAATAGT,1
GTGATTAAAATGCACT,1
GTGATTAAACAACTGA,1
GTGATTAAAGTGCATT,1
GTGATTAACCCAAGCT,1
GTGATTAACGACAAAT,1
GTGATTAATCAGCATG,1
GTGATTAATTCTGCCT,1
GTGATTACCGGCAACC,1
GTGATTACGCGCAGAA,1
GTGATTAGCAATATAA,1
GTGATTAGCATTCCAG,1
GTGATTAGGAATTAAT,1
GTGATTCACTAACCAA,1
GTGATTCAGACACCCA,1
GTGATTCATGCAGAGT,1
GTGATTCATTGATGCC,1
GTGATTCCACGCAAAG,1
GTGATTCTAATCATCT,1
GTGATTCTAGCTAAGA,1
GTGATTCTAGGAAAGC,1
GTGATTCTAGGTAAGG,1
GTGATTCTAGTTAAGA,1
GTGATTCTATGTAAGA,1
GTGATTCTTCCCAAAG,1
GTGATTGAACAGCCAA,1
GTGATTGACACGCCAA,1
GTGATTGGGAATTCAT,1
GTGATTTAAAAGTAAA,1
GTGATTTATGGTACGA,1
GTGATTTCCCCACCTC,1
GTGATTTCCTTCCATG,1
GTGATTTCTTGACGGT,1
GTGATTTGACTACACG,1
GTGATTTGCCGTCGCA,1
GTGATTTGCTGTCGCG,1
GTGATTTGCTTTCGCA,1
GTGATTTGTCAATGTT,1
GTGATTTTAAATGAAA,1
GTGATTTTAGCATGCA,1
GTGCAAAAAATGAGGT,1
GTGCAAAACAATATTA,1
GTGCAAAACCGGCAAC,1
GTGCAAATGGACATGA,1
GTGCAACAACATGAAA,1
GTGCAACACTGTCTGT,1
GTGCAACAGGATGAAA,1
GTGCAACGAGATGAAA,1
GTGCAACGGTTAATAA,1
GTGCAACTAAACGCTG,1
GTGCAAGAAAACAATT,1
GTGCAAGAAGATGAAA,1
GTGCAATAAAAATGGA,1
GTGCAATAATCCCATC,1
GTGCAATACCGTCTGT,1
GTGCAATACTGTATGT,1
GTGCAATACTGTCTGC,1
GTGCAATACTGTTTGT,1
GTGCAATAGTAAAGAA,1
GTGCAATATAGGGAAC,1
GTGCAATCATAGCCTA,1
GTGCAATGACTTACAC,1
GTGCAATGCACCTGTT,1
GTGCAATTATATTGGC,1
GTGCACACTCGCAAAA,1
GTGCACATATAGACAA,1
GTGCACATGATTCCCA,1
GTGCACATGCATGTTA,1
GTGCACCAATGAGGCC,1
GTGCACCAGTGAACTT,1
GTGCACCAGTTAATTT,1
GTGCACCTCCCAATCG,1
GTGCACCTGACTCCCA,1
GTGCACGAATCTAGAT,1
GTGCACGCTGCCATAA,1
GTGCACGTCCGATGGA,1
GTGCACTACAAGCCAT,1
GTGCACTCATGAAAAG,1
GTGCAGAAAATATTGA,1
GTGCAGAAGTAAAGTA,1
GTGCAGAGGCGATTAA,1
GTGCAGATACATATAA,1
GTGCAGATCGACATGA,1
GTGCAGCAACAGAGTA,1
GTGCAGCAAGACGCGC,1
GTGCAGCATTGCCACT,1
GTGCAGCCAACAGCAT,1
GTGCAGGACGTAATAA,1
GTGCAGGAGTAAAGTA,1
GTGCAGGAGTACTTGT,1
GTGCAGTACTTAGCCG,1
GTGCAGTAGTAAAGGA,1
GTGCAGTAGTAAAGTT,1
GTGCAGTAGTAACGTA,1
GTGCAGTAGTAAGCTA,1
GTGCAGTAGTATAGTA,1
GTGCAGTAGTCGTTGG,1
GTGCAGTATAAAGTCG,1
GTGCAGTCGTAAAGTA,1
GTGCAGTGTTATCGTA,1
GTGCATACAGAAAGAT,1
GTGCATACATAAAGCT,1
GTGCATACGCAAAAAA,1
GTGCATAGATACATAT,1
GTGCATAGCATTTTGT,1
GTGCATAGGGGCCAAT,1
GTGCATAGTACTTTGC,1
GTGCATAGTCAGCACA,1
GTGCATATATTTAAAA,1
GTGCATCCCTTAATGT,1
GTGCATCCGAAAGACA,1
GTGCATGAACTTCAAT,1
GTGCATGACAGAAATA,1
GTGCATGACAGTAATA,1
GTGCATGTTCCAAGGT,1
GTGCATTAACAAAAGT,1
GTGCATTAACTTTCGT,1
GTGCATTAATAGCTTA,1
GTGCATTACATCTTAC,1
GTGCATTCCCCCAACT,1
GTGCATTGTTTTAAAA,1
GTGCATTTCTTGAACG,1
GTGCATTTGCTAACAT,1
GTGCCAAAACGTGGGA,1
GTGCCAAATTACTCTC,1
GTGCCAACTCCACCAA,1
GTGCCAAGCATAAGCA,1
GTGCCAATACTGGGTA,1
GTGCCACATTAAGGTT,1
GTGCCACATTAGTTAA,1
GTGCCACCTTTATACA,1
GTGCCACTAAGTTTAA,1
GTGCCACTGATCTGTA,1
GTGCCAGAAGAAGACT,1
GTGCCAGATAGACAGC,1
GTGCCAGCCGTTAGAC,1
GTGCCAGCGAATATAA,1
GTGCCATAGAAATGGA,1
GTGCCATAGTAGATAC,1
GTGCCCAACAAAGAAG,1
GTGCCCAACAAAGCAC,1
GTGCCCCAACTAGCCA,1
GTGCCCCATAAAATAT,1
GTGCCCCCCCTTCCAG,1
GTGCCCCCGTTATACA,1
GTGCCCGCTACCAAAA,1
GTGCCCGGTACACTTT,1
GTGCCCTAACTATCCA,1
GTGCCCTACATCCATT,1
GTGCCCTCGAATATAA,1
GTGCCCTCTTTATACA,1
GTGCCGATGGTCGGTC,1
GTGCCGCATATCTCAC,1
GTGCCGGACACTTGTT,1
GTGCCGGCAATCCCTG,1
GTGCCGGCCAACCCTG,1
GTGCCGGCTTGCGGAG,1
GTGCCGTATTTGGGTG,1
GTGCCTAATACACCAA,1
GTGCCTATTTACATGA,1
GTGCCTCAAATTCCAA,1
GTGCCTCATCAGTTAA,1
GTGCCTCATTATTTAA,1
GTGCCTCTTGGTCTCC,1
GTGCCTGACCATTTAC,1
GTGCCTGACCGACCTC,1
GTGCCTGTGTCACCTG,1
GTGCCTTATTAGTTAA,1
GTGCCTTCATGCAAAG,1
GTGCCTTGTATACATA,1
GTGCGAAACCAATAAG,1
GTGCGAAAGAAAAACG,1
GTGCGAAGTCAATGGG,1
GTGCGAATCACAAACT,1
GTGCGACATGCCAAAT,1
GTGCGACGCCAAAAAG,1
GTGCGACGTAATGAAG,1
GTGCGAGAAAAACAAA,1
GTGCGAGACAACAGTT,1
GTGCGAGGATGCGAAT,1
GTGCGATAAACTTACT,1
GTGCGATAGTAAAAGC,1
GTGCGATAGTTAAGTA,1
GTGCGATCCTGTAGTG,1
GTGCGATGGAGTAGAG,1
GTGCGATTGAAAATCA,1
GTGCGATTTAGAATCA,1
GTGCGATTTTAGAACA,1
GTGCGCAGTTAGACAC,1
GTGCGCATAATAGACT,1
GTGCGCCAGCTCCGCC,1
GTGCGCCCATTGTCAA,1
GTGCGCCCCTTGTCAA,1
GTGCGCCCGTTGTAAA,1
GTGCGCGACAGTTAAA,1
GTGCGCGAGAAACAAA,1
GTGCGCGGAAAACAAA,1
GTGCGCTAAAAACAAA,1
GTGCGCTCAAGAAACT,1
GTGCGGAACTTTGTCC,1
GTGCGGACACGTAAGT,1
GTGCGGACACTTAAGT,1
GTGCGGACGACTCCCG,1
GTGCGGAGAGGCAAAG,1
GTGCGGAGATCAATGG,1
GTGCGGAGGTCAGTCC,1
GTGCGGATCTTCTAGT,1
GTGCGGATGTCACAAC,1
GTGCGTAAATTTCACT,1
GTGCGTAATCGGGGGT,1
GTGCGTACAAATACAT,1
GTGCGTACAACCCAGA,1
GTGCGTACAACCTATA,1
GTGCGTACACATAAGT,1
GTGCGTACATTACACT,1
GTGCGTATAGCCAACA,1
GTGCGTCCCAATCTGC,1
GTGCGTTTCCAAACGA,1
GTGCTAAAATGCATCG,1
GTGCTAACAAATAAGA,1
GTGCTAAGTTAAGTTA,1
GTGCTAAGTTCCAATT,1
GTGCTACCCAGAAAAA,1
GTGCTACTACGGTGAT,1
GTGCTACTATTGTGAT,1
GTGCTAGTATAAAAAT,1
GTGCTATAAACTGACT,1
GTGCTATAACACCAGA,1
GTGCTATAAGAACAAC,1
GTGCTATAATAGATAC,1
GTGCTATACGAAAAAC,1
GTGCTATACGAACAAT,1
GTGCTATCGTATTTAC,1
GTGCTATTTGCTACAG,1
GTGCTCAAAAATCCAA,1
GTGCTCACAGAGACCT,1
GTGCTCATTAAGACAA,1
GTGCTCCCATGCAAAA,1
GTGCTCCCCAACGACT,1
GTGCTCCCTAAATTCC,1
GTGCTCCTCAACTTCA,1
GTGCTCCTGCAGACCG,1
GTGCTCGAACAGCAAC,1
GTGCTCGAACTGCAAC,1
GTGCTCGCGCATCTGG,1
GTGCTCGCGTACCAAG,1
GTGCTCTCCTCCTCCT,1
GTGCTGAAAAAATAAT,1
GTGCTGACATGAATGC,1
GTGCTGATGTGAGCCT,1
GTGCTGCACCCAATAA,1
GTGCTGCACGCGGAAA,1
GTGCTGCAGATAGAAT,1
GTGCTGCCCAAAACAT,1
GTGCTGCCGACAGAAT,1
GTGCTGCGACCAGTAT,1
GTGCTGGATAGAAGCT,1
GTGCTGGCTACAATAA,1
GTGCTGGGACCACAAA,1
GTGCTGGGCAGAGAAA,1
GTGCTGTAGTAAAGTA,1
GTGCTGTTTAAGAACA,1
GTGCTTAAAGAACTGA,1
GTGCTTAAAGTCGGTT,1
GTGCTTAAAGTTTTGA,1
GTGCTTAATAGACCAA,1
GTGCTTACATTTCACT,1
GTGCTTACGCACAGAA,1
GTGCTTACGCTCAGAA,1
GTGCTTAGACTATAAA,1
GTGCTTATAGATAAAC,1
GTGCTTCCTACACCCC,1
GTGCTTCTTATGTCTA,1
GTGCTTGCCGAATGAA,1
GTGCTTGTAATTATAC,1
GTGCTTTTAAGGAAAC,1
GTGCTTTTTACGTCTA,1
GTGGAAAAATTCACCT,1
GTGGAAAACTTCACAT,1
GTGGAAAACTTCAGCC,1
GTGGAAAACTTCATCT,1
GTGGAAAACTTTACCT,1
GTGGAAACTAAATCCC,1
GTGGAAACTTATGTTT,1
GTGGAAAGCCCATCCT,1
GTGGAAAGCCCTCAAT,1
GTGGAAAGTAACTATG,1
GTGGAAAGTCTGGGGT,1
GTGGAAATGGTATTTT,1
GTGGAACAAGATGAAA,1
GTGGAACAAGGCGGCG,1
GTGGAACACAACAACA,1
GTGGAACACTTCCGAA,1
GTGGAACCCCAGATAA,1
GTGGAACGTGTTGCAA,1
GTGGAAGAATAACACT,1
GTGGAAGCTTGCATAT,1
GTGGAAGTGAAGAAAC,1
GTGGAATGGTGGAATG,1
GTGGAATTATGAGAGG,1
GTGGACAAACGCTCAT,1
GTGGACAATAGTCACC,1
GTGGACACATTCGAAA,1
GTGGACATGGACACAC,1
GTGGACATGGCCACAC,1
GTGGACATGGTAACAC,1
GTGGACATGTAAACCC,1
GTGGACCATGTACCCG,1
GTGGACCCCTAATGGA,1
GTGGACCGACTCGACT,1
GTGGACCGTTCGAGAA,1
GTGGACCTCCATATTA,1
GTGGACCTTCAAGCCC,1
GTGGACGACCACCTTA,1
GTGGACGCATGATATT,1
GTGGACTAGTTTATAT,1
GTGGACTCGAAATATC,1
GTGGACTGTATCCCCG,1
GTGGACTGTCACCCTA,1
GTGGACTTGGGTAGCT,1
GTGGAGAAGCAATCCA,1
GTGGAGAATTTCGCCA,1
GTGGAGAGAACCCATG,1
GTGGAGATTACATGAA,1
GTGGAGCAAACCAAAA,1
GTGGAGCAAGAATACT,1
GTGGAGCGGAATAGCA,1
GTGGAGCGTAGTACAG,1
GTGGAGCTTCAAAAGT,1
GTGGAGTCAAAAAGGG,1
GTGGATAACCGCGATA,1
GTGGATACATATATAC,1
GTGGATACGAGTACCG,1
GTGGATAGTTCTGCGA,1
GTGGATATATTGGATC,1
GTGGATATCTAACGCA,1
GTGGATCAATTATGAA,1
GTGGATCCGTCTACCT,1
GTGGATCTACTCTTAG,1
GTGGATGGTTAGGCCA,1
GTGGATTCGAGAAGGT,1
GTGGCAAAAATATAAC,1
GTGGCAAAACGAAATT,1
GTGGCAAATACGTACC,1
GTGGCAGGATGTGAGA,1
GTGGCAGGCTGTGAGG,1
GTGGCAGGCTGTGATA,1
GTGGCATAAAACTCCC,1
GTGGCATTGGACCAAA,1
GTGGCCAATACCCATA,1
GTGGCCCGAATCCAGA,1
GTGGCCCTTCATCAAA,1
GTGGCCGCCAATATAT,1
GTGGCCTAAAGATCCT,1
GTGGCCTCACAAAACT,1
GTGGCGAAACAAATGC,1
GTGGCGAATCGAAAAA,1
GTGGCGAGAGAATCAC,1
GTGGCGATAAAGATGC,1
GTGGCTAAGCCAAACA,1
GTGGCTACTCATTGAA,1
GTGGCTCACACTTCGA,1
GTGGCTCATGACGCAA,1
GTGGCTCATTAGGGTT,1
GTGGGAAAACCAAGTA,1
GTGGGAACACAATCTT,1
GTGGGAACAGAAAAAA,1
GTGGGAACATGACGAT,1
GTGGGAACTCCACTGA,1
GTGGGACGTCCTATGC,1
GTGGGAGAAAATTAAA,1
GTGGGAGATACACGTT,1
GTGGGAGCAAAGCATA,1
GTGGGAGTCTGAAAAC,1
GTGGGATTGATAAACT,1
GTGGGATTTAAAATCA,1
GTGGGCAAAACGTATA,1
GTGGGCAATCAATAGA,1
GTGGGCACTAGGAATG,1
GTGGGCATAGAGCAGA,1
GTGGGCATATGCAACA,1
GTGGGCCTGCGCGAGG,1
GTGGGCGCCTAACCCG,1
GTGGGCGTATAAAAAA,1
GTGGGCGTTACCAACC,1
GTGGGGACACGACGAA,1
GTGGGGAGCGAAATCA,1
GTGGGGAGTGTGTAGG,1
GTGGGGATATTAAAAA,1
GTGGGGCTCGCTACGA,1
GTGGGGGTTCTGTTGC,1
GTGGGGTAATAACAAC,1
GTGGGTACAAATATAC,1
GTGGGTACATTTCACT,1
GTGGGTAGCAATACGT,1
GTGGGTAGCAATACTC,1
GTGGGTAGTGGGAAAA,1
GTGGGTATTACACTAT,1
GTGGGTCGCCGTCAAT,1
GTGGGTTCCCTATACG,1
GTGGGTTTAGAGGGGA,1
GTGGTAAAACCATGGC,1
GTGGTAAAAGGCACCG,1
GTGGTAAATAGAATTT,1
GTGGTAAATTTAGAAT,1
GTGGTAACCGGACTAT,1
GTGGTAACTAATTACA,1
GTGGTAACTATCCCAA,1
GTGGTAAGATTACCCT,1
GTGGTACACCATAAAC,1
GTGGTACATAGAATTC,1
GTGGTACCGAAATCAG,1
GTGGTATATCTCAAGG,1
GTGGTATCCAACAAGT,1
GTGGTATCTGTAGTTA,1
GTGGTATGTAGAAATA,1
GTGGTCAAAAAAACAG,1
GTGGTCAACATTAAAG,1
GTGGTCAACATTAAGA,1
GTGGTCAAGGATTGCC,1
GTGGTCACACTGACAC,1
GTGGTCCCAACTACTA,1
GTGGTCCGGCAAATCA,1
GTGGTCCGGCAATTGA,1
GTGGTCGAAAGACCTT,1
GTGGTCTCAGTAGTTA,1
GTGGTCTCTTTAGTTA,1
GTGGTCTGAGTCGTAG,1
GTGGTCTGGCAATTCA,1
GTGGTGACCGACGCCT,1
GTGGTGACTAACGCAT,1
GTGGTGATAGACCAGC,1
GTGGTGATCACGCAAT,1
GTGGTGCGCGTTACAA,1
GTGGTGCGGTAGACTA,1
GTGGTGGTGGACAAGA,1
GTGGTGTACAGCAGAG,1
GTGGTGTATGGTACGA,1
GTGGTGTCAAGTAAAA,1
GTGGTGTCAAGTCAAC,1
GTGGTGTCGAATTTAT,1
GTGGTGTTAATACCCA,1
GTGGTGTTTCAAATGC,1
GTGGTTACTTTAGTGA,1
GTGGTTCATGCCGATC,1
GTGGTTCTAAAAAAAT,1
GTGGTTCTCTTCCGGG,1
GTGGTTGAACAACAAA,1
GTGGTTGACAAACAAA,1
GTGGTTGACCAACAAT,1
GTGGTTGCACAATCCA,1
GTGGTTGTCTTATAAA,1
GTGGTTGTTGTATACA,1
GTGGTTTAATGGGGTC,1
GTGTAAAATAATAATA,1
GTGTAAACAAGAGAAC,1
GTGTAAACTAACGAAA,1
GTGTAAAGAGTCTCAT,1
GTGTAAAGCACATCCT,1
GTGTAAAGCCCACCCT,1
GTGTAAAGCCCATACT,1
GTGTAAAGCCGATCCT,1
GTGTAAAGCCTATCCT,1
GTGTAAATTGTTTCTA,1
GTGTAACAATGTGTTA,1
GTGTAACGCCTAGCAG,1
GTGTAACGCTTCTTTT,1
GTGTAACTAAAGCTGC,1
GTGTAACTCTGGCCTA,1
GTGTAACTGAAGCTGA,1
GTGTAACTTAGATTGC,1
GTGTAAGAGACTCGTA,1
GTGTAAGAGGCTCGTG,1
GTGTAAGCTATACAAA,1
GTGTAAGGTATGTAAG,1
GTGTAATACTCCGGAC,1
GTGTAATACTGTCTGT,1
GTGTAATCCACACGAC,1
GTGTAATGATGTAACG,1
GTGTAATGCATAGCAG,1
GTGTAATGCCCAGCAG,1
GTGTAATGCCTAGCAC,1
GTGTAATGGGGGAATG,1
GTGTACAACACAGTCC,1
GTGTACAACCAAGATA,1
GTGTACAACTAGGGTC,1
GTGTACAAGCACATTA,1
GTGTACACAACACCAT,1
GTGTACACATTCGAGA,1
GTGTACATAATTGGAC,1
GTGTACATACGCCAAT,1
GTGTACATCCCGATCT,1
GTGTACATGAGCAAAA,1
GTGTACATGAGCACAA,1
GTGTACATGATCACCA,1
GTGTACATGGTCACAC,1
GTGTACATTACCTATG,1
GTGTACCAATGTGGTA,1
GTGTACGCAACATCAT,1
GTGTACGCGACACCAT,1
GTGTACGTACGTTGTA,1
GTGTACTAACACGAGG,1
GTGTACTAATCGCACA,1
GTGTACTACTTAATCG,1
GTGTACTGGATCACAC,1
GTGTAGACCAAGATAG,1
GTGTAGAGCCCATCCT,1
GTGTAGATTAAAGCTA,1
GTGTAGCTATACCCAA,1
GTGTAGTAATAGAATA,1
GTGTAGTCTAATGCGA,1
GTGTATAAAATCAGGG,1
GTGTATAAATAAGAAT,1
GTGTATAAATTAGAAT,1
GTGTATAAGTGAGAAT,1
GTGTATAATATCTGTT,1
GTGTATACCAAGGTGC,1
GTGTATAGACATGTCG,1
GTGTATAGCCCACTCT,1
GTGTATATTAGCAATA,1
GTGTATCAGACAAACC,1
GTGTATCCCGCTTTAG,1
GTGTATCGCCCACTAT,1
GTGTATCTACGTTGTA,1
GTGTATCTCAGCAATA,1
GTGTATCTTAACAATA,1
GTGTATCTTAGCAAAC,1
GTGTATCTTAGTAATA,1
GTGTATCTTATCAATA,1
GTGTATCTTGGCAATA,1
GTGTATGCAATGATCA,1
GTGTATGCTGAAACTT,1
GTGTATGGTACTAAGT,1
GTGTATGTAAGTTGTA,1
GTGTATGTACTTTGTA,1
GTGTATGTCAACCCCG,1
GTGTATTAACGGCTTC,1
GTGTATTACTAAATTT,1
GTGTATTCGTTCAACC,1
GTGTCAAAGCCCCGTA,1
GTGTCAAATCCCAGTA,1
GTGTCAAATCCCCGTG,1
GTGTCAAATCCCCTTA,1
GTGTCAAATTTAGAAT,1
GTGTCAACACGAATAC,1
GTGTCAACACGAATGT,1
GTGTCAACGAACTATC,1
GTGTCAAGTACTTAAT,1
GTGTCAATCAAACCCA,1
GTGTCAATGTTTGTTC,1
GTGTCACAATCGGCCA,1
GTGTCACACACATAAA,1
GTGTCACCTCACTAAT,1
GTGTCACCTTGCTTCA,1
GTGTCACGTACAGTCC,1
GTGTCACTCCGTAGCT,1
GTGTCACTGGTCAAAA,1
GTGTCAGATAGATTCG,1
GTGTCAGCAATCATTA,1
GTGTCAGCAGGCCATC,1
GTGTCAGGCTGTGAGA,1
GTGTCAGTTCTACATC,1
GTGTCATAATAGATAC,1
GTGTCATATCTACCTC,1
GTGTCATATTAATCAG,1
GTGTCATCCAATATAA,1
GTGTCATCTGTCAAAA,1
GTGTCATCTTCGTTGT,1
GTGTCATGCCGATTCA,1
GTGTCATGTACCCGTC,1
GTGTCCAAAGCGGCTT,1
GTGTCCCGGACCAGCC,1
GTGTCCCGTAAAACAA,1
GTGTCCCTCCCCCCCT,1
GTGTCCGACTCCATAC,1
GTGTCCGGAAGATAGA,1
GTGTCCGTAAAATTAA,1
GTGTCCGTCGGTGTTT,1
GTGTCCTAATCGCGCA,1
GTGTCCTACATCCATT,1
GTGTCCTACCTACCGT,1
GTGTCCTAGTAATGCT,1
GTGTCGAAAAAGAAAT,1
GTGTCGAAGACGTGAC,1
GTGTCGACAGATAATT,1
GTGTCGACTAATAATT,1
GTGTCGAGCGGAATTG,1
GTGTCGATTTAGCCAA,1
GTGTCGCGGCAAGAAT,1
GTGTCGCTGGACTTTC,1
GTGTCGGCCATCCCTG,1
GTGTCGGTTTGGGGAT,1
GTGTCGTAAACTGACC,1
GTGTCGTTTTGGGAAT,1
GTGTCTATACGAAAAA,1
GTGTCTCGTGTTACCA,1
GTGTCTGAACGTAAAC,1
GTGTCTGGTTCAACCA,1
GTGTCTTACAACAGAG,1
GTGTCTTTGGACTTTC,1
GTGTGAAAAGATAGAG,1
GTGTGAAACGAAATAC,1
GTGTGAAACTCTAAAA,1
GTGTGAAAGGATAAAG,1
GTGTGAAATTAAATGA,1
GTGTGAAATTCAAAAA,1
GTGTGAACATCCAGTT,1
GTGTGAACTTGCCGCA,1
GTGTGAATACTCACGC,1
GTGTGAATTAATCGCA,1
GTGTGACATAACAAGC,1
GTGTGACATATCAAAC,1
GTGTGAGATAACAAAC,1
GTGTGAGTCCAACTCC,1
GTGTGATATTAATAAG,1
GTGTGATCATACGTCT,1
GTGTGATCGAACCATT,1
GTGTGATCGCAACACG,1
GTGTGATCTTAGAACA,1
GTGTGATTGGTATTTA,1
GTGTGATTTAAAAAGC,1
GTGTGATTTTAAAACA,1
GTGTGATTTTACAACA,1
GTGTGATTTTAGAAAA,1
GTGTGATTTTAGAACT,1
GTGTGCACAAAAGAAA,1
GTGTGCACGATAAAAT,1
GTGTGCATTGATTACC,1
GTGTGCCCAAATAAGT,1
GTGTGCCCGTTGTCAA,1
GTGTGCCGAACTGACG,1
GTGTGCTATCTGACAA,1
GTGTGCTATTGATGAA,1
GTGTGCTTAGAATTCA,1
GTGTGCTTTACGTGAT,1
GTGTGCTTTATGGGAT,1
GTGTGGACAGTGAGGG,1
GTGTGGATGTAGACGT,1
GTGTGGCCTCGACGTC,1
GTGTGGCGTAACCAGC,1
GTGTGGCTAAGCAAGC,1
GTGTGGCTACTGGTGC,1
GTGTGGGATAATGGGG,1
GTGTGGTTATTTATTA,1
GTGTGTACACTAACCA,1
GTGTGTACATAAAGCT,1
GTGTGTACATATGCTA,1
GTGTGTACTCCCATCA,1
GTGTGTAGCTAGGAAT,1
GTGTGTATAGATGAAG,1
GTGTGTCGCCCACTCT,1
GTGTGTCTACCACGAG,1
GTGTGTCTCCTCGATC,1
GTGTGTGAATATACTA,1
GTGTGTGACAATTGGA,1
GTGTGTGTACGTTGTA,1
GTGTGTTAATGAGCGC,1
GTGTGTTACCTGGACC,1
GTGTGTTCATTAGCGC,1
GTGTGTTGAGAATAAT,1
GTGTGTTTATCCAGAG,1
GTGTGTTTATCCCGAT,1
GTGTTAAAAAAAATTA,1
GTGTTAAAAAAAATTG,1
GTGTTAAAACCAATCA,1
GTGTTAAAGAAAGTCT,1
GTGTTAAAGCCCACTT,1
GTGTTAAATAGCCGCT,1
GTGTTAAATGGACGCT,1
GTGTTAAATTTACACC,1
GTGTTAACAAAAAGCA,1
GTGTTAACGAGCTATC,1
GTGTTAACGATTAAAC,1
GTGTTAACGTTTGTTC,1
GTGTTAACTAACTATC,1
GTGTTAAGCTCGATAA,1
GTGTTAATATTTGTTC,1
GTGTTAATGCCCATCG,1
GTGTTAATTAATATTG,1
GTGTTACAGAAAAAAA,1
GTGTTACATAACAAAC,1
GTGTTACATGACCATA,1
GTGTTAGCGAACTATC,1
GTGTTATATATCTAAG,1
GTGTTATTACGACTGT,1
GTGTTATTCTAGGGAA,1
GTGTTCAACATTAAAA,1
GTGTTCAATAACAAAG,1
GTGTTCAATGTCGAGC,1
GTGTTCACAACAATAA,1
GTGTTCAGAAACACGA,1
GTGTTCAGAGTTAAAG,1
GTGTTCAGCATACAAA,1
GTGTTCATTCAAAACT,1
GTGTTCCACAACTTTA,1
GTGTTCCATGACCTGT,1
GTGTTCCCTCAAAACT,1
GTGTTCCGGCAATTCA,1
GTGTTCCTCAAATTCA,1
GTGTTCCTCAACTTAA,1
GTGTTCCTCCAAAACT,1
GTGTTCCTGCAAAACT,1
GTGTTCCTTCAAAACA,1
GTGTTCGACAATTGGA,1
GTGTTCGTAATTGCGA,1
GTGTTCGTGCAGTGTC,1
GTGTTCGTTGTATATT,1
GTGTTCTAAAATATCC,1
GTGTTCTAACAATACC,1
GTGTTCTTTTCAAATG,1
GTGTTGAAAAAAGTTA,1
GTGTTGATGGATTTCC,1
GTGTTGCAATTCGGAC,1
GTGTTGCAGAAAGAAA,1
GTGTTGCGTAGCACCA,1
GTGTTGGGAGCGGTCT,1
GTGTTGGTCGTGACGA,1
GTGTTGGTGAAACTAT,1
GTGTTGGTGCTGAACA,1
GTGTTGTAGCCAATAA,1
GTGTTTAGTACTATCT,1
GTGTTTCAGAAAAAAA,1
GTGTTTCCTTACCAGT,1
GTGTTTCGAACCACAA,1
GTGTTTCTGAAGAAAG,1
GTGTTTGTGCTGAAAA,1
GTGTTTTAGATGTAAT,1
GTGTTTTAGGACCAAC,1
GTGTTTTAGTTTTGAG,1
GTGTTTTCTAATGAGT,1
GTTAAAAAAAGCCTCT,1
GTTAAAAAATCTCGCT,1
GTTAAAAAGCATATGG,1
GTTAAAACAACGTAGG,1
GTTAAAACACGAAAGA,1
GTTAAAACCAAACCGT,1
GTTAAAACCGGGAGGG,1
GTTAAAACTAAATCCC,1
GTTAAAACTAGATTAT,1
GTTAAAACTGCGATCA,1
GTTAAAAGAAGCACAT,1
GTTAAAAGCACTGGAC,1
GTTAAAAGGATAGTAA,1
GTTAAAATACGAAGGA,1
GTTAAAATAGCACTGT,1
GTTAAAATAGCCGCTA,1
GTTAAAATCCAACCTA,1
GTTAAAATCGAGACAA,1
GTTAAAATGTCGACTA,1
GTTAAAATGTTGACGA,1
GTTAAAATTAATGTAA,1
GTTAAACAAATTTCAG,1
GTTAAACCACATGGGT,1
GTTAAACCCTTTACAA,1
GTTAAACGCTCACGCA,1
GTTAAACTAAAATCCA,1
GTTAAACTCGGTTTAG,1
GTTAAACTTAATTATA,1
GTTAAACTTTACAAGA,1
GTTAAACTTTACCGGA,1
GTTAAAGAATCTACCA,1
GTTAAAGAGAAACTGT,1
GTTAAAGATACACTTC,1
GTTAAAGCAAGATGAC,1
GTTAAAGCATTTTATC,1
GTTAAAGCCAGACATA,1
GTTAAAGCCCTAATCA,1
GTTAAAGCTCAATAGA,1
GTTAAAGCTCAATATC,1
GTTAAAGCTCCATAAA,1
GTTAAAGGATCAACTC,1
GTTAAAGGTGCCATCT,1
GTTAAAGTAGCACTAT,1
GTTAAAGTAGCACTTT,1
GTTAAAGTGACATTCA,1
GTTAAATAACACTTCA,1
GTTAAATAATGGACAC,1
GTTAAATACAAAAGGT,1
GTTAAATACCAGTCTG,1
GTTAAATACCTGAAAC,1
GTTAAATACGAGTAAC,1
GTTAAATATACAGGTT,1
GTTAAATATACGGCCC,1
GTTAAATATGCACTAA,1
GTTAAATCCAACTAGA,1
GTTAAATCGACTAACT,1
GTTAAATGAGATAAAA,1
GTTAAATGCAAAAATA,1
GTTAAATGTAGAATGT,1
GTTAAATTGAGAGCCA,1
GTTAAATTGTGGCGAT,1
GTTAACAAACAAACAA,1
GTTAACAAATACTCCG,1
GTTAACAACAATCTCC,1
GTTAACAACCGTCTCC,1
GTTAACAACCTCCGGG,1
GTTAACAAGCTTATCT,1
GTTAACAAGGAGACTA,1
GTTAACAATATTATCT,1
GTTAACAATGTGAGAT,1
GTTAACACACAACAAA,1
GTTAACACACAACTCT,1
GTTAACACCAAACCTT,1
GTTAACACCATTTGTA,1
GTTAACACGAAACCGT,1
GTTAACACGGAACTCT,1
GTTAACATAAATTGAG,1
GTTAACATCGCGACAT,1
GTTAACATCGTTTTGT,1
GTTAACATCTAATGAA,1
GTTAACATGAAAATCT,1
GTTAACATGAGCTCAT,1
GTTAACATGGAGTCGA,1
GTTAACCAAAGGATAT,1
GTTAACCCGGTACAAG,1
GTTAACCGAGAGGAAA,1
GTTAACCGATAGGGTA,1
GTTAACCGTACGGACA,1
GTTAACCGTTGATAAG,1
GTTAACCTAAAAATAG,1
GTTAACCTCACCTGTA,1
GTTAACCTCAGAATAA,1
GTTAACGACCATAGAC,1
GTTAACGATATAACTT,1
GTTAACGATTTTCTAT,1
GTTAACGGGCTTAAAA,1
GTTAACGGTCACAGAT,1
GTTAACGTCGCAATAT,1
GTTAACTAAATTGGCA,1
GTTAACTCAACTTGAC,1
GTTAACTCCCTAAATA,1
GTTAACTGCAGAATGT,1
GTTAACTGCGATAGAT,1
GTTAACTGTAGAATGA,1
GTTAACTGTAGAATGC,1
GTTAACTTAGATATAG,1
GTTAACTTAGCGAGTG,1
GTTAAGAAGTACCATA,1
GTTAAGACCTTTACAA,1
GTTAAGACTAAGACCA,1
GTTAAGAGACCAAACG,1
GTTAAGAGACCGAACA,1
GTTAAGAGCTCAGGAT,1
GTTAAGAGTGCCTACC,1
GTTAAGATGAATAGAG,1
GTTAAGCAAAATAATG,1
GTTAAGCATTTAAATT,1
GTTAAGCCAGGCCAGC,1
GTTAAGCCATTTACAA,1
GTTAAGCTAATGGAAG,1
GTTAAGCTATAACCAA,1
GTTAAGCTATGTTAAC,1
GTTAAGCTTTACGTAA,1
GTTAAGGCCTAATTTC,1
GTTAAGGTCGGTAATG,1
GTTAAGTACAGGGGAT,1
GTTAAGTACCATTGGT,1
GTTAAGTACGATCGGT,1
GTTAAGTACGATTGGG,1
GTTAAGTACTATTGGT,1
GTTAAGTAGGATTGGT,1
GTTAAGTATATCTCCC,1
GTTAAGTATGATTGGT,1
GTTAAGTCAAAATGCA,1
GTTAAGTCACGAGCGG,1
GTTAAGTCACTAGCAG,1
GTTAAGTCCCACTAGA,1
GTTAAGTCTTCTTCCG,1
GTTAAGTCTTGTTACG,1
GTTAAGTCTTGTTCCA,1
GTTAAGTCTTGTTTCG,1
GTTAAGTCTTTTTCCG,1
GTTAAGTGAATCGCCA,1
GTTAAGTGTAGAATGT,1
GTTAAGTTATTGATTG,1
GTTAAGTTCAAAGCGT,1
GTTAAGTTTCCTAAAA,1
GTTAAGTTTGTGAAAA,1
GTTAAGTTTTCATCCA,1
GTTAATAAAAAATGAA,1
GTTAATAAAGCCGAAG,1
GTTAATAACGAGTTCA,1
GTTAATAATACTCCTA,1
GTTAATAGAAAGATCG,1
GTTAATAGTACGGCAG,1
GTTAATATCCGTGATA,1
GTTAATATTGATCTCA,1
GTTAATATTTTGAACA,1
GTTAATCAAAGGATAC,1
GTTAATCAAAGGTTAT,1
GTTAATCAAAGTATAT,1
GTTAATCAAATGATAT,1
GTTAATCATAGGATAT,1
GTTAATCCACCCTAGT,1
GTTAATCTAAAGACCC,1
GTTAATCTAAAGGCGC,1
GTTAATCTAAGGGCAC,1
GTTAATCTAAGGGCCC,1
GTTAATCTTACAGGGG,1
GTTAATCTTATGAACA,1
GTTAATCTTTTGAAAA,1
GTTAATCTTTTGAACG,1
GTTAATCTTTTTAACA,1
GTTAATGACAATAGAT,1
GTTAATGACCTCGAGA,1
GTTAATGATAACACCA,1
GTTAATGATTGCAACA,1
GTTAATGCCAAGTGCA,1
GTTAATGGTCGGGTAA,1
GTTAATGTAAAGGCCC,1
GTTAATGTATAATATT,1
GTTAATGTATACTAGT,1
GTTAATGTATCCAAAG,1
GTTAATGTGAGAAATG,1
GTTAATTAATTAATGC,1
GTTAATTAGATCTCTC,1
GTTAATTCATACGGAT,1
GTTAATTCTCAGATGA,1
GTTAATTCTCTTAGAT,1
GTTAATTGAAAACTCA,1
GTTAATTGAAACAAAT,1
GTTAATTGACCCTAGT,1
GTTAATTGACCTCCAG,1
GTTAATTGACCTTCAA,1
GTTAATTGGTTGTCTA,1
GTTAATTTATTCACCG,1
GTTAATTTTACCACAT,1
GTTAATTTTATTACAA,1
GTTACAAATGTGAGTG,1
GTTACAAATTAGCCAA,1
GTTACAACAACGTAGA,1
GTTACAACAGCGTAGG,1
GTTACAACGGAGTGAC,1
GTTACAACGTCAAGAT,1
GTTACAATAGCTAACT,1
GTTACACAAAGAACAC,1
GTTACACAGCCTTAAC,1
GTTACACCAACCAGAA,1
GTTACACCATCAGGAT,1
GTTACACCCTAAGGAT,1
GTTACACCGTGGCTAT,1
GTTACACCTCTATAAT,1
GTTACACTCCAGATGC,1
GTTACACTTCGACTGT,1
GTTACAGAAGAAGATC,1
GTTACAGAATAAACTA,1
GTTACAGACGAAATTA,1
GTTACAGCAGGTGCAA,1
GTTACAGCCTCAGGAT,1
GTTACATAAAATGATT,1
GTTACATAAATCATGA,1
GTTACATATCCGAAAA,1
GTTACATCACGCATCA,1
GTTACATCATCTTCCT,1
GTTACATCCAAATTAA,1
GTTACATCCTAAATTA,1
GTTACATCGTAAATGT,1
GTTACATCTGTCAAAA,1
GTTACATGTTGCCTTC,1
GTTACATTATCTAACA,1
GTTACATTCAAAAATA,1
GTTACCAACACAAGTA,1
GTTACCAATATTGACT,1
GTTACCACCACAACAC,1
GTTACCAGTAAGTCCT,1
GTTACCATACGATAGG,1
GTTACCCCAACATAAA,1
GTTACCCCCACATAGA,1
GTTACCCCCCAACTTT,1
GTTACCCCGCATAGGT,1
GTTACCCGGTCAAATG,1
GTTACCCTAACCAACT,1
GTTACCCTTCCCTAGG,1
GTTACCGACGTAAAAC,1
GTTACCGCTCAGGAAG,1
GTTACCGTACGCTGTC,1
GTTACCGTTGAATTAC,1
GTTACCTAATTGAAAT,1
GTTACCTCGAACTCTA,1
GTTACCTGCATCACCA,1
GTTACCTGGTTATGAA,1
GTTACCTTCGATGATT,1
GTTACGAAAACCCATC,1
GTTACGACAGTGAGTT,1
GTTACGAGGTCCCACG,1
GTTACGATGTCAAAAC,1
GTTACGCAAGGCCAGC,1
GTTACGCCAGACCAGC,1
GTTACGCCAGGCAAGC,1
GTTACGGATGGTGTCC,1
GTTACGGCCTAGTTTC,1
GTTACGGCCTCATTTC,1
GTTACGGCCTTTAACG,1
GTTACGGGCAGAGAAC,1
GTTACGTCCAAAACCT,1
GTTACGTCCTAATTTC,1
GTTACGTTATATTGAA,1
GTTACGTTGACTCAAC,1
GTTACTACACTAACTT,1
GTTACTACATTGAACA,1
GTTACTCAAAGATTCC,1
GTTACTCACACTATGC,1
GTTACTCCAGGCCAGC,1
GTTACTCCCCACGAAT,1
GTTACTCCCTTCTACA,1
GTTACTCTAAGAAGTT,1
GTTACTCTGGCATACA,1
GTTACTGAGTTAAGGA,1
GTTACTGGAAACCGGT,1
GTTACTGTAGTAGTCT,1
GTTACTGTAGTGGTAT,1
GTTAGAAATTGACAAC,1
GTTAGAACCCCAAACA,1
GTTAGAACCTTATTCT,1
GTTAGAACTCGTGTGC,1
GTTAGAAGAAGAGAGC,1
GTTAGAAGAATCGGAC,1
GTTAGACCGAAAATAG,1
GTTAGACGGGCATCGG,1
GTTAGACTAGGTAGTA,1
GTTAGAGCTAAAGCTT,1
GTTAGAGTTGAACCCC,1
GTTAGATAAATCAGCG,1
GTTAGATAAATTTGAT,1
GTTAGCACCGCTTAAA,1
GTTAGCAGGAACCGTA,1
GTTAGCATATAACCGC,1
GTTAGCATTTAAGTCA,1
GTTAGCCAAATTTCCC,1
GTTAGCCAGACTGGAA,1
GTTAGCCGCGTGGCCG,1
GTTAGCCTGTAGAAAT,1
GTTAGCGAAAACCGTA,1
GTTAGCGGAAACCGCA,1
GTTAGCGGAAACCGTG,1
GTTAGCGGAAACGGTA,1
GTTAGCGGAAATCGTA,1
GTTAGCGGGCTTACGT,1
GTTAGCTAAAAATCCC,1
GTTAGCTATATAGAAG,1
GTTAGCTCTTGAAATA,1
GTTAGCTGAAACCGTA,1
GTTAGCTGAAGTGAGA,1
GTTAGCTGAGTCGGAC,1
GTTAGCTTAATCGGAC,1
GTTAGCTTAGATATAA,1
GTTAGGACGGGATACG,1
GTTAGGAGATTACTAC,1
GTTAGGAGATTTCTAC,1
GTTAGGAGGTTCCTAC,1
GTTAGGAGTGCGCGAA,1
GTTAGGAGTTTACAAC,1
GTTAGGATGATACGAA,1
GTTAGGCAGATACGAT,1
GTTAGGGAGACGACCA,1
GTTAGGGCGCAGAAGA,1
GTTAGGGCTCACAGCT,1
GTTAGGGGGAAGGGCG,1
GTTAGGGTAACTTCAT,1
GTTAGGGTCACTTAAT,1
GTTAGGTGCGTCTGAT,1
GTTAGGTTACAATACA,1
GTTAGGTTCGAGAAAA,1
GTTAGTAACATAATTT,1
GTTAGTAAGATTGAAA,1
GTTAGTACAGAGCTAC,1
GTTAGTACAGCGGGTA,1
GTTAGTACTTATAGCA,1
GTTAGTAGACGCTATC,1
GTTAGTCAAAGGATAT,1
GTTAGTCAACAATTTC,1
GTTAGTCACAGCATGA,1
GTTAGTCATGGCATGA,1
GTTAGTCTAAAGGCCC,1
GTTAGTCTAATACTGA,1
GTTAGTCTGAGTGACA,1
GTTAGTCTGGGTGACC,1
GTTAGTCTTAAGCAAG,1
GTTAGTCTTAAGCTAG,1
GTTAGTGATCAGTATA,1
GTTAGTGATTAGTTAC,1
GTTAGTGGAAACCGTA,1
GTTAGTGGTCTTACGT,1
GTTAGTGTACGATACA,1
GTTAGTTAAGCTCTAT,1
GTTAGTTAGAGATCCA,1
GTTAGTTGGCGATCCA,1
GTTAGTTTAAATTTGT,1
GTTAGTTTGACCATGT,1
GTTAGTTTGCCAGATC,1
GTTAGTTTGTCATATC,1
GTTATAAAAACCTCCA,1
GTTATAAAACTATTGA,1
GTTATAAAAGTCAGAC,1
GTTATAAACAAACTTG,1
GTTATAAAGTATTGAA,1
GTTATAAATCCTGTCA,1
GTTATAAATCTAGCGA,1
GTTATAACAAAGTATC,1
GTTATAACAACAAAGC,1
GTTATAACACCGTATG,1
GTTATAACAGATAATA,1
GTTATAACCCATCAGT,1
GTTATAACGGATAATG,1
GTTATAACTTAACGGC,1
GTTATAAGATATCAAA,1
GTTATAAGCAACTGCT,1
GTTATAAGGCCATGGG,1
GTTATAATAAATTGAA,1
GTTATAATACATCAGT,1
GTTATAATCAGCCATT,1
GTTATAATCCATCAAT,1
GTTATAATCCATCATT,1
GTTATAATCTAAATAT,1
GTTATAATGTACCCCA,1
GTTATAATTTACCCAA,1
GTTATACAACCTCATC,1
GTTATACAAGATCGCA,1
GTTATACACCTCTAAT,1
GTTATACATTTCCCCT,1
GTTATACCACCCCATC,1
GTTATACCACCTCATA,1
GTTATACCATGTTTCA,1
GTTATACCCCGAAGAA,1
GTTATACGCTCACTAA,1
GTTATACGGAGCTCGT,1
GTTATACGTGGTGCGA,1
GTTATACTAATGGTGA,1
GTTATACTCATGTAAC,1
GTTATAGAAATATAGT,1
GTTATAGCTCAAAAGA,1
GTTATAGGTACTAAAG,1
GTTATAGGTATGGGAG,1
GTTATATAGGCGATAA,1
GTTATATATTGGCTTA,1
GTTATATGACATGCAG,1
GTTATATGTGAATAAA,1
GTTATATTAAAAGAAT,1
GTTATATTATAATAAC,1
GTTATATTATGATCAC,1
GTTATATTATGTAGAT,1
GTTATCAAAAAGTATC,1
GTTATCAAACTAGTAA,1
GTTATCAATGTCCAGA,1
GTTATCACACTCTCAC,1
GTTATCACATACTGCC,1
GTTATCAGTTAAACAA,1
GTTATCATAATTTCCA,1
GTTATCATGAACACAG,1
GTTATCCAACTAGTGA,1
GTTATCCAAGACAAGC,1
GTTATCCAAGTCCGAA,1
GTTATCCACACTGCAA,1
GTTATCCAGAACCTAC,1
GTTATCCAGGGCCGAA,1
GTTATCCCAATTTCCA,1
GTTATCCCATAACAGT,1
GTTATCCCCATACACA,1
GTTATCGAAATACTTT,1
GTTATCGAACAATACC,1
GTTATCTAAACAATTG,1
GTTATCTAATGTCAGC,1
GTTATCTACCCTCAAC,1
GTTATCTCCCCAATCT,1
GTTATGAAAGTTCATA,1
GTTATGAAAGTTCATT,1
GTTATGAACTTGTTAA,1
GTTATGAATAATTAGA,1
GTTATGACGCTCCCTC,1
GTTATGAGATGCTCGA,1
GTTATGAGATTTGAAC,1
GTTATGAGTAAAGGGT,1
GTTATGATCACTAAGT,1
GTTATGATGATAGAAT,1
GTTATGATGCTAGAGT,1
GTTATGATGCTATAAT,1
GTTATGATTAAAAGGT,1
GTTATGATTTCCTCAA,1
GTTATGCAGATAAACA,1
GTTATGCCACCTCATC,1
GTTATGCCATTGACAA,1
GTTATGCCCAGTCCAA,1
GTTATGCTAATGAGAA,1
GTTATGCTCATGTAGC,1
GTTATGGCTAATAAAG,1
GTTATGGTTTCGGACG,1
GTTATGTAACTCTCGG,1
GTTATGTGGCCGAATG,1
GTTATGTTACCCGTAC,1
GTTATGTTTACCTAAC,1
GTTATTAAATGATAAA,1
GTTATTAGACAAAACT,1
GTTATTAGACAACACC,1
GTTATTAGCAAGCAAC,1
GTTATTAGCCTCGTGA,1
GTTATTAGGACGCAAC,1
GTTATTAGGCAACACT,1
GTTATTAGTAAAAGGT,1
GTTATTAGTCAATTTG,1
GTTATTAGTTTGCTTG,1
GTTATTATCCGGGATT,1
GTTATTATCTCACGTA,1
GTTATTATCTGAATAT,1
GTTATTATGCAATGAT,1
GTTATTATGCACCCAG,1
GTTATTCAACTGATCA,1
GTTATTCCGTAAGCGA,1
GTTATTCGAACAGACA,1
GTTATTCGTAAAGACA,1
GTTATTCGTACATACA,1
GTTATTCGTGCATAGA,1
GTTATTCTGAGTAAAG,1
GTTATTCTGAGTGACC,1
GTTATTCTGAGTGATG,1
GTTATTCTTACAGACA,1
GTTATTGATAGAGCAG,1
GTTATTGTTCAGATTT,1
GTTATTTAACTACACG,1
GTTATTTCAGTAATAA,1
GTTATTTCGAAGAATA,1
GTTATTTGTACGTAAT,1
GTTATTTGTGCATAGC,1
GTTATTTTTAAGAATA,1
GTTCAAAAATACAACA,1
GTTCAAAACAAAACAA,1
GTTCAAAATAAAGTCA,1
GTTCAAAATCACGATA,1
GTTCAAAATTATTAAT,1
GTTCAAACACGGTGCC,1
GTTCAAACGCCCCAAA,1
GTTCAAACGCTGCGAT,1
GTTCAAAGAACAGCTT,1
GTTCAAAGAGATAGCG,1
GTTCAAAGTTGTCATG,1
GTTCAAATTATTGTAC,1
GTTCAACAAGAATCTG,1
GTTCAACATCGCGCTC,1
GTTCAACATTGTAAAG,1
GTTCAACCCCATATAT,1
GTTCAACCGCATGGGT,1
GTTCAACCTTTGGAAT,1
GTTCAACGAGATAGAG,1
GTTCAACGAGGTAGCG,1
GTTCAACGATTGTTTT,1
GTTCAACTACTGCCCT,1
GTTCAACTGCAAATTT,1
GTTCAACTTATCCCGG,1
GTTCAACTTCACATTT,1
GTTCAAGACCCGTTCA,1
GTTCAAGCCACGAAAC,1
GTTCAAGCCATGCAAC,1
GTTCAAGCCCTCGGAC,1
GTTCAAGCTAAGACCA,1
GTTCAAGTCACGCAAC,1
GTTCAATAACTCCCTG,1
GTTCAATAAGTTGTGG,1
GTTCAATACGACTACT,1
GTTCAATACTGTCTGT,1
GTTCAATAGACAAAGT,1
GTTCAATATGATTACT,1
GTTCAATCACATGGGT,1
GTTCAATCATACCCTA,1
GTTCAATCATAGCCTG,1
GTTCAATGACAGAAGT,1
GTTCAATTAAGTGGAC,1
GTTCACAACAAAGAGA,1
GTTCACAACCAACGAG,1
GTTCACAACTTTTCTA,1
GTTCACAAGTACCCAC,1
GTTCACACATAGACAA,1
GTTCACACATATACAC,1
GTTCACACTAGCCAAA,1
GTTCACACTGGTAGCC,1
GTTCACAGCCGAAAGA,1
GTTCACAGTCAATGCT,1
GTTCACATACACTACT,1
GTTCACATAGCGACAT,1
GTTCACATCCCGACAT,1
GTTCACATCGAGACAT,1
GTTCACATCTCGACAT,1
GTTCACCACAATATTT,1
GTTCACCATACTAATT,1
GTTCACCATGCCCACG,1
GTTCACCCTTGCACAT,1
GTTCACCCTTTCTTCT,1
GTTCACCGCTAAATTA,1
GTTCACCTGAAATCAA,1
GTTCACGCCCTCGTAC,1
GTTCACTAATTAGGCA,1
GTTCACTACATAAAAG,1
GTTCACTCAGCTGAAC,1
GTTCACTCCCTCGGAC,1
GTTCACTTATGACATC,1
GTTCACTTATGACATT,1
GTTCAGACACATACAG,1
GTTCAGATAACGTTTT,1
GTTCAGATACATGATT,1
GTTCAGATTCATCGAC,1
GTTCAGCAAATATAAG,1
GTTCAGCAGCTAGACA,1
GTTCAGCCAATGCGCC,1
GTTCAGCGACCAGATC,1
GTTCAGCTACAACCCT,1
GTTCAGGACACACCCA,1
GTTCAGTAGTTACATA,1
GTTCAGTATCTACATA,1
GTTCAGTCTACGCGAG,1
GTTCAGTGAATCACCA,1
GTTCAGTTAATCGCCA,1
GTTCAGTTGCGAGCTC,1
GTTCATAAAATTAGCC,1
GTTCATAAACTCTTAT,1
GTTCATAAGTAATCAG,1
GTTCATAATATTGTTA,1
GTTCATAATCCATATA,1
GTTCATAATTACTATA,1
GTTCATCAGCTAGCAA,1
GTTCATCCAACAGGTG,1
GTTCATCTACTCAATG,1
GTTCATCTTTAAAACA,1
GTTCATGAAAAGCTCT,1
GTTCATGACAAGCACG,1
GTTCATGAGATTAAGA,1
GTTCATGCCAATCACG,1
GTTCATGGTATAAATG,1
GTTCATGTTATTCCTG,1
GTTCATGTTCCCCAAA,1
GTTCATTAGCTACATA,1
GTTCATTAGTAAAGTA,1
GTTCATTCATAGCCTA,1
GTTCATTCGGGATAAC,1
GTTCATTGAAGGCATT,1
GTTCATTGCCACAATG,1
GTTCATTTTTCATCCA,1
GTTCCAAACCCAATTA,1
GTTCCAACATTACCCC,1
GTTCCAACCTAAACAA,1
GTTCCAACGTATTCAC,1
GTTCCAACTAAAAATA,1
GTTCCAAGTAAGTCCT,1
GTTCCAATCAATAAAT,1
GTTCCAATCATCTATC,1
GTTCCACACTAACCAA,1
GTTCCACTGAAAGCAC,1
GTTCCAGAAGCTAATC,1
GTTCCAGGCAATTAAG,1
GTTCCATAATAGATAC,1
GTTCCATACCATAATA,1
GTTCCATCGTACCATC,1
GTTCCATTGCCCACAC,1
GTTCCCAATAAAGGAA,1
GTTCCCACAACCGTTT,1
GTTCCCACTAAGTCCT,1
GTTCCCAGAAAAACTT,1
GTTCCCAGTAAGTCGA,1
GTTCCCAGTAAGTCTT,1
GTTCCCATAGACGACG,1
GTTCCCATAGTGGCTA,1
GTTCCCCAAACCGTTT,1
GTTCCCCCAACAGTTT,1
GTTCCCCCAAGCGTTT,1
GTTCCCCCAAGGGTGT,1
GTTCCCCCCAGGATGT,1
GTTCCCCGTGTTTCAT,1
GTTCCCCTGGACACAG,1
GTTCCCTAGTAAATAA,1
GTTCCCTCAATGCCAA,1
GTTCCCTCTTCCGTAC,1
GTTCCCTTGGCCTTCC,1
GTTCCGAGACGAGGGG,1
GTTCCGATATGTGGGC,1
GTTCCGCAGCTGATGC,1
GTTCCGCTGTTTGACC,1
GTTCCGGACACACCCT,1
GTTCCGGAGATTTTGT,1
GTTCCGGGAGGACTCA,1
GTTCCTAACCGACCTA,1
GTTCCTAATCCAGCAT,1
GTTCCTAGTCGTTCCA,1
GTTCCTATTCATACTG,1
GTTCCTATTTTTAGCG,1
GTTCCTCAGCATAATA,1
GTTCCTCCACTCCATA,1
GTTCCTCGTATTTCAT,1
GTTCCTCGTGTTTCGT,1
GTTCCTCGTGTTTCTT,1
GTTCCTGACTTAAGTG,1
GTTCCTGAGTAAAATT,1
GTTCCTGCAATAGCAA,1
GTTCCTGCCGAATGAA,1
GTTCCTGGAGTAAAAA,1
GTTCCTGGATACCCCA,1
GTTCCTTAAAGGAATT,1
GTTCCTTAAGGTCTGT,1
GTTCCTTTGAAAATCT,1
GTTCCTTTGATAATCT,1
GTTCGAACAATTCTGA,1
GTTCGAACATACGACA,1
GTTCGAACTTTTCAAA,1
GTTCGACAAGACAAAA,1
GTTCGACATTCTGAAT,1
GTTCGACTGATACTTA,1
GTTCGACTGGTACTTC,1
GTTCGAGAGCTGGAAT,1
GTTCGATACGTGTATA,1
GTTCGATCGGTCGACT,1
GTTCGCAGTGCCTTAA,1
GTTCGCATCGCGACAT,1
GTTCGCATTCGCTCTA,1
GTTCGCCAAAACAAGG,1
GTTCGCCATACGACGT,1
GTTCGCCATCGATCCA,1
GTTCGCCCAAACAATA,1
GTTCGCCCTAGTCTAT,1
GTTCGCGAAAAACAAA,1
GTTCGCGAAGGACCCG,1
GTTCGCTAAAGACAGC,1
GTTCGCTCAAACAAGA,1
GTTCGCTCACGGCTTG,1
GTTCGCTTATATGGAA,1
GTTCGGACTGTAAGAC,1
GTTCGGAGTCATGGTA,1
GTTCGGCAATTAAGTC,1
GTTCGGCGCAACGACA,1
GTTCGGGATGATGAAA,1
GTTCGGGTATCGAAAC,1
GTTCGGGTTAGGAAAG,1
GTTCGGTCCTACAAAT,1
GTTCGGTGCACAGAAA,1
GTTCGGTTACCCGCAT,1
GTTCGTAAAATTGAAA,1
GTTCGTAACATGAACA,1
GTTCGTAAGCTGAACA,1
GTTCGTACAACCTAGA,1
GTTCGTACATTTCACT,1
GTTCGTAGGATTGAAA,1
GTTCGTATATACCCTC,1
GTTCGTATCTAACCTC,1
GTTCGTATCTACCCTA,1
GTTCGTATCTACCTTC,1
GTTCGTATGTACCCTC,1
GTTCGTCACTATCCTT,1
GTTCGTCTGGTGCTGA,1
GTTCGTGACTACTCAA,1
GTTCGTGGTCCATAAT,1
GTTCGTGTATAATATT,1
GTTCGTGTCTACCCTC,1
GTTCGTTAATATATAA,1
GTTCGTTATCGGAATG,1
GTTCGTTTGAACATGT,1
GTTCGTTTGACCATCT,1
GTTCGTTTTACCATGT,1
GTTCTAAATAAATCAA,1
GTTCTAAATGCATCAA,1
GTTCTAAGCTCACTAA,1
GTTCTAATACCCCTCT,1
GTTCTACAGGCAAGTG,1
GTTCTACCAAGATGGA,1
GTTCTACCAGCTTAAG,1
GTTCTACGATCACTAA,1
GTTCTACGCTCATTAA,1
GTTCTAGCACATACCG,1
GTTCTAGGAAGACGGC,1
GTTCTATACGTTCTAC,1
GTTCTATCAAAAACCT,1
GTTCTATGCAACTGTT,1
GTTCTATGTGAATTTT,1
GTTCTCAAGATACTAC,1
GTTCTCAATATACTGA,1
GTTCTCAATGTATATT,1
GTTCTCACTCAAGATT,1
GTTCTCCACCCAATAA,1
GTTCTCCAGGCAAGTA,1
GTTCTCCAGGCAAGTT,1
GTTCTCCAGGCGAGTG,1
GTTCTCCCCTCAAATA,1
GTTCTCCCGTTTAGGC,1
GTTCTCCTGAATACCC,1
GTTCTCGCGTATCTGG,1
GTTCTCTGAGGTGGTT,1
GTTCTCTTGCAGTGAG,1
GTTCTGAATATACTTT,1
GTTCTGACGAATGAAC,1
GTTCTGAGAGAAAACT,1
GTTCTGAGATCAAACT,1
GTTCTGATAAACTTTA,1
GTTCTGCACCCAATAG,1
GTTCTGCACCCGATAA,1
GTTCTGCACCCTATAA,1
GTTCTGCACGCAATAA,1
GTTCTGCATTTAATAA,1
GTTCTGCATTTGAGTC,1
GTTCTGGACCCAATAA,1
GTTCTGGACCCAATTA,1
GTTCTGGATCTGTATT,1
GTTCTGTAAAAGATAG,1
GTTCTGTCGACTTTCG,1
GTTCTGTGAGCAAACT,1
GTTCTGTTGACGTTCG,1
GTTCTTAACCTGAACA,1
GTTCTTAATCGCTGCC,1
GTTCTTAATCGGTGAC,1
GTTCTTACACAGTGTT,1
GTTCTTCAAATTAGCA,1
GTTCTTCCTACCGGTC,1
GTTCTTCGAAGAGTTC,1
GTTCTTGAATACGCCG,1
GTTCTTGCAATTACAT,1
GTTCTTGCCAAATGAA,1
GTTCTTGCCGAATAAA,1
GTTCTTGCCGAATGAG,1
GTTCTTGCCTAATGAA,1
GTTCTTGGAATCCGGC,1
GTTCTTTACTTGCCGA,1
GTTCTTTCCAAATTCA,1
GTTGAAAAAACGCGGC,1
GTTGAAAAACTGTGAT,1
GTTGAAAAAGGGATCG,1
GTTGAAAAATATCGCA,1
GTTGAAAACTTCACCT,1
GTTGAAAAGTAAACCT,1
GTTGAAAAGTACATTC,1
GTTGAAAATGAAGTGG,1
GTTGAAACACACACTA,1
GTTGAAACAGGCAAAG,1
GTTGAAACGCCTCGTC,1
GTTGAAAGAACCTATT,1
GTTGAAAGAACTGGAC,1
GTTGAAAGCTGGTTGT,1
GTTGAAATATATTAAA,1
GTTGAAATCAACGAAG,1
GTTGAAATTCATTAAA,1
GTTGAAATTGATTAAA,1
GTTGAAATTTATTAAG,1
GTTGAACAAAATACGA,1
GTTGAACACTTTCAAA,1
GTTGAACAGTAAATTC,1
GTTGAACATTAAACCT,1
GTTGAACCTAACGGAA,1
GTTGAACCTGGATAAG,1
GTTGAACTCTGATGAG,1
GTTGAACTCTGCTTAG,1
GTTGAACTGTGCTGAG,1
GTTGAAGAAAGTAGAT,1
GTTGAAGAATGGCTCA,1
GTTGAAGGAAGTAGAA,1
GTTGAAGGAAGTAGGT,1
GTTGAAGGAAGTAGTA,1
GTTGAAGGAATTAGAT,1
GTTGAAGGAGGTAGAT,1
GTTGAAGGGAGTAGAT,1
GTTGAAGGTGCCATCG,1
GTTGAATAAACAATAA,1
GTTGAATAACCTGCCA,1
GTTGAATATACAGTAT,1
GTTGAATATGAACATG,1
GTTGAATCCCATCAAA,1
GTTGAATTATAAAGAT,1
GTTGAATTATGTAGCA,1
GTTGAATTTTATTAAA,1
GTTGACAACAACCCAT,1
GTTGACAACAACTCAT,1
GTTGACAATAGTCACA,1
GTTGACAATAGTTACC,1
GTTGACACGCGATTCT,1
GTTGACACTTATAACA,1
GTTGACACTTATACCA,1
GTTGACAGCCAAAAAA,1
GTTGACAGTGCTGCCA,1
GTTGACATACTGGGCA,1
GTTGACCACCCCGAGA,1
GTTGACCCAAATACGT,1
GTTGACCCACGCAGGG,1
GTTGACCCATCATCCA,1
GTTGACCGACTAGTAT,1
GTTGACCGACTCGACC,1
GTTGACGGTTCCGGTA,1
GTTGACGTGTATAGGG,1
GTTGACTACAACGCCG,1
GTTGACTAGTCTCAAC,1
GTTGACTATTCTCAAT,1
GTTGACTGCCACCATG,1
GTTGACTGCTCCGGTA,1
GTTGACTTAGCATAAA,1
GTTGAGAAAAAGGCCA,1
GTTGAGAACACAGACG,1
GTTGAGAGAAAAACTA,1
GTTGAGCACATGTGAT,1
GTTGAGCGCTCACGCA,1
GTTGAGCTATAACTGA,1
GTTGAGCTTCCCGTGA,1
GTTGAGGATAACTACT,1
GTTGAGGATGGTGTCC,1
GTTGAGGCCAGAAACC,1
GTTGAGTAAATACGCT,1
GTTGAGTCCCGAAACC,1
GTTGAGTCGCAGAAGA,1
GTTGAGTCTTGTTCCG,1
GTTGAGTGCGTTTTTA,1
GTTGAGTGCTTCTTTA,1
GTTGAGTGGAAAGAGT,1
GTTGATAACCCAGACG,1
GTTGATAAGCATGGTA,1
GTTGATACCGTAAAAA,1
GTTGATATCACCGAAG,1
GTTGATATCAGTAAGA,1
GTTGATCAAAGGATAT,1
GTTGATCAATCAAGAG,1
GTTGATCAATTTAGCC,1
GTTGATCATAAGACTA,1
GTTGATCATTGAAACT,1
GTTGATCCCAAAACTT,1
GTTGATCTGTCAGAGA,1
GTTGATGAAATCTCGC,1
GTTGATGACGACCAGA,1
GTTGATGAGTTAAGGA,1
GTTGATGGCTCCGGTA,1
GTTGATTACCAACGAC,1
GTTGATTCAAATATGT,1
GTTGATTCAATGAGAA,1
GTTGATTCTATACTAG,1
GTTGATTGAGAAATAC,1
GTTGATTGGATGAGAA,1
GTTGATTTAATGAGAA,1
GTTGATTTCGTGGGAT,1
GTTGCAAAACTCCAAC,1
GTTGCAAAGCAGACCT,1
GTTGCAACACATTCAA,1
GTTGCAACCCAACATA,1
GTTGCAACGTATTCAG,1
GTTGCAAGATCACTAA,1
GTTGCACAAGCACACA,1
GTTGCACAAGCATAGA,1
GTTGCACAAGCATTCA,1
GTTGCACAATGAGGTA,1
GTTGCACATATAAAGA,1
GTTGCACATGACATAC,1
GTTGCACATGGTCACT,1
GTTGCACATTTAAAGA,1
GTTGCACGACAGCCAT,1
GTTGCACGATTGCCAC,1
GTTGCACTCAAAGTTA,1
GTTGCACTTAATTATA,1
GTTGCAGACTGCAACC,1
GTTGCAGGCAATTGAG,1
GTTGCAGGCGATTAAG,1
GTTGCAGTATTGATGA,1
GTTGCAGTCTATGCGT,1
GTTGCATACCTATGGC,1
GTTGCATCACAAGGAA,1
GTTGCATCACCATGAA,1
GTTGCATCCTACAGCG,1
GTTGCCAACTTTTGAC,1
GTTGCCAAGCAACGCT,1
GTTGCCCAAATATCCA,1
GTTGCCCCAATTGATC,1
GTTGCCGTGTATATGG,1
GTTGCCGTGTATGGGG,1
GTTGCCTACATCCATT,1
GTTGCCTACCGATGGC,1
GTTGCCTACCTATGAA,1
GTTGCCTAGCTATGGC,1
GTTGCCTTGTATAGGG,1
GTTGCCTTTTCTTTAA,1
GTTGCGAAAACGCATC,1
GTTGCGAAACTGCTAT,1
GTTGCGACAAAGCATC,1
GTTGCGACAACGAATC,1
GTTGCGACAATGCATC,1
GTTGCGAGATCACGAA,1
GTTGCGAGGTGTCCCA,1
GTTGCGATCACTGAAC,1
GTTGCGCGAACACGCA,1
GTTGCGGAAGGTGTCC,1
GTTGCGGCCTAATTTC,1
GTTGCGTCGATGTCGC,1
GTTGCGTTAGTGTGGC,1
GTTGCTAAACACAAAT,1
GTTGCTCTATCAGAGT,1
GTTGCTGACTTAAGGA,1
GTTGCTGATGGTGTCC,1
GTTGCTGGTGAAACTA,1
GTTGCTTAACGGTCAA,1
GTTGCTTCAAATATAG,1
GTTGGAAAATTGGAAA,1
GTTGGAAAGCTTCTGG,1
GTTGGAAGGAAATTCG,1
GTTGGACAACGTATCC,1
GTTGGACCACACTGGG,1
GTTGGACTACCTACGT,1
GTTGGACTCGGTAGTA,1
GTTGGACTGAAATTCG,1
GTTGGAGGAGCAGGAG,1
GTTGGAGTAGCCGAAT,1
GTTGGATGCAACCTGC,1
GTTGGATGCGATAGGT,1
GTTGGATTGGACCGAT,1
GTTGGCAACTACGTAA,1
GTTGGCATGCGGAATT,1
GTTGGCCAAAAGGAAG,1
GTTGGCCAAAAGTATG,1
GTTGGCCAAAATGATG,1
GTTGGCCAAAGGGATG,1
GTTGGCCTCTACTTTA,1
GTTGGCGAATACCTAT,1
GTTGGCGATACATATT,1
GTTGGCGATGAAAGCA,1
GTTGGCGATGAGAGCA,1
GTTGGCGGAAACCGTA,1
GTTGGCTTTGGTACAA,1
GTTGGGAAAACTGGAC,1
GTTGGGACAACGCATC,1
GTTGGGACCTACAGAA,1
GTTGGGATACTGCCCT,1
GTTGGGATGCGTTACT,1
GTTGGGATGTATTACT,1
GTTGGGATGTGTTACA,1
GTTGGGCAACCTGGAC,1
GTTGGGCACCTCCCGA,1
GTTGGGCCGACATAGG,1
GTTGGGCTAATATGAA,1
GTTGGGTAATAACAAC,1
GTTGGGTAATCCCCGC,1
GTTGGGTAATCCGAGC,1
GTTGGGTGATAATAGC,1
GTTGGGTTGATTACGT,1
GTTGGGTTTACATTAA,1
GTTGGTAACAGTGAGT,1
GTTGGTACCTTAAAAC,1
GTTGGTAGCAATACGC,1
GTTGGTATGGTGCGGC,1
GTTGGTATGTGTTACT,1
GTTGGTCACCGACTCC,1
GTTGGTCCACGCTATT,1
GTTGGTCCATAAAACG,1
GTTGGTCCCGATCAGA,1
GTTGGTCTAGTGCTGA,1
GTTGTAAAAAGTATTT,1
GTTGTAAAACTAACAA,1
GTTGTAAAATCATGAC,1
GTTGTAAATTCAAGTG,1
GTTGTAAGATCCGTGT,1
GTTGTAATAAATTGAC,1
GTTGTAATAATGCCTT,1
GTTGTAATAGAGATCA,1
GTTGTAATCTGGGGAC,1
GTTGTAATGTAAGGCG,1
GTTGTAATTGAGAGCC,1
GTTGTACAAAGTTTCT,1
GTTGTACAGATAACTG,1
GTTGTACATAACCTCC,1
GTTGTACCAATGCTAA,1
GTTGTACCACGAGGCA,1
GTTGTACCACGGGACA,1
GTTGTACCATGGGGCA,1
GTTGTACTACCTCCGT,1
GTTGTAGAGCAGTGGT,1
GTTGTAGAGTTCCAAA,1
GTTGTAGATCAGTTGT,1
GTTGTAGCATCTGAAA,1
GTTGTAGCTAAAAAAA,1
GTTGTATAACAACACA,1
GTTGTATATACAGTGG,1
GTTGTATCCATATCCC,1
GTTGTATCCCGACACG,1
GTTGTATCTATACCGC,1
GTTGTATGGTAGAGAA,1
GTTGTATTTAGATATG,1
GTTGTCAACTCCGGGA,1
GTTGTCAACTCCGGTG,1
GTTGTCAACTTTTAAC,1
GTTGTCACCCAATGTA,1
GTTGTCACCTACACGG,1
GTTGTCATATGTTAAA,1
GTTGTCCACGAATGCA,1
GTTGTCCCAATGCAAA,1
GTTGTCGTCTCTGTTC,1
GTTGTCTCGAGTAGTA,1
GTTGTGAAAACGGGAC,1
GTTGTGAAATAAAATA,1
GTTGTGATACTTAGTG,1
GTTGTGATCAAAAATG,1
GTTGTGCAATATTGAA,1
GTTGTGCCACGGGGCA,1
GTTGTGGTAACAGACA,1
GTTGTGTAATCCGCGC,1
GTTGTGTCGCGTGGAT,1
GTTGTTAACTAAGATA,1
GTTGTTACACACCGTG,1
GTTGTTACTTTGAACA,1
GTTGTTAGACAACACT,1
GTTGTTAGGAAGGAAA,1
GTTGTTATAGAAGTAG,1
GTTGTTATCCAGGATT,1
GTTGTTATGTTCTATT,1
GTTGTTATTAGACGGC,1
GTTGTTCACCCGAGCA,1
GTTGTTCATCCATGAA,1
GTTGTTCCCCACGGTC,1
GTTGTTCTACTCCACT,1
GTTGTTCTCAGCAAAG,1
GTTGTTCTTACAAATA,1
GTTGTTGCAAATAACT,1
GTTGTTGCCGCTTCAG,1
GTTGTTGGCGCAATAA,1
GTTGTTGGCTTAATAA,1
GTTGTTGGTTACAAAC,1
GTTGTTGTAACAGACG,1
GTTGTTTAGCACTATC,1
GTTGTTTCAAAGAATA,1
GTTGTTTCCAGCACAT,1
GTTGTTTCGAGCCCAT,1
GTTGTTTGTTGTCCTC,1
GTTTAAAAAAATAATA,1
GTTTAAAAAGGGAGAG,1
GTTTAAAAATAAACAG,1
GTTTAAAAGAATCCAA,1
GTTTAAAAGTAATAGC,1
GTTTAAAATCATGCCT,1
GTTTAAAATTAATCGC,1
GTTTAAACGAGGCTGA,1
GTTTAAACGCCTGATC,1
GTTTAAACTTTACATT,1
GTTTAAAGATGCATCA,1
GTTTAAATACAAGGAA,1
GTTTAAATAGTTGTGT,1
GTTTAAATCGTTGTAT,1
GTTTAAATCTTGAAGA,1
GTTTAAATCTTTGTGT,1
GTTTAAATGATTACCA,1
GTTTAAATTTAAGCAG,1
GTTTAAATTTACGTGT,1
GTTTAACAAGACCTCA,1
GTTTAACCAGAAATAT,1
GTTTAACCTAACTCGC,1
GTTTAACGAAAAAGCC,1
GTTTAACGACATGGGC,1
GTTTAACGCAGAAACA,1
GTTTAACTGAAACGAA,1
GTTTAAGATTGCCTAG,1
GTTTAAGGCACACAAT,1
GTTTAAGTGGAAGCGC,1
GTTTAATAACAGAAGT,1
GTTTAATATGCTGCTA,1
GTTTAATCATAAGCTC,1
GTTTAATGAAAGAAGT,1
GTTTAATGACATCAAT,1
GTTTAATGACTGAAGT,1
GTTTAATGAGAGAAGT,1
GTTTAATTTTACAGAT,1
GTTTACAAAACCTACG,1
GTTTACAATACTTTAG,1
GTTTACACGTAATTGA,1
GTTTACACGTCTCTCA,1
GTTTACACTCGAACCA,1
GTTTACAGAGCCAAAA,1
GTTTACATGAAGGGTC,1
GTTTACATGAAGGGTG,1
GTTTACCAACTCATTA,1
GTTTACCACGTTCCTT,1
GTTTACCCACCAGAAT,1
GTTTACCCCTCGCGGT,1
GTTTACCGACATTGGC,1
GTTTACCGCAATGTGT,1
GTTTACCGTCAAAACA,1
GTTTACCTCTTGCAAA,1
GTTTACGAAAAAGGAG,1
GTTTACGAGCGGAGAA,1
GTTTACGCATGCCAAG,1
GTTTACTAATCAAGAT,1
GTTTACTAGAGGAACT,1
GTTTACTAGATCAATG,1
GTTTACTAGCTGTAAT,1
GTTTACTAGGAGTAAT,1
GTTTACTATCAGTAAT,1
GTTTACTCTGCCAAAA,1
GTTTACTTTAACAAAC,1
GTTTAGAAAAACATGC,1
GTTTAGAAATGAGTAC,1
GTTTAGAACGTGTTAA,1
GTTTAGAGAAAGACCA,1
GTTTAGAGTATACACT,1
GTTTAGATTATATACT,1
GTTTAGCCAGAAGGAT,1
GTTTAGCCCGTCAAAT,1
GTTTAGCCCTTTACAA,1
GTTTAGCCGAGGCCGG,1
GTTTAGCTAATCACAA,1
GTTTAGCTCTACTTTG,1
GTTTAGCTGGCCAAAA,1
GTTTAGGAGATATAGA,1
GTTTAGGCGTTAAGAA,1
GTTTAGGCTAGATTAA,1
GTTTAGGTATGTGCCG,1
GTTTAGGTCCATCGCC,1
GTTTAGGTGCATTACA,1
GTTTAGTAAGTGTAAT,1
GTTTAGTATTAATGAA,1
GTTTAGTCGCTAAATT,1
GTTTATAAAGACTAGC,1
GTTTATAAGAACGCCG,1
GTTTATAATAGGAGAC,1
GTTTATACATAAGCCC,1
GTTTATAGGACTCGCC,1
GTTTATAGGGCTCTCC,1
GTTTATATAAAATCCA,1
GTTTATATACCGAATC,1
GTTTATCAAGAGCCAA,1
GTTTATCACGATATAA,1
GTTTATCAGGGGCAGC,1
GTTTATCCAATCAAAC,1
GTTTATCCAGAGACGT,1
GTTTATCCAGGGAAGT,1
GTTTATCCCAAAATAC,1
GTTTATCCGAAAATGG,1
GTTTATCCGGGGACGT,1
GTTTATCCTCACGTAG,1
GTTTATCCTGGGACGT,1
GTTTATCGCTAACACT,1
GTTTATCTTAGCAATA,1
GTTTATGCCAGTGGAC,1
GTTTATGCGATTATGG,1
GTTTATTAAAAAATCT,1
GTTTATTAAAAGTGAT,1
GTTTATTAATACAAAG,1
GTTTATTCGGGAAAGT,1
GTTTATTCTAACTATT,1
GTTTATTCTGGAAAGC,1
GTTTATTCTGGAAGGT,1
GTTTATTCTGGGAAGT,1
GTTTATTCTGTAAAGT,1
GTTTATTGAAGTGGAC,1
GTTTATTGTTTTTCGC,1
GTTTATTTAGGGATAT,1
GTTTATTTATTATATA,1
GTTTATTTATTCTATG,1
GTTTATTTATTCTGTA,1
GTTTCAAATCCCCGTA,1
GTTTCAACAAATAGCT,1
GTTTCAACCTAAAGAT,1
GTTTCAAGTAGGCACA,1
GTTTCAATAGAGTGAG,1
GTTTCAATGACGCACC,1
GTTTCACAAGTTGGGA,1
GTTTCACATACCTAAG,1
GTTTCACCGATTCACA,1
GTTTCACGGAGAAACA,1
GTTTCACTATAGGGAC,1
GTTTCACTTACCTGAT,1
GTTTCAGCAACTGCCC,1
GTTTCAGGAACCTTAT,1
GTTTCAGGCAATTAAG,1
GTTTCAGGTAGTAATT,1
GTTTCATAAACCGTTC,1
GTTTCATACAGCAAGC,1
GTTTCATACATCTGCT,1
GTTTCATAGATCAATG,1
GTTTCATATGTCAAAA,1
GTTTCATGAAGCGGTG,1
GTTTCATGCGAAGCGT,1
GTTTCATGGAGTAATT,1
GTTTCATTGGATGTCC,1
GTTTCCAAAAACGGCC,1
GTTTCCAAATTTAGGT,1
GTTTCCACCAGAGCAC,1
GTTTCCACGGATAATT,1
GTTTCCAGAAACACGA,1
GTTTCCCACGTAGAAA,1
GTTTCCCGAGAACTGC,1
GTTTCCGGCCAGCTAC,1
GTTTCCGGCTTCAGAT,1
GTTTCCGGCTTCCGAC,1
GTTTCCGGCTTCCTAT,1
GTTTCCGGCTTCGGAT,1
GTTTCCGGCTTCTGAT,1
GTTTCCGTCGAAACGT,1
GTTTCCGTCGAAAGGA,1
GTTTCCTAAGAATGTT,1
GTTTCGAACAATCAAC,1
GTTTCGAACAATCGGC,1
GTTTCGAATAATAAAA,1
GTTTCGAGAACCCAAT,1
GTTTCGAGAGTGTTTA,1
GTTTCGAGGTCTAAAA,1
GTTTCGATAGGATATT,1
GTTTCGCTAGGATTCT,1
GTTTCGTAAATTGCCC,1
GTTTCGTACACTCTCA,1
GTTTCGTCCGGTACAT,1
GTTTCGTGAAAATTCC,1
GTTTCTAAAATTCAAG,1
GTTTCTAACAATCGAC,1
GTTTCTACTCGAACAC,1
GTTTCTACTCGCTCAC,1
GTTTCTACTCTCACAC,1
GTTTCTCAAACCGCCC,1
GTTTCTCATACACTGA,1
GTTTCTCCTGACTCAT,1
GTTTCTCCTGACTGAC,1
GTTTCTCCTTACTCAC,1
GTTTCTGAGGCTGCAC,1
GTTTCTTCTCGAAGAG,1
GTTTCTTCTTGAAAAG,1
GTTTCTTCTTGAAGGG,1
GTTTCTTCTTGAATAG,1
GTTTCTTGAACACAAT,1
GTTTCTTGTAGGTGAG,1
GTTTCTTTGACAATCT,1
GTTTCTTTTATTCTCC,1
GTTTCTTTTTGAAGAG,1
GTTTGAAATCATTAGA,1
GTTTGAACGTGGTCAG,1
GTTTGAACGTGGTTAG,1
GTTTGAAGAACCCCTA,1
GTTTGACAATGACTTT,1
GTTTGACACATAAACA,1
GTTTGACTCACCGCAG,1
GTTTGACTGTATTGAA,1
GTTTGACTGTGTCTTT,1
GTTTGAGATTCCGGAT,1
GTTTGAGGCGAGAGGT,1
GTTTGAGGCTATGTAA,1
GTTTGATAGAACCATT,1
GTTTGATAGTAAAACA,1
GTTTGATATTCCGGTT,1
GTTTGATCAAACCATT,1
GTTTGATCGAACCATC,1
GTTTGATCGGACCATT,1
GTTTGATCTAAGAACA,1
GTTTGATCTCTCCATA,1
GTTTGATGCGAATCGT,1
GTTTGATGCTTGATAT,1
GTTTGATTACGCAAGA,1
GTTTGCAACGCCCAAA,1
GTTTGCAAGTTAACCA,1
GTTTGCACCCGGAGGA,1
GTTTGCATTTCATCTC,1
GTTTGCCAAACTGACG,1
GTTTGCCAACCGGGAA,1
GTTTGCCATGATTATG,1
GTTTGCCCATACATTA,1
GTTTGCCCCTGACGCA,1
GTTTGCCGAAAAGTAA,1
GTTTGCCGGATCAATC,1
GTTTGCCTAACTCTCC,1
GTTTGCGAACAACAAC,1
GTTTGCGCTTAGTAAT,1
GTTTGCTAACTTAGAA,1
GTTTGCTGCTAAACAC,1
GTTTGGAATTCATTAG,1
GTTTGGACACATAGTA,1
GTTTGGATCTCGCTAT,1
GTTTGGATGTGTTACT,1
GTTTGGCACACTTCAT,1
GTTTGGCGACATATAA,1
GTTTGGCTATGAATTA,1
GTTTGGCTCGACATAT,1
GTTTGGGAGTAGTGTA,1
GTTTGGGATTCCGGTT,1
GTTTGGTTACTAAGGA,1
GTTTGTAAAATGAAAC,1
GTTTGTAAACCATGAT,1
GTTTGTACTCGCACAC,1
GTTTGTCACCTTCACT,1
GTTTGTCCCACGAACG,1
GTTTGTCGATAAACCT,1
GTTTGTCTCTCTTCTA,1
GTTTGTGACAACAAAA,1
GTTTGTGGACAATTAC,1
GTTTGTTCCATAAGTG,1
GTTTGTTGGAATTTAC,1
GTTTTAAAAAAAATTC,1
GTTTTAAAACCGTACT,1
GTTTTAAACAAAAGCA,1
GTTTTAAACCCATACT,1
GTTTTAAACCCCTACT,1
GTTTTAAACTAAAGAT,1
GTTTTAAATTTAGAAT,1
GTTTTAACATAAAGAT,1
GTTTTAACATCTGTAA,1
GTTTTAACATTCGCGC,1
GTTTTAACCCAAAGAT,1
GTTTTAACCTAAACAT,1
GTTTTAACCTGAAGAT,1
GTTTTAACGAGTAATG,1
GTTTTAACGTAAAGAT,1
GTTTTAACTTAAAGAT,1
GTTTTAAGAAACACGA,1
GTTTTAAGCCAACGTT,1
GTTTTAAGCCAACTGT,1
GTTTTAAGTACGGGGA,1
GTTTTAATCCAACGGT,1
GTTTTAATCGAACTGA,1
GTTTTAATGTAAAGCA,1
GTTTTACCAGTACAGA,1
GTTTTACCCTCAAATA,1
GTTTTACGAGACGAAA,1
GTTTTACGTGCAATGT,1
GTTTTACTGCATCCTC,1
GTTTTACTGCCTGACT,1
GTTTTACTGTCCGACT,1
GTTTTACTGTCTGACA,1
GTTTTACTTTCTGACT,1
GTTTTAGACCAATACC,1
GTTTTAGATACACATC,1
GTTTTATAACAGAAAA,1
GTTTTATAACAGGACA,1
GTTTTATAACATAACA,1
GTTTTATAATTTAAAG,1
GTTTTATAGCAGAACA,1
GTTTTATGCGAAGCGT,1
GTTTTATGCTTGACAT,1
GTTTTCAAAATACTTT,1
GTTTTCAACTAGCAAG,1
GTTTTCAACTCCGGGG,1
GTTTTCACAGATAATT,1
GTTTTCACCTAATACG,1
GTTTTCACCTCAAATA,1
GTTTTCACGGAAAATT,1
GTTTTCACGGATAGTT,1
GTTTTCACGGATGATT,1
GTTTTCACGGGTAATT,1
GTTTTCAGAAAAACGA,1
GTTTTCAGGAACACGA,1
GTTTTCATAAAACAGT,1
GTTTTCATAAACACGA,1
GTTTTCCAACAGAAGC,1
GTTTTCCAACAGACGA,1
GTTTTCCAGCGAAGCC,1
GTTTTCCATATTGATA,1
GTTTTCCATGTACGAA,1
GTTTTCCCACGTAAAG,1
GTTTTCCCATCAAATA,1
GTTTTCCCCACTAAGT,1
GTTTTCCCCTCAAGTA,1
GTTTTCCCCTCAGATA,1
GTTTTCCCCTTAAATA,1
GTTTTCCTCAACTTCA,1
GTTTTCCTGGACAATC,1
GTTTTCCTGGATAGAT,1
GTTTTCCTGGATCAAT,1
GTTTTCGCGGATAATT,1
GTTTTCGGAAACACGA,1
GTTTTCTAGACTCCTT,1
GTTTTCTATTGGTAAA,1
GTTTTGAAAAACCAAA,1
GTTTTGAATATAACCA,1
GTTTTGAGAGCAAACT,1
GTTTTGAGCAGTTACA,1
GTTTTGAGTAAAAGAG,1
GTTTTGATGTACCAGT,1
GTTTTGCAATTCGGCC,1
GTTTTGCAGCACAAAA,1
GTTTTGCATCATAAAA,1
GTTTTGCCAACAAGCT,1
GTTTTGCCCACTAAGC,1
GTTTTGCCCGCTAAGT,1
GTTTTGCTAGACCAAG,1
GTTTTGCTATAGAGTT,1
GTTTTGCTGTACAAGT,1
GTTTTGTAACGACACC,1
GTTTTGTTCAACGTAG,1
GTTTTGTTCATCGGAG,1
GTTTTTAACAACGAGA,1
GTTTTTACAAAGTGTT,1
GTTTTTACACATTGTT,1
GTTTTTACACGGTGTT,1
GTTTTTAGCATACACA,1
GTTTTTAGCCCAAAAA,1
GTTTTTATACAGTGTT,1
GTTTTTATATTCCTAA,1
GTTTTTCAAAACGAGA,1
GTTTTTCACAACCAGA,1
GTTTTTCAGCATAAAA,1
GTTTTTCTAACACCAT,1
GTTTTTGATCAATGGG,1
GTTTTTGTAAAGCTGT,1
GTTTTTTCAACGCTAT,1
GTTTTTTCTCAATTAC,1
GTTTTTTTAACCAGAG,1
TAAAAAAAACCGCCAC,1
TAAAAAAACACCCGTT,1
TAAAAAAACAGGAGCT,1
TAAAAAAACTCATACC,1
TAAAAAAAGACATACC,1
TAAAAAAAGCATTAAT,1
TAAAAAAAGCCCGATA,1
TAAAAAAAGCCCTTTG,1
TAAAAAAAGCGGAGCT,1
TAAAAAAAGGGGAAAA,1
TAAAAAAAGTGTGAAA,1
TAAAAAAATCCATTTG,1
TAAAAAAATCCTTTTG,1
TAAAAAAATGGCAAAA,1
TAAAAAACACTTTTTT,1
TAAAAAACCAAAACGA,1
TAAAAAACCCAGGGAA,1
TAAAAAACCCCTGGAA,1
TAAAAAACGCTGAAGT,1
TAAAAAACGGAATGCG,1
TAAAAAACGGGCCACC,1
TAAAAAACTGACAAAC,1
TAAAAAACTGTAAAAA,1
TAAAAAACTTAAAAAG,1
TAAAAAACTTCTACGA,1
TAAAAAAGAAATTGTG,1
TAAAAAAGAACAAAGT,1
TAAAAAAGAAGTACTC,1
TAAAAAAGGAATGTCT,1
TAAAAAAGGTAAAGGT,1
TAAAAAAGGTGATACC,1
TAAAAAAGTATATAAC,1
TAAAAAATAAGTATTA,1
TAAAAAATACAAGACT,1
TAAAAAATATAAACCT,1
TAAAAAATGAAACAAA,1
TAAAAAATGAGTTCAC,1
TAAAAAATGGCCAAGA,1
TAAAAAATTAAATATT,1
TAAAAAATTATCCTGC,1
TAAAAAATTCTAAGCC,1
TAAAAAATTGCATTAG,1
TAAAAACAAATCGCCC,1
TAAAAACAAGGACCGG,1
TAAAAACAATGGATTT,1
TAAAAACAATGTTGAA,1
TAAAAACACACAACAG,1
TAAAAACACACCAAAG,1
TAAAAACACGCGACCG,1
TAAAAACACTCTTGCC,1
TAAAAACACTTTTGCA,1
TAAAAACACTTTTGCT,1
TAAAAACAGATCATTC,1
TAAAAACATACATACC,1
TAAAAACATTTGGTCA,1
TAAAAACCAACATGAG,1
TAAAAACCATTGGTAA,1
TAAAAACCCCAAATAG,1
TAAAAACCTAAGCCTA,1
TAAAAACCTATCCTGC,1
TAAAAACGATAGATTT,1
TAAAAACGATTTAACA,1
TAAAAACGCCATTAAA,1
TAAAAACGCTGCAATC,1
TAAAAACGGAGACCAC,1
TAAAAACGGATCGGGA,1
TAAAAACGTTATCATC,1
TAAAAACGTTATCCTG,1
TAAAAACTACGGGCAC,1
TAAAAACTAGTAGGCT,1
TAAAAACTGTAAATTG,1
TAAAAACTTATCCCGC,1
TAAAAACTTATCCTAC,1
TAAAAACTTCACAGTA,1
TAAAAACTTGTCTAGA,1
TAAAAACTTTATACGC,1
TAAAAAGAAGCTCCTA,1
TAAAAAGAATGTTCCT,1
TAAAAAGAATGTTCTT,1
TAAAAAGACAATATAA,1
TAAAAAGACACCACAG,1
TAAAAAGAGCAGTAAC,1
TAAAAAGATCGCTCAC,1
TAAAAAGCCAATACTG,1
TAAAAAGCCGATTCTC,1
TAAAAAGCGATCCCAA,1
TAAAAAGCGATTCACA,1
TAAAAAGGCCAAACAA,1
TAAAAAGGTCACACCA,1
TAAAAAGGTTGCCGAA,1
TAAAAAGTACTTGGAA,1
TAAAAAGTAGAAAAAC,1
TAAAAAGTATCTTTTT,1
TAAAAAGTCAATCAAC,1
TAAAAAGTGCTAATAA,1
TAAAAAGTGCTAGTAA,1
TAAAAAGTTCGATAAC,1
TAAAAAGTTTAAGTAA,1
TAAAAATAAATCAACT,1
TAAAAATAACATTGCC,1
TAAAAATAATCTCCAA,1
TAAAAATACAGAGCTC,1
TAAAAATACAGTTTGC,1
TAAAAATACTAATCCG,1
TAAAAATAGCTTCATG,1
TAAAAATAGTCTGATT,1
TAAAAATATATGTGGA,1
TAAAAATATCTCACGT,1
TAAAAATCAAAGCTTG,1
TAAAAATCACCAGACA,1
TAAAAATCACTGCAAG,1
TAAAAATCAGTAGGCT,1
TAAAAATCCCATACCT,1
TAAAAATCCGTAAATA,1
TAAAAATCGGCGTAGA,1
TAAAAATCTCTCCAAG,1
TAAAAATGACAATTAT,1
TAAAAATGACCGTCCT,1
TAAAAATGAGAATATT,1
TAAAAATGAGCAAGGT,1
TAAAAATTAATAGGCT,1
TAAAAATTAATCCTGC,1
TAAAAATTAGGTACGT,1
TAAAAATTAGTAGACT,1
TAAAAATTAGTAGGCC,1
TAAAAATTAGTATGCT,1
TAAAAATTCACAGAAC,1
TAAAAATTGGTAGGCT,1
TAAAACAAAACATACC,1
TAAAACAAATCAACGG,1
TAAAACAAGACGTACC,1
TAAAACAATACATCCG,1
TAAAACAATCAAAACT,1
TAAAACAATTCAAATC,1
TAAAACACACAACAAT,1
TAAAACACAGTGTAAG,1
TAAAACACATCCAATT,1
TAAAACACGCTTAAGT,1
TAAAACAGGCAAAGTC,1
TAAAACAGTGCGCATG,1
TAAAACAGTTCGCAGG,1
TAAAACCAAAGACTGG,1
TAAAACCAAATAGCCC,1
TAAAACCAAATCGCCT,1
TAAAACCAAATCTCCC,1
TAAAACCAATGCATAT,1
TAAAACCAATGTCTAT,1
TAAAACCAGAGAATGG,1
TAAAACCATACTAAAA,1
TAAAACCATCAGAAGA,1
TAAAACCATGTCTAGA,1
TAAAACCCAAAAAACA,1
TAAAACCCACATGATC,1
TAAAACCCGAAAAACA,1
TAAAACCCTGTCTAGA,1
TAAAACCGATAGTGCG,1
TAAAACCGCAATATAC,1
TAAAACCGTGTTAAAC,1
TAAAACCTAGTCTAGA,1
TAAAACCTCTGAAAAG,1
TAAAACCTTGTATAGA,1
TAAAACCTTGTCTAAA,1
TAAAACGAAAAAACAA,1
TAAAACGCTAAGTGTG,1
TAAAACGCTTAATACA,1
TAAAACGTAAACTATT,1
TAAAACGTAAGACGGT,1
TAAAACGTCAACCAAC,1
TAAAACGTCAATAAAC,1
TAAAACGTGCCGAATT,1
TAAAACGTTGTCTAGA,1
TAAAACTAAAACCTTA,1
TAAAACTAAATTCATT,1
TAAAACTAACTTAAGC,1
TAAAACTAATGAATAT,1
TAAAACTAATGTAAAA,1
TAAAACTACACCGTGT,1
TAAAACTACAGAGATC,1
TAAAACTATCAAAGCC,1
TAAAACTGATTAGACC,1
TAAAACTGCTTTACAG,1
TAAAACTTAAGAAAGA,1
TAAAACTTACATATAT,1
TAAAACTTACGACCAA,1
TAAAACTTATCTAGTG,1
TAAAACTTCAATCAAC,1
TAAAACTTTACAGATG,1
TAAAACTTTATACATT,1
TAAAACTTTCCGTACA,1
TAAAACTTTTACTGTC,1
TAAAAGAAACGGAACT,1
TAAAAGAAAGACACCA,1
TAAAAGAAATGGAAAT,1
TAAAAGAACATCATCT,1
TAAAAGAACGGTCCAA,1
TAAAAGAAGAATCAGA,1
TAAAAGAAGGGCGCAC,1
TAAAAGAAGTTACCCT,1
TAAAAGAATAGCGAAA,1
TAAAAGAATGGACAAT,1
TAAAAGAATGTGAAGA,1
TAAAAGACACAGTAAT,1
TAAAAGACCAAAAAGT,1
TAAAAGACCAATTTTG,1
TAAAAGACCCAAATCG,1
TAAAAGACCGTGGCCC,1
TAAAAGAGCTAAGTAA,1
TAAAAGATGCGATTAC,1
TAAAAGCAATTCTTTA,1
TAAAAGCATCAACTGT,1
TAAAAGCATGCTTCTA,1
TAAAAGCCATATCAAA,1
TAAAAGCCCCAATATG,1
TAAAAGCCTGCTCCCA,1
TAAAAGCGATTGGACA,1
TAAAAGCGCAACCATC,1
TAAAAGCGGAAACATA,1
TAAAAGCGGCATTAAA,1
TAAAAGCTAGTCTTTT,1
TAAAAGCTTACAAGAT,1
TAAAAGGAAAAACCAA,1
TAAAAGGAAAACCGAA,1
TAAAAGGACCAAACAG,1
TAAAAGGACCATCTCG,1
TAAAAGGATCAACTAT,1
TAAAAGGATCGACTCT,1
TAAAAGGCTCTGTTGA,1
TAAAAGGCTCTTTTGC,1
TAAAAGGTAACTTGTA,1
TAAAAGGTAATGACAG,1
TAAAAGGTGATAACTG,1
TAAAAGTAAATACCAC,1
TAAAAGTAGAAGGACC,1
TAAAAGTATTTCATAA,1
TAAAAGTCGGTCATAT,1
TAAAAGTCTTGCGATA,1
TAAAAGTCTTGCGATT,1
TAAAAGTGCAAATACA,1
TAAAAGTTCTACTACA,1
TAAAAGTTGACCATAG,1
TAAAAGTTGCCCATAC,1
TAAAAGTTGTCTCATC,1
TAAAAGTTTATCAGCA,1
TAAAATAAACAATTGC,1
TAAAATAACAAGCTTA,1
TAAAATAACAGGATGT,1
TAAAATAACCAAGTGA,1
TAAAATAACCCGTACC,1
TAAAATAAGACCTATA,1
TAAAATAAGATATAAA,1
TAAAATAAGATTTAAA,1
TAAAATAAGCACCCGT,1
TAAAATAATAAGATGT,1
TAAAATAATCTAAAAG,1
TAAAATACAACGCCAA,1
TAAAATACCAGATAAG,1
TAAAATAGAACAGCGT,1
TAAAATAGACATGGAT,1
TAAAATAGACTCTACA,1
TAAAATAGATACCAGT,1
TAAAATAGGACAGCGT,1
TAAAATATACAGCCAA,1
TAAAATATACGACTAT,1
TAAAATATCACACAGT,1
TAAAATATTCATTGAA,1
TAAAATCAACACCCGT,1
TAAAATCAATTCTTCA,1
TAAAATCATAGCTTCC,1
TAAAATCATTAAACCT,1
TAAAATCCCAGGAGCT,1
TAAAATCCCTTGCTGC,1
TAAAATCCTGTCTTAG,1
TAAAATCGAAATGAGG,1
TAAAATCGAGAAATAG,1
TAAAATCGCCATTAAA,1
TAAAATCGGAAGGGGA,1
TAAAATCGGCCGCGGA,1
TAAAATCGGCCGGGTA,1
TAAAATCGGCCGGTGA,1
TAAAATCGGCCGTGGA,1
TAAAATCGGGCGGGGA,1
TAAAATCGTCCGGGGA,1
TAAAATCGTTTCAGAG,1
TAAAATCTCGGTGCTG,1
TAAAATCTCGGTTCGG,1
TAAAATCTTTATTCAT,1
TAAAATCTTTGTAGTG,1
TAAAATGAGAGGATAT,1
TAAAATGAGATCCTCC,1
TAAAATGAGGAATCAC,1
TAAAATGATAGTATAT,1
TAAAATGCTACCAATT,1
TAAAATGGCATACAAT,1
TAAAATGGGCCGGGGA,1
TAAAATGTATGGATGA,1
TAAAATGTGATACAAT,1
TAAAATGTGGACCCAA,1
TAAAATTACTTGCTGC,1
TAAAATTAGACATCCA,1
TAAAATTAGAGGATTT,1
TAAAATTAGATCTGCA,1
TAAAATTAGCCTAAAG,1
TAAAATTAGTCCTGTT,1
TAAAATTATACAGATT,1
TAAAATTATACATTCA,1
TAAAATTATAGGATAT,1
TAAAATTCCTTGATGC,1
TAAAATTCCTTGCTGA,1
TAAAATTCGAGGGACA,1
TAAAATTCGTTGCTGC,1
TAAAATTCTTGTAGAA,1
TAAAATTGACGCATAT,1
TAAAATTGTCACCCTA,1
TAAAATTTACGCCAAC,1
TAAAATTTATGCCACC,1
TAAAATTTATTTTGAA,1
TAAACAAAAATGCATC,1
TAAACAAAAGAATATA,1
TAAACAAAAGTCAAAA,1
TAAACAAACAACTACT,1
TAAACAAAGATGCAGC,1
TAAACAAAGGGCCCCC,1
TAAACAACAAAATTTT,1
TAAACAACAACTCTCT,1
TAAACAACAATCGTCT,1
TAAACAACATAAAGCC,1
TAAACAACGTAAGAAG,1
TAAACAACTATCAAGT,1
TAAACAACTCGAAATC,1
TAAACAACTGGCCCAA,1
TAAACAAGAGGGCAAT,1
TAAACAAGAGGGCTAT,1
TAAACAAGAGGTCCAT,1
TAAACAAGATTCTAGT,1
TAAACAAGGTATGCAA,1
TAAACAATCAAACTCG,1
TAAACAATCCAACAAA,1
TAAACAATCTAAATCA,1
TAAACAATTGAGAGAA,1
TAAACACAAAAAAAAA,1
TAAACACAAAACAAAG,1
TAAACACACGGTTACC,1
TAAACACCCAAAATAG,1
TAAACACCGAAATTTT,1
TAAACACCGAGACCAC,1
TAAACACCGATTAGTG,1
TAAACACCGCAAGGGG,1
TAAACACGATTTGATG,1
TAAACACGGAGACAAC,1
TAAACACGGAGGCCAC,1
TAAACACGTTACTCTG,1
TAAACACTAAACATAA,1
TAAACACTCAATTATA,1
TAAACACTGAGACCAC,1
TAAACACTTCGACGCA,1
TAAACAGGCAAAACAA,1
TAAACAGTCAACCAAC,1
TAAACAGTCCAAACAA,1
TAAACATAAAAAATAA,1
TAAACATAACTCGGAA,1
TAAACATACTAAATTG,1
TAAACATAGCAAGACC,1
TAAACATATTGTGCAA,1
TAAACATCCGTCTGGT,1
TAAACATGAATTTAAG,1
TAAACATGCCAAACAA,1
TAAACATGGCCCTTAT,1
TAAACATTATGAGCCT,1
TAAACATTCCAACTAC,1
TAAACATTCCGGCTAC,1
TAAACATTCGAAGAAG,1
TAAACATTTCAGCTAC,1
TAAACCAAAACAGAAA,1
TAAACCAACACAATCA,1
TAAACCAAGAGATTTG,1
TAAACCAAGTATGATC,1
TAAACCAATGTAAGTC,1
TAAACCAATTGCTTGC,1
TAAACCACCTGTGAAA,1
TAAACCACCTGTGACC,1
TAAACCACGGGACTAA,1
TAAACCACGGTGATTT,1
TAAACCACGTAATAAG,1
TAAACCAGCCTTGGAA,1
TAAACCAGGCTCGGTT,1
TAAACCAGTTCTGAAT,1
TAAACCATGCCAGAGA,1
TAAACCATTGTCATAG,1
TAAACCCAGAGAATGG,1
TAAACCCCACCACTAA,1
TAAACCCGTTCGCCTT,1
TAAACCCTGCTCCGAT,1
TAAACCGAGCGTAACA,1
TAAACCGATCATTAAA,1
TAAACCGATTAAGCTA,1
TAAACCGGAATGAGGG,1
TAAACCGTGACATCCG,1
TAAACCTAAAGACGAA,1
TAAACCTAACTAGAGG,1
TAAACCTAATCAGAGA,1
TAAACCTACCGCAACA,1
TAAACCTAGCTCGAGG,1
TAAACCTAGGAAAGCG,1
TAAACCTATTAAAATT,1
TAAACCTGATACTAAA,1
TAAACCTGGTTGATGT,1
TAAACGAAGTCGTATG,1
TAAACGACACTATTAA,1
TAAACGACCATCGTCT,1
TAAACGAGACAGGGAC,1
TAAACGAGCAGCAGAA,1
TAAACGATGCTCGCCT,1
TAAACGATTATCATGC,1
TAAACGCAACCACTTG,1
TAAACGCAACCGAATA,1
TAAACGCCGTAGTATG,1
TAAACGCTAAGCATTG,1
TAAACGGCATGTAACT,1
TAAACGGGACGCCGCT,1
TAAACGGGTAACACAC,1
TAAACGGTACAGGAGT,1
TAAACGTAACTCGAGG,1
TAAACGTACCAATTGT,1
TAAACGTATACAGCTG,1
TAAACGTATACCGCTC,1
TAAACGTGCAGCCGGT,1
TAAACGTGTAAGCCAC,1
TAAACGTTTCGAGTAA,1
TAAACTAAAAAGATGT,1
TAAACTAAGAGAAAAC,1
TAAACTAATAAGATTT,1
TAAACTAATGAGATGT,1
TAAACTACAACAACCC,1
TAAACTACAAGGACTA,1
TAAACTACTTGTCATA,1
TAAACTAGGAGCACGT,1
TAAACTCAAAGGGTCC,1
TAAACTCAGCCCACAC,1
TAAACTCATAAGACCT,1
TAAACTCATCCCTTAA,1
TAAACTCATCGACACG,1
TAAACTGCGAGCGTAG,1
TAAACTGCTAGCGCAG,1
TAAACTGGCCATTTTA,1
TAAACTGGGGTCGTTA,1
TAAACTGGGTAAACAG,1
TAAACTGGGTGCATTC,1
TAAACTGTCGTATGTG,1
TAAACTGTGATCAAGA,1
TAAACTTACCAATGGT,1
TAAACTTACTAAAGGC,1
TAAACTTATAGGGACT,1
TAAACTTCACGTACCT,1
TAAACTTCCCTAATCA,1
TAAACTTGATGGCGAG,1
TAAACTTTGAGCACGC,1
TAAACTTTGGCAGATT,1
TAAAGAAAAAAATGCC,1
TAAAGAAAAAGATCCC,1
TAAAGAAAAAGATGTC,1
TAAAGAAAACCTCCCA,1
TAAAGAAAAGCTTTGA,1
TAAAGAAAAGTTGGAT,1
TAAAGAAAATAATGGG,1
TAAAGAAACAGTGAAG,1
TAAAGAAAGAGATGCC,1
TAAAGAAAGCCCGATA,1
TAAAGAAAGGGCAAAA,1
TAAAGAAATAATACAT,1
TAAAGAAATACACATG,1
TAAAGAAATGCAATTG,1
TAAAGAAATTAAAATC,1
TAAAGAACAGAATTGA,1
TAAAGAACATATAGTG,1
TAAAGAACCACACATC,1
TAAAGAACCTTTTGAT,1
TAAAGAACGGATAAAA,1
TAAAGAACGGATAGTG,1
TAAAGAACTACCGTAA,1
TAAAGAACTGGAGACT,1
TAAAGAACTGGAGTCT,1
TAAAGAACTGGATCCT,1
TAAAGAACTTATTCCA,1
TAAAGAAGAAAAACTA,1
TAAAGAAGACCTTAGT,1
TAAAGAAGGGTAAACA,1
TAAAGAAGTACGTACT,1
TAAAGAATAGTTGATC,1
TAAAGAATGATATTTA,1
TAAAGAATTGGGCAGA,1
TAAAGACACACATGTA,1
TAAAGACACACCACAG,1
TAAAGACATACATGTC,1
TAAAGACATCTGAGGC,1
TAAAGACCACAGATCT,1
TAAAGACCCAATAATC,1
TAAAGACCGTTATCTC,1
TAAAGACGACCGTCAC,1
TAAAGACGCGAGAGCT,1
TAAAGACGTACGCTTA,1
TAAAGACGTCGGTAAT,1
TAAAGACTACTAAAAC,1
TAAAGACTATACTGAT,1
TAAAGACTATCCTATT,1
TAAAGACTCCGCCGAA,1
TAAAGACTGATTACAA,1
TAAAGACTTGGTAAGC,1
TAAAGAGAGCCGCTCA,1
TAAAGAGATACAAATG,1
TAAAGAGATACGCATG,1
TAAAGAGCCCACACAA,1
TAAAGAGGTTAACTTG,1
TAAAGAGGTTATCCAA,1
TAAAGAGGTTATCTCA,1
TAAAGAGGTTATTCCA,1
TAAAGAGTACAGTAAC,1
TAAAGAGTATAGCTAC,1
TAAAGAGTGGACTACA,1
TAAAGATAAATACAAA,1
TAAAGATAACACAACA,1
TAAAGATAACACAATA,1
TAAAGATAACATCCCT,1
TAAAGATAAGAAACTA,1
TAAAGATACAATATAA,1
TAAAGATCCCAAATGA,1
TAAAGATCCCAAATGC,1
TAAAGATCCCACCGAA,1
TAAAGATCGGACAATC,1
TAAAGATCTACAACCT,1
TAAAGATCTACTTAAA,1
TAAAGATCTTATTCCC,1
TAAAGATTATAATTAC,1
TAAAGATTCAAATGAT,1
TAAAGATTGGGCTGAG,1
TAAAGCAACAGAGTTA,1
TAAAGCAAGAAGATTA,1
TAAAGCAATGAGATTA,1
TAAAGCACAGAGGCTA,1
TAAAGCACCAACCTCA,1
TAAAGCACCTCGAACG,1
TAAAGCACGCCTACAA,1
TAAAGCACTAGATTGT,1
TAAAGCACTGCTTTTA,1
TAAAGCATAGGTTTAC,1
TAAAGCATATATACCT,1
TAAAGCCAAATCGCCC,1
TAAAGCCAAGAGAAAA,1
TAAAGCCACCAACCTA,1
TAAAGCCAGAGTACAT,1
TAAAGCCCAAGCGAGA,1
TAAAGCCCAAGGTAGA,1
TAAAGCCCGAATAGAA,1
TAAAGCCTAGGTGAGA,1
TAAAGCCTCACATAAA,1
TAAAGCCTCGAATGAC,1
TAAAGCGAACCGTAAA,1
TAAAGCGCATTCAAGG,1
TAAAGCGCGTTCAAGT,1
TAAAGCGCGTTCAATG,1
TAAAGCTAAAGAGAAC,1
TAAAGCTATAAGATTA,1
TAAAGCTCAGACTCCT,1
TAAAGCTCGGACTGTC,1
TAAAGCTCGTAGGAAG,1
TAAAGCTGAATACGAG,1
TAAAGCTTGTTTAATG,1
TAAAGGAACACTATAA,1
TAAAGGAACTGAAATT,1
TAAAGGAAGACAGTGC,1
TAAAGGAGGACTTGAT,1
TAAAGGAGTTACCAAC,1
TAAAGGATGGTCATTT,1
TAAAGGATTCTCAACA,1
TAAAGGATTTTTGGTA,1
TAAAGGCAAATTATTC,1
TAAAGGCATACCACTT,1
TAAAGGCATCATACAA,1
TAAAGGCCGCGTGACC,1
TAAAGGCGGCGAATCC,1
TAAAGGCGTGACATAA,1
TAAAGGCTAGTCTCTT,1
TAAAGGCTAGTCTTTA,1
TAAAGGCTAGTCTTTC,1
TAAAGGCTATTCTTTT,1
TAAAGGCTTGATCCTC,1
TAAAGGGAAACACAAC,1
TAAAGGGACAAACAAC,1
TAAAGGGTCCAAGAGA,1
TAAAGGTAACGACGCC,1
TAAAGGTCATACTAAC,1
TAAAGGTCTAAATTAG,1
TAAAGGTGTTGAACGA,1
TAAAGGTTCAAATGGT,1
TAAAGTAAGCAGACAA,1
TAAAGTAATTAAGTTA,1
TAAAGTAATTTACTGC,1
TAAAGTACCAATCCCT,1
TAAAGTAGAATAACTT,1
TAAAGTATACGTGGTG,1
TAAAGTATCAATTATC,1
TAAAGTATTAGCACAC,1
TAAAGTATTAGTACAA,1
TAAAGTCAACATTCCA,1
TAAAGTCAAGTTACTT,1
TAAAGTCACACGCCAA,1
TAAAGTCACACGTAAA,1
TAAAGTCATACGATCA,1
TAAAGTCATGATCCAG,1
TAAAGTCCAGGAGTAC,1
TAAAGTCGGCCGGTGA,1
TAAAGTCTAGTCTTTT,1
TAAAGTCTGTGATTAA,1
TAAAGTGAGCCATAAT,1
TAAAGTGCGACATCGC,1
TAAAGTGCGATACAGG,1
TAAAGTGGTGACTCAG,1
TAAAGTGTTCAATCCG,1
TAAAGTTAAATTTCCC,1
TAAAGTTAAATTTGCC,1
TAAAGTTAACAATAAG,1
TAAAGTTAAGATGCAC,1
TAAAGTTATCCCACGT,1
TAAAGTTGACACGACC,1
TAAAGTTGATACGACA,1
TAAAGTTTAAGGCGGG,1
TAAAGTTTCGAACCAA,1
TAAAGTTTTAAAGTAA,1
TAAATAAAAAGCAATT,1
TAAATAAAACTAACAG,1
TAAATAAAGAAACCTT,1
TAAATAAAGGGAGGGT,1
TAAATAAAGGGAGTAT,1
TAAATAACAGATAGTG,1
TAAATAACCATAAAAG,1
TAAATAACCTTTCAGA,1
TAAATAACGGACCACA,1
TAAATAACGGATACAA,1
TAAATAACGTTTCCGA,1
TAAATAACTGTTATAA,1
TAAATAACTTATTCCC,1
TAAATAAGAATAAACA,1
TAAATAAGACAATAAT,1
TAAATAAGACCCTACT,1
TAAATAAGCACGACTG,1
TAAATAAGCAGGCTCA,1
TAAATAAGCAGGTTAA,1
TAAATAAGCGTGAATA,1
TAAATAAGGTAGCAAA,1
TAAATAATACCATTCC,1
TAAATAATAGAAAAAG,1
TAAATAATATCTACCC,1
TAAATAATCCAGAAAA,1
TAAATAATGGAGATGG,1
TAAATAATGGCAAAAT,1
TAAATAATTACAACAT,1
TAAATAATTGCTACAA,1
TAAATACAACAAGAGC,1
TAAATACAAGCACTAA,1
TAAATACAAGGACAGA,1
TAAATACACAAGTAGC,1
TAAATACATATCACAA,1
TAAATACCCCAAATAG,1
TAAATACCCTAGCTAG,1
TAAATACCGCACTGAA,1
TAAATACCGTCTTGAC,1
TAAATACGGGCGGTAA,1
TAAATACGTTATCCAG,1
TAAATACTAAATGGAC,1
TAAATACTGCGAAGAC,1
TAAATAGACTGTACCG,1
TAAATAGATAGATACG,1
TAAATAGCAGCCGAAC,1
TAAATAGCGTCCAATA,1
TAAATAGCGTTGTCGC,1
TAAATAGCTGGCAACC,1
TAAATAGGACGAAAAG,1
TAAATAGGACGCAAAT,1
TAAATAGGAGGCAAAG,1
TAAATAGGCGGACCCG,1
TAAATAGGCGGCTAAT,1
TAAATAGGTAACAAAA,1
TAAATAGGTAGGCATA,1
TAAATAGGTTATACAA,1
TAAATAGGTTATCCCA,1
TAAATAGTACGCAAAG,1
TAAATATAACACAGTA,1
TAAATATATGACTGAA,1
TAAATATATGCCTAAG,1
TAAATATATGTCTGAA,1
TAAATATATTCCTGAA,1
TAAATATCATTACATT,1
TAAATATCATTACGAT,1
TAAATATCCTCTGGAG,1
TAAATATCGAAATCAA,1
TAAATATCTAACAACC,1
TAAATATGATACTTCA,1
TAAATATGGTCATTTA,1
TAAATATGTACAGCTA,1
TAAATATTTATATGCG,1
TAAATATTTCACATAG,1
TAAATATTTCATTATG,1
TAAATCAAAACATCTA,1
TAAATCAAAATCTATT,1
TAAATCAAAATTTCAA,1
TAAATCAAGAAAACTT,1
TAAATCAAGAAACCTC,1
TAAATCAAGCGAAATA,1
TAAATCAATGTTCACG,1
TAAATCAATTGTGAGG,1
TAAATCACAGCCTACT,1
TAAATCACAGTATTCA,1
TAAATCACCATGGATT,1
TAAATCACCCTTGATT,1
TAAATCACTTCATACC,1
TAAATCAGCAGATGCT,1
TAAATCAGGCCGGACG,1
TAAATCAGGGTAAGAA,1
TAAATCAGTCCCAGTA,1
TAAATCATATTCAATC,1
TAAATCATGACAACAA,1
TAAATCATTACAATAA,1
TAAATCATTGCAACAA,1
TAAATCCAATCGCTGG,1
TAAATCCAATGGAGTT,1
TAAATCCAGGCTAGCA,1
TAAATCCCAAACTAAA,1
TAAATCCCAAATGGAC,1
TAAATCCCCCATAGGC,1
TAAATCCCCTGAGTCT,1
TAAATCCGACTTACAC,1
TAAATCCGATCCGTTT,1
TAAATCCGGCCGGAAG,1
TAAATCCGGTAATCCA,1
TAAATCCGGTAATCCT,1
TAAATCCGGTCTTGAC,1
TAAATCCTAAATGGAT,1
TAAATCGCACCCTAGA,1
TAAATCGGAACGCCAA,1
TAAATCGTAACTGAAG,1
TAAATCGTATTTGGTT,1
TAAATCTAAACTATAC,1
TAAATCTAACTCGAGG,1
TAAATCTACAAAAAAA,1
TAAATCTACATAGTCG,1
TAAATCTATAAGCTCA,1
TAAATCTATATGCTAA,1
TAAATCTATCCTAACC,1
TAAATCTCACCCTAGC,1
TAAATCTCCCACCGAA,1
TAAATCTCTTTGAAAA,1
TAAATCTCTTTGAGGA,1
TAAATCTGAAAGGGGC,1
TAAATCTGAGTTACCG,1
TAAATCTGGACATCGA,1
TAAATCTGTATGCTCA,1
TAAATCTTGAAAACAG,1
TAAATCTTGATTCATT,1
TAAATGAAACCACGTA,1
TAAATGAAACTTCAAC,1
TAAATGAAATCTGAAC,1
TAAATGAACATTCATC,1
TAAATGAACGAAAAAA,1
TAAATGAAGAAAGACC,1
TAAATGAAGGGAACGC,1
TAAATGAATCCATACT,1
TAAATGACATTAGACG,1
TAAATGACGCGAGCTT,1
TAAATGAGTAGCTCAA,1
TAAATGATCCTTGGAT,1
TAAATGCTCTTGAATG,1
TAAATGCTTACTACGA,1
TAAATGCTTATACCAC,1
TAAATGCTTCACCATT,1
TAAATGCTTTGAAAGT,1
TAAATGGAGTTGAATA,1
TAAATGGATTTAAATA,1
TAAATGGCAGACGGTT,1
TAAATGGCCAAGAAAT,1
TAAATGGCGTTGCAAA,1
TAAATGGGTAACCACG,1
TAAATGGGTACCTCAA,1
TAAATGGGTAGATCAA,1
TAAATGGTAATACTTT,1
TAAATGGTTGCAAACA,1
TAAATGTAAATTTTTG,1
TAAATGTAACTCTAAC,1
TAAATGTATAATAACC,1
TAAATGTCTATCACAA,1
TAAATGTCTTTAGGAC,1
TAAATGTGACAGATTC,1
TAAATGTGGAGAATTG,1
TAAATGTTAATAATTT,1
TAAATGTTACAGAGAA,1
TAAATGTTAGTACTTT,1
TAAATTAAAAGATCGA,1
TAAATTAAACGATCTA,1
TAAATTAAACGGTCGA,1
TAAATTAACGGCATCG,1
TAAATTAAGAACTCAT,1
TAAATTAAGTACTAAA,1
TAAATTAATGAATTAA,1
TAAATTAATTACTAAG,1
TAAATTAATTAGATCA,1
TAAATTACACCGACTT,1
TAAATTACACTGGTCT,1
TAAATTAGGATAAAAT,1
TAAATTATAACAACTT,1
TAAATTATCAATGATC,1
TAAATTATTCCGCGCT,1
TAAATTCAAACCCGAT,1
TAAATTCAAGCTAAAA,1
TAAATTCAATAGCTGG,1
TAAATTCAATCGCTGC,1
TAAATTCAATCGCTTG,1
TAAATTCAATCTCTGG,1
TAAATTCAATTTAAAA,1
TAAATTCACAGATGTG,1
TAAATTCACATCACAA,1
TAAATTCAGTCGCTGG,1
TAAATTCATGTGAACC,1
TAAATTCCCGGGCGGC,1
TAAATTCCTCCCGAGG,1
TAAATTCCTCCCTAGA,1
TAAATTCCTTTAGCCG,1
TAAATTCCTTTCACCG,1
TAAATTCCTTTCGCAG,1
TAAATTCGAACCGCCA,1
TAAATTCGCCCACTCC,1
TAAATTCGGCCGGGGA,1
TAAATTCGTTATCTGC,1
TAAATTCTATGAAATC,1
TAAATTCTATGGGGGA,1
TAAATTCTCAGGCCAA,1
TAAATTCTTACAGAAG,1
TAAATTCTTTACCACA,1
TAAATTGAACTAACAG,1
TAAATTGACAGTCCAA,1
TAAATTGACCAGAATC,1
TAAATTGACGGGAAAA,1
TAAATTGCACCTACAA,1
TAAATTGGGCGTACTG,1
TAAATTGTCAAGCTAA,1
TAAATTTAAAACATAA,1
TAAATTTAACCATAAA,1
TAAATTTACGGCATCG,1
TAAATTTCATTCAATA,1
TAAATTTCCTTTCGTC,1
TAAATTTTAATACTTT,1
TAAATTTTACTACAAC,1
TAAATTTTATACAGAA,1
TAAATTTTATGTACAT,1
TAAATTTTCTACATAA,1
TAAATTTTTATGGTCT,1
TAAATTTTTATGTTCA,1
TAACAAAAAACGCCCT,1
TAACAAAAATCCTTGA,1
TAACAAAACCACATTC,1
TAACAAAACGGCGAAC,1
TAACAAAAGATAGACC,1
TAACAAAAGCCGCCCT,1
TAACAAAATCGGCATA,1
TAACAAACACCTATAG,1
TAACAAACCATCCGAG,1
TAACAAACCATCCTCG,1
TAACAAACCCTGGCAA,1
TAACAAACCGAAAAGT,1
TAACAAAGAGTCCCAC,1
TAACAAATACACATCT,1
TAACAAATACACCTCC,1
TAACAAATAGCACATC,1
TAACAAATCATTAAGG,1
TAACAAATGCATGGAG,1
TAACAAATGGGTCGTA,1
TAACAAATTGCATTAT,1
TAACAAATTGCGTTAG,1
TAACAAATTGTATTAG,1
TAACAAATTGTTGACC,1
TAACAACAATAAAAGT,1
TAACAACAATAAACTG,1
TAACAACACTAAGCCA,1
TAACAACAGCAGAATT,1
TAACAACAGCCTTTGG,1
TAACAACAGGAGCTTG,1
TAACAACAGTCACCAA,1
TAACAACAGTTGATTC,1
TAACAACATAACCTAA,1
TAACAACATTAACCAA,1
TAACAACCAGCTAGAA,1
TAACAACCATCACGCA,1
TAACAACCCTGACATG,1
TAACAACGAGCCACTA,1
TAACAACGGAAGAGTC,1
TAACAACTACACTTGT,1
TAACAACTATACGTTG,1
TAACAACTCCTTAAGT,1
TAACAACTCTAATACG,1
TAACAACTCTCCATGC,1
TAACAACTGAAAGAGT,1
TAACAACTGAACAACA,1
TAACAACTGCACAACG,1
TAACAACTGTCTCAAA,1
TAACAAGAAGTAACTG,1
TAACAAGAATACAGTG,1
TAACAAGAATTAACTA,1
TAACAAGACTGTCCTC,1
TAACAAGATATTCAAC,1
TAACAAGATCAAACAA,1
TAACAAGCATAATAGA,1
TAACAAGCATAATATT,1
TAACAAGCTAAGAGGG,1
TAACAAGGGCTGACGG,1
TAACAAGGGCTGGCGG,1
TAACAAGGTGCCATGA,1
TAACAAGGTGCCATTC,1
TAACAAGGTTCCATGC,1
TAACAAGTCTACGGTC,1
TAACAAGTCTCCAAGT,1
TAACAAGTGACATAAA,1
TAACAATAAAAGGACT,1
TAACAATAAACTTAGC,1
TAACAATAAGGATACA,1
TAACAATAATAATACA,1
TAACAATAGAATCCAG,1
TAACAATAGACCATGT,1
TAACAATAGACTCCAT,1
TAACAATAGACTCCGG,1
TAACAATATACTTTAG,1
TAACAATATATCCAAC,1
TAACAATCAGCTTCTT,1
TAACAATCATAATAGA,1
TAACAATCCAAAATGG,1
TAACAATGAAACAACT,1
TAACAATGACACACAC,1
TAACAATGACCTTCCT,1
TAACAATGAGCACCTG,1
TAACAATGGCACTCAC,1
TAACAATTACACTAAT,1
TAACAATTATCAAAGC,1
TAACAATTCGGTCCCA,1
TAACAATTGCAATCTT,1
TAACACAACTACAAAA,1
TAACACAAGACCGTTA,1
TAACACAATGCATGGT,1
TAACACACAAAGGTAT,1
TAACACACAAAGTTAC,1
TAACACACAAATGACT,1
TAACACACAAATGTAC,1
TAACACACAATGGTCC,1
TAACACACACATAAAC,1
TAACACACAGAAAATC,1
TAACACACAGGTAACA,1
TAACACACGTCTCTTT,1
TAACACAGCGGAAAAG,1
TAACACAGTATATATC,1
TAACACAGTGCGGAGT,1
TAACACAGTGTCCGAC,1
TAACACATAAATCATT,1
TAACACATACTACCCT,1
TAACACCAGAGAATGG,1
TAACACCAGCAGATAA,1
TAACACCCAGATAGAA,1
TAACACCCAGGCAAGA,1
TAACACCCATCTACTT,1
TAACACCCATCTAGAA,1
TAACACCCCAGGAGCT,1
TAACACCCTCTAATGA,1
TAACACCGAAGGCCTC,1
TAACACCGATAACCCA,1
TAACACCTCAATCATA,1
TAACACCTTGACCGCT,1
TAACACCTTGTAGCGT,1
TAACACGAATGTCCTC,1
TAACACGACTGTACTC,1
TAACACGACTGTCATC,1
TAACACGACTGTCCCT,1
TAACACGACTGTCCTG,1
TAACACGATCTAAGTA,1
TAACACGATTGTCCTC,1
TAACACGCAAAATACA,1
TAACACGCAGGCGATA,1
TAACACGCAGGGGAAA,1
TAACACGGAATGAGGG,1
TAACACGGACCAACAA,1
TAACACGGATGAAGTA,1
TAACACGGATTACGTG,1
TAACACGTTCGTATAG,1
TAACACTAAGCACCAG,1
TAACACTACTGTCCTC,1
TAACACTCCTACAACA,1
TAACACTCGGTCATAT,1
TAACACTGCCCGCAGG,1
TAACACTGGAGAAAAC,1
TAACACTGTTGTATAC,1
TAACACTTAGAACTAG,1
TAACACTTCCAATTTC,1
TAACACTTCTTGTGTT,1
TAACAGAAACGTGGAC,1
TAACAGAACGCAGAAA,1
TAACAGAAGCACAGCC,1
TAACAGAATACATACA,1
TAACAGAATAGTATAA,1
TAACAGAATCATGGAC,1
TAACAGAATCGTTGAC,1
TAACAGAATGACGGAA,1
TAACAGAATGCCTATG,1
TAACAGAATGGTGGAC,1
TAACAGACAATACTCA,1
TAACAGACATAATCAA,1
TAACAGACATAATGCT,1
TAACAGAGCTAACGTC,1
TAACAGAGCTACAACA,1
TAACAGATACAGAAGT,1
TAACAGATCATAAGAC,1
TAACAGATCTACGGTC,1
TAACAGATGTTTGAAG,1
TAACAGCAAGAGCCAA,1
TAACAGCACACAAGTT,1
TAACAGCACCAGAATT,1
TAACAGCAGGCCTATG,1
TAACAGCATGCCCATG,1
TAACAGCATGCCTACG,1
TAACAGCATGCCTATA,1
TAACAGCATGCCTATC,1
TAACAGCATGCCTATT,1
TAACAGCATTCACCAA,1
TAACAGCCATAATGAT,1
TAACAGCCATAATTCT,1
TAACAGCCCCGACATG,1
TAACAGCCCTAACATG,1
TAACAGCCCTGAAATG,1
TAACAGCCCTGACACG,1
TAACAGCCCTTACATG,1
TAACAGCCCTTACATT,1
TAACAGCCGTGACATG,1
TAACAGCTGAAAACTC,1
TAACAGCTGAAGATCA,1
TAACAGCTGCTTGAAG,1
TAACAGCTGTTTCAAG,1
TAACAGGAGGATGAAT,1
TAACAGGCCTACGGTC,1
TAACAGGGTAACTTGA,1
TAACAGGGTGAATACC,1
TAACAGGGTTATTAAA,1
TAACAGGGTTTTTAAA,1
TAACAGGTAACTCATC,1
TAACAGGTCTACGATC,1
TAACAGGTCTACTGTC,1
TAACAGGTCTTACAAA,1
TAACAGGTGCGTATAG,1
TAACAGGTGTACGGTC,1
TAACAGTACCGACACA,1
TAACAGTATGCGCAAA,1
TAACAGTATGTTGCTT,1
TAACAGTATTCGTACC,1
TAACAGTCAAAGTACA,1
TAACAGTCAGTCATAT,1
TAACAGTCCAAGTAAA,1
TAACAGTCCAAGTACG,1
TAACAGTCGGTAATAT,1
TAACAGTCGGTCATAC,1
TAACAGTCTGTCATAT,1
TAACAGTCTGTCGACC,1
TAACAGTGATATCAGT,1
TAACAGTTGGTCATAT,1
TAACATAAAGCTGGGT,1
TAACATAAATCGTAGC,1
TAACATAAATGAATTC,1
TAACATAATACATCCA,1
TAACATAATACGACAA,1
TAACATAATCGCCATG,1
TAACATACAAAGGTAC,1
TAACATACACAATACA,1
TAACATACATAATTTG,1
TAACATACATCACTTC,1
TAACATACCACATCAG,1
TAACATACTGTACCAG,1
TAACATAGATCTCTAA,1
TAACATAGCTACGGAT,1
TAACATAGTAAAATGT,1
TAACATATACTACCTT,1
TAACATATGAGCTCTG,1
TAACATATGGCCATGC,1
TAACATATTTCCTATG,1
TAACATCAAGTCCCTA,1
TAACATCAATAACCCA,1
TAACATCACAGGAGCT,1
TAACATCACCGCCATG,1
TAACATCAGCATCTGG,1
TAACATCAGCATTCGG,1
TAACATCAGCATTTGT,1
TAACATCATCATTTGG,1
TAACATCATCGACATG,1
TAACATCATCGCCACG,1
TAACATCATCGTCATG,1
TAACATCATGCCTATG,1
TAACATCCAAACAACT,1
TAACATCCAAAGAGCT,1
TAACATCCATAATTCG,1
TAACATCCATAATTGG,1
TAACATCCCAGCAGCC,1
TAACATCCCAGGAGAT,1
TAACATCCCAGGATCT,1
TAACATCCCTGACATG,1
TAACATCCGAGGAGCT,1
TAACATCCGATCCAAA,1
TAACATCCGTAATTTG,1
TAACATCCGTAGCTCA,1
TAACATCCTTTATCCA,1
TAACATCGAGGCGCAG,1
TAACATCGCACAAACT,1
TAACATCGTGGCTCAG,1
TAACATCGTTCGTGGA,1
TAACATCTTGAACATT,1
TAACATCTTGGTAATC,1
TAACATCTTTATACAA,1
TAACATGAATAATACA,1
TAACATGACGGAATTA,1
TAACATGATAGATGAC,1
TAACATGCGAAGACGA,1
TAACATGCGTCACTTC,1
TAACATGCTTCCACCG,1
TAACATGGACAATACA,1
TAACATGGTAACCGTA,1
TAACATGTCCATGAAG,1
TAACATGTCTACGGTC,1
TAACATTAAAACTTTC,1
TAACATTAACGTGTAG,1
TAACATTACAACAATG,1
TAACATTAGCCTGAAG,1
TAACATTATCGCCATG,1
TAACATTATTAACTGC,1
TAACATTCAACTTGTT,1
TAACATTCGGGCTAAC,1
TAACATTCGGTCATAT,1
TAACATTCTATAACGA,1
TAACATTGCCTGATCA,1
TAACATTGTTATGACA,1
TAACATTTACTTGCGG,1
TAACATTTCTGAGGAA,1
TAACATTTGCTTGCGG,1
TAACATTTTGAACATG,1
TAACATTTTGATACCA,1
TAACCAAAACACATCT,1
TAACCAAAACCTGTCG,1
TAACCAAAACGTACCC,1
TAACCAAAACGTACGT,1
TAACCAAAACGTACTT,1
TAACCAAAAGGTACTG,1
TAACCAAAATCAGACG,1
TAACCAAACAACATTC,1
TAACCAAACCCGACCA,1
TAACCAAACCGCATTC,1
TAACCAAACTAAGGGC,1
TAACCAAAGCCACCAA,1
TAACCAAATATTATCA,1
TAACCAACAACGTAAT,1
TAACCAACAATGTAAG,1
TAACCAACGATGTATT,1
TAACCAACTGACAGGA,1
TAACCAAGACTGACGT,1
TAACCAAGGTATAGTA,1
TAACCAAGTCTAACCT,1
TAACCAAGTGAGTATC,1
TAACCAAGTGTAATCC,1
TAACCAAGTTGTTGAT,1
TAACCAATACACCTCT,1
TAACCAATACCATTCC,1
TAACCAATACCTCCTT,1
TAACCAATCCGACCAA,1
TAACCAATGAATAGTA,1
TAACCACAACGAGTAA,1
TAACCACAATTGTCAT,1
TAACCACATCCATCAA,1
TAACCACATTCATCAG,1
TAACCACCGCGTAACC,1
TAACCACGACCAGGAG,1
TAACCACGATCATCAT,1
TAACCACGATTATTGA,1
TAACCACGATTCTTTA,1
TAACCACGGATTGTGC,1
TAACCACGTATCACAA,1
TAACCACTATACATTG,1
TAACCACTATTCTTGA,1
TAACCACTCTCTAGCT,1
TAACCACTGTTGACCC,1
TAACCAGAACCAAAAA,1
TAACCAGCTATTGTTA,1
TAACCAGGAACATGTA,1
TAACCAGGAACATGTT,1
TAACCAGGAATGAGGG,1
TAACCAGGAATTGACT,1
TAACCAGGAATTGCCC,1
TAACCAGGCCATCTCA,1
TAACCAGTCACTCTCC,1
TAACCAGTTATAACTG,1
TAACCAGTTCGTCAAT,1
TAACCATAAAATTAGC,1
TAACCATAAATCCAAC,1
TAACCATAGATCCAAC,1
TAACCATAGATTTCAA,1
TAACCATAGTAATCGC,1
TAACCATATAAATGCT,1
TAACCATATACGGTGT,1
TAACCATATATCCAAT,1
TAACCATATATCCTAC,1
TAACCATATTCATCAA,1
TAACCATCCTAATCCA,1
TAACCATCTCGGAACA,1
TAACCATGAATTGCCT,1
TAACCATGTACACGGT,1
TAACCATTGGCATCCA,1
TAACCATTTACTCAAG,1
TAACCCAAACACATCC,1
TAACCCAAGAGAATGG,1
TAACCCAAGAGAGTAA,1
TAACCCAATAAGCAAC,1
TAACCCAATGGAGATT,1
TAACCCACCAACAACC,1
TAACCCACCTAAACAG,1
TAACCCACGACACGTG,1
TAACCCACGACAGCAG,1
TAACCCACGGATACTC,1
TAACCCAGAAGTAGGT,1
TAACCCAGACGTAAGT,1
TAACCCAGACTTAGGT,1
TAACCCAGGCGTAGGT,1
TAACCCAGGTAGAGCC,1
TAACCCAGGTAGAGTA,1
TAACCCAGGTAGATTC,1
TAACCCAGGTATAGTC,1
TAACCCATTAACACTA,1
TAACCCCACATTCATC,1
TAACCCCACCACATAG,1
TAACCCCAGAGAATAG,1
TAACCCCAGAGAATGT,1
TAACCCCAGAGGATGG,1
TAACCCCAGATAATGG,1
TAACCCCAGGGAATGG,1
TAACCCCATAGAATGG,1
TAACCCCATTACCTTT,1
TAACCCCGCACAAACT,1
TAACCCCGCGAAGATT,1
TAACCCCGGATGAGTT,1
TAACCCCGGATTAGTG,1
TAACCCCGGGCACTCC,1
TAACCCCTACCTTGTA,1
TAACCCCTAGAGATTA,1
TAACCCCTGACAATGT,1
TAACCCCTGAGAATGG,1
TAACCCCTTAGCAGTA,1
TAACCCGAAAAAACGA,1
TAACCCGAGCCCCTAC,1
TAACCCGATTGTGTAT,1
TAACCCGGAATAACTT,1
TAACCCGGAATAAGGG,1
TAACCCGGAATGAGTG,1
TAACCCGGAATGATGG,1
TAACCCGGAATGGGGG,1
TAACCCGGGATGAGGG,1
TAACCCGTAGATTTAC,1
TAACCCGTGATCACTA,1
TAACCCGTTATCACCA,1
TAACCCTAACACATAG,1
TAACCCTACCTCATAG,1
TAACCCTACTCTTCGT,1
TAACCCTCACAGATAA,1
TAACCCTCGTATCCTT,1
TAACCCTTATCTTGTA,1
TAACCCTTCAATTCTT,1
TAACCCTTGTACATGT,1
TAACCGAAAAAGAACC,1
TAACCGAAGGTTACGC,1
TAACCGAAGTTCGTAC,1
TAACCGAAGTTGGTAC,1
TAACCGAATACCTGCA,1
TAACCGAATATAATCT,1
TAACCGACAGCATCTA,1
TAACCGACATTGGTAC,1
TAACCGACTTTGGTAC,1
TAACCGAGACGAAAGC,1
TAACCGAGCTAACGTC,1
TAACCGCACCAATAAA,1
TAACCGCACCCAATGT,1
TAACCGCATAAATAAA,1
TAACCGCCAAAACGGA,1
TAACCGCCACCAATGT,1
TAACCGCGTCTGAATT,1
TAACCGCTCACTGAAT,1
TAACCGCTGTTTGAAG,1
TAACCGCTTTCTAGAG,1
TAACCGGACATATGAA,1
TAACCGGATAACACAC,1
TAACCGGGTAACACAA,1
TAACCGGGTAACATAC,1
TAACCGGGTAGCACAC,1
TAACCGGGTCCACAAT,1
TAACCGTAGGCACGAG,1
TAACCGTCTCTCACCC,1
TAACCGTGAAACGTAA,1
TAACCGTGGGCACGAT,1
TAACCGTGGGTACGAG,1
TAACCTAAATGGACCC,1
TAACCTAACAACAACC,1
TAACCTAAGACCAAGG,1
TAACCTAAGACTATGG,1
TAACCTAATTCAAAAT,1
TAACCTACCAACAACA,1
TAACCTACCAACAAGC,1
TAACCTAGCTTTATAG,1
TAACCTATGAAGATCA,1
TAACCTCAATGTTTAT,1
TAACCTCACACAAACT,1
TAACCTCACAGATGTG,1
TAACCTCCAAAACTGT,1
TAACCTCCAGCCCAAG,1
TAACCTCCCACAAACT,1
TAACCTCCTAGTATTT,1
TAACCTCCTATAGTGT,1
TAACCTCGCAAAAACT,1
TAACCTCGCACAAACG,1
TAACCTCGCACAAAGT,1
TAACCTCGCACAAGCT,1
TAACCTCTCACAAACT,1
TAACCTCTCGTACATA,1
TAACCTCTTTTTACAC,1
TAACCTGAATAGACTT,1
TAACCTGACAGTCCAA,1
TAACCTGAGATTTTCT,1
TAACCTGAGCTAATAT,1
TAACCTGATAGTTGTA,1
TAACCTGATGATGCAG,1
TAACCTGCAAGACGAC,1
TAACCTGCCAGACGAT,1
TAACCTGCCTAAAAAA,1
TAACCTGCCTACGAAA,1
TAACCTGCCTGACGAC,1
TAACCTGCGGTAGGCC,1
TAACCTGCGTACAAAA,1
TAACCTGGATGAGGCA,1
TAACCTGGTAAGTACA,1
TAACCTGTTGATAAGC,1
TAACCTTAAGGTTTAT,1
TAACCTTAGTCATCAA,1
TAACCTTATACAGACC,1
TAACCTTCATACCCAT,1
TAACCTTCATGGCACC,1
TAACCTTCCCGCCAAG,1
TAACCTTCCGGCAAAG,1
TAACCTTCTGGCCAAG,1
TAACCTTGAGGCACGA,1
TAACCTTTAATATATA,1
TAACCTTTATACGTCT,1
TAACCTTTCTCGCGAA,1
TAACGAAAAAACTATG,1
TAACGAAAAACACATT,1
TAACGAAACACTAGAT,1
TAACGAAACACTCATT,1
TAACGAAACGCTAGAG,1
TAACGAAAGAATTTTT,1
TAACGAACAATAGTTT,1
TAACGAACCACGAAGG,1
TAACGAACCCGCACTC,1
TAACGAACTTGGTCAA,1
TAACGAACTTTACACT,1
TAACGAACTTTGTCAC,1
TAACGAAGAAAATACC,1
TAACGAAGATTTCCTC,1
TAACGAATCACAGTAA,1
TAACGAATTAGGATAG,1
TAACGACAATAATTAC,1
TAACGACCACACTAAA,1
TAACGACCGGACAATC,1
TAACGACCTGATTTCA,1
TAACGACTAAAACATG,1
TAACGACTCCGCCGAG,1
TAACGACTCCGCCTAA,1
TAACGACTGCAGAACA,1
TAACGACTTGAAATTT,1
TAACGACTTGGTGAGC,1
TAACGAGACTTATAAT,1
TAACGAGAGAAAGTTC,1
TAACGAGATTATACGT,1
TAACGAGCAGTCTGAA,1
TAACGAGCCCCGAGAA,1
TAACGAGCGCATACGG,1
TAACGAGCTTGGTCAC,1
TAACGAGTAAACTCGA,1
TAACGAGTCTGGAGTA,1
TAACGAGTGACTTGAC,1
TAACGATAAAAAAAAG,1
TAACGATAATAAGACA,1
TAACGATAGAAACAAG,1
TAACGATAGAACTCGG,1
TAACGATATAAATCGG,1
TAACGATATAACTCAG,1
TAACGATATAACTCGT,1
TAACGATCGCTTCTCC,1
TAACGATCGGACAATA,1
TAACGATCGGGCAATC,1
TAACGATGGGGACAAA,1
TAACGATTAATATCTT,1
TAACGATTGCAGATGA,1
TAACGCAAAATGCTAT,1
TAACGCAACCCAATAG,1
TAACGCACAAAGGTAC,1
TAACGCACCACAAATC,1
TAACGCACCTCTCCTT,1
TAACGCCACTCCCGCT,1
TAACGCCCATAGGAAA,1
TAACGCGAATCCACTG,1
TAACGCGAATTAGACT,1
TAACGCGGAACTTGAT,1
TAACGCGTAACGCAAA,1
TAACGCGTATTGGATG,1
TAACGCGTCGTCATAC,1
TAACGCGTGAATCATA,1
TAACGCTAAAAACCCG,1
TAACGCTAACCTAAAC,1
TAACGCTCGGAATGTC,1
TAACGCTCGGACCGTC,1
TAACGCTCGGACTTTC,1
TAACGCTGATACCAAC,1
TAACGCTGCTTTGCCG,1
TAACGCTGTACGCATT,1
TAACGCTTCACCCAGT,1
TAACGGAAAGGTATAT,1
TAACGGACGCGCTAAA,1
TAACGGAGGTACCAAC,1
TAACGGAGTTGCAGAG,1
TAACGGAGTTGCCAAC,1
TAACGGATAATAAAGA,1
TAACGGATGGTTTACC,1
TAACGGCCCTGACATG,1
TAACGGGACACCTTAA,1
TAACGGGGAGAGGGGC,1
TAACGGGGTAACACAC,1
TAACGGGGTTACCAAC,1
TAACGGGGTTGTAGAG,1
TAACGGTTCATATTCA,1
TAACGTAAAAATAACA,1
TAACGTAAGACTAAGG,1
TAACGTAAGCAAATCC,1
TAACGTACACCATATA,1
TAACGTACCGAAAAGA,1
TAACGTCAAACTAACA,1
TAACGTCAAACTAATA,1
TAACGTCACAACTTTT,1
TAACGTCACATAGAAC,1
TAACGTCATGTTAAGA,1
TAACGTCCATCCAATA,1
TAACGTCCCAAATTTT,1
TAACGTCCCAACTCTT,1
TAACGTCCCAACTTCT,1
TAACGTCCCAACTTTC,1
TAACGTCCGAACTTTT,1
TAACGTCCGTCAAATA,1
TAACGTCCGTCCAACA,1
TAACGTCGCAGATATA,1
TAACGTGAAATCGACA,1
TAACGTGACTCGCGTC,1
TAACGTGGAAGTATAT,1
TAACGTGTCTTAAAAC,1
TAACGTTAGAAAATAA,1
TAACGTTAGGTCAAGC,1
TAACGTTAGTTTTAGG,1
TAACGTTATTTTTATG,1
TAACGTTCCTTAGTCA,1
TAACGTTCCTTCGTCG,1
TAACGTTCGTTCGTCA,1
TAACGTTCTAATCAGG,1
TAACTAAAATTCAACA,1
TAACTAAATGTTACAT,1
TAACTAAATTTTCCAT,1
TAACTAACAATGGACT,1
TAACTAAGAGATCAAT,1
TAACTAAGAGATCTAT,1
TAACTAAGATTAAACA,1
TAACTAATAATGGAAT,1
TAACTAATACCATTCA,1
TAACTAATACCATTTC,1
TAACTAATAGTATTCA,1
TAACTAATGATGGACT,1
TAACTACAAGGTCCAC,1
TAACTACACCTCAAAC,1
TAACTACAGATACAGA,1
TAACTACAGTTAGACC,1
TAACTACCTACCTATA,1
TAACTACTCAATAATC,1
TAACTACTCCGCCGAA,1
TAACTATAACGACATC,1
TAACTATAAGTTGTCC,1
TAACTATATACGACCC,1
TAACTATGAAAAACCC,1
TAACTATGACCCCTCT,1
TAACTATGAGATACGG,1
TAACTATGATATAAGC,1
TAACTATGGCAGTTGC,1
TAACTATGGTAGAAGC,1
TAACTATTACCTGAAG,1
TAACTATTCACACAAT,1
TAACTATTCTCACGAT,1
TAACTATTCTCGCAAT,1
TAACTATTTCAACTGT,1
TAACTATTTGGAAAAA,1
TAACTCAAACCTGTTC,1
TAACTCAACGGTTAAA,1
TAACTCAACTAGCAAG,1
TAACTCACATCCGTTT,1
TAACTCACCGCATAAT,1
TAACTCATAACAATAG,1
TAACTCATATAGCTAC,1
TAACTCATCCATAAAT,1
TAACTCATGACACGGA,1
TAACTCATGACGAGGT,1
TAACTCATGCCACGTA,1
TAACTCATGCCACTGA,1
TAACTCCACCTAAAAT,1
TAACTCCCATCCTTTT,1
TAACTCCCCCAGTCAG,1
TAACTCCCGAAATCAA,1
TAACTCCTTCAACTGT,1
TAACTCGAAGGACTAA,1
TAACTCGCTTACTTAG,1
TAACTCTAGACCTACA,1
TAACTCTATACCCACA,1
TAACTCTATACCTAAA,1
TAACTCTATACCTACT,1
TAACTCTATATCTACA,1
TAACTCTCCTTTGAAA,1
TAACTCTGAACACACG,1
TAACTCTGACAATCGT,1
TAACTCTGTACGTATT,1
TAACTCTTGTAAAAAA,1
TAACTCTTGTGAAAAA,1
TAACTCTTTCAACTGC,1
TAACTGAAAATTCGAA,1
TAACTGACAGCATAAA,1
TAACTGACCTGGAACA,1
TAACTGACTATCATTG,1
TAACTGAGCAATATTC,1
TAACTGAGGATCTCAG,1
TAACTGAGTATGTAGA,1
TAACTGAGTATGTGGC,1
TAACTGAGTGGACTTA,1
TAACTGAGTTACCAAC,1
TAACTGATAATGAGTG,1
TAACTGATACCCTGTG,1
TAACTGATTATAATTG,1
TAACTGATTATCATTT,1
TAACTGCCCCATAAAA,1
TAACTGCCTTTTATTA,1
TAACTGCTATTAGTAC,1
TAACTGCTCAGAACTT,1
TAACTGCTCCGAACCT,1
TAACTGCTCTACGGCC,1
TAACTGGATACAAAAC,1
TAACTGGCAACAACGA,1
TAACTGGGAGATCACG,1
TAACTGTAAGATCACG,1
TAACTGTACGCCATTC,1
TAACTGTAGCAATTAG,1
TAACTGTCACATAAAG,1
TAACTGTCTAAAAAAG,1
TAACTGTTAACGTCCA,1
TAACTGTTAATAACTG,1
TAACTGTTACATGCTT,1
TAACTTAAATGATATC,1
TAACTTAACGCTTAAA,1
TAACTTAAGACAAGTC,1
TAACTTAATGCGGGAT,1
TAACTTAATTAATTAT,1
TAACTTACATTCCAAA,1
TAACTTACCAACAACC,1
TAACTTACTCGATTGC,1
TAACTTATCCATGTAG,1
TAACTTATCTGTTTAA,1
TAACTTATTAACTGGG,1
TAACTTCACAGATGAG,1
TAACTTCACAGATGTT,1
TAACTTCACAGATTTG,1
TAACTTCAGAGATGTG,1
TAACTTCATAGAGTGA,1
TAACTTCATCCAAGAT,1
TAACTTCCACGTGCAC,1
TAACTTCCCCGTGCGC,1
TAACTTCCCCGTTCAC,1
TAACTTCCTCGTGCAC,1
TAACTTCGTGCCTACT,1
TAACTTCTATAAAAGG,1
TAACTTCTGAGGTCCA,1
TAACTTCTGGGTATGA,1
TAACTTGAAAGTTAAT,1
TAACTTGAATTTGTCG,1
TAACTTGACAGTCAAA,1
TAACTTGCACTTAAGA,1
TAACTTGGTTTCATGG,1
TAACTTTAAGGACTAA,1
TAACTTTACAGAAGAG,1
TAACTTTACAGCAGAG,1
TAACTTTACAGGAGGG,1
TAACTTTACCCCATTC,1
TAACTTTAGAGGAGAG,1
TAACTTTCATAACTAG,1
TAACTTTCGTCACAGA,1
TAACTTTCTGCACAGA,1
TAACTTTGAGACAATA,1
TAACTTTGGCAGTTTC,1
TAACTTTGGTAGTTGC,1
TAACTTTGTCAGTTGC,1
TAACTTTTAATACAAC,1
TAACTTTTACTACAAA,1
TAACTTTTGAGCAATT,1
TAACTTTTTGCAAAGA,1
TAACTTTTTTCACAGA,1
TAAGAAAAAAAGAATA,1
TAAGAAAAAAAGCGTT,1
TAAGAAAACACTTGAA,1
TAAGAAAACAGACAAT,1
TAAGAAAACGAGACAT,1
TAAGAAAACGTCTGTA,1
TAAGAAAAGGACAATG,1
TAAGAAAATGTTTAAT,1
TAAGAAACAAACGGGT,1
TAAGAAACACAGTCAA,1
TAAGAAACCGTATACT,1
TAAGAAACGCATGTTC,1
TAAGAAACTATGCAAC,1
TAAGAAACTCTTAACC,1
TAAGAAAGACGGCCCT,1
TAAGAAAGATATCTGC,1
TAAGAAAGGGCAGACT,1
TAAGAAAGGGTCCGAG,1
TAAGAAAGGGTTCTGG,1
TAAGAAATAAATCCAA,1
TAAGAAATATTTATTC,1
TAAGAAATCAAACCGT,1
TAAGAAATCGTTAAAC,1
TAAGAAATCTTGACCG,1
TAAGAAATGATATCAA,1
TAAGAAATTACCAGGA,1
TAAGAAATTGAACCTT,1
TAAGAAATTGAGGACA,1
TAAGAAATTGTCTACC,1
TAAGAACAACGCATAA,1
TAAGAACAATGAGCAT,1
TAAGAACACAAACAAT,1
TAAGAACACAAACTAA,1
TAAGAACACATAAGCC,1
TAAGAACACATACAAT,1
TAAGAACACTTTTGCC,1
TAAGAACAGACGAGCT,1
TAAGAACAGCCGAACT,1
TAAGAACAGCCGATCT,1
TAAGAACAGCGCCCAC,1
TAAGAACAGGACAATA,1
TAAGAACAGGACTATG,1
TAAGAACATAGACAAT,1
TAAGAACATAGCCCAC,1
TAAGAACATCACCCAC,1
TAAGAACATCGCACAC,1
TAAGAACATCGCCCAT,1
TAAGAACATTGGTGAA,1
TAAGAACATTGTTAAA,1
TAAGAACCATCAGGGA,1
TAAGAACCTCTATAAG,1
TAAGAACGAAAGCTTC,1
TAAGAACGATAACTTC,1
TAAGAACGATAGCTCC,1
TAAGAACGATAGCTTA,1
TAAGAACGGATCTTAT,1
TAAGAACGGATTTTAT,1
TAAGAACGGGTGTTAT,1
TAAGAACGGTAGCTTC,1
TAAGAACGGTGTAGCC,1
TAAGAACTAAACTTTG,1
TAAGAACTACACAAAG,1
TAAGAACTATAGCTTC,1
TAAGAACTATCTTACA,1
TAAGAAGAAAAAAACA,1
TAAGAAGAAAACCTCT,1
TAAGAAGAAAAGAATG,1
TAAGAAGACACAGAGG,1
TAAGAAGACCCAGCCT,1
TAAGAAGAGATATCTA,1
TAAGAAGAGATCCCAA,1
TAAGAAGAGTATATGA,1
TAAGAAGCTATCCCAA,1
TAAGAAGGAAAGGTGA,1
TAAGAAGGAGCATAGA,1
TAAGAAGGAGCCCACG,1
TAAGAAGGAGCCTATA,1
TAAGAAGGATCCTAGA,1
TAAGAAGTAGCCTAGA,1
TAAGAAGTCACATGTT,1
TAAGAATACGGCTCAG,1
TAAGAATAGCATGAAA,1
TAAGAATAGGGAAATA,1
TAAGAATATCACGTCA,1
TAAGAATCAAAGCGAA,1
TAAGAATCGATCCCAA,1
TAAGAATGAAAAGATA,1
TAAGAATGAACACCGA,1
TAAGAATGACCAGACA,1
TAAGAATGGTCATCCT,1
TAAGAATTAACAAATT,1
TAAGAATTAGATAACT,1
TAAGAATTTAGACAAT,1
TAAGAATTTTCACCCA,1
TAAGACAAAACAAAAA,1
TAAGACAAACTTCAGG,1
TAAGACAAAGTATCAA,1
TAAGACAAATGAAATG,1
TAAGACAACCGAGCAG,1
TAAGACAACCGATGAT,1
TAAGACAACGCTTAAG,1
TAAGACAACGTATGTA,1
TAAGACACAAACACGC,1
TAAGACACGCAGCGGT,1
TAAGACACGCTCGACG,1
TAAGACAGAAAATACA,1
TAAGACAGGTGACTTG,1
TAAGACAGTACGTATC,1
TAAGACATAAATAAGC,1
TAAGACATAACCAAAA,1
TAAGACCAAATCGAAA,1
TAAGACCAATTCATAC,1
TAAGACCACAGAATAA,1
TAAGACCACGCAGCCT,1
TAAGACCAGCACAAAA,1
TAAGACCATAACAAGA,1
TAAGACCATAGGGAAT,1
TAAGACCATTACTGCA,1
TAAGACCCAACCTCTT,1
TAAGACCCAAGTGATG,1
TAAGACCTACATGCAA,1
TAAGACCTCTAAACCC,1
TAAGACCTCTACACCA,1
TAAGACCTCTACACCT,1
TAAGACCTCTACATCC,1
TAAGACCTTTAAGAAA,1
TAAGACGAAAAAGTTG,1
TAAGACGAAAACGAAG,1
TAAGACGCTCTATATG,1
TAAGACGCTTCGCCGG,1
TAAGACGGAAATCATA,1
TAAGACGGAATCATAA,1
TAAGACGGAGAACGAG,1
TAAGACGGGTATATGG,1
TAAGACGGTACTTGCA,1
TAAGACGGTGTTCAAA,1
TAAGACGTCAGCGGAC,1
TAAGACGTCATCGGAT,1
TAAGACGTGTCACCTC,1
TAAGACTACATATGGA,1
TAAGACTCTAGTTCAT,1
TAAGACTGCCGGATAT,1
TAAGACTGCTAATTGA,1
TAAGACTGTCGGTACT,1
TAAGACTTATTTTAAA,1
TAAGAGAAACTCGCTG,1
TAAGAGAAATGGGGAT,1
TAAGAGAAGCACCCTC,1
TAAGAGACACCACTCT,1
TAAGAGACACTCCCTG,1
TAAGAGACACTCGCTT,1
TAAGAGAGTATAAAAA,1
TAAGAGATAAAAGAAT,1
TAAGAGATCTTCGGGC,1
TAAGAGCACAGACAAT,1
TAAGAGCACCACTGAG,1
TAAGAGCAGCAAAAAA,1
TAAGAGCCCAAACTAA,1
TAAGAGCGATAGCTTC,1
TAAGAGCTGCACGGCT,1
TAAGAGCTGTTTGAAG,1
TAAGAGGAATGCAAAT,1
TAAGAGGCAAACCAAA,1
TAAGAGTACCTTCCAA,1
TAAGAGTAGTGAGGCA,1
TAAGAGTATATCCAGT,1
TAAGAGTCTAGATTAC,1
TAAGAGTGACAGCCCG,1
TAAGAGTGGGAATACA,1
TAAGAGTGTATTAAAC,1
TAAGAGTTACCAAATT,1
TAAGAGTTATTACTAG,1
TAAGAGTTTAACTTAG,1
TAAGATAAAAAATCAA,1
TAAGATAAACCCCCCC,1
TAAGATAAGCTGACTA,1
TAAGATAAGCTGATGA,1
TAAGATAAGCTGGCGA,1
TAAGATACAACAAAGG,1
TAAGATACCTTCCCAG,1
TAAGATACTACTATGT,1
TAAGATAGCCACTCTA,1
TAAGATAGCTCAAAAA,1
TAAGATAGTAACAAGG,1
TAAGATATTACTACAG,1
TAAGATCAAAGGCCGT,1
TAAGATCATAAGCTAA,1
TAAGATCATCTACCTA,1
TAAGATCCGAATAAAA,1
TAAGATCGAAATTGAA,1
TAAGATCGATAGCTTC,1
TAAGATCGTTTAATTA,1
TAAGATGCTTCCAAAT,1
TAAGATGCTTTAAAAT,1
TAAGATGGCCATATCA,1
TAAGATTATCCAAACA,1
TAAGATTATTGGCTTA,1
TAAGATTCGGTGGCAT,1
TAAGATTGCGAATACA,1
TAAGATTGTAACTTAG,1
TAAGATTTTAATCATA,1
TAAGATTTTACACTCA,1
TAAGATTTTGAGAGTA,1
TAAGCAAAAGAGGTAA,1
TAAGCAAAAGATGTAT,1
TAAGCAAAGCTATCAA,1
TAAGCAAAGCTATGCA,1
TAAGCAAAGGAGGTAT,1
TAAGCAAATAACAGTG,1
TAAGCAACAAACGGCG,1
TAAGCAACAAACGTGT,1
TAAGCAACCTCACCAT,1
TAAGCAACGACATATA,1
TAAGCAACTGAGATAT,1
TAAGCAAGAGAAGGAA,1
TAAGCAAGAGGGCCAT,1
TAAGCAAGGCTATCCA,1
TAAGCAATCAATTATA,1
TAAGCAATGTAATATA,1
TAAGCAATTAAACCTT,1
TAAGCAATTAGTATAC,1
TAAGCAATTCAACCTT,1
TAAGCAATTGAACCTA,1
TAAGCAATTGAATCTT,1
TAAGCACAGACGACCG,1
TAAGCACATGAAGCTC,1
TAAGCACGGAGACCAC,1
TAAGCACTAAATTATA,1
TAAGCACTAAGTCAGT,1
TAAGCACTATTGTTAT,1
TAAGCACTCAATTGTA,1
TAAGCACTCACTTATA,1
TAAGCACTTAGTCAGA,1
TAAGCAGAATTAACGT,1
TAAGCAGACAGGAATA,1
TAAGCAGAGCAAGACC,1
TAAGCAGATACGTTAC,1
TAAGCAGCTTCGCCGG,1
TAAGCAGTAAGCTTAA,1
TAAGCAGTCAACCTAC,1
TAAGCAGTGTCACCTC,1
TAAGCATAAACGAATT,1
TAAGCATAACTCTTTA,1
TAAGCATAGGCTACCT,1
TAAGCATATATCCAAC,1
TAAGCATATTTTTGCC,1
TAAGCATCCAAAACAG,1
TAAGCATCGAACAACA,1
TAAGCATTAGACAACC,1
TAAGCCAAATCTGATC,1
TAAGCCAAATTACATT,1
TAAGCCACAATACGAA,1
TAAGCCAGAAAATACA,1
TAAGCCAGCCTTAGAA,1
TAAGCCATCAATGCGG,1
TAAGCCATCTCCCTTG,1
TAAGCCATTATTAAAA,1
TAAGCCCAACGTTGAA,1
TAAGCCCAACTGAATA,1
TAAGCCCAGATTCACA,1
TAAGCCCATACCTCGG,1
TAAGCCCCGACTCTAC,1
TAAGCCCCGATTCGCA,1
TAAGCCCCTCAGATGG,1
TAAGCCCGACTTAAGG,1
TAAGCCCTACTAAGAA,1
TAAGCCCTAGAGAGTA,1
TAAGCCCTCTCGCTTA,1
TAAGCCGACTGTAATC,1
TAAGCCGCTTATACGA,1
TAAGCCGCTTTGCCGG,1
TAAGCCTAGATATAAA,1
TAAGCCTAGGCATTGT,1
TAAGCCTGAAACAAAA,1
TAAGCCTGCGATTGGG,1
TAAGCGAAGACTCTAA,1
TAAGCGAATGCATGGT,1
TAAGCGACCGCAAGCA,1
TAAGCGACGCTCGGAC,1
TAAGCGAGGTTGAAAT,1
TAAGCGAGTTCGAAAT,1
TAAGCGAGTTTCAAAT,1
TAAGCGAGTTTTAAAT,1
TAAGCGATATACATAT,1
TAAGCGATGAACCCAC,1
TAAGCGATGTACATCT,1
TAAGCGATTGAACCTT,1
TAAGCGATTTACATCT,1
TAAGCGCAAAAAAGAT,1
TAAGCGCAACTAACTT,1
TAAGCGCCATTATCGA,1
TAAGCGCTACAATAGT,1
TAAGCGTAGTCCAATT,1
TAAGCGTATTAAAAAA,1
TAAGCGTATTGGCCAC,1
TAAGCGTATTTACCAC,1
TAAGCTAAGACTAAGG,1
TAAGCTAATTACGATT,1
TAAGCTACCATAATTA,1
TAAGCTACTATTGTGC,1
TAAGCTAGAAACCAAT,1
TAAGCTAGAATACTAT,1
TAAGCTAGCAAAGTAA,1
TAAGCTAGTGGGTGGC,1
TAAGCTAGTTTTCTAC,1
TAAGCTATATGAACCC,1
TAAGCTCAAAAAGGAA,1
TAAGCTCATCAGATGG,1
TAAGCTCCGCAGATGG,1
TAAGCTCCTAACCGGC,1
TAAGCTCCTGGAACAG,1
TAAGCTCCTTAGATGG,1
TAAGCTCGATAAATAC,1
TAAGCTCTGAAACTGG,1
TAAGCTGAAGGTATAT,1
TAAGCTGAATGACAAA,1
TAAGCTGAATGTATAA,1
TAAGCTGAGCAGACAT,1
TAAGCTGATGGTATAA,1
TAAGCTGGATGCCACT,1
TAAGCTGTGCCCTAAT,1
TAAGCTGTTTGTGTCA,1
TAAGCTTATAGTGACT,1
TAAGCTTGAACAAACA,1
TAAGCTTGAACCAAAA,1
TAAGCTTGAACGAACA,1
TAAGCTTGGACCAACA,1
TAAGCTTTACGGATGG,1
TAAGCTTTCGAGCATT,1
TAAGCTTTTAACCTTC,1
TAAGGAAAAATGGTTT,1
TAAGGAAATATCTTTG,1
TAAGGAACAATGTCAG,1
TAAGGAACACGAGAGT,1
TAAGGAATAATAAGTT,1
TAAGGAATAATCGAGG,1
TAAGGAATAGCTGCAT,1
TAAGGAATGACGTGAT,1
TAAGGAATTGAACCTT,1
TAAGGACAGCATTCCG,1
TAAGGACCCATCACCC,1
TAAGGACGAATCATTC,1
TAAGGACTAATATCGT,1
TAAGGAGACATACAAT,1
TAAGGAGAGCAATATG,1
TAAGGAGAGTGGCACA,1
TAAGGAGCTTAAAATA,1
TAAGGAGGAGTTGAGT,1
TAAGGATACCATGCTT,1
TAAGGATACCGTGACT,1
TAAGGATCGCATCCAG,1
TAAGGATTAGATACCT,1
TAAGGATTCAAGGGTT,1
TAAGGCATATAATGCA,1
TAAGGCATTCTAGATA,1
TAAGGCCAGAACGATA,1
TAAGGCCAGCTATGAC,1
TAAGGCCCGCCCATCT,1
TAAGGCCTAATATAGT,1
TAAGGCCTAATCATCA,1
TAAGGCGGAAACCCAA,1
TAAGGCTATGGCGCCA,1
TAAGGCTGTCAGTACA,1
TAAGGCTGTCAGTATA,1
TAAGGCTTCAAGGCTA,1
TAAGGCTTCAAGTGTT,1
TAAGGGAAAAACGCAA,1
TAAGGGAAATCAAAAT,1
TAAGGGAAGTGTGAAT,1
TAAGGGATCCCTCAAA,1
TAAGGGCAAAGTAGTA,1
TAAGGGCCTGATTTCA,1
TAAGGGGAGATAGGGC,1
TAAGGGGAGATCGGGA,1
TAAGGGGAGATCGTGC,1
TAAGGGGAGCAAGATG,1
TAAGGGTAACGAATAA,1
TAAGGGTAGATCGGGC,1
TAAGGGTCGCCAAACA,1
TAAGGGTGAATATTAC,1
TAAGGGTTACCAAACA,1
TAAGGGTTGCCAGACA,1
TAAGGGTTGGATAGTC,1
TAAGGGTTTCTTTAAG,1
TAAGGTACAAACGCAA,1
TAAGGTACAGCGTATA,1
TAAGGTACATATAGCA,1
TAAGGTAGACTGTTTA,1
TAAGGTATTATCCAAT,1
TAAGGTATTGACAAGC,1
TAAGGTCAAAGGAACC,1
TAAGGTCACAGGATCT,1
TAAGGTCACGACACCA,1
TAAGGTCACGGGAACC,1
TAAGGTCACTACAGTA,1
TAAGGTCAGACGAAAA,1
TAAGGTCAGAGGAACC,1
TAAGGTCCCTAAAGTA,1
TAAGGTCCCTACCTAG,1
TAAGGTCTAGTCTCAA,1
TAAGGTCTAGTCTTAA,1
TAAGGTCTTATATGAT,1
TAAGGTCTTGACAATC,1
TAAGGTGAAGAAACGT,1
TAAGGTTAAAAATAAG,1
TAAGGTTAACAATAAA,1
TAAGGTTACTGTCGGG,1
TAAGGTTATCACACAC,1
TAAGGTTATCATACGC,1
TAAGGTTTCAACACAT,1
TAAGGTTTCACATCCT,1
TAAGGTTTGGATTGTG,1
TAAGTAAAACAAATCG,1
TAAGTAAAACCTGTTC,1
TAAGTAAACTCAAGAA,1
TAAGTAAAGATCACAA,1
TAAGTAACCAAAATTA,1
TAAGTAACCCATGAGC,1
TAAGTAAGAAGCTTTC,1
TAAGTAATAATGGACG,1
TAAGTAATAGACCGCT,1
TAAGTAATCCGTAGTT,1
TAAGTAATCCGTCTTT,1
TAAGTACAAGAATATA,1
TAAGTACATAGATCAA,1
TAAGTACATCATATTC,1
TAAGTACCATGAATTT,1
TAAGTACGAATAAAGT,1
TAAGTACGACAGCAGC,1
TAAGTACGGTACCCAA,1
TAAGTACGGTTAACGA,1
TAAGTACTGTAAACTC,1
TAAGTAGAATGCAGAT,1
TAAGTAGAGCAAGATG,1
TAAGTAGATCAGTCCT,1
TAAGTAGCGTACCCTC,1
TAAGTAGCTTTATCAG,1
TAAGTAGGAAAGGCGA,1
TAAGTAGGAAAGTTGA,1
TAAGTATAATGATGGT,1
TAAGTATACAAATCTT,1
TAAGTATACTCATCGA,1
TAAGTATCCAGGTATC,1
TAAGTATCCAGTAGTA,1
TAAGTATCCATTACTA,1
TAAGTATCCCCTGAAA,1
TAAGTATCCTTTACTA,1
TAAGTATCTATAATAA,1
TAAGTATGACCAGAAG,1
TAAGTATTGAGAAATG,1
TAAGTCAAACCTATTC,1
TAAGTCAAACCTTTTC,1
TAAGTCAAAGCTGTTC,1
TAAGTCAACGGAACCA,1
TAAGTCAACGGACTGC,1
TAAGTCAAGAGAAGGA,1
TAAGTCAAGAGGAGGC,1
TAAGTCACATAAGCAG,1
TAAGTCACTTAGCATA,1
TAAGTCATAAATTAGA,1
TAAGTCATCTTGCACA,1
TAAGTCATGTGGCACA,1
TAAGTCCAGCGATGTT,1
TAAGTCCCAATCATCG,1
TAAGTCCGCTAGAGAC,1
TAAGTCCGGAACCCAA,1
TAAGTCCTGTACCCAA,1
TAAGTCGAACCTGTTC,1
TAAGTCGAAGATGACG,1
TAAGTCGAAGATGTCT,1
TAAGTCGACCATTAAC,1
TAAGTCGATATAAGAC,1
TAAGTCGGATCTGGAA,1
TAAGTCGGGTCTGGCA,1
TAAGTCTACAGATCTT,1
TAAGTCTAGACGACTA,1
TAAGTCTCACACATCA,1
TAAGTCTCACGATAAT,1
TAAGTCTCGCATACAA,1
TAAGTCTGACAGTATT,1
TAAGTCTGACTTCTTC,1
TAAGTCTGTTGTAGGA,1
TAAGTCTTCAAGGGTT,1
TAAGTCTTCACAGTAT,1
TAAGTGAAAAATCAAG,1
TAAGTGAAAAATCTCC,1
TAAGTGAAACTATCCA,1
TAAGTGAATAATTCAA,1
TAAGTGAATCCCAAAA,1
TAAGTGAATCTGAGGT,1
TAAGTGACTGAGCCCC,1
TAAGTGCCAACATAAA,1
TAAGTGCGTATCCGTG,1
TAAGTGCTTAGGACTC,1
TAAGTGTAAACATCCC,1
TAAGTGTAATCCAATT,1
TAAGTGTACAAACTTA,1
TAAGTGTCGACGGACA,1
TAAGTGTCGACGTATA,1
TAAGTGTCTACGGATA,1
TAAGTTAAAACAACAT,1
TAAGTTAACCAAGCTC,1
TAAGTTAACCGCAAAC,1
TAAGTTAACGATACGA,1
TAAGTTAATTGGATCA,1
TAAGTTATACAAAAAA,1
TAAGTTATACTCCATA,1
TAAGTTATAGTAGTTG,1
TAAGTTCAACTATCAA,1
TAAGTTCAATCGCTGG,1
TAAGTTCAATTGATGA,1
TAAGTTCAGGGTAAGT,1
TAAGTTCCAACTGTTA,1
TAAGTTCCAGGAACAG,1
TAAGTTCCCCTCCTAG,1
TAAGTTCCCGGAACAG,1
TAAGTTCCCTTGCGGA,1
TAAGTTCCGGGAACAG,1
TAAGTTCCGTTGATGA,1
TAAGTTCCTGGAAAAG,1
TAAGTTCGAACTCAAA,1
TAAGTTCGGCTCAACA,1
TAAGTTCTCAATGACT,1
TAAGTTGATTCTACTC,1
TAAGTTGCCCGATCCC,1
TAAGTTGCGAATCGCC,1
TAAGTTGTCGATATGC,1
TAAGTTTAATGTCAAT,1
TAAGTTTACTAAAGCC,1
TAAGTTTAGCTCAACA,1
TAAGTTTAGTCCAATT,1
TAAGTTTCCTCCATAA,1
TAAGTTTCGTCGAGGT,1
TAAGTTTCTGGAACAG,1
TAAGTTTGTAGTAGGA,1
TAAGTTTGTTGTGGGA,1
TAAGTTTGTTTTAGGA,1
TAAGTTTTACACATAC,1
TAAGTTTTCTTACTCC,1
TAAGTTTTTAAAATAT,1
TAAGTTTTTACGCCCA,1
TAAGTTTTTTGTAGGA,1
TAATAAAAAACATCGA,1
TAATAAAAAACGATCC,1
TAATAAAAAATGTAAA,1
TAATAAAAAATTCGAG,1
TAATAAAAACGCCTTA,1
TAATAAAACACGACTT,1
TAATAAAACAGACCCG,1
TAATAAAACTATCTGA,1
TAATAAAAGAGCCTAA,1
TAATAAAAGATGTCAA,1
TAATAAAAGCGGCTTA,1
TAATAAAAGTCAATGC,1
TAATAAAATAGACTAA,1
TAATAAAATATCCTAA,1
TAATAAAATCGACTAA,1
TAATAAAATGGCCTAA,1
TAATAAACAGACAATA,1
TAATAAACCACATGGA,1
TAATAAACCCAACAAC,1
TAATAAACTACGCAGC,1
TAATAAAGAAGAGCAG,1
TAATAAAGAATCGCAT,1
TAATAAAGAATGTCAA,1
TAATAAAGACAACTGC,1
TAATAAAGACTCTCAT,1
TAATAAAGTAATAGAC,1
TAATAAAGTGTATTTG,1
TAATAAATACGTGCAA,1
TAATAAATCGAGTACT,1
TAATAAATGGCCAAGG,1
TAATAAATGTACACAG,1
TAATAAATGTCTAAGG,1
TAATAAATGTCTCAAA,1
TAATAAATTAATGCTA,1
TAATAAATTCTTGACC,1
TAATAAATTGTAAATT,1
TAATAACAACCGACTA,1
TAATAACAACCTTTGG,1
TAATAACAATAAGGCA,1
TAATAACACCCGAGGC,1
TAATAACACTGAGTAA,1
TAATAACACTTGATTC,1
TAATAACAGAAACCGA,1
TAATAACAGAAATTGA,1
TAATAACAGCAACTGA,1
TAATAACAGCCTTTGC,1
TAATAACAGGGCATCC,1
TAATAACATATAAACA,1
TAATAACCAGGTACAA,1
TAATAACCTAAGATTC,1
TAATAACCTCATTATC,1
TAATAACCTTTGCACC,1
TAATAACGACAATTAT,1
TAATAACGACGTCTAG,1
TAATAACGACTTCGAG,1
TAATAACGATAAGGTA,1
TAATAACGATAATCAC,1
TAATAACTAGAAAGTT,1
TAATAACTAGGACAAC,1
TAATAACTAGGGGATG,1
TAATAACTCAGTTTTA,1
TAATAACTGAAAACTC,1
TAATAACTGCCTCAAA,1
TAATAACTGCTAATTA,1
TAATAACTTCCTGACC,1
TAATAACTTGAGCGCA,1
TAATAAGAAATCGGAG,1
TAATAAGAACTTACAA,1
TAATAAGACATGGGAC,1
TAATAAGACCAACCAT,1
TAATAAGATACCATCA,1
TAATAAGATATATCCT,1
TAATAAGCAATGAAAA,1
TAATAAGCATACTCTT,1
TAATAAGGAGCCTAGA,1
TAATAAGGATTAGGAT,1
TAATAAGTACGTACCT,1
TAATAAGTAGGTCCAA,1
TAATAAGTCCACGCAA,1
TAATAAGTTACGAAGG,1
TAATAATAACCAGCGT,1
TAATAATAATAAGGTA,1
TAATAATACAAGTAAG,1
TAATAATAGAACTATA,1
TAATAATAGAACTCTT,1
TAATAATAGAGAAAAA,1
TAATAATCACGACTAA,1
TAATAATCATAACAAA,1
TAATAATCGTTCCACA,1
TAATAATGACGACTAA,1
TAATAATGAGACAGCC,1
TAATAATGCAACCTTT,1
TAATAATGTCACAAGG,1
TAATAATGTGACTAAG,1
TAATAATTAATGCGAA,1
TAATAATTAATGCGTA,1
TAATAATTCGAGGGTG,1
TAATAATTGGAAGCCT,1
TAATAATTGGCTGAAT,1
TAATAATTGGCTGGGA,1
TAATAATTTGCTGAGA,1
TAATAATTTTATAAAG,1
TAATAATTTTATAATA,1
TAATACAAAAAAATTA,1
TAATACAAAAGGGCCA,1
TAATACAAACTATTCA,1
TAATACAAAGCAATGT,1
TAATACAAAGCATGGT,1
TAATACAAGAAACTTA,1
TAATACAAGAATACCT,1
TAATACAAGCTGAAAT,1
TAATACAATAAGACCT,1
TAATACAATGAATGGT,1
TAATACAATGCCTATC,1
TAATACAATGGATGGT,1
TAATACAATGTACAAA,1
TAATACACAAAATGAT,1
TAATACACACTATTAA,1
TAATACACACTGTATA,1
TAATACACGTAATACG,1
TAATACACTCTAGACC,1
TAATACAGATGTAACA,1
TAATACAGTTACATTG,1
TAATACATACGCGAAC,1
TAATACATACGCGAAG,1
TAATACATAGAAAGAT,1
TAATACATGGAAAAAT,1
TAATACATTAAGTTGA,1
TAATACATTTGAGGAA,1
TAATACCAAAGGAAGA,1
TAATACCAAAGGGACA,1
TAATACCAAAGGGCCT,1
TAATACCAAAGGGTCA,1
TAATACCAACACCAAA,1
TAATACCACAAAGAAA,1
TAATACCACGGCTCTT,1
TAATACCACTGAATAA,1
TAATACCACTGAGCAA,1
TAATACCACTTAGTAA,1
TAATACCAGAGCATCC,1
TAATACCAGAGGGCCA,1
TAATACCAGGGCATCT,1
TAATACCCAAACGGAT,1
TAATACCCACGTTACT,1
TAATACCGAAAACATC,1
TAATACCGATTGGCAC,1
TAATACCGGAAATCGA,1
TAATACCGTTAAATTG,1
TAATACCGTTACATTC,1
TAATACCTAAACAATC,1
TAATACCTGATAGAGA,1
TAATACCTGTTCTAAA,1
TAATACGAAATCTTCG,1
TAATACGAACCTGAAT,1
TAATACGACTGTCCTC,1
TAATACGATGCATGGT,1
TAATACGCAAAGGATA,1
TAATACGGGAGCCAGG,1
TAATACGTAGGTCGAA,1
TAATACGTATGTCCAA,1
TAATACGTCATCGGAC,1
TAATACGTGCTACATA,1
TAATACGTGGGTCCAA,1
TAATACGTTCAAACAA,1
TAATACGTTCAAACAT,1
TAATACGTTTCAAGAG,1
TAATACTAACACTCGA,1
TAATACTAATGCCCAA,1
TAATACTACCACTCTA,1
TAATACTACTACTCGA,1
TAATACTACTGAGTAA,1
TAATACTAGAAAAATC,1
TAATACTAGAAACATG,1
TAATACTAGATTAAAA,1
TAATACTAGGTAATTG,1
TAATACTAGTAACATC,1
TAATACTAGTTCCTTG,1
TAATACTATATTATCA,1
TAATACTCAGACAATT,1
TAATACTCGCAAAACA,1
TAATACTCTTACAAGA,1
TAATACTCTTATAACA,1
TAATACTGACAGTATT,1
TAATACTGTAAACCAA,1
TAATACTGTTACAACA,1
TAATACTTAAATTCAT,1
TAATACTTAACATTAC,1
TAATACTTATTAGCAT,1
TAATACTTCACTCGGT,1
TAATACTTGGTTATAC,1
TAATACTTGTTGATAC,1
TAATACTTTCAAACAC,1
TAATACTTTTACTGTC,1
TAATAGAAAAATTCTA,1
TAATAGAACTAAACAA,1
TAATAGAAGAAAAGTT,1
TAATAGAAGATAAAAA,1
TAATAGAAGCACAACC,1
TAATAGAAGTTCAAAC,1
TAATAGACATAACACC,1
TAATAGACCCTGTATA,1
TAATAGAGCCTTGACT,1
TAATAGAGGAATAAGA,1
TAATAGAGTTCAAGGG,1
TAATAGATAAGTTATC,1
TAATAGCAATGCAGAA,1
TAATAGCAGAATCTAA,1
TAATAGCAGTCGAACT,1
TAATAGCATAATCCAA,1
TAATAGCATAATCTGA,1
TAATAGCATATAAAAA,1
TAATAGCATGCACACC,1
TAATAGCGCCAAGCCA,1
TAATAGCGGATAATGT,1
TAATAGCGTAGAGAAG,1
TAATAGCGTTAGAGAA,1
TAATAGCTCCCATGCT,1
TAATAGCTCTCATGCC,1
TAATAGCTGTAACTAA,1
TAATAGCTGTCATGCT,1
TAATAGCTTGAGCGCG,1
TAATAGGACTTTTAGA,1
TAATAGGATGATAACG,1
TAATAGGCCTCCCCGA,1
TAATAGGCTACTAGAG,1
TAATAGGCTACTATTG,1
TAATAGGGAAGTGCAA,1
TAATAGGGAGCCAAAA,1
TAATAGGGAGGGAGAC,1
TAATAGGGAGGGAGGA,1
TAATAGGGCAGTGCAG,1
TAATAGGGCATTGCAA,1
TAATAGGGGAGTGCAA,1
TAATAGGTACAAGAGC,1
TAATAGGTCCGGATGG,1
TAATAGGTGTTGTGCA,1
TAATAGTAAAGGAGTT,1
TAATAGTAATACCTGA,1
TAATAGTATCATTAGA,1
TAATAGTCACATACAA,1
TAATAGTCCAAACTGA,1
TAATAGTCCTTCATCT,1
TAATAGTGAAGGACTT,1
TAATAGTGGTCATGTA,1
TAATAGTGTTATGTTC,1
TAATAGTTAAAAAGAG,1
TAATAGTTAAAAAGCT,1
TAATAGTTACCTGACA,1
TAATAGTTATACTTCC,1
TAATAGTTGTGGAACG,1
TAATAGTTTTACCCTG,1
TAATATAAAAACAAGA,1
TAATATAAAATACTCG,1
TAATATAACACACCCG,1
TAATATAACCACGATA,1
TAATATAAGAAACCGA,1
TAATATAATGAACGAA,1
TAATATAATTCAGTAG,1
TAATATACAAAGCTTA,1
TAATATACACACGATA,1
TAATATACCCACAATA,1
TAATATACCGACGATA,1
TAATATACCTCTTACC,1
TAATATACGAACAAAC,1
TAATATAGAAGCCCAA,1
TAATATAGCCAAAAAC,1
TAATATAGGTTATGTA,1
TAATATAGTCATGATG,1
TAATATATAATATACA,1
TAATATATACTACCCT,1
TAATATATAGAAAAAT,1
TAATATATGCATACGT,1
TAATATATGGATAAGC,1
TAATATATTCTGTAAC,1
TAATATATTCTGTCAA,1
TAATATCAAAAAAGTA,1
TAATATCAGCACTATG,1
TAATATCAGCATTTGG,1
TAATATCATTCAGTGG,1
TAATATCCAGTATCCA,1
TAATATCCAGTATCGC,1
TAATATCCAGTATTCC,1
TAATATCCGGTATCCC,1
TAATATCGAGGTTTGA,1
TAATATCGATACTCAC,1
TAATATCGCAGAGAAG,1
TAATATCGGGAAACGT,1
TAATATCGTTCAGTAG,1
TAATATCTAGTATCCC,1
TAATATCTAGTCTATA,1
TAATATCTGGTTTCTT,1
TAATATCTTCCAGCAC,1
TAATATGACCGGCTCA,1
TAATATGAGGGTCTAG,1
TAATATGATGATAACA,1
TAATATGATGCTCAGA,1
TAATATGCTATATACA,1
TAATATGCTTTCAAAT,1
TAATATGTATAGTACC,1
TAATATGTTTTCATAC,1
TAATATTAAAGGACTT,1
TAATATTACGGACTGA,1
TAATATTACTGAGATC,1
TAATATTAGAAACATC,1
TAATATTAGAATATGA,1
TAATATTCCGTACTGA,1
TAATATTCCTGACTGA,1
TAATATTCTGGACAAG,1
TAATATTGAACTTACA,1
TAATATTGAATAGAAT,1
TAATATTGAATGTAAG,1
TAATATTGAATGTAGA,1
TAATATTGCCAGGAGA,1
TAATATTGTTATGTCG,1
TAATATTTAAAGAGTG,1
TAATATTTCAATAATG,1
TAATATTTCACGCAAA,1
TAATATTTCACTCTGT,1
TAATATTTCATTCGGT,1
TAATATTTGACTTCTT,1
TAATATTTGGCAAAAG,1
TAATATTTGTGCTTTA,1
TAATATTTTCAGCCAC,1
TAATATTTTCCACCAC,1
TAATATTTTTGATTTA,1
TAATCAAAAAGACCCG,1
TAATCAAAACAAAAAG,1
TAATCAAAACCAAACA,1
TAATCAAAACCATGCG,1
TAATCAAAACTCAAAT,1
TAATCAAAACTGTACC,1
TAATCAAAAGAAATGT,1
TAATCAAAATCAGAAG,1
TAATCAAAATCAGACT,1
TAATCAAACAGACACG,1
TAATCAAACAGACCCT,1
TAATCAAACGGTACCT,1
TAATCAAACTGGGGGC,1
TAATCAAATAGCCTAA,1
TAATCAAATTCCGTAA,1
TAATCAACCCGTTTCA,1
TAATCAACTAGGAAAT,1
TAATCAACTTGCGTCT,1
TAATCAACTTGGGTAT,1
TAATCAAGTCAGTAAT,1
TAATCAATCCGACGTT,1
TAATCAATCCTACACC,1
TAATCAATGATTATAG,1
TAATCAATGGGACAAT,1
TAATCAATTGAACCTT,1
TAATCACACACATATT,1
TAATCACACGGAAAAG,1
TAATCACCAGGAAAAG,1
TAATCACCATAATTCA,1
TAATCACCCGGAAAAT,1
TAATCACCCTGAAAAG,1
TAATCACGGCAAGGAA,1
TAATCACGGCCACGTT,1
TAATCACTATTATGTT,1
TAATCACTCAATTATA,1
TAATCAGATAGCAATT,1
TAATCAGATTTAGACA,1
TAATCAGGAAAGGTAG,1
TAATCAGGAACAACGA,1
TAATCAGGAGACGGGA,1
TAATCAGGGGGACAAT,1
TAATCAGTAAATAACC,1
TAATCAGTATCCGTAT,1
TAATCATAACGACATC,1
TAATCATAACTTGACA,1
TAATCATAAGGATCAG,1
TAATCATAATAGACAC,1
TAATCATACACCAACT,1
TAATCATACATTTACG,1
TAATCATAGGGATCAC,1
TAATCATAGGTATCAG,1
TAATCATAGTAGACAC,1
TAATCATAGTGATCAG,1
TAATCATAGTTAAGAT,1
TAATCATATATCCAAC,1
TAATCATCACATACAT,1
TAATCATCTCTCTCAG,1
TAATCATGGGGATCAG,1
TAATCATGTGTATGGA,1
TAATCATGTTAAAAAA,1
TAATCCAACCTAACCG,1
TAATCCAACCTAATCT,1
TAATCCAACCTGATCG,1
TAATCCAATATTGCAA,1
TAATCCAATCACAACG,1
TAATCCAATCGAAACG,1
TAATCCACAGAAAATA,1
TAATCCACCATCGAAG,1
TAATCCACTCGCGCCT,1
TAATCCAGACTACACC,1
TAATCCAGCAATATGA,1
TAATCCATCAATACGG,1
TAATCCATGATACTAT,1
TAATCCATTCGAGATG,1
TAATCCATTTTCAAAC,1
TAATCCCCAATCGAAG,1
TAATCCCCAGGAAATA,1
TAATCCCGACTAATTC,1
TAATCCCTCTAAACCC,1
TAATCCCTGACACTAT,1
TAATCCGCAAGTTAGA,1
TAATCCGCAGCTAGGA,1
TAATCCGCTCCCGCCT,1
TAATCCGCTCTCGCCT,1
TAATCCTAAAGAACTA,1
TAATCCTACTATAATT,1
TAATCCTCAACAAAAC,1
TAATCCTCGATAACAG,1
TAATCCTCGATGACCG,1
TAATCCTCTATAACCG,1
TAATCCTTGTGATAGC,1
TAATCCTTTTCTGGCC,1
TAATCCTTTTCTGGCG,1
TAATCGAAAACAGTCT,1
TAATCGAAAAGGGAAC,1
TAATCGAAAGTCGACG,1
TAATCGACTCAGCTTT,1
TAATCGAGACGACTAG,1
TAATCGAGACTTGACT,1
TAATCGAGCATTGACT,1
TAATCGAGCCAAATTG,1
TAATCGAGGATAATGT,1
TAATCGAGTTAGAGAA,1
TAATCGATACCATCTA,1
TAATCGATTAATTCTT,1
TAATCGCAAGCATAAT,1
TAATCGCCAAAACGCA,1
TAATCGCCTTAGCTTT,1
TAATCGCGAACCACAC,1
TAATCGCGTCAGCTTT,1
TAATCGCGTTAGATAA,1
TAATCGGCAACCTAAC,1
TAATCGGGTCGAATTG,1
TAATCGGTTCCTCAAA,1
TAATCGTACTACTATT,1
TAATCGTTTCCAGAAC,1
TAATCGTTTTCAGATA,1
TAATCTAAAAAGAAAA,1
TAATCTAAAATAAAAA,1
TAATCTAACAAGTACA,1
TAATCTAACCAGTCCA,1
TAATCTAAGAATAACT,1
TAATCTAGAGTTATAC,1
TAATCTAGATTAAATC,1
TAATCTAGGAAACAAC,1
TAATCTAGTGGCTAGG,1
TAATCTATATAGGTGC,1
TAATCTCAAAAAATTT,1
TAATCTCATGTTAGGG,1
TAATCTCCAGCGTGAG,1
TAATCTCCCTCAAAAC,1
TAATCTCGGGCCCACG,1
TAATCTCTCACCAAAA,1
TAATCTCTCCTCGGTC,1
TAATCTCTGGGTGGGA,1
TAATCTCTGTTAGATC,1
TAATCTCTTTTTAAAC,1
TAATCTCTTTTTACAT,1
TAATCTGAGGGAATAA,1
TAATCTGCATGGGCAT,1
TAATCTGTATTCATAC,1
TAATCTGTCAGAAGTT,1
TAATCTGTGTTCATAC,1
TAATCTGTTAGGAGAA,1
TAATCTTAAACACCCT,1
TAATCTTACTACTAGT,1
TAATCTTAGCTCTGAT,1
TAATCTTCCCTTAAAA,1
TAATCTTGAACATCAT,1
TAATCTTGAACCAACA,1
TAATCTTGACCATCAT,1
TAATCTTGAGAAAAAA,1
TAATCTTGATCATCTT,1
TAATCTTGGGCCCAAG,1
TAATCTTGGGCCCACA,1
TAATCTTGGGCCCACT,1
TAATCTTGGTCATCAT,1
TAATCTTTATCATCAT,1
TAATCTTTATGATTCA,1
TAATCTTTGGCGAGCA,1
TAATGAAAATACATGC,1
TAATGAAAATTCAATC,1
TAATGAAACACTAGAG,1
TAATGAAACTGGGTGT,1
TAATGAAAGGACTTAA,1
TAATGAAATATGAATA,1
TAATGAAATGATGTTT,1
TAATGAACATGAGTAA,1
TAATGAACGATCGGCT,1
TAATGAACGTGTAAAA,1
TAATGAACGTTAGTAA,1
TAATGAAGATTATCCA,1
TAATGAATAACGGGTT,1
TAATGACAAAAACCAT,1
TAATGACACGATGGCA,1
TAATGACAGAAACTGA,1
TAATGACCACGTTACT,1
TAATGACCCTACATCT,1
TAATGACGATTGAAAT,1
TAATGACGCCAGCCCA,1
TAATGACTACCATATC,1
TAATGACTGTCTGCAC,1
TAATGAGAATATACGT,1
TAATGAGACTGTCTGC,1
TAATGAGATGTGCTTT,1
TAATGAGATTGTACGT,1
TAATGAGCTAAAAACA,1
TAATGAGCTATGATCC,1
TAATGAGCTTCTAAGA,1
TAATGAGCTTCTATTA,1
TAATGAGTAACTTAGT,1
TAATGAGTCGGCGATT,1
TAATGAGTTAAAAACC,1
TAATGAGTTAAAAACG,1
TAATGAGTTAAAAATA,1
TAATGATAAAACGTAA,1
TAATGATAAATCGAGC,1
TAATGATACGCACGCT,1
TAATGATAGAAAACAA,1
TAATGATAGGAAACAA,1
TAATGATAGGCTACGC,1
TAATGATATAACAGAA,1
TAATGATATAATTAGA,1
TAATGATATATACACG,1
TAATGATATGTGCTTA,1
TAATGATCCACACGCT,1
TAATGATCCGCACGAT,1
TAATGATCGGCACGCT,1
TAATGATCTTAAATTT,1
TAATGATGATTAGAAC,1
TAATGATGCAGTATCA,1
TAATGATGTAAAAGAC,1
TAATGATTAAAACCAT,1
TAATGATTAATGACCC,1
TAATGATTATTCCAAG,1
TAATGATTGAGAAAAA,1
TAATGCAAAAATCTAC,1
TAATGCAATAATCTAC,1
TAATGCACATATAGAC,1
TAATGCACATATCGAA,1
TAATGCACTAATGTAC,1
TAATGCATACTGGTAA,1
TAATGCCAAAGGGCCA,1
TAATGCCAAAGTAATA,1
TAATGCCAACATTCCA,1
TAATGCCAAGTTAAAA,1
TAATGCCACAGTGATA,1
TAATGCCACATTAATA,1
TAATGCCATTTATGAC,1
TAATGCCCACGCTACT,1
TAATGCCCACTTTACT,1
TAATGCCCATGTTACT,1
TAATGCCGCCACGAAC,1
TAATGCCTAATATCGT,1
TAATGCGACTGTAACG,1
TAATGCGCTATAATCC,1
TAATGCGGTCGTGTTG,1
TAATGCGTCAAAAAGA,1
TAATGCTAAGCCGCAA,1
TAATGCTAATCATGGA,1
TAATGCTACAATTCCA,1
TAATGCTACATTTACT,1
TAATGCTAGAATCTAC,1
TAATGCTATAACATAA,1
TAATGCTCAGCTGAAA,1
TAATGCTCTAAAAACA,1
TAATGCTCTAAAACCC,1
TAATGCTGATACAACA,1
TAATGCTGATCAAGTG,1
TAATGCTTCGAGGTAG,1
TAATGCTTGACACCAG,1
TAATGCTTGTGAAAAA,1
TAATGGAATTGAAACC,1
TAATGGACTCCTCTTA,1
TAATGGAGAAGCCAGA,1
TAATGGAGACCATATA,1
TAATGGAGGCCACTTA,1
TAATGGATATCTTAGC,1
TAATGGATTACTGAAA,1
TAATGGCATAATCTAA,1
TAATGGCCCGCAAGAT,1
TAATGGCCTACTGAAA,1
TAATGGCTTGCTGAAA,1
TAATGGCTTTAGAAAT,1
TAATGGGACATAGATT,1
TAATGGGCATCGGAGC,1
TAATGGGCTACATACA,1
TAATGGGCTATATAAA,1
TAATGGGCTATATACG,1
TAATGGGCTGTATACA,1
TAATGGGGCAGTGCAA,1
TAATGGTAGGTGTCGC,1
TAATGGTAGTAATAAG,1
TAATGGTATGAAGGAA,1
TAATGGTCGATATAGG,1
TAATGGTGTGTTGAAG,1
TAATGGTTCTCTCAGG,1
TAATGGTTGATTACTC,1
TAATGGTTGCCAAACA,1
TAATGGTTTACACCAG,1
TAATGTAACATCAGTA,1
TAATGTAAGATCAATA,1
TAATGTAATGTCAATT,1
TAATGTACAAAATAGT,1
TAATGTACAATACGAG,1
TAATGTACATACACAG,1
TAATGTAGAGAACAAA,1
TAATGTAGCCCCCCAA,1
TAATGTAGGGTTGACG,1
TAATGTATAATTACCT,1
TAATGTATTGTAACGG,1
TAATGTCACAGGAACC,1
TAATGTCAGAACATAT,1
TAATGTCATACCATTC,1
TAATGTCCTAGCGACA,1
TAATGTCCTGTAACGG,1
TAATGTCTAGTAACGG,1
TAATGTCTGGCTTAAT,1
TAATGTGAAATGCAAG,1
TAATGTGACACGCGTC,1
TAATGTGACTAGCGTC,1
TAATGTGACTCGCGTA,1
TAATGTGACTCGCTTC,1
TAATGTGACTCGGGTC,1
TAATGTGACTCTCGTC,1
TAATGTGACTGGCGTC,1
TAATGTGACTTGCGTC,1
TAATGTGAGTCGCGTC,1
TAATGTGATATCAATG,1
TAATGTTAACAATAAG,1
TAATGTTAAGGATAAC,1
TAATGTTAAGGATAAT,1
TAATGTTATTAAGAAA,1
TAATGTTCCCTGACAA,1
TAATGTTCCTTCGTCA,1
TAATGTTGCGCCCTAA,1
TAATGTTGTCCAGGAT,1
TAATTAAAACTCCAAA,1
TAATTAAAAGAGAAGA,1
TAATTAAACAGAAAAG,1
TAATTAAACAGATTGT,1
TAATTAAATTGCTCTT,1
TAATTAACAGGTGCCA,1
TAATTAACGGAAATAA,1
TAATTAACTGGATATA,1
TAATTAAGAGCGCCTT,1
TAATTAAGTCGGCTGA,1
TAATTAATACTAAAAA,1
TAATTAATCTGATACA,1
TAATTAATGATAGGTC,1
TAATTAATTAGGACTA,1
TAATTAATTTCCTACT,1
TAATTACAAGAGAAGA,1
TAATTACAATTAGGCC,1
TAATTACACATAAAAG,1
TAATTACACTTCTAGG,1
TAATTACAGGTGTAAC,1
TAATTACATAAAAGAA,1
TAATTACATTCGAGTA,1
TAATTACCTCTGTGTA,1
TAATTACGAACACAGA,1
TAATTACGAGACAAAC,1
TAATTACGAGGTCCAC,1
TAATTACGCAGAAAAG,1
TAATTACGTCAAAGAT,1
TAATTACTACTAAGGA,1
TAATTAGAAAAGTAAA,1
TAATTAGAAGTATACC,1
TAATTAGACACGGTTC,1
TAATTAGACCAGTACC,1
TAATTAGACCTGTGTA,1
TAATTAGAGTAGAAAA,1
TAATTAGATAGACCCA,1
TAATTAGATTATACGT,1
TAATTAGCTTCTACGA,1
TAATTAGGCCTTCGGC,1
TAATTAGTCCGTCGGC,1
TAATTATAACGAACGC,1
TAATTATAACGACATA,1
TAATTATAACGTCATC,1
TAATTATACACATTCA,1
TAATTATACTCGGTAG,1
TAATTATCAAAACAAT,1
TAATTATCACAACCAA,1
TAATTATCATGATACA,1
TAATTATCCGCACGCT,1
TAATTATCGCTCTCAG,1
TAATTATCTCTCTTAG,1
TAATTATGCCGTCGGC,1
TAATTATGGAGATAAT,1
TAATTATGTAAATAAT,1
TAATTATGTAGATGAT,1
TAATTATGTGATCCAT,1
TAATTATTGAAGGGCG,1
TAATTATTGACTCCAA,1
TAATTCAAAGGTGCCA,1
TAATTCAACCAAATAA,1
TAATTCAACCAGATCA,1
TAATTCAAGATATATG,1
TAATTCAAGATCACAA,1
TAATTCAATGGTTACT,1
TAATTCACAGTTGCCA,1
TAATTCACATAATGAA,1
TAATTCACATGTGCCA,1
TAATTCACCGATGCCT,1
TAATTCACGGGTGCCA,1
TAATTCACTGTATGTA,1
TAATTCAGCATATACC,1
TAATTCAGCCAAATCA,1
TAATTCAGGGCAGATC,1
TAATTCATTAGGAATA,1
TAATTCATTAGGACCA,1
TAATTCCACTGAACAA,1
TAATTCCAGATATACC,1
TAATTCCATGACTATG,1
TAATTCCCAATTCTAA,1
TAATTCCCACGTTACT,1
TAATTCCCTGGAGTGA,1
TAATTCCGATGATGGA,1
TAATTCCGATTCTAGA,1
TAATTCCTATTCTAGC,1
TAATTCCTGACCCGGC,1
TAATTCCTGGATATGG,1
TAATTCGAAAGGTCGA,1
TAATTCGAACTCCATT,1
TAATTCGAAGATGTCG,1
TAATTCGAATGCACCC,1
TAATTCGATGAAGCTC,1
TAATTCGGACGGTCGA,1
TAATTCGTCGCGAAGC,1
TAATTCTAACGGTCGA,1
TAATTCTAACTCCAGT,1
TAATTCTAGAACTACC,1
TAATTCTAGAGTATGA,1
TAATTCTCAACCCCAC,1
TAATTCTCAGGGTAAT,1
TAATTCTCAGGTTACT,1
TAATTCTCATGATATA,1
TAATTCTCCAATTATT,1
TAATTCTCGGATATGG,1
TAATTCTCTTTGAAGA,1
TAATTCTGGGATATGG,1
TAATTCTGTTAACATC,1
TAATTCTGTTCGCATC,1
TAATTCTTACAATCGT,1
TAATTCTTGAATATGG,1
TAATTCTTTGATCCAA,1
TAATTGAAAAAAGTCT,1
TAATTGAAAACATTCT,1
TAATTGAACTCTGAAC,1
TAATTGAATCAGAATC,1
TAATTGAATGACTATA,1
TAATTGAATGGGACTT,1
TAATTGACATAACACA,1
TAATTGCAGATAAAAA,1
TAATTGCAGATTGACA,1
TAATTGCCAATGAGTA,1
TAATTGCCGGGAAGGA,1
TAATTGCCTTGGACCT,1
TAATTGCGCCGGGACC,1
TAATTGGAAGAAGACA,1
TAATTGGAATCTGAAC,1
TAATTGGACAGAATGA,1
TAATTGGATAAAATGA,1
TAATTGGATAAGGACA,1
TAATTGGCCTACCCCG,1
TAATTGGCGTACTCCG,1
TAATTGGCTAACCCAT,1
TAATTGGCTCGAAGTT,1
TAATTGTAAAGAAGTT,1
TAATTGTAGCTGGAAG,1
TAATTGTCAACACAAA,1
TAATTGTCGCTGGAAT,1
TAATTGTTAGATATGG,1
TAATTTAAAGCTGCCG,1
TAATTTAAATCCAGAG,1
TAATTTAAATCTGAAC,1
TAATTTAACTAGTCCA,1
TAATTTAAGAAACTGA,1
TAATTTAAGATATCGC,1
TAATTTAATATCAATA,1
TAATTTAGATTATCGC,1
TAATTTATTCCACTCA,1
TAATTTCAAATTACCT,1
TAATTTCAATTGACAC,1
TAATTTCAATTGACCA,1
TAATTTCAATTGATCC,1
TAATTTCAGTGTACCG,1
TAATTTCAGTTGACCC,1
TAATTTCGGGCATCTC,1
TAATTTCTTGTAACGG,1
TAATTTCTTGTGTGAA,1
TAATTTGAAAACACTT,1
TAATTTGAAAGCTGTT,1
TAATTTGACCACACCT,1
TAATTTGATCAAACAT,1
TAATTTGGTATTAATT,1
TAATTTGTCAAAGGAA,1
TAATTTGTGATTTCAA,1
TAATTTGTTAGTAGAA,1
TAATTTGTTGGGAGAA,1
TAATTTGTTTTCATAC,1
TAATTTTAACCGCCCC,1
TAATTTTCATACAAGC,1
TAATTTTGAAGAAACC,1
TAATTTTGTCATACCG,1
TAATTTTTAAGAAAAC,1
TAATTTTTGGAGCCAC,1
TAATTTTTGGATATGG,1
TAATTTTTTAGGAGAA,1
TAATTTTTTCAATACT,1
TACAAAAAAACAATGG,1
TACAAAAAAATTGTTC,1
TACAAAAAACGACCGA,1
TACAAAAAACTATAAT,1
TACAAAAAATAATATA,1
TACAAAAAATACCAAA,1
TACAAAAAATACCACG,1
TACAAAAAATATCACA,1
TACAAAAAATATTCGT,1
TACAAAAAATGCTAAA,1
TACAAAAACGAACAAC,1
TACAAAAATGAAAATA,1
TACAAAACAAAATAAC,1
TACAAAACCATAAAGT,1
TACAAAACCCCATCAC,1
TACAAAACCGACTGAC,1
TACAAAACCTATTCTC,1
TACAAAACGCCTACAG,1
TACAAAACTACTAAAC,1
TACAAAAGATTAACTT,1
TACAAAAGGAGACCAA,1
TACAAAAGTAGCCTGT,1
TACAAAATATGCAGGT,1
TACAAAATCATGATGT,1
TACAAAATCCTTTTCT,1
TACAAAATCGCATATA,1
TACAAAATTATGCTCT,1
TACAAAATTCTGGGCA,1
TACAAAATTGGGGGTG,1
TACAAACCAACAACGA,1
TACAAACCACATACCC,1
TACAAACCGTAACAGA,1
TACAAACCTTAACAGA,1
TACAAACCTTTACATA,1
TACAAACGCCGAGGTA,1
TACAAACTACTCTAGT,1
TACAAACTCCACCAAC,1
TACAAAGAAATAGTTT,1
TACAAAGAAGTTACGA,1
TACAAAGACGATTCTC,1
TACAAAGAGATAGTTT,1
TACAAAGAGGGAGATA,1
TACAAAGATGTTACTA,1
TACAAAGCATAATATT,1
TACAAAGCCCACTTAT,1
TACAAAGCCGATTCCC,1
TACAAAGCCTATTCTC,1
TACAAAGCGCTACATA,1
TACAAAGCGGATAGTA,1
TACAAAGCGGATTCTC,1
TACAAAGGAAGAGTTG,1
TACAAAGTACAGAAAC,1
TACAAAGTATTAACCA,1
TACAAAGTATTATCAA,1
TACAAAGTATTATCCC,1
TACAAAGTATTATCCT,1
TACAAAGTATTATCGA,1
TACAAAGTGTAAGTAA,1
TACAAAGTTAGCAAAC,1
TACAAAGTTTAAGTGA,1
TACAAATAAAATCAAT,1
TACAAATAACAGAACA,1
TACAAATAATAATGCA,1
TACAAATAATCAGAAA,1
TACAAATAATTCCAAG,1
TACAAATACATAGTTT,1
TACAAATACTAGAAAA,1
TACAAATAGAGATCCA,1
TACAAATAGATTCAGA,1
TACAAATAGATTCATG,1
TACAAATATACCAAAC,1
TACAAATATACGAACC,1
TACAAATCCTACCAGA,1
TACAAATCCTTGACTG,1
TACAAATCGACATTAC,1
TACAAATCTTTAGATT,1
TACAAATGAAAAAATC,1
TACAAATGTGGAACGA,1
TACAAATTAACACCTT,1
TACAAATTAAGCCTGC,1
TACAAATTATTATCCA,1
TACAAATTATTCACTA,1
TACAAATTCACAAAAC,1
TACAAATTTCAGAAGC,1
TACAAATTTTAGACAG,1
TACAAATTTTAGCAAG,1
TACAACAAAATGAACC,1
TACAACAAATTATTCA,1
TACAACAACCAAACTA,1
TACAACAATAACATAA,1
TACAACAATTGTGGAA,1
TACAACACAGTGTAAC,1
TACAACACAGTGTAAT,1
TACAACACAGTTTAAG,1
TACAACACCAAGGATG,1
TACAACACTCTTATGC,1
TACAACACTGCACAGA,1
TACAACAGCGATCACG,1
TACAACATCAAGCTAC,1
TACAACATGAAATGTA,1
TACAACATGACAGACG,1
TACAACATGGGAAATC,1
TACAACATTGTAGGTC,1
TACAACCAAGGAGCCT,1
TACAACCATAAAATCA,1
TACAACCGCAAACCCT,1
TACAACCGTACGGAAG,1
TACAACCGTGCAAAGC,1
TACAACCTGGATAAAA,1
TACAACCTTAGTAGTA,1
TACAACCTTTGTTATA,1
TACAACGAAAACCCAA,1
TACAACGAAACAAGAA,1
TACAACGAGGGAGATG,1
TACAACGATCGACTAA,1
TACAACGCCATCTGTA,1
TACAACGCTCCCAACG,1
TACAACGCTTAGCCAT,1
TACAACGGGGGTTCGG,1
TACAACGGTAAGGATT,1
TACAACGTTAATAAGA,1
TACAACGTTCACAACG,1
TACAACGTTCTCAACG,1
TACAACGTTTTAACTA,1
TACAACTAAAAATGTC,1
TACAACTAAATTGAAG,1
TACAACTAAGGGCATG,1
TACAACTAATCATAAG,1
TACAACTATACTACAG,1
TACAACTCATCCGCGG,1
TACAACTCGTGTATCA,1
TACAACTCTAAACACT,1
TACAACTGCAATATAC,1
TACAACTTAAGTCGAA,1
TACAACTTACATTATT,1
TACAACTTCACGCATG,1
TACAACTTCGCGGATG,1
TACAACTTCGTACCTA,1
TACAACTTGTATATCA,1
TACAACTTGTGTATCT,1
TACAACTTGTGTGTCA,1
TACAAGAAAAAAAACA,1
TACAAGACCCCAATAA,1
TACAAGACTCGAAAAA,1
TACAAGAGACCAAACG,1
TACAAGAGCAGCAGAA,1
TACAAGAGCTCACAAA,1
TACAAGAGTCGAAATA,1
TACAAGATACTTATGA,1
TACAAGATACTTCTTA,1
TACAAGATACTTGTGA,1
TACAAGATCTAAGTAA,1
TACAAGATGTGACCGT,1
TACAAGATTCTAAAAG,1
TACAAGATTTGGTAGA,1
TACAAGCACCAAACGT,1
TACAAGCATAGATACA,1
TACAAGCCACCGAAGC,1
TACAAGCTTTGGGCCG,1
TACAAGGAAGAATTTT,1
TACAAGGAGGGAGATA,1
TACAAGGATAGAGCAC,1
TACAAGGCCGTAAGTA,1
TACAAGGCCGTACATA,1
TACAAGGCCTTACGTA,1
TACAAGGTAGGTGGCA,1
TACAAGGTCGCACGAC,1
TACAAGGTCTTACAAA,1
TACAAGTAAAAAAATC,1
TACAAGTATAGAATAA,1
TACAAGTGCGGTATCA,1
TACAAGTTAACTTAAG,1
TACAAGTTTCAATTAA,1
TACAATAAATTTATGG,1
TACAATAACCAAGGGA,1
TACAATAATAGCTTCC,1
TACAATACCCCCAATT,1
TACAATACCTCTTACA,1
TACAATACTACAACGT,1
TACAATAGACAATATC,1
TACAATAGACTGAGAA,1
TACAATAGAGGGCAGA,1
TACAATAGAGGGCCTA,1
TACAATAGAGTGCCGA,1
TACAATAGCAACCAAA,1
TACAATAGCGCCCCGC,1
TACAATAGGAACTTTA,1
TACAATAGTCACATCG,1
TACAATATACTTCTGA,1
TACAATATATCTTACA,1
TACAATATCAACCAAC,1
TACAATATCTCTTATA,1
TACAATATTCCTACGT,1
TACAATATTCTACTCA,1
TACAATCAATTCTGTT,1
TACAATCAATTCTTTA,1
TACAATCAGAGCTTCC,1
TACAATCAGCACTATG,1
TACAATCATGAGGAAA,1
TACAATCCAAATACGA,1
TACAATCCAACCCAGA,1
TACAATCCATAACTCC,1
TACAATCCATAATGAG,1
TACAATCCATGCAGAG,1
TACAATCCCAATACGT,1
TACAATCCCCGCGGCT,1
TACAATCTAAATCCTC,1
TACAATCTTAACCGTA,1
TACAATGCCGTACGTA,1
TACAATGTACGCGGTC,1
TACAATGTATAAGAGG,1
TACAATGTGCCATCTC,1
TACAATTAGACATTCA,1
TACAATTATTGAAGAC,1
TACAATTCCGATTCAT,1
TACAATTGAAATTAAT,1
TACAATTGCCTGATCA,1
TACAATTGGGAGTTTT,1
TACAATTGTATCCTGT,1
TACAATTGTTAGGCGG,1
TACAATTTACGACAAC,1
TACACAAAAAACTACT,1
TACACAAACAACTAAT,1
TACACAAACAAGTACT,1
TACACAAAGCAGTGCG,1
TACACAAATACTGTTA,1
TACACAACAAAAAGAG,1
TACACAACAATATCCC,1
TACACAACGTATATCT,1
TACACAAGACCCTACT,1
TACACAAGATACATGT,1
TACACAAGATGAGGAT,1
TACACAAGTGGCCCTG,1
TACACAATAGACACAA,1
TACACAATCAAACTCC,1
TACACAATCAAATTCG,1
TACACAATGCAATTCC,1
TACACACAAAACAAAA,1
TACACACACATTACAT,1
TACACACACCGCTGGG,1
TACACACACCTTTACC,1
TACACACCACAAGTCA,1
TACACACCGAAAGTCA,1
TACACACCGCAAGTAA,1
TACACACCGCAAGTCT,1
TACACACCGCAATTCA,1
TACACACCGCGAGTCA,1
TACACACGAACGCGGC,1
TACACACGAATCATCG,1
TACACACGCCCAGTTT,1
TACACACGGAAGAATG,1
TACACACTAATGGTCA,1
TACACACTCCTTACAT,1
TACACAGGTTAGTTCA,1
TACACAGTAACTAAAA,1
TACACATACACTAGAC,1
TACACATCAAGCGCAC,1
TACACATCATTAAGTG,1
TACACATCCCTTATAC,1
TACACATCTCCGCCAT,1
TACACATGAATTATCG,1
TACACATGACAACCTA,1
TACACATTAACAGGGT,1
TACACATTGGCATCCA,1
TACACATTTCTTCTCG,1
TACACCAAATCCAAAG,1
TACACCACCAACCATT,1
TACACCACCAGTACAG,1
TACACCACCTATACAG,1
TACACCACCTGTATCC,1
TACACCAGAAACCATA,1
TACACCAGATAACCGA,1
TACACCATCTGCATAA,1
TACACCATTGCACCAT,1
TACACCCAAAAGGGCA,1
TACACCCAAAGGAAAG,1
TACACCCAAGAAGCCT,1
TACACCCAAGGAGACT,1
TACACCCAAGGGCAAG,1
TACACCCACGGGACCG,1
TACACCCAGAGGCAAG,1
TACACCCAGCGAACAA,1
TACACCCAGGGAGCCT,1
TACACCCAGTCACCGG,1
TACACCCTACAGCAGA,1
TACACCCTGGTTTCCC,1
TACACCGCACAGCCGC,1
TACACCGCAGCGGGTT,1
TACACCTAAAGTTCAA,1
TACACCTAAATTATAA,1
TACACCTAACAAAAAG,1
TACACCTAACTCGAGG,1
TACACCTACATCTTCA,1
TACACCTACTGACCCA,1
TACACCTGAAAGTGTA,1
TACACCTGCTAACACA,1
TACACCTGGTTCTTAT,1
TACACGAAAGGTATTT,1
TACACGAACAACATCG,1
TACACGAACAACTACT,1
TACACGAACAGCCCAA,1
TACACGACGAGGAACT,1
TACACGACGAGGACAT,1
TACACGACGAGGACCA,1
TACACGACGAGTACCT,1
TACACGACGGGGACCT,1
TACACGACTAGGACCT,1
TACACGAGAAGCAGAA,1
TACACGAGATACATGC,1
TACACGAGCAGAAGAA,1
TACACGAGCAGCAGGA,1
TACACGAGCATCAGAA,1
TACACGAGCGGATGCC,1
TACACGAGGAAGAATG,1
TACACGCACCAGACCA,1
TACACGCCGAAACCCG,1
TACACGCGACAAAAGA,1
TACACGCGCACGCGGC,1
TACACGCGGTTGCTAG,1
TACACGCGTAAGAATG,1
TACACGCTATACAGTG,1
TACACGCTGAAGAATG,1
TACACGCTGATCAGAT,1
TACACGGAATCGTTCC,1
TACACGGATTCATCAA,1
TACACGGCCGAATTAG,1
TACACGGGAATCTAAT,1
TACACGGGCAGCAGAA,1
TACACGGTATACGTGT,1
TACACGTACCAATGGT,1
TACACGTAGAGCTTAC,1
TACACGTAGTAGTATT,1
TACACGTCTAATGTGT,1
TACACGTTATCAATGT,1
TACACTAAGAGAAAAA,1
TACACTAATGAGGAAA,1
TACACTAATGATTGCA,1
TACACTAATGCTGGCA,1
TACACTAATTCCATTC,1
TACACTAATTCTTGCA,1
TACACTACAAATTCAC,1
TACACTACCCTGATGA,1
TACACTAGAAGCGTGG,1
TACACTAGATAAATCA,1
TACACTAGCAGCAGAA,1
TACACTAGCGCATAAA,1
TACACTAGGACTAAGC,1
TACACTAGGAGTAAAC,1
TACACTAGGAGTAAGT,1
TACACTAGGGGTAAGC,1
TACACTATAAACACGA,1
TACACTATAAGCACTA,1
TACACTATAGATCCTG,1
TACACTATGAGCACGA,1
TACACTATTAAGAACC,1
TACACTATTTAACTCA,1
TACACTCAAAATACTA,1
TACACTCAACACCGCA,1
TACACTCGAAACGTTC,1
TACACTCGATAAAATT,1
TACACTCGGCCTAAAG,1
TACACTGAAACATCTA,1
TACACTGGCCGCAGAA,1
TACACTGGGAGTAAGC,1
TACACTGTCTCATCAT,1
TACACTTAGGGGTAAA,1
TACACTTCGGGATAAA,1
TACACTTCGGTGTAAA,1
TACACTTCTATACTCT,1
TACACTTGATAAATCA,1
TACACTTGGCCCATAA,1
TACACTTTCATCGCTT,1
TACACTTTGTCGGGCA,1
TACAGAAAAGCAATTG,1
TACAGAAAATACCACA,1
TACAGAAAGATAACAC,1
TACAGAAAGCTTTTAG,1
TACAGAAATAATAATC,1
TACAGAAATCCAATTG,1
TACAGAAATCTTTGAG,1
TACAGAAATGAAATTG,1
TACAGAAATGCAATTA,1
TACAGAAATGCAATTC,1
TACAGAAATGCAATTT,1
TACAGAAATGGAATTG,1
TACAGAACAGAAATGA,1
TACAGAACTCATATCT,1
TACAGAAGCCTCTCAG,1
TACAGAAGCCTTTAAG,1
TACAGAAGCTTTTCAG,1
TACAGAAGTAAATTTC,1
TACAGAAGTACAATAA,1
TACAGAATAAAGAAAC,1
TACAGAATACAAAAAC,1
TACAGAATACAGAAAA,1
TACAGAATACAGAGAC,1
TACAGAATACATAAAC,1
TACAGAATCCTTTCAG,1
TACAGAATGCGTCTCA,1
TACAGAATTAGGAAAA,1
TACAGACCACCGGAGC,1
TACAGACCAGCAATAA,1
TACAGACCTAAGCCTA,1
TACAGACGAATACTAC,1
TACAGACGAATACTCA,1
TACAGACGAATACTGC,1
TACAGACGGATACTCC,1
TACAGACGTCCCATTA,1
TACAGACGTTGGATTC,1
TACAGACTAATACTCC,1
TACAGACTCAGGCATA,1
TACAGACTCAGTCCTA,1
TACAGACTCCGGTCCC,1
TACAGAGAGATCGTAA,1
TACAGAGAGCAGCTCA,1
TACAGAGAGCCGCCCA,1
TACAGAGAGCCGCTGA,1
TACAGAGAGTTACCAT,1
TACAGAGATCCGCTCA,1
TACAGAGCAAAAAAAA,1
TACAGAGGGCCGCTGC,1
TACAGAGTATAGCTAC,1
TACAGAGTCGTAAACT,1
TACAGATAAACAACTA,1
TACAGATAAACACCTG,1
TACAGATAAACACTTA,1
TACAGATAAACACTTT,1
TACAGATAAATACCTA,1
TACAGATAAGCACCTA,1
TACAGATAAGCTTCTG,1
TACAGATACCCTGCTT,1
TACAGATCAACTACTC,1
TACAGATCGAGAGCCC,1
TACAGATCTCAATCCA,1
TACAGATGAACACCTA,1
TACAGATGACTACATT,1
TACAGATGATCTCCTA,1
TACAGATTAATATCTT,1
TACAGATTGCGACCGA,1
TACAGCAAAAATATAT,1
TACAGCAAAAGGAGCG,1
TACAGCAAATATATCT,1
TACAGCAACCATATAT,1
TACAGCAATCAGAACC,1
TACAGCACGCAGAACC,1
TACAGCAGATATATCG,1
TACAGCATCACATAAA,1
TACAGCATTATGCATG,1
TACAGCCAAAAGAAAA,1
TACAGCCCATTGTCAA,1
TACAGCCGTACACCGT,1
TACAGCCTAACATAAA,1
TACAGCCTAATGAGTC,1
TACAGCCTCAGATATA,1
TACAGCCTCGGATATT,1
TACAGCCTTACTAAGG,1
TACAGCGAACAGTAAA,1
TACAGCGACATTTGGA,1
TACAGCGGCCGCATAT,1
TACAGCTACTCTATCT,1
TACAGCTACTTCGATT,1
TACAGCTAGCACCTTC,1
TACAGCTCCCACCGAA,1
TACAGCTGGGGCTTGC,1
TACAGGAAAAAAAATG,1
TACAGGAAAGATCAAC,1
TACAGGAAATCTACGG,1
TACAGGAAGAAGCGCC,1
TACAGGAAGAATCACG,1
TACAGGAAGGATCACC,1
TACAGGACCAATATTC,1
TACAGGACCCACATAA,1
TACAGGACGACCATAA,1
TACAGGACGCTTAAAC,1
TACAGGACGGTCGAAA,1
TACAGGATATGACTAA,1
TACAGGCCCTCAAACA,1
TACAGGCTAGATTATA,1
TACAGGCTCAGGCCTA,1
TACAGGGAGCCGCTCA,1
TACAGGGTACTAAAGC,1
TACAGGTATATTCAAA,1
TACAGGTGCGTAAAAG,1
TACAGGTGGAAGATGA,1
TACAGGTTAAATACAG,1
TACAGGTTACTGAGCA,1
TACAGGTTACTGAGCT,1
TACAGTAAAATAAGTC,1
TACAGTAAGACCCCAT,1
TACAGTAATTTTTAGA,1
TACAGTACATCCTTAA,1
TACAGTACATTCTTCA,1
TACAGTAGCTCACAAA,1
TACAGTAGGAGTAAGC,1
TACAGTATATATACAT,1
TACAGTATCAAGTAAA,1
TACAGTATCCTTAGGG,1
TACAGTATGGCTATTT,1
TACAGTATTAGTACAC,1
TACAGTCAACAACGAG,1
TACAGTCAGCATCGGT,1
TACAGTCCACGCAGTA,1
TACAGTCCGTGTGAAC,1
TACAGTCTAACATTAT,1
TACAGTTATAGCGAAA,1
TACAGTTGGGTAGTTG,1
TACAGTTGTCAAACAC,1
TACAGTTTACACAATA,1
TACAGTTTCAAGGACG,1
TACATAAAACAATTCC,1
TACATAAAACACTACC,1
TACATAAAACCCTACT,1
TACATAAAACTGAGAG,1
TACATAAAAGAAACCC,1
TACATAAAGGGAGGAT,1
TACATAAATATCCGAC,1
TACATAAATATTAGAC,1
TACATAAATATTCTAC,1
TACATAAATGATATAC,1
TACATAACAGAATTGA,1
TACATAACATTAGGAA,1
TACATAACCCACACAA,1
TACATAACCGCATAGT,1
TACATAACTCAAGGAT,1
TACATAAGACCTTACT,1
TACATAAGACTCTACT,1
TACATAAGAGGACCAG,1
TACATAAGTTTAAGAC,1
TACATAATAACAAAAT,1
TACATAATACTCGAGT,1
TACATAATAGTATTCA,1
TACATAATCAAACTCG,1
TACATAATCAGTAGCC,1
TACATAATTGTAGGCA,1
TACATAATTGTATGCA,1
TACATAATTGTTACAA,1
TACATAATTGTTAGGA,1
TACATACAACGCTGGG,1
TACATACAAGTCGCTG,1
TACATACAATGCAATA,1
TACATACAATTAGGAA,1
TACATACATTCATAAT,1
TACATACATTTTAGCG,1
TACATACCACCAGTCA,1
TACATACCATATTCAC,1
TACATACCATTACGAA,1
TACATACCATTAGGAG,1
TACATACCATTAGGGA,1
TACATACCATTAGTAA,1
TACATACCCCCACAAG,1
TACATACCTAACAACT,1
TACATACGTAATGAAG,1
TACATACGTAGGTGCA,1
TACATACTAACGCATA,1
TACATACTCCCCGTCC,1
TACATAGAGCCGCTCA,1
TACATAGGACCCTACT,1
TACATAGGAGGCTAAT,1
TACATAGGCAAAAAAA,1
TACATAGGGGGCTAAT,1
TACATAGTGAAGAAGA,1
TACATATAAACACCTA,1
TACATATAACACACTA,1
TACATATAAGAAACTA,1
TACATATACTATCAAA,1
TACATATATACGGACA,1
TACATATCAACGCGCT,1
TACATATCATTACATT,1
TACATATCCAAGCAAA,1
TACATATGCATAAACC,1
TACATATGCTAGAGCC,1
TACATATGGCACACTA,1
TACATATGTAAGGACA,1
TACATATGTTTGACAC,1
TACATATGTTTTAAAC,1
TACATATTTTATTACC,1
TACATATTTTTGGTCA,1
TACATCAAAAACACAT,1
TACATCAAACACACTT,1
TACATCAAATATATCG,1
TACATCAATAAAGTCT,1
TACATCACATAAGAAT,1
TACATCACATACAAAA,1
TACATCACGATCTGGA,1
TACATCACTATCTGGA,1
TACATCATAAATTTAT,1
TACATCATTAAACTAG,1
TACATCCAAAAACCTC,1
TACATCCAAAACTAAA,1
TACATCCAAGAGAAAA,1
TACATCCAGACTGTAC,1
TACATCCCAAATTAAA,1
TACATCCCAGACTAAA,1
TACATCCCATTACATT,1
TACATCCCGTAGGGGA,1
TACATCCGAAACTAAA,1
TACATCCGACCTAAAA,1
TACATCCTAGAATAGC,1
TACATCGAAATGGTCC,1
TACATCGAAATTCTAC,1
TACATCGACAGGGATA,1
TACATCGATGACTGTA,1
TACATCGATGTCACCA,1
TACATCGCAAAGAGAA,1
TACATCGCTGGGAAGC,1
TACATCGGAATTCTAT,1
TACATCTCTTTGAAGA,1
TACATCTGGACATATA,1
TACATGAAAGCCAGAA,1
TACATGAACCTTGGTT,1
TACATGAAGGATTTCA,1
TACATGACAACAACTG,1
TACATGACATCGATGT,1
TACATGACTACCTCAT,1
TACATGAGACATAACG,1
TACATGATCTTTAGCC,1
TACATGATTTTACAGA,1
TACATGCATACCTCAT,1
TACATGCCTACATCAT,1
TACATGCGGCATATCT,1
TACATGCTGATAAAAG,1
TACATGGCAAGTGGCC,1
TACATGGCTACCTCAT,1
TACATGGGTGCGCTAA,1
TACATGTACTCTTTTA,1
TACATGTGGACCATAT,1
TACATGTGTAACCACC,1
TACATTAAAAGTAACA,1
TACATTAAAGGATTAA,1
TACATTAAAGGTATTC,1
TACATTAAGGCAGTCG,1
TACATTAATAGCAACA,1
TACATTAATATTAACA,1
TACATTAATGATTTCA,1
TACATTAATTACTAAA,1
TACATTACAATGAGTT,1
TACATTACACTACAAT,1
TACATTACAGAAGCAC,1
TACATTACCATAATAA,1
TACATTACGAGCTGGA,1
TACATTACGGAAGTCG,1
TACATTATACGAACAA,1
TACATTATAGGACTAT,1
TACATTATCCTAACCC,1
TACATTATCGCAGGAG,1
TACATTATTAAGCATA,1
TACATTCAATACATCC,1
TACATTCACACCCCAC,1
TACATTCAGACAACAA,1
TACATTCATACCACCA,1
TACATTCCAGTCAACT,1
TACATTCGAAACGCTC,1
TACATTCTAATAAAAG,1
TACATTCTACCCTTAT,1
TACATTCTCGACCTCT,1
TACATTGCCAAAATTT,1
TACATTGCTAACGGAA,1
TACATTGGCACTTCAC,1
TACATTGGCCATACAG,1
TACATTGTAACACTGG,1
TACATTTAGACCATAA,1
TACATTTAGCCATCGA,1
TACATTTCAAAGGTAC,1
TACATTTCGAAAATGA,1
TACATTTGAACCTAAC,1
TACATTTTAAACTTAT,1
TACATTTTATCCTAAG,1
TACATTTTGACGAATG,1
TACATTTTTAATGCCA,1
TACCAAAAACAGGTTG,1
TACCAAAAAGGTGAAG,1
TACCAAAAAGTGTCCG,1
TACCAAAACCTTGCAC,1
TACCAAAAGGAAAGTT,1
TACCAAAATTAAAGTT,1
TACCAAACACCAGTTC,1
TACCAAACGCCAGTTA,1
TACCAAACGCCATTTC,1
TACCAAACTAATACAG,1
TACCAAAGGAATTCTA,1
TACCAAAGTAGCTAGA,1
TACCAAATAGTATCTA,1
TACCAAATATGTAACG,1
TACCAAATCCGATACC,1
TACCAAATGATGCCAT,1
TACCAACATAGAGTTA,1
TACCAACATGACTAAT,1
TACCAACCCTGTATTA,1
TACCAACGATAATCAA,1
TACCAACGCGCACTGA,1
TACCAACGGATGTAAG,1
TACCAACGTAGATGCA,1
TACCAACGTGCAAAGC,1
TACCAACGTTTACAGC,1
TACCAACTAATGAATA,1
TACCAACTGAAACTAG,1
TACCAACTGTCATAAA,1
TACCAAGAAATCGTTT,1
TACCAAGAATAATATT,1
TACCAAGCAGTTATCC,1
TACCAAGCGTAATATT,1
TACCAAGGCCAAAAAA,1
TACCAAGGGGATCATG,1
TACCAAGTATAATATT,1
TACCAAGTATTTCAGA,1
TACCAAGTGTTTCAGA,1
TACCAAGTTCTAAACG,1
TACCAAGTTGAGGAGT,1
TACCAAGTTTAACGGC,1
TACCAAGTTTTTCATA,1
TACCAATAATTCAAAG,1
TACCAATAATTCCAAT,1
TACCAATAATTGAAGA,1
TACCAATACTACCAGA,1
TACCAATATCCCATAT,1
TACCAATCAATTATTA,1
TACCAATCGGTAACAA,1
TACCAATGAGAATATG,1
TACCAATGGATACGAA,1
TACCAATGGATACGAC,1
TACCAATGTGAATATA,1
TACCAATTATATTCTT,1
TACCAATTTCTAACCG,1
TACCACAAAAAAACCG,1
TACCACAAAAAATCAC,1
TACCACAACTATTGAG,1
TACCACAAGAATAATT,1
TACCACACAAACACGC,1
TACCACACATTGTCAT,1
TACCACACGGCACAGA,1
TACCACAGACGGAGGA,1
TACCACAGTAATAAGC,1
TACCACCAATTACCAC,1
TACCACCACCCAGATA,1
TACCACCACGTAAGAA,1
TACCACCACTCACAAC,1
TACCACCACTGTTGAT,1
TACCACCAGCCTCTTG,1
TACCACCAGTTAACAC,1
TACCACCAGTTACCAT,1
TACCACCAGTTACCGC,1
TACCACCCCCCGAAGC,1
TACCACCCCGAGCCTT,1
TACCACCCTTCGAGGT,1
TACCACCGAAAGAACA,1
TACCACCGAATCGCAC,1
TACCACGACTACTGAG,1
TACCACGACTTTTGAG,1
TACCACGCAAATATGC,1
TACCACGGATTATAAT,1
TACCACGGTCGCCTGA,1
TACCACGTTAATCAAT,1
TACCACGTTAATCAGC,1
TACCACTACCCGCAGG,1
TACCACTAGACTACAG,1
TACCACTAGTTCCTTG,1
TACCACTATAGTACAG,1
TACCACTATGAGCTAG,1
TACCACTGACCGCAGG,1
TACCACTGCAGACTCT,1
TACCACTGCCAGCAGG,1
TACCACTGCCCGTAGG,1
TACCACTGCCCTCAGG,1
TACCACTGCCTGATCA,1
TACCACTTCCCGCAGG,1
TACCACTTTAAAAATT,1
TACCAGAAACCTGAAG,1
TACCAGAAATTCACCA,1
TACCAGATACAGAAAA,1
TACCAGATATTAAATG,1
TACCAGATTATTCGAT,1
TACCAGCCGACAAACT,1
TACCAGCGCTAAATAT,1
TACCAGCGCTTTCACC,1
TACCAGCGTCTCCCCG,1
TACCAGCTACAGAGAA,1
TACCAGCTAGAGAGGA,1
TACCAGCTATAACACG,1
TACCAGGAATATAATA,1
TACCAGGAGGCCTTAC,1
TACCAGGCAGGGCACA,1
TACCAGGTACAATAAC,1
TACCAGTATCCCCTAT,1
TACCAGTATTCGTACC,1
TACCAGTCCTGTTATT,1
TACCAGTCCTTCATCT,1
TACCAGTTGGCGAAGG,1
TACCATAAAAGCACAA,1
TACCATAAATTTGAGT,1
TACCATAAATTTGTGG,1
TACCATAACCTAGAGA,1
TACCATACTCTCACGA,1
TACCATAGATTTATGG,1
TACCATAGCAACCTGA,1
TACCATATAGCAATAA,1
TACCATATGGATAAGC,1
TACCATCACAACTGTC,1
TACCATCACCTGCAAA,1
TACCATCACTTATGAA,1
TACCATCACTTGCAAT,1
TACCATCATAGGAGCA,1
TACCATCCGACTATGG,1
TACCATCGAATTACCA,1
TACCATCGAGGTTTCG,1
TACCATCGGGCACATT,1
TACCATGAAAATATTT,1
TACCATGATAGGATAT,1
TACCATGCAACGGCAG,1
TACCATGCACCCGATT,1
TACCATGTCTGGCAGA,1
TACCATTAATACACCA,1
TACCATTAATACCTCA,1
TACCATTACAAAAATG,1
TACCATTACATCAATG,1
TACCATTACTGGCATA,1
TACCATTAGCTTATGG,1
TACCATTCTAAGCTTG,1
TACCATTGACTGATCA,1
TACCATTGCATGATCA,1
TACCATTGCCCGATCA,1
TACCATTGCCTGACCA,1
TACCATTGCCTGATTA,1
TACCATTGCCTGGTCA,1
TACCATTGCCTTATCA,1
TACCATTGCCTTATTA,1
TACCATTGCTAGTATC,1
TACCCAAAACAAACGT,1
TACCCAAAATTCAGAA,1
TACCCAAACTTGCGAG,1
TACCCAAATCTTAGAT,1
TACCCAACACGAACGT,1
TACCCAACTTAGGCCC,1
TACCCAAGACTTGCGT,1
TACCCAAGACTTGGGA,1
TACCCAAGATAACCAA,1
TACCCAAGTACCGCCC,1
TACCCAAGTCGCCCTG,1
TACCCAAGTGACCCTG,1
TACCCAAGTGCCCCTG,1
TACCCAAGTGGACCTG,1
TACCCAAGTGGCACTG,1
TACCCAAGTGGCCCTC,1
TACCCAAGTGGTCCTG,1
TACCCAATCTAACCAA,1
TACCCAATGGACACAA,1
TACCCAATTTTACAAA,1
TACCCACAAAGTAACA,1
TACCCACAAGTCGCTG,1
TACCCACAGGACCCAA,1
TACCCACAGTGATGTG,1
TACCCACCTCTTACAG,1
TACCCACGAGCACTGA,1
TACCCACGCACACTGA,1
TACCCACGCGCACCGA,1
TACCCACGCGCACTTA,1
TACCCACTGTGGGCAC,1
TACCCACTTAGTTGAC,1
TACCCACTTTTAAAAA,1
TACCCAGAACATTACA,1
TACCCAGATTCATCAA,1
TACCCAGATTTGCTTG,1
TACCCAGCATTATAAG,1
TACCCAGCATTATATG,1
TACCCAGCCTCAAAAG,1
TACCCAGCGTTATACG,1
TACCCAGGGATACGAT,1
TACCCAGTAGACACAA,1
TACCCATAAGGACACA,1
TACCCATAGACTTCAT,1
TACCCATATAAATACT,1
TACCCATATATCCAAC,1
TACCCATCATAAGCAA,1
TACCCATCTAATATAC,1
TACCCATGAAACGTAA,1
TACCCATGGAAACACT,1
TACCCATGGAAACGAC,1
TACCCATGGAGACGAT,1
TACCCATGGATACCAC,1
TACCCATGGATCCGAT,1
TACCCATGGATTCGAT,1
TACCCATTGGCATACA,1
TACCCATTGGTATCCA,1
TACCCATTTATACGAT,1
TACCCCAAACACGAAC,1
TACCCCAAATCAAAAG,1
TACCCCAAATCCGAAG,1
TACCCCAACGTACCAT,1
TACCCCAAGTGGACTT,1
TACCCCACAACATATG,1
TACCCCACTCCCAGAC,1
TACCCCATCACATAAA,1
TACCCCCACAACCAAA,1
TACCCCCCTTTCAAAT,1
TACCCCGATTTGCTCG,1
TACCCCGATTTTCTTG,1
TACCCCGCATTGCTGA,1
TACCCCTCTAATGCTT,1
TACCCCTGCACCCACG,1
TACCCCTGGATACGAT,1
TACCCCTTATGCCTAC,1
TACCCCTTATGCGTAA,1
TACCCCTTATGCTTAC,1
TACCCCTTGGCATCCA,1
TACCCCTTGTGCGTAC,1
TACCCGAAAAAATGCT,1
TACCCGACAGTGACGG,1
TACCCGATAGACACAA,1
TACCCGCACCTACCCG,1
TACCCGCCGAGCACGT,1
TACCCGCCGTGCACAA,1
TACCCGCGCTAACGTC,1
TACCCGGAGTATAATA,1
TACCCGGCAAAGTCTT,1
TACCCGGGGGATATTC,1
TACCCGGTATATAGTA,1
TACCCGGTATCCAAAA,1
TACCCGTAGTATTACA,1
TACCCGTCTATCCACC,1
TACCCGTTATACAGTG,1
TACCCGTTATCCTTAA,1
TACCCTACCTAAGTAA,1
TACCCTAGCGAGTGTC,1
TACCCTCATAGGACCA,1
TACCCTCCTTGAAGGC,1
TACCCTCTATACAGTG,1
TACCCTCTCCATAACA,1
TACCCTCTTAGACTTT,1
TACCCTGAACTGAAGA,1
TACCCTGATTCATCAA,1
TACCCTGCGTGATCCA,1
TACCCTGCTAGAATTA,1
TACCCTTACTGTGAGA,1
TACCCTTATGGCCCAT,1
TACCCTTGCCATATGA,1
TACCCTTTCTTGGGAC,1
TACCCTTTGGCGGGAG,1
TACCGAAAAAGACGCA,1
TACCGAAAAAGTAGCG,1
TACCGAAAGAAGAAAA,1
TACCGAAAGGAATCCC,1
TACCGAACAATTGTTT,1
TACCGAACCCAACAGT,1
TACCGAAGCACCGCTA,1
TACCGAAGTAATTAAA,1
TACCGAAGTGAGATGG,1
TACCGAATCTAGTTAG,1
TACCGACAACAAAACA,1
TACCGACAACTCGACA,1
TACCGACAGATGTACA,1
TACCGACATCAAAACG,1
TACCGACCATCAATAA,1
TACCGACCTTACAGTT,1
TACCGACGTAATTCCT,1
TACCGACTCAACACAC,1
TACCGACTCCAAACGC,1
TACCGAGAACATAAGG,1
TACCGAGCATTGCGTA,1
TACCGATAAATGCAAG,1
TACCGATATCTTAGTG,1
TACCGATCCCCGTGGT,1
TACCGATCTAAAAGAG,1
TACCGATTAATATATT,1
TACCGCAAAGTGTCTG,1
TACCGCAAGGCTTCTA,1
TACCGCATGCAAAGGA,1
TACCGCCAAGTTTCTG,1
TACCGCCACTCCCGAT,1
TACCGCCACTCCCTCT,1
TACCGCCGCCCTGAAA,1
TACCGCCGCCGCAAAT,1
TACCGCCTCCGCAGAT,1
TACCGCGACTATTGAG,1
TACCGGAAAAGATATC,1
TACCGGAAACAGGGAT,1
TACCGGAAAGGTCATA,1
TACCGGAGATCGCAAC,1
TACCGGATAACCAAAT,1
TACCGGATTATAATAA,1
TACCGGCATTACGACA,1
TACCGGCTAAAGACAC,1
TACCGGCTACATCATC,1
TACCGGGCCCGATCCT,1
TACCGGTAAGCCGATA,1
TACCGTAAGGTATACT,1
TACCGTAATGATTTAC,1
TACCGTACAACATTAT,1
TACCGTACAATTCTAA,1
TACCGTACATGACAGC,1
TACCGTACATGGTAGC,1
TACCGTAGAAATGGAC,1
TACCGTATCAGAAGTA,1
TACCGTCAGCATCCGT,1
TACCGTCGCACACCGA,1
TACCGTCTAGATACTA,1
TACCGTCTTCTTGGCC,1
TACCGTGACTGGCAAC,1
TACCGTGACTGTGGAA,1
TACCGTGACTTTGAAA,1
TACCGTGCATGATAGC,1
TACCGTGGTAAATAAA,1
TACCGTGGTGAATAAA,1
TACCGTGTACTAATCT,1
TACCGTGTTTACTGAC,1
TACCGTTAAAAAATAA,1
TACCGTTACTGTGAAA,1
TACCGTTCTAACCGTA,1
TACCGTTGGGTAGCTG,1
TACCGTTGGGTAGTGC,1
TACCGTTGGGTATTTG,1
TACCGTTGGGTGGTTG,1
TACCGTTGGTTAGTTG,1
TACCGTTTGGAAACAG,1
TACCGTTTGGACACAT,1
TACCGTTTGTACACAG,1
TACCGTTTTCACCACA,1
TACCTAAAAGTCGCTG,1
TACCTAAAGATATAAA,1
TACCTAAAGTCAAGCA,1
TACCTAACAAAAACTT,1
TACCTAACCATGAGGA,1
TACCTAACGCTAAGGA,1
TACCTAAGAGCGCCTT,1
TACCTAAGTAAATTTC,1
TACCTAATACTATTCA,1
TACCTAATAGTATTCC,1
TACCTACAAGTCCCTG,1
TACCTACAATAGACCA,1
TACCTACACACAATAT,1
TACCTACAGTAGCAAA,1
TACCTACCAGCGGCAT,1
TACCTACGGAGCGGTA,1
TACCTAGGTAATTCTC,1
TACCTATAGATGTGAC,1
TACCTATAGGTCAACA,1
TACCTATGATGGTAAG,1
TACCTATGATGTTCAG,1
TACCTATTAAAGAGGT,1
TACCTCAAAACTCACA,1
TACCTCAATTACAAAG,1
TACCTCACATACTCAA,1
TACCTCACATTAGCTA,1
TACCTCATAAAGTACC,1
TACCTCATTCCTGATA,1
TACCTCCAAGATTTAA,1
TACCTCCACAGGAAAT,1
TACCTCCATACCGATT,1
TACCTCGAGCTCTTAG,1
TACCTCGGAGACAACA,1
TACCTCGTACTTAGAG,1
TACCTCGTCGCTCGAG,1
TACCTCGTTCAAACCA,1
TACCTCTCAAGGCTAC,1
TACCTCTCACGGATAC,1
TACCTCTCACGGCTAG,1
TACCTGAAAACCACAG,1
TACCTGAAAGGACCAT,1
TACCTGACATGTTCAC,1
TACCTGACGCGATGTA,1
TACCTGACTAAACTAG,1
TACCTGCAAAGTATAC,1
TACCTGCGGCATATAT,1
TACCTGCGTCATATCT,1
TACCTGCTCTAAGGCC,1
TACCTGCTCTACAGCC,1
TACCTGCTCTACGGAC,1
TACCTGCTCTGCGGCC,1
TACCTGGAGTTTCCAT,1
TACCTGGGCTACCTAC,1
TACCTGGTACCATGCT,1
TACCTGTATATTGTAT,1
TACCTGTCAAATACTT,1
TACCTGTCCAACTATT,1
TACCTTAAAAAGTACC,1
TACCTTAAAATTTCTT,1
TACCTTAAATCCCCCC,1
TACCTTAAATCTTGTT,1
TACCTTAACAACACCA,1
TACCTTAATTCCTCTC,1
TACCTTACACATACCC,1
TACCTTACATGATAGC,1
TACCTTACGTATAAAG,1
TACCTTACGTATCATC,1
TACCTTACTAAATGAC,1
TACCTTAGGAAGGCTA,1
TACCTTATAAAGTACA,1
TACCTTATAATTACAG,1
TACCTTATAGAGTACC,1
TACCTTATAGCAGGAG,1
TACCTTATCATTACCA,1
TACCTTATGCTGTTCG,1
TACCTTATTCTATTCG,1
TACCTTCACAGATGTG,1
TACCTTCAGCAAAAAG,1
TACCTTCATCATGGCT,1
TACCTTCGATAAGTAA,1
TACCTTCTAGATGACG,1
TACCTTCTTATAAGAT,1
TACCTTGACTGTGAAA,1
TACCTTGGGTATTCTA,1
TACCTTGTACAAACCA,1
TACCTTGTCAACAGGA,1
TACCTTGTGAAAAACT,1
TACCTTGTTCAAAACA,1
TACCTTTAGCCTACCC,1
TACCTTTATCAAAAAG,1
TACCTTTCCTGAATAG,1
TACCTTTCCTTAAGAG,1
TACCTTTCTGCTGCAC,1
TACCTTTGAGGATTGC,1
TACCTTTTGAACAATT,1
TACCTTTTGGACACAG,1
TACCTTTTGTCCTTAA,1
TACGAAAAAAAGCGAA,1
TACGAAAAATAATCAG,1
TACGAAAAATAGCGAG,1
TACGAAAAATGATCAG,1
TACGAAAACAAAATTC,1
TACGAAACAAAAAGCC,1
TACGAAACAAACACGC,1
TACGAAACGAAAGGCC,1
TACGAAACGAGTGACA,1
TACGAAACGGTGATGT,1
TACGAAACGGTTATGA,1
TACGAAACTCGCGTTA,1
TACGAAAGACGACCCT,1
TACGAAAGACGGCCCC,1
TACGAAAGGCGGCCCT,1
TACGAAATACACAAAG,1
TACGAAATCACGACAG,1
TACGAAATGGACCAAA,1
TACGAAATGGGGTAAC,1
TACGAAATTCAGGTGC,1
TACGAAATTGACCTTC,1
TACGAACAAAATTTAT,1
TACGAACAATCAGGGA,1
TACGAACAATCGGTCG,1
TACGAACAGTGATCAG,1
TACGAACATATGAAAT,1
TACGAACATCGCACAC,1
TACGAACCATAAGGGA,1
TACGAACCATCAGGTA,1
TACGAACCATCATGGA,1
TACGAACCATCGGGGA,1
TACGAACCCAACACTC,1
TACGAACCGTCAGGGA,1
TACGAACGCCGTGACA,1
TACGAACGTTAATAAG,1
TACGAACTACAAAAAG,1
TACGAACTACACAGAG,1
TACGAACTATACAAAG,1
TACGAACTCTATAATA,1
TACGAACTTTTAACGA,1
TACGAAGCATTTAAGA,1
TACGAAGCCATAGGTC,1
TACGAAGGAAAAGATA,1
TACGAAGTGATATCTA,1
TACGAAGTTCTAACCG,1
TACGAAGTTTCCGCTC,1
TACGAATACCGTGACT,1
TACGAATGAGCATGTG,1
TACGAATGCTAGACGA,1
TACGAATGTAATTAAT,1
TACGAATTATATTTCG,1
TACGAATTTTCATTTG,1
TACGACAAAAAATCAA,1
TACGACAAAATGCTTA,1
TACGACAAATCGAGAC,1
TACGACAACGGACGGA,1
TACGACAAGGGTGAAA,1
TACGACAATACTATTG,1
TACGACACAAACACTC,1
TACGACACAAGCACGC,1
TACGACACATTATGGG,1
TACGACACCAACCATT,1
TACGACACCCCTCACT,1
TACGACACGAACACGC,1
TACGACAGAAAAGTAT,1
TACGACAGAATTTGTA,1
TACGACAGTACGTATT,1
TACGACATAAACACGC,1
TACGACCCCAACACTA,1
TACGACCCGAATCATC,1
TACGACCCTAGCGTCC,1
TACGACCGCATACAAC,1
TACGACCTCAGAAGTA,1
TACGACGAAATAACAA,1
TACGACGCGTTTTGAT,1
TACGACGGATGCAGAA,1
TACGACGTTTCCCAAC,1
TACGACTACACCATTC,1
TACGACTACAGCATCA,1
TACGACTACAGGTCTT,1
TACGACTCAATACACG,1
TACGACTGGTTTGACA,1
TACGACTTACTCATAC,1
TACGACTTCTTGGACA,1
TACGACTTGTGTATCA,1
TACGAGAAAACTTGTC,1
TACGAGAAGAATGGAT,1
TACGAGAAGACTGAAT,1
TACGAGAAGACTTGAT,1
TACGAGAAGCACGGCT,1
TACGAGAATACTGGAT,1
TACGAGAATTCTGTTC,1
TACGAGACACCAATCT,1
TACGAGACGGTCAATG,1
TACGAGATAGATCACG,1
TACGAGATGTAAATCC,1
TACGAGATTGTCTACC,1
TACGAGCAATCGATCT,1
TACGAGCAATCGGTGG,1
TACGAGCAATCGGTTG,1
TACGAGCAATGGGTCG,1
TACGAGCAATTGGTCG,1
TACGAGCTCCACCGTT,1
TACGAGGAATTCAAAT,1
TACGAGGACAATACAC,1
TACGAGGCCGTACGTA,1
TACGAGGTACATAATG,1
TACGATAAGCAGCAAC,1
TACGATAAGCTGACGA,1
TACGATAATAACAAAT,1
TACGATACTACTATTT,1
TACGATAGGAGAAATA,1
TACGATATATATGACT,1
TACGATATCTTTCTAG,1
TACGATATGCAGCACC,1
TACGATATGTAGCACA,1
TACGATCAACACTATG,1
TACGATCACATCAGTG,1
TACGATCAGAACTATG,1
TACGATCAGCACCATG,1
TACGATCAGCACTAAG,1
TACGATCAGCACTATA,1
TACGATCAGCACTTTG,1
TACGATCAGGCCGAGA,1
TACGATCATCACTATG,1
TACGATCATCCAATAT,1
TACGATCCATCCAAAC,1
TACGATCCCAACACTC,1
TACGATCCCAGACAAC,1
TACGATCGGATGACTT,1
TACGATCTTCAGACAT,1
TACGATGCGCCAAATA,1
TACGATGCTATAGCAG,1
TACGATTAAGAGTGAC,1
TACGATTAAGATTATT,1
TACGATTACGCCATTC,1
TACGATTCACCGGCCA,1
TACGATTCTGCCGACG,1
TACGATTGAAAGTAAT,1
TACGATTGGTTGAGAT,1
TACGCAAAACACAAAC,1
TACGCAAAACATGGAC,1
TACGCAAAATAGCGAT,1
TACGCAAAATAGCTAG,1
TACGCAAAGGGTGAAA,1
TACGCAAATCTTTGAG,1
TACGCAACAACTAACA,1
TACGCAACCATAGAAT,1
TACGCAAGAAAAACTA,1
TACGCAAGAATAGTAT,1
TACGCAAGGACATATA,1
TACGCAATACTACAGA,1
TACGCACAACATGTAC,1
TACGCACAACGAGTTG,1
TACGCACAGATACGTT,1
TACGCACAGGCATATC,1
TACGCACCCTCAAACA,1
TACGCACCCTCTTTTT,1
TACGCACCTACAGACT,1
TACGCACCTCTATAAA,1
TACGCACGCACTGACT,1
TACGCACTTAACTGTA,1
TACGCAGCAAATAAAA,1
TACGCAGCATTCAAGA,1
TACGCAGGCGAGGACT,1
TACGCAGGGCACGCAG,1
TACGCAGGTCACGAAG,1
TACGCAGTCATTTTTA,1
TACGCATAACCCAAAA,1
TACGCATACGTAAGAA,1
TACGCATACTATACTC,1
TACGCATAGAGACTTG,1
TACGCATATAATATAA,1
TACGCATATTAATTAA,1
TACGCATCGTTAAGTG,1
TACGCATGAGAATCAT,1
TACGCATTATATAATT,1
TACGCATTATTCAATA,1
TACGCATTGGCATCCA,1
TACGCATTGGCTTAGT,1
TACGCATTTCCATTTG,1
TACGCATTTTAATTTG,1
TACGCATTTTCATTCG,1
TACGCATTTTCATTTT,1
TACGCATTTTTAAATA,1
TACGCCAAGGGACCGC,1
TACGCCAAGGGTGAAT,1
TACGCCAAGGGTTAAA,1
TACGCCAAGTGTGAAA,1
TACGCCAATAATATAG,1
TACGCCAATGGTGAAA,1
TACGCCACCAACCGTT,1
TACGCCACCAATAGAG,1
TACGCCACCATAATCA,1
TACGCCACCATAGCAT,1
TACGCCACCATGGAAT,1
TACGCCACCGTAGAAT,1
TACGCCACGCTTAAAA,1
TACGCCAGCCATACCT,1
TACGCCAGTTATGGTG,1
TACGCCATCCAATACG,1
TACGCCATCCTGTACG,1
TACGCCATGTACTGAG,1
TACGCCATTGGATGGA,1
TACGCCCACAAACTGC,1
TACGCCCATGCCCTAA,1
TACGCCCCTACACACT,1
TACGCCCGTGTCAGCA,1
TACGCCCTGGTATAGC,1
TACGCCCTTATCTTCA,1
TACGCCGAAACTTGAT,1
TACGCCGGGTACAGAA,1
TACGCCGTAGTATAAC,1
TACGCCGTAGTGTTAC,1
TACGCCGTAGTTTAAC,1
TACGCCTACAATAACA,1
TACGCCTACTTTGGCT,1
TACGCCTAGGGTGAAA,1
TACGCCTCTACGCACT,1
TACGCCTGGAGATATA,1
TACGCCTTCTCTTGCT,1
TACGCGAATATAGTAT,1
TACGCGAATTCCGATA,1
TACGCGACGTCCGATA,1
TACGCGATCGACCAAA,1
TACGCGCCCCGTCTCG,1
TACGCGCGCGAAGTAT,1
TACGCGGAGCGAAATC,1
TACGCGGATTATCCCT,1
TACGCGTACAAACTTA,1
TACGCGTAGAAAGCTT,1
TACGCGTCTATTAGAC,1
TACGCGTGATTTAAGT,1
TACGCGTTATGAGAAC,1
TACGCGTTCTCAGGAT,1
TACGCTAAAGCTGGTG,1
TACGCTAAATTTACCA,1
TACGCTAAGTCCAGCT,1
TACGCTAATCCGCTAT,1
TACGCTCAATCAGCGC,1
TACGCTCATTTTTAAC,1
TACGCTCCAAAGACCC,1
TACGCTCCGATAAAAA,1
TACGCTCTTGAAGTGA,1
TACGCTGAAGATCGGA,1
TACGCTGAAGGTATAA,1
TACGCTGTATGTGTCA,1
TACGCTGTGTGTGTCA,1
TACGCTGTTTGTGTAA,1
TACGCTTAAGAATTAA,1
TACGCTTAATCCATGC,1
TACGCTTAATGCAGTA,1
TACGCTTTACGGATGT,1
TACGCTTTATGGATGG,1
TACGCTTTTTGTGTCA,1
TACGGAAAACTTTGAG,1
TACGGAAAAGAAACCC,1
TACGGAAAATGACAGC,1
TACGGAAAGCTTTGAG,1
TACGGAAATCTTTGAC,1
TACGGAAATCTTTTAG,1
TACGGAAATGCAATTG,1
TACGGAACATCCAACC,1
TACGGAACTCCCATCT,1
TACGGAAGAATCATTC,1
TACGGAAGATGTGACC,1
TACGGAATGTAAATCA,1
TACGGACACCTATTAA,1
TACGGACCAGCATATT,1
TACGGACCCATAACCC,1
TACGGACCCATCAACC,1
TACGGACCCATCAATC,1
TACGGACCCATCACCA,1
TACGGACCCATCACCT,1
TACGGACCCATCACGC,1
TACGGACCCATTACCC,1
TACGGACCGATCACCC,1
TACGGACGAATCACTC,1
TACGGACGAATCATTA,1
TACGGACGAATTATTC,1
TACGGACGATGTGAAC,1
TACGGACGTCCCATAA,1
TACGGACTGAACAAAT,1
TACGGACTGCATTGAA,1
TACGGACTGGCTACGT,1
TACGGAGGCCAAATAA,1
TACGGATAAATGCTAG,1
TACGGATACCTTGACT,1
TACGGATACGGTGACT,1
TACGGATACTGTGACT,1
TACGGATAGCGTGACT,1
TACGGATCAATCCTAG,1
TACGGATCAGTGCTAG,1
TACGGATCCAGTACCT,1
TACGGATGTCGTCCAA,1
TACGGCACCGTTTTGC,1
TACGGCATAAATGCAT,1
TACGGCATTCCGATCT,1
TACGGCCAACGCGTAC,1
TACGGCCACATATCGA,1
TACGGCCCAGCTAATG,1
TACGGCCCTAAAACTT,1
TACGGCCGGTAATCGA,1
TACGGCTAAACTGCAA,1
TACGGCTACACGTCTC,1
TACGGCTATCCGAATG,1
TACGGCTCGACGTCTC,1
TACGGCTCTACACACT,1
TACGGCTTATCCACCT,1
TACGGGAGTGAGTGAT,1
TACGGGCAAAACCAGA,1
TACGGGTACCGTGACT,1
TACGGGTCAATGCTAG,1
TACGGGTCCGAGAGAC,1
TACGGGTTACTGAGCG,1
TACGGGTTGCCAAACA,1
TACGGTAACTATTTCA,1
TACGGTAAGATCAGAG,1
TACGGTAATATCAGAC,1
TACGGTAATTGACTCA,1
TACGGTAGCGGCAGAA,1
TACGGTATTCACAATA,1
TACGGTCAAGACACCA,1
TACGGTCAGCACTATG,1
TACGGTCCGCATCAGC,1
TACGGTCCGCATCGGA,1
TACGGTGTCAAAGAAA,1
TACGGTGTTAGCATCT,1
TACGGTTAAAAAAGAA,1
TACGGTTCGCCGGCCA,1
TACGGTTGATAGACAG,1
TACGGTTGCTGGACAG,1
TACGGTTTACCGGCCA,1
TACGTAAAATATTGTA,1
TACGTAAACTAACACT,1
TACGTAAGACAGATGC,1
TACGTAAGCAGTTACA,1
TACGTAAGCCAGATGA,1
TACGTAAGCCAGATTC,1
TACGTAAGCCAGGTGC,1
TACGTAAGCGATTAGA,1
TACGTAAGGATGACCA,1
TACGTAAGGATTTCTT,1
TACGTAAGGCAGATGC,1
TACGTAATAAGATTTT,1
TACGTAATAGTTCCAA,1
TACGTAATCGATTAGC,1
TACGTAATGCATGACG,1
TACGTACAAAGAGTTG,1
TACGTACAAAGTTTCG,1
TACGTACAACGATTTG,1
TACGTACAACTTCCAG,1
TACGTACAATAACACT,1
TACGTACAATCCTCAA,1
TACGTACACCATATTC,1
TACGTACATCATATTA,1
TACGTACATGCCATAC,1
TACGTACCAGCATATT,1
TACGTACCATCAGGGA,1
TACGTACCGAATTGAT,1
TACGTACCGCCAAAGT,1
TACGTACGACACAGAA,1
TACGTACGATGCGCTG,1
TACGTACTGAAAAATT,1
TACGTAGATAAGGTAT,1
TACGTAGATGACTGTA,1
TACGTAGATGAGTCCA,1
TACGTAGCAATGGTAC,1
TACGTAGCATGGTAAT,1
TACGTAGGCGGCTAAT,1
TACGTATATACGCAAA,1
TACGTATATCATATTC,1
TACGTATGACATGACC,1
TACGTATGTCTGCTAA,1
TACGTATGTCTTCTAC,1
TACGTATTACTACTCT,1
TACGTCAAAGGACTGC,1
TACGTCAACGGAATGC,1
TACGTCAATGCTAAAT,1
TACGTCAATTGATGAC,1
TACGTCACTTATACAG,1
TACGTCAGTCAAACCA,1
TACGTCATATCACTTT,1
TACGTCATCCGAAACA,1
TACGTCCATGACTGTA,1
TACGTCCCATCGCAAG,1
TACGTCCGCGTCGGTG,1
TACGTCCGTACCGATT,1
TACGTCCGTATATGAA,1
TACGTCCTTACAGGTA,1
TACGTCGAAATAGTCC,1
TACGTCGAAGATGTCG,1
TACGTCGACGTCGGTG,1
TACGTCGAGGGTTCGG,1
TACGTCGATGACTGCA,1
TACGTCGATGACTTTA,1
TACGTCGCAAAGGTCC,1
TACGTCGCAAATGTCC,1
TACGTCGCAATCTTAA,1
TACGTCGCAATGGCAC,1
TACGTCGCAATGGCTC,1
TACGTCGCAATGGGCC,1
TACGTCGCAATGGTAT,1
TACGTCGCAATTGTCT,1
TACGTCGCACTGGTCC,1
TACGTCGCAGGCTAAG,1
TACGTCGCCATGGTCC,1
TACGTCGGCGTCGTTG,1
TACGTCGGCGTCTGTG,1
TACGTCGGCGTGGGTG,1
TACGTCGGGGTCGGTG,1
TACGTCGTGATGGTCC,1
TACGTCTAAAAATCTA,1
TACGTCTAAGTTCCTT,1
TACGTCTCAATGTTCC,1
TACGTCTTAAATAAGC,1
TACGTGAAAAATAAAG,1
TACGTGAAATCTCAGG,1
TACGTGAGCCAGATGC,1
TACGTGATGTGTAAAG,1
TACGTGCGAACTTCGC,1
TACGTGCGGATTTCGC,1
TACGTGCGTACCACTA,1
TACGTGCGTTGACGAA,1
TACGTGTAAACTTTTC,1
TACGTGTAATTTAAAA,1
TACGTGTACAAACCTA,1
TACGTGTCAAAGGTAC,1
TACGTGTTAAATAGCA,1
TACGTGTTGTCAGGAT,1
TACGTGTTGTGTGAGC,1
TACGTTAATCCGGTAC,1
TACGTTAGATAAACAC,1
TACGTTAGATACAAAC,1
TACGTTAGATACACAG,1
TACGTTAGATATACAC,1
TACGTTCAAATCAGAA,1
TACGTTCAGTCTCCGA,1
TACGTTCCCTTTCGGA,1
TACGTTGAGTCAGATT,1
TACGTTGCTATCCCCA,1
TACGTTGTTTGTGTCA,1
TACGTTTAAAGACATA,1
TACGTTTCAATGGTCC,1
TACGTTTCACTTCTTA,1
TACGTTTCAGACATAG,1
TACGTTTCTACCTACC,1
TACGTTTCTACCTTCC,1
TACGTTTTAGGAGACA,1
TACTAAAAACTACTTA,1
TACTAAAACCAAAAAA,1
TACTAAAATGAAAGTT,1
TACTAAAATGGAGAAC,1
TACTAAACCAGACTAA,1
TACTAAACCATCCTAA,1
TACTAAACGAATGCTC,1
TACTAAACTAGCGAGA,1
TACTAAAGAATTTGTA,1
TACTAAAGCACGACTT,1
TACTAAATATAAACAT,1
TACTAAATGAGTTGTG,1
TACTAAATGTAAATAC,1
TACTAAATTTCGCAAT,1
TACTAACAAAGAGTAA,1
TACTAACAAATGATAA,1
TACTAACACAACTCAA,1
TACTAACAGAAACAAC,1
TACTAACAGAAACCAA,1
TACTAACAGCACCATA,1
TACTAACATCCCCATA,1
TACTAACCAAATAAAT,1
TACTAACCCAATGAAT,1
TACTAACCCATAGACT,1
TACTAACCCTGAGACT,1
TACTAACCTTTGATAT,1
TACTAACGAAGCGAAT,1
TACTAACGCTAGGATG,1
TACTAACGCTGGGATG,1
TACTAACGGTCGGATG,1
TACTAACGTCAAAGAT,1
TACTAACGTCACTGCC,1
TACTAACTAAAGACTA,1
TACTAACTACATAAAC,1
TACTAACTACCATGGT,1
TACTAACTGGCCTTTT,1
TACTAACTTCCATGAT,1
TACTAACTTGCGTTTT,1
TACTAAGACACGACTT,1
TACTAAGTGAATTATT,1
TACTAATAGAAGATGA,1
TACTAATAGACCACTA,1
TACTAATAGCCCCATA,1
TACTAATATCCTAACA,1
TACTAATATCCTAACC,1
TACTAATATTTCAACA,1
TACTAATCCCAATCTC,1
TACTAATCTGAAATCC,1
TACTAATCTTTTATTC,1
TACTAATGATGACGAT,1
TACTAATGCTAAACGA,1
TACTAATTAATGCATC,1
TACTAATTAATGTAAC,1
TACTAATTATTGAGTA,1
TACTAATTTAGAACAA,1
TACTACAAAAAGACTC,1
TACTACAAACTGGTGT,1
TACTACAAATCATTAT,1
TACTACAAGGAAATAC,1
TACTACACACCTTTCA,1
TACTACACTCAGACCA,1
TACTACAGAAAAGGAT,1
TACTACAGCGGACACG,1
TACTACATAAGATCAA,1
TACTACATACTTGTGT,1
TACTACCATCAAAGAT,1
TACTACCCACGCACAT,1
TACTACCCATACGTAC,1
TACTACCGGAAGAAAC,1
TACTACCGTCAAACAT,1
TACTACCTAACGATGC,1
TACTACCTAAGATGAC,1
TACTACCTAAGCTGAG,1
TACTACCTCACTGTTA,1
TACTACCTGAGCTGAC,1
TACTACCTGGGTAACC,1
TACTACCTGGGTACCA,1
TACTACTAGTTCCTCG,1
TACTACTAGTTTCTTG,1
TACTACTATACTACAG,1
TACTACTATAGAGCAC,1
TACTACTATGAGTTAA,1
TACTACTATTTCCTTG,1
TACTACTCCCCCACAT,1
TACTACTGAGAGCAGA,1
TACTACTGGAAGGGTT,1
TACTAGAAGAGACAGA,1
TACTAGAATCAAGAGA,1
TACTAGAATGCACACC,1
TACTAGACCAGCCTAA,1
TACTAGACTGGATTAT,1
TACTAGAGAAGAGGCA,1
TACTAGCAATCGGTCG,1
TACTAGCATTCACACC,1
TACTAGCCTCATAATT,1
TACTAGCGGCAATCGC,1
TACTAGGAAATCCGTT,1
TACTAGGAGGAGACCC,1
TACTAGGCGGCTTAGC,1
TACTAGGCGGCTTATT,1
TACTAGGCTGCTTAGT,1
TACTAGGGAGAATTTA,1
TACTAGGGAGACTTTG,1
TACTAGGTTATTGCAC,1
TACTAGTACTTCATCT,1
TACTAGTATAAGATTT,1
TACTAGTCCTTCATAT,1
TACTAGTCCTTCATCA,1
TACTAGTCCTTCATTT,1
TACTAGTCTAATATTT,1
TACTATAAAAAAATAA,1
TACTATAAAAAATCAA,1
TACTATAAAAAGTACT,1
TACTATAAAGTTCATC,1
TACTATAAGACCCCAT,1
TACTATAATAAACGAA,1
TACTATACGTAAGCTT,1
TACTATAGGATCACAT,1
TACTATAGGGCAGAAG,1
TACTATAGGTTCACAT,1
TACTATATATTATACA,1
TACTATATTGATAAGC,1
TACTATCACTTGCAAA,1
TACTATCAGCACTATG,1
TACTATCATTCAGTAG,1
TACTATCATTCCTGCC,1
TACTATCCAACAAACT,1
TACTATCCAGTATCCC,1
TACTATCGGATAATAA,1
TACTATCTCAATGCCC,1
TACTATGAAGACATCG,1
TACTATGAAGACATCT,1
TACTATGCGAATGCGA,1
TACTATGGACTCAACA,1
TACTATGTGGTATAAA,1
TACTATGTTGAGGGCA,1
TACTATGTTGCATAAA,1
TACTATTAACAGGTAA,1
TACTATTAGGAACCGT,1
TACTATTATACCCTAG,1
TACTATTATAGCCCTA,1
TACTATTCAATGTAGA,1
TACTATTCTAAGATTT,1
TACTATTGAATGTGGA,1
TACTATTGAATTTAGA,1
TACTATTGCGTGAATG,1
TACTATTGGATGTAGA,1
TACTATTGTGAGAGCA,1
TACTATTTAACCGGTG,1
TACTATTTTCCGCCAC,1
TACTCAAAAACACTAT,1
TACTCAAAAAGAAACA,1
TACTCAAAATAGCGAG,1
TACTCAAAATCAAGGT,1
TACTCAAACACGACTT,1
TACTCAAAGGCTCCAA,1
TACTCAAATATATTGA,1
TACTCAACAGAAGATA,1
TACTCAACCGAGCAGG,1
TACTCAACTATCACGC,1
TACTCAATAAAAAAAA,1
TACTCAATAGACTGAA,1
TACTCACAGTATACGG,1
TACTCACCAGTGGCCT,1
TACTCACCATAATTCG,1
TACTCACCATAATTCT,1
TACTCACGATATACGG,1
TACTCACGCGCACTGA,1
TACTCACGGATTGAGA,1
TACTCACGGTATACTG,1
TACTCAGAAAAAGTGT,1
TACTCAGAAAGGTCGA,1
TACTCAGAGGTCGGCC,1
TACTCAGATATCCAGT,1
TACTCAGCCGCACCCG,1
TACTCAGCCTACTTCA,1
TACTCAGCTGTATGCG,1
TACTCAGTAACAACTA,1
TACTCAGTATCGCAGC,1
TACTCATACATTTAGG,1
TACTCATACGTTTACG,1
TACTCATAGATTTACG,1
TACTCATATCTCCAGT,1
TACTCATCGTAATCAT,1
TACTCATCGTGATCAG,1
TACTCATCTCCATGCA,1
TACTCATGTCCATGCA,1
TACTCATTTGTCGACA,1
TACTCCAAACCAATGG,1
TACTCCAAATCCAAAG,1
TACTCCAACAGAGATT,1
TACTCCAAGTAATGGC,1
TACTCCACATTATGGG,1
TACTCCCAGCTCCAGG,1
TACTCCCCCAAGATGT,1
TACTCCCCGAAAAGCG,1
TACTCCGATTCTCGCC,1
TACTCCGCCGTATGAA,1
TACTCCGCCGTCCGAA,1
TACTCCGCCGTCTGTA,1
TACTCCGTAGTGTAAC,1
TACTCCTCTAATGAAC,1
TACTCCTCTGATATTC,1
TACTCCTGTCCTTCAA,1
TACTCCTGTCTAGCAA,1
TACTCCTTACAACTCT,1
TACTCCTTACGAATTT,1
TACTCCTTTAAACGAC,1
TACTCGAATAGGTTAA,1
TACTCGACCTTTTCAC,1
TACTCGCACTACAAAA,1
TACTCGCCAAAACTTT,1
TACTCGCTAACAGTAG,1
TACTCGCTTACAATTG,1
TACTCGTGCGACAGTC,1
TACTCGTTAGTAAAAT,1
TACTCTAAAAAAAGGT,1
TACTCTAAAATGAAAA,1
TACTCTAAACATCCAG,1
TACTCTAAGTGCAAAT,1
TACTCTACACGACTGC,1
TACTCTAGAATAAAAA,1
TACTCTAGCTGCCATC,1
TACTCTAGGGAAGAAG,1
TACTCTAGGGCATAAG,1
TACTCTATTCCGGGCA,1
TACTCTCAAGAAACGC,1
TACTCTCCGGCGATAG,1
TACTCTCGCTAAGATG,1
TACTCTGAAGTTAATA,1
TACTCTGCAAGGGCTA,1
TACTCTGCCGTCTGAA,1
TACTCTGGATATACCA,1
TACTCTGGCAATTACA,1
TACTCTGTCTAATAAG,1
TACTCTTTAGAAAAAC,1
TACTCTTTATTAACCT,1
TACTCTTTATTAGCCG,1
TACTCTTTCAATAATG,1
TACTCTTTGTTCATGG,1
TACTGAAAGATACCTC,1
TACTGAAATCTGTGAC,1
TACTGAAATCTTTGAG,1
TACTGAAATTCAGAAG,1
TACTGAACTCTGTGAA,1
TACTGAACTCTGTGGC,1
TACTGAACTCTGTTAC,1
TACTGAAGTCCAGAAG,1
TACTGAAGTGTGTAAC,1
TACTGAATCGCACACA,1
TACTGACAACGGTGAA,1
TACTGACATGTAGGAG,1
TACTGACATTTCGGAG,1
TACTGACCAAGTGCAC,1
TACTGACCAGCAATAA,1
TACTGACCCAGAGACT,1
TACTGACGAATCATTC,1
TACTGAGAACATAATG,1
TACTGAGAACATATGG,1
TACTGAGAACATGAGG,1
TACTGAGAATACTATA,1
TACTGAGAGGAATGCA,1
TACTGAGCCAGAATTG,1
TACTGAGCTTATACGA,1
TACTGAGGTCACTTGA,1
TACTGATACATAACAA,1
TACTGATACCGTGACT,1
TACTGATATCCTAACA,1
TACTGATCAATGCTAG,1
TACTGATCTAAAATTT,1
TACTGATCTTGAATTT,1
TACTGATGCCCAAGCT,1
TACTGATGGATCATTC,1
TACTGATGTGATCCAT,1
TACTGATTACTCCAAG,1
TACTGATTATTACAAG,1
TACTGATTGTTCCAAG,1
TACTGCACTGGATTGC,1
TACTGCACTTATACAA,1
TACTGCCACATAACAA,1
TACTGCTCAAAACAAA,1
TACTGCTCTCTAGCAA,1
TACTGCTGATCGTCAT,1
TACTGCTGTATAGCAA,1
TACTGCTGTCTGGCAA,1
TACTGCTTGGAAAAAA,1
TACTGGAGGAATCTAA,1
TACTGGCACCGTGACA,1
TACTGGCCACCCAGAG,1
TACTGGCCACCCCTAG,1
TACTGGCCAGGGTTCG,1
TACTGGCCCGCCCGAC,1
TACTGGCGGACACGAG,1
TACTGGCTTTCCAAAA,1
TACTGGCTTTGTAGCG,1
TACTGGTGCGTGACAA,1
TACTGGTTATTCCAAG,1
TACTGGTTGTCCTCAA,1
TACTGTAACGCGATAC,1
TACTGTATTTCATAAT,1
TACTGTCAAATTTACC,1
TACTGTCAACGACGAG,1
TACTGTCAATAGCATC,1
TACTGTCCGTACTAAG,1
TACTGTCGAGCACAGG,1
TACTGTCGAGCATTAA,1
TACTGTGAAAACCATT,1
TACTGTGACGAACACC,1
TACTGTGATATAGTAG,1
TACTGTGGCACAAGAT,1
TACTGTTAACTACATA,1
TACTGTTAGACCCTAG,1
TACTGTTTGCTATTGA,1
TACTTAAACGGAGAAC,1
TACTTAAAGGTAATCT,1
TACTTAAATGCAGAAC,1
TACTTAAATGGGGAAC,1
TACTTAAATTGAGAAC,1
TACTTAAATTGATAAC,1
TACTTAACAGAATTGG,1
TACTTAACATACTGTT,1
TACTTAACTCTGTGAC,1
TACTTAAGAAATGATC,1
TACTTAAGACCCTACT,1
TACTTAAGAGAGCCTT,1
TACTTAAGAGCGCATT,1
TACTTAAGAGCGCCTC,1
TACTTAAGAGGGCCTT,1
TACTTAAGGGCGCCTT,1
TACTTAATAGCGCCTT,1
TACTTAATCTATCATG,1
TACTTAATGTTGATAG,1
TACTTAATTTAACATG,1
TACTTACAACGAGTTG,1
TACTTACAAGAGAAGG,1
TACTTACAAGATTTAA,1
TACTTACAATCCTTAA,1
TACTTACCACGATACA,1
TACTTACCATTCCCAA,1
TACTTACTCTATTCCT,1
TACTTACTGACACATC,1
TACTTACTGTGATTAA,1
TACTTAGAAAAAATAC,1
TACTTAGAAAAAGTAG,1
TACTTAGAAAACAACA,1
TACTTAGAACATAAGG,1
TACTTAGATCACCTCT,1
TACTTAGATGAATGCA,1
TACTTAGATGGAGAAC,1
TACTTAGCATATTTCG,1
TACTTAGGAAAACGTC,1
TACTTAGGCAGATCAT,1
TACTTAGTAACGACTA,1
TACTTAGTGACAACTA,1
TACTTAGTTGAGTCCA,1
TACTTATAACCGGCAT,1
TACTTATACACCAGCA,1
TACTTATATGTGCGTA,1
TACTTATCAAACCAAT,1
TACTTATCTTAAATTT,1
TACTTATCTTGATAAG,1
TACTTATGATCTAATA,1
TACTTATGTGCTATTG,1
TACTTATTACGAATTT,1
TACTTATTTCTAGAAC,1
TACTTATTTGAGATAA,1
TACTTCAAACAGCGAG,1
TACTTCAACAAGAGTT,1
TACTTCAACCAAATCA,1
TACTTCAAGAGAGATT,1
TACTTCAAGGGTGAAA,1
TACTTCACCATAGAAT,1
TACTTCACGCCGCCAA,1
TACTTCAGGGTAGATC,1
TACTTCATCCTCCGAT,1
TACTTCCAATATTTAA,1
TACTTCCAATGAACAA,1
TACTTCCACCGAACAA,1
TACTTCCACTCAACAA,1
TACTTCCCAATAACAG,1
TACTTCGACAGAGATT,1
TACTTCGAGATATATG,1
TACTTCGCGTCATATC,1
TACTTCGTGGACGCGC,1
TACTTCTAAATTGAGA,1
TACTTCTAAGTGCCTT,1
TACTTCTCAATGGTCC,1
TACTTCTGTCTAGCAA,1
TACTTCTTACGAATTC,1
TACTTCTTACTAATTT,1
TACTTCTTGGATATGG,1
TACTTGAAAGCCCACT,1
TACTTGAAATATTCTA,1
TACTTGAACGCCCACT,1
TACTTGAAGTATTCTA,1
TACTTGAATAAGAATC,1
TACTTGAATGACCACT,1
TACTTGAATGCACACT,1
TACTTGAATGCCAACT,1
TACTTGAATGCCCAAT,1
TACTTGAATGCCCACC,1
TACTTGACATGTTAAC,1
TACTTGATAGATAATT,1
TACTTGATTAGGGTGA,1
TACTTGATTTGTCAAT,1
TACTTGCCAAACACAG,1
TACTTGCCCAAAACAG,1
TACTTGCGAATCGCAA,1
TACTTGGCATAAAGCG,1
TACTTGGGTACTGTAA,1
TACTTGTCCTTCATCT,1
TACTTGTGAAAACCAA,1
TACTTGTTAACAAGGG,1
TACTTGTTACCAAATG,1
TACTTGTTATCTCTTT,1
TACTTGTTGTCTTCAA,1
TACTTTAAATAAATAC,1
TACTTTAATAACCTCG,1
TACTTTAATCGACAGA,1
TACTTTACAATGTGGA,1
TACTTTACATTGTAAT,1
TACTTTAGAAAAGATT,1
TACTTTAGTTAACGAT,1
TACTTTATCCCTGGCT,1
TACTTTCACCGACCGA,1
TACTTTCAGGTGAGAC,1
TACTTTCAGTGTACCT,1
TACTTTCATGATTAGG,1
TACTTTCCCAACACAG,1
TACTTTCTCTAACCTG,1
TACTTTGAACATTACA,1
TACTTTGAGCCTTCTG,1
TACTTTGTGAAAAACG,1
TACTTTGTGGAAGCGC,1
TACTTTGTGGACGCTC,1
TACTTTGTGGGCGCGC,1
TACTTTGTTGACGCGC,1
TACTTTGTTGTATAAA,1
TACTTTTACCCGATTG,1
TACTTTTATGATGGTG,1
TACTTTTCACGGAAAA,1
TACTTTTCCCCCCAAA,1
TACTTTTGAGAGGACG,1
TACTTTTGAGGAGACA,1
TACTTTTGCACTGAAC,1
TACTTTTGCACTTCAC,1
TACTTTTGCAGTGCAC,1
TACTTTTTACTCGTCG,1
TACTTTTTACTTCCAA,1
TACTTTTTTGATGGTT,1
TAGAAAAAAATTGCTA,1
TAGAAAAAATTTCCAG,1
TAGAAAAACCACGGAA,1
TAGAAAAAGACACAAT,1
TAGAAAAAGATTATAT,1
TAGAAAAATATATCTT,1
TAGAAAAATATCTATT,1
TAGAAAAATCTACGCA,1
TAGAAAACAAACCCTC,1
TAGAAAACACACGGAA,1
TAGAAAACCATACGAA,1
TAGAAAACCATACTAC,1
TAGAAAACCCAAGGAA,1
TAGAAAACCCATGGAA,1
TAGAAAACCCTCGGAA,1
TAGAAAACCTGACCTA,1
TAGAAAACGCAGGAAG,1
TAGAAAAGATGATACC,1
TAGAAAAGCCCTTACA,1
TAGAAAAGTAAGAGTA,1
TAGAAAAGTTACATAA,1
TAGAAAATAATAGGAA,1
TAGAAAATAATAGGTA,1
TAGAAAATAATATGCA,1
TAGAAAATCAAAACTG,1
TAGAAAATCACCCGGT,1
TAGAAAATCTGTAAAT,1
TAGAAAATCTTTATCC,1
TAGAAAATTATAAAGC,1
TAGAAACAAGACAACA,1
TAGAAACAGACACGAT,1
TAGAAACAGACGCAAT,1
TAGAAACAGGAAAATT,1
TAGAAACATACACAAT,1
TAGAAACATTCTTTTT,1
TAGAAACCAGAACGGA,1
TAGAAACCATACTGAA,1
TAGAAACCCCAGCATC,1
TAGAAACCCCCCTTGC,1
TAGAAACCCTAATGAA,1
TAGAAACCTAAGCCTA,1
TAGAAACGCAAAATGA,1
TAGAAACGCAAGGATC,1
TAGAAACGGAAAGCCT,1
TAGAAACGGACACAAT,1
TAGAAACTAAATGTGC,1
TAGAAACTGATAAAAA,1
TAGAAACTTATAAATC,1
TAGAAACTTCACAAAA,1
TAGAAAGACGAAAAAA,1
TAGAAAGAGTAATAGT,1
TAGAAAGAGTGGACAG,1
TAGAAAGCAACTATTA,1
TAGAAAGCGTACCACA,1
TAGAAAGGTGGAAATT,1
TAGAAAGTAATAAGCG,1
TAGAAAGTAGTTTTCA,1
TAGAAAGTCTCTCACC,1
TAGAAAGTCTCTTATC,1
TAGAAAGTGAGACCGA,1
TAGAAAGTTAGTTACG,1
TAGAAATACAATAGGG,1
TAGAAATACCATTCTA,1
TAGAAATAGACAATAA,1
TAGAAATAGATCGACA,1
TAGAAATAGTGCGTTA,1
TAGAAATCATACATGG,1
TAGAAATCGGCGGATC,1
TAGAAATCGTACATGA,1
TAGAAATGAACTTTTA,1
TAGAAATGGCCAACAT,1
TAGAAATGGGGCCCTG,1
TAGAAATGTGCGCTTG,1
TAGAAATTTAGCTGAA,1
TAGAACAAAAAAACTT,1
TAGAACAAACGTATTT,1
TAGAACAAACTATTGC,1
TAGAACAAGAATGAGA,1
TAGAACAAGGCCCGAC,1
TAGAACACAGAGAATT,1
TAGAACACATCAAACA,1
TAGAACACCCATCAAA,1
TAGAACACGGAAAATT,1
TAGAACACTAAACCCA,1
TAGAACACTATCACAT,1
TAGAACATCGACAAAG,1
TAGAACATTACTAATT,1
TAGAACATTGAATACA,1
TAGAACCAAATCGCCC,1
TAGAACCCAATGAAAA,1
TAGAACCCACAAGCCA,1
TAGAACCCCCAACTCA,1
TAGAACCCCGGAACGC,1
TAGAACCCTAAAAACT,1
TAGAACCCTCCCACAA,1
TAGAACCGAGCACCAA,1
TAGAACCGAGTCAGGT,1
TAGAACCGCCGAATTA,1
TAGAACCGCGTCAGGT,1
TAGAACCGGAAAACCT,1
TAGAACCGGGTCATGT,1
TAGAACCGGGTCGGGT,1
TAGAACCGGGTTAGGT,1
TAGAACCGTGTCAGGT,1
TAGAACCTAAAAAACT,1
TAGAACCTAATTAAGA,1
TAGAACCTAGTTAAAC,1
TAGAACCTCTACCCGT,1
TAGAACCTGGTCAGGT,1
TAGAACGAAATAACAA,1
TAGAACGCATCTTGTA,1
TAGAACGCGGTTAAAG,1
TAGAACGGAACCGAAA,1
TAGAACGGAATAGACA,1
TAGAACTAAGAGTATG,1
TAGAACTAGCTCGACA,1
TAGAACTAGTATGACT,1
TAGAACTATCAAAGCT,1
TAGAACTCAAATAACT,1
TAGAACTCATCGAGAC,1
TAGAACTCTCATACCC,1
TAGAACTGACGATTGG,1
TAGAACTTACCAGTCC,1
TAGAACTTAGTAAGCC,1
TAGAACTTCATGTAGC,1
TAGAACTTCCAACACT,1
TAGAACTTCTCACATA,1
TAGAAGAAAATCCGAC,1
TAGAAGAAATACTAAG,1
TAGAAGAATAAATATA,1
TAGAAGACCTTTACAT,1
TAGAAGAGCATAACTA,1
TAGAAGAGCTAAGTAA,1
TAGAAGAGTGGAACAG,1
TAGAAGATTGCAGACG,1
TAGAAGATTGTAACAT,1
TAGAAGCAGACACAAT,1
TAGAAGCGTATGCTCT,1
TAGAAGGAGGGGTTGA,1
TAGAAGGATTGTCTCA,1
TAGAAGGGCATAACGA,1
TAGAAGTACTATACTG,1
TAGAAGTAGATGTCGG,1
TAGAAGTGCAGTAAAC,1
TAGAAGTGCGGTACCA,1
TAGAAGTGCGTTATCA,1
TAGAAGTGTACTCAAA,1
TAGAAGTGTGGTATCA,1
TAGAATAACATTAGAG,1
TAGAATAACATTAGCC,1
TAGAATAAGCTAAATC,1
TAGAATAAGTAACAGA,1
TAGAATAATAAAGACA,1
TAGAATAATTCGTCAA,1
TAGAATACAATTCGTA,1
TAGAATACCCTCAACA,1
TAGAATACGCTCAACC,1
TAGAATACTTTGTGCT,1
TAGAATAGCGAGGCAT,1
TAGAATATTGAACGCT,1
TAGAATCAAACTGATG,1
TAGAATCAGGGGCTCT,1
TAGAATCCAAATAACA,1
TAGAATCCAATTCATA,1
TAGAATCCACGCTAAG,1
TAGAATCCTTACCTTC,1
TAGAATCCTTCAGAAG,1
TAGAATCGCATGTTCC,1
TAGAATCGGAAAACAT,1
TAGAATCGGCCGGGGA,1
TAGAATCGGTACTTCC,1
TAGAATCTAAAACGAA,1
TAGAATCTACTAAAAG,1
TAGAATCTAGAATTCC,1
TAGAATCTGCCAGTTG,1
TAGAATCTTAACCAAA,1
TAGAATGAAAAGAACG,1
TAGAATGAAATTAACA,1
TAGAATGAAGACTGCG,1
TAGAATGAAGACTTTG,1
TAGAATGAAGAGAACG,1
TAGAATGAAGGCTGTG,1
TAGAATGAATGAATAA,1
TAGAATGAATGAATCT,1
TAGAATGAATTAATCA,1
TAGAATGACTGTTACA,1
TAGAATGAGACATTAG,1
TAGAATGAGGACTGTG,1
TAGAATGCCCAGATTA,1
TAGAATGCCGTTTTCT,1
TAGAATGGAGACTGTG,1
TAGAATGTATGGCGGT,1
TAGAATGTTCACCAGG,1
TAGAATGTTCGACAGG,1
TAGAATTAACGACACT,1
TAGAATTAAGACTGTG,1
TAGAATTAATATATCT,1
TAGAATTACTAAATCT,1
TAGAATTACTATGAAA,1
TAGAATTATACAGTTG,1
TAGAATTATGATGATG,1
TAGAATTATGCTATTA,1
TAGAATTCCCGCGTAC,1
TAGAATTCTACGAATC,1
TAGAATTCTTGCAGAA,1
TAGAATTGAAGGCTAG,1
TAGAATTGATACAAGA,1
TAGAATTGCAATATAT,1
TAGACAAAAAGTAATT,1
TAGACAAAACAACACA,1
TAGACAAAATATCCCA,1
TAGACAAAATTTTGCA,1
TAGACAAAGATACTAC,1
TAGACAAATTCAACTC,1
TAGACAACACGTATGA,1
TAGACAAGCGCAAACT,1
TAGACAAGGTAAATAG,1
TAGACAAGTGGAATCA,1
TAGACAATAACCTCAC,1
TAGACAATAACTACAT,1
TAGACAATACTAACCT,1
TAGACAATGCAAGGTT,1
TAGACAATTTACGACA,1
TAGACACAAAGATGCA,1
TAGACACACCTTAGTT,1
TAGACACCAATGAATT,1
TAGACACGAATTTGCA,1
TAGACACTAATAGCCG,1
TAGACACTACCTTCAC,1
TAGACAGATGCACTCG,1
TAGACAGATTAAAAAG,1
TAGACAGTAAGGGATT,1
TAGACAGTGATGAAAA,1
TAGACAGTGCTAAAAA,1
TAGACATTAGTAACTC,1
TAGACATTCCCGATCA,1
TAGACATTCGTAACTC,1
TAGACATTGGTAACTA,1
TAGACATTGGTAAGTC,1
TAGACCAAGCAAGACT,1
TAGACCAAGCTCACCC,1
TAGACCAATCCTTCGA,1
TAGACCACAAGCCATA,1
TAGACCACCTCGAACG,1
TAGACCAGGAAAGATA,1
TAGACCAGGTGAATAG,1
TAGACCATAAACTCTA,1
TAGACCATTAAGACAA,1
TAGACCCAAAGAAAGT,1
TAGACCCAATCCCCGA,1
TAGACCCCGCCCACAA,1
TAGACCCCTACCACAA,1
TAGACCCCTCCAACAA,1
TAGACCCCTCCCATAA,1
TAGACCCTACCTTCCC,1
TAGACCCTATAAATCC,1
TAGACCCTCAGATAGA,1
TAGACCCTCGCGCCAC,1
TAGACCGACTCGCTTG,1
TAGACCGATTTTCCTA,1
TAGACCGGGCCCAAAC,1
TAGACCGGGTCTTTAA,1
TAGACCGGTCCCAAAA,1
TAGACCGTGGTGCTCC,1
TAGACCTAATATGGTG,1
TAGACCTCCCATCTTC,1
TAGACCTGAGCTTAAT,1
TAGACCTTACAAGTCC,1
TAGACCTTACCAGTAC,1
TAGACCTTACCAGTCA,1
TAGACCTTACCATTCC,1
TAGACCTTATCAGTCC,1
TAGACCTTGCCAGTCC,1
TAGACGAAAATTCTAT,1
TAGACGAAAGGGGATA,1
TAGACGACAATAATGT,1
TAGACGACGCACAGAA,1
TAGACGACTTTGGCTA,1
TAGACGAGCAATTAGA,1
TAGACGAGCAGCAGAA,1
TAGACGAGGAATTAAG,1
TAGACGATTCCGACCA,1
TAGACGCAAATATCCT,1
TAGACGCAGACTGCGT,1
TAGACGCATAGCCGAA,1
TAGACGGAACATTACA,1
TAGACGGAGTAAAAAG,1
TAGACGGCCAAACGTG,1
TAGACGGCCAAACTTG,1
TAGACGGTCAAACTTG,1
TAGACGTAGTAAAATG,1
TAGACGTGAAAAGGAT,1
TAGACTAATATGAAAA,1
TAGACTAATGCTATAT,1
TAGACTACATTGTGCT,1
TAGACTACTTGTAATA,1
TAGACTATCCTACTAA,1
TAGACTATTGACTCTT,1
TAGACTCAAATCTATC,1
TAGACTCAATTGCCAA,1
TAGACTCATGAGGAAA,1
TAGACTCCAAGATCCC,1
TAGACTCCCTACACCA,1
TAGACTCCGAAGGCAG,1
TAGACTCCGATCACAA,1
TAGACTCGAATGTTCC,1
TAGACTCGCATGTTAC,1
TAGACTGATCTTCCTA,1
TAGACTGATTTGAAAA,1
TAGACTGATTTTCCCA,1
TAGACTGCAACGAGTT,1
TAGACTGCATTAAAGA,1
TAGACTGCCAACACTG,1
TAGACTGGAGTAAAGA,1
TAGACTGGCCATGGAG,1
TAGACTGGGTAGCGAA,1
TAGACTGGGTAGTGAC,1
TAGACTGTACTAATTG,1
TAGACTTAAAAACAGA,1
TAGACTTAACACAAAT,1
TAGACTTATCACACAT,1
TAGACTTGCATGTTCC,1
TAGACTTGCCTCTTCA,1
TAGACTTGGAATATAT,1
TAGACTTTAAGTTACT,1
TAGAGAAAAAAACTTC,1
TAGAGAAAAACACTTT,1
TAGAGAAAAACATTTC,1
TAGAGAAAAAGTCAAG,1
TAGAGAAAACAAGCTT,1
TAGAGAAAGTACCTAC,1
TAGAGAACTGGAGCCT,1
TAGAGAAGAACAGACT,1
TAGAGAAGAAGTCAAG,1
TAGAGAAGCAGTCAAA,1
TAGAGAAGGAGACATA,1
TAGAGAATTAATCGTA,1
TAGAGACAAGAATGAA,1
TAGAGACAGACACAAT,1
TAGAGACCAAGACAAC,1
TAGAGACCAAGACCAT,1
TAGAGACCAAGACTAC,1
TAGAGACCAATACCAC,1
TAGAGACCACGACTTG,1
TAGAGACCCTCAAACA,1
TAGAGACTAAAGGAGA,1
TAGAGACTCGGTCTGA,1
TAGAGACTTATCAGTT,1
TAGAGAGATACACATG,1
TAGAGAGCCTTATATT,1
TAGAGAGCGACGGAGG,1
TAGAGAGCTACGAGCC,1
TAGAGAGTTGACGCAT,1
TAGAGATAAAACGTAA,1
TAGAGATAAACACCTA,1
TAGAGATAAATTATTT,1
TAGAGATATGATGTCA,1
TAGAGATCCCTGCGTT,1
TAGAGATCTTCGGTTG,1
TAGAGATGAATCATGG,1
TAGAGATGATCTACTA,1
TAGAGATGATCTCATA,1
TAGAGATGATCTCTTA,1
TAGAGATGTCGTGAGT,1
TAGAGATTACAAAGTA,1
TAGAGATTTAAACCGC,1
TAGAGCAAAACCTAAC,1
TAGAGCAAACAAGCCT,1
TAGAGCACCTCGAAAG,1
TAGAGCACCTCGAACA,1
TAGAGCACCTTGAACG,1
TAGAGCAGAATCAAAT,1
TAGAGCAGGAGATACG,1
TAGAGCAGGCGATAAG,1
TAGAGCAGGCGATAGG,1
TAGAGCAGTCGATACG,1
TAGAGCATTACGAAAA,1
TAGAGCCATTCTGGAA,1
TAGAGCCCAATGGCCT,1
TAGAGCCCATTGTCAA,1
TAGAGCCGTTGTCCAT,1
TAGAGCCTAATGAAAA,1
TAGAGCCTCCTTGCCT,1
TAGAGCGGAGTCAAGC,1
TAGAGCGTCAAAATCG,1
TAGAGCGTTCGAAGAC,1
TAGAGCTACTGTTTTA,1
TAGAGCTGTCAAGTAA,1
TAGAGCTTAAAAAGTA,1
TAGAGCTTACAAATTA,1
TAGAGGAGACATTATA,1
TAGAGGAGCCACCCAC,1
TAGAGGAGCTTCCAGA,1
TAGAGGAGTGATTATA,1
TAGAGGATTGCGGACG,1
TAGAGGCATGAAGAGA,1
TAGAGGCCTCAATCAC,1
TAGAGGTAACTCTGGT,1
TAGAGGTAACTGTGAC,1
TAGAGGTAACTGTGTT,1
TAGAGGTAACTTTGGT,1
TAGAGGTCATCAGATA,1
TAGAGGTCTATGCTCA,1
TAGAGGTGCTGTCATA,1
TAGAGGTTTATGATCA,1
TAGAGTAACAAGTAAA,1
TAGAGTAACTCTTAAC,1
TAGAGTATCAGGTAAA,1
TAGAGTATTAAACCGT,1
TAGAGTATTACACCTT,1
TAGAGTCAACCTTCAC,1
TAGAGTCAGATCGCGA,1
TAGAGTCCCAAATGGT,1
TAGAGTCTACGGTGCT,1
TAGAGTCTATTGATTA,1
TAGAGTGAATGAATCA,1
TAGAGTGCTGTAGACC,1
TAGAGTTAAAGATTGA,1
TAGAGTTAGCCTACTA,1
TAGAGTTCAACCTACC,1
TAGAGTTCGCCTTACC,1
TAGAGTTTAGCATCGA,1
TAGAGTTTATTTATTA,1
TAGAGTTTCCAGCATA,1
TAGATAAAGGGAGGAT,1
TAGATAAATATCATTT,1
TAGATAACACGTGGGC,1
TAGATAACCATTCATT,1
TAGATAACCCGTGGCC,1
TAGATAACCCGTGGGA,1
TAGATAACCCTTGGGC,1
TAGATAACCGCTACAA,1
TAGATAACGGTTACAA,1
TAGATAAGACCCTACT,1
TAGATAAGTACACCAC,1
TAGATAATAATAACCT,1
TAGATAATAATAATGA,1
TAGATAATAATCCTAA,1
TAGATACAACCAGACT,1
TAGATACAATTAGGCC,1
TAGATACACATCCAAA,1
TAGATACACCTAGACA,1
TAGATACCCAGCATAC,1
TAGATACTACCTAAGG,1
TAGATACTGACTGTGG,1
TAGATACTGTCCAAAA,1
TAGATAGAAAACTTAT,1
TAGATAGAAAAGCATT,1
TAGATAGAATTAATTC,1
TAGATAGGCTATGCTT,1
TAGATAGGGTCTGCTT,1
TAGATAGGTTCAGCAA,1
TAGATAGTGGGGAGGG,1
TAGATAGTTACCCTGC,1
TAGATATAATCATAAA,1
TAGATATACACACGCA,1
TAGATATCACCAAGTC,1
TAGATATCTAAAAACC,1
TAGATATGCCTGTGGG,1
TAGATATTAACGACTT,1
TAGATATTAAGTACTT,1
TAGATATTGAGGACTT,1
TAGATCAAAAAACTAA,1
TAGATCAAAAAACTAT,1
TAGATCAACCGGTACA,1
TAGATCAACTTTCAGT,1
TAGATCAACTTTCTGT,1
TAGATCAAGATGTCTG,1
TAGATCAATTTTAAAA,1
TAGATCACAAAAACTA,1
TAGATCACAAGTCCAA,1
TAGATCACCGTGAAAA,1
TAGATCACGTTCGCAC,1
TAGATCAGGCGATACG,1
TAGATCCCAAGTCAAA,1
TAGATCCCAAGTTCAA,1
TAGATCCCGAAATCAA,1
TAGATCCCGTCTTGAC,1
TAGATCCGTAATAAGA,1
TAGATCCTCAGGTATG,1
TAGATCGAATGATCCT,1
TAGATCGAATTATCCC,1
TAGATCGATAACTATT,1
TAGATCGCAAGCCATG,1
TAGATCGGTCCCAAAC,1
TAGATCGTAGTATAAT,1
TAGATCTAAGAACCTC,1
TAGATCTAATGTCACA,1
TAGATCTAGATCAAGA,1
TAGATCTATATGCTCA,1
TAGATCTATTTAAATA,1
TAGATCTCACGATAAT,1
TAGATCTCATGTCACG,1
TAGATCTGCCTATGGG,1
TAGATCTGCCTGTGGT,1
TAGATCTGCCTGTTGG,1
TAGATCTGTATCAAGA,1
TAGATGAAACCTGAAA,1
TAGATGAAAGCCATAA,1
TAGATGAAAGCTAGAA,1
TAGATGAACGAAAATA,1
TAGATGAAGGCCAGAA,1
TAGATGACACACGAAA,1
TAGATGCAAGGCTACT,1
TAGATGCACGCAGCAG,1
TAGATGCAGGAGGCAA,1
TAGATGCCAAGCATAC,1
TAGATGCCCATCATAC,1
TAGATGCTAAAACTGA,1
TAGATGCTATACGTAT,1
TAGATGGAAAACTCAT,1
TAGATGGCCAGCATAC,1
TAGATGGTCATCCATT,1
TAGATGGTTGATTAAG,1
TAGATGTAACTGTGGT,1
TAGATGTACCAGGCAA,1
TAGATGTCCAGCATAC,1
TAGATGTCTCGACACA,1
TAGATGTTATTTTTAT,1
TAGATGTTCAGACCAA,1
TAGATTAAAGCCAGAA,1
TAGATTAAGGGAAACA,1
TAGATTAATTACTAAA,1
TAGATTACACCCGAAA,1
TAGATTACATCAATAC,1
TAGATTACCCCTGGTT,1
TAGATTACGAGGGAAA,1
TAGATTACGTTTCTCT,1
TAGATTAGACACGTAC,1
TAGATTATTTGCTATC,1
TAGATTCATCGCATGA,1
TAGATTCATCGGATTA,1
TAGATTCATCTGATGA,1
TAGATTCGAATAAAGT,1
TAGATTCTAATAGCAT,1
TAGATTCTATCAAGTC,1
TAGATTCTCAGATACA,1
TAGATTGAGAAAAACA,1
TAGATTGAGACCAAAC,1
TAGATTGATGAGTAAT,1
TAGATTGCATTCCGCT,1
TAGATTGCCAACGTCA,1
TAGATTGGTTAGTATC,1
TAGATTGTAACGAGTT,1
TAGATTGTCCTATACC,1
TAGATTTAACATATGG,1
TAGATTTACTACCGCT,1
TAGATTTCCCACCGTT,1
TAGATTTGAGCAGAAA,1
TAGATTTGAGTGCTGC,1
TAGATTTGCCCCAAAC,1
TAGCAAAAAATGAGGT,1
TAGCAAAAAGACTAGC,1
TAGCAAAAAGAGTATC,1
TAGCAAAAAGGTGAAT,1
TAGCAAAAATACATTT,1
TAGCAAAAATATATTG,1
TAGCAAAACGGTGAAT,1
TAGCAAAAGGAGTAGC,1
TAGCAAAAGTACATTG,1
TAGCAAAATGAAAGTT,1
TAGCAAAATTGTGAAT,1
TAGCAAACACTAACCG,1
TAGCAAACCGTTTTAC,1
TAGCAAAGACAAGCAG,1
TAGCAAAGCCGATCTT,1
TAGCAAATATCATGAT,1
TAGCAAATCGACAAAG,1
TAGCAAATGTTACCGA,1
TAGCAAATTGGACAAA,1
TAGCAACAGATAAAAA,1
TAGCAACATTCACCAA,1
TAGCAACATTTCGTTA,1
TAGCAACATTTCGTTT,1
TAGCAACCGCGCAATG,1
TAGCAACCGTAAAGCC,1
TAGCAACGACAAGCAC,1
TAGCAACGACAATCAG,1
TAGCAACTAACAAACC,1
TAGCAACTACAAGCAG,1
TAGCAACTTAGAGCCC,1
TAGCAAGACCATCGGA,1
TAGCAAGAGCGTTCGC,1
TAGCAAGCATCAGAGT,1
TAGCAAGGACTCTATC,1
TAGCAAGGGCTGACGG,1
TAGCAAGTCACTCACA,1
TAGCAAGTTGATAACA,1
TAGCAATAAAAGGCTC,1
TAGCAATAACACTTTA,1
TAGCAATAGGAGCTAT,1
TAGCAATCGGGTTACT,1
TAGCAATGACCGTCCT,1
TAGCAATGGTACCCTA,1
TAGCAATGTATGTAAC,1
TAGCAATGTCGGGAAG,1
TAGCAATTAAGAATCT,1
TAGCAATTAGGTAACC,1
TAGCACAAACCAATAC,1
TAGCACAAAGGGTACC,1
TAGCACAAATAGACCA,1
TAGCACAATACCGTGC,1
TAGCACAATAGTATGT,1
TAGCACAATCGCTCTT,1
TAGCACAGCAGAGCTC,1
TAGCACAGTTGGCCTC,1
TAGCACATATAGACAA,1
TAGCACATCGACAAGG,1
TAGCACATCTACAAAG,1
TAGCACATGTTACCGT,1
TAGCACCAACAAGCCA,1
TAGCACCCACAAGACA,1
TAGCACCCACAATCCA,1
TAGCACCCATAATTCA,1
TAGCACCCTCTTTCTA,1
TAGCACGAATCTAGAT,1
TAGCACGACTGTCCTC,1
TAGCACGAGGTTAAAG,1
TAGCACGCAACACCCT,1
TAGCACGCACAATTCC,1
TAGCACGGAACTGAAA,1
TAGCACGTACATCGGC,1
TAGCACGTCCGATGGA,1
TAGCACGTCGAATCTA,1
TAGCACTCCAAAGGAC,1
TAGCACTTGTACCCTA,1
TAGCACTTTCATACGC,1
TAGCAGAAAATACGAC,1
TAGCAGAAACCCAATC,1
TAGCAGAGAATCCGAC,1
TAGCAGAGTGCATTAA,1
TAGCAGCACTAGGCAC,1
TAGCAGCAGATAGTAC,1
TAGCAGCCAAGGATTA,1
TAGCAGCGTTTCTCGA,1
TAGCAGGACAGTGGAA,1
TAGCAGGCATCGCAGC,1
TAGCAGGGCACCGGAC,1
TAGCAGGTCAGGTTGG,1
TAGCAGTCCAAGTACA,1
TAGCATAAATGCATTC,1
TAGCATAATCGTGCTA,1
TAGCATACAATAACAT,1
TAGCATAGGCTTAGAC,1
TAGCATATGATGTGTA,1
TAGCATATTACTTTAA,1
TAGCATATTTTTAGCC,1
TAGCATCAATAATTAG,1
TAGCATCAGCTTAGAC,1
TAGCATCCAAAAGGGT,1
TAGCATCCCACGAATT,1
TAGCATCGAACAAATC,1
TAGCATCGAGAATTAG,1
TAGCATCGGATTAGAC,1
TAGCATCGGCCTAGAC,1
TAGCATCGGCTCAGAC,1
TAGCATCGGCTTAGAA,1
TAGCATCGGCTTATAC,1
TAGCATCGGCTTGGAC,1
TAGCATCGTCTTAGAC,1
TAGCATCTCTGGCAGA,1
TAGCATCTGCTTAGAC,1
TAGCATCTGCTTATAC,1
TAGCATCTTAACCAAG,1
TAGCATGAATCTAGAC,1
TAGCATGACAGCAATT,1
TAGCATGCCGAAGATC,1
TAGCATGTGGCAAATA,1
TAGCATTAAACTGTCA,1
TAGCATTCATAGATAT,1
TAGCATTCCTAGATAT,1
TAGCATTTACTCAAGC,1
TAGCATTTCATTCTCA,1
TAGCCAAAAGGTAATT,1
TAGCCAAACCACTTAA,1
TAGCCAAAGACACTAC,1
TAGCCAAAGCTCACCC,1
TAGCCAAATGAAGCCA,1
TAGCCAAATTTTGTTT,1
TAGCCAACAGAAGTTT,1
TAGCCAACTTAAGCCA,1
TAGCCAATGCTGGGGG,1
TAGCCACCGATACAAG,1
TAGCCACCTTTAATAT,1
TAGCCACGTGGTAAAA,1
TAGCCACTAAGTTTAA,1
TAGCCACTGATCTGTA,1
TAGCCAGAGTTTAAAG,1
TAGCCAGGAATTGCCT,1
TAGCCAGTCACTCTCG,1
TAGCCAGTGACACAGG,1
TAGCCAGTGGAAGTTA,1
TAGCCATACAATGAAT,1
TAGCCATAGATACTAC,1
TAGCCATCATTCCCCG,1
TAGCCATCGTTTTCTG,1
TAGCCATTAGTTACCA,1
TAGCCCAAAGAATCTA,1
TAGCCCAAGAAGAGAA,1
TAGCCCAAGATCACCC,1
TAGCCCAAGCTCACAC,1
TAGCCCAAGGTCACCC,1
TAGCCCAAGGTTAAAG,1
TAGCCCAAGGTTAATG,1
TAGCCCCCAAGACTGC,1
TAGCCCCCCAAAGGAC,1
TAGCCCCGAGTCCATC,1
TAGCCCCGGAAACCGG,1
TAGCCCCGTACTACAC,1
TAGCCCCTAACGTTTC,1
TAGCCCGGACCAACAA,1
TAGCCCGTAACAGTAA,1
TAGCCCGTAGAAACCC,1
TAGCCCTATCTTGATA,1
TAGCCCTCCAAAGGAA,1
TAGCCCTCCAGACTAT,1
TAGCCCTCCGAAGGAC,1
TAGCCCTCGAAAGGAC,1
TAGCCCTGATGAACAT,1
TAGCCCTTGACAATAC,1
TAGCCGAAAGGGGATC,1
TAGCCGAATACATTTA,1
TAGCCGAATGAGTTTA,1
TAGCCGACAATTATGT,1
TAGCCGCATAAGTACA,1
TAGCCGCATATCTCAC,1
TAGCCGCCACATCTCT,1
TAGCCGCGCTAGATCA,1
TAGCCGGAATATAATA,1
TAGCCGGACAGTGGGA,1
TAGCCGGACATTGGAA,1
TAGCCGGCGCAAGTGC,1
TAGCCGGTGCAAGTAC,1
TAGCCGGTGCAAGTGA,1
TAGCCGGTGCAAGTTC,1
TAGCCGGTGCAATTGC,1
TAGCCGGTTCAAGTGC,1
TAGCCGTTGCAAGTGC,1
TAGCCTAATAGCGAAG,1
TAGCCTACAATAATGT,1
TAGCCTACCGCCTTTC,1
TAGCCTACGTACTTCA,1
TAGCCTATTTACATGA,1
TAGCCTCGAGAAGCAG,1
TAGCCTCTCGAAAGCT,1
TAGCCTGCCAACACTT,1
TAGCCTGCCTACAAAA,1
TAGCCTGTACATTAAT,1
TAGCCTGTGCATACTG,1
TAGCCTGTTAGCAGAC,1
TAGCCTTAATATGGTG,1
TAGCCTTCCAACACTG,1
TAGCCTTCCACCTTTC,1
TAGCCTTCCCCCTTTC,1
TAGCCTTCCGACTTTC,1
TAGCCTTCCGCATTTC,1
TAGCCTTCCGCCTTTA,1
TAGCCTTCGCAGAAAC,1
TAGCCTTCGGCCTTTC,1
TAGCCTTGTTTTATAG,1
TAGCCTTTACCCCAGT,1
TAGCCTTTTCGGAAAC,1
TAGCGAAAGAAAAACG,1
TAGCGAACAAACCCTC,1
TAGCGAACAATCGTTT,1
TAGCGAACCGGATCTA,1
TAGCGAACGGATACAA,1
TAGCGAAGCACAAGTT,1
TAGCGAAGTAAATTTC,1
TAGCGAATGTCTTAGA,1
TAGCGACATTGCTAGT,1
TAGCGAGACAATACCA,1
TAGCGAGGTGCATGAA,1
TAGCGAGTCTGGGTTA,1
TAGCGATAACTATTGT,1
TAGCGATAGTAAAAGC,1
TAGCGATCATATGCGA,1
TAGCGATCCCACATCA,1
TAGCGCAAATACGCCC,1
TAGCGCAAGCACACGA,1
TAGCGCAAGCTCACCC,1
TAGCGCAAGGACTTTC,1
TAGCGCAATAATGCGG,1
TAGCGCAATATTATGT,1
TAGCGCACTCAACGAT,1
TAGCGCATTAAGTAGA,1
TAGCGCCAGTGAGTTC,1
TAGCGCCATGATCACC,1
TAGCGCCCATTACATA,1
TAGCGCGAACACACGA,1
TAGCGCGACAGTTAAA,1
TAGCGCGTTCAACAAT,1
TAGCGCTAACCTAAAC,1
TAGCGCTATACATAGA,1
TAGCGCTTCACGGCCG,1
TAGCGCTTCTATATCG,1
TAGCGGACAAGGGGAT,1
TAGCGGAGAAATAACG,1
TAGCGGAGGAAACGCA,1
TAGCGGCACATAGTAC,1
TAGCGGCCAAACCAGT,1
TAGCGGTCTCTCCTGG,1
TAGCGTAACAAGCCTT,1
TAGCGTAACCAACTCG,1
TAGCGTACAAACGCGA,1
TAGCGTACAAACGCTC,1
TAGCGTACTAACAACG,1
TAGCGTACTAAGAACA,1
TAGCGTATAAACGCGC,1
TAGCGTATAATTCTAA,1
TAGCGTATTAATTAGA,1
TAGCGTCGGCTTAGAC,1
TAGCGTCTACAATTTT,1
TAGCGTCTAGCGCCTG,1
TAGCGTGTTAAGTAGA,1
TAGCGTTAGAAAATAA,1
TAGCGTTATGCTGTAT,1
TAGCGTTGAATAAGCC,1
TAGCGTTGGACTAGAA,1
TAGCGTTTCAAACAGA,1
TAGCGTTTCTATATCA,1
TAGCTAAAACCAAAGC,1
TAGCTAAACTCTTGGG,1
TAGCTAAATGTTCCAT,1
TAGCTAAATTTGCACA,1
TAGCTAACACTTCCAA,1
TAGCTAACCCTTCCAT,1
TAGCTAACTGAAGCCA,1
TAGCTACAAGTGGAAA,1
TAGCTACAGATACATC,1
TAGCTACCAATTACCA,1
TAGCTACCGAAATCAA,1
TAGCTACGGTATTTCC,1
TAGCTACTGCCGTCAA,1
TAGCTAGTCAAGCGCC,1
TAGCTAGTCAAGTGAG,1
TAGCTAGTTACCATGC,1
TAGCTAGTTACCCCGC,1
TAGCTAGTTACCCTTC,1
TAGCTATAAAATGAAT,1
TAGCTATACAATGAGT,1
TAGCTATACATTGAAT,1
TAGCTATATGTACACT,1
TAGCTATATTCAAGCG,1
TAGCTATCACAGAGTA,1
TAGCTATCACTTGCAC,1
TAGCTATTCAAGCGAG,1
TAGCTCAAGACTTACA,1
TAGCTCAAGTCCTAAA,1
TAGCTCACGAAATCAA,1
TAGCTCAGTTGACTGA,1
TAGCTCCAAAGACTTT,1
TAGCTCCATAGGAAAT,1
TAGCTCCCCAACGACT,1
TAGCTCCCGAAATAAA,1
TAGCTCCCTAAATCAA,1
TAGCTCGCACCCAAAG,1
TAGCTCGCAGCCAGAC,1
TAGCTCGCGTACCAAG,1
TAGCTCGCTGGACCGA,1
TAGCTCGTGCGATCTC,1
TAGCTCTAATATGGTG,1
TAGCTCTATGCATAGA,1
TAGCTGAAAAGTGAAC,1
TAGCTGAAAGGGGATA,1
TAGCTGAACAGTTAAC,1
TAGCTGAAGAAACAAT,1
TAGCTGAAGCTGAGGC,1
TAGCTGAATAGCGAAG,1
TAGCTGATAACATACC,1
TAGCTGATCAAATACC,1
TAGCTGATGTGAAACT,1
TAGCTGATGTGAGCCT,1
TAGCTGATGTGATAGT,1
TAGCTGATTTGAGAGT,1
TAGCTGCCCTGCCTTA,1
TAGCTGCGACCAGTAT,1
TAGCTGCGGCAAAGCT,1
TAGCTGCGGCATAGCT,1
TAGCTGCGTTGTACGC,1
TAGCTGGCCATCCATT,1
TAGCTGGTAATCCATT,1
TAGCTGGTCACCCATT,1
TAGCTGGTCATGCATT,1
TAGCTGGTTATCCATT,1
TAGCTGTAGAACTGTG,1
TAGCTTAAAAACAATT,1
TAGCTTAACCACTTAA,1
TAGCTTAAGACTTAGA,1
TAGCTTACAAACGCGC,1
TAGCTTACAACTACAT,1
TAGCTTATCATGAGCA,1
TAGCTTATGATGAGCC,1
TAGCTTATGTCCATTT,1
TAGCTTCAATTGAGCG,1
TAGCTTGAACAATACA,1
TAGCTTGAGACTTACA,1
TAGCTTGAGATGAATT,1
TAGCTTGTCACTTACA,1
TAGCTTTAGTATTGTG,1
TAGCTTTCACATGATT,1
TAGCTTTTAACGACTA,1
TAGCTTTTACAGACTA,1
TAGGAAAAAGAAGACA,1
TAGGAAAAATGTAATA,1
TAGGAAAAGGCAGACT,1
TAGGAAAAGTGTAACA,1
TAGGAAACGCCCACCA,1
TAGGAAAGCGAACTAA,1
TAGGAAATAATTCAAT,1
TAGGAAATCAGCCGAT,1
TAGGAAATGAAACTAA,1
TAGGAAATGACACAAC,1
TAGGAACAATATCGAT,1
TAGGAACATAAGAACG,1
TAGGAACCAGATTTCC,1
TAGGAACCATAAAGCC,1
TAGGAACCCTAAAGCC,1
TAGGAACCCTACTGAA,1
TAGGAACCGTAAAGAC,1
TAGGAACCGTAGAGCC,1
TAGGAACCTCGACTAA,1
TAGGAACCTTAAAGCC,1
TAGGAACCTTTCGTGT,1
TAGGAACTAACGAGGT,1
TAGGAACTGTCGTTGA,1
TAGGAAGAAAACCACT,1
TAGGAAGAAAACCTAT,1
TAGGAAGAAAACCTTT,1
TAGGAAGAAAGCCTCT,1
TAGGAAGACACAGTGG,1
TAGGAAGACGAAAAAA,1
TAGGAAGCCTGATTCG,1
TAGGAAGGAAAAGATA,1
TAGGAAGGAACGAACG,1
TAGGAAGGACAGAACG,1
TAGGAAGGACCGAACC,1
TAGGAAGGAGATCAAG,1
TAGGAAGTAATAAGCC,1
TAGGAATAAAACCTCT,1
TAGGAATAAGGATAGG,1
TAGGAATAATCGGTCA,1
TAGGAATAATGTAACA,1
TAGGAATAGAAAAGAT,1
TAGGAATATGCGTGTT,1
TAGGAATGACCGAACG,1
TAGGAATGATAGACTG,1
TAGGAATGGCGGACCC,1
TAGGAATGTCTAGGTT,1
TAGGAATGTGCGTGGT,1
TAGGAATTAACTATTA,1
TAGGAATTAATTAGCC,1
TAGGAATTTCAAGTGA,1
TAGGACAACACAAAAA,1
TAGGACACAAAAACGG,1
TAGGACACATGAGAAA,1
TAGGACACTACAGCCC,1
TAGGACACTTATAGCG,1
TAGGACAGAAAGTCCT,1
TAGGACAGAAGCCACG,1
TAGGACCGAAATAATG,1
TAGGACGAAAAAAACA,1
TAGGACGAACCCACGT,1
TAGGACGGCTGCTTAA,1
TAGGACTAATATACGA,1
TAGGACTTACACAAAG,1
TAGGACTTCGCCATCC,1
TAGGAGAGACGAAAAC,1
TAGGAGAGACTGATAG,1
TAGGAGAGCAGAAAAC,1
TAGGAGAGCCAAAAAC,1
TAGGAGATCCGAAAAC,1
TAGGAGCTAATAAATG,1
TAGGAGCTAATGACAA,1
TAGGAGCTACCAAATT,1
TAGGAGCTATAACTCA,1
TAGGAGGAACCCAAGT,1
TAGGAGGAACCCACAT,1
TAGGAGGAACCCACTT,1
TAGGAGTAAATGGAGA,1
TAGGAGTCAACGAAGG,1
TAGGAGTCGTAAAAAT,1
TAGGAGTGAATCAGTG,1
TAGGAGTGCAATTGCA,1
TAGGAGTGCGAATACA,1
TAGGAGTTAATACATG,1
TAGGAGTTACAAAATT,1
TAGGAGTTACCAAACT,1
TAGGATAAAAAATCAA,1
TAGGATAAAGTTTTAA,1
TAGGATAACAGAACAA,1
TAGGATAACCGCGATA,1
TAGGATAACTGGGAAT,1
TAGGATACCAATGCTA,1
TAGGATACGATATCAA,1
TAGGATACTTATGGCG,1
TAGGATAGACGTATAT,1
TAGGATAGAGCTCATC,1
TAGGATAGCCATAACA,1
TAGGATATAATATCAA,1
TAGGATATAATGGTCC,1
TAGGATATAATGTACA,1
TAGGATATAATTTACC,1
TAGGATATCCTTAGAC,1
TAGGATATTCACACCA,1
TAGGATCAGAGGCCGT,1
TAGGATCAGCACTATG,1
TAGGATCCCAAATTAT,1
TAGGATCCCCCATAAA,1
TAGGATCCCCCGGAAA,1
TAGGATCCCCTACAAA,1
TAGGATCTAACAAGAT,1
TAGGATGACAACTTAT,1
TAGGATTAAAAAGCCC,1
TAGGATTACACCATTC,1
TAGGATTCAAACAAAA,1
TAGGATTCAACTAACT,1
TAGGATTCACATACAA,1
TAGGATTCGAAATGCG,1
TAGGATTCTTTGGATT,1
TAGGCAAAACCCTGAA,1
TAGGCAAAAGAGGTAT,1
TAGGCAAAATAGCGAG,1
TAGGCAAACTACACTA,1
TAGGCAACACCCTGGA,1
TAGGCAAGAAACTATC,1
TAGGCAAGAACAGTAT,1
TAGGCAAGAGACTATC,1
TAGGCAATAGGGTTGT,1
TAGGCAATCTATTAAG,1
TAGGCAATTCAAGCGT,1
TAGGCACACAGAATAG,1
TAGGCAGAGCCGATTT,1
TAGGCAGCCTCCCGCA,1
TAGGCATCTGCACAGA,1
TAGGCATTGGTAACTC,1
TAGGCCACCATACTCA,1
TAGGCCAGAAAACATG,1
TAGGCCATAATCACAT,1
TAGGCCCCTCCCACAA,1
TAGGCCGATTCAATTT,1
TAGGCCGCTTCGCCGG,1
TAGGCCGGTGTCATCT,1
TAGGCCGTGTCACCTC,1
TAGGCGAAATAGTGTT,1
TAGGCGACATTCCTAG,1
TAGGCGACGTGCCTAG,1
TAGGCGCACAAGTGTA,1
TAGGCGGATGGGAGAC,1
TAGGCGGCCTACTGCA,1
TAGGCGGGAGTAAAAA,1
TAGGCGGTTCCATGAA,1
TAGGCGTACCTACTCA,1
TAGGCGTATCCCAGAA,1
TAGGCGTCGGCACAGA,1
TAGGCGTCTACACAGA,1
TAGGCGTCTGAACAGA,1
TAGGCTAAGCCAAACA,1
TAGGCTAGAGATCATC,1
TAGGCTAGCAACTCCT,1
TAGGCTATAGCTCATC,1
TAGGCTCTAACAAGTT,1
TAGGCTCTAACGAGAT,1
TAGGCTGGCACATCAG,1
TAGGCTGGCCTAGAAT,1
TAGGCTTATACACCTA,1
TAGGCTTATAGGCCTA,1
TAGGCTTCAAGCAAAT,1
TAGGCTTTAAAAGCCT,1
TAGGCTTTCGAACATT,1
TAGGCTTTTCTCAGAG,1
TAGGGAAAAAATAGAG,1
TAGGGAACTATCGAAC,1
TAGGGAATAAATCGTA,1
TAGGGACAAGGACCGT,1
TAGGGACCATGCTACG,1
TAGGGACCCAGTTCTG,1
TAGGGACCGTAAAGCC,1
TAGGGACCTGATTTCA,1
TAGGGAGAAAACCTCT,1
TAGGGAGAAAATTAAA,1
TAGGGAGATACGCAGC,1
TAGGGATAAGCAAAAA,1
TAGGGATAAGCTAACA,1
TAGGGATAATCAAACA,1
TAGGGATAGCCCTGGG,1
TAGGGATATACCGGGA,1
TAGGGATATGCCGGGA,1
TAGGGATCATAATATG,1
TAGGGATGACACATAA,1
TAGGGATGACACGTCA,1
TAGGGATGAGACATCA,1
TAGGGATGTCGTACAA,1
TAGGGATGTCGTCAAA,1
TAGGGATGTCGTTCAA,1
TAGGGATTACACATCA,1
TAGGGCAAAAATACGA,1
TAGGGCAAAGGTACCA,1
TAGGGCATAAAGCTGA,1
TAGGGCCATGCCGGGA,1
TAGGGCGGATTAAACT,1
TAGGGCTAGGGCGCCA,1
TAGGGCTATACCGGTA,1
TAGGGCTATGACGGGA,1
TAGGGCTATGCAGGGA,1
TAGGGCTATGCCGGAA,1
TAGGGCTATGGCGCTA,1
TAGGGCTATTCCGGGA,1
TAGGGCTCATAATATC,1
TAGGGGAAGTAAGCAA,1
TAGGGGCACAAGGGTA,1
TAGGGGCACAAGTTTA,1
TAGGGGCCGTTCAGTC,1
TAGGGGTGTCGTCCAA,1
TAGGGTAAACGGTATC,1
TAGGGTACAATATCAA,1
TAGGGTACACTAGGCA,1
TAGGGTACCAATAATG,1
TAGGGTAGAGCTCATC,1
TAGGGTATCATGGATA,1
TAGGGTCACAAGTGTA,1
TAGGGTCACGGAAGCT,1
TAGGGTCGCCGTCAAT,1
TAGGGTGGATTAATAG,1
TAGGGTTAACAATAAG,1
TAGGTAAAATCTAACC,1
TAGGTAAAGCATATGG,1
TAGGTAACGGAGAATT,1
TAGGTAACGTCTCCCC,1
TAGGTAAGAATAGTAT,1
TAGGTAAGCCAGATGC,1
TAGGTAAGTCAACTAA,1
TAGGTAATGATGAAAC,1
TAGGTACACCTATACA,1
TAGGTACCCATAAAAT,1
TAGGTATAGGAGGAAG,1
TAGGTATCGCTGGCCA,1
TAGGTATCTAAATACT,1
TAGGTATGATCCAGAA,1
TAGGTATGGAGAATAT,1
TAGGTATGTCGTCCAA,1
TAGGTATTTAAGATAC,1
TAGGTCAAATCTAACC,1
TAGGTCACCAAAATTA,1
TAGGTCACTAGCAAAA,1
TAGGTCCAAAGCCAAC,1
TAGGTCCAATCAAAAA,1
TAGGTCCCTCGACTCC,1
TAGGTCCGTGAATGGC,1
TAGGTCCTAGCACATG,1
TAGGTCCTAGCACGTT,1
TAGGTCCTATCACGTG,1
TAGGTCGATAGCAAAA,1
TAGGTCGCACAGATTA,1
TAGGTCGCGAGCAAAA,1
TAGGTCGCTACCAAAA,1
TAGGTCGCTAGCAAGA,1
TAGGTCGTATCTTAAA,1
TAGGTCGTGAAATAAG,1
TAGGTCTGAGTCGTAG,1
TAGGTCTTTTTCATAC,1
TAGGTGAAATCTAACA,1
TAGGTGACAAGCTCGC,1
TAGGTGACCATAAACC,1
TAGGTGGAATTGCCCC,1
TAGGTGGTCATCCATT,1
TAGGTGTCTGCACAGA,1
TAGGTGTTGTTCACCC,1
TAGGTTAACCCGGTAC,1
TAGGTTAACCTCACAG,1
TAGGTTAAGCTCTACT,1
TAGGTTAATCAACTGT,1
TAGGTTAATCAGGTAC,1
TAGGTTAATCCGGTGC,1
TAGGTTAATCCTGTAC,1
TAGGTTAATTACTCTA,1
TAGGTTCAACCAGGAA,1
TAGGTTCTAAAGACAG,1
TAGGTTCTGTGTCGAT,1
TAGGTTGTAACTTAAA,1
TAGGTTGTCTCATCAG,1
TAGGTTGTGTCTTAAA,1
TAGGTTGTTTACTCTA,1
TAGGTTTACATATCTT,1
TAGGTTTAGAACAACG,1
TAGGTTTAGTTAGTCC,1
TAGGTTTATATCAGAT,1
TAGGTTTGGACCATAA,1
TAGGTTTGTTGTAGGA,1
TAGTAAAAACTGACAC,1
TAGTAAAAATAACCCA,1
TAGTAAACACTGGAAC,1
TAGTAAACGACTTTCA,1
TAGTAAACTACTTTAA,1
TAGTAAAGAATCTAAG,1
TAGTAAAGCATAAAAG,1
TAGTAAAGGAATCTTA,1
TAGTAAATAATTTTAA,1
TAGTAAATAGCCCATT,1
TAGTAAATGACAGTGT,1
TAGTAAATGCCGAGAC,1
TAGTAAATGGCTAAGG,1
TAGTAACAAATCGACA,1
TAGTAACAAATCGCAA,1
TAGTAACGTAACCAGA,1
TAGTAACTAGAGTGAA,1
TAGTAACTCATCTTGA,1
TAGTAACTGCCGAGAA,1
TAGTAACTTGAGTGAA,1
TAGTAACTTGCAAGAC,1
TAGTAACTTTCCAGAC,1
TAGTAAGAAAAAAAGA,1
TAGTAAGAAAAAGCTA,1
TAGTAAGAAATATGTA,1
TAGTAAGAAATATGTT,1
TAGTAAGATGTTGAAT,1
TAGTAAGGAACTTAAT,1
TAGTAAGGACCGAACG,1
TAGTAAGGTGAGCTGT,1
TAGTAAGTACCAATAG,1
TAGTAAGTCACTAACA,1
TAGTAAGTCCCAGTAG,1
TAGTAAGTCTCTTACC,1
TAGTAATAAAAGGGTC,1
TAGTAATAAAATGCTC,1
TAGTAATACTCCGGAC,1
TAGTAATATATGCAAT,1
TAGTAATATGGTATAC,1
TAGTAATCGCTTATCA,1
TAGTAATCTCTATAAA,1
TAGTAATGCATCAGCT,1
TAGTAATGCCCACAAC,1
TAGTAATGTGGTACCA,1
TAGTAATTACTAGTAT,1
TAGTACAAAATTTTAA,1
TAGTACAAAGAATCTA,1
TAGTACAAGTAATGTA,1
TAGTACAATCTTTCCA,1
TAGTACACAGACTCTC,1
TAGTACACCTAAAAAC,1
TAGTACACGAAGAAGA,1
TAGTACACGAAGTAGA,1
TAGTACACGAGGGTTG,1
TAGTACACGCAAATAT,1
TAGTACAGCAAAATCT,1
TAGTACAGTGAGCTGT,1
TAGTACATCGACAAAG,1
TAGTACCAAGACTCTC,1
TAGTACCACCTCCACC,1
TAGTACCACTGATACA,1
TAGTACCAGTTCCACT,1
TAGTACCCACAAGCCA,1
TAGTACCCAGACTATC,1
TAGTACCCAGACTCAC,1
TAGTACCCAGACTCTA,1
TAGTACCGCCGTGTGG,1
TAGTACCGGAAAAAAG,1
TAGTACCGTCTTTTCG,1
TAGTACCTCAATTTCA,1
TAGTACCTTCCAATGA,1
TAGTACGAATCCCTAT,1
TAGTACGAGTCCCCGA,1
TAGTACGATAACAATA,1
TAGTACGATATTTCCA,1
TAGTACGATCTTTCCG,1
TAGTACGATTTTTCAT,1
TAGTACGGAAGAAAGT,1
TAGTACGGCCAGCAAA,1
TAGTACGGCGGGTTAT,1
TAGTACGGGAGGCGTC,1
TAGTACGGTGAGATGT,1
TAGTACGGTGATCTGT,1
TAGTACGTAATTTTAA,1
TAGTACGTATAACATC,1
TAGTACTAACTAAGCG,1
TAGTACTATACAACAA,1
TAGTACTCAGCTGAAA,1
TAGTACTCCTGGGGGA,1
TAGTACTGTCTTTTTG,1
TAGTACTTAAACCCTA,1
TAGTACTTAAAGACTA,1
TAGTACTTAAAGGCTA,1
TAGTACTTAAATCTTA,1
TAGTACTTTCTTTTCG,1
TAGTAGAAATTAAAAC,1
TAGTAGACGAAATTAC,1
TAGTAGATAGTCGCCA,1
TAGTAGATTACATATC,1
TAGTAGATTTTTGTCT,1
TAGTAGCACATAGTAC,1
TAGTAGGTCATGAAAA,1
TAGTAGTAATAAAGCT,1
TAGTAGTACAATTGCA,1
TAGTAGTAGTAAAGCC,1
TAGTAGTGATAAGCAA,1
TAGTAGTTATAACTCA,1
TAGTATAAAACCCCGA,1
TAGTATAAATAAAGTA,1
TAGTATAAGGACAAAA,1
TAGTATACAAGGAGAA,1
TAGTATACCCACGATA,1
TAGTATACGTAAGATT,1
TAGTATACGTAAGCCT,1
TAGTATACTCCTAATG,1
TAGTATAGACCTATCA,1
TAGTATAGCAGTGTCA,1
TAGTATAGGGTTGACG,1
TAGTATATGCAGACGT,1
TAGTATATGTTTAGCC,1
TAGTATATTCACAACA,1
TAGTATATTTTTAGAC,1
TAGTATATTTTTAGCA,1
TAGTATCAGTTTGAAA,1
TAGTATCATCTTATAG,1
TAGTATCATGAAATCA,1
TAGTATCATTCACTTC,1
TAGTATCCAAACTAAA,1
TAGTATCCTTATGCGC,1
TAGTATCGCAGCGGTG,1
TAGTATCTCATCATCT,1
TAGTATCTCGTCTCAG,1
TAGTATCTTAACAACA,1
TAGTATCTTAACCAAA,1
TAGTATGAAGTGAACT,1
TAGTATGAATGTGTTT,1
TAGTATGAATTAAACA,1
TAGTATGACGGCAATT,1
TAGTATGATCACGCGT,1
TAGTATGCAATGATCA,1
TAGTATGCTAAAGTCG,1
TAGTATGTAGTACCAT,1
TAGTATTAACCCGAAG,1
TAGTATTGAAAAAGGA,1
TAGTATTGAATCCGAA,1
TAGTATTGACGGTTGA,1
TAGTATTGGATCCAAC,1
TAGTCAAAAATCTACC,1
TAGTCAAAAATTAAAA,1
TAGTCAAAGTCAAACA,1
TAGTCAACAAGCGGGT,1
TAGTCAACAATAAATC,1
TAGTCAAGAATTGGTA,1
TAGTCAAGACTAAAGT,1
TAGTCAAGTCCCTGGT,1
TAGTCAATACACTTAT,1
TAGTCAATACATCGAG,1
TAGTCAATCGAATATT,1
TAGTCAATCGGATCAC,1
TAGTCACAATCAAACA,1
TAGTCACAGTCAAACG,1
TAGTCACAGTCATACA,1
TAGTCACAGTCGAACA,1
TAGTCACGGAGCTATC,1
TAGTCACGGATGAATT,1
TAGTCACTGATGAATT,1
TAGTCAGCACATCGAG,1
TAGTCAGGCAATAAAC,1
TAGTCAGGGTATACGT,1
TAGTCAGGTATCAGAT,1
TAGTCAGTAAATCGAG,1
TAGTCAGTAACCCGAT,1
TAGTCAGTACATTGAG,1
TAGTCAGTGGAGTAGT,1
TAGTCATACCTAGCGG,1
TAGTCATATTAGACAC,1
TAGTCATCAATATACG,1
TAGTCATCAATATCCT,1
TAGTCATCATGCCGCG,1
TAGTCATCATGTGAGT,1
TAGTCATCCCTAGAGG,1
TAGTCATCGATATCCG,1
TAGTCATCGTGTGAGC,1
TAGTCATCGTGTGATT,1
TAGTCATCTTGTGAGT,1
TAGTCATGATAATGAA,1
TAGTCATTATACTGAA,1
TAGTCATTATGCAGTG,1
TAGTCCAACACACAGT,1
TAGTCCAGCAATAAAC,1
TAGTCCCAACTTACCT,1
TAGTCCCAGATAAAGC,1
TAGTCCCCAATGGCAC,1
TAGTCCCCTCCCACAA,1
TAGTCCCCTGCATCGA,1
TAGTCCGAAGAATCTA,1
TAGTCCGGAAATAAAC,1
TAGTCCTTACAGCTAC,1
TAGTCCTTCTTACACC,1
TAGTCCTTGGCAGTTC,1
TAGTCGAACACCCGAC,1
TAGTCGACGAGTTACA,1
TAGTCGATAAGTGTAA,1
TAGTCGATACCAAACT,1
TAGTCGATAGGTGTAA,1
TAGTCGCAACAGATAC,1
TAGTCGGCACGTAACC,1
TAGTCGTAAAAGATAC,1
TAGTCGTCATGCGCGT,1
TAGTCGTCGTGTGAGT,1
TAGTCTAACAAAGATT,1
TAGTCTCAAAGGATAG,1
TAGTCTCACAGAACCC,1
TAGTCTCCAAGGCCAA,1
TAGTCTCGGTAGCTTT,1
TAGTCTCTAGCCCAAA,1
TAGTCTCTGCAAGGAA,1
TAGTCTGAACATGCAC,1
TAGTCTGACACATCAG,1
TAGTCTGCAGGCATAA,1
TAGTCTGCTAAGCTCG,1
TAGTCTGTACATCGAG,1
TAGTCTGTAGGCAGAA,1
TAGTCTTCCTTACACC,1
TAGTCTTCGAGCCGAT,1
TAGTCTTGATCATCAT,1
TAGTCTTTCAATAATG,1
TAGTCTTTCCATAGAG,1
TAGTCTTTCTTATACC,1
TAGTCTTTGTTACACC,1
TAGTGAAAGTGGCCTT,1
TAGTGAAATTTTATAG,1
TAGTGAAGCTTCCCAG,1
TAGTGAATATTAGGCA,1
TAGTGAATGATATTCG,1
TAGTGACAACCAATTA,1
TAGTGACAAGAGACAA,1
TAGTGACAGTCAAACA,1
TAGTGACATGTCGGAG,1
TAGTGACCACACAGTG,1
TAGTGACCATAAAGTG,1
TAGTGACCATACAGTT,1
TAGTGACCATACATTG,1
TAGTGACCCAGTGAGC,1
TAGTGACCGTACAGTG,1
TAGTGACGAAAATTTG,1
TAGTGACGAGATAACC,1
TAGTGACGTAAGAAAT,1
TAGTGAGAGACAACAT,1
TAGTGAGGCGCAAATA,1
TAGTGAGGTGAAAATA,1
TAGTGATAAAAGGCTC,1
TAGTGATAGCGAAACA,1
TAGTGATATGCTGGGT,1
TAGTGCATAAAATGAT,1
TAGTGCATAAACCGAT,1
TAGTGCATATAACGGG,1
TAGTGCCCCTTATCCA,1
TAGTGCGGGTAATGTA,1
TAGTGCGTAGAGAACT,1
TAGTGCGTATAACGCG,1
TAGTGCTCAACTGAAA,1
TAGTGCTCACCACAAA,1
TAGTGCTCAGCTGGAA,1
TAGTGCTCAGCTGTAA,1
TAGTGCTCAGCTTAAA,1
TAGTGCTCATCTGAAA,1
TAGTGCTGCTGGTTTG,1
TAGTGCTGGACCTTAA,1
TAGTGCTGTAACGAGT,1
TAGTGCTGTCTAGCAA,1
TAGTGGAAAAAACATG,1
TAGTGGAACAAACATT,1
TAGTGGACAGGCGTTT,1
TAGTGGACCATCGGAG,1
TAGTGGAGCAAAATCT,1
TAGTGGCACACAGGTG,1
TAGTGGGCATCGAAAA,1
TAGTGGGCGAAAATCT,1
TAGTGGGCTAACAGGT,1
TAGTGGGGGCAATGTA,1
TAGTGGGTTGCAGCCG,1
TAGTGGTGACAATGAT,1
TAGTGGTGGCGACTAT,1
TAGTGTAAGCTCGCCT,1
TAGTGTACATAAAGCT,1
TAGTGTAGCAACTTTA,1
TAGTGTATGACTAGAC,1
TAGTGTATGTATAAAG,1
TAGTGTATTACGAGAC,1
TAGTGTCGTAACCAGC,1
TAGTGTGAATATACTA,1
TAGTGTGATTGCTTAT,1
TAGTGTTACAATAATG,1
TAGTGTTCAAATACGA,1
TAGTGTTTCTAGTCGT,1
TAGTTAAAATTTTGTG,1
TAGTTAAAGCCCACTT,1
TAGTTAAAGCTAGATG,1
TAGTTAACAATAAACC,1
TAGTTAACAATAAATA,1
TAGTTAACAATGAATC,1
TAGTTAACATAACGTT,1
TAGTTAACCGAGTAGA,1
TAGTTAACGATAAATC,1
TAGTTAATGCGAATAC,1
TAGTTAATGCGAATGT,1
TAGTTACAATTAGGAC,1
TAGTTACAATTAGTCC,1
TAGTTACAGCCAGGAT,1
TAGTTACAGCCGGGAC,1
TAGTTACAGTACTAAG,1
TAGTTACAGTCAAACA,1
TAGTTACTTACAGATT,1
TAGTTAGAAAATATCA,1
TAGTTAGACTTTTGTG,1
TAGTTAGATACTTAAG,1
TAGTTAGCAATAAATC,1
TAGTTAGGTGCAAATA,1
TAGTTAGTCCGACTGC,1
TAGTTAGTGAGACCCA,1
TAGTTAGTTATACCCA,1
TAGTTATAGAAACAGT,1
TAGTTATCTCATCAAA,1
TAGTTATGTAGATAAT,1
TAGTTCACGAGTTACA,1
TAGTTCAGATTAAAAA,1
TAGTTCCTGTCACTCC,1
TAGTTCGAGCAAGCAA,1
TAGTTCGATCAAGTAA,1
TAGTTCTACGGTAGAT,1
TAGTTGAAGAGTTACA,1
TAGTTGACAAGTTACA,1
TAGTTGACGATTTACA,1
TAGTTGACTAGGCTAG,1
TAGTTGCACTTCGTTT,1
TAGTTGCATCATCGAG,1
TAGTTGCGGCACAGCT,1
TAGTTGGAAATAGAAT,1
TAGTTGTCGCGTAGCT,1
TAGTTGTGAGAGAATT,1
TAGTTGTTTCCTTCGT,1
TAGTTTAAATTACTTT,1
TAGTTTAACCTCTAAA,1
TAGTTTAAGACACATA,1
TAGTTTAATATTACGT,1
TAGTTTACAATAAATC,1
TAGTTTAGAGACGTGA,1
TAGTTTAGGCTCTACT,1
TAGTTTATACGCTCTA,1
TAGTTTCAAAGGATAT,1
TAGTTTCAATGATGGA,1
TAGTTTCAATTGACAC,1
TAGTTTCGACCAAATC,1
TAGTTTTATGCTGTAT,1
TAGTTTTCGTAGAAAT,1
TAGTTTTGAATGCTTA,1
TATAAAAAAAATTCCT,1
TATAAAAAAACAGGTA,1
TATAAAAAAACAGTCA,1
TATAAAAAAACGCACG,1
TATAAAAAAATCAGCA,1
TATAAAAAATACGGCA,1
TATAAAAACCACCAAA,1
TATAAAAATAATAGCT,1
TATAAAAATCCAATTA,1
TATAAAACAAAGAAAT,1
TATAAAACAGAGGTAT,1
TATAAAACAGGATCCT,1
TATAAAACAGGATCTT,1
TATAAAACATGACCCG,1
TATAAAACCTTACCTA,1
TATAAAACGAAGCCAA,1
TATAAAACGGGATCGT,1
TATAAAACGTTTATAA,1
TATAAAACTAAATCCG,1
TATAAAACTATAGTAT,1
TATAAAAGCCCATCAC,1
TATAAAAGCGAACTAA,1
TATAAAAGCTACAGCC,1
TATAAAAGTAGCCAGT,1
TATAAAAGTAGCCTCT,1
TATAAAAGTAGCCTGC,1
TATAAAAGTAGCCTGG,1
TATAAAATAAAAATAA,1
TATAAAATAAACAGAC,1
TATAAAATAGTTAACT,1
TATAAAATATAGAACT,1
TATAAAATATGGGATA,1
TATAAAATATTAGATA,1
TATAAAATCTTCCAAC,1
TATAAAATCTTTAAAT,1
TATAAAATCTTTGATT,1
TATAAAATGATCAATT,1
TATAAAATTACAAACG,1
TATAAAATTCTTAGCA,1
TATAAAATTGGACAGA,1
TATAAAATTTGGCCTA,1
TATAAACAACAAGTAT,1
TATAAACAATACGTCA,1
TATAAACAATACTGCA,1
TATAAACACCCCGCTA,1
TATAAACACTCCTCTA,1
TATAAACAGACACAAT,1
TATAAACATAAAGGAT,1
TATAAACATGACTAAT,1
TATAAACATTGTTAAG,1
TATAAACCCTACTGAA,1
TATAAACCTCCATCTG,1
TATAAACGACATCACC,1
TATAAACGGGCAGAGT,1
TATAAACTAATGACAA,1
TATAAACTTCTAATAT,1
TATAAACTTGGAAAGA,1
TATAAACTTGGACATA,1
TATAAACTTGTACAGA,1
TATAAAGAAAAGAAAA,1
TATAAAGATAATAAAA,1
TATAAAGATTAAACGA,1
TATAAAGCGGTCCCCG,1
TATAAAGCGTCTCACA,1
TATAAAGCTTAATTGG,1
TATAAAGCTTAGCCAT,1
TATAAAGGAAAAACGT,1
TATAAAGGAGTAACTA,1
TATAAAGGAGTTATAG,1
TATAAAGGCATTTTAG,1
TATAAAGGCTTACTAG,1
TATAAAGGCTTCAAAG,1
TATAAAGGCTTCATAT,1
TATAAAGGGAGTGATT,1
TATAAAGGGGATCATG,1
TATAAAGGTTTCCGAA,1
TATAAAGTCGCAAATA,1
TATAAAGTCTTCATAG,1
TATAAAGTGTTTAAAG,1
TATAAAGTTCATTGTA,1
TATAAAGTTGGTGAAA,1
TATAAATAACCGCCAT,1
TATAAATAACTGCTAG,1
TATAAATAATTCAAAG,1
TATAAATACATGCAAA,1
TATAAATACATTAATC,1
TATAAATACTCCGCTA,1
TATAAATACTGCAGAA,1
TATAAATAGACATAGC,1
TATAAATATAAATAGC,1
TATAAATATAGACGTG,1
TATAAATCCAAAATGG,1
TATAAATCCAAACAAG,1
TATAAATCCCAACCTT,1
TATAAATCCTTGAGAT,1
TATAAATGAATTGTAG,1
TATAAATGCATTAAAT,1
TATAAATGCGTTAAAC,1
TATAAATTACAGTGGG,1
TATAAATTGCATTGCA,1
TATAAATTGCGAGCGT,1
TATAACAAAATATACA,1
TATAACAACATACACA,1
TATAACAACATATAAA,1
TATAACAACATATGCA,1
TATAACAATAACTCTC,1
TATAACAATGAGGATA,1
TATAACAATGCAAAAA,1
TATAACAATGGGGATC,1
TATAACACAATTCAGC,1
TATAACACACTTAAGC,1
TATAACACACTTCATC,1
TATAACACGCCGACAC,1
TATAACACGCTTATGC,1
TATAACACGTGCAGCT,1
TATAACACGTGCATCT,1
TATAACACTACACGTT,1
TATAACACTCCAACTA,1
TATAACACTCCTATGC,1
TATAACACTCTTATAC,1
TATAACACTCTTATTC,1
TATAACACTTAGCCAT,1
TATAACACTTTTATGC,1
TATAACAGCTGGTAAT,1
TATAACATAGGAAAAG,1
TATAACATCATACAGC,1
TATAACATCCTTCTCA,1
TATAACATTGAAGTCA,1
TATAACATTGCTGTAT,1
TATAACATTTCCTTGC,1
TATAACCAAAAACACT,1
TATAACCAATATTGAA,1
TATAACCAGCCTGCGT,1
TATAACCATTCCATAG,1
TATAACCGAAGATGCA,1
TATAACCTAAGATTCA,1
TATAACCTGAGATGCA,1
TATAACCTTGCTGTGT,1
TATAACCTTGCTTTAT,1
TATAACGAAATAACAA,1
TATAACGACCCCCAAA,1
TATAACGACCCTCGAA,1
TATAACGATAAAGTCT,1
TATAACGATTAAGGCG,1
TATAACGATTAGCCAT,1
TATAACGCAGCGGGTT,1
TATAACGCTCTTATGC,1
TATAACGCTGTCGACC,1
TATAACGCTTAGCAAT,1
TATAACGCTTAGCCAC,1
TATAACGCTTATCCAT,1
TATAACGGATAGTAGT,1
TATAACGGCACCCCCT,1
TATAACGGCCCTCAAA,1
TATAACGGGTGATTGA,1
TATAACGTAACTATAG,1
TATAACGTAATGTACA,1
TATAACGTTCACCACA,1
TATAACTACCATACAC,1
TATAACTACCATTATA,1
TATAACTACGTTAAGT,1
TATAACTAGCATTAAC,1
TATAACTCAAGACTCG,1
TATAACTGGGACCGTA,1
TATAACTTGTGTATCA,1
TATAAGAAAGCCAGAA,1
TATAAGAAATAGAACC,1
TATAAGAACCGATACA,1
TATAAGAATTAGAACG,1
TATAAGACAAAGGCAC,1
TATAAGACACCAAATT,1
TATAAGACACCGGCGC,1
TATAAGACAGAGCCAT,1
TATAAGACAGCAAGAA,1
TATAAGACCAAGCCAT,1
TATAAGACCGGATACA,1
TATAAGACTCGCCACT,1
TATAAGAGAACCGTAA,1
TATAAGAGACCGAACA,1
TATAAGATATGAGATA,1
TATAAGATCCGATACA,1
TATAAGATTTCTATTC,1
TATAAGCACGTCATGG,1
TATAAGCATAGATAGA,1
TATAAGCCGAAGGATT,1
TATAAGCCTCAGCGCG,1
TATAAGCGAACAGTAA,1
TATAAGCGAACCGTGA,1
TATAAGCTCTTACAAC,1
TATAAGGAACATTACA,1
TATAAGGAACCATGCA,1
TATAAGGAATCTGATA,1
TATAAGGACACATGTC,1
TATAAGGACCCATCTC,1
TATAAGGAGCCATGTC,1
TATAAGGATCCATGTC,1
TATAAGGCAAAATGTT,1
TATAAGGCCAGTCGTA,1
TATAAGGCCCCATTGG,1
TATAAGGCCCGACGTA,1
TATAAGGCCCGATACA,1
TATAAGGCCCGTCATA,1
TATAAGGCCCGTGGTA,1
TATAAGGCCTGTCGTA,1
TATAAGGCGTAAGGCC,1
TATAAGGCTATAATAA,1
TATAAGGGAACCGTAA,1
TATAAGGGGGTAACCC,1
TATAAGGGTGTAACCA,1
TATAAGGGTTATAGCC,1
TATAAGGTGCTGCTAC,1
TATAAGTAAAGGTAAG,1
TATAAGTAGGCAAACT,1
TATAAGTATATCTCCC,1
TATAAGTATATTTAAT,1
TATAAGTATTACAGAC,1
TATAAGTCACGAATCA,1
TATAAGTCCATCCAGA,1
TATAAGTCCCGTCGTA,1
TATAAGTGTACTCAAG,1
TATAAGTGTCCGAATG,1
TATAAGTTCCCGAGAC,1
TATAAGTTGGAGTAGT,1
TATAATAAGATGTGTA,1
TATAATAAGTTCATAG,1
TATAATAATGTAGACC,1
TATAATAATTCACAGG,1
TATAATACAACGACAA,1
TATAATACAACGCCAT,1
TATAATACAACGCCGA,1
TATAATACAACGGCAA,1
TATAATACAATGCCAA,1
TATAATACAGCGCCAA,1
TATAATACCCGATACA,1
TATAATACCTACCATA,1
TATAATACGACGCCAA,1
TATAATACTAAAAAGA,1
TATAATAGAACGCCAA,1
TATAATAGAGAGGCTT,1
TATAATAGCGAGGATT,1
TATAATAGTGAGGCTT,1
TATAATATAGAGCCTT,1
TATAATATAGATCCTG,1
TATAATATATGAAGCA,1
TATAATATCACATTCC,1
TATAATATCAGTACAA,1
TATAATATCCGTGATA,1
TATAATATCCTGTATC,1
TATAATATGATGTGCA,1
TATAATATGGACATCG,1
TATAATATTACTATTC,1
TATAATCAAGTTAGAA,1
TATAATCACCACCCAA,1
TATAATCACTCTATAT,1
TATAATCAGCCATCAC,1
TATAATCAGGTAAACC,1
TATAATCCAATTCGTA,1
TATAATCCAGTTATAA,1
TATAATCCAGTTGGAA,1
TATAATCCGACCCCCT,1
TATAATCCGACTAGAT,1
TATAATCCTATTTAAT,1
TATAATCCTTTTCCAT,1
TATAATCGGCCGGGGA,1
TATAATGAATGAATCA,1
TATAATGACGTTATCG,1
TATAATGAGGGCGATG,1
TATAATGATTGCAACA,1
TATAATGCAGAAGCCT,1
TATAATGCCGCAAAAA,1
TATAATGGATGGATGA,1
TATAATGTGAGAAATG,1
TATAATGTGAGAACAC,1
TATAATGTGCTCACTA,1
TATAATTAAAGGTAAT,1
TATAATTACGAGTTTT,1
TATAATTACTCCATAT,1
TATAATTAGAATCTGA,1
TATAATTAGATCTCTC,1
TATAATTAGATCTCTG,1
TATAATTCAGAGGACA,1
TATAATTCATAGCAGA,1
TATAATTCTTGTAGAA,1
TATAATTGACATCAAC,1
TATAATTTAGATTAAT,1
TATAATTTTCTCATCC,1
TATAATTTTGATGGAC,1
TATACAAAAACACGAG,1
TATACAAAACCAAGAG,1
TATACAAAGCAGTTCG,1
TATACAAATCAGTGCG,1
TATACAACAGAAAAAC,1
TATACAACCCATGCAA,1
TATACAACCCCATAGA,1
TATACAACTACAGGGT,1
TATACAACTACTAAAC,1
TATACAACTGTAGAAA,1
TATACAACTTAGAAAA,1
TATACAAGATACATGC,1
TATACAAGTCCACACG,1
TATACAATTGACTTCA,1
TATACACAAAAACCAA,1
TATACACAAAAACCCT,1
TATACACAAAATACCA,1
TATACACAACACATCC,1
TATACACAAGCTGTAA,1
TATACACATACACTAG,1
TATACACATGAGTCCT,1
TATACACATGATCCGG,1
TATACACCTACTCTAT,1
TATACACCTCTATAAT,1
TATACACGACAACCAT,1
TATACACGACATCCAT,1
TATACACGCACAAGCG,1
TATACACGGGCTGTAA,1
TATACACTGATCAACA,1
TATACACTTTTAAAAA,1
TATACAGACTAATTGT,1
TATACAGAGATACAAC,1
TATACAGCTTATGATT,1
TATACATATAATTTGA,1
TATACATCCTTTAACC,1
TATACATGGAAATTCA,1
TATACATGTAATAAGT,1
TATACATTATTACTTA,1
TATACATTCCATTTAT,1
TATACATTGATCACCA,1
TATACATTGCAATTGC,1
TATACATTTAACATAT,1
TATACCAAAATGCTAT,1
TATACCAAACAATGAC,1
TATACCAATATTGACT,1
TATACCATAGATCCTG,1
TATACCATCAGTACAA,1
TATACCCAACATATAC,1
TATACCCCGTCGAAAG,1
TATACCCCTCCCACAA,1
TATACCCGACAGTACA,1
TATACCCGTCGGTTAC,1
TATACCCTCCGACGCT,1
TATACCCTCTAAATTG,1
TATACCCTGGATAACA,1
TATACCGAATAAAACA,1
TATACCGACGTAAAAC,1
TATACCGATACAATGT,1
TATACCGCAACCTAAG,1
TATACCGCAGCGGCTT,1
TATACCGCAGCTGGTT,1
TATACCGCTTTGTCGT,1
TATACCGTAGCTATAG,1
TATACCTAAAATAAAC,1
TATACCTAAATATATA,1
TATACCTAAGAAACCT,1
TATACCTACAATTATA,1
TATACCTACCATCATA,1
TATACCTACCGTTATA,1
TATACCTACGATTATA,1
TATACCTAGCATTATA,1
TATACCTCAATACTCG,1
TATACCTCACTAATCG,1
TATACCTCACTACTCC,1
TATACCTCACTACTCT,1
TATACCTTAGGACAGA,1
TATACGAGAAAAATGC,1
TATACGAGAAAAGGGC,1
TATACGAGGAAAAGGC,1
TATACGAGGCCTACCA,1
TATACGATACCATGAA,1
TATACGATCTCTAAAC,1
TATACGCATAAGCCAA,1
TATACGCGGAAGAATG,1
TATACGCTGATCACCA,1
TATACGGAACATCACA,1
TATACGGAACATTATA,1
TATACGGAACATTGCA,1
TATACGGAACGTTACA,1
TATACGGAGCATTACA,1
TATACGGCACACGGCT,1
TATACGGCCAAGTGAT,1
TATACGGGACATTACA,1
TATACGGGCGACCGCT,1
TATACGGGTGACAGCT,1
TATACGGTAAGGCGTT,1
TATACGTAACATTACA,1
TATACGTAGGATATCT,1
TATACGTCGGTTATCG,1
TATACGTGTAAAGAGA,1
TATACGTTATATTGAA,1
TATACGTTGCTCAGAC,1
TATACTAAAATCGACC,1
TATACTAAATAGGATA,1
TATACTAACTAATTAC,1
TATACTAAGGCTGCAA,1
TATACTAATTCTACAT,1
TATACTACAGTAAATT,1
TATACTACCAACACTT,1
TATACTACTCTACAAC,1
TATACTACTTTGTGCT,1
TATACTATAAGCACGA,1
TATACTATAAGTACAA,1
TATACTATACCTCCGA,1
TATACTATAGATACTG,1
TATACTATAGATCCTC,1
TATACTATAGATCCTT,1
TATACTATAGCTCCAA,1
TATACTATAGCTCCTA,1
TATACTATATCTCCGA,1
TATACTATCATTACAA,1
TATACTATCCCACTAA,1
TATACTATCGGTACAA,1
TATACTATGCATAATA,1
TATACTATGGCTAAGA,1
TATACTATTATAGAAA,1
TATACTATTATCTTAA,1
TATACTATTCTACTAA,1
TATACTATTTTACCAA,1
TATACTCATAGAAACA,1
TATACTCATATTTGAG,1
TATACTCATCCTTGAG,1
TATACTCCCAATATCT,1
TATACTCCCCACGAAT,1
TATACTCCCTATCTTA,1
TATACTCGAGCTCAAT,1
TATACTCTACCTCGTA,1
TATACTCTCCTACTAA,1
TATACTGAACATTACA,1
TATACTGCACAGGACT,1
TATACTGCGGCGTCTA,1
TATACTGTAGCTCCGA,1
TATACTGTATGGACCC,1
TATACTTAATCAAACG,1
TATACTTAGGCCTAAG,1
TATACTTAGTGCTAAT,1
TATACTTTAAAACACA,1
TATACTTTCTGGTAAA,1
TATAGAAAAACACTTC,1
TATAGAAACACCGTAC,1
TATAGAAACTTTGAAA,1
TATAGAAAGCTTGTCC,1
TATAGAAATGCACTGA,1
TATAGAACACACAAGA,1
TATAGAACACTCAAGA,1
TATAGAACGAAGTCAA,1
TATAGAACGAATCCAA,1
TATAGAAGCAGTCAAG,1
TATAGAAGCGCTAGAC,1
TATAGAATACGAAGGA,1
TATAGAATACGGAGGC,1
TATAGACAATTATATG,1
TATAGACACAACAAGG,1
TATAGACAGCCATAAA,1
TATAGACAGTTAAAAG,1
TATAGACATGTTCAAG,1
TATAGACCTATAGACG,1
TATAGACGTCGGTAAT,1
TATAGACTCACACCAA,1
TATAGACTGCCGACGC,1
TATAGAGAAATAATTC,1
TATAGAGAAGCACAGA,1
TATAGAGACAATACCA,1
TATAGAGAGATTAAAG,1
TATAGAGCTGTCCCCG,1
TATAGAGGAATTTATT,1
TATAGAGGCTTCATAG,1
TATAGAGTAAATGGCA,1
TATAGAGTACGAAGGC,1
TATAGAGTAGTAAGCA,1
TATAGAGTGACTAGCA,1
TATAGAGTTTAATCGT,1
TATAGATAAGCATACA,1
TATAGATAGCGTCACT,1
TATAGATAGGCCTCTC,1
TATAGATCAATTTTCC,1
TATAGATGAGCTAGCA,1
TATAGATTCAAATAAC,1
TATAGCAACATATACA,1
TATAGCACAGCATATC,1
TATAGCACATTAGCCC,1
TATAGCACATTGTCAA,1
TATAGCACCTATAGCA,1
TATAGCACCTCGAACG,1
TATAGCACGGCACCCA,1
TATAGCACTACCTTAT,1
TATAGCACTAGGGATG,1
TATAGCATAAATGAAC,1
TATAGCATATAGGACA,1
TATAGCATATTCGCCC,1
TATAGCATTGTATATT,1
TATAGCCAGGATTTCT,1
TATAGCCAGTATTTCC,1
TATAGCCATCGAGGTA,1
TATAGCCCATTGTCAG,1
TATAGCCCATTGTCCC,1
TATAGCCCATTGTCGA,1
TATAGCCCGTCCAAAG,1
TATAGCCCGTCGAAAC,1
TATAGCCCGTCTAAAG,1
TATAGCCCTTCGAAAG,1
TATAGCCGCGATTCGG,1
TATAGCCTAAGTCTTA,1
TATAGCCTTGTTTTCA,1
TATAGCCTTTAATCGT,1
TATAGCGAAATGGAAA,1
TATAGCGCATCCTCTC,1
TATAGCGTTCAATCGT,1
TATAGCGTTTAATCAT,1
TATAGCTACCCAGTCC,1
TATAGCTAGCCAGTCC,1
TATAGCTATCTAGTCC,1
TATAGCTCCGCAATGA,1
TATAGCTCGCCAGCTT,1
TATAGCTCGTAAGAGG,1
TATAGCTCGTAGGAAT,1
TATAGCTCTATGTCAT,1
TATAGCTGATAGATCT,1
TATAGCTGTTCCCGGG,1
TATAGCTTCATAGTTT,1
TATAGCTTCCATTAGC,1
TATAGCTTTGCCCGGG,1
TATAGGAAAACGCAGA,1
TATAGGAAGCACAAAT,1
TATAGGAATAGAACTT,1
TATAGGACCTTCCAAA,1
TATAGGATCGATGCCA,1
TATAGGATCTATGCCA,1
TATAGGATTATCCTTA,1
TATAGGCACTCGTTCA,1
TATAGGCAGTTACAAG,1
TATAGGCATGACAATT,1
TATAGGCTACATTCAC,1
TATAGGCTAGTCTTTT,1
TATAGGCTTACAATCC,1
TATAGGGTTTAATCGT,1
TATAGGTAACATATAA,1
TATAGGTACAATTTTG,1
TATAGGTAGCATATCA,1
TATAGGTCCTATTCTA,1
TATAGGTGATGCAGAA,1
TATAGGTTACTTTAAT,1
TATAGGTTGTGCTCAT,1
TATAGTAAAATTGCGC,1
TATAGTAAAGAACAAA,1
TATAGTAACATAATTT,1
TATAGTAATAGATGGG,1
TATAGTACATAGGATG,1
TATAGTACATTCGCCC,1
TATAGTACCATCTAAC,1
TATAGTATAACCTACA,1
TATAGTATAGATCCTG,1
TATAGTATATCTCCGA,1
TATAGTATGAAAGGAT,1
TATAGTATTCTTTGGG,1
TATAGTCCTGTGTTGT,1
TATAGTCTCAGATCCA,1
TATAGTGAGCCATAAT,1
TATAGTGATAAAAAAC,1
TATAGTGATCAAAAAA,1
TATAGTGATCAAAGAC,1
TATAGTGATCGAAAAC,1
TATAGTGATTTTACCA,1
TATAGTGTGCTCACAA,1
TATAGTGTGGGGCCAT,1
TATAGTGTTTTACCGA,1
TATAGTTAACATATCA,1
TATAGTTAGCACAACC,1
TATAGTTATAAGATCA,1
TATAGTTCCAGAGAAA,1
TATAGTTCGAAACACC,1
TATAGTTCGGATAATA,1
TATAGTTGAGACGAAG,1
TATAGTTGAGCCCGCA,1
TATAGTTGTGACGAGG,1
TATAGTTGTGACTAAG,1
TATAGTTGTTACGAAG,1
TATAGTTTATAAAAGC,1
TATAGTTTTAAGCAGA,1
TATATAAAAAACTCTA,1
TATATAAAACACTGCC,1
TATATAAAATTCGATT,1
TATATAAACAAAACAG,1
TATATAAACATATCCT,1
TATATAAAGGGATACA,1
TATATAAATAGACTAA,1
TATATAAATCATAGCT,1
TATATAAATGAGGATT,1
TATATAAATTGCTATT,1
TATATAACCGTTACAA,1
TATATAACGAAGTTAT,1
TATATAAGCACTACCA,1
TATATAAGGCCGAGAT,1
TATATAAGGTACAAAC,1
TATATAAGTTACCACG,1
TATATAAGTTGACTGA,1
TATATAATGCCCCATC,1
TATATAATGCCCCTGC,1
TATATAATGCCTCAGC,1
TATATAATGGTACCCA,1
TATATAATTCCAATAC,1
TATATACAATTAGATT,1
TATATACACCCTACTA,1
TATATACACGCTTAAC,1
TATATACAGCCATCCA,1
TATATACAGGCTGTAA,1
TATATACAGTTACAAG,1
TATATACCCCGAAGAA,1
TATATACCGGTTCTGC,1
TATATACCGGTTCTTG,1
TATATACCTGTTCTGG,1
TATATACGACCTGACC,1
TATATACTACAACTTC,1
TATATACTATCCAAAA,1
TATATACTCTCGTCGG,1
TATATAGAATGAATTC,1
TATATAGAATTATTGC,1
TATATAGACGCATGGA,1
TATATAGCGGAGGTTT,1
TATATAGCTGGCAACC,1
TATATAGCTTGCTACG,1
TATATAGGAACATCTA,1
TATATAGGACCGAGAT,1
TATATAGGCATTTATT,1
TATATAGGTAAACACC,1
TATATAGGTTGCCGAA,1
TATATAGTAACATCGA,1
TATATAGTATATATAT,1
TATATATACACACCTA,1
TATATATACCTATAGC,1
TATATATAGACCAAAT,1
TATATATAGACTTCAA,1
TATATATAGGCTGCAT,1
TATATATATACAAATG,1
TATATATATATTCATA,1
TATATATATCATATTG,1
TATATATATGAGATAA,1
TATATATATGCGCCAC,1
TATATATGATTAAAAA,1
TATATATGTGTGCCAC,1
TATATATTCTACACCC,1
TATATATTGTTAAGAT,1
TATATCAACCAGCCGT,1
TATATCAAGCCGACAC,1
TATATCAAGGAATCTT,1
TATATCAAGGAGAGAG,1
TATATCACACAGTAAA,1
TATATCACACTTCAGC,1
TATATCACGACGACAC,1
TATATCACGCCGACAA,1
TATATCACTCCGACAC,1
TATATCACTCGTTCAA,1
TATATCACTCTTGCAA,1
TATATCACTGGTACAA,1
TATATCAGAATTTCAG,1
TATATCAGCATTGCCC,1
TATATCAGTTGAATGA,1
TATATCAGTTGACTTA,1
TATATCAGTTTACTGA,1
TATATCCAGAACCTAC,1
TATATCCAGAAGACCT,1
TATATCCCAAAACACT,1
TATATCCCAAACTAAA,1
TATATCCGACCTGACA,1
TATATCCGACCTGTTC,1
TATATCCGCTTAAGCT,1
TATATCGAAAATGTCT,1
TATATCGCGCCAATCA,1
TATATCGCTAATGCCG,1
TATATCGGTTGACTGA,1
TATATCTATCCAGTCC,1
TATATCTATTCGAAAT,1
TATATCTCAATTGCTA,1
TATATCTCATTACATT,1
TATATCTCTACTTAAT,1
TATATCTCTACTTCAC,1
TATATCTGACATCTAC,1
TATATCTGACCTGACC,1
TATATCTTAATTATAT,1
TATATGAAAGCCAGAA,1
TATATGAAGATATTGG,1
TATATGAATCACCGCT,1
TATATGACGAAAGACT,1
TATATGACGCGATGTA,1
TATATGAGAAAAAGGC,1
TATATGAGATTTGAAC,1
TATATGAGTGCGCATT,1
TATATGATGCATCATT,1
TATATGATTTTCACAC,1
TATATGCAACGGTTAC,1
TATATGCCCAGCATAC,1
TATATGCGCCGCTCGT,1
TATATGCGTGTTCCCA,1
TATATGGAGATGTAGA,1
TATATGGGGAAACACC,1
TATATGGGTAAACACA,1
TATATGGTCCTTCTGG,1
TATATGGTTAAACACC,1
TATATGTAGTACGTCC,1
TATATGTATCAAAAAC,1
TATATGTATGTGCCAC,1
TATATGTGTAAACAAT,1
TATATTAATAGTAACA,1
TATATTACCAATTACC,1
TATATTACTAACTACC,1
TATATTAGAGCCCTCA,1
TATATTAGCAACTAAC,1
TATATTAGTTGACTGA,1
TATATTCAACTTGTAA,1
TATATTCACCTACACG,1
TATATTCCATGCCTGA,1
TATATTCCCCGAGTAC,1
TATATTCCTTGGACAT,1
TATATTCGACCTGACC,1
TATATTGAAATTGTAA,1
TATATTGAACTCGTAA,1
TATATTGACTACCGCT,1
TATATTGAGGAATTCC,1
TATATTGAGGGAGTCC,1
TATATTGCCACCCTTG,1
TATATTGGAATCGGGG,1
TATATTGGCTTAAAGG,1
TATATTTAAAAATACA,1
TATATTTAGATCCAAT,1
TATATTTATACAGACA,1
TATATTTCACAAACAT,1
TATATTTCATTGATCG,1
TATATTTCTACTTGAT,1
TATATTTTAGTCATAG,1
TATCAAAAAACGCCAT,1
TATCAAAAACTTTACA,1
TATCAAAAAGAGTAGC,1
TATCAAAACTAATACC,1
TATCAAAAGACGCCCT,1
TATCAAAATGAAAGTT,1
TATCAAAATTCAAAGG,1
TATCAAACACCGACAA,1
TATCAAACACCTATAC,1
TATCAAAGAAGAATTG,1
TATCAAAGCAATCCGA,1
TATCAAAGTACTTTCG,1
TATCAAATATGAAACT,1
TATCAAATCATATAAA,1
TATCAAATTATCACTC,1
TATCAACAACGAGTAA,1
TATCAACACATGCCTA,1
TATCAACACTAGGCAC,1
TATCAACACTTTGCCT,1
TATCAACATGAATATA,1
TATCAACATGACTAAC,1
TATCAACATGGCTAAT,1
TATCAACATTAACATT,1
TATCAACCAATATTAA,1
TATCAACCATGAAACT,1
TATCAACCGAACAGGG,1
TATCAACGATCAGATT,1
TATCAACGGAGACAAA,1
TATCAACGGGTACAAA,1
TATCAACTAAGAAGTA,1
TATCAACTAAGTACAT,1
TATCAACTATAAAACT,1
TATCAACTTAGTACAT,1
TATCAACTTTCCTTAA,1
TATCAAGAAGCTACAA,1
TATCAAGAGCATCGGA,1
TATCAAGAGTCATCAT,1
TATCAAGATCCGGTCC,1
TATCAAGGAGATCATG,1
TATCAAGGCACCCACG,1
TATCAAGGGGATCACG,1
TATCAAGGTAAATGTT,1
TATCAAGGTGATCATG,1
TATCAAGTAGCACACA,1
TATCAAGTTTGGTATA,1
TATCAATAACCGTATC,1
TATCAATACAAAATGG,1
TATCAATAGAACATAT,1
TATCAATCAAAATAAA,1
TATCAATCAACCAAGC,1
TATCAATCATAATTAA,1
TATCAATCCAGTAAAA,1
TATCAATCTTATCCCA,1
TATCAATGCGGAATGC,1
TATCAATGCGGACTGA,1
TATCAATGGGAACGTA,1
TATCAATGGGGACAAA,1
TATCAATGTATTACCT,1
TATCAATTAAACTTTA,1
TATCAATTCGGACTGC,1
TATCAATTGAGCAAAA,1
TATCAATTGTTGCCAC,1
TATCACAAAGATAAAG,1
TATCACACAACTATAC,1
TATCACACAACTTAGA,1
TATCACACAGATGACT,1
TATCACACCCCGAAGC,1
TATCACACCTGGTAAT,1
TATCACACGCCTATAC,1
TATCACACGTATCTTT,1
TATCACACTATGAGTA,1
TATCACACTGAGAATT,1
TATCACAGATGGTAAT,1
TATCACAGCCCTTGTG,1
TATCACAGCTAGTAAT,1
TATCACAGCTGGTAAA,1
TATCACAGCTGTTAAT,1
TATCACAGGAATACGA,1
TATCACAGTATAGAAC,1
TATCACATCGACAAAG,1
TATCACATCGTCTAAA,1
TATCACATCTGGTAAT,1
TATCACATTACCAAAC,1
TATCACATTACGTTCC,1
TATCACATTCCAAAAC,1
TATCACATTCCCAAAA,1
TATCACATTTCCGTGC,1
TATCACCATGATTAAT,1
TATCACCCCCAGAAGC,1
TATCACCCCCCGAAGA,1
TATCACCCCCCGTAGC,1
TATCACCCGATGAGTA,1
TATCACCCGCCGAAGC,1
TATCACCCTACGAGTA,1
TATCACCCTATGACTA,1
TATCACCCTATGGGTA,1
TATCACCCTGGCAAAG,1
TATCACCGAACAACAG,1
TATCACCGATAAGATT,1
TATCACCGATGAGATT,1
TATCACCGGGACTCAG,1
TATCACCGTATGAGTA,1
TATCACCGTGATTAAC,1
TATCACCTGAAATCAA,1
TATCACGACATCATCC,1
TATCACGACCACAAGT,1
TATCACGTAAATAGAT,1
TATCACTAAGCCAAAA,1
TATCACTCAGAGGACA,1
TATCACTCAGCTGAAC,1
TATCACTCTACTGACA,1
TATCACTTACTCGCGT,1
TATCAGACGTCTCTTT,1
TATCAGAGACGAAAGC,1
TATCAGAGCCCCATCG,1
TATCAGAGGAAACGCA,1
TATCAGATACCATGAA,1
TATCAGATGCACCCTC,1
TATCAGCATAAGCCAA,1
TATCAGCATTGACGCA,1
TATCAGCCAATATTAA,1
TATCAGCCCTGACATG,1
TATCAGCCTCGAAGAT,1
TATCAGCTACACAAAG,1
TATCAGGACTAGGACA,1
TATCAGGGGGATCATG,1
TATCAGTAAAGCAACA,1
TATCAGTAAAGCAATT,1
TATCAGTAAGCAAACT,1
TATCAGTAGGAAAACT,1
TATCAGTATACATGGT,1
TATCAGTTCTTACGAC,1
TATCAGTTGTTATGCA,1
TATCATAAAGCTTTAT,1
TATCATAAATAAAATC,1
TATCATAAGCTAACAG,1
TATCATACAAAGTATC,1
TATCATACACCCCATA,1
TATCATAGAACAAAAC,1
TATCATAGCGGGGACG,1
TATCATAGCTGGTAAT,1
TATCATAGGGCGTACC,1
TATCATATAGACAACA,1
TATCATATGACCTAAC,1
TATCATATGTACTAAC,1
TATCATATTGCTTCAA,1
TATCATCAAGTTAGGA,1
TATCATCACCCCCTCA,1
TATCATCACCTATGAA,1
TATCATCACTCATGAA,1
TATCATCATAACAAGT,1
TATCATCATAACACTT,1
TATCATCATATCGCCC,1
TATCATCATTCGGAGT,1
TATCATCCTACCTGAA,1
TATCATCGGACGATCC,1
TATCATCGTAACACGT,1
TATCATGACGTAAGTA,1
TATCATGCGAGAACAC,1
TATCATGGTAAACAAA,1
TATCATGTAAGCTCGG,1
TATCATGTGAGAAAAC,1
TATCATGTGAGAACAG,1
TATCATTAAAGTAGCG,1
TATCATTAGGCAAACT,1
TATCATTATAAATCTT,1
TATCATTCAGAAGACA,1
TATCATTCAGAGAACA,1
TATCATTCAGAGTACA,1
TATCATTCATAGGACA,1
TATCATTCCGTAAGTA,1
TATCATTCGGGATAAC,1
TATCATTGATTGGCCT,1
TATCATTTAGAGGACA,1
TATCATTTTATGGCTT,1
TATCCAAAAATGGGAA,1
TATCCAAAAGAGTCTA,1
TATCCAAATCTCCAAA,1
TATCCAAATTTCCTCA,1
TATCCAACTGAAGCCA,1
TATCCAAGACGAAAGC,1
TATCCAAGCCGTCTAA,1
TATCCAATCATGGCCG,1
TATCCACAAAGATAAG,1
TATCCACAACTAGTAA,1
TATCCACAAGCATTTC,1
TATCCACAATATCGCA,1
TATCCACAATGCCGCC,1
TATCCACCAGAAAAAC,1
TATCCACCATACCGCC,1
TATCCACCATCCCGCC,1
TATCCACCATGCCACC,1
TATCCACCCTAATACA,1
TATCCACCGTCAAAAA,1
TATCCACGACTATAGT,1
TATCCACGTGCTTGAT,1
TATCCACTTAAAAGAC,1
TATCCACTTTCCTTAA,1
TATCCAGAAAAAACAA,1
TATCCAGCATCAAAAG,1
TATCCAGTGGCAGTTA,1
TATCCAGTTGAAAGTG,1
TATCCATAAGCCAAAA,1
TATCCATCATCTCAAA,1
TATCCATCTCTTTACT,1
TATCCATGAAAACAAG,1
TATCCATGAATTTTTT,1
TATCCATGAGTTAACC,1
TATCCATGTAAATGTA,1
TATCCATTAAAAACAA,1
TATCCATTAGTCACCA,1
TATCCATTTAAATATA,1
TATCCCAAGCTCACCC,1
TATCCCCAATATCGAA,1
TATCCCCAATATTGCA,1
TATCCCCACAAAAATC,1
TATCCCCACAACACAG,1
TATCCCCATAAGCCAA,1
TATCCCCCCTAAATTG,1
TATCCCCGAATTTTTT,1
TATCCCCGCAAAATGA,1
TATCCCCGGGTACCCT,1
TATCCCCGTATTCGAA,1
TATCCCCTCTAGATTG,1
TATCCCGTAATAACTT,1
TATCCCTACAATAATT,1
TATCCCTCTAATGAAC,1
TATCCCTGAGCCAAAA,1
TATCCCTGTGAACCAT,1
TATCCCTTACTAGCGT,1
TATCCCTTACTCCCGT,1
TATCCCTTACTCGCTT,1
TATCCCTTTAGCCCAG,1
TATCCGAACGATTCAA,1
TATCCGAATAACCTAA,1
TATCCGAATACATTTC,1
TATCCGACCCACCATG,1
TATCCGAGACCAAAGC,1
TATCCGAGACTAAAGC,1
TATCCGAGAGTTAGCC,1
TATCCGAGCGAACTAA,1
TATCCGATACCATAAA,1
TATCCGATACCATCAA,1
TATCCGCATAAACCAA,1
TATCCGCATAAGCCGA,1
TATCCGCATAAGCCTA,1
TATCCGCATATGCCAA,1
TATCCGCCAAACTAAG,1
TATCCGCCTGCTGGAA,1
TATCCGGAACTGTTTA,1
TATCCGTACCTTCTGC,1
TATCCGTTAGTTACCA,1
TATCCTAACATCACCA,1
TATCCTAACCAAAACC,1
TATCCTAACCTTCCCA,1
TATCCTAAGACAATGG,1
TATCCTAGAATGGGAA,1
TATCCTATACTTCTTC,1
TATCCTATATAAGAAG,1
TATCCTATCTATTGCC,1
TATCCTCACAAAGATC,1
TATCCTCAGAAAAATC,1
TATCCTCGGACGATAC,1
TATCCTCTCAAAGTAT,1
TATCCTTACTTGACAA,1
TATCCTTAGGCATAAG,1
TATCCTTAGGTCTAAG,1
TATCCTTCAGCGCAAC,1
TATCCTTCTAATCAAA,1
TATCCTTGGACGATCC,1
TATCGAAATCACAATT,1
TATCGAACAATCGTTT,1
TATCGAACCTCTCCTT,1
TATCGAAGTCGAGTCT,1
TATCGAAGTGACTACG,1
TATCGAATACAGAACT,1
TATCGAATCGGGGAAG,1
TATCGAATGCACGGGA,1
TATCGAATGGACCCCG,1
TATCGACAAGACAAAA,1
TATCGACCAGCAATAA,1
TATCGACCCCAAATAT,1
TATCGACCTTGAAACA,1
TATCGACGGATGAGTT,1
TATCGACGGGGACAAA,1
TATCGACTGAAAAGCA,1
TATCGACTGTCGCTTC,1
TATCGAGAAAATACCA,1
TATCGAGAACTATACA,1
TATCGAGACAATAACA,1
TATCGAGAGATTAAAT,1
TATCGAGAGATTAAGG,1
TATCGAGATATTAAAG,1
TATCGAGATCACGACT,1
TATCGAGGGGATCATG,1
TATCGATACAATACCA,1
TATCGATATCACGATT,1
TATCGATCATAACCAT,1
TATCGATTAAACGTTA,1
TATCGATTTATGACGG,1
TATCGCACAAATGACT,1
TATCGCACACGGTGTA,1
TATCGCACCAAATGTA,1
TATCGCACCTCTCATT,1
TATCGCAGGGATTAAG,1
TATCGCATATATAACG,1
TATCGCATCGGGGATA,1
TATCGCATTTTTCTTT,1
TATCGCCACAACCCAA,1
TATCGCCACAACTCAG,1
TATCGCCACAACTCAT,1
TATCGCCACGCCACAG,1
TATCGCGAGGAATCAT,1
TATCGCGCCTCCGTCA,1
TATCGCGTAGACCAAT,1
TATCGCGTAGACCTAA,1
TATCGCGTTGACCAAA,1
TATCGCTACAACTCAA,1
TATCGCTCGTTGCCAT,1
TATCGCTTAAGCGATC,1
TATCGCTTCTATATCA,1
TATCGGAAAGAATAAG,1
TATCGGAACGGCTGCT,1
TATCGGAATTTTTTGC,1
TATCGGACGCACAATA,1
TATCGGACTAACCGGT,1
TATCGGCAATTACAGT,1
TATCGGCACGGATAGA,1
TATCGGCGTAGACTAG,1
TATCGGGCCTGACCAC,1
TATCGGGTATCTACAC,1
TATCGGTAAGCCACTG,1
TATCGGTACACCCGAC,1
TATCGTAACGAAACTC,1
TATCGTACTAAGAACG,1
TATCGTAGCGGTGGTA,1
TATCGTATACCTCCGA,1
TATCGTATATCCCCGA,1
TATCGTATATCTCAGA,1
TATCGTATATCTCCAA,1
TATCGTATATCTCCGT,1
TATCGTATATTTCCGA,1
TATCGTATGTAACTAA,1
TATCGTCAAGATAGGA,1
TATCGTCATAACACGT,1
TATCGTCCTTTGTTGT,1
TATCGTGCAATTCAAT,1
TATCGTGCCTCTCCTA,1
TATCGTGTATAATATT,1
TATCGTGTTACTGTCC,1
TATCGTTAACCTAAGG,1
TATCGTTAACCTACGG,1
TATCGTTAGAACAATG,1
TATCGTTCTGCATCGC,1
TATCGTTTCTAAGCCA,1
TATCGTTTGCAATCGT,1
TATCGTTTTACGAGCG,1
TATCTAAAAATAGTCA,1
TATCTAAAACTTAGGG,1
TATCTAAAATGCTATT,1
TATCTAAAGATTAGGG,1
TATCTAAAGTGCTATT,1
TATCTAAATCTTAGGG,1
TATCTAAATTGATATT,1
TATCTAACAGAAAAAC,1
TATCTAACAGCACAAG,1
TATCTAACTCAAACAC,1
TATCTAAGAGGCCCGG,1
TATCTAAGCGTCGTGT,1
TATCTAATACTTGATT,1
TATCTAATGTATCACC,1
TATCTAATTCATGTTA,1
TATCTACAACCATCCA,1
TATCTACACATAGAAT,1
TATCTACACGGCGAGA,1
TATCTACAGCCACCCA,1
TATCTACAGCCATCAA,1
TATCTACAGTAAATAT,1
TATCTACCAATAGAAT,1
TATCTACCACTTATAC,1
TATCTACGGGGACAAA,1
TATCTACGTATGAGTT,1
TATCTACTGCAAGATA,1
TATCTACTTAAAGAGA,1
TATCTACTTAAGGATA,1
TATCTACTTAAGGGGA,1
TATCTAGACTTGACCC,1
TATCTAGAGATTAAAG,1
TATCTAGCAGACCTTC,1
TATCTAGCCTCAAAAG,1
TATCTAGCTAGCCATT,1
TATCTATAAACAAACA,1
TATCTATAAATGTGCC,1
TATCTATAAATGTTTC,1
TATCTATACAACGTGA,1
TATCTATAGCCACTGT,1
TATCTATCAAAAACCT,1
TATCTATGCAGACCCA,1
TATCTATGTAGAATGG,1
TATCTATTATTACTTA,1
TATCTCAAACAAATGA,1
TATCTCAATTAGACTG,1
TATCTCAGATAGATTC,1
TATCTCAGATTTACTT,1
TATCTCATAAATCAAC,1
TATCTCATCAGACCAT,1
TATCTCCACAACTCAA,1
TATCTCCGGCCATCCC,1
TATCTCCTCAAGCTCG,1
TATCTCCTGGAGTCCA,1
TATCTCCTTAAGCTAG,1
TATCTCCTTAAGCTCT,1
TATCTCCTTAGGCTCG,1
TATCTCGGCACTCAAT,1
TATCTCGTTAATCCAA,1
TATCTCTACCGAGAAT,1
TATCTCTCAGAGTAAT,1
TATCTCTGATTGGAGA,1
TATCTCTTCAGAAATG,1
TATCTCTTGAAGCGGC,1
TATCTGAAAGACTAAG,1
TATCTGAAATCTCGCA,1
TATCTGAACCAGGCCA,1
TATCTGAACTATTCAA,1
TATCTGAAGCGATGTA,1
TATCTGAAGGATTCAA,1
TATCTGAATTGCTATT,1
TATCTGACAAGAGTTA,1
TATCTGACAGCCTGAA,1
TATCTGAGCGATTCAA,1
TATCTGAGCTCATCAA,1
TATCTGAGGGTTAGCC,1
TATCTGATCTTTGGTA,1
TATCTGCACAACGGCA,1
TATCTGCAGCCATCCA,1
TATCTGCCTTCTATTC,1
TATCTGGAACGGTTTA,1
TATCTGGACGATTCAA,1
TATCTGGCTAATATAA,1
TATCTGGGAATGCCCC,1
TATCTGGTCATCCATT,1
TATCTGTCAGTGGATA,1
TATCTGTCATCTCGCA,1
TATCTTAAAAAAGGCT,1
TATCTTAATATGGATA,1
TATCTTATAAATCACC,1
TATCTTATACAAATTG,1
TATCTTATATCTCCGA,1
TATCTTATCGAGGTGG,1
TATCTTATTCAGATTG,1
TATCTTCCTCATAGTG,1
TATCTTCTGATGGAAA,1
TATCTTGACGACTAGA,1
TATCTTGATACAAAGA,1
TATCTTGCCAAGAACT,1
TATCTTGGAATAGGGG,1
TATCTTGGAATCGGGT,1
TATCTTGGAATCTGGG,1
TATCTTGGAATTGGGG,1
TATCTTGTAATCGGGG,1
TATCTTTTACCGACTA,1
TATGAAAAATAATAAA,1
TATGAAAAATGATACA,1
TATGAAAAATGTAACA,1
TATGAAAAGAAAGTCT,1
TATGAAAAGAACAAGG,1
TATGAAACAAAAAACC,1
TATGAAACAACCTACT,1
TATGAAACAATGTCAG,1
TATGAAACACACACTA,1
TATGAAAGTAAAATTA,1
TATGAAATACATTAGA,1
TATGAAATATGAGATA,1
TATGAAATCTTGACAG,1
TATGAAATCTTGACCT,1
TATGAAATCTTTAGAT,1
TATGAAATTACCACCT,1
TATGAACAAAAATGTC,1
TATGAACAAGTATACA,1
TATGAACAATAATAAA,1
TATGAACAATGATCAG,1
TATGAACACTGATGTG,1
TATGAACATAATGGGA,1
TATGAACCAAGGCACT,1
TATGAACCCGTAGACA,1
TATGAACCTCCAGTCA,1
TATGAACGTTTGTTAA,1
TATGAACTTATTGTCA,1
TATGAAGACAACCAAT,1
TATGAAGACAATTATT,1
TATGAAGACCTGCATC,1
TATGAAGACTAGTCTT,1
TATGAAGACTGAACGC,1
TATGAAGATCAAACTG,1
TATGAAGCACCCTACT,1
TATGAAGTACAGCAAT,1
TATGAATAGAAAAACG,1
TATGAATATAGATCAT,1
TATGAATATGCGTGGT,1
TATGAATCAAGGCAAT,1
TATGAATCCAACCAAT,1
TATGAATGATACATAA,1
TATGAATGGTGGGAAT,1
TATGAATTAAAGACAT,1
TATGAATTGTTCTAAA,1
TATGACAAACACCTTT,1
TATGACAATATAAAAT,1
TATGACACCCGAACCA,1
TATGACACTTACCCAT,1
TATGACACTTGAAATA,1
TATGACAGGTGATCGC,1
TATGACATACAGGAAC,1
TATGACATCAAGGAAC,1
TATGACATCGTATAAA,1
TATGACATCGTCCAAA,1
TATGACATGAACAATG,1
TATGACATTAGATAAT,1
TATGACATTGTTCTAG,1
TATGACCAAAGCCAAC,1
TATGACCAATAATACA,1
TATGACCAATGATAAA,1
TATGACCAGTAATAAA,1
TATGACCATGATGAAA,1
TATGACCCCCTATCAG,1
TATGACCCTATGAGTA,1
TATGACCGACCGTAAA,1
TATGACCGATAATAAA,1
TATGACCTAAACAATG,1
TATGACCTACGGTAAA,1
TATGACCTGACAAGTC,1
TATGACCTTTTGAAAT,1
TATGACGTAGACAATA,1
TATGACTAAAACCAGC,1
TATGACTATAGGTTCC,1
TATGACTGCTATCACT,1
TATGACTTAGATCCAA,1
TATGACTTAGGACAGA,1
TATGAGAAAAAAAACC,1
TATGAGAAAATAGTAT,1
TATGAGAAATTGTGAA,1
TATGAGAACTTATCGC,1
TATGAGAACTTGTTAA,1
TATGAGAATCAGAAGG,1
TATGAGACTCCCCCTT,1
TATGAGATAAGTCAGA,1
TATGAGATCCGCCACA,1
TATGAGATGCACCACA,1
TATGAGATGGCACATT,1
TATGAGCATAAAGGGA,1
TATGAGCATAATCATA,1
TATGAGCATTGACGCC,1
TATGAGCCCAAAAAAG,1
TATGAGCGTCAGACTT,1
TATGAGCTAACAAAAG,1
TATGAGGAACCCACGT,1
TATGAGGACGAGAAGA,1
TATGAGTACCCTCAAA,1
TATGAGTGAACACGGG,1
TATGATAAAGGATACC,1
TATGATACAAAAAGCT,1
TATGATACAAGACAAG,1
TATGATACATCCAAAC,1
TATGATAGGCATGTTT,1
TATGATAGTACTGATC,1
TATGATATAATGTACC,1
TATGATATCCACCACA,1
TATGATATGTCCAAAA,1
TATGATCACCTGTTAG,1
TATGATCGACGGCTCG,1
TATGATCGACTGTTCG,1
TATGATCGATCCAAAC,1
TATGATCTACGGTTCG,1
TATGATCTACGTCTTA,1
TATGATCTCGCTGCAA,1
TATGATCTGAACAATG,1
TATGATGAAAAATACG,1
TATGATGAGCTTCCCC,1
TATGATGCAGTACATT,1
TATGATGCGAGTTCTA,1
TATGATGCGCGTTATA,1
TATGATGCTCGTTCTA,1
TATGATGTACAGAGTT,1
TATGATGTGGGGTAGT,1
TATGATTACGCAAAAA,1
TATGATTACTTTATTC,1
TATGATTCAACCAAAA,1
TATGATTCAATTTACC,1
TATGATTCAGAGGACA,1
TATGATTCCTTATAGA,1
TATGATTTAGGCACAT,1
TATGATTTCCTAAAAT,1
TATGATTTCGTGGGAT,1
TATGCAAAGTATTAAT,1
TATGCAAATCACAATT,1
TATGCAACAGAAAAAC,1
TATGCAACGTTGCCAA,1
TATGCAACTGGGACAT,1
TATGCAACTTGGCCAT,1
TATGCAACTTGGTTGC,1
TATGCAAGAATAGTAT,1
TATGCAAGCAGTAATT,1
TATGCAAGGATGACCA,1
TATGCAAGGTACAAAC,1
TATGCAAGTAGTGATT,1
TATGCAATAGTGCCCA,1
TATGCAATTAGTAATT,1
TATGCACAATATTCCC,1
TATGCACCAAATACCA,1
TATGCACGAATTAATG,1
TATGCACGCAACTCTA,1
TATGCACTCAACTCTG,1
TATGCACTCACAACAT,1
TATGCAGAAGTAGCGC,1
TATGCAGATTTATCAT,1
TATGCAGATTTATTTA,1
TATGCAGCAAATCAGT,1
TATGCAGGTACATCTC,1
TATGCAGTAGTGACCA,1
TATGCAGTAGTGCCAA,1
TATGCAGTAGTGCCCT,1
TATGCATAAGTCCAAG,1
TATGCATAGAATTTGA,1
TATGCATATACTCATG,1
TATGCATATGGAATCC,1
TATGCATATGTCAAGC,1
TATGCATCACTTAGGC,1
TATGCATTAAAAACTT,1
TATGCATTAGGACAGA,1
TATGCATTATGTGTAA,1
TATGCATTCCGATCCT,1
TATGCATTCTATGTAA,1
TATGCATTCTGTACAA,1
TATGCATTGAAAACTC,1
TATGCATTGTGTGTAA,1
TATGCCAAAATATACA,1
TATGCCACAATCAAGC,1
TATGCCACCATACTCA,1
TATGCCACGACAAACG,1
TATGCCAGATAACAAA,1
TATGCCCAAAGCCAAC,1
TATGCCCAATCATATG,1
TATGCCCAGTCATTTG,1
TATGCCCATTTGCAAA,1
TATGCCCCCGTACATC,1
TATGCCCCTAACTCGA,1
TATGCCCGCTCGAACT,1
TATGCCCGTGAGCTAA,1
TATGCCCTATAACAAA,1
TATGCCCTCGTCGAAA,1
TATGCCGAAACTTGAG,1
TATGCCGAAACTTTAT,1
TATGCCGAGACTTGAT,1
TATGCCGCGGGGCGGC,1
TATGCCGCTATTTTAT,1
TATGCCGGTTTAACGA,1
TATGCCGTAGGCGACC,1
TATGCCTTAGGAAAGA,1
TATGCCTTATGTGACA,1
TATGCCTTCGCTTCAA,1
TATGCCTTGTGCGACA,1
TATGCGAATATGATTC,1
TATGCGAATGCATGGT,1
TATGCGACTATACACA,1
TATGCGACTCCAACGA,1
TATGCGATAACTGAGA,1
TATGCGCATTTACATG,1
TATGCGGAACATTACA,1
TATGCGGATAAAAATG,1
TATGCGTCACTAAAAA,1
TATGCGTCTGCACAGA,1
TATGCGTGTGTCAGTA,1
TATGCTAAACACAAAT,1
TATGCTAGAGCTCATC,1
TATGCTAGATATTGCA,1
TATGCTAGGAATGAGA,1
TATGCTATCCTACTAA,1
TATGCTATGGTAGTGT,1
TATGCTATTTTTATGA,1
TATGCTCAAGTTATGA,1
TATGCTCAGTGTCGCA,1
TATGCTGGACCATCGC,1
TATGCTGTTTGTGTCA,1
TATGCTTATAGACCTA,1
TATGCTTATATAGAGA,1
TATGCTTATTCTCCGC,1
TATGCTTCAATTTACT,1
TATGGAACACCCTACT,1
TATGGAACATAAAGTA,1
TATGGAACCATCTCTT,1
TATGGAACGATGTCAG,1
TATGGAAGCAGAAAAA,1
TATGGAAGGGGTGTAG,1
TATGGAATAAAAAGTA,1
TATGGAATACGAAGGC,1
TATGGAATATCATTCC,1
TATGGAATCCTACAAG,1
TATGGAATGGGTAGGC,1
TATGGACAGCGAGGAC,1
TATGGACCACTAACCA,1
TATGGACCCTGTTAAT,1
TATGGACGATGTGACC,1
TATGGACTCAGTTTTT,1
TATGGAGACAACAGCG,1
TATGGAGACAATACCA,1
TATGGAGCAGTAAGCA,1
TATGGAGCGCGAGCCA,1
TATGGAGGCATAACCG,1
TATGGAGGGTACCAAA,1
TATGGATCAAGGCACT,1
TATGGATTAACTCGTA,1
TATGGATTAATGGAAA,1
TATGGATTTCCATTAT,1
TATGGCAAACATCTTT,1
TATGGCACGACAAGCC,1
TATGGCACTGGAAATA,1
TATGGCAGTAATATAC,1
TATGGCCACACATGGT,1
TATGGCCAGACATGAT,1
TATGGCCCATACTATG,1
TATGGCCCATTGTCAA,1
TATGGCCCCGCTATAG,1
TATGGCCCCGTTTTGC,1
TATGGCCTGCCTTAAT,1
TATGGCGATCCAAATG,1
TATGGCGGCTGAACAC,1
TATGGCGGTAGAGCTT,1
TATGGCGTCCGTACCA,1
TATGGCTACATGAAGT,1
TATGGCTAGAGACTCG,1
TATGGCTCAAGACTCG,1
TATGGCTCGAGACTAG,1
TATGGCTCGAGACTCT,1
TATGGCTCGGGACTCG,1
TATGGCTGGAGACTCG,1
TATGGCTTGAGACTCG,1
TATGGCTTTACCATAT,1
TATGGCTTTGGTACAA,1
TATGGCTTTTTTACCG,1
TATGGGAACCCTCAAA,1
TATGGGAAGGAACGGA,1
TATGGGACCCTAAAAC,1
TATGGGATCCATCAAA,1
TATGGGATCCCTAAAA,1
TATGGGATTGAGTGAT,1
TATGGGCACCTCCCGA,1
TATGGGGATACCCCCG,1
TATGGGGATTAGGCAA,1
TATGGGGCCATAAAAC,1
TATGGGGTCCCTCAAA,1
TATGGGTCGAACAATC,1
TATGGGTGCATAGGGT,1
TATGGTAATAAATCGC,1
TATGGTACCAGGTGAT,1
TATGGTACCAGTTAAT,1
TATGGTACCGTGACCT,1
TATGGTAGGGCATCAC,1
TATGGTATCTTTGCTA,1
TATGGTATCTTTGTTG,1
TATGGTATTACCCAAT,1
TATGGTCACCAGTTGA,1
TATGGTCCACTCAGAT,1
TATGGTCCTACTACCA,1
TATGGTCGAGGCTAAT,1
TATGGTCGGACATCAC,1
TATGGTCGTTCTGCAA,1
TATGGTCTGACAAAGA,1
TATGGTCTGGCATCAC,1
TATGGTGAATAACAAT,1
TATGGTGGCCATATCA,1
TATGGTGGTCATGGCA,1
TATGGTGTAAGCAATA,1
TATGGTGTAAGTAGTA,1
TATGGTGTAGCGTACT,1
TATGGTTCACCGGCCA,1
TATGGTTTTAAGATTG,1
TATGTAAAAAAACTGA,1
TATGTAAAAAATGTAT,1
TATGTAAACATTGAAA,1
TATGTAACAATGTCAG,1
TATGTAACATAGATAT,1
TATGTAAGAAACAAGT,1
TATGTAAGGATGACAA,1
TATGTAAGGATGACTA,1
TATGTAAGGATGAGCA,1
TATGTAAGGATTACCA,1
TATGTAAGGCACAAAC,1
TATGTAAGGTACAACC,1
TATGTAAGGTACAAGC,1
TATGTAAGGTACAGAC,1
TATGTAAGGTAGAAAC,1
TATGTAAGGTATAAAC,1
TATGTAAGGTGCAAAC,1
TATGTAAGGTTGACCA,1
TATGTAAGTTAGAAAA,1
TATGTAATACGTGGAC,1
TATGTAATAGAATTAA,1
TATGTAATCCGTCGTT,1
TATGTAATGATCGGAT,1
TATGTAATGTGTGTAA,1
TATGTACAAAGCCAAC,1
TATGTACAACGAGTTG,1
TATGTACACCTAGACA,1
TATGTACAGAAGACCT,1
TATGTACCCTCGTGAT,1
TATGTACCCTGTGAAT,1
TATGTACGTGCAAAAG,1
TATGTACGTTTAAAAG,1
TATGTACTAATTTAAG,1
TATGTACTGGAGATAT,1
TATGTAGAATGAAGAT,1
TATGTAGAGTAATCCT,1
TATGTAGATGAAAAAT,1
TATGTAGATTTATTCA,1
TATGTATAGAATATAC,1
TATGTATAGGAGGAAC,1
TATGTATATCGAAGGC,1
TATGTATATTTATTTA,1
TATGTATCCATAGGCC,1
TATGTATCTATGTAAA,1
TATGTCAAGAAGACCT,1
TATGTCAAGATCACAA,1
TATGTCACACAGATTA,1
TATGTCACCTACACGG,1
TATGTCACGACGAACG,1
TATGTCACTACTGTAC,1
TATGTCAGTGAATGGC,1
TATGTCATTCCTTACA,1
TATGTCCAAAGCCAGC,1
TATGTCCAAAGCTAAC,1
TATGTCCAAATCCAAC,1
TATGTCCAAATCTAAC,1
TATGTCCAGAGCCAAC,1
TATGTCCATACAATGC,1
TATGTCCATGAAGAAC,1
TATGTCCCATCCTATG,1
TATGTCCGTGAGAGCC,1
TATGTCCGTGGATGGC,1
TATGTCCTAGTCATAA,1
TATGTCGAACAGATTA,1
TATGTCGCACATATTA,1
TATGTCGGTTGAACAC,1
TATGTCGTAAGACAAG,1
TATGTCTAAGCCAAAA,1
TATGTCTCACAGATTA,1
TATGTCTCTGTAAGGA,1
TATGTGAAGCTTACAA,1
TATGTGACGCAACCAA,1
TATGTGACGCGATGTA,1
TATGTGAGGATGACCA,1
TATGTGCAAAGCCAAC,1
TATGTGCAACTACCCA,1
TATGTGCAAGTGGCCT,1
TATGTGCGACACAAAT,1
TATGTGCGTAATAATC,1
TATGTGCGTATCCGTA,1
TATGTGTAAGGCCCCT,1
TATGTGTCTAAAGGGT,1
TATGTTAAGGAAGCAA,1
TATGTTACAAACACTG,1
TATGTTACTAGTTAAG,1
TATGTTATAACCGAAA,1
TATGTTATAACCGCGA,1
TATGTTCATTTAAAAG,1
TATGTTCCAAATTTTT,1
TATGTTCGTATCCGTG,1
TATGTTCTAGCCACGA,1
TATGTTGATCGCAGTG,1
TATGTTGGATAGGGGA,1
TATGTTGTATCTTAAA,1
TATGTTGTATTTCCAT,1
TATGTTTCACGCACTA,1
TATTAAAAAATTAGAG,1
TATTAAAAACAAAAAA,1
TATTAAAAATCCAAAG,1
TATTAAAACACAGTAA,1
TATTAAAACCAAACAA,1
TATTAAAACCTAAGAA,1
TATTAAAAGCAAAAAA,1
TATTAAAAGCACACGG,1
TATTAAAAGTAAGAAT,1
TATTAAACAACGGCAT,1
TATTAAACAAGACAAA,1
TATTAAACAATGTCAT,1
TATTAAACAATTGCAT,1
TATTAAACAGAATGGT,1
TATTAAACCATTGCCA,1
TATTAAACGTCGAAAG,1
TATTAAAGAAACTATC,1
TATTAAAGAAGAATCA,1
TATTAAAGATGACGTT,1
TATTAAAGCGTATGAA,1
TATTAAAGTTTGACTC,1
TATTAAATGGTTCAAA,1
TATTAAATGTTTTAAA,1
TATTAAATTGGCTCAG,1
TATTAACAGCTAAAAA,1
TATTAACATAAGACAT,1
TATTAACCGTATGTTC,1
TATTAACGGTTACCGT,1
TATTAACTGAAACGAA,1
TATTAACTGAGTATCC,1
TATTAACTGTCTCAAA,1
TATTAACTTTATATGA,1
TATTAACTTTGCCAAA,1
TATTAAGAAAGTTGTC,1
TATTAAGCCAAATTGG,1
TATTAAGCCTACTTCA,1
TATTAAGGCCTTAGAA,1
TATTAAGGTACCGAAT,1
TATTAAGGTGCCCTCA,1
TATTAAGTGGTTTAAA,1
TATTAATAAATGCCCA,1
TATTAATAAGGGTACA,1
TATTAATAGTATACGC,1
TATTAATATATACAGG,1
TATTAATATGATCTCC,1
TATTAATATTCAAAAC,1
TATTAATATTTTGCTT,1
TATTAATCATGTTGAA,1
TATTAATCCCAACCGC,1
TATTAATGAACACGAA,1
TATTAATGTTCAATTG,1
TATTAATTGCGCGACA,1
TATTACAATCTTTTGG,1
TATTACACCTCGAAAG,1
TATTACACGAGAAGGA,1
TATTACACGTCGAAGG,1
TATTACACGTCGAGAG,1
TATTACACGTTGAAAG,1
TATTACACTAAAGCAT,1
TATTACACTTCGAAAG,1
TATTACAGATAAAGTG,1
TATTACAGATAACGTT,1
TATTACAGGTCGAAAG,1
TATTACATATCAACAT,1
TATTACATATGACGTT,1
TATTACCACCATTTTA,1
TATTACCAGAGAAGGA,1
TATTACCATAACAAAG,1
TATTACCATCTAAAAA,1
TATTACCCAAAACAGG,1
TATTACCCACGAACAC,1
TATTACCCGAGAAGTA,1
TATTACCGAGCCGCTC,1
TATTACCTACGAAAAC,1
TATTACCTACGAACAT,1
TATTACCTAGTGACGG,1
TATTACCTTTACCAAA,1
TATTACCTTTGCAAAA,1
TATTACCTTTTCCAAA,1
TATTACGAAACCATAA,1
TATTACGGGTATGAGC,1
TATTACGTGACATCAT,1
TATTACTACACGGGAC,1
TATTACTACCTAGCCC,1
TATTACTATATACCAA,1
TATTACTATGAGACAA,1
TATTACTCACAAGAAT,1
TATTACTCCCTAGCCT,1
TATTACTCCCTAGCTC,1
TATTACTCCCTAGTCC,1
TATTACTCCCTATCCC,1
TATTACTCCCTGGCCC,1
TATTACTCTAATGAAC,1
TATTACTGTATAGAAC,1
TATTACTTACACTACA,1
TATTACTTAGCCGCCA,1
TATTACTTGCAACGCG,1
TATTAGAAACAATCTA,1
TATTAGAACTGATACG,1
TATTAGAACTTAAAGA,1
TATTAGAAGGCACTAC,1
TATTAGACGTCGAAAG,1
TATTAGAGAAAGACCA,1
TATTAGAGAAGTATTG,1
TATTAGAGGAACAAGG,1
TATTAGATAAGAGATT,1
TATTAGATATATGAAT,1
TATTAGATCCACCACA,1
TATTAGCAGGTGATAA,1
TATTAGGAAACTGTGG,1
TATTAGGTCTGATAGA,1
TATTAGTGTCACCTTG,1
TATTAGTTAATTCCAT,1
TATTAGTTACCATACC,1
TATTAGTTATGGATAT,1
TATTATAAAAAGGCCC,1
TATTATAAAACTCTAT,1
TATTATAAATTTGATA,1
TATTATAACAATTACA,1
TATTATACAAAATTAT,1
TATTATACAAGCGATG,1
TATTATACTAGGAAAT,1
TATTATAGAAGTTTGA,1
TATTATAGAGATTTGA,1
TATTATAGTCCACCGT,1
TATTATATAAGCTAAA,1
TATTATATGATCACAT,1
TATTATATTCTCAAAA,1
TATTATCAATGGACTA,1
TATTATCACAATTATA,1
TATTATCACAATTGCA,1
TATTATCACTATGAAC,1
TATTATCACTTATGAA,1
TATTATCCGAGAAGGA,1
TATTATCCGCCAATTT,1
TATTATCCTATGCCAA,1
TATTATCGACGGTTCG,1
TATTATCTACGAACAC,1
TATTATGAAATAGCCT,1
TATTATGCCCTAACAA,1
TATTATGCGAAAAAAA,1
TATTATGCTACGACTG,1
TATTATGTAATAAACA,1
TATTATGTAATCCACG,1
TATTATGTTCCTTGAC,1
TATTATTAAGGTAGCC,1
TATTATTCCCCGCGGT,1
TATTATTCCTCTAAAA,1
TATTATTGAAAGAACA,1
TATTATTGAATGTAGA,1
TATTATTTTAGACAAG,1
TATTCAAAACGACACC,1
TATTCAACACCAACTC,1
TATTCAAGGTATAAAT,1
TATTCAATCTAGACAT,1
TATTCAATGACGCACC,1
TATTCAATGATGATCT,1
TATTCACAGATGAATT,1
TATTCACATATTACGT,1
TATTCACCCCAACAAC,1
TATTCACGACCGCAGT,1
TATTCACGCGCAAGAA,1
TATTCACTTTACACGG,1
TATTCAGAAGAAATTC,1
TATTCAGACTACTTAA,1
TATTCAGCATACTTCA,1
TATTCAGCCAAAGAAA,1
TATTCAGCCTCAAAAG,1
TATTCAGGACTTTCCT,1
TATTCAGTAAGTACAG,1
TATTCAGTCCTTTCCT,1
TATTCAGTTGGCTACA,1
TATTCATACATTTACG,1
TATTCATACGCCAACT,1
TATTCATATATATAGG,1
TATTCATCAACTCCGA,1
TATTCATGAATTAATG,1
TATTCATTATAGTTAC,1
TATTCATTCTGTGTAA,1
TATTCCAAACTCATGT,1
TATTCCAAATCAATCT,1
TATTCCACAGCCTACA,1
TATTCCACGCAAAGGA,1
TATTCCACGTACTAAA,1
TATTCCACTTACGAAA,1
TATTCCACTTCAACAA,1
TATTCCAGCATGCAGA,1
TATTCCATATAGACAT,1
TATTCCATGAGTCCCA,1
TATTCCCAACTCATGC,1
TATTCCCACACGTATA,1
TATTCCCATTTAAAGA,1
TATTCCCTATGGAGAG,1
TATTCCCTTAACTCGA,1
TATTCCGAAACACAAG,1
TATTCCGACGAAACTC,1
TATTCCGATGCCATAT,1
TATTCCGCTGTTTAGG,1
TATTCCGGCGAAATTC,1
TATTCCTAACTGACAG,1
TATTCCTCGAATGAAC,1
TATTCCTCTAATGAAT,1
TATTCCTCTAATTAAC,1
TATTCCTCTAGATGTC,1
TATTCCTCTATCTGTC,1
TATTCCTCTTACAAAA,1
TATTCCTGAAGTCCCT,1
TATTCCTGATCAGATT,1
TATTCCTGATTGTGTA,1
TATTCCTTAGGACAGA,1
TATTCCTTGCACTACA,1
TATTCGAAGAACAATA,1
TATTCGAATCGTATTT,1
TATTCGAGTAGAGAGT,1
TATTCGCCTAGACTAG,1
TATTCGGGCGTTACAT,1
TATTCGTACATACAAA,1
TATTCGTGGGAAAATT,1
TATTCGTGGGGAACTT,1
TATTCGTTCCGATCCT,1
TATTCTAAGAACAAGA,1
TATTCTAGCATTTAAC,1
TATTCTCAGCCTCCAA,1
TATTCTCCAGATACCG,1
TATTCTCCCAGGCCAA,1
TATTCTCGTTAGCTTT,1
TATTCTCTAAAAGTAT,1
TATTCTCTCGAAGTAT,1
TATTCTGCAGGCAGAA,1
TATTCTGGACACTAAA,1
TATTCTGTAGATCTCT,1
TATTCTTAACTGACAC,1
TATTCTTAACTGACTG,1
TATTCTTAACTGGCAG,1
TATTCTTAAGGTACCC,1
TATTCTTAAGGTAGCA,1
TATTCTTAAGTGACAG,1
TATTCTTAATTGACAG,1
TATTCTTACAGCCGCC,1
TATTCTTAGGGTAGCC,1
TATTCTTATTCAGAAA,1
TATTCTTATTGACTAA,1
TATTCTTCAATTTACC,1
TATTCTTCATCAAACG,1
TATTCTTTAATTACAA,1
TATTGAAAACATGCAC,1
TATTGAAAGTTGAGGA,1
TATTGAAATACGACAC,1
TATTGAACAATACCAT,1
TATTGAACAATGTCAG,1
TATTGAACATTACCAA,1
TATTGAACCCGATTAT,1
TATTGAACGATAGGCT,1
TATTGAACGATTGGCT,1
TATTGAACGTGGTCAG,1
TATTGACAAAAATAAT,1
TATTGACACCACGAAA,1
TATTGACATTTACTTT,1
TATTGACCACGGAAAA,1
TATTGACCTACTAGAT,1
TATTGACGACGTCCTG,1
TATTGACGGCTTGCGG,1
TATTGACTCAGCGAAC,1
TATTGACTCTACTTAA,1
TATTGAGCGGGTCTCA,1
TATTGAGGCCTTTCCT,1
TATTGAGTAACCAGTC,1
TATTGAGTACTTGGAC,1
TATTGATACAGGAAAT,1
TATTGATAGCGGAAAT,1
TATTGATCAGTGGTAC,1
TATTGATTCAAATAAA,1
TATTGATTCAAGGACT,1
TATTGATTGCACAACA,1
TATTGCAAATGCAAAA,1
TATTGCAACATGATAG,1
TATTGCAAGCATGCAC,1
TATTGCAATTTACTTT,1
TATTGCACACGATTAT,1
TATTGCACCAGATTAT,1
TATTGCACCCCATAAT,1
TATTGCACCCGGTTAT,1
TATTGCACCGGAGAGA,1
TATTGCAGCAAAATCT,1
TATTGCATATTATCAA,1
TATTGCCACACATGAT,1
TATTGCCATACAATGT,1
TATTGCCCATCCTATG,1
TATTGCCCTCAAGACA,1
TATTGCGAAAAACAAC,1
TATTGCGAATAAACTT,1
TATTGCGAGACCGAAC,1
TATTGCGCTTAGTAAT,1
TATTGCGGAAGATCAG,1
TATTGCGGCCTAAGAC,1
TATTGCGTCTCTGACC,1
TATTGCTATGTCCCAT,1
TATTGCTCAGCTGAAA,1
TATTGCTTAAGGGAAA,1
TATTGCTTACACTACA,1
TATTGCTTCAAGGAGT,1
TATTGCTTCGAGGACT,1
TATTGCTTGAAGGACT,1
TATTGCTTGCATCAGC,1
TATTGCTTGCCATCCT,1
TATTGGACTGTAACTA,1
TATTGGACTTATTAAC,1
TATTGGAGATCATCAT,1
TATTGGCAGTAAGTTA,1
TATTGGCATATCCCAA,1
TATTGGCCACATTTTA,1
TATTGGCCGAATTTGG,1
TATTGGCTATGAATTA,1
TATTGGGAATGTACAT,1
TATTGGGATTATTAAC,1
TATTGGGCTTATTGAC,1
TATTGGTTAATACGTT,1
TATTGGTTACGAAAGA,1
TATTGGTTTAAACGCA,1
TATTGTAAACAACACC,1
TATTGTAACAATTGTC,1
TATTGTACACAACACA,1
TATTGTACATAACACC,1
TATTGTACCTTAAGTC,1
TATTGTACGCAACACC,1
TATTGTAGATACACCT,1
TATTGTAGCCGTGTCC,1
TATTGTAGCCTCAAAA,1
TATTGTAGCTACTACT,1
TATTGTATATCTCCGA,1
TATTGTATTAAGGACG,1
TATTGTCAACGTCTAC,1
TATTGTCAGACAACCG,1
TATTGTCATATCCTAT,1
TATTGTCATGTGTGTA,1
TATTGTCATTTACTTT,1
TATTGTCCTTCAAAAT,1
TATTGTGAAACTTTTT,1
TATTGTGACCTAAGAC,1
TATTGTGGCCTAAGAA,1
TATTGTGGCCTAGGAC,1
TATTGTGGTCTAAGAC,1
TATTGTGTAAGTAATA,1
TATTGTTAATCAGCTC,1
TATTGTTGCCTAAGAC,1
TATTGTTGTAATTACC,1
TATTGTTTGACGAGCG,1
TATTGTTTTTTACTGT,1
TATTTAAACTTTTGTG,1
TATTTAAATGGAGAAC,1
TATTTAACAATAAATC,1
TATTTAACTCTTAGAT,1
TATTTAAGGAAGTAGA,1
TATTTAAGTGTAATCG,1
TATTTAAGTTCGAATC,1
TATTTAATGACATGAA,1
TATTTAATGTGCGCAA,1
TATTTACAATTAGGCC,1
TATTTACAGCCAGGAC,1
TATTTACCACCACCCT,1
TATTTACCCCAAAAAC,1
TATTTACCCGAACAAC,1
TATTTACCGTGAGACT,1
TATTTACGAACACATA,1
TATTTACGCCGATAAT,1
TATTTACGTGTAAAAG,1
TATTTACTACCAGTAG,1
TATTTAGAATGCAGAT,1
TATTTAGATATATAAA,1
TATTTAGATCCAAATT,1
TATTTAGATTTATTTA,1
TATTTAGCACGCGCAA,1
TATTTAGCACTCCTAT,1
TATTTAGCAGGAGCCA,1
TATTTAGCTGCATAAA,1
TATTTAGTAACAACTA,1
TATTTAGTTCCAAAGC,1
TATTTAGTTTTAAACG,1
TATTTATACCGGAAAT,1
TATTTATACGTATTCC,1
TATTTATAGATTATGG,1
TATTTATCCAACAATA,1
TATTTATCCCAACAAC,1
TATTTATCCCATACTA,1
TATTTATGAACCAACA,1
TATTTATGCTTCTAGT,1
TATTTATTAACATGTC,1
TATTTCAAAAAGACAA,1
TATTTCAACCGTGAGA,1
TATTTCAAGAAGACCA,1
TATTTCAATAATGACA,1
TATTTCACAAATGACA,1
TATTTCACTAATTACA,1
TATTTCAGCAACCTAT,1
TATTTCATAAAACAGT,1
TATTTCATAAGTGTAC,1
TATTTCATACCGCCTT,1
TATTTCATCAGTTTAC,1
TATTTCATCATGTTTG,1
TATTTCATGAGTGTAC,1
TATTTCATGCTACTAC,1
TATTTCATGCTGCCTA,1
TATTTCATTTCCAATC,1
TATTTCCAAAGGAAGC,1
TATTTCCACTAATATA,1
TATTTCCATATCCATG,1
TATTTCCGCTTCTAGT,1
TATTTCCTAAATACTA,1
TATTTCCTAACTGCTA,1
TATTTCCTGGACAATC,1
TATTTCGCAATGGTCC,1
TATTTCGTTGACACGC,1
TATTTCGTTGCCAAGC,1
TATTTCGTTGCCACTC,1
TATTTCTGAAAGCTTT,1
TATTTCTGCTTCTACT,1
TATTTGACGAGTTACA,1
TATTTGAGAACTAATC,1
TATTTGAGCTATCCAG,1
TATTTGATAAAGGCAA,1
TATTTGATCAGCACAT,1
TATTTGATTAATTGGC,1
TATTTGCAAGATATAA,1
TATTTGCCTAGAATAG,1
TATTTGCCTAGACTAT,1
TATTTGCGTATCCGTG,1
TATTTGCTATATCATG,1
TATTTGCTCTAGACGT,1
TATTTGCTTTGTTTGT,1
TATTTGGAATATACAT,1
TATTTGGACAACCGAG,1
TATTTGTTACGAAAGC,1
TATTTTAACCGCCGTA,1
TATTTTAACCTTCAAT,1
TATTTTAAGTGGACAA,1
TATTTTACGTTCGACG,1
TATTTTAGACCACAGA,1
TATTTTATCAGTAATC,1
TATTTTATTAGAAGTG,1
TATTTTATTCCTTAAT,1
TATTTTATTGTAACAG,1
TATTTTCAATTGACCC,1
TATTTTCAGTGGACAG,1
TATTTTCCAGATAACG,1
TATTTTCCAGATACCT,1
TATTTTCCAGATATCG,1
TATTTTCTTGCAACAG,1
TATTTTCTTGTAGCAG,1
TATTTTCTTTTAACAG,1
TATTTTGAAGTCAAAG,1
TATTTTGAAGTCCAGG,1
TATTTTGAAGTCCGAG,1
TATTTTGAATTCCAAG,1
TATTTTGTGCAAATCA,1
TATTTTGTTCAGCTAG,1
TATTTTTAATAACATG,1
TATTTTTCTTGCACGT,1
TATTTTTGGCATATTC,1
TATTTTTTTCGTACTA,1
TCAAAAAAAAACCTAG,1
TCAAAAAAATGTGAAA,1
TCAAAAAAATTATTTA,1
TCAAAAAACAGTCTGA,1
TCAAAAAACCGTCTTA,1
TCAAAAAAGCGTGAAA,1
TCAAAAAAGGACTGAA,1
TCAAAAAAGTACTACG,1
TCAAAAAAGTGCGAAA,1
TCAAAAAATACACCGA,1
TCAAAAAATGACTACC,1
TCAAAAAATTACACTC,1
TCAAAAACAACACAAG,1
TCAAAAACCATGAACG,1
TCAAAAACGTAACTAG,1
TCAAAAACGTAACTCT,1
TCAAAAACTAATGATA,1
TCAAAAAGAGATACAA,1
TCAAAAAGATTGGACG,1
TCAAAAAGATTGGCAG,1
TCAAAAAGCCAATCCA,1
TCAAAAAGCGCTATAC,1
TCAAAAATATCCAGGG,1
TCAAAAATGTAACTCG,1
TCAAAACACCAAACAA,1
TCAAAACACTAAGCCA,1
TCAAAACAGCTTGAGG,1
TCAAAACCAATTAACA,1
TCAAAACCTCCTTCAC,1
TCAAAACGATATAAAG,1
TCAAAACGCCGAGGTA,1
TCAAAACTAAGTCAAC,1
TCAAAACTCAATGAAG,1
TCAAAACTGCTGAGGC,1
TCAAAACTGCTGCGAC,1
TCAAAACTGCTGCGTC,1
TCAAAACTGCTTCGGC,1
TCAAAAGAAAAGGGAA,1
TCAAAAGAATTAAATA,1
TCAAAAGACTTAAATT,1
TCAAAAGACTTAAGTA,1
TCAAAAGAGTTAAATA,1
TCAAAAGATAAAACTA,1
TCAAAAGGCATTGCCC,1
TCAAAAGTTATATGTC,1
TCAAAATAATACTGAG,1
TCAAAATAATCGCCCG,1
TCAAAATAATTAACCA,1
TCAAAATACAAACAAT,1
TCAAAATAGACTGAGA,1
TCAAAATCAGAATGAA,1
TCAAAATCTCATCTGA,1
TCAAAATCTGGTCAGC,1
TCAAAATGCAAACTGC,1
TCAAAATGCAATGGAT,1
TCAAAATGCAGAACGT,1
TCAAAATGCTGCCCTA,1
TCAAAATGGTTCTAAC,1
TCAAAATGTAAAAACG,1
TCAAAATGTCTCTAAC,1
TCAAAATTCGTAGACC,1
TCAAAATTGCTCTAAC,1
TCAAACAAAGGTTCAT,1
TCAAACAAGAAGACTA,1
TCAAACAATTCTAAAG,1
TCAAACACTCGTAAAA,1
TCAAACAGTAAAATTG,1
TCAAACATCCCACTGC,1
TCAAACATCGTCTTAA,1
TCAAACCATCAGAATA,1
TCAAACCATCATAAGA,1
TCAAACCCCTCTAAAC,1
TCAAACCTATTGCAAT,1
TCAAACCTTCAGATAT,1
TCAAACGAAAAATATG,1
TCAAACTATCTGCCAT,1
TCAAACTGGCAAACCT,1
TCAAACTGTCTGCCAA,1
TCAAACTTAAAAACAC,1
TCAAACTTAACCAAAT,1
TCAAACTTAGGACGCG,1
TCAAACTTCTGAACAA,1
TCAAAGAAAACCCGAT,1
TCAAAGAAAACCCTCT,1
TCAAAGAAATTGAGTA,1
TCAAAGAAGAAAACAC,1
TCAAAGAAGAAAACGC,1
TCAAAGAAGTCCCGTC,1
TCAAAGAGAAAGATTT,1
TCAAAGCATCATATCC,1
TCAAAGCATGAACCAA,1
TCAAAGCCACCCGTTC,1
TCAAAGCCCCACGTTC,1
TCAAAGCCCCACTACT,1
TCAAAGCCCCCTGTTC,1
TCAAAGCCGAAATTAG,1
TCAAAGCCTAACACCG,1
TCAAAGCGATCTACCA,1
TCAAAGCGATGTTGTA,1
TCAAAGCGTAACAGAG,1
TCAAAGCTCCCCGTTC,1
TCAAAGGACAGTCAAT,1
TCAAAGGACCAAACAT,1
TCAAAGGATAATCCTG,1
TCAAAGGCAAAATCGA,1
TCAAAGGCTCAAGTTT,1
TCAAAGGCTTCCTAAC,1
TCAAAGGGCTACTCAC,1
TCAAAGGTGTAACAAC,1
TCAAAGTAACCGGAAA,1
TCAAAGTAGGTTCCAT,1
TCAAAGTGAGTAAGCC,1
TCAAAGTTCCACCCTG,1
TCAAAGTTTGACCAAC,1
TCAAATAAATATACGA,1
TCAAATAACAAGTTTA,1
TCAAATAACACAGATC,1
TCAAATACATATGCGA,1
TCAAATACGAACAATA,1
TCAAATACTACCAATT,1
TCAAATACTGACCTAT,1
TCAAATAGGAAAGCGT,1
TCAAATAGGGGATCTA,1
TCAAATATAATCAGAA,1
TCAAATATACAGGAGA,1
TCAAATATAGTGGGAC,1
TCAAATATCCATTTAA,1
TCAAATCATAACAGTG,1
TCAAATCATCACCCGG,1
TCAAATCCAAAAATGT,1
TCAAATCCCCCCGTTC,1
TCAAATCCGCAATGTT,1
TCAAATCCGTCTTGCT,1
TCAAATCGACTTTACA,1
TCAAATCGCTTAAGTA,1
TCAAATCGGAACAGTG,1
TCAAATCGTAATAGTG,1
TCAAATCTAAATATCG,1
TCAAATCTACGGGATC,1
TCAAATCTAGTCACAA,1
TCAAATCTCTACGATA,1
TCAAATCTGGAGTCAC,1
TCAAATCTGGTCTATA,1
TCAAATGAAACGGTAA,1
TCAAATGAAGTAATAA,1
TCAAATGCGCTGAATG,1
TCAAATGCGCTGCATC,1
TCAAATGCGCTGGACG,1
TCAAATGCTAACAATT,1
TCAAATGCTACCAGTT,1
TCAAATGCTATCAATT,1
TCAAATGTGCCATCTC,1
TCAAATGTTACCAATT,1
TCAAATTAAGGACGCG,1
TCAAATTAATGTACAA,1
TCAAATTAATTCACTT,1
TCAAATTAGTCCAGTG,1
TCAAATTATTAATCCC,1
TCAAATTATTAATCCG,1
TCAAATTGACAAGACG,1
TCAAATTGATTCAATT,1
TCAAATTGGTTCACTT,1
TCAAATTTAGGACCCG,1
TCAAATTTAGGAGGCG,1
TCAAATTTAGTATGCG,1
TCAAATTTCATTCTCA,1
TCAACAAAACTCGAAA,1
TCAACAAAATAAAAAC,1
TCAACAAAATGCGAAA,1
TCAACAAAATGCGAAG,1
TCAACAAAGACTTAAA,1
TCAACAAAGCGCGAAA,1
TCAACAAAGTAAAAAC,1
TCAACAAAGTAAATAC,1
TCAACAAAGTATACTG,1
TCAACAACAAGTTTGG,1
TCAACAACAATGCAGC,1
TCAACAACCGCTTTGC,1
TCAACAACGGATTAAA,1
TCAACAACTGACCTGT,1
TCAACAACTTGCACGA,1
TCAACAAGAATGCATC,1
TCAACAAGAATGGAGC,1
TCAACAAGAATGTAGC,1
TCAACAAGACACATCA,1
TCAACAAGGAAGCGGT,1
TCAACAAGGTATATTG,1
TCAACAAGTGAACAAG,1
TCAACAATGGCTTAAA,1
TCAACAATGTATACTG,1
TCAACACAATGAATAC,1
TCAACACACCAGAAAA,1
TCAACACAGAGAATTA,1
TCAACACAGCCAAAGT,1
TCAACACAGGTGCTAA,1
TCAACACCCAAAACAT,1
TCAACACGGAAATTTA,1
TCAACACTATTATTGG,1
TCAACACTATTCTTAG,1
TCAACAGCACAAAAAA,1
TCAACAGCCCATAGTA,1
TCAACAGGGTATACTG,1
TCAACAGTAAACCAAC,1
TCAACAGTCAACAAAC,1
TCAACAGTCAACCAAT,1
TCAACAGTGAACCAAC,1
TCAACAGTGCAAAAAA,1
TCAACAGTTACTCTGC,1
TCAACATACCAAAAAA,1
TCAACATAGTAGTATA,1
TCAACATGTATTCCTA,1
TCAACATGTATTCCTT,1
TCAACATTAGCAAGTC,1
TCAACATTCTGCGGCT,1
TCAACATTTATTCCTG,1
TCAACATTTGAAAGTC,1
TCAACCAAAAGCCACC,1
TCAACCAAAGACCACC,1
TCAACCAAATGTCATA,1
TCAACCAACAAGACCT,1
TCAACCAACTCTCGGA,1
TCAACCACTCAAGGGT,1
TCAACCAGCAAAACCT,1
TCAACCAGCTCTGAAT,1
TCAACCAGTTATGAAT,1
TCAACCATAATCAGTG,1
TCAACCATCGTAACCA,1
TCAACCATGCTTACCA,1
TCAACCCAAAGCTCTA,1
TCAACCCAAGACTCTA,1
TCAACCCAAGTCTCTA,1
TCAACCCACAATCTAC,1
TCAACCCATCGACACG,1
TCAACCCCTCATTACA,1
TCAACCCGGGTCGGTG,1
TCAACCGACCATTAAA,1
TCAACCGAGCATTAAA,1
TCAACCGATAACGTGT,1
TCAACCGGAGTTTGTC,1
TCAACCTACCTTAATG,1
TCAACCTACTGACCCA,1
TCAACCTAGAAGATAA,1
TCAACCTCAAGCGTTT,1
TCAACCTGGCCATGCG,1
TCAACCTGGTCATTAT,1
TCAACCTGTCCCGTGA,1
TCAACCTTCTTGTAAA,1
TCAACCTTGAACCCGT,1
TCAACCTTGCATCAAA,1
TCAACCTTTAATCAAA,1
TCAACCTTTCTCGTGA,1
TCAACCTTTTGACTTA,1
TCAACGAACTAATAAG,1
TCAACGAAGTCCAGTC,1
TCAACGACCAAAATAA,1
TCAACGAGGTATACTG,1
TCAACGATATATTTTA,1
TCAACGATGTCGAGAA,1
TCAACGCATCCAGATC,1
TCAACGCCGCTTTCGT,1
TCAACGCCTGTTAAGG,1
TCAACGCGTGTACATC,1
TCAACGCTATCTACCA,1
TCAACGCTCCTACATC,1
TCAACGCTGTCGGGAA,1
TCAACGCTGTTGAGAA,1
TCAACGGAATGATCTA,1
TCAACGTAATTAACTG,1
TCAACGTAATTGGTCT,1
TCAACTACAATGCATG,1
TCAACTACATATAAAT,1
TCAACTACCAGTATAG,1
TCAACTAGATCACAGC,1
TCAACTAGGGGTAGCA,1
TCAACTAGTTTAAAGA,1
TCAACTATAATCATAA,1
TCAACTATAGAACTAA,1
TCAACTATATCAAAAA,1
TCAACTATATTCAGAA,1
TCAACTCACAAGGATA,1
TCAACTCACAAGTATA,1
TCAACTCACAATCAAC,1
TCAACTCAGCGACACG,1
TCAACTCATCGAAACG,1
TCAACTCATCGACAAG,1
TCAACTCATCTACACG,1
TCAACTCATTCAGATC,1
TCAACTGAGTCGGGTT,1
TCAACTGGTTCTCTTA,1
TCAACTGTGAATCCCG,1
TCAACTGTTGAACTCT,1
TCAACTTAACCAACTA,1
TCAACTTAACGGAGGC,1
TCAACTTAATAAACAG,1
TCAACTTAATAAACCA,1
TCAACTTACCACCTTG,1
TCAACTTACCAGAGGC,1
TCAACTTACCTGAGGC,1
TCAACTTAGCGGAGGC,1
TCAACTTAGGCACAAA,1
TCAACTTGATCAGACA,1
TCAACTTGCCGGAGGC,1
TCAACTTGCTAAGACA,1
TCAACTTGCTCGGACA,1
TCAACTTGCTTAGACA,1
TCAACTTGGGATGAAA,1
TCAACTTGTGATGACA,1
TCAACTTTATCAAATT,1
TCAACTTTATGACACT,1
TCAACTTTGACGCTCG,1
TCAACTTTGGATGACA,1
TCAAGAAAAAATAAAT,1
TCAAGAAAATGTACTT,1
TCAAGAAACATCGTTA,1
TCAAGAAACCGTCTGA,1
TCAAGAAACTCCACTT,1
TCAAGAAAGAATTCAC,1
TCAAGAAATGTGTAGT,1
TCAAGAAATTAAAATA,1
TCAAGAACGTGCTGTA,1
TCAAGAACTTTGCAAA,1
TCAAGAACTTTGTATA,1
TCAAGAAGACGTCGCA,1
TCAAGAAGGTTTTGAA,1
TCAAGAATAAACACTT,1
TCAAGAATAGCGTATA,1
TCAAGAATGAACACTA,1
TCAAGAATGAGCGCAA,1
TCAAGAATTCAAATTC,1
TCAAGAATTGGGAAGA,1
TCAAGAATTGGGTAGA,1
TCAAGACACACATGTC,1
TCAAGACCAGTCTGAT,1
TCAAGACCCAAAAGAG,1
TCAAGACCCCTCACGT,1
TCAAGACCCTAAGAAA,1
TCAAGACCGAATAGAA,1
TCAAGACGAATCTCGA,1
TCAAGACTCTTTGGGT,1
TCAAGACTGAGATTAG,1
TCAAGACTGAGCGAAA,1
TCAAGACTGAGCGCAT,1
TCAAGACTGAGGGCAA,1
TCAAGACTTAGCGCAA,1
TCAAGACTTAGCTCAA,1
TCAAGAGACATCGGTA,1
TCAAGAGAGTACATAA,1
TCAAGAGTACAAGCCA,1
TCAAGAGTCAAAACAG,1
TCAAGATAAAAGATGC,1
TCAAGATAATGGGGTT,1
TCAAGATATATATTCG,1
TCAAGATATCTAAAAC,1
TCAAGATATCTCTAAC,1
TCAAGATCAAGATACT,1
TCAAGATCTTACATTT,1
TCAAGATTCACGTCTT,1
TCAAGATTCTACAGGC,1
TCAAGATTCTCTAATA,1
TCAAGCACGAATAGAA,1
TCAAGCAGAATCTCGA,1
TCAAGCAGAGATCTAT,1
TCAAGCATCAGTCTAC,1
TCAAGCCGAATCTCAA,1
TCAAGCCGAATCTCGG,1
TCAAGCCGACATAAAA,1
TCAAGCCGAGTCTCGA,1
TCAAGCCGGATCTCGA,1
TCAAGCCGGTAGATTC,1
TCAAGCCGTGACTTCA,1
TCAAGCCTAATGAGTC,1
TCAAGCCTAGGTTAGA,1
TCAAGCGAACTGTAAA,1
TCAAGCGCCTGCAATT,1
TCAAGCGTCCTCGAAA,1
TCAAGCGTCGTCATAC,1
TCAAGCGTCTATTACA,1
TCAAGCGTTTAAATTA,1
TCAAGCTAAAAGATGT,1
TCAAGCTATTCTACAC,1
TCAAGCTCTGAGTGCA,1
TCAAGCTGATAGATCT,1
TCAAGCTGCCCGACGA,1
TCAAGCTGGAGGCAAT,1
TCAAGCTGTTAGTCGA,1
TCAAGGAAAGTTGCTC,1
TCAAGGAACAAATAAC,1
TCAAGGAACAAATGAC,1
TCAAGGAACAAATTAT,1
TCAAGGAACATCGGTA,1
TCAAGGAAGGTTGCTG,1
TCAAGGAATAATAACA,1
TCAAGGAGCTTCCAGA,1
TCAAGGCACCACAACT,1
TCAAGGCAGAGGCATT,1
TCAAGGCTCCTTAGAA,1
TCAAGGCTCTTACCAA,1
TCAAGGGACCAAACAG,1
TCAAGGGGTCTCAAAC,1
TCAAGGGTGATCTATA,1
TCAAGGTAACTCAGGA,1
TCAAGGTTAAACCCCC,1
TCAAGTAATCGGATAA,1
TCAAGTATCATACAAC,1
TCAAGTATCCTATTAA,1
TCAAGTATCTTATTAA,1
TCAAGTATGTCTGTGT,1
TCAAGTCAAAAATTAA,1
TCAAGTCAATATAGCA,1
TCAAGTCACTAACACC,1
TCAAGTCCCAAACACC,1
TCAAGTCCCTAAAACC,1
TCAAGTCCGTCTTCAG,1
TCAAGTCCTTCGTCAG,1
TCAAGTCTGCCTCAGA,1
TCAAGTGAAAAATATG,1
TCAAGTGAATGTTTAT,1
TCAAGTGATGATGCAC,1
TCAAGTGCAACCTGAA,1
TCAAGTGCATAACCTA,1
TCAAGTGCATATTTAT,1
TCAAGTGTTAAATCCG,1
TCAAGTGTTCAATCCA,1
TCAAGTGTTCAATCCT,1
TCAAGTTAAAACCAGA,1
TCAAGTTAAAGCCTCC,1
TCAAGTTACAACTAAA,1
TCAAGTTATCAAACCA,1
TCAAGTTATCAACCTA,1
TCAAGTTCGATAGAAG,1
TCAAGTTCTAAGAGAT,1
TCAAGTTTACCAGTTC,1
TCAAGTTTAGAGCTAT,1
TCAATAAAAACGGATA,1
TCAATAAAAATACACT,1
TCAATAAAACATAGAT,1
TCAATAAACAGAAGCC,1
TCAATAAACCACACGA,1
TCAATAAACCGAAGCC,1
TCAATAAAGGGAGGAT,1
TCAATAAATGACAGAT,1
TCAATAAATGTTATAA,1
TCAATAAATTTAGACC,1
TCAATAACCGCATCCT,1
TCAATAACGGACAAAA,1
TCAATAACTATCGGCC,1
TCAATAACTCTCGGCA,1
TCAATAACTCTCGGCT,1
TCAATAAGGATAGGAC,1
TCAATAATAAAAAGGA,1
TCAATAATAAACCCGC,1
TCAATAATCACGCCTA,1
TCAATAATGTAATAAG,1
TCAATAATGTGAAATA,1
TCAATAATTAACCCAC,1
TCAATAATTAACCCTC,1
TCAATACAAAACAGAA,1
TCAATACAAAATTCAA,1
TCAATACAAATATAAA,1
TCAATACACAGAAAAT,1
TCAATACACTAACAAA,1
TCAATACACTATTCGC,1
TCAATACACTCACAAC,1
TCAATACAGAGCAAAT,1
TCAATACATATATGAT,1
TCAATACCAGACTATT,1
TCAATACCGGACGATT,1
TCAATACGCTACTCGC,1
TCAATACGCTATTCTC,1
TCAATACGGAATTAGC,1
TCAATACGGACGAGCC,1
TCAATACGGTATTCGC,1
TCAATACGGTTTGGAC,1
TCAATACGTGATTCCA,1
TCAATACTGAGCGCAA,1
TCAATACTGCAACAAT,1
TCAATACTTGGATCAA,1
TCAATAGAAAAACATA,1
TCAATAGAATAAGGGA,1
TCAATAGAATATAGCT,1
TCAATAGATAGATACG,1
TCAATAGATTCCCATT,1
TCAATAGCCAGATTCA,1
TCAATAGCCGGATTTA,1
TCAATAGCGCACACAT,1
TCAATAGCGTACCCCG,1
TCAATAGCGTACCCTC,1
TCAATAGCTATCCATA,1
TCAATAGGAAGAAAAA,1
TCAATAGGATACCCCG,1
TCAATAGTACACTGTG,1
TCAATAGTACGCTGCG,1
TCAATAGTACTATCCA,1
TCAATAGTTTACCGAA,1
TCAATATAACGAACAG,1
TCAATATAACGAACTT,1
TCAATATACAAATCCA,1
TCAATATACTCTGGGG,1
TCAATATATAACCTCA,1
TCAATATATAGCACAT,1
TCAATATATCTGCCAT,1
TCAATATCATACCCCG,1
TCAATATGAATGTAAC,1
TCAATATTACGCTGTG,1
TCAATATTGACTGTAA,1
TCAATCAAAAATGTAT,1
TCAATCAAAAATGTGC,1
TCAATCAAAAATGTTT,1
TCAATCAAAAATTTGT,1
TCAATCAAACAAAGAC,1
TCAATCAACATGCCTG,1
TCAATCAACCAAAGAT,1
TCAATCAACCAATGGA,1
TCAATCAACGCACCTT,1
TCAATCAAGCAAAGAC,1
TCAATCAATATGCCAT,1
TCAATCAATGATAAGA,1
TCAATCAATGCAAAGA,1
TCAATCAATGTCAGAG,1
TCAATCACCCCGTTGG,1
TCAATCACCGCACATT,1
TCAATCACCTCACCTT,1
TCAATCACTATCTAGC,1
TCAATCACTCTCTAGG,1
TCAATCACTCTCTGGC,1
TCAATCAGCCGTTCTA,1
TCAATCATGATAGGAC,1
TCAATCATGTGAAATG,1
TCAATCCAACCCCTCC,1
TCAATCCAGGTCATAG,1
TCAATCCATCGAGTCC,1
TCAATCCCGCCCGTCA,1
TCAATCCCGGACCATA,1
TCAATCCTAACGACTA,1
TCAATCGAACCCCTCT,1
TCAATCGCACCAGGCG,1
TCAATCGGAGAATCCC,1
TCAATCTAAAATAAGG,1
TCAATCTATAACCTCA,1
TCAATCTATCTACCAT,1
TCAATCTATCTGACAT,1
TCAATCTATCTGCCAA,1
TCAATCTATCTGCTAT,1
TCAATCTATGAAATGG,1
TCAATCTATGAGACCT,1
TCAATCTGGTAATTAT,1
TCAATCTGGTCATTAA,1
TCAATCTGTAAATAAA,1
TCAATCTTAAAGGAGC,1
TCAATCTTAGCAGCAA,1
TCAATCTTGAAAACCT,1
TCAATGAAACTCCGAT,1
TCAATGAAAGTAGAGT,1
TCAATGAACCGAAATA,1
TCAATGAACTGAAATT,1
TCAATGAACTTAAATA,1
TCAATGAATTATGTAT,1
TCAATGACCTTAACTT,1
TCAATGACGCACTCAA,1
TCAATGACTAAAATCA,1
TCAATGATACTGATCT,1
TCAATGCACAAATCCA,1
TCAATGCACATTAATA,1
TCAATGCATACGAGTC,1
TCAATGCATAGACCTA,1
TCAATGCATGTCAAAA,1
TCAATGCCAACCATTT,1
TCAATGCCATTTCCAT,1
TCAATGCGGGTCCTTA,1
TCAATGGAAATTCGCA,1
TCAATGGCAGAGCCCA,1
TCAATGGCCCAATACA,1
TCAATGGCTCGAAGTT,1
TCAATGGTTCAGAATC,1
TCAATGTAGATTTTTG,1
TCAATGTTAGACACGG,1
TCAATGTTGTACCACG,1
TCAATGTTTGACACCG,1
TCAATTAAACACTGCC,1
TCAATTAAGCCCTGCC,1
TCAATTAAGGATTTAG,1
TCAATTAATAGCCGAA,1
TCAATTACCGCAATTT,1
TCAATTACCGGGCGGC,1
TCAATTACTGAGATAC,1
TCAATTAGAAGGGCAA,1
TCAATTAGCAATACGC,1
TCAATTATGGAATTTT,1
TCAATTCAAATAGCTA,1
TCAATTCAGATAGCTC,1
TCAATTCCCAGGCGGC,1
TCAATTCCCGGGCAGC,1
TCAATTCCTCATGTAG,1
TCAATTCTCGGGCGGC,1
TCAATTGAAGTCATCT,1
TCAATTGACGACCGAT,1
TCAATTGCATCCTATT,1
TCAATTGCCGATTGAA,1
TCAATTGTATGGGGGA,1
TCAATTGTCGTGGGAT,1
TCAATTTATCAGACTG,1
TCAATTTATGATCACC,1
TCAATTTATGGCAACA,1
TCAATTTCCACTGAAC,1
TCAATTTGAATAAAAA,1
TCAATTTGCTCAGACA,1
TCAATTTTAAAACGGA,1
TCAATTTTTAGATCGA,1
TCAATTTTTATGCAGT,1
TCAATTTTTGCCAATT,1
TCACAAAAAGCATGAA,1
TCACAAAAATCAACTT,1
TCACAAAACACCTAGC,1
TCACAAAACATGGTCA,1
TCACAAAACTACTGGC,1
TCACAAAAGAGGTGCA,1
TCACAAAAGATGCTAG,1
TCACAAAATCCTCAGA,1
TCACAAAATTAGTGAC,1
TCACAAACATATGTCA,1
TCACAAACCACATAGC,1
TCACAAACGGCGAATA,1
TCACAAACTCGTAGTG,1
TCACAAACTTCACAAA,1
TCACAAACTTTAAAAA,1
TCACAAAGTCTAACCT,1
TCACAAATAGAGATAG,1
TCACAAATCAACTTCC,1
TCACAAATCCAATGAA,1
TCACAAATCTCCAGAG,1
TCACAAATGTAAATAA,1
TCACAAATTATTGAAA,1
TCACAAATTTGACCCT,1
TCACAACAACCAACCT,1
TCACAACAATTACAAT,1
TCACAACCAGTGTCCC,1
TCACAACGCAAGCACA,1
TCACAAGAAACATAAA,1
TCACAAGAGAGACCCT,1
TCACAAGCCAAAAAGA,1
TCACAAGCGGATCTGT,1
TCACAAGCTATTGTTA,1
TCACAAGCTTAAACCA,1
TCACAATAAGATCGAT,1
TCACAATCATTAAAGT,1
TCACAATCTTTTGTGT,1
TCACAATGCCGTACAA,1
TCACAATGTATGAGAT,1
TCACACAAGACATGAC,1
TCACACAATCAGATCG,1
TCACACAGCATCTGAA,1
TCACACAGCCTATGAA,1
TCACACAGCCTCGGAA,1
TCACACAGCCTCTTAA,1
TCACACAGTAAGGAGT,1
TCACACAGTGAGGAGT,1
TCACACAGTGCGGAAT,1
TCACACAGTGCGGATT,1
TCACACAGTGCGGGGT,1
TCACACAGTGCTGAGT,1
TCACACATCTCTAACT,1
TCACACCCAACCTCTT,1
TCACACCCCTTTGGTC,1
TCACACCCTTAACAGA,1
TCACACCTAATACCTC,1
TCACACGACTACAGAC,1
TCACACGATCAGCGTC,1
TCACACGGGTTTAATA,1
TCACACTACAGATTTG,1
TCACACTACAGTAAAA,1
TCACACTAGCCAAACT,1
TCACACTAGCTAAAAT,1
TCACACTAGCTAAGCT,1
TCACACTGGACTCACA,1
TCACACTGTGTTACAT,1
TCACACTTAAGAAATG,1
TCACACTTTGTCACGA,1
TCACAGAAGGAAGCCC,1
TCACAGAATGAAGCCA,1
TCACAGACACATAACC,1
TCACAGATAGAGATAA,1
TCACAGATAGGCAGTA,1
TCACAGATGCGAATAC,1
TCACAGATTTGAAACC,1
TCACAGCACCTTAAAG,1
TCACAGCCCCTCTATG,1
TCACAGCGATCAACAT,1
TCACAGGTAGGCACAA,1
TCACAGTCATGAAAGT,1
TCACATAAATAGTAGC,1
TCACATAAATCATAGC,1
TCACATAAATCCTAGC,1
TCACATAAGAAGTCCG,1
TCACATAAGACGACAT,1
TCACATAAGTCGCTTA,1
TCACATAATCAGATCT,1
TCACATACAACCGAAG,1
TCACATACACGGTAGC,1
TCACATAGCAGGTCAA,1
TCACATATAAATACCT,1
TCACATATACCGCAAT,1
TCACATATAGCGTACC,1
TCACATATAGTGAGAA,1
TCACATATGAAAAGCC,1
TCACATATGCTGCAAC,1
TCACATCACATCGAAC,1
TCACATCAGACGCAAA,1
TCACATCAGGATAATA,1
TCACATCCATACCGAA,1
TCACATCCCAAACATC,1
TCACATCGAATCTACT,1
TCACATCGACAAGTAC,1
TCACATCGTTCTAACC,1
TCACATGCCAAAAGTC,1
TCACATGGTACCCTTA,1
TCACATGTGCGACTCC,1
TCACATGTTGTGTTGC,1
TCACATTCATAACAGG,1
TCACATTCATACCTAA,1
TCACATTGAGTAAGCC,1
TCACATTTGTGTCCGC,1
TCACCAAACAGATATG,1
TCACCAAACCCAGGAC,1
TCACCAAACCGATGAC,1
TCACCAAACCGGGGAC,1
TCACCAAAGTAACTAA,1
TCACCAACAACAAATG,1
TCACCAAGTAAGGAAT,1
TCACCAAGTCTAAACT,1
TCACCAATAAGAACTC,1
TCACCAATCCTAAGAC,1
TCACCAATCTGAAGTA,1
TCACCAATTACAAATT,1
TCACCAATTATTCAAG,1
TCACCAATTCGGCTTA,1
TCACCAATTCTAACCT,1
TCACCAATTTAACAAC,1
TCACCACAACCCCCAA,1
TCACCACCACCATATG,1
TCACCACCTTTCATTT,1
TCACCACGATGAGGTT,1
TCACCACTAAAACTCC,1
TCACCACTGTGGGCAC,1
TCACCACTTATATGAA,1
TCACCAGACCTGAAGG,1
TCACCAGAGAGAAACT,1
TCACCAGCGATTGTTA,1
TCACCAGGCTATATCC,1
TCACCATAAAACTCTT,1
TCACCATAAACCACTT,1
TCACCATAAACCTCTC,1
TCACCATAAACCTCTG,1
TCACCATAATACGTGA,1
TCACCATACAAGTCAT,1
TCACCATAGACCTCTT,1
TCACCATATACAACTT,1
TCACCATCTAAAACGA,1
TCACCATCTATTGTTA,1
TCACCATCTGACATGC,1
TCACCATTACACACTT,1
TCACCATTCAGACCGG,1
TCACCATTGCCCACTA,1
TCACCCAACCTATACT,1
TCACCCAACCTGGACT,1
TCACCCATCTTGTAAA,1
TCACCCATTCGTTAAA,1
TCACCCCAGCCCCTAC,1
TCACCCCCAACGCTAC,1
TCACCCCTGACAATGC,1
TCACCCGAGACCCTAC,1
TCACCCGAGAGAAACT,1
TCACCCGAGCCCCTAA,1
TCACCCGTACCTCACA,1
TCACCCGTGAATTCAA,1
TCACCCTAAGTAAAAA,1
TCACCCTACTCCATGA,1
TCACCCTACTGACCCA,1
TCACCCTCATTAAAAA,1
TCACCCTTAAGACCGG,1
TCACCCTTATACATGT,1
TCACCCTTCTTCTAAA,1
TCACCCTTCTTGCAAA,1
TCACCCTTCTTGTGAA,1
TCACCCTTCTTGTTAA,1
TCACCCTTTTACATGT,1
TCACCGAAATAGAAGA,1
TCACCGACGTATAGAT,1
TCACCGAGAAAAAGCG,1
TCACCGGACTGAGTTT,1
TCACCGGCAACAACGA,1
TCACCGGTAAGACTAA,1
TCACCGTAAAAGCAAT,1
TCACCGTAAACCTCTT,1
TCACCGTATGAACCCC,1
TCACCGTTAATCTCCA,1
TCACCTACACATAACC,1
TCACCTACGCTTACAT,1
TCACCTACGTACTTCA,1
TCACCTACTCTTACAT,1
TCACCTAGCCACTGCT,1
TCACCTATACACTAGT,1
TCACCTCCACCACATA,1
TCACCTCGCCAGCCCA,1
TCACCTCTACAACATA,1
TCACCTCTACCAAATA,1
TCACCTGGGAAATAAA,1
TCACCTGTAAAAATCA,1
TCACCTGTTGACCGTA,1
TCACCTGTTGAGCCTT,1
TCACCTTCATATGCAA,1
TCACCTTCTAGCCACC,1
TCACCTTGATGCTGTT,1
TCACCTTTATAAGTCT,1
TCACCTTTATACTTCT,1
TCACCTTTGACAAATT,1
TCACCTTTGTTCCAAT,1
TCACGAAAACTCGAAT,1
TCACGAAAACTCTACT,1
TCACGAAAGATTCGAG,1
TCACGAAAGCTTCTAG,1
TCACGAAATAACCGGT,1
TCACGAACAATACTTA,1
TCACGAACACCAATAA,1
TCACGAACGATAGTTT,1
TCACGAACTTGGCCCG,1
TCACGAAGGATAGAAA,1
TCACGAAGGTTTGTAC,1
TCACGAATAGAGATAA,1
TCACGACAATTATCAA,1
TCACGACCCTATAACG,1
TCACGACCTTCCCGCC,1
TCACGACTAGTATCTT,1
TCACGAGAGTTAAATC,1
TCACGAGATAAACGGT,1
TCACGAGATAACCGGA,1
TCACGAGATAACCGGC,1
TCACGAGATAACCTGT,1
TCACGAGATAAGCGGT,1
TCACGATACTATTCCA,1
TCACGATAGTTCTTGA,1
TCACGATATCAAAGAG,1
TCACGATGCTTTGCCG,1
TCACGATGGAAATCAA,1
TCACGATTAAACCCCC,1
TCACGCAATAATGCGG,1
TCACGCACCCACACCA,1
TCACGCCAAATACTGA,1
TCACGCCCATAATTCA,1
TCACGCCCATAGGAAA,1
TCACGCCCATTCTGCC,1
TCACGCCCCTGCACCG,1
TCACGCCTACTGCATA,1
TCACGCCTATAATTAA,1
TCACGCCTATAATTTA,1
TCACGCCTTTATCTAG,1
TCACGCGAGTTAAATA,1
TCACGCGCCTCCGTCA,1
TCACGCGGAATATGGT,1
TCACGCGTAGTCATAC,1
TCACGCGTCGCCATAC,1
TCACGCGTCGTCGTAC,1
TCACGCTAATTCTGCC,1
TCACGCTCATTCTTCC,1
TCACGCTCGGAGTGTG,1
TCACGCTGCTTCGCCG,1
TCACGCTGCTTTGCAG,1
TCACGCTGCTTTGCCA,1
TCACGCTGCTTTGCCT,1
TCACGCTGCTTTTCCG,1
TCACGCTTCGTCATAC,1
TCACGGAACGGCTGCT,1
TCACGGAATCCTACCG,1
TCACGGACCACACTCT,1
TCACGGACTGTGTAAA,1
TCACGGATCACACTGT,1
TCACGGATCAGACTCT,1
TCACGGGATAAAATTT,1
TCACGGGGTTTGACAG,1
TCACGGGTGATCTATC,1
TCACGGTAAGCCGATA,1
TCACGGTATTTTAACA,1
TCACGGTGTTTATTGT,1
TCACGGTTAAACACCC,1
TCACGGTTAAACCACC,1
TCACGGTTAAACCCAC,1
TCACGGTTAAACCCCT,1
TCACGGTTGAACCCCC,1
TCACGTAAACCGTATA,1
TCACGTAAATATAGAA,1
TCACGTAAGAGGATTT,1
TCACGTACCAAACAAT,1
TCACGTAGACTTGTGA,1
TCACGTATGACTAACG,1
TCACGTATGATCCAAA,1
TCACGTGAAATATAAT,1
TCACGTGATGCAACCG,1
TCACGTGTCAACAAAA,1
TCACGTGTCAACAGAC,1
TCACGTGTCCTCGAAT,1
TCACGTGTCGTCATAC,1
TCACGTGTCTTAAAGC,1
TCACGTTATTCCAGCA,1
TCACGTTCTAAATGCT,1
TCACGTTGCTTTGCCG,1
TCACGTTGGGGGCGAA,1
TCACTAAAAAAAAACG,1
TCACTAAAAACCGCAC,1
TCACTAAAAACTACAC,1
TCACTAAAAACTGAAC,1
TCACTAAAAACTTCAC,1
TCACTAAAACTCGACT,1
TCACTAAACAAATTTA,1
TCACTAAACCGCACGA,1
TCACTAAAGCTCAAGA,1
TCACTAAATTAGAAAA,1
TCACTAACGCCTTTAC,1
TCACTAAGAATTAGAA,1
TCACTAAGACGAGGAC,1
TCACTAAGAGGATAAA,1
TCACTAAGGTTTGGAC,1
TCACTAATAATGGACT,1
TCACTAATAGCCCTTG,1
TCACTAATATTAGTAT,1
TCACTAATGTATTGGC,1
TCACTACCATTTAACT,1
TCACTACCTACTGCGT,1
TCACTACGGTTCTACG,1
TCACTACGTACAATAC,1
TCACTACTACGGATCG,1
TCACTAGACCCTTACA,1
TCACTAGCTATTGTTA,1
TCACTAGCTCGTAGAC,1
TCACTAGGACGTAGAC,1
TCACTAGGTCGTAGAT,1
TCACTAGGTCTTAGAC,1
TCACTAGTTCGTAGAC,1
TCACTATAAGATACGG,1
TCACTATACAAGTAGC,1
TCACTATAGTGTTATT,1
TCACTATATCATCATC,1
TCACTATCACGTCTTA,1
TCACTATCTTAGGCTA,1
TCACTATGAAGAACCC,1
TCACTATTTGGAGAAA,1
TCACTATTTGGGAAAA,1
TCACTCACAATAGGAT,1
TCACTCACCATAGGAA,1
TCACTCACCATAGGAC,1
TCACTCACCATAGGGT,1
TCACTCACCTTAGGAT,1
TCACTCACGGCACGGG,1
TCACTCACTATAGGAT,1
TCACTCATAGCGACCC,1
TCACTCCAAACGAAAA,1
TCACTCCAAGAAAAAA,1
TCACTCCACGTGTAGT,1
TCACTCCAGATGGCAA,1
TCACTCCCTTTTATTA,1
TCACTCCGAGAACAAA,1
TCACTCGAAATAAATT,1
TCACTCGAGTAAAATT,1
TCACTCGCCAACCAAG,1
TCACTCGCCCGCCAAA,1
TCACTCGCGAAGAACA,1
TCACTCGGTAAACTCT,1
TCACTCTAAATGACAT,1
TCACTCTACGTTTAGT,1
TCACTCTAGGTGTAGT,1
TCACTCTATGTGTAGT,1
TCACTCTCGAAGCACA,1
TCACTCTCTTAGGTGG,1
TCACTCTGACAGCCTT,1
TCACTCTGCTTTGCCG,1
TCACTCTTGGTTAACC,1
TCACTCTTTCAACTGT,1
TCACTCTTTTAAGAAC,1
TCACTGAAAACCACAG,1
TCACTGACCATTGTAA,1
TCACTGAGATATACAA,1
TCACTGATTTAGAAAC,1
TCACTGCAGCGTTACC,1
TCACTGCTCTAGCAAT,1
TCACTGGACACCCGAT,1
TCACTGGCTTTTATTA,1
TCACTGGGATACTGAC,1
TCACTGGGATGGTGAC,1
TCACTGGGTCGTAGAC,1
TCACTGTACCATAGAT,1
TCACTGTCGGGATGAA,1
TCACTGTCTTTTATTA,1
TCACTGTTAAACCCCC,1
TCACTGTTGGCTAGTA,1
TCACTTAAACCGTATC,1
TCACTTAAATATAAAA,1
TCACTTAACGAGAGAA,1
TCACTTAAGTGTCCCA,1
TCACTTACAAGTGCTT,1
TCACTTACACTCATTG,1
TCACTTACCATAGGAT,1
TCACTTAGAAGGGAAA,1
TCACTTAGACACTATT,1
TCACTTAGACCCTACT,1
TCACTTAGACCCTGTT,1
TCACTTCAGGCAACAG,1
TCACTTCCCTGTTTCC,1
TCACTTCGGTTCTACA,1
TCACTTCTACAACGAA,1
TCACTTCTGTTCTACG,1
TCACTTGAATAATTGC,1
TCACTTGACCTTTATA,1
TCACTTGTATGCCACA,1
TCACTTTACTAGCTGG,1
TCACTTTAGATATGAA,1
TCACTTTATATCTTTA,1
TCACTTTCAAGCTAAC,1
TCACTTTCGAGCTCAC,1
TCACTTTGCACAATGG,1
TCAGAAAACTTTCAAG,1
TCAGAAACACTCACGT,1
TCAGAAACCAACGGTT,1
TCAGAAACGAGTGACA,1
TCAGAAACGTGAGCCT,1
TCAGAAACTACCCATG,1
TCAGAAAGCTAATGTC,1
TCAGAAATACAAAAAC,1
TCAGAAATACGACAAC,1
TCAGAAATACGGAAAC,1
TCAGAAATATGCTAAC,1
TCAGAAATCAATATTA,1
TCAGAAATCCCAAATA,1
TCAGAAATGCGAAAAC,1
TCAGAAATTAACTACT,1
TCAGAAATTCAATCAT,1
TCAGAACAAAAAGTGC,1
TCAGAACAAGATAAAT,1
TCAGAACAATATAGAT,1
TCAGAACAGAGAATTA,1
TCAGAACAGTGAGCCT,1
TCAGAACATAGGGTAA,1
TCAGAACATCCATTCA,1
TCAGAACCAACCTCTT,1
TCAGAACCATACAAAC,1
TCAGAACCATACAAGA,1
TCAGAACCATGAGCCT,1
TCAGAACCGTGAACCT,1
TCAGAACCTAACCATG,1
TCAGAACCTACACATG,1
TCAGAACCTACCCGTG,1
TCAGAACCTGATGAAT,1
TCAGAACCTTGAGCCT,1
TCAGAACGAAATAATA,1
TCAGAACGCACCAAGC,1
TCAGAAGACAGGAATA,1
TCAGAAGACTTAAATA,1
TCAGAAGCAGCGTAGA,1
TCAGAAGCGCAGCATT,1
TCAGAAGTAAGCTTAA,1
TCAGAAGTACGAAAAC,1
TCAGAAGTCAAATAGA,1
TCAGAAGTCTAAACAT,1
TCAGAAGTGCATTACA,1
TCAGAATAACGCCCAT,1
TCAGAATACCCTTCGG,1
TCAGAATATATTTGAT,1
TCAGAATCAAAGCTAA,1
TCAGAATCCGAGCATC,1
TCAGAATCGAAGCGAA,1
TCAGAATCGGTACCAT,1
TCAGAATGCCGGATAT,1
TCAGAATTAATATTGT,1
TCAGAATTTTGTACAC,1
TCAGACAAAGAAATGA,1
TCAGACACAACCTCTT,1
TCAGACACCCACACCA,1
TCAGACAGAATTACAA,1
TCAGACAGCACAGACT,1
TCAGACAGCCGGATAT,1
TCAGACATCGAACATA,1
TCAGACCAACTGACAA,1
TCAGACCACACAGACT,1
TCAGACCACCTAGCGT,1
TCAGACCATTACTACA,1
TCAGACCCAAACTCTT,1
TCAGACCCAAATAATA,1
TCAGACCCAACATCTT,1
TCAGACCCAACCACTT,1
TCAGACCGCACAGAAT,1
TCAGACCGCACATACT,1
TCAGACCGCACGGACT,1
TCAGACCGCATAGACT,1
TCAGACCGCTCAGACT,1
TCAGACCTCACAGACT,1
TCAGACGAGGATACCG,1
TCAGACGATAGTGTAT,1
TCAGACGCAAGCTTCT,1
TCAGACGCATAAAAAT,1
TCAGACTATCCTGACG,1
TCAGACTCAATATATT,1
TCAGACTCAATGGATT,1
TCAGACTCGGTATAAC,1
TCAGACTGACGGATAT,1
TCAGACTGCACAGACT,1
TCAGACTGTCACTCCT,1
TCAGACTGTTCCAGCC,1
TCAGACTTATAAATTA,1
TCAGACTTCCGGATAT,1
TCAGACTTGGAAGTTA,1
TCAGACTTGGCATTTA,1
TCAGACTTGGTATTTA,1
TCAGACTTGTCAGTTA,1
TCAGAGAAAACCATTC,1
TCAGAGAACGGCCCGA,1
TCAGAGAAGCACGGCT,1
TCAGAGAATAATCAAA,1
TCAGAGAATTCTGTTC,1
TCAGAGAGAAATAATA,1
TCAGAGCAAAATTCTA,1
TCAGAGCCCATACAAT,1
TCAGAGCCCCCCGTTC,1
TCAGAGCGTGCCATAA,1
TCAGAGGAAAAAGAAT,1
TCAGAGGATAATTCTT,1
TCAGAGTACATGCCTA,1
TCAGAGTACATGCCTT,1
TCAGAGTAGCCGATGT,1
TCAGAGTCATGCCAGA,1
TCAGATAACACAACCT,1
TCAGATAATAAAACGG,1
TCAGATAATGCCTTGT,1
TCAGATACAAGCCCTC,1
TCAGATAGATATAAAA,1
TCAGATAGATCGTCGT,1
TCAGATATATTGTCGT,1
TCAGATATCGGAACCA,1
TCAGATCACATCAGTG,1
TCAGATCAGATCCTAA,1
TCAGATCCACGAGAAT,1
TCAGATCCACGATATC,1
TCAGATCCCTGATATA,1
TCAGATCGAAATAATA,1
TCAGATCGATGGAAAG,1
TCAGATCGATGTCAAG,1
TCAGATCGCACAGACT,1
TCAGATCTAAGATTAG,1
TCAGATGACATCACGG,1
TCAGATGAGCAGACAT,1
TCAGATGCCAAACATA,1
TCAGATTATAAAAGAC,1
TCAGATTCACTGAAAA,1
TCAGCAAACGAGGGTG,1
TCAGCAAAGATAGTAA,1
TCAGCAAATGTACTGA,1
TCAGCAAATTAGCGAA,1
TCAGCAACCTAATATC,1
TCAGCAAGCAAAGTAA,1
TCAGCAATATAACGTT,1
TCAGCAATATCACTTT,1
TCAGCAATATTACGTT,1
TCAGCAATTAGTATAA,1
TCAGCAATTAGTATAT,1
TCAGCACAAGAGACCA,1
TCAGCACAGGTCCCTG,1
TCAGCACGCCATGTCA,1
TCAGCACTACCGTTGA,1
TCAGCACTATTCTTGG,1
TCAGCACTCAGTCAGA,1
TCAGCACTGGCTACGT,1
TCAGCAGAAAAAGAAT,1
TCAGCAGCAGCAGAAG,1
TCAGCAGGACCCTGTC,1
TCAGCAGGTCGAACCC,1
TCAGCAGGTCTTCTAA,1
TCAGCAGTAAGCTCAA,1
TCAGCAGTACAAAAAA,1
TCAGCAGTGAGCTTAA,1
TCAGCATAATAAAAGC,1
TCAGCATCCGACAAAT,1
TCAGCATCCTAAACGA,1
TCAGCATGAAAGCGAC,1
TCAGCCAACACACAAA,1
TCAGCCAACCTTAATG,1
TCAGCCAATATAATTT,1
TCAGCCACGCATCAAA,1
TCAGCCAGAAACTAAT,1
TCAGCCAGAAGATACA,1
TCAGCCAGTGAACAAG,1
TCAGCCATACACTAAT,1
TCAGCCCCTATCTCGC,1
TCAGCCCGTACTGAAT,1
TCAGCCCTAATAACCG,1
TCAGCCCTACATTACT,1
TCAGCCGAAGGCTAAG,1
TCAGCCGACACAGAAA,1
TCAGCCGAGATGCCAA,1
TCAGCCGATCAACTGA,1
TCAGCCTCAGAACAAT,1
TCAGCCTGTCACTCTT,1
TCAGCGAGCTAATGTC,1
TCAGCGCGCAGAAGAG,1
TCAGCGCTGTACCTCT,1
TCAGCGGAGAAAGAAT,1
TCAGCGGATTGAGTAT,1
TCAGCGGCACCCCTCT,1
TCAGCGGTAGGCAGGA,1
TCAGCGTAAACCACAG,1
TCAGCGTCCCCAGCCA,1
TCAGCGTTGCGCAAGA,1
TCAGCTAAAAAAAGCG,1
TCAGCTAAAACTAACA,1
TCAGCTAACAACATTG,1
TCAGCTAACCACTGCT,1
TCAGCTACCTACGAAT,1
TCAGCTAGAAAAGTAA,1
TCAGCTAGCCAATGCT,1
TCAGCTAGTAAATCAT,1
TCAGCTAGTAGTACGA,1
TCAGCTATGAAACTGG,1
TCAGCTCAAGCCCGAA,1
TCAGCTCAATAGTGCA,1
TCAGCTCACGGTACCG,1
TCAGCTCATCGACACG,1
TCAGCTCTGATACTGG,1
TCAGCTGAAGGTATAA,1
TCAGCTGACAATCCCT,1
TCAGCTGAGCAGAAAT,1
TCAGCTGAGCAGTCAT,1
TCAGCTGCCCACTATA,1
TCAGCTGGAATAGACG,1
TCAGCTGGGATAGCCG,1
TCAGCTTGCCACTGCT,1
TCAGCTTTTATAAACT,1
TCAGCTTTTATAACAT,1
TCAGCTTTTCACTACA,1
TCAGGAAACCGAAATA,1
TCAGGAAATGATGATA,1
TCAGGAACATTAGTCT,1
TCAGGAACCAACTTAA,1
TCAGGAACTGATGAAG,1
TCAGGAACTGATGGTA,1
TCAGGAACTTATGATA,1
TCAGGAAGAGAACAAA,1
TCAGGAAGAGAATGAA,1
TCAGGACAAGGCCTCT,1
TCAGGACACGGACTCT,1
TCAGGACACTAAGAAA,1
TCAGGACAGCATGAAC,1
TCAGGACCATCGTGAA,1
TCAGGACCATTGGAAG,1
TCAGGACCCTAAGGAA,1
TCAGGAGAAAAAACAT,1
TCAGGAGCAATACTAT,1
TCAGGAGCTGATGATA,1
TCAGGAGGAGAATAAA,1
TCAGGATAAAATTAGG,1
TCAGGATAACATGCTT,1
TCAGGATACCATGCGT,1
TCAGGATAGCATGCTT,1
TCAGGATAGGACATCT,1
TCAGGATATACCTCCG,1
TCAGGATCAACTAATT,1
TCAGGATTAAAATACA,1
TCAGGATTAAATCGCA,1
TCAGGATTCCGCCCAT,1
TCAGGCAAAACCGACG,1
TCAGGCAAAGAACGTC,1
TCAGGCAAGGGGACCA,1
TCAGGCACCAACACCA,1
TCAGGCACCCAAACCA,1
TCAGGCACCCACAACA,1
TCAGGCACCCACACAA,1
TCAGGCACCCACACCG,1
TCAGGCACCCGCACCA,1
TCAGGCACGCACACCA,1
TCAGGCAGACATGCAG,1
TCAGGCATATAATGAA,1
TCAGGCATCCACACCA,1
TCAGGCATGCAAGCCA,1
TCAGGCCACCAGTCGC,1
TCAGGCCACGAGACGC,1
TCAGGCCCAATAGGTC,1
TCAGGCCCAATAGTAC,1
TCAGGCCGACATGAAA,1
TCAGGCCTCCAGTTTA,1
TCAGGCGTTGATATTA,1
TCAGGCTCCCACACCA,1
TCAGGGAACAGTAATA,1
TCAGGGAACCCAAATA,1
TCAGGGAACCGAAATG,1
TCAGGGAACCTAGACA,1
TCAGGGATCACACTCT,1
TCAGGGCCGGCTAGTG,1
TCAGGGGCACACCCGT,1
TCAGGGGCTATGATAG,1
TCAGGGGTAGGGAATA,1
TCAGGTAAACTTCTAT,1
TCAGGTAAATCCAGCA,1
TCAGGTAGAAAATCAT,1
TCAGGTGCATCTGCCC,1
TCAGGTGCTAATTCAC,1
TCAGGTGTACCTGCCC,1
TCAGGTTATCAACCCA,1
TCAGGTTCTAAGCCAT,1
TCAGGTTGAATATTAC,1
TCAGGTTGCGAGGTTG,1
TCAGGTTTCATAGGTG,1
TCAGTAAAACAAATCA,1
TCAGTAAAACAAATCC,1
TCAGTAAAACAAATGG,1
TCAGTAAAACGAGAAA,1
TCAGTAAAATAAAGAA,1
TCAGTAAACCGGTGCA,1
TCAGTAACAATACTAT,1
TCAGTAACTGATGATA,1
TCAGTAACTTCAGAGT,1
TCAGTAAGAGTCAAAT,1
TCAGTAAGCAATTCCC,1
TCAGTAATCCCATAAT,1
TCAGTAATGTTCATAA,1
TCAGTAATTCTAGATC,1
TCAGTACAATACTGGC,1
TCAGTACAATATTGGT,1
TCAGTACATATAACTT,1
TCAGTACCTCTATAAT,1
TCAGTACTTCCCGGCG,1
TCAGTACTTCCCGGGC,1
TCAGTACTTCCCGGTG,1
TCAGTAGACTCAAGAA,1
TCAGTAGCGTACCCAC,1
TCAGTAGTTCGTCTGG,1
TCAGTATATTTCATAA,1
TCAGTATGATTAGTCT,1
TCAGTATTACTTCAGG,1
TCAGTCAACCTGCGTG,1
TCAGTCAACGTACGTG,1
TCAGTCAACGTGAGTG,1
TCAGTCAACGTGCGTT,1
TCAGTCAACGTGCTTG,1
TCAGTCAACGTGTGTG,1
TCAGTCAAGGTGCGTG,1
TCAGTCACACCCATGT,1
TCAGTCACCATAGGAT,1
TCAGTCACTTGGGCAC,1
TCAGTCATCACCCGCG,1
TCAGTCCCAAACCCGT,1
TCAGTCCCGTCACGTA,1
TCAGTCCCTAGATAGT,1
TCAGTCCGTAGTGAAT,1
TCAGTCTACGTGCGTG,1
TCAGTCTACGTTTTAT,1
TCAGTCTAGTCAATCA,1
TCAGTCTAGTCAATCT,1
TCAGTCTCACTTCAGG,1
TCAGTCTCCTACTAAT,1
TCAGTCTGAAGACGAA,1
TCAGTCTTAACGAAGC,1
TCAGTCTTACTTCAAG,1
TCAGTCTTACTTCAGA,1
TCAGTCTTACTTGAGG,1
TCAGTCTTATTTCAGG,1
TCAGTCTTCCCCGACG,1
TCAGTCTTTCAGCAGA,1
TCAGTGAACGTGCGTG,1
TCAGTGAACTGAAATA,1
TCAGTGACCATAGGAT,1
TCAGTGCATGTCACTT,1
TCAGTGCCTACCCAAT,1
TCAGTGCCTAGTCAAA,1
TCAGTGCTGTACGTCT,1
TCAGTGGCGGAATGGA,1
TCAGTGGCGTACGCCT,1
TCAGTGGGGACACAAA,1
TCAGTGGTCGCTTCGA,1
TCAGTGTATAAAGGTA,1
TCAGTGTATTAAATCA,1
TCAGTGTGAGACCGCG,1
TCAGTGTGTTAACTCA,1
TCAGTGTTCCACACTC,1
TCAGTTAAAAAAACCC,1
TCAGTTAAACCCTGCC,1
TCAGTTAACCCCCAAA,1
TCAGTTAAGTTAACAC,1
TCAGTTAATTTTAAAT,1
TCAGTTAGCCACTGCT,1
TCAGTTATCTGAGAGG,1
TCAGTTATTATATGTG,1
TCAGTTCAAAACCTGA,1
TCAGTTCAAGAACTCA,1
TCAGTTCCTTAGCCTA,1
TCAGTTGCCCATAACA,1
TCAGTTGCGATGTGCG,1
TCAGTTGCGGAATAGA,1
TCAGTTGTCAATCCAG,1
TCAGTTGTGCCGAGAT,1
TCAGTTGTTACGAGAT,1
TCAGTTGTTTCGAGAT,1
TCAGTTTATTAACTCA,1
TCAGTTTCCCCCATAA,1
TCAGTTTCCTACATAA,1
TCAGTTTCTTCCATAA,1
TCAGTTTTAACTTGGG,1
TCAGTTTTGGAAACGT,1
TCATAAAAGCATACGT,1
TCATAAACAATAAAAA,1
TCATAAACATCCAGTT,1
TCATAAACCAACTGTA,1
TCATAAACCATACCAC,1
TCATAAACCGCTTTAA,1
TCATAAACCTCAGGCT,1
TCATAAAGCCAAAAGC,1
TCATAAAGCCAACTAC,1
TCATAAAGCCCCACGA,1
TCATAAATAAAACCAC,1
TCATAAATACAAAAAT,1
TCATAAATATACACAG,1
TCATAAATGAGTCCCC,1
TCATAAATGGACCTCA,1
TCATAAATGTACACAA,1
TCATAAATGTACACGG,1
TCATAACACATGGTCT,1
TCATAACCACTTACAA,1
TCATAACCCATACAAT,1
TCATAACCCCATGAAT,1
TCATAACCTTCACATT,1
TCATAACGTGCGTTGA,1
TCATAACTAACATATT,1
TCATAACTCGAATAAT,1
TCATAACTGACATAGT,1
TCATAACTGAGTACCC,1
TCATAACTGATTCCCC,1
TCATAACTTTATGTTG,1
TCATAAGAAAACTCTA,1
TCATAAGAGATCGAGT,1
TCATAAGAGCTTACAA,1
TCATAAGCAAGGAAAA,1
TCATAAGCGTAAGACT,1
TCATAAGCTCGCTAGC,1
TCATAAGGATAACCCA,1
TCATAAGGGGACAAGA,1
TCATAAGGTCCTTCAC,1
TCATAAGGTGACAAGG,1
TCATAAGGTGACAATA,1
TCATAAGGTGAGAAGA,1
TCATAAGTGAGTCTTA,1
TCATAATAACCCGTCA,1
TCATAATAACGTGTCA,1
TCATAATAAGAGAATT,1
TCATAATATGCAATCA,1
TCATAATCTTTAACCA,1
TCATAATGCAAGAATT,1
TCATAATGCATACATT,1
TCATAATGGCATCGGT,1
TCATACAATAATTCGT,1
TCATACACAATGTAAT,1
TCATACACACCCAGTT,1
TCATACACGTCCAGTT,1
TCATACAGAAGAAGAA,1
TCATACAGAAGACTAA,1
TCATACAGAGGACGAA,1
TCATACAGATACGCAC,1
TCATACAGCATATAAT,1
TCATACAGTCATCCTA,1
TCATACATATGATATC,1
TCATACATCGGATTAA,1
TCATACATTTCAAGAG,1
TCATACCAAACTCTCC,1
TCATACCAAAGTAAGA,1
TCATACCAACGTATTA,1
TCATACCAATTGGCAC,1
TCATACCATTACTGCA,1
TCATACCCAACCTCTT,1
TCATACCCATACGTAC,1
TCATACCCGAAATCAA,1
TCATACCGAAACGTAA,1
TCATACCGATTGGCAA,1
TCATACCGATTGGTAC,1
TCATACCGCTTCTAAA,1
TCATACCGGTTGGCAC,1
TCATACCGTTACATTG,1
TCATACCTATACGAAG,1
TCATACCTGAACTTAT,1
TCATACGAAAAGCTCA,1
TCATACGAAGAACTCA,1
TCATACGCGTTGAAAA,1
TCATACGCTAGCTAGC,1
TCATACGCTCGCCAGC,1
TCATACGTCTTAAATA,1
TCATACGTGTCAAGAG,1
TCATACGTTTCAAGAA,1
TCATACGTTTCAGGAG,1
TCATACTAAAAACTCA,1
TCATACTACTCGGATG,1
TCATACTAGAAACATC,1
TCATACTCCTGGGGGA,1
TCATACTTTTTATAGT,1
TCATAGAAACAAGTCC,1
TCATAGAAACCCACAT,1
TCATAGAACAGTAATA,1
TCATAGAACCCGCCTT,1
TCATAGAACCCTACCC,1
TCATAGAACCCTATCA,1
TCATAGAACCCTATTC,1
TCATAGAACTGGTACA,1
TCATAGAACTTAGTCA,1
TCATAGAAGTCGAAAC,1
TCATAGAATACTCATG,1
TCATAGAATGGAACTC,1
TCATAGAATGGAACTG,1
TCATAGAATTCGTGTA,1
TCATAGACATAAGTCC,1
TCATAGACATACTGTA,1
TCATAGACGTGGGGTC,1
TCATAGAGAAGAAATG,1
TCATAGAGGAGAGTAA,1
TCATAGAGTAGCAAAA,1
TCATAGAGTGCGTTGA,1
TCATAGCAAATCCACA,1
TCATAGCATCAACACG,1
TCATAGCCCAACCCGA,1
TCATAGCCTAACACAG,1
TCATAGCTAGAACGAT,1
TCATAGCTTAACCCTT,1
TCATAGCTTTTGTGGA,1
TCATAGGACCCTATCC,1
TCATAGGACTCCCCGA,1
TCATAGGCATCCCCGA,1
TCATAGGCCTCCACGA,1
TCATAGGCCTCCCTTA,1
TCATAGGCCTTCCCGA,1
TCATAGGGCTCCCCGA,1
TCATAGGGTCGAATTG,1
TCATAGGTAAAATACT,1
TCATAGTAAAGAATCC,1
TCATAGTAACGCGTCA,1
TCATAGTAATGAATAC,1
TCATAGTAATTAATCC,1
TCATAGTAGTGAATCC,1
TCATAGTCAATCGCTC,1
TCATAGTCCTCCCCGA,1
TCATAGTGAGACTTTC,1
TCATAGTGTAATCAAC,1
TCATAGTGTACTCATC,1
TCATAGTTTACTCAAC,1
TCATATAACCTCACCG,1
TCATATAACCTTAGAC,1
TCATATAAGGTTAAAC,1
TCATATAATCAATGGA,1
TCATATACAGACAACA,1
TCATATACCTTGGCTT,1
TCATATACGGATAACA,1
TCATATACGTGAGAAG,1
TCATATACTTCTACAC,1
TCATATAGATACTGTA,1
TCATATAGATTAAATC,1
TCATATAGCCCCACGT,1
TCATATAGGCATGATG,1
TCATATATATTATCGT,1
TCATATCAAACTATCC,1
TCATATCACTTGTCAT,1
TCATATCCAGAATAGT,1
TCATATCCAGAATCAT,1
TCATATCCATAATCGT,1
TCATATCCCTATAAAC,1
TCATATCGAGAATCGT,1
TCATATCTCGTATCTA,1
TCATATGAATATGAAA,1
TCATATGCATCGACAA,1
TCATATGCCCAGTTCA,1
TCATATGCCTCCCCGA,1
TCATATGCCTCTACAA,1
TCATATGCTAGACAAT,1
TCATATGGAGTATATT,1
TCATATGGGTGGTGTG,1
TCATATGTAAAGGTTC,1
TCATATGTCTTACAAC,1
TCATATGTTTCAAGAG,1
TCATATTAATGAATCC,1
TCATATTACCTACTGT,1
TCATATTCAGAATCGT,1
TCATATTCTCTATTTC,1
TCATATTGAAAACATT,1
TCATATTTTTCACACA,1
TCATCAAAAAAACCAA,1
TCATCAAAAACCCCTG,1
TCATCAAACAAACAAC,1
TCATCAAAGCCTTATG,1
TCATCAAAGTGGGTAT,1
TCATCAACCACCCCAA,1
TCATCAACCGCCCCAA,1
TCATCAAGGTATGCAA,1
TCATCAATACCATATA,1
TCATCAATATCACGTT,1
TCATCAATTTAAATCG,1
TCATCACAACAGGGAC,1
TCATCACAGAGAATTA,1
TCATCACATAACACCG,1
TCATCACATAACACCT,1
TCATCACATTAAACGG,1
TCATCACATTCCTACA,1
TCATCACCGCACAGTT,1
TCATCACGAGAATGTA,1
TCATCACTTAGTCAGA,1
TCATCAGACAGGAATA,1
TCATCAGAGATAGAGT,1
TCATCAGAGATCGACT,1
TCATCAGAGATCTAGT,1
TCATCAGCTATTGTTA,1
TCATCAGGACAAGGAC,1
TCATCAGGGCGTTGAC,1
TCATCAGTAAGCTTAA,1
TCATCATAAACCTCTT,1
TCATCATATTGTTGTA,1
TCATCATCATCATGAT,1
TCATCATCGATTAACA,1
TCATCATCTAGTAACA,1
TCATCATGACTAGCTA,1
TCATCATGCATACGTT,1
TCATCCAAAAAGAAAA,1
TCATCCAAAACACCAA,1
TCATCCAAATCAATAG,1
TCATCCACACGCCATT,1
TCATCCACACTCGCTC,1
TCATCCACATAATGAA,1
TCATCCACGGGAAACG,1
TCATCCAGTCGGGAAC,1
TCATCCATACCATAAA,1
TCATCCATATGACATC,1
TCATCCATATTATATC,1
TCATCCATCCCGGGCA,1
TCATCCCAACAGGGAC,1
TCATCCCCAAACATTC,1
TCATCCCCTATCGCGC,1
TCATCCGAATGATACA,1
TCATCCGAGTGATACA,1
TCATCCGATCGATACA,1
TCATCCGATTGATACG,1
TCATCCGATTGATATA,1
TCATCCGCCGCAACTC,1
TCATCCGGACAAGTAG,1
TCATCCGTATGATATC,1
TCATCCTAAGACAGTA,1
TCATCCTACCTAAACT,1
TCATCCTACTGACCCA,1
TCATCCTCCAAGTCCT,1
TCATCCTGACCTACCG,1
TCATCCTGTCACTCCT,1
TCATCCTTACCCTATA,1
TCATCGAATTAGTGTA,1
TCATCGCAACATGGAC,1
TCATCGCAGCAGGGAC,1
TCATCGCAGGGGCAAG,1
TCATCGGGGGAGCACG,1
TCATCGGTGAAATACT,1
TCATCGTCCAAGGCTC,1
TCATCTACCAGTTGGT,1
TCATCTACCCAAGCCT,1
TCATCTACTCTACCTA,1
TCATCTAGATTAGATC,1
TCATCTAGCATATAAT,1
TCATCTAGTGGCCAGG,1
TCATCTAGTGGCTAGA,1
TCATCTAGTTGCTAGG,1
TCATCTATAAATCCTT,1
TCATCTATACTGCACA,1
TCATCTATATAGGTTC,1
TCATCTATATATGTGC,1
TCATCTATATGATATC,1
TCATCTATGTAGGTGC,1
TCATCTATTTGGTTTA,1
TCATCTCACCACATCG,1
TCATCTCGCATGTAGC,1
TCATCTGAAATTAGAC,1
TCATCTGACCGCTGCA,1
TCATCTGGAAAAGGAC,1
TCATCTGGACAAGGAA,1
TCATCTGGGTGGTGTG,1
TCATCTGTAACCACAA,1
TCATCTGTACAAGGAC,1
TCATCTGTAGCTGGCA,1
TCATCTGTGTACTTGA,1
TCATCTTAATTTTGGT,1
TCATCTTAGTGGAGAC,1
TCATCTTATATTAGAC,1
TCATCTTGGAGTAACC,1
TCATCTTTACCCCGGA,1
TCATCTTTCCATAGAG,1
TCATGAAAACGCACAC,1
TCATGAAAAGATGTTT,1
TCATGAAAAGCACGTA,1
TCATGAAAATATCCAG,1
TCATGAAACTCATACT,1
TCATGAAAGAAACCAG,1
TCATGAAAGAAACCTA,1
TCATGAAAGAAATCAA,1
TCATGAAATATTAATA,1
TCATGAAATGGAACAA,1
TCATGAACAGACTCAC,1
TCATGAAGGTTTGGAC,1
TCATGAATGTTTCTAG,1
TCATGACCCAAAGTCG,1
TCATGACGCAAGATCA,1
TCATGAGAGAAACCAA,1
TCATGAGATTGAGTTA,1
TCATGAGGCCGATTAC,1
TCATGATAATAACACA,1
TCATGATACTCTTGTA,1
TCATGATAGTGGGGTT,1
TCATGATTAATGTTTG,1
TCATGCAACAGAACAT,1
TCATGCAATAGATATC,1
TCATGCAATAGATCTA,1
TCATGCACATAAATCT,1
TCATGCATTAATGTAT,1
TCATGCATTAGACAAT,1
TCATGCCAACATTACA,1
TCATGCCAACATTCCT,1
TCATGCCAGCGATAAC,1
TCATGCCGAAGCACAA,1
TCATGCCGGGGAGTTT,1
TCATGCCGTACACACA,1
TCATGCCTTCTGACCC,1
TCATGCGAGCTAAATG,1
TCATGCGATAATCATA,1
TCATGCGGACGTAATT,1
TCATGCGGATATCTGT,1
TCATGCGTATATCTGT,1
TCATGCGTGAAATACT,1
TCATGCTAACATAAGA,1
TCATGCTAACATTCCA,1
TCATGCTTAAATGTTG,1
TCATGGAACCGAAATA,1
TCATGGACTCAGCGCT,1
TCATGGACTTTGGCGC,1
TCATGGATCACACTCT,1
TCATGGATGAAATACT,1
TCATGGCATAAACACG,1
TCATGGCATCGACACG,1
TCATGGCCCTAGCTTA,1
TCATGGCCGTGTAATA,1
TCATGGCCTAACACCG,1
TCATGGGAAATAGATT,1
TCATGGGACATACATT,1
TCATGGGAGACGTATC,1
TCATGGGCATACAGAT,1
TCATGGGCCTCCCCGA,1
TCATGGGGCATAGATT,1
TCATGGGTGAAATACA,1
TCATGGTCTTCAGCAT,1
TCATGGTTAAACCCCC,1
TCATGGTTGAAATACT,1
TCATGGTTGCAATCGC,1
TCATGGTTGGGGAAGT,1
TCATGGTTTAAACCAG,1
TCATGGTTTACAACAG,1
TCATGGTTTACGCCAG,1
TCATGTAAATATGAGG,1
TCATGTAAGAGTAATC,1
TCATGTAAGATGACCA,1
TCATGTAAGCCCCCCC,1
TCATGTACAAAGTAAA,1
TCATGTACATATAGCA,1
TCATGTAGATTTACGC,1
TCATGTAGCCTTACGC,1
TCATGTAGCTCTACGC,1
TCATGTATATTATTGT,1
TCATGTATCATCCAAA,1
TCATGTATCCAATTTG,1
TCATGTATCTGAGAGG,1
TCATGTCAGAACATAT,1
TCATGTCAGACAACCG,1
TCATGTCAGCTAAACC,1
TCATGTCGAAACCAAG,1
TCATGTCGTACGCCGG,1
TCATGTGACTCGCGTC,1
TCATGTGCCACAACAC,1
TCATGTGCCATCCATA,1
TCATGTGGAATACGAT,1
TCATGTGTCTTACAAC,1
TCATGTTAAAACAAGT,1
TCATGTTAAAACTAAT,1
TCATGTTGTAAACACC,1
TCATTAAAACAGTCGA,1
TCATTAAACAAAAATA,1
TCATTAAACACATCTA,1
TCATTAAACTCTGGAT,1
TCATTAAAGCCAGCCT,1
TCATTAACACAACTCA,1
TCATTAACACTGCCAT,1
TCATTAACAGTACATA,1
TCATTAACCGACTCAC,1
TCATTAAGAATCGGGT,1
TCATTAAGCGTAGAGT,1
TCATTAATACTAAGGA,1
TCATTAATCTTTGTCA,1
TCATTACAATGCAGTG,1
TCATTACAATGTAGCG,1
TCATTACAATGTAGTC,1
TCATTACAATGTGGTG,1
TCATTACAGGCCTATA,1
TCATTACAGTGTAGTG,1
TCATTACATACTATTT,1
TCATTACATATTTATG,1
TCATTACCAACTATTT,1
TCATTACCCTTATTTG,1
TCATTACCTACTATTC,1
TCATTACGGCTTAAAC,1
TCATTACGTACCCACG,1
TCATTACTAATAAGGA,1
TCATTACTACTACGGA,1
TCATTAGAACGGTTAG,1
TCATTAGACATAAAAG,1
TCATTAGACATGGTGA,1
TCATTAGACTCCCAAG,1
TCATTAGAGTCCTAAG,1
TCATTAGCCTGTACAG,1
TCATTAGCGAAACCAC,1
TCATTAGCGCGCGAGC,1
TCATTAGTCGCGAAGC,1
TCATTATAAATCCTAT,1
TCATTATAATAAGAGT,1
TCATTATAATTCCTAT,1
TCATTATACCTGATAT,1
TCATTATAGGGCATTA,1
TCATTATATTCCAATA,1
TCATTATCAGTTACAA,1
TCATTATCCTCGTTAA,1
TCATTATCGTTGTTAA,1
TCATTATCTACTATTT,1
TCATTATGAAAACAAA,1
TCATTCAAAAATATTG,1
TCATTCAACAGGACGT,1
TCATTCACATAATGAG,1
TCATTCACGTAATGAA,1
TCATTCAGACATCAAA,1
TCATTCAGACCTCAAG,1
TCATTCAGAGACCTTG,1
TCATTCAGTTCTGACT,1
TCATTCATGTTCTTCT,1
TCATTCATTTAAGGTT,1
TCATTCCACCGCCACT,1
TCATTCCACTAGGCGA,1
TCATTCCCTTTCAACT,1
TCATTCGCATAATGAG,1
TCATTCGTAGCGAAGC,1
TCATTCGTAGCTCGCT,1
TCATTCGTCGAGAAGC,1
TCATTCGTCGCGAATC,1
TCATTCGTGGCGAAGC,1
TCATTCGTTTCTGAGC,1
TCATTCTAGCTACCAA,1
TCATTCTGGACATAAT,1
TCATTCTTACTTCAGG,1
TCATTGAATTCGTGTA,1
TCATTGACAGTCTCGT,1
TCATTGAGACCGAACT,1
TCATTGATAACAAGGA,1
TCATTGATACTTACTG,1
TCATTGCAATACATCA,1
TCATTGCAATTATACA,1
TCATTGCATATCACTT,1
TCATTGCATGCCCAAT,1
TCATTGCCGTTAGCCA,1
TCATTGCGGGAGTGCT,1
TCATTGGCGACGTATC,1
TCATTGGCTCGAAGTG,1
TCATTGGCTCGAGGTT,1
TCATTGGCTCTAAGTT,1
TCATTGGGTCGAAGTT,1
TCATTGTACATGTCGC,1
TCATTGTATAACCTCA,1
TCATTGTATCAATCAA,1
TCATTGTCTCGAAGTT,1
TCATTGTGGGTGAAAT,1
TCATTGTGTACTCAAC,1
TCATTTAAAAATATCG,1
TCATTTAAGCATACCG,1
TCATTTAAGTATACCT,1
TCATTTAATCCCATGG,1
TCATTTACAACTTTGC,1
TCATTTCATTTTACCT,1
TCATTTCTCTAGTTCA,1
TCATTTGAGAAATCAT,1
TCATTTGATAAACCAT,1
TCATTTGCTCGAAGTT,1
TCATTTGGACAAGGAC,1
TCATTTGTACTCCAAG,1
TCATTTTAAGATTCCC,1
TCATTTTAGAAACCAT,1
TCATTTTATAACAGAC,1
TCATTTTCCATTGGCT,1
TCATTTTCCTCCATAA,1
TCATTTTCTAAACGCC,1
TCATTTTGGACCAGAG,1
TCCAAAAAACAAGTAT,1
TCCAAAAAACTATGTA,1
TCCAAAAAATCAATGA,1
TCCAAAAACCCATCAC,1
TCCAAAAACGTCAGTA,1
TCCAAAAAGAAAGGAG,1
TCCAAAAAGGAATGAA,1
TCCAAAAAGGACTTAA,1
TCCAAAAATCCACCGA,1
TCCAAAAATTTAGTCC,1
TCCAAAACAACTATCA,1
TCCAAAACACCATCAC,1
TCCAAAACAGGGCCCT,1
TCCAAAACATCAGGAT,1
TCCAAAACATCATGCT,1
TCCAAAACATCTGGCT,1
TCCAAAACCCAATCAC,1
TCCAAAACCCCACCAC,1
TCCAAAACCCCATAAC,1
TCCAAAACCCCATCGC,1
TCCAAAACCCCATTAC,1
TCCAAAACCCTATCAC,1
TCCAAAACGAGTGACA,1
TCCAAAACGCCATCAC,1
TCCAAAACTCATCTCC,1
TCCAAAAGAAACTAAG,1
TCCAAAAGTCGAGTTG,1
TCCAAAATTCACAGAG,1
TCCAAACAGGGCAGAA,1
TCCAAACATGCACCCC,1
TCCAAACATTGGAACC,1
TCCAAACCAATAAAAA,1
TCCAAACCAGGCCACA,1
TCCAAACGACGAGGTA,1
TCCAAACGAGAGCCTC,1
TCCAAACGAGGGCATC,1
TCCAAACGAGGGCTTC,1
TCCAAACGATGGCCTC,1
TCCAAACGCCAGATAC,1
TCCAAACGCCTAGGTA,1
TCCAAACTCCGAGGTA,1
TCCAAAGAAGTATCTT,1
TCCAAAGAGGTTACTA,1
TCCAAAGATGCAACAC,1
TCCAAAGGAAATTCAT,1
TCCAAATATATTTGAT,1
TCCAAATCCAAACAAG,1
TCCAAATCGCAGAATT,1
TCCAAATGACAACCTA,1
TCCAAATGGCTTCCTG,1
TCCAAATGTGAGAACC,1
TCCAAATTGCACATAT,1
TCCAAATTTTAGCAAA,1
TCCAAATTTTCATATA,1
TCCAACACCGAACCAG,1
TCCAACACTACAACGT,1
TCCAACAGCTGCAACA,1
TCCAACATGACTAGCC,1
TCCAACATGCCTAGAC,1
TCCAACATTGTAGTTC,1
TCCAACCAAGTCCCAG,1
TCCAACCAATACTCCG,1
TCCAACCACGCACACT,1
TCCAACCCGAGTTATG,1
TCCAACCCGGATTATG,1
TCCAACCTCCAGCAAC,1
TCCAACCTGCAGCAAC,1
TCCAACCTGGTGATTG,1
TCCAACCTTCATCAAC,1
TCCAACGCACAGCCGC,1
TCCAACGTGAACTACT,1
TCCAACGTGCCATCTC,1
TCCAACTAACTCAGAC,1
TCCAACTAACTCATAT,1
TCCAACTAACTTAGAT,1
TCCAACTACTAAAAAT,1
TCCAACTACTGACCCA,1
TCCAACTATAACGGAG,1
TCCAACTCATGTAGCG,1
TCCAACTCGAATAAAC,1
TCCAACTCTTTACAGA,1
TCCAACTTACAGCCAT,1
TCCAACTTTCGTTAGG,1
TCCAAGAAAAACAGAC,1
TCCAAGAAACTTGTCG,1
TCCAAGAAGAAACTCA,1
TCCAAGACCCTGATAC,1
TCCAAGACGCTTAAAC,1
TCCAAGAGCAAATTCT,1
TCCAAGAGCCGATTCT,1
TCCAAGAGCCGTAATT,1
TCCAAGAGGCAATTCT,1
TCCAAGATACCGGCAT,1
TCCAAGCATTTAACAC,1
TCCAAGCCACAGAAGC,1
TCCAAGCCACCGAGGC,1
TCCAAGCCAGCGTATC,1
TCCAAGCCCCTTGTCA,1
TCCAAGCCGCCGAAGC,1
TCCAAGCCTCTCGAGT,1
TCCAAGCTAATAACCA,1
TCCAAGCTTAATTCGC,1
TCCAAGGACTCAGATC,1
TCCAAGGATTGGCTGT,1
TCCAAGGCATTCTTGA,1
TCCAAGTAACTACCAT,1
TCCAAGTATACATGAT,1
TCCAAGTCACGAATCA,1
TCCAAGTGATACTCCG,1
TCCAAGTTAGTTCAAT,1
TCCAAGTTCACAAATG,1
TCCAAGTTGACAAATC,1
TCCAATAAAGAACCGA,1
TCCAATAACTCGGAAG,1
TCCAATAAGGAATATT,1
TCCAATAAGGTCTCCC,1
TCCAATAAGTTTTATA,1
TCCAATACAATACATC,1
TCCAATACTACAAAGT,1
TCCAATACTACAATGT,1
TCCAATAGCCAATTCT,1
TCCAATATACTATGCC,1
TCCAATATCAGTACCA,1
TCCAATATTTGGATCT,1
TCCAATCAACATCAAA,1
TCCAATCAACTACCCA,1
TCCAATCAATGGTAGT,1
TCCAATCACATCAGTG,1
TCCAATCAGCCATCAC,1
TCCAATCATACGGCCA,1
TCCAATCCATGTTAGT,1
TCCAATCGCAATAATC,1
TCCAATCGTAACAGTG,1
TCCAATCTCGTGTAAA,1
TCCAATCTCTAAGACA,1
TCCAATCTTGTGCAAA,1
TCCAATGAGGTAGACT,1
TCCAATGAGTACCTCC,1
TCCAATGCCCAACACC,1
TCCAATGCCCAGTACC,1
TCCAATGCCCATCACC,1
TCCAATGCGGCATATA,1
TCCAATGCGTACCCCC,1
TCCAATGCGTACCTAC,1
TCCAATGTATTCCATT,1
TCCAATGTCCACCACA,1
TCCAATGTCCCATCTC,1
TCCAATGTGACATCTC,1
TCCAATGTGCCATATC,1
TCCAATGTGCCATCTA,1
TCCAATGTGGCATCTC,1
TCCAATGTTACTATTA,1
TCCAATTCACCCCTGA,1
TCCAATTCCATCAAAA,1
TCCAATTCGACTGAAT,1
TCCAATTCGTACCTCC,1
TCCACAAAGGTACCGT,1
TCCACAAATGCCCAAT,1
TCCACAACAACAAATA,1
TCCACAACACCAACCG,1
TCCACAACACTTTAAA,1
TCCACAACATGTTTGC,1
TCCACAACCCACACAA,1
TCCACAACGCATCTCC,1
TCCACAAGATAACCGA,1
TCCACAATAGGCGCAG,1
TCCACAATAGTACATC,1
TCCACAATATTTATTG,1
TCCACAATGCTCCAAT,1
TCCACACAATAAGCGG,1
TCCACACCAACAACCG,1
TCCACACCAATTCACA,1
TCCACACCACCAACAG,1
TCCACACCACCAATCG,1
TCCACACCATACTGGT,1
TCCACACCGCTTCACA,1
TCCACACTATCCTATC,1
TCCACAGGAAATTAAT,1
TCCACAGGAAATTCAG,1
TCCACAGGTCCCATAT,1
TCCACAGTAAATCGAA,1
TCCACATCAAGCGCGC,1
TCCACATCATTCATAC,1
TCCACATGAAAACCTA,1
TCCACATGACATATAA,1
TCCACATGACTTTATG,1
TCCACATTACTTAGAT,1
TCCACATTGAGATACA,1
TCCACCAAAGCACAAA,1
TCCACCAAATGTTTGC,1
TCCACCAACCTCCCAC,1
TCCACCAACTTTCTCT,1
TCCACCAACTTTTGCT,1
TCCACCAAGTTTCGCT,1
TCCACCACATCTAGTA,1
TCCACCACATGTTTGG,1
TCCACCACCAATACAG,1
TCCACCACTCCCAGAC,1
TCCACCAGAAATAAAG,1
TCCACCAGACAACCGA,1
TCCACCAGATAACAGA,1
TCCACCAGATAACTGA,1
TCCACCAGGAAAAGGC,1
TCCACCAGGTAACCGA,1
TCCACCATATAACCGA,1
TCCACCCTAATGAGTC,1
TCCACCCTTTGACTTA,1
TCCACCGAACCACAAC,1
TCCACCGACGACCTTG,1
TCCACCGAGATGCCAA,1
TCCACCGCAACAAGAG,1
TCCACCGCACAGACGC,1
TCCACCGCACAGCAGC,1
TCCACCGCACAGCCGG,1
TCCACCGCACAGCCTC,1
TCCACCGCACAGTCGC,1
TCCACCGCACATCCGC,1
TCCACCGTCAACAAGA,1
TCCACCGTTAGACAAC,1
TCCACCTAATGACCCA,1
TCCACCTACTGACCAA,1
TCCACCTACTGACTCA,1
TCCACCTAGTGACCCA,1
TCCACCTATAATTCAG,1
TCCACCTATGCATTGA,1
TCCACCTCAAGCGTCT,1
TCCACCTCATGTTTGC,1
TCCACCTCTAACAGCA,1
TCCACCTCTAACCAAC,1
TCCACCTTTTTACTTA,1
TCCACGAACTTTCGCT,1
TCCACGAGAATGGAAC,1
TCCACGAGACTATCCG,1
TCCACGAGCGGATTCC,1
TCCACGCACAACAGGA,1
TCCACGCGCCCCCTCC,1
TCCACGCTCTATGTTT,1
TCCACGCTCTTATAAT,1
TCCACGGACTGAGTTT,1
TCCACGGAGTGACCTA,1
TCCACGGGAAATTCAT,1
TCCACGGTAAAGGAAG,1
TCCACGTAAATGGCTT,1
TCCACGTAATTAACTC,1
TCCACGTCTCGTTCAC,1
TCCACGTGCCCGTAAT,1
TCCACTAAAATCGACC,1
TCCACTAAAGCGCATT,1
TCCACTAAATACCACA,1
TCCACTAAATGCATCT,1
TCCACTAATAGCACTT,1
TCCACTACTGACCATC,1
TCCACTAGATAACCGA,1
TCCACTATTTTCATAC,1
TCCACTCAACTAATAT,1
TCCACTCATCTGACAG,1
TCCACTCGCATATAGC,1
TCCACTGACATCAGAC,1
TCCACTGATTTCTGTG,1
TCCACTGCACGCAAGA,1
TCCACTGCGGAATATA,1
TCCACTGCGGCATATT,1
TCCACTGTACTCAAGA,1
TCCACTGTGAATAGAC,1
TCCACTGTGCGCAAGA,1
TCCACTTAATTTGTTA,1
TCCACTTACAAACAAA,1
TCCACTTATAGTATTA,1
TCCACTTCCCAACCTA,1
TCCACTTTCTCATCAT,1
TCCACTTTTAAGTTCT,1
TCCAGAAAAAAGGTAA,1
TCCAGAAAGGACTGAA,1
TCCAGAAAGGTAGCAT,1
TCCAGAAATTCGCTAA,1
TCCAGAACAAACTAAC,1
TCCAGAACATTCGTGC,1
TCCAGAACGGTATCAT,1
TCCAGAAGCTAGATTT,1
TCCAGAATGAACACGT,1
TCCAGACAACCCAAGA,1
TCCAGACCCTAGATTT,1
TCCAGACCTACAGGTA,1
TCCAGACGATAGATTT,1
TCCAGACGCGAGCGCT,1
TCCAGACGCTAAATTT,1
TCCAGACTCTAGATTT,1
TCCAGAGAGCTCAACA,1
TCCAGAGGAAATTCAT,1
TCCAGAGTAACGCCGC,1
TCCAGAGTTGAAGACG,1
TCCAGAGTTTAAGCCG,1
TCCAGATAAAACCTCC,1
TCCAGATAAGCGGACA,1
TCCAGATCAACGGACA,1
TCCAGATCACAGAATT,1
TCCAGATCAGAGGACA,1
TCCAGATCAGGAACGA,1
TCCAGATCCGGAACGA,1
TCCAGATCGGAGTAAA,1
TCCAGATCTGAAAGAA,1
TCCAGATGTGGAACGA,1
TCCAGCAAATCAGATG,1
TCCAGCAAGCCACCCA,1
TCCAGCAATTAGGTGA,1
TCCAGCATAATATGTT,1
TCCAGCATATTTGGGA,1
TCCAGCCGTCGGAAAA,1
TCCAGCCGTCGGTAAT,1
TCCAGCCTAATGATTC,1
TCCAGCCTCCGCAAAC,1
TCCAGCCTGATGAGTC,1
TCCAGCGTCCTAGAAA,1
TCCAGCGTGAGGGCAT,1
TCCAGCGTGGGAGCAT,1
TCCAGCTACTACCAAC,1
TCCAGCTCAAATAGAT,1
TCCAGCTCGCAGTGGA,1
TCCAGGAAACAGGGAT,1
TCCAGGAAGTGCTAAA,1
TCCAGGAGATTGCTGC,1
TCCAGGAGGAGAGAAC,1
TCCAGGAGTAGACAAC,1
TCCAGGATATTTCGGA,1
TCCAGGATCTTTCCCG,1
TCCAGGCACTACCATA,1
TCCAGGCGAGATTATA,1
TCCAGGCTACCGGCAT,1
TCCAGGGAATATCTCA,1
TCCAGGGCTATATGAC,1
TCCAGGGTATTTGGGA,1
TCCAGGTAACTGCATA,1
TCCAGGTAAGCCGATA,1
TCCAGGTGTCGAGACA,1
TCCAGTAAGGTATACT,1
TCCAGTACCATTGCAG,1
TCCAGTACGAACAGCT,1
TCCAGTACGCACAATG,1
TCCAGTACGCCATCAG,1
TCCAGTATACGATTGA,1
TCCAGTCGAAAAACTG,1
TCCAGTCTAACCGAAC,1
TCCAGTGCGTTGAATA,1
TCCAGTTAAAGTTATA,1
TCCAGTTACTGTAATT,1
TCCAGTTAGAGTGATA,1
TCCAGTTAGCGGTGCT,1
TCCAGTTCTGAATAAT,1
TCCAGTTGCTCTGTAT,1
TCCAGTTGGCAAACAC,1
TCCAGTTGTCAAACAA,1
TCCAGTTTAAATTAAA,1
TCCAGTTTACCAGTTA,1
TCCAGTTTACCATTTC,1
TCCAGTTTACGAGTTC,1
TCCATAAACAAAATCT,1
TCCATAAACTCACAAC,1
TCCATAAATCCGTGAC,1
TCCATAACCAACACAA,1
TCCATAACCCACAAAA,1
TCCATAACCTAAAAAC,1
TCCATAACGGTAGCAT,1
TCCATAATGATCCAAT,1
TCCATAATTCCCCTAT,1
TCCATACACTCACGAC,1
TCCATACAGTCACAAC,1
TCCATACGCACCAAAG,1
TCCATAGACTCACAAC,1
TCCATAGAGTAAGTTT,1
TCCATAGAGTCCCGCC,1
TCCATAGAGTGAGCTT,1
TCCATAGAGTGAGTTC,1
TCCATAGAGTTAGTTT,1
TCCATAGATTACCGCC,1
TCCATAGATTCCCCCC,1
TCCATAGATTCCCTCC,1
TCCATAGGCCACCCAA,1
TCCATAGTTGAAGCCG,1
TCCATATAAAAATCCA,1
TCCATATACTCACAAC,1
TCCATATAGACCTCTG,1
TCCATATATGGAACTA,1
TCCATATCAGCGGACA,1
TCCATATCATAGCAAC,1
TCCATATCCACTTATG,1
TCCATATCTGGAACGA,1
TCCATATGAATGTAAC,1
TCCATATGCCAGCGCC,1
TCCATATGCCATAAAC,1
TCCATATGGACATATA,1
TCCATATGGTAATAAA,1
TCCATATTAAAGAGGT,1
TCCATATTGTAAGTTT,1
TCCATATTGTGAGTGT,1
TCCATATTTTAATACC,1
TCCATATTTTACTACC,1
TCCATCAACAAGATAC,1
TCCATCAATAATTGAA,1
TCCATCACCAAGAGTG,1
TCCATCACCATACATA,1
TCCATCACCGTACAAA,1
TCCATCACGATACAAA,1
TCCATCACTAACCCAG,1
TCCATCAGAAATAAAA,1
TCCATCATCACCTGCG,1
TCCATCCATAATACCA,1
TCCATCCCTTGCACAA,1
TCCATCCGCATCAATA,1
TCCATCCGTCGGTAAG,1
TCCATCCTAATGAGTC,1
TCCATCGATATATTCA,1
TCCATCGCACAGCCGC,1
TCCATCGCCATACAAA,1
TCCATCTATGAAATGA,1
TCCATCTCACGGGATA,1
TCCATCTCCCGGTTAC,1
TCCATCTCGGAGTAAA,1
TCCATCTGATCTATGA,1
TCCATCTGGACGTATA,1
TCCATCTTAACGATAT,1
TCCATCTTAATGAGTC,1
TCCATCTTATACCCTC,1
TCCATCTTATACCTGA,1
TCCATCTTGACATATA,1
TCCATCTTGACCCGTA,1
TCCATCTTTTGACTTA,1
TCCATGAAAACCACAG,1
TCCATGAAACAAGTAC,1
TCCATGAAACAGAAGT,1
TCCATGAACTGAAATA,1
TCCATGAAGAAAATTT,1
TCCATGAAGATATTGG,1
TCCATGAATCAAGTGC,1
TCCATGAATCAGGTAC,1
TCCATGAATCGAGTAC,1
TCCATGAATTACGTAT,1
TCCATGAATTATTTAT,1
TCCATGACCTTAAGTT,1
TCCATGACGAAAGACT,1
TCCATGACGATCGGTT,1
TCCATGACGTTGCCCA,1
TCCATGACTGTGACGA,1
TCCATGAGCTTTCAGG,1
TCCATGAGGTATTTAG,1
TCCATGAGTTTGCAGG,1
TCCATGATATTTGGGA,1
TCCATGATCCTCATAA,1
TCCATGATGACCATAG,1
TCCATGATGCAGAATA,1
TCCATGATTACCATAA,1
TCCATGCACTCACAAC,1
TCCATGCTCTATGTTA,1
TCCATGCTGGAAACTG,1
TCCATGCTTTATGTTT,1
TCCATGGAATTTAATA,1
TCCATGGACAAGGCTA,1
TCCATGGCGGGGAGTG,1
TCCATGGGCTTGCAGG,1
TCCATGGTGTAATAAG,1
TCCATGTAAAACCACC,1
TCCATGTCACAGTCGA,1
TCCATGTGCCAACCAA,1
TCCATGTTAACCTAAT,1
TCCATTAAAATTCCTT,1
TCCATTAAAATTGGAC,1
TCCATTAACGGGATTA,1
TCCATTACGACCGGTT,1
TCCATTACTACAACGT,1
TCCATTATAAGCATAC,1
TCCATTCAACACAAAA,1
TCCATTCCAGGAAAAC,1
TCCATTCCTTGTGTGC,1
TCCATTCTCTACCAAT,1
TCCATTCTCTATGTTT,1
TCCATTGACCTTTATA,1
TCCATTGCATGCAATA,1
TCCATTTAACCATCAG,1
TCCATTTCTATATTAG,1
TCCCAAAACCAACGCT,1
TCCCAAAAGATACTAG,1
TCCCAAACATCCTCCA,1
TCCCAAACCCCATCAC,1
TCCCAAACGGTATTTT,1
TCCCAAAGTGAGATGG,1
TCCCAAATACTTGACC,1
TCCCAAATCTACAGAG,1
TCCCAAATCTATTTGC,1
TCCCAAATCTCCACAG,1
TCCCAAATGACAACGC,1
TCCCAAATGTCCAGAG,1
TCCCAAATTTGAGACA,1
TCCCAACAACCATCCG,1
TCCCAACCCTTAAACC,1
TCCCAACTCACCGAGA,1
TCCCAACTGAGAGTTA,1
TCCCAACTGTGGGCAC,1
TCCCAAGACAATCAAG,1
TCCCAAGATAAAAAGA,1
TCCCAAGGAACGGCCA,1
TCCCAAGGTAACGAGA,1
TCCCAATAACAAAGAA,1
TCCCAATCCAAACGAA,1
TCCCAATTGCCAAGAC,1
TCCCACAATCCATAAT,1
TCCCACACCTGATTAA,1
TCCCACATGAAAAAAG,1
TCCCACCAAACTCTCA,1
TCCCACCAAACTGTCG,1
TCCCACCAAGGAAGAA,1
TCCCACCAGGTCAAGG,1
TCCCACCCTAATACGA,1
TCCCACGAGTATTGCC,1
TCCCACGGTACCCTTA,1
TCCCACGTTACGTAGA,1
TCCCACGTTCGAATAG,1
TCCCACTACCCCAGGA,1
TCCCACTAGAGCTACC,1
TCCCACTTCTAACGAA,1
TCCCACTTGACGTAGA,1
TCCCAGAAGAATTTCC,1
TCCCAGAGAAATCAAA,1
TCCCAGAGCCCCATCG,1
TCCCAGATGCTAGAGA,1
TCCCAGCATAACAATC,1
TCCCAGCATGGATATA,1
TCCCAGCCGGGTATCG,1
TCCCAGGACTGAGTTT,1
TCCCAGGACTTGGAAA,1
TCCCAGGATACATACT,1
TCCCAGTAAGCCGATA,1
TCCCATAACCCATGCT,1
TCCCATACAATTGAAA,1
TCCCATACCTCATGCT,1
TCCCATAGACGATTTA,1
TCCCATCAAAAATGAG,1
TCCCATCTAGAGACAA,1
TCCCATCTAGTAAGCC,1
TCCCATCTGACGAATT,1
TCCCATGATACCCTTA,1
TCCCATGCTACCCTTA,1
TCCCATGGTAACCTTA,1
TCCCATGGTACCATTA,1
TCCCATGGTACCCCTA,1
TCCCATGGTACCTTTA,1
TCCCATGGTATCCTTA,1
TCCCATGGTCAAATCG,1
TCCCATGTAAAGCGAA,1
TCCCATGTAAATCATC,1
TCCCATGTACTTCTGG,1
TCCCATTCAACACCAG,1
TCCCATTCTGAATAAT,1
TCCCCAAAAAAACCAA,1
TCCCCAAACAAAATCT,1
TCCCCAAACAGATATT,1
TCCCCAAACCAATGAT,1
TCCCCAAACGAGGGTG,1
TCCCCAAACGTGGAAG,1
TCCCCAAGTAATTAAT,1
TCCCCAAGTCGGCCCT,1
TCCCCAATGGTATTTT,1
TCCCCAATGTTACAAA,1
TCCCCAATTAGGCTGC,1
TCCCCACAATAAGAGG,1
TCCCCACAATAAGCAG,1
TCCCCACAATAAGCTG,1
TCCCCACAGCTAATCG,1
TCCCCACAGGTGGAAG,1
TCCCCACAGTAAGCGG,1
TCCCCACATTAAGCGG,1
TCCCCACCAGCGGCAT,1
TCCCCACGGCTAGGTT,1
TCCCCACTGTCGGCAC,1
TCCCCACTGTGGGCAT,1
TCCCCACTGTGGGTAC,1
TCCCCACTGTGGTCAC,1
TCCCCACTTTATCCTG,1
TCCCCAGAATAAGCGG,1
TCCCCAGGAAAAATGC,1
TCCCCAGTAACTACCA,1
TCCCCATCCAAAGGGA,1
TCCCCATGAAATATAA,1
TCCCCATTACATATAA,1
TCCCCATTGCGCTCCA,1
TCCCCCAAGGTCTCTA,1
TCCCCCACTCACAGAC,1
TCCCCCACTCCTAGAC,1
TCCCCCACTCGCTTAC,1
TCCCCCCACAACACAG,1
TCCCCCCCAAAATTTT,1
TCCCCCCCAAGTTTGG,1
TCCCCCCCGAAGGCAC,1
TCCCCCCCGAATCCTA,1
TCCCCCCCTAACCAAC,1
TCCCCCGGCTGTTCAA,1
TCCCCCGTATACTCAC,1
TCCCCCGTATACTGCA,1
TCCCCCTAAGTAATAC,1
TCCCCCTCAGCCACCG,1
TCCCCCTCGAACCAAC,1
TCCCCCTTATATTTAC,1
TCCCCCTTTTTTGCCT,1
TCCCCGAACTGAGTTT,1
TCCCCGACGTATTGAT,1
TCCCCGACTTATAGAT,1
TCCCCGAGGTAACGAT,1
TCCCCGCACTGAGTTT,1
TCCCCGGACTAAGTTT,1
TCCCCGGACTGAATTT,1
TCCCCGGACTGAGTTC,1
TCCCCGGACTGTGTTT,1
TCCCCGGAGTGATCTA,1
TCCCCGTACCTCGCAA,1
TCCCCGTAGTGACCTA,1
TCCCCGTCTAGCCACC,1
TCCCCGTGGCAAAACC,1
TCCCCTAACTTTGGAA,1
TCCCCTAACTTTTAAA,1
TCCCCTATAGCCGCAC,1
TCCCCTATCGACGCAC,1
TCCCCTATCGCCACAC,1
TCCCCTCCTCCTTATC,1
TCCCCTCCTTTACTGC,1
TCCCCTCTATTAGTTG,1
TCCCCTGACTGAGTTT,1
TCCCCTTAGTTCACAA,1
TCCCCTTATCACCATC,1
TCCCCTTTTGATCACC,1
TCCCGAAACGAACCAT,1
TCCCGAAACTATTCCA,1
TCCCGAAATAATGCGG,1
TCCCGAACAACGTTTT,1
TCCCGAAGCGAGATGG,1
TCCCGAAGTAAGATGG,1
TCCCGAAGTGAGGTGG,1
TCCCGAAGTGATATGG,1
TCCCGAAGTGTGTAAC,1
TCCCGAATACGCACAG,1
TCCCGAATATAAGAAC,1
TCCCGAATCCAGCTAT,1
TCCCGAATTGAGATGG,1
TCCCGACAAACCAAGA,1
TCCCGACAACACAAGA,1
TCCCGACAACATCAGA,1
TCCCGACAACCAAAGA,1
TCCCGACAGGAGGCAT,1
TCCCGACAGGATGCCT,1
TCCCGACCAGCGGATC,1
TCCCGACCCATCCACG,1
TCCCGACCCTTACACC,1
TCCCGACTACTCGCCG,1
TCCCGAGAACCCTTAC,1
TCCCGAGACTACTATA,1
TCCCGAGATCGGGGTA,1
TCCCGAGCCCGGGGTA,1
TCCCGAGCTCGGGGTT,1
TCCCGAGCTCGGTGTA,1
TCCCGAGCTCTGGGTA,1
TCCCGATGACAGACGT,1
TCCCGATTCATCCACG,1
TCCCGCAAACACATGA,1
TCCCGCAACAAGAGAT,1
TCCCGCAATAATGCGT,1
TCCCGCATAAGAGTCT,1
TCCCGCCGCAGCGACG,1
TCCCGCTTAAAGTTAT,1
TCCCGCTTCATTGCTA,1
TCCCGGATTTCCAAGG,1
TCCCGGCACAGGGTTA,1
TCCCGGGAGTGACCTA,1
TCCCGGGCATACAGCT,1
TCCCGGTAAGACGATA,1
TCCCGGTAATCCGATA,1
TCCCGGTAATGATTCC,1
TCCCGTAAGGCATACT,1
TCCCGTAAGGTATAAT,1
TCCCGTACCCCATGCT,1
TCCCGTATACTATGCC,1
TCCCGTATCATAAGTA,1
TCCCGTCTGCAATCAA,1
TCCCGTCTGGATATCA,1
TCCCGTGGAATACGAT,1
TCCCGTGGTGAATAAT,1
TCCCGTTAAAATATCA,1
TCCCGTTACTCCAGAC,1
TCCCGTTATGAATAAT,1
TCCCGTTCACACTTTA,1
TCCCGTTCTGAATAGT,1
TCCCGTTTAACGAGAT,1
TCCCTAAAAAAAATCT,1
TCCCTAAAAACCACAG,1
TCCCTAAACAAAATAT,1
TCCCTAAACATAAAAG,1
TCCCTAAACATAATCT,1
TCCCTAAATAACTAAA,1
TCCCTAAATAAGACGT,1
TCCCTAAGACGAGGAA,1
TCCCTAAGATTAAACA,1
TCCCTAAGTGAGATGG,1
TCCCTAATCTAATTAT,1
TCCCTACCAGCGGAAT,1
TCCCTACCTGATATAA,1
TCCCTACGCGACATGG,1
TCCCTACTAAGCAAAC,1
TCCCTACTAAGCAAAT,1
TCCCTACTGAGCAAAG,1
TCCCTAGCTCGGGGTA,1
TCCCTATAAAATATAA,1
TCCCTATACAAGCTAT,1
TCCCTATGATGTAACA,1
TCCCTATGCAGACCCA,1
TCCCTATTAAAGATGT,1
TCCCTATTCCTCACAG,1
TCCCTCAACATAAAAG,1
TCCCTCAAGTTTCGAC,1
TCCCTCAATAATGCGG,1
TCCCTCACCATAGGAT,1
TCCCTCCAATCAAGTC,1
TCCCTCCCACTAAATA,1
TCCCTCCGAACAGTGT,1
TCCCTCCGATGTAACA,1
TCCCTCCGGATAAACC,1
TCCCTCCGGATAGTGT,1
TCCCTCCTGATCGCTC,1
TCCCTCCTTACACAAC,1
TCCCTCCTTTAAAAAA,1
TCCCTCGCGTGACAAG,1
TCCCTCTACTCCTTTC,1
TCCCTCTATGTAAAAT,1
TCCCTCTCTCGTTAAC,1
TCCCTCTGATGTAGCA,1
TCCCTGAACACAAAAG,1
TCCCTGAAGAAGTACC,1
TCCCTGAAGCATCCAA,1
TCCCTGAAGTGCTAAA,1
TCCCTGACGTATAGAT,1
TCCCTGAGCTCATCAA,1
TCCCTGCAATATCACG,1
TCCCTGCCAGATTATT,1
TCCCTGCTAGATGTTG,1
TCCCTGGCTGACCAGC,1
TCCCTGGCTGTTCAGC,1
TCCCTGTAAGCCGATA,1
TCCCTGTGTGGTCGAG,1
TCCCTGTTACTGGGTT,1
TCCCTTAACCTTTATA,1
TCCCTTAACGGTATTA,1
TCCCTTACCTAAGGAA,1
TCCCTTATACTATGCC,1
TCCCTTCTCACAAGGC,1
TCCCTTGAACTTTATA,1
TCCCTTGACAATACGA,1
TCCCTTGACCCTTATA,1
TCCCTTGACCTTTACA,1
TCCCTTGAGCCGGAGG,1
TCCCTTTGGACGATCT,1
TCCGAAAACATTCCGC,1
TCCGAAAACGAGGGTG,1
TCCGAAAACTCTCAAG,1
TCCGAAAACTTTAAAG,1
TCCGAAAAGGAAATGA,1
TCCGAAACAAATATCA,1
TCCGAAACATCAGGCT,1
TCCGAAACGACTATCA,1
TCCGAAACGAGTGACG,1
TCCGAAACGATTGACA,1
TCCGAAACGTAACAAC,1
TCCGAAAGCACGTTAC,1
TCCGAAAGCTTTCAAG,1
TCCGAAAGGACTCATA,1
TCCGAAATGAATCATA,1
TCCGAAATGACTAATA,1
TCCGAAATTTAATCAT,1
TCCGAACCGGATGAAT,1
TCCGAACGAGCATGTG,1
TCCGAACGAGGGCCTC,1
TCCGAACGCCGAGGTA,1
TCCGAACGGAAACTAT,1
TCCGAACTAGGCGCAG,1
TCCGAAGTCCGATCAG,1
TCCGAAGTTATATCCA,1
TCCGAATAAGCATGTG,1
TCCGAATCTTTACAGA,1
TCCGAATGAGAATGTG,1
TCCGAATGAGCATTTG,1
TCCGAATGGGATGGCA,1
TCCGACACAATCAAGC,1
TCCGACAGCTATAGTC,1
TCCGACAGCTTAAACA,1
TCCGACATCGTCTTAA,1
TCCGACATGTTCATAG,1
TCCGACCTTCAGCAAC,1
TCCGACTAAAGCGAAA,1
TCCGACTCTTCACAGA,1
TCCGACTCTTTACATA,1
TCCGAGAACTTTCAAG,1
TCCGAGAATGCGCGTG,1
TCCGAGAATTCTTTTC,1
TCCGAGACACCTAATA,1
TCCGAGACACCTAATT,1
TCCGAGAGCTGACTTG,1
TCCGAGATTCAATCAT,1
TCCGAGCAATCGGTCG,1
TCCGAGCCAAGGACTC,1
TCCGAGGACGACCTAC,1
TCCGAGGAGAGCACTA,1
TCCGAGTCACCATGAA,1
TCCGAGTCATCTTTCT,1
TCCGAGTCCTGGCGTA,1
TCCGAGTGGACGACTG,1
TCCGAGTTCACAAATC,1
TCCGATAAACATATAG,1
TCCGATACAGATGATT,1
TCCGATACATAACCTG,1
TCCGATACGAATACAG,1
TCCGATACGGCCCACA,1
TCCGATACTACAACGT,1
TCCGATAGATTGTCGT,1
TCCGATAGTGCAGTGT,1
TCCGATCCCAATACAG,1
TCCGATCCCCTATCTA,1
TCCGATCCCGTTATGC,1
TCCGATCCTAATACAG,1
TCCGATGAAAATGACT,1
TCCGATGAACGTGACT,1
TCCGATGACATCACGT,1
TCCGATGAGCTATATG,1
TCCGATGCGCCATATG,1
TCCGATGTGCCATCTC,1
TCCGATTAGATACGTA,1
TCCGATTCCCACTCCG,1
TCCGATTTTCGAATCT,1
TCCGCAAAAACCTAAC,1
TCCGCAAACGAGGTTG,1
TCCGCAACCATACAAA,1
TCCGCAACGTAAAAAC,1
TCCGCAACGTAACAAA,1
TCCGCAACTTAACAAC,1
TCCGCACAAGTCGTAC,1
TCCGCACAATCCGTAC,1
TCCGCACTGGATACGT,1
TCCGCACTGGCCACGT,1
TCCGCATAAAATTTCT,1
TCCGCATACAACGACA,1
TCCGCATATTACATCC,1
TCCGCATATTCAATCC,1
TCCGCATATTCCACCC,1
TCCGCATATTCTATCC,1
TCCGCATCAATCGTGG,1
TCCGCATCGCCCTCAA,1
TCCGCATTTCTGTCAG,1
TCCGCATTTTTACGTT,1
TCCGCCAAATCTGATC,1
TCCGCCAACCTCCCAC,1
TCCGCCACTACGCCAT,1
TCCGCCATATGTTGCC,1
TCCGCCATGTACTGAG,1
TCCGCCATTATTAAAA,1
TCCGCCCAGATTACTC,1
TCCGCCCCACCGCCTT,1
TCCGCCGAAGGCTAAG,1
TCCGCCGAATAACAGA,1
TCCGCCGAGATGACAA,1
TCCGCCGAGATGCTAA,1
TCCGCCGCAGACTAAG,1
TCCGCCGCAGGCTAAT,1
TCCGCCGCATGCTAAG,1
TCCGCCTATACCATTG,1
TCCGCCTTTCATATAT,1
TCCGCGAATGCCCAAT,1
TCCGCGAATGTGGCGC,1
TCCGCGACGTATAGAT,1
TCCGCGATACTATCTA,1
TCCGCGATCCAAAGAC,1
TCCGCGCCGACCGTTA,1
TCCGCGCCGAGGACTC,1
TCCGCGCTCGAAGTAT,1
TCCGCTAGGCCATGAA,1
TCCGCTCCAAGGACTC,1
TCCGCTCCCACCGTTA,1
TCCGCTCCCGCATTAA,1
TCCGCTGACTCTATGT,1
TCCGCTGAGCAGACAT,1
TCCGCTGTAAATATAT,1
TCCGCTGTAATTATAA,1
TCCGCTGTATAATATA,1
TCCGCTTAAGACTAAG,1
TCCGCTTATGTTCTAC,1
TCCGCTTCACAAAAAA,1
TCCGCTTTTATAACCT,1
TCCGGAAAAGTAAAAT,1
TCCGGAAACCACGACA,1
TCCGGAAATCACACCT,1
TCCGGAACTGATGATA,1
TCCGGAATGAGATTGA,1
TCCGGACATCTTTTGC,1
TCCGGACGAAGGCCAC,1
TCCGGAGCTCAGACCA,1
TCCGGAGGCATATACA,1
TCCGGATAGAAATACA,1
TCCGGATAGATAGTGT,1
TCCGGATGACACCGTG,1
TCCGGATTCCCCTAGG,1
TCCGGCAAGGGGGCCA,1
TCCGGCAATACGGTCA,1
TCCGGCAGACATGCAG,1
TCCGGCCACAGTATAA,1
TCCGGCCGTCGGTAAG,1
TCCGGCGAAAACCGTG,1
TCCGGGAAACTGTACA,1
TCCGGGAACATCGGAT,1
TCCGGGCTGGTATAGC,1
TCCGGGTAATACTCCA,1
TCCGGGTGCTGTTATA,1
TCCGGGTTAGAGTTCC,1
TCCGGTAACAAATAGA,1
TCCGGTGGTCATGGCA,1
TCCGGTGTGAGCATCT,1
TCCGGTGTTAGAATCT,1
TCCGGTGTTAGCATCC,1
TCCGGTTACTCTTCTG,1
TCCGGTTTCTATACTT,1
TCCGTAAACATTGAAA,1
TCCGTAACAATAAACA,1
TCCGTAAGTGTAATTA,1
TCCGTAATAACAAAAT,1
TCCGTAATAATATTTT,1
TCCGTAATACCATAAT,1
TCCGTAATACCTTTAA,1
TCCGTAATCCCATAAC,1
TCCGTAATGATTATAA,1
TCCGTAATGCTCCAAT,1
TCCGTACAACAATGCC,1
TCCGTACAATCGCCAA,1
TCCGTACCTGATTAAT,1
TCCGTACTAAGATTGA,1
TCCGTAGATGAATCCA,1
TCCGTATACCTGTCGG,1
TCCGTATCTTTCAAGG,1
TCCGTATGGCCATCTC,1
TCCGTCAAAAACAAAG,1
TCCGTCAAAGTTTTCA,1
TCCGTCAAATAAATAT,1
TCCGTCAACAGATAAT,1
TCCGTCACATATTCAT,1
TCCGTCACATGAAGTA,1
TCCGTCACGGGACGCT,1
TCCGTCCCAGTACTCA,1
TCCGTCCGCACCGCCT,1
TCCGTCCGCAGCTCCT,1
TCCGTCCTCAGCGCCT,1
TCCGTCGAGTGGACGA,1
TCCGTCGTTCTTAACC,1
TCCGTCTCATCAACTA,1
TCCGTCTGCAGCGCCT,1
TCCGTCTGGCAATCTC,1
TCCGTCTGGCCATCAC,1
TCCGTCTGGCCATCCC,1
TCCGTCTGGCCATCTA,1
TCCGTCTGGCGATCTC,1
TCCGTCTGTCCATCTC,1
TCCGTCTTATACCCTT,1
TCCGTGAACGCGGAAA,1
TCCGTGAATTATGTAT,1
TCCGTGAGCTTGCAGG,1
TCCGTGCGCGAAGTAT,1
TCCGTGCTCTATGTTT,1
TCCGTGTTACTACCAA,1
TCCGTTAACCCAGAAA,1
TCCGTTAGTAATTTGA,1
TCCGTTCTCAAGAGAT,1
TCCGTTGTCAAGCGAT,1
TCCGTTTCCTGCCCCC,1
TCCGTTTGTGACACCC,1
TCCTAAAAAAAACCAA,1
TCCTAAAAAAACTCGT,1
TCCTAAAAGTAAGATA,1
TCCTAAAATTTGGAGA,1
TCCTAAACGAGTGACA,1
TCCTAAAGAAGAATCA,1
TCCTAAATAACGTTGC,1
TCCTAAATTCCGCATC,1
TCCTAAATTGAACCGA,1
TCCTAACAAAGATATG,1
TCCTAACCATACGTAC,1
TCCTAACGAAGTGTGT,1
TCCTAACGAATAGGTG,1
TCCTAACGCACCAAGC,1
TCCTAAGAATGAACTT,1
TCCTAAGATACGCACC,1
TCCTAAGATAGTAGTA,1
TCCTAAGATATACCAA,1
TCCTAAGATCGACTAG,1
TCCTAAGTGAGTCTTC,1
TCCTAATACACTAGTG,1
TCCTAATACAGAGCGG,1
TCCTAATACATTACTG,1
TCCTAATACATTAGTA,1
TCCTAATACATTATTG,1
TCCTAATACGCATGAC,1
TCCTAATAGCGCCTGT,1
TCCTAATATATTTGAT,1
TCCTAATCTATCTGAC,1
TCCTAATCTCATTCCA,1
TCCTAATGAGCATGTG,1
TCCTAATGCATTAGTG,1
TCCTAATGCATTGAAG,1
TCCTAATGCATTGTAA,1
TCCTAATTCCACAGGC,1
TCCTAATTTGACATGT,1
TCCTACAAACGAAGTT,1
TCCTACAAAGACCTAA,1
TCCTACAAGTTAATAG,1
TCCTACACATACGTAC,1
TCCTACACGGCCCTGC,1
TCCTACAGAAGACGAA,1
TCCTACAGGCCTTATA,1
TCCTACAGGTATCACG,1
TCCTACCAATACGTAC,1
TCCTACCCACACGTAC,1
TCCTACCCATACGCAC,1
TCCTACCCATACTTAC,1
TCCTACCCATATGTAC,1
TCCTACCGAACATAGA,1
TCCTACCGATACGTAC,1
TCCTACCTGTAGGTCG,1
TCCTACGCCGCCTCCT,1
TCCTACGCGGTTATTG,1
TCCTACGGACAAGATA,1
TCCTACTAAACACCAA,1
TCCTACTAATAAAAAA,1
TCCTACTAGACAATAA,1
TCCTACTCTCTATTTC,1
TCCTACTGAGAATGAC,1
TCCTACTGTGAGGTCA,1
TCCTACTTACAGACAT,1
TCCTACTTACAGTCAT,1
TCCTACTTACATCCAT,1
TCCTACTTATCATAGA,1
TCCTAGAGCTACGGAT,1
TCCTAGATATCATCTA,1
TCCTAGATCTTTGACG,1
TCCTAGATTGTGTGGC,1
TCCTAGCAAGAACTCA,1
TCCTAGCAGGAGCATA,1
TCCTAGGGATTACCCC,1
TCCTAGGGCTACGAAT,1
TCCTAGGTCTTAAGAT,1
TCCTAGGTGGCACTCA,1
TCCTAGTCAATAGCTC,1
TCCTAGTCAATCGCAT,1
TCCTAGTCAATCGCTT,1
TCCTAGTCGATCGCTC,1
TCCTAGTGCATTGTAC,1
TCCTAGTTGTACATGG,1
TCCTATAAACACCAAG,1
TCCTATAATAACGGTT,1
TCCTATAATGTGTCGA,1
TCCTATACGCTGTATA,1
TCCTATACTACAACGT,1
TCCTATATAAGGTCCA,1
TCCTATATACTATGCC,1
TCCTATATTACTACTC,1
TCCTATCAAAACTACA,1
TCCTATCAACCCACGC,1
TCCTATCAGAACTACG,1
TCCTATCAGAACTACT,1
TCCTATCAGAACTTCA,1
TCCTATCAGTAAATGG,1
TCCTATCCATACGTAC,1
TCCTATCGCTGTGACA,1
TCCTATCGTACCACCA,1
TCCTATCTAAAAAACG,1
TCCTATCTATTGTTTT,1
TCCTATCTGCCCTGGC,1
TCCTATTAGAACTACA,1
TCCTATTCTCTATTCC,1
TCCTATTGCTGTAGCA,1
TCCTATTGTCTATTTC,1
TCCTATTTACAGAGTC,1
TCCTCAAAAAAACCAT,1
TCCTCAAAAAAGCCAA,1
TCCTCAAAAATACCAA,1
TCCTCAAAAGAACCAA,1
TCCTCAACCTAATATC,1
TCCTCAAGACCCGGAA,1
TCCTCAAGTAGGCCCT,1
TCCTCAATAAAACGAA,1
TCCTCAATTAACACTT,1
TCCTCACACAATTAAT,1
TCCTCACATCTAATCG,1
TCCTCACCGTGCAATT,1
TCCTCACCTACAATGA,1
TCCTCACTATCAGCAC,1
TCCTCACTTACGCCAA,1
TCCTCACTTGCATAAA,1
TCCTCACTTTAAGCAC,1
TCCTCACTTTCAGCAG,1
TCCTCACTTTCGGCAC,1
TCCTCAGAAAGTAAGC,1
TCCTCAGAAATACCAA,1
TCCTCAGAATCACTCC,1
TCCTCAGAGATACCAA,1
TCCTCAGAGATTAGCT,1
TCCTCAGATACACCAA,1
TCCTCAGATATACAAA,1
TCCTCAGTACGCTCCA,1
TCCTCATAAAATTTCG,1
TCCTCATATATACCAA,1
TCCTCATCGGGCAATT,1
TCCTCATTAGATTCCG,1
TCCTCCAAATGGAATT,1
TCCTCCAAATTATAAA,1
TCCTCCACTACAATGA,1
TCCTCCAGCATATAAT,1
TCCTCCAGTCAACATG,1
TCCTCCATAGTCATTC,1
TCCTCCATAGTCTTTC,1
TCCTCCCATACAATGA,1
TCCTCCCCAACAATTA,1
TCCTCCCCTACAATTA,1
TCCTCCCCTACGATGA,1
TCCTCCCGTGTCAGCA,1
TCCTCCGATTTAACCC,1
TCCTCCGCACAGCCGC,1
TCCTCCTCAAGACCCA,1
TCCTCCTCTAACCAAC,1
TCCTCCTGATCAGATT,1
TCCTCCTTCCCATAAA,1
TCCTCCTTGTCATAGA,1
TCCTCGCCAACGTGAA,1
TCCTCGCTCGTCCACA,1
TCCTCGGCATACAGCT,1
TCCTCGGGTTTAAAAT,1
TCCTCGTACCTATCGC,1
TCCTCGTTATCGCCAA,1
TCCTCGTTCTTAGTAC,1
TCCTCTAACAAAGATG,1
TCCTCTAACGCTAACC,1
TCCTCTAACTGGAATT,1
TCCTCTAAGCGTTTGT,1
TCCTCTACACATACCT,1
TCCTCTACTAAAAAAT,1
TCCTCTATACAGCGAG,1
TCCTCTCCATTTAAAG,1
TCCTCTCGAGAAACCT,1
TCCTGAAAGAAACCAA,1
TCCTGAACACCTACAT,1
TCCTGAATCAGTACAC,1
TCCTGACCTGATAGTA,1
TCCTGACCTTAACTCG,1
TCCTGACCTTGTGATA,1
TCCTGACGGGATAACA,1
TCCTGACGGGATAGCA,1
TCCTGAGAGAATTAAA,1
TCCTGAGGTAACATAT,1
TCCTGAGTGACAAAAC,1
TCCTGATAGACGCAGA,1
TCCTGATTTACATTAA,1
TCCTGCAAGAGTTACC,1
TCCTGCAAGATTCGCC,1
TCCTGCAAGGGGACCA,1
TCCTGCACTTAACTCG,1
TCCTGCCACAGGGTTA,1
TCCTGCCACTAGCGAA,1
TCCTGCCTCATACGTT,1
TCCTGCCTTTAACTCG,1
TCCTGCGAACAAGAGT,1
TCCTGCGCATTGAACA,1
TCCTGCTACCTAAATA,1
TCCTGCTATAATCATA,1
TCCTGCTCAACACAAA,1
TCCTGCTCAACTCACG,1
TCCTGCTCGAAACAAA,1
TCCTGCTCTTGGCAGG,1
TCCTGCTGGTAGAGAA,1
TCCTGCTTATAGATAA,1
TCCTGGAACAGGGTTA,1
TCCTGGAACGAGATTA,1
TCCTGGAACTCGATTA,1
TCCTGGACATGAGTCA,1
TCCTGGATTAAAGGGA,1
TCCTGGCAAAGGGTTA,1
TCCTGGCAGCCTCTTT,1
TCCTGGCATCAACACG,1
TCCTGGCCAACGTGAT,1
TCCTGGCGACCTAACC,1
TCCTGGGACTCCATGA,1
TCCTGGGCATACACCT,1
TCCTGGGGTGAATAAT,1
TCCTGGTAGAGCTATA,1
TCCTGGTCATACAGCT,1
TCCTGTAAAAGGAGCC,1
TCCTGTAACGCGATTA,1
TCCTGTAAGGTATACT,1
TCCTGTACACACCTAG,1
TCCTGTCACCGAAATT,1
TCCTGTCGCTGTTAGG,1
TCCTGTCGGTGTGACA,1
TCCTGTCTACCTAAAA,1
TCCTGTCTGACAAAAC,1
TCCTGTGACATAGCAA,1
TCCTGTTAGCGCTATA,1
TCCTGTTTGACGTCTC,1
TCCTTAAAATCTTGAA,1
TCCTTAACATCAATAT,1
TCCTTAACTAACAATT,1
TCCTTAATAAGATTTT,1
TCCTTAATATCTCAAT,1
TCCTTAATTAGTTTAC,1
TCCTTACAAGTTAACG,1
TCCTTACCTACTATTT,1
TCCTTACGAATGGGGT,1
TCCTTACGGGATACCA,1
TCCTTAGAGGCACGCA,1
TCCTTAGATACACAAA,1
TCCTTAGCAAATTGTA,1
TCCTTAGCATCCCGAC,1
TCCTTAGCCTAATAAG,1
TCCTTAGGAAAATATC,1
TCCTTATAACCAAAAC,1
TCCTTATACGCAGGAC,1
TCCTTATAGAAAATAT,1
TCCTTATATACCCAAA,1
TCCTTATATCTACCAT,1
TCCTTATCAAACATCT,1
TCCTTATGCTGTAAAG,1
TCCTTATGGAGAACAT,1
TCCTTATGTCGTAAAG,1
TCCTTCAAATTAGCTG,1
TCCTTCAAATTCGCTT,1
TCCTTCAGCGCTGCTG,1
TCCTTCAGTTCTTACT,1
TCCTTCATATAAGCCG,1
TCCTTCCCTGATTAAT,1
TCCTTCCGTTCTGACT,1
TCCTTCCTAGATGTTA,1
TCCTTCCTGTGGATTG,1
TCCTTCGTCTCTGAGC,1
TCCTTCGTTCCGTATA,1
TCCTTCGTTTATGAGC,1
TCCTTCTAATGAATAC,1
TCCTTCTATTCACACT,1
TCCTTCTCTGCGGTCT,1
TCCTTCTTTTCTGAGC,1
TCCTTGACGCGAATTA,1
TCCTTGCCAACGTGAA,1
TCCTTGCGGGAGGGCT,1
TCCTTGGAGACTCCTA,1
TCCTTGGGAATTTACG,1
TCCTTGTCAACTAATC,1
TCCTTGTCCCATGATT,1
TCCTTGTCTGAACAAT,1
TCCTTGTTACTTGGTT,1
TCCTTGTTGCTGGGTT,1
TCCTTTGACAAGAACT,1
TCCTTTGACTCCTGAA,1
TCCTTTGACTTACTTG,1
TCCTTTGAGTTTAAAA,1
TCCTTTGCTTAGCGAA,1
TCCTTTTCCCCCCAAA,1
TCCTTTTCCCGAGCAT,1
TCCTTTTTGGAACACA,1
TCGAAAAACACGTAAA,1
TCGAAAACCATAACAC,1
TCGAAAACGATAGAGA,1
TCGAAAACTATGAAAA,1
TCGAAAAGAACCAAAT,1
TCGAAAAGAGGTTCTT,1
TCGAAAAGGACAGAGA,1
TCGAAAATCAACGTGC,1
TCGAAAATGCATGTTT,1
TCGAAAATTAAACAAA,1
TCGAAACAATATCGAT,1
TCGAAACCAACACACA,1
TCGAAACCTTCACATA,1
TCGAAACCTTCATATG,1
TCGAAACGCAAGGATC,1
TCGAAACTAAAGCAAC,1
TCGAAAGATTACCTTG,1
TCGAAAGCATAGTATA,1
TCGAAAGCCTTATGCA,1
TCGAAAGCGTCAAACA,1
TCGAAAGGAATACCCA,1
TCGAAAGGAGTAGTAA,1
TCGAAAGTACCGGAAC,1
TCGAAAGTTGTCAATC,1
TCGAAATAAATTACAG,1
TCGAAATAAGTAGTAA,1
TCGAAATACCCCAGTA,1
TCGAAATGACGATTGG,1
TCGAAATGAGATCCCA,1
TCGAAATGGCTCTAAC,1
TCGAAATGTATGTAAC,1
TCGAAATTACCTAAAC,1
TCGAAATTACCTATCA,1
TCGAAATTCCCGACAC,1
TCGAAATTCCGCAATC,1
TCGAAATTCCTGAGAC,1
TCGAAATTGCAGACAA,1
TCGAACAAAAAGACTT,1
TCGAACAAATCAAACA,1
TCGAACAACTCAGGCA,1
TCGAACAACTCATGCC,1
TCGAACACTCATAGTG,1
TCGAACAGCTCAGGCC,1
TCGAACATAAAACAAA,1
TCGAACATATAATGCA,1
TCGAACATATGCCTGC,1
TCGAACATCAAACAAA,1
TCGAACATTAAAAAAA,1
TCGAACATTAAATAAA,1
TCGAACATTAGACAAA,1
TCGAACATTCCAAAAC,1
TCGAACCACAAAGGAA,1
TCGAACCATCAGAAGA,1
TCGAACCTAATGTGTT,1
TCGAACCTACGATAAG,1
TCGAACGAAAAAACTT,1
TCGAACGACGTAATAC,1
TCGAACGCGTTAACAG,1
TCGAACTAGCTCGACA,1
TCGAACTTACCTATTA,1
TCGAAGAAAACAGTAC,1
TCGAAGAACAATCGCC,1
TCGAAGAATGATCGCC,1
TCGAAGACCGCCACTG,1
TCGAAGACTTTAGCAC,1
TCGAAGATTAGTGACA,1
TCGAAGCAACAGCTTC,1
TCGAAGCTACTTGAGA,1
TCGAAGGTAGCTTCAA,1
TCGAAGTAAAAAAATA,1
TCGAAGTTAAACGGGA,1
TCGAATAAAGTCGTGA,1
TCGAATAATTCGCCAA,1
TCGAATATCCCCACGA,1
TCGAATATTGAATGAT,1
TCGAATCCAAAGAACA,1
TCGAATCTACTAACCC,1
TCGAATCTCCGTCATC,1
TCGAATGAAAAATATG,1
TCGAATGAGCGACTTA,1
TCGAATGATCGTGTCC,1
TCGAATGCAAGATCCT,1
TCGAATGCTACCAATT,1
TCGAATGGATTGATCA,1
TCGAATGGTCGTGTCT,1
TCGAATGTCATATTTA,1
TCGAATTAAGTTAAAA,1
TCGAATTAATTGTCGC,1
TCGAATTACTGAGAAA,1
TCGAATTAGCCCGCAC,1
TCGAATTAGTATCTAA,1
TCGAATTAGTCTCACT,1
TCGAATTAGTGAAAAA,1
TCGAATTATCCCACAC,1
TCGAATTATCCCCCAC,1
TCGAATTATCCCGCAT,1
TCGAATTATCCCTCAC,1
TCGAATTCTCCAATAG,1
TCGAATTTGTTTGCAG,1
TCGAATTTTTTTGAAG,1
TCGACAACCAACGTGC,1
TCGACAACGACGGCCA,1
TCGACAAGAGTTTCTT,1
TCGACAAGCCCCCGCA,1
TCGACAAGGTATACTG,1
TCGACAATACACCGAT,1
TCGACAATATATCAAC,1
TCGACAATCAAAGTGC,1
TCGACAATCAACGTGA,1
TCGACAATCAACGTTC,1
TCGACAATTAAGCATT,1
TCGACACAAGGAATAC,1
TCGACACCACCAACCG,1
TCGACACCTATCACGA,1
TCGACACGAGGTCCGA,1
TCGACACGTCGCGAAG,1
TCGACACTATACCGAT,1
TCGACACTATATCGAC,1
TCGACAGAAACTCCTA,1
TCGACAGACCCTTTAT,1
TCGACAGAGACGCCTA,1
TCGACAGCCTACTCAA,1
TCGACATAACACAATC,1
TCGACATAATCTTATA,1
TCGACATCAAAGGCTT,1
TCGACATGATCGCAAT,1
TCGACCAAAGTCTAAA,1
TCGACCAAATAGTACC,1
TCGACCAAATCTTACC,1
TCGACCAAATTGAAAA,1
TCGACCAGGCCATATT,1
TCGACCAGTAAAACGA,1
TCGACCAGTTCTGAAT,1
TCGACCATCACCAACT,1
TCGACCCAAGGTTAAT,1
TCGACCCACTGATCCC,1
TCGACCCAGAAACCCT,1
TCGACCCAGTAGGTCA,1
TCGACCCATCAATGTT,1
TCGACCCCCCCACTGT,1
TCGACCCCGCGCAACA,1
TCGACCCTACCTTCAC,1
TCGACCGAGTTAACAG,1
TCGACCGCATTAACAG,1
TCGACCGCCATCAATC,1
TCGACCGCGTTAACAT,1
TCGACCGCGTTAACTG,1
TCGACCGCTTTAACAG,1
TCGACCTTACGCACCG,1
TCGACCTTTCATCAAA,1
TCGACGAAGGGAAGAA,1
TCGACGAAGGGAAGGA,1
TCGACGACACGAAGGA,1
TCGACGACCAAATGCA,1
TCGACGACGAAACAAC,1
TCGACGAGCAACAGGA,1
TCGACGAGCGGCGATG,1
TCGACGCCATAATAAG,1
TCGACGCGAAACAGGA,1
TCGACGCGATCTACCA,1
TCGACGCGCAACAGTA,1
TCGACGCGCAACATGA,1
TCGACGGCAAGAAGGA,1
TCGACTAATACCATTC,1
TCGACTACCGCTATGA,1
TCGACTACGTACTTCA,1
TCGACTAGAAAGTCAA,1
TCGACTAGGACTAATT,1
TCGACTAGGCCCGAGG,1
TCGACTATACACCTGC,1
TCGACTATAGAATGAT,1
TCGACTATGGAATGAT,1
TCGACTATGTAGCAGA,1
TCGACTATTGAATAAT,1
TCGACTCACTTTAGGC,1
TCGACTCAGCCTTTAA,1
TCGACTCCACGCAACA,1
TCGACTCCCCGCAACA,1
TCGACTCCGAGCAACA,1
TCGACTCCGCGCAAAA,1
TCGACTCCGCGCGACA,1
TCGACTCCTATCTACC,1
TCGACTCGAAAGCCAA,1
TCGACTCGAAAGTCAT,1
TCGACTCGAAAGTTAA,1
TCGACTCGAGAGTCAA,1
TCGACTCGGCTCCATC,1
TCGACTGAGTCGGGTT,1
TCGACTGCAGTAAAAC,1
TCGACTGCATTCATTA,1
TCGACTGCATTCCGCT,1
TCGACTGGAGGTCCGT,1
TCGACTTAGCGAGTAA,1
TCGACTTAGCGAGTCT,1
TCGACTTAGCGATTCA,1
TCGACTTCTAGTTACA,1
TCGACTTGCTTGATCT,1
TCGAGAAAACATCAGA,1
TCGAGAAAATAGATCA,1
TCGAGAAACCGTACGC,1
TCGAGAAAGTACCTAC,1
TCGAGAAAGTACGTCA,1
TCGAGAAATTAAAATC,1
TCGAGAACATGTACTT,1
TCGAGAATAGGCGAGA,1
TCGAGAATCGAGTAAA,1
TCGAGAATTGGGCAGA,1
TCGAGACATAAGAGAT,1
TCGAGACATCAATGTT,1
TCGAGACCAATCTGAT,1
TCGAGACCTAATAATA,1
TCGAGACTCCGGTGAT,1
TCGAGACTTACGAATG,1
TCGAGAGAACGGACTG,1
TCGAGAGAGTATACCT,1
TCGAGAGTAAAATTAC,1
TCGAGATAAAGAACGA,1
TCGAGATAGACAACGA,1
TCGAGATAGTGAACGA,1
TCGAGATCATATACAG,1
TCGAGATCATTGACAG,1
TCGAGATCGTAGACAG,1
TCGAGATTCTACAGGT,1
TCGAGATTCTTTTTGC,1
TCGAGCAAAAAAACTT,1
TCGAGCAAAAGCATTT,1
TCGAGCAAACAGCCGC,1
TCGAGCAATAGGTCCA,1
TCGAGCAATTTAACTC,1
TCGAGCACAATAACAT,1
TCGAGCACCGTTGAAA,1
TCGAGCACTAAGTTCC,1
TCGAGCAGAATCAAAT,1
TCGAGCAGGGGTAAAA,1
TCGAGCATAAAATTAC,1
TCGAGCATAGGTGAGA,1
TCGAGCATCAGTATAC,1
TCGAGCCGAGTCTAAC,1
TCGAGCCGAGTCTACA,1
TCGAGCCTAACCTGTA,1
TCGAGCGATTAATCCC,1
TCGAGCGCGTTAACAG,1
TCGAGCGTAAAATTAA,1
TCGAGCGTGAAATTAC,1
TCGAGCGTGATGTATA,1
TCGAGCTACTCGGTCA,1
TCGAGCTTAAAATTAC,1
TCGAGCTTATAAGTGC,1
TCGAGGAGCTTCAAGA,1
TCGAGGAGCTTCGAGA,1
TCGAGGAGCTTCTAGA,1
TCGAGGAGTTTCCAGA,1
TCGAGGATAACAACGT,1
TCGAGGATAACCACTT,1
TCGAGGATAACTACGT,1
TCGAGGATATTTGGGA,1
TCGAGGATCTTCCAGA,1
TCGAGGCAAACTTACC,1
TCGAGGCATAAGAGAG,1
TCGAGGCTACTGGAGA,1
TCGAGGCTCTGATTAA,1
TCGAGGGTAACCACGT,1
TCGAGGTAAACAATAA,1
TCGAGGTCTAATAAAT,1
TCGAGTAAAACCATGA,1
TCGAGTACTTAAGAAC,1
TCGAGTATGCATTGAG,1
TCGAGTATTGACGGAA,1
TCGAGTCAAACACGGA,1
TCGAGTCAAACCCTAT,1
TCGAGTCAAATATCCT,1
TCGAGTCAAATTCTGA,1
TCGAGTCACTTTTTCG,1
TCGAGTCCGCAATTTG,1
TCGAGTCCTATGTACC,1
TCGAGTCTCTAAAATG,1
TCGAGTGAACGTTGCA,1
TCGAGTGATGAGGCAC,1
TCGAGTGTAAAATTAC,1
TCGAGTTAACATACCA,1
TCGAGTTAAGCGAAAC,1
TCGAGTTGTTAAGGGT,1
TCGAGTTTATGCACCA,1
TCGATAAAAAAGCGTA,1
TCGATAAAAACAGATA,1
TCGATAAAATGACATA,1
TCGATAAAATTGGCTT,1
TCGATAAATAAGCATA,1
TCGATAAATCGTGATC,1
TCGATAAATGGTTACA,1
TCGATAACGTATACCC,1
TCGATAACGTCAGATA,1
TCGATAACTGGTTACA,1
TCGATAATCACGACTA,1
TCGATAATCACGCCCG,1
TCGATAATTGATTACA,1
TCGATAATTGCTTACA,1
TCGATAATTGGTTAAA,1
TCGATAATTTGTTACA,1
TCGATACAGCGTGATC,1
TCGATACATCGTAATC,1
TCGATACATGGTGATC,1
TCGATAGATAAGTCTA,1
TCGATAGATGATTATA,1
TCGATAGTCAATCGTC,1
TCGATAGTCAGCATCC,1
TCGATATAATGAACCA,1
TCGATATACAAGTAGC,1
TCGATATATCGTGATC,1
TCGATATCATAGACAG,1
TCGATATGAGCGGACA,1
TCGATATGGTAGCGAA,1
TCGATATTTTTCACCA,1
TCGATCACATTATTTG,1
TCGATCACCGCACCTT,1
TCGATCATATAATAAT,1
TCGATCCATAGAAACA,1
TCGATCCCGCCCATCA,1
TCGATCCCGCCCCTCA,1
TCGATCCCTCCCGTCA,1
TCGATCCTAACCCGTA,1
TCGATCCTTCACAGAA,1
TCGATCGAAATTCTTA,1
TCGATCGACGTTGGCC,1
TCGATCGATAAATATT,1
TCGATCGATAGCTATT,1
TCGATCGCGTTAACAG,1
TCGATCGTGTTTTAAC,1
TCGATCGTTTTTTTAC,1
TCGATCTACATATTTA,1
TCGATCTATAACTATT,1
TCGATCTATCCGGGGT,1
TCGATCTCAACCCACG,1
TCGATCTCCAGGTTCC,1
TCGATCTGCTACCTAA,1
TCGATGAAGAGCCCAT,1
TCGATGAAGATATTGG,1
TCGATGAAGATCGCTT,1
TCGATGACAGCTTATG,1
TCGATGACATATTTGA,1
TCGATGACATTAGAAG,1
TCGATGACATTAGAGG,1
TCGATGACATTGGACG,1
TCGATGAGCAATACGC,1
TCGATGCCAATAGAAT,1
TCGATGCCAGATTATG,1
TCGATGCCAGCCTATG,1
TCGATGCCCCAGTTAG,1
TCGATGCCGGCTTATG,1
TCGATGCGCAACAGGA,1
TCGATGCTAAGTCGAT,1
TCGATGGATTTAAGCA,1
TCGATGTAAATTTTTG,1
TCGATTAAACCCTGCC,1
TCGATTAAATAATCAT,1
TCGATTAAATATAATT,1
TCGATTACAGGTTTTT,1
TCGATTACCAACAGCG,1
TCGATTACTCAAAGAT,1
TCGATTAGCACCAGTT,1
TCGATTATCAGATACA,1
TCGATTCACGTGTTGG,1
TCGATTCAGGATAGGT,1
TCGATTCCGCCTAACG,1
TCGATTCGAAAGTAAA,1
TCGATTCGCACTGACT,1
TCGATTCTAAGATACA,1
TCGATTCTCAGATGCA,1
TCGATTCTGAGATACA,1
TCGATTCTGCTAACTA,1
TCGATTGAATATAAGT,1
TCGATTGCATTACGCT,1
TCGATTGCATTCCACT,1
TCGATTGTGGATATAG,1
TCGATTTCACGAAACA,1
TCGATTTCCTGATACT,1
TCGATTTGAGCAGAAA,1
TCGATTTGGTGTCTCG,1
TCGCAAAAATTGGGGT,1
TCGCAAAAGACGTGCA,1
TCGCAAAAGGCCTGTT,1
TCGCAAACACTAACAG,1
TCGCAAACGAGTACGG,1
TCGCAAATAGGTTCTA,1
TCGCAAATCTGAAGTA,1
TCGCAAATGAGTTCTA,1
TCGCAAATTAATTCAA,1
TCGCAAATTACGAGCT,1
TCGCAAATTATTCAAA,1
TCGCAAATTATTGGAA,1
TCGCAACCAATATTAA,1
TCGCAACGACTCGAAG,1
TCGCAACTGTGTCAGA,1
TCGCAAGCAAATAACA,1
TCGCAAGCATATGTCA,1
TCGCAAGGTCCCAGCA,1
TCGCAATAAAATCCCA,1
TCGCAATAAAGTCTTT,1
TCGCAATACCTATATA,1
TCGCAATGGATGTAAC,1
TCGCAATGTACGAACC,1
TCGCAATGTGTGTAAC,1
TCGCAATGTTTGTAAC,1
TCGCACAGCGACTTAA,1
TCGCACCAACCAGAAC,1
TCGCACCCACAATACA,1
TCGCACCCACAGAGAA,1
TCGCACCCGCAATACC,1
TCGCACCTACAATACC,1
TCGCACTAACACCGCT,1
TCGCACTAGCTAAACT,1
TCGCACTATCCTCGAG,1
TCGCACTCCGGAACGA,1
TCGCAGCAACTACTAG,1
TCGCAGCAATAAAATA,1
TCGCAGCATTATAAAA,1
TCGCAGGGCACCTGAC,1
TCGCAGGGCATCGGAC,1
TCGCAGGTCCCCAGAA,1
TCGCAGGTTACTTCGG,1
TCGCAGTAACAACATA,1
TCGCAGTCCAACCATA,1
TCGCAGTGCACCGGAC,1
TCGCATACCCTATCGC,1
TCGCATACTTATAATT,1
TCGCATAGCTATCAAA,1
TCGCATAGTGACCGCT,1
TCGCATCAATAGGTGA,1
TCGCATCACGCTTCTA,1
TCGCATCCTAAAGTTC,1
TCGCATCGATCTAACC,1
TCGCATCGGTCTAACC,1
TCGCATCGTTATAACC,1
TCGCATCGTTCTAACA,1
TCGCATCTAGAATACC,1
TCGCATCTTTCTAACC,1
TCGCATGGCACCGGAC,1
TCGCATGTTTTAAACA,1
TCGCATTACTTTAATT,1
TCGCATTAGAAAAACT,1
TCGCATTATGAGACTA,1
TCGCATTATTATGGAA,1
TCGCATTTAATTCTCA,1
TCGCATTTCATCCTCA,1
TCGCATTTCATTCTCT,1
TCGCCAAAAGAGGACA,1
TCGCCAAACAAGAACG,1
TCGCCAAATGAAAGCT,1
TCGCCAACAGAGGGCA,1
TCGCCAACATAGGACA,1
TCGCCAAGCTAACTAT,1
TCGCCAATCTGAGGTA,1
TCGCCACAAAAAATAA,1
TCGCCAGCACTGCCTA,1
TCGCCAGCTATTGTTA,1
TCGCCATAACACAATA,1
TCGCCATACCCATATA,1
TCGCCATGACCGAACA,1
TCGCCATGGATACGAT,1
TCGCCCAACCTAGACT,1
TCGCCCAATCGTAACC,1
TCGCCCAATGGTCTCA,1
TCGCCCACCGCCATAT,1
TCGCCCATCCTTCGCC,1
TCGCCCATTATACTTA,1
TCGCCCCAAAGACTGC,1
TCGCCCCACACTAGGA,1
TCGCCCCTAAGACTGC,1
TCGCCCGTCCTACTGG,1
TCGCCCTACCTAAACT,1
TCGCCCTACTTACATT,1
TCGCCCTAGATACTGC,1
TCGCCCTCAACGGGAC,1
TCGCCCTGGGCAGCCA,1
TCGCCCTTCAGACCGG,1
TCGCCCTTCTTGTAAA,1
TCGCCCTTGTTTACAA,1
TCGCCGCCCTGTATGT,1
TCGCCGCGTTTGGTGG,1
TCGCCGTACTTTGGTC,1
TCGCCTAAGTACTTCA,1
TCGCCTAATCCCCAAG,1
TCGCCTACGCACTTCA,1
TCGCCTATGTACTTCA,1
TCGCCTCCAGGCAGAA,1
TCGCCTCTAGAATACA,1
TCGCCTCTAGAATGCC,1
TCGCCTCTAGGATACC,1
TCGCCTCTGGAATACC,1
TCGCCTGACCGACCTC,1
TCGCCTGTACGAGTAC,1
TCGCCTTAGACATTCG,1
TCGCCTTGTACTCTCA,1
TCGCGAAAGAAAACCA,1
TCGCGAAGCCAGGAGA,1
TCGCGAAGGAAAAACG,1
TCGCGACTGTATTTAT,1
TCGCGAGATCTACCCA,1
TCGCGAGTCTGCTGAC,1
TCGCGAGTCTGTGGAC,1
TCGCGATAAAAAAACC,1
TCGCGATCTATTTCCT,1
TCGCGCAAACAGCCGA,1
TCGCGCAAACATCCGC,1
TCGCGCAACACTTACC,1
TCGCGCATGCCCAAGA,1
TCGCGCCGCCCTTATG,1
TCGCGCGCGCTTTTTA,1
TCGCGCTGATAGATCT,1
TCGCGGCGACCCAAGC,1
TCGCGGGGCACCGGAC,1
TCGCGGTACGGATTTG,1
TCGCGTCTAGAATACC,1
TCGCGTTCGATAGAAG,1
TCGCGTTGCCTTTGTG,1
TCGCTAAAAACAAAGC,1
TCGCTAAAACAAAAGC,1
TCGCTAAAACTAAATC,1
TCGCTAAAATCAAAGC,1
TCGCTAAAGCCAAAGC,1
TCGCTAACGTAGTTGC,1
TCGCTACTAAAATAGA,1
TCGCTAGCCGCTGAAT,1
TCGCTATAAGTAGTAA,1
TCGCTATACAGGTAGC,1
TCGCTATTAAAGAGGT,1
TCGCTATTTGGAAAAA,1
TCGCTATTTGTCAGTG,1
TCGCTCAAACAGCCGC,1
TCGCTCACATAAAACG,1
TCGCTCACATCAAAGG,1
TCGCTCATTAAATAAA,1
TCGCTCATTTCAGTAT,1
TCGCTCGACAATGCTT,1
TCGCTCGATGCAGTAA,1
TCGCTCGCGCCCAAAG,1
TCGCTCTTAAGATTGC,1
TCGCTCTTACGATTGA,1
TCGCTGAATAGCCCAT,1
TCGCTGACACTGGATA,1
TCGCTGCACGAAGTAC,1
TCGCTGCCTTAAGACG,1
TCGCTGGACCAAACAA,1
TCGCTGGCCTATCTAA,1
TCGCTGGGCATTAACA,1
TCGCTGTACATAGCAT,1
TCGCTGTTCGGACCAG,1
TCGCTGTTTGGCAGTG,1
TCGCTTAAAAATATCA,1
TCGCTTAAGACTCCTT,1
TCGCTTAATGTGCATC,1
TCGCTTACGGAGACTA,1
TCGCTTACTGAAAACA,1
TCGCTTAGACCCTATT,1
TCGCTTCCAGAAACAA,1
TCGCTTCCCTTCAAAG,1
TCGCTTCCTCCTAACG,1
TCGCTTGCAGGTAGAT,1
TCGCTTGCCGAAAACA,1
TCGCTTGCTTAAAACA,1
TCGCTTTATGATCCAG,1
TCGCTTTATTAATGGG,1
TCGCTTTTATAACGGT,1
TCGGAAAAGCTCTAAG,1
TCGGAAAATCAGTCCA,1
TCGGAAACACCTACCA,1
TCGGAAAGGTTATATT,1
TCGGAAAGGTTATGGT,1
TCGGAAAGTACCCAGT,1
TCGGAAATAACGAGGT,1
TCGGAAATAATTCAAA,1
TCGGAAATGATTGTAT,1
TCGGAAATTCACGCCC,1
TCGGAAATTTCAATTA,1
TCGGAACAATATAGAT,1
TCGGAACAATATTGAT,1
TCGGAACAATCGGTCA,1
TCGGAACAGTATCGAT,1
TCGGAACCGGATGAAT,1
TCGGAACGCACTAATC,1
TCGGAACTAACAAGGT,1
TCGGAACTCTAAAACG,1
TCGGAACTGACGAGGT,1
TCGGAAGATGAAAACG,1
TCGGAAGCGGCACGAC,1
TCGGAAGTGAGTGTTT,1
TCGGAATCGCTATGCA,1
TCGGAATCTACTGGTT,1
TCGGAATGAGCGAAAA,1
TCGGAATGATAGACTT,1
TCGGAATGGTAGACTG,1
TCGGAATTAATTAGAC,1
TCGGAATTAATTAGCA,1
TCGGACAAGCCTATAA,1
TCGGACACATAATGCA,1
TCGGACACCCAACTAA,1
TCGGACAGGAGCCACG,1
TCGGACATAAGCCACG,1
TCGGACATCCTAGAAC,1
TCGGACATGTAAACCC,1
TCGGACCCAACCTCTT,1
TCGGACCGAGAATACT,1
TCGGACGACAAACAAC,1
TCGGACGCGTCACGAC,1
TCGGACGGAAGCCACG,1
TCGGACTAACCACACC,1
TCGGACTCAATAGATT,1
TCGGACTCAGTACGGC,1
TCGGAGAAACAATACC,1
TCGGAGAAGCACGGCT,1
TCGGAGATGACACAAC,1
TCGGAGATGTATTCAG,1
TCGGAGATTTTTAAAA,1
TCGGAGCTGGTTAGGT,1
TCGGAGCTTATACTGC,1
TCGGAGTCGTATTTTG,1
TCGGAGTCTTATTTGG,1
TCGGATAATACCACGT,1
TCGGATACGTCATAGA,1
TCGGATACTGACCTAT,1
TCGGATAGAATCAAGG,1
TCGGATAGAATCCAGA,1
TCGGATATCTCGGTTC,1
TCGGATCCGAATACAG,1
TCGGATCGAAATAGCG,1
TCGGATGACTCCATCT,1
TCGGATGATCGTGTCT,1
TCGGATGCAAGGCTTC,1
TCGGATGGTCGGATAC,1
TCGGATTAAAAAGCCA,1
TCGGATTACGGGATTT,1
TCGGATTCCGAATAAG,1
TCGGCAAAAATCACAG,1
TCGGCAACAACTACCA,1
TCGGCAAGAATCACCG,1
TCGGCAATACCTACCA,1
TCGGCAATGCTCCTAG,1
TCGGCACCCGAATAAG,1
TCGGCACGGATAAGTA,1
TCGGCACGGATAAGTG,1
TCGGCACTACACCGAT,1
TCGGCAGCCAAACTAC,1
TCGGCAGGCCTGCCTC,1
TCGGCAGTATTCCACC,1
TCGGCATCAACCTATT,1
TCGGCCAGAAAATACA,1
TCGGCCATAAACCCAA,1
TCGGCCATACTGGTTC,1
TCGGCCATCCTTCATT,1
TCGGCCATGAACCCAA,1
TCGGCCATGTGCCTCT,1
TCGGCCCCAATATCCG,1
TCGGCCCTCCCAAACG,1
TCGGCCGAACAAGATC,1
TCGGCCGAGTAAGATC,1
TCGGCGATTACGGAAA,1
TCGGCGCATTTACTAA,1
TCGGCGGACCATCTCT,1
TCGGCGTCGACTAATT,1
TCGGCTAAGCCCGAGG,1
TCGGCTAGGACCGAGG,1
TCGGCTAGGCCAGAGG,1
TCGGCTAGGCCCGATG,1
TCGGCTAGTCCCGAGG,1
TCGGCTATAAGACAGG,1
TCGGCTATAAGGCAAG,1
TCGGCTATTTGAAATC,1
TCGGCTCTAGAATACC,1
TCGGCTCTCAGACTGA,1
TCGGCTGGGCTAGAAT,1
TCGGCTTGCTTAATCT,1
TCGGGAAACGATTGCA,1
TCGGGAAAGAAAAACG,1
TCGGGAAGACATGCAG,1
TCGGGAATCCTACAAG,1
TCGGGACAGGGACGGA,1
TCGGGACCACCCGATA,1
TCGGGACCAGGACGGA,1
TCGGGACCATTGGCAG,1
TCGGGACCCGGACGGA,1
TCGGGACGTAGGTCAT,1
TCGGGACTAAATATAC,1
TCGGGACTGGGACGGA,1
TCGGGACTTTCCATAA,1
TCGGGATACAAGATAA,1
TCGGGATAGCCATGGG,1
TCGGGATAGCCGTGGG,1
TCGGGATCCAACAACC,1
TCGGGATCGTCGCAAA,1
TCGGGATTAATGCCCT,1
TCGGGATTACGCCCAT,1
TCGGGATTCCGCCAAT,1
TCGGGATTCCTCCCAT,1
TCGGGATTGCGCCCAT,1
TCGGGCACCCACACCA,1
TCGGGCAGACATGAAG,1
TCGGGCAGACATGCAT,1
TCGGGCAGACATGCGG,1
TCGGGCCCTATAACCT,1
TCGGGCCGACATAAAA,1
TCGGGCCGTCATCGGG,1
TCGGGCGAAATACTTG,1
TCGGGCGTTGATATTG,1
TCGGGCTAAACAGTTC,1
TCGGGCTTCTATACGA,1
TCGGGCTTGATAACCG,1
TCGGGGACCTTAAAGA,1
TCGGGGACCTTAACTA,1
TCGGGGAGAAAGTGAG,1
TCGGGGATGAAGTGAG,1
TCGGGGATTATAATCA,1
TCGGGGGAACACACTT,1
TCGGGGGGTCATGGCA,1
TCGGGGGTGTTTCACT,1
TCGGGGTAAATGGAGA,1
TCGGGGTAGAAGTACT,1
TCGGGGTAGGAGTACT,1
TCGGGTACCCATATGC,1
TCGGGTACCTTAACGA,1
TCGGGTCAACATTAAT,1
TCGGGTGAACCACCCA,1
TCGGGTGCTAATTCCC,1
TCGGGTTAGCAGTACT,1
TCGGTAAAACTAAAAA,1
TCGGTAAAACTGACAA,1
TCGGTAATCACGCCTA,1
TCGGTAATGATCCGTA,1
TCGGTACCGTAAGAAG,1
TCGGTACCTTAAGCAG,1
TCGGTACGATTCGTAA,1
TCGGTACGTAAGAAAG,1
TCGGTACTTCCCGGGG,1
TCGGTAGAAAATGGAC,1
TCGGTAGAAATTCTTA,1
TCGGTAGAAGTGGATA,1
TCGGTAGTAATAGTAC,1
TCGGTATAATGAAGCA,1
TCGGTATCCAACAACT,1
TCGGTATCGTCATCAA,1
TCGGTATTTATTACAA,1
TCGGTCAAACTACGTT,1
TCGGTCAAGTACGTAC,1
TCGGTCAGGCTTTGAT,1
TCGGTCGAAATTTTTA,1
TCGGTCGGAATTCTTA,1
TCGGTCTACTACCTAA,1
TCGGTCTAGACGACTA,1
TCGGTCTAGGCCATAT,1
TCGGTCTCGACCATAT,1
TCGGTCTCGTACTAAT,1
TCGGTCTGCTACATAA,1
TCGGTCTGGTACCTAA,1
TCGGTCTTCTACCTAA,1
TCGGTCTTGCCTCTTG,1
TCGGTCTTGCCTTTTA,1
TCGGTGAGACTTGGAA,1
TCGGTGATATAAAGGG,1
TCGGTGTCGCTGACTA,1
TCGGTGTTAAACCCAC,1
TCGGTGTTACGCTTTT,1
TCGGTTGGATACACAA,1
TCGGTTGGCCTATAAT,1
TCGGTTGTTCCGAGAT,1
TCGGTTTCCCAATGGC,1
TCGTAAAAAGAACCAT,1
TCGTAAAAAGGGATCA,1
TCGTAAAAGAATCTGG,1
TCGTAAAAGCAGACAA,1
TCGTAAAAGGTATGAT,1
TCGTAAAGCTAACTAT,1
TCGTAAAGGGGTCAGA,1
TCGTAAATAAGTTCTA,1
TCGTAAATGAACAGTT,1
TCGTAAATGGTTGGAG,1
TCGTAACACAGGGTGC,1
TCGTAACATCCCTGTC,1
TCGTAACGAATGCTTG,1
TCGTAACGACTGCCAA,1
TCGTAATGATAGACTG,1
TCGTAATGCATCAAAA,1
TCGTAATGCTAAATCT,1
TCGTACAAAGCTTTGG,1
TCGTACAAGAGGGTTG,1
TCGTACACATCAAACA,1
TCGTACACGAAAATAT,1
TCGTACACGAGTGTTG,1
TCGTACACTCAAATAT,1
TCGTACACTGACGAGC,1
TCGTACAGACAATGTT,1
TCGTACAGCCTGCGAT,1
TCGTACAGCTCCGATC,1
TCGTACATTAAACAAA,1
TCGTACCACAATCATC,1
TCGTACCACTATGGCA,1
TCGTACCAGTATGCCA,1
TCGTACCCACACCGAT,1
TCGTACCCACTTGTCA,1
TCGTACCGACAATATT,1
TCGTACCGGAATCAAA,1
TCGTACCGGCAATGTT,1
TCGTACCGGCCTTATA,1
TCGTACGATCAAGGAA,1
TCGTACGTACGCGCAA,1
TCGTACTACCTAAACT,1
TCGTACTATGGCTCTG,1
TCGTACTCACGATTCA,1
TCGTACTCACGCTTAA,1
TCGTACTCACGCTTCC,1
TCGTACTCATGGGGGA,1
TCGTACTCCTAGGGGA,1
TCGTACTCCTGCGGGA,1
TCGTACTCCTGGGGTA,1
TCGTACTCCTGTGGGA,1
TCGTACTCCTTGGGGA,1
TCGTACTGACGCTTCA,1
TCGTACTGTAGCCACA,1
TCGTAGAAATTAAAAC,1
TCGTAGAAGTTCTGCT,1
TCGTAGACAAATTTCC,1
TCGTAGATTAAAGCTA,1
TCGTAGCTACAATATT,1
TCGTAGTTATGAGCTA,1
TCGTATAAAACGTAGT,1
TCGTATAACAATTAGG,1
TCGTATAATCAATAAA,1
TCGTATACCTTCTTTA,1
TCGTATACGTATAATT,1
TCGTATACTTACAATT,1
TCGTATACTTATAACT,1
TCGTATACTTATAGTT,1
TCGTATACTTATATCA,1
TCGTATACTTATGATT,1
TCGTATACTTATTATT,1
TCGTATATGGATCACC,1
TCGTATATGGGAGCCT,1
TCGTATCGCCCAATGT,1
TCGTATCGCCCGGTGT,1
TCGTATCTTACAGACA,1
TCGTATGAACACGCGT,1
TCGTATGATCCTTGGA,1
TCGTATGCACAGTTCA,1
TCGTATGCCCACTTCA,1
TCGTATGCTTATAATT,1
TCGTATGTACAGTCAC,1
TCGTATTAAAAAGCCC,1
TCGTCAAAAATCACCG,1
TCGTCAAAAGGTTGGA,1
TCGTCAAATGATAAAG,1
TCGTCAACACCCGAAT,1
TCGTCAACAGAGGACA,1
TCGTCAAGTTAACTAT,1
TCGTCAATAAGGCTGC,1
TCGTCAATAGAAATTA,1
TCGTCAATCTGAAGTA,1
TCGTCAATGCGATGAA,1
TCGTCACAATCGGCCA,1
TCGTCACCGAGTACTT,1
TCGTCACCGAGTAGGT,1
TCGTCACCGATTACGT,1
TCGTCACCGCCAATGA,1
TCGTCACCTAGTACGT,1
TCGTCAGAATACTACG,1
TCGTCAGCATACCACG,1
TCGTCAGGAATAAAAG,1
TCGTCAGGAATAAACT,1
TCGTCAGGCTAACTAT,1
TCGTCATAAACAAAAA,1
TCGTCCATACCAAACT,1
TCGTCCCAGCCTTCAG,1
TCGTCCCCAACAATGA,1
TCGTCCCTAGAACTTA,1
TCGTCCCTGGCCAACA,1
TCGTCCTACACAAGCT,1
TCGTCCTACCCAAACT,1
TCGTCCTACCTAAAAT,1
TCGTCCTACCTAAGCT,1
TCGTCCTAGACAGAAT,1
TCGTCCTAGCTAAACT,1
TCGTCCTCGGCAGTTC,1
TCGTCCTCTAACCCTG,1
TCGTCCTTAGCAGTTC,1
TCGTCCTTGGCAATTC,1
TCGTCCTTGGCATTTC,1
TCGTCCTTGTCAGTTC,1
TCGTCGAATAGTTAAC,1
TCGTCGACGATGGGTG,1
TCGTCGACTTCCGAAT,1
TCGTCGATAACAAACT,1
TCGTCGCACTCTTAGT,1
TCGTCGGGAATAAACG,1
TCGTCGTCCTTGTCAC,1
TCGTCGTTAATCCGTG,1
TCGTCTCGATTTTCTA,1
TCGTCTGGCCTAGAAT,1
TCGTCTGTCAGGATCT,1
TCGTCTTAAGATAAAA,1
TCGTCTTGGACTATTT,1
TCGTCTTTCAATAGAG,1
TCGTCTTTCCATAGAA,1
TCGTCTTTTCATAGAG,1
TCGTGAAAGTATCGAC,1
TCGTGAAGTGTGTAAC,1
TCGTGAATTATCTATA,1
TCGTGACACACAGGTG,1
TCGTGACATAAGATAT,1
TCGTGACATGACCTAA,1
TCGTGACTATCGCCAA,1
TCGTGATAATGAACGA,1
TCGTGATGACCGAACA,1
TCGTGCAAAGGATGGA,1
TCGTGCACATTGATTA,1
TCGTGCACCAGCAAAC,1
TCGTGCACGCAAATAT,1
TCGTGCAGATCCGATC,1
TCGTGCCGACAATGTT,1
TCGTGCGGGTTTTATC,1
TCGTGCGTGTGTTATC,1
TCGTGCTCAAAACAAA,1
TCGTGCTCTGGGATAA,1
TCGTGCTTACCAGGGA,1
TCGTGCTTAGCAGTGA,1
TCGTGCTTAGCATCTT,1
TCGTGCTTATCAGGGA,1
TCGTGGCACACAGGTT,1
TCGTGGCACACAGTTG,1
TCGTGGCACACTGGTG,1
TCGTGGCACATAGGTG,1
TCGTGGCATACAGGTG,1
TCGTGGCCAACGTGAA,1
TCGTGGGATTGCACCA,1
TCGTGGGCCGAGAGGC,1
TCGTGGGCCTGCACCA,1
TCGTGGGCGTGCACCA,1
TCGTGGGTGAAATACT,1
TCGTGGTTATGAACTA,1
TCGTGGTTTACACCAG,1
TCGTGTACTTATAATT,1
TCGTGTCACACAGGTG,1
TCGTGTCATGAACTGG,1
TCGTGTGCTTGCACCA,1
TCGTGTTACAAGCAGG,1
TCGTTAAAAAAACCTC,1
TCGTTAAGTGGTCAGA,1
TCGTTAATATGCCACA,1
TCGTTACAAGCAGTAT,1
TCGTTACCATTAAATC,1
TCGTTACTACTAAGGA,1
TCGTTATCCGCGAAAT,1
TCGTTATCTCTATAAA,1
TCGTTATTAACCACAT,1
TCGTTCACCACTTTCG,1
TCGTTCCCGTAAAACG,1
TCGTTCCCTCTAAAGA,1
TCGTTCGAAGGATGGA,1
TCGTTCTAACAATACA,1
TCGTTCTAGAAAATAT,1
TCGTTCTCTGAGATAA,1
TCGTTGACATAAAACA,1
TCGTTGAGGGTCCCCA,1
TCGTTGATATAACAGG,1
TCGTTGCATGTCACAA,1
TCGTTGCCCGCAACGA,1
TCGTTGCCCTAAAGTT,1
TCGTTGCGTACTAAAA,1
TCGTTGGAATTGCCCC,1
TCGTTGGCTCGAAGTT,1
TCGTTGGCTTGCACCA,1
TCGTTGTATCAATAAA,1
TCGTTGTATCAATGAA,1
TCGTTGTGGCGACTAT,1
TCGTTTAATCGATATA,1
TCGTTTACTTATAATT,1
TCGTTTATTGTACGAC,1
TCGTTTCAACGTTATT,1
TCGTTTCTAAAAGAAC,1
TCGTTTGCAAGTATGA,1
TCGTTTGGATTGGCGT,1
TCGTTTTATGATCCAT,1
TCGTTTTCGATACCTA,1
TCTAAAAAAACGCAGG,1
TCTAAAAAAGAGCTAA,1
TCTAAAAACTGGGGTA,1
TCTAAAAAGAAGACAT,1
TCTAAAAAGAATCATA,1
TCTAAAAAGATTCATA,1
TCTAAAAAGTCCACCA,1
TCTAAAACGAACTATA,1
TCTAAAAGAAGGTAGG,1
TCTAAAAGCTACATCC,1
TCTAAAAGTTGCACCC,1
TCTAAAATACGGTCAG,1
TCTAAAATTTCCTGAG,1
TCTAAACAAATCTAAA,1
TCTAAACAACAAAAGA,1
TCTAAACAACTTTCAA,1
TCTAAACAGGTATAGT,1
TCTAAACCTGGACGAG,1
TCTAAACTCTGGATCT,1
TCTAAAGAACTGTGTA,1
TCTAAAGAGCTATGTA,1
TCTAAAGCTGTAATAA,1
TCTAAAGGCACAAACC,1
TCTAAAGGCTTATACG,1
TCTAAAGTAAGAAACT,1
TCTAAAGTACGGGCAG,1
TCTAAAGTCGTTTAGA,1
TCTAAAGTTTCGTCGC,1
TCTAAATAAAGATACA,1
TCTAAATCAAAACAAG,1
TCTAAATTACACGTAG,1
TCTAAATTATCTGATG,1
TCTAAATTCAAACAAG,1
TCTAAATTGCGCGACA,1
TCTAACAAAACAACAC,1
TCTAACAAACCACAAC,1
TCTAACACATAATGCA,1
TCTAACACCAAGCCTT,1
TCTAACACTAGTCATA,1
TCTAACAGAAGTTGAA,1
TCTAACAGATCGAATT,1
TCTAACAGCAGTCGAA,1
TCTAACAGCAGTTGGA,1
TCTAACAGGCAGCTTT,1
TCTAACATAATTATTA,1
TCTAACATAGATTTCG,1
TCTAACATAGCACACT,1
TCTAACATCTGTGAAT,1
TCTAACATTATAGTGA,1
TCTAACATTGTAGGTC,1
TCTAACCAAATCCCAG,1
TCTAACCAAGCCCCAG,1
TCTAACCAAGTCCAAG,1
TCTAACCAAGTCCCAA,1
TCTAACCAAGTCCCAT,1
TCTAACCAAGTCCTAG,1
TCTAACCAAGTTCCAG,1
TCTAACCAATTCCCAG,1
TCTAACCCAAATGTGA,1
TCTAACCCACACTGGA,1
TCTAACCCATACATTA,1
TCTAACCGAAGAACAC,1
TCTAACCGAGTCCCAG,1
TCTAACCGGAGGGTCA,1
TCTAACCTCATACTTT,1
TCTAACCTTCCTCACT,1
TCTAACGAAAAACCAG,1
TCTAACGAATAGTAGT,1
TCTAACGAGTGCTACC,1
TCTAACGGATAATAGT,1
TCTAACGGATAGCAGT,1
TCTAACGGATAGTAGC,1
TCTAACGGATAGTATT,1
TCTAACGGATGGTAGT,1
TCTAACGTTATTCCTT,1
TCTAACTAAATAAACA,1
TCTAACTCGTCGTTAG,1
TCTAACTGATAGTAGT,1
TCTAACTTACCTATCA,1
TCTAACTTAGGTTGAT,1
TCTAACTTTCGTTAGG,1
TCTAAGAAAAAAAGAC,1
TCTAAGAAAAACAAAC,1
TCTAAGAAACACTTGT,1
TCTAAGAACACTAATA,1
TCTAAGAATACCTGGA,1
TCTAAGAATTGGCTGT,1
TCTAAGACCAGCTACC,1
TCTAAGACTAGCGACG,1
TCTAAGACTTGGATGA,1
TCTAAGAGCAGCAACA,1
TCTAAGAGCGTTCAGC,1
TCTAAGATCCGTATTT,1
TCTAAGATCTGTTATC,1
TCTAAGATTACTATGA,1
TCTAAGCCAATCGTAG,1
TCTAAGCCTAGGATTG,1
TCTAAGCCTGGGAGTG,1
TCTAAGCTATAACCAA,1
TCTAAGGATGGTCGTT,1
TCTAAGGATTGGAATA,1
TCTAAGGATTGGATGT,1
TCTAAGTAAAAAATAC,1
TCTAAGTCACGAATCG,1
TCTAAGTCACTAATCA,1
TCTAAGTCATGAATCA,1
TCTAAGTCATTCGAAA,1
TCTAAGTCGCGAATCA,1
TCTAAGTTACGAATCA,1
TCTAAGTTTCACCCTC,1
TCTAATAAGCCATCAC,1
TCTAATAATAAAATCC,1
TCTAATAATACCGGAT,1
TCTAATAATGGAGATT,1
TCTAATAATTCGTCAA,1
TCTAATACAATACGTC,1
TCTAATACAGTACATC,1
TCTAATACATACCATA,1
TCTAATACCTTCCATA,1
TCTAATAGGGCAGTCC,1
TCTAATATTACTACTA,1
TCTAATATTAGACTAT,1
TCTAATATTGGCAATA,1
TCTAATCAAGTCCCAG,1
TCTAATCAATTATCCA,1
TCTAATCAATTATCTA,1
TCTAATCATACTTTTG,1
TCTAATCATCCGGACT,1
TCTAATCCAGTGATGT,1
TCTAATCCCCTATCTA,1
TCTAATCTACCCCTTC,1
TCTAATGAAATACTAC,1
TCTAATGACGCAAACC,1
TCTAATGAGACCCAAC,1
TCTAATGAGAGACTTA,1
TCTAATGAGCAACTTA,1
TCTAATGAGCTACTTA,1
TCTAATGATGATCAGA,1
TCTAATGATTATCAAA,1
TCTAATGATTGGCTGT,1
TCTAATGCATACTATC,1
TCTAATGCTACCAATT,1
TCTAATGGTAGAACGT,1
TCTAATGTCACATCGA,1
TCTAATTACAATTGGA,1
TCTAATTAGCGACTTA,1
TCTAATTATAAAAGCC,1
TCTAATTATTTAAACA,1
TCTAATTCCCCACATC,1
TCTAATTTAGATGGAC,1
TCTAATTTGGATGGAC,1
TCTAATTTTGACGGAC,1
TCTAATTTTGATAGAC,1
TCTAATTTTGATGAAC,1
TCTAATTTTGATGGAA,1
TCTAATTTTGATGGAT,1
TCTAATTTTGATGTAC,1
TCTAATTTTTATGGAC,1
TCTACAAAAACCTCAC,1
TCTACAAAAGGTATCA,1
TCTACAAACGACACCG,1
TCTACAACACCGAGAA,1
TCTACAACCTACACGC,1
TCTACAACTGTCATAC,1
TCTACAAGCTAGACCA,1
TCTACAATAGACCGTG,1
TCTACAATCTCTTGTT,1
TCTACAATGAAATTGG,1
TCTACAATGAAGTTCT,1
TCTACAATTGACTTAA,1
TCTACACAAAGGCAAT,1
TCTACACAAGATATCA,1
TCTACACACCAAACAC,1
TCTACACCCTAAACGC,1
TCTACACCCTACACTC,1
TCTACACCTAAGAGGC,1
TCTACACGAAGGCGAT,1
TCTACACGTACTGCAG,1
TCTACAGAAAAGACCA,1
TCTACAGAACAAAAGA,1
TCTACAGCAGTATGGG,1
TCTACAGGAAATTCAT,1
TCTACAGTAATAAACT,1
TCTACAGTCTAGATAG,1
TCTACATAGAAACATC,1
TCTACATAGCTACGTG,1
TCTACATCAATACCCG,1
TCTACATCGAAATTCA,1
TCTACATCTTGACTAC,1
TCTACATTGCACGTAG,1
TCTACATTGGGAATCT,1
TCTACATTTGCCGTTG,1
TCTACCAAAACCAAAT,1
TCTACCAAACGAGAAA,1
TCTACCAACTCAACTG,1
TCTACCAATTCCAAAC,1
TCTACCACATGCAAGC,1
TCTACCATTAACAATC,1
TCTACCCACAAAGGAA,1
TCTACCCCTGTGATTC,1
TCTACCCGTTGTTACT,1
TCTACCGACAAACATT,1
TCTACCGGATAGTAGT,1
TCTACCGTTGAATTAC,1
TCTACCTAGCTACGCT,1
TCTACCTAGCTACGTC,1
TCTACCTCCCGGATTT,1
TCTACCTGTGCTGGAA,1
TCTACCTTGGAGAGAA,1
TCTACGAAATCTAACC,1
TCTACGAACCTTTTCA,1
TCTACGAACGAGGGAT,1
TCTACGACTCACAAGG,1
TCTACGCAATATAACC,1
TCTACGCAATCTAAAC,1
TCTACGCAATCTAACA,1
TCTACGCAGTCTAACC,1
TCTACGCCATGAAGAG,1
TCTACGCCATTACTTG,1
TCTACGCCTTTACGTG,1
TCTACGCGCAACAGGA,1
TCTACGGCCTTCGTGG,1
TCTACGGTAAAGTAAG,1
TCTACGGTAGAGGAAG,1
TCTACGGTGAGGACAG,1
TCTACGGTGAGGCCAT,1
TCTACGGTGAGGCTAG,1
TCTACGTACATCGAAG,1
TCTACGTCTGGACCGG,1
TCTACGTTAAAGGAAG,1
TCTACTAACTAAAAAA,1
TCTACTAAGGCCTTTA,1
TCTACTACAAAGTTCC,1
TCTACTACCACAGCCG,1
TCTACTACCTGTCTAT,1
TCTACTACGAGGTTCC,1
TCTACTATAAACAACA,1
TCTACTATGGCTAAGG,1
TCTACTATGTAGCAAA,1
TCTACTATGTCTAAGA,1
TCTACTATTCAAAGAA,1
TCTACTATTTTTATGA,1
TCTACTCAAGTTCCAA,1
TCTACTCCACCCTTAG,1
TCTACTCCGAATAAAT,1
TCTACTCGACACAATT,1
TCTACTCTAAACAAAA,1
TCTACTGCATACTATA,1
TCTACTGCGTACTATC,1
TCTACTGGATTTACAA,1
TCTACTGTCATTACGT,1
TCTACTTAACATGCAG,1
TCTACTTACATTGAAG,1
TCTACTTATCAGGTAA,1
TCTACTTGCATACTTA,1
TCTACTTGCTTAATCT,1
TCTAGAAATCAGATCG,1
TCTAGAACCATAGCAA,1
TCTAGAACCCCAAACA,1
TCTAGAAGCACCCACA,1
TCTAGAAGTATAAGCA,1
TCTAGAAGTTTCTCAG,1
TCTAGAATAAACACTA,1
TCTAGAATCAAATGAC,1
TCTAGAATGTGGTTCC,1
TCTAGACAAAAGGCCC,1
TCTAGACAACGCCGTC,1
TCTAGACAGGTCTGAA,1
TCTAGACATGTTCAAG,1
TCTAGACCTCTGGCCA,1
TCTAGACCTGATATAG,1
TCTAGACGCGAAAAGG,1
TCTAGACGCTAGATTT,1
TCTAGACTGACACACT,1
TCTAGAGTGAAGATCC,1
TCTAGAGTGGGATACA,1
TCTAGATAAACTATCT,1
TCTAGATAACTGAACT,1
TCTAGATACACATACT,1
TCTAGATACACGTACC,1
TCTAGATACAGAACTA,1
TCTAGATACATGAAGT,1
TCTAGATAGGAACCCT,1
TCTAGATCCAAACAAG,1
TCTAGATCGCGTCACT,1
TCTAGATCTTCTTTAA,1
TCTAGATGATAGATCT,1
TCTAGATGGCGACTAA,1
TCTAGATTCCGACCTG,1
TCTAGATTCGTTTTGC,1
TCTAGATTGCCTTATA,1
TCTAGCAAACCAAGAT,1
TCTAGCAACTTAACTC,1
TCTAGCAAGTTAACTC,1
TCTAGCAATTAAACTC,1
TCTAGCAATTTAAATC,1
TCTAGCAATTTAACTA,1
TCTAGCAATTTAACTT,1
TCTAGCCAATGTAGGA,1
TCTAGCCGAACACAAC,1
TCTAGCCGAATGATTA,1
TCTAGCCGGTAAAGAA,1
TCTAGCCTAATGAGTC,1
TCTAGCCTGTACTATA,1
TCTAGCCTTCCTCACC,1
TCTAGCGCCTCCGTCA,1
TCTAGCGTCCTAACGA,1
TCTAGCTAAATGAACT,1
TCTAGCTAAATGAAGT,1
TCTAGCTAACCCAGCA,1
TCTAGCTAACTGAACA,1
TCTAGCTAACTGATCT,1
TCTAGCTACATGAATT,1
TCTAGCTACATTAAGT,1
TCTAGCTACGCAATGA,1
TCTAGCTCCAAACACA,1
TCTAGCTCCGCAATGT,1
TCTAGCTGATAGATCG,1
TCTAGCTGATAGGTCT,1
TCTAGCTGATGGATCT,1
TCTAGGAAAACAAAGC,1
TCTAGGAAAGCAAATC,1
TCTAGGAAAGCAGAGC,1
TCTAGGAAATAGCACG,1
TCTAGGAACGCTTCAC,1
TCTAGGAAGCATGGTT,1
TCTAGGAGTGAAGAAA,1
TCTAGGCAATAGCATG,1
TCTAGGCACCGAACAA,1
TCTAGGCCACATAACC,1
TCTAGGGCAAAGAGCC,1
TCTAGGGCCTAAATAA,1
TCTAGGGCGCACAGTA,1
TCTAGGGCGGACCTTT,1
TCTAGGGCTAGCACCG,1
TCTAGGTAAACAATCA,1
TCTAGGTCCAAACAAC,1
TCTAGGTGTAGAGACA,1
TCTAGGTGTCGAGACC,1
TCTAGTAAATTAATGG,1
TCTAGTAAATTCGAAA,1
TCTAGTAATAACAACA,1
TCTAGTACGGCCCGAT,1
TCTAGTACGTTCGAAA,1
TCTAGTACTGCCAGAT,1
TCTAGTACTGCCCTAT,1
TCTAGTAGTGAAGAAC,1
TCTAGTCATATATCCT,1
TCTAGTCGCCCTAAGT,1
TCTAGTCGGACGGATC,1
TCTAGTGTACAATCCT,1
TCTAGTGTTTGTGCCA,1
TCTAGTTAACTGAACT,1
TCTAGTTTCTGTGCTT,1
TCTAGTTTCTTTGTTT,1
TCTAGTTTTAAGTAGA,1
TCTATAAAATAGTCAA,1
TCTATAAACTCGTAAA,1
TCTATAACAGCACTTG,1
TCTATAAGAAAAATGT,1
TCTATAAGCCTGCCGA,1
TCTATAAGGCGGAATA,1
TCTATAATAAAAGTCT,1
TCTATAATGATTAAAA,1
TCTATAATTGCATACG,1
TCTATACAAAGTCCGA,1
TCTATACAACGGTTAC,1
TCTATACAAGATACCC,1
TCTATACACTTTAAAC,1
TCTATACAGGAGACCA,1
TCTATACCGGTGGACG,1
TCTATACCTTTAATCA,1
TCTATACGAAGAATCC,1
TCTATACGGGCAAACC,1
TCTATACTTGCATACA,1
TCTATACTTGCATACC,1
TCTATACTTGCATACT,1
TCTATAGAAACACATT,1
TCTATAGAACGGTAGC,1
TCTATAGATGGTGGCA,1
TCTATAGCATGAATGA,1
TCTATATAAGACCTGC,1
TCTATATACGACATGC,1
TCTATATCCACTTATT,1
TCTATATCCGCTTATG,1
TCTATATGAAGAATTT,1
TCTATATGAATGTAAA,1
TCTATATGAATTTAAC,1
TCTATATGCCAGATAT,1
TCTATATGCCCTATAT,1
TCTATATGCTCGATAT,1
TCTATATTAATCTTCA,1
TCTATATTACCGGGGA,1
TCTATATTCACGTATA,1
TCTATATTGATGAGAA,1
TCTATATTGGAGAACC,1
TCTATCAAAAAAAGCG,1
TCTATCAAAAGCGATA,1
TCTATCAAAATTACCT,1
TCTATCAAGATATTGG,1
TCTATCAAGGCGTACC,1
TCTATCAAGGGAATTC,1
TCTATCAATTTAACTC,1
TCTATCACATACCATT,1
TCTATCACCCGCCCAA,1
TCTATCACGCGACCAA,1
TCTATCACGCGTCCAA,1
TCTATCACGCTCCCAA,1
TCTATCACTCGCCCAA,1
TCTATCAGACGCAAAA,1
TCTATCCAACGGTTAC,1
TCTATCCAGTGAAAGA,1
TCTATCCCACCTAACG,1
TCTATCCCAGGAGACA,1
TCTATCCCATACTATT,1
TCTATCCCGTACCATT,1
TCTATCCCTTACCATT,1
TCTATCCGGCTTACTA,1
TCTATCCGTAATAATC,1
TCTATCCGTGAGGCAG,1
TCTATCGAAATACATT,1
TCTATCGAGACACATT,1
TCTATCGATAACTATT,1
TCTATCGATGGTGGAA,1
TCTATCGATGGTTGCA,1
TCTATCGATGTTGGCA,1
TCTATCGCAGGTCGAT,1
TCTATCGCCGATAAAG,1
TCTATCGGATAGTAGT,1
TCTATCGGATATTAAA,1
TCTATCGGTGAGGCAC,1
TCTATCGGTGATGCAG,1
TCTATCGTATCGAATT,1
TCTATCTAAGTTGACG,1
TCTATCTACATGAAGT,1
TCTATCTCCTCAAGGC,1
TCTATGAAACGGTTAC,1
TCTATGAAGATAATGG,1
TCTATGAAGATGTTGG,1
TCTATGAATTATGTAT,1
TCTATGAATTCCCCCA,1
TCTATGACAATTGTAG,1
TCTATGACACCACGGT,1
TCTATGACCTTACGCC,1
TCTATGACGAAAAACT,1
TCTATGAGCTTGCAGG,1
TCTATGATCAACTATC,1
TCTATGATGACCATAA,1
TCTATGATGCGACCAG,1
TCTATGCAAATGATGT,1
TCTATGCAATCTAACC,1
TCTATGCAATCTCTCT,1
TCTATGCACATGACGT,1
TCTATGCACATGATCT,1
TCTATGCACATGATTT,1
TCTATGCAGTTTTCCT,1
TCTATGCATCAACTAA,1
TCTATGCGAGCTATGC,1
TCTATGCGATAAAGCG,1
TCTATGCGTTTAAAAA,1
TCTATGGAGATATTGG,1
TCTATGGATTCCGCCA,1
TCTATGGCGGGTAGTG,1
TCTATGTAATTATTTA,1
TCTATGTCTTCGGATT,1
TCTATGTGAAGAAATT,1
TCTATGTTACTTAATT,1
TCTATGTTTATGCAGT,1
TCTATTAAAACGACTT,1
TCTATTAACATATAAA,1
TCTATTAATCCGCTTA,1
TCTATTACAAGTGCTT,1
TCTATTACATTCGAAA,1
TCTATTACTGCCCGAT,1
TCTATTCACTAAAGAC,1
TCTATTCACTAAAGGT,1
TCTATTCATCCGATTA,1
TCTATTCCAGAAACAA,1
TCTATTCCATACCATT,1
TCTATTCTTTTAAACT,1
TCTATTGAGAAGAAAA,1
TCTATTGCTGTCCAAG,1
TCTATTTAACCGGAAT,1
TCTATTTACCGAAGCG,1
TCTATTTATAATCGCC,1
TCTATTTCATTGATAG,1
TCTATTTCATTGATCA,1
TCTATTTCATTTATCG,1
TCTATTTCCAATAACA,1
TCTATTTCCGAATTTT,1
TCTATTTCTGAATTAG,1
TCTATTTTACAAAGTT,1
TCTATTTTATTGATCG,1
TCTATTTTCTGTGTTT,1
TCTATTTTTAAGCAGA,1
TCTATTTTTACATATA,1
TCTATTTTTCTAACGT,1
TCTCAAAAAGAGATAA,1
TCTCAAAAAGATCTAA,1
TCTCAAAACAACGTTT,1
TCTCAAAAGTGACCTA,1
TCTCAAAATAATAAGC,1
TCTCAAAATAATCAGA,1
TCTCAAAATTATGCAA,1
TCTCAAACACCGGAAT,1
TCTCAAAGGTATGCGC,1
TCTCAAAGGTATTCAC,1
TCTCAAATAAAGGACA,1
TCTCAAATCTTTACAT,1
TCTCAACCAATATCAA,1
TCTCAACCAATATTAG,1
TCTCAACCAATATTGA,1
TCTCAACCCCTGTTCA,1
TCTCAACCCTAACAAT,1
TCTCAACCGTTCGTTC,1
TCTCAACGAAACTTGC,1
TCTCAACGAACATTCA,1
TCTCAACGGCAGAATG,1
TCTCAACGTCTAAGAG,1
TCTCAACTAACGAAAT,1
TCTCAACTAATATTAA,1
TCTCAACTAGCCCTGA,1
TCTCAACTCATACTTT,1
TCTCAAGAAGAGATTA,1
TCTCAAGCTTATCCGT,1
TCTCAAGTCAGTGTAC,1
TCTCAAGTCAGTTGAC,1
TCTCAAGTCAGTTTAC,1
TCTCAAGTTAGTGGAC,1
TCTCAATACTCTAAAT,1
TCTCAATCAAGTCGTG,1
TCTCAATCCACTCGTG,1
TCTCAATCCATTCGTG,1
TCTCAATCTAGTCGTG,1
TCTCAATCTGATACAA,1
TCTCAATTAAACTGAA,1
TCTCAATTCACTTACA,1
TCTCAATTCAGTGGAC,1
TCTCACAAATATAGGC,1
TCTCACAACAAACGCC,1
TCTCACAAGCTGAAAG,1
TCTCACACAACTTAGA,1
TCTCACATCATACTTT,1
TCTCACATGAGTTACA,1
TCTCACATGCGCTTTA,1
TCTCACATGGGTTACC,1
TCTCACCAATTAAATG,1
TCTCACCACAACACAG,1
TCTCACCACCTTTAAC,1
TCTCACCCCATACTTT,1
TCTCACCCGCAAGGTG,1
TCTCACCTAATACTTT,1
TCTCACCTCGTACTTT,1
TCTCACGATAAAAATA,1
TCTCACGATAAAAATG,1
TCTCACGCTATTATTT,1
TCTCACGTGAGTTACC,1
TCTCACTAAGCCATGT,1
TCTCACTCAGAGAAGC,1
TCTCACTCCCTGCTGC,1
TCTCAGAAGAAATGTT,1
TCTCAGAAGAATTTCA,1
TCTCAGAATGGATATA,1
TCTCAGACTTCAGTAT,1
TCTCAGAGCACCATCG,1
TCTCAGAGCCCCATTG,1
TCTCAGAGCCGCATCG,1
TCTCAGAGGCCCATCG,1
TCTCAGCAAGAAAAGG,1
TCTCAGGATATTTGCA,1
TCTCAGGCAGATAATA,1
TCTCAGGTACAAGCGT,1
TCTCAGGTGCAAGCTT,1
TCTCAGGTTCAAGCGT,1
TCTCAGTAACAATACG,1
TCTCAGTACTTTGGTC,1
TCTCAGTGTTCCTCAA,1
TCTCATAAATTTGATA,1
TCTCATAAGCCAAATA,1
TCTCATAATCCAGAGA,1
TCTCATAGCCAGAGAA,1
TCTCATAGCGATAACA,1
TCTCATAGTAGGTGCT,1
TCTCATATAACAGTAC,1
TCTCATATAGGTCAAC,1
TCTCATCACGTGCTTA,1
TCTCATCTTCCCTTTT,1
TCTCATGAAACATGAT,1
TCTCATGATAAATGTA,1
TCTCATGTTTAATATA,1
TCTCATTATCAATGTA,1
TCTCCAACAAGCCAAA,1
TCTCCAAGAAACCAAA,1
TCTCCAAGACCTGGAG,1
TCTCCAATCTAAACAG,1
TCTCCACCCCATAATC,1
TCTCCACTGTGGGCAC,1
TCTCCAGACTAAAATA,1
TCTCCAGATCGCTTCT,1
TCTCCAGGCCAACAAC,1
TCTCCAGGCTATATCA,1
TCTCCATACCTATATA,1
TCTCCATACTTTGGTC,1
TCTCCATGACATATAA,1
TCTCCATTGCGATATC,1
TCTCCATTGGCGAATC,1
TCTCCCACACACATTG,1
TCTCCCACTCCCAGAC,1
TCTCCCAGCAAAATGA,1
TCTCCCATGATACTTA,1
TCTCCCCACAAAATGA,1
TCTCCCCACAACACAT,1
TCTCCCCACAACATAG,1
TCTCCCCAGAACACAG,1
TCTCCCCATAACACAG,1
TCTCCCCGAAAAATGA,1
TCTCCCCGCAAAATTA,1
TCTCCCCTCAAAATGA,1
TCTCCCCTCAACACAG,1
TCTCCCCTTAGCCCAG,1
TCTCCCGACCAAAATA,1
TCTCCCGACGAGACTA,1
TCTCCCGAGTAAAATA,1
TCTCCCTGGAACAGAT,1
TCTCCCTTGCAGCATT,1
TCTCCCTTTAGCCCAA,1
TCTCCCTTTAGCCCGG,1
TCTCCCTTTAGCCTAG,1
TCTCCCTTTATCCCAG,1
TCTCCGAAAAACCCCG,1
TCTCCGAGACCCCTGA,1
TCTCCGAGACGAGGGG,1
TCTCCGCGGCCCTAAA,1
TCTCCGGAAGAAGGCC,1
TCTCCGTACCTCCCAA,1
TCTCCGTACCTTGGTC,1
TCTCCGTACTTTGATC,1
TCTCCGTACTTTGGTA,1
TCTCCGTACTTTGTTC,1
TCTCCGTACTTTTGTC,1
TCTCCGTAGTTTGGTC,1
TCTCCTAATCCCCCAG,1
TCTCCTCATCGTGTCT,1
TCTCCTCGCCAGGATA,1
TCTCCTCTTAAAAGTT,1
TCTCCTGAAGGCCAAC,1
TCTCCTGATCTCAGTA,1
TCTCCTGGAGAGGTCT,1
TCTCCTTCAGTGAATC,1
TCTCCTTGAGAGGTCA,1
TCTCCTTTCGAACCAA,1
TCTCGAAAATTACAAT,1
TCTCGAAATGCCCCAA,1
TCTCGAACACGAAACT,1
TCTCGAACCAAGCTGT,1
TCTCGAACCCAAATAT,1
TCTCGAAGTATAAGAA,1
TCTCGACACCAAATAT,1
TCTCGAGACCAAATCC,1
TCTCGAGAGACAGGGT,1
TCTCGATACATCGTCC,1
TCTCGATAGATATGAG,1
TCTCGATAGGGTAGGA,1
TCTCGATCAGTATAAG,1
TCTCGATGGGACGATG,1
TCTCGATTTTGTATCT,1
TCTCGCAACGGCTGCT,1
TCTCGCAAGGTAATAG,1
TCTCGCATAAATCTCT,1
TCTCGCATTATTTATG,1
TCTCGCATTCGCATAT,1
TCTCGCCCCTCCGTCA,1
TCTCGCGCATCCGTCA,1
TCTCGCGCCACCGTCA,1
TCTCGCGCCTCCTTCA,1
TCTCGCGCCTCTGTCA,1
TCTCGCGGAACTGCAC,1
TCTCGCTACATCGTAC,1
TCTCGCTACATCGTCT,1
TCTCGCTCCTCCGTCA,1
TCTCGGAACGACTGCT,1
TCTCGGAACGCAGAAA,1
TCTCGGAACGGCTGAT,1
TCTCGGAACGGCTGGT,1
TCTCGGAACGGCTGTT,1
TCTCGGAACTGCTGCT,1
TCTCGGAAGGGCTGCT,1
TCTCGGAGCCCCATCG,1
TCTCGGGCTGTATGCA,1
TCTCGGGTCCGACGCG,1
TCTCGGTGAGATCTAC,1
TCTCGGTGAGGGCGTA,1
TCTCGGTGAGGGCGTG,1
TCTCGGTTAGGGCGTC,1
TCTCGTAAAGTCCCGC,1
TCTCGTAACGTCCCCC,1
TCTCGTAACGTCCCGA,1
TCTCGTAACGTCCGGC,1
TCTCGTATAAATAGAT,1
TCTCGTCAAAATATCA,1
TCTCGTCAGACAACCG,1
TCTCGTTATATTGTAC,1
TCTCGTTATCCCTTCT,1
TCTCGTTCCTCATAGT,1
TCTCGTTGAAGAGGTA,1
TCTCTAAAACCAAAGC,1
TCTCTAAACGGCGAGA,1
TCTCTAAGATATAATC,1
TCTCTAAGTGAAGGAA,1
TCTCTACAAGCTAACT,1
TCTCTACACACATACA,1
TCTCTACACGGAGAGA,1
TCTCTACACGTTAATG,1
TCTCTACACGTTAGTT,1
TCTCTACAGGGCGAGA,1
TCTCTACGTGGCCAAA,1
TCTCTACTAAGCAAAG,1
TCTCTAGATGATTTTT,1
TCTCTATCGAGTTGGA,1
TCTCTATCTTCAACTT,1
TCTCTATCTTGTTTGA,1
TCTCTATGCAGACCCT,1
TCTCTATGCAGACGCA,1
TCTCTATGCGGACCCA,1
TCTCTATGTAGAACGG,1
TCTCTATGTAGAATGA,1
TCTCTATGTAGAATTG,1
TCTCTATGTAGGATGG,1
TCTCTATGTTGACGAT,1
TCTCTATTCTTAATAC,1
TCTCTATTTAGAAGTC,1
TCTCTCAACGAGTCTC,1
TCTCTCAAGTAAGGAC,1
TCTCTCACAATTCCAA,1
TCTCTCATAAATCTCG,1
TCTCTCCCGTAAAACG,1
TCTCTCGAGAAGAAAA,1
TCTCTCGATCTAAATG,1
TCTCTCGCAGATAAAG,1
TCTCTCGTACAATATC,1
TCTCTCTCCTAAAGGC,1
TCTCTCTCCTCAAGTC,1
TCTCTCTCCTCAGGGC,1
TCTCTCTCCTCGAGGC,1
TCTCTCTCCTCTAGGC,1
TCTCTCTCTTCAAGGC,1
TCTCTCTTACACCGTT,1
TCTCTCTTTAGCCCAG,1
TCTCTGAAAACCAACA,1
TCTCTGAAAATTGTAG,1
TCTCTGAACATAAAAG,1
TCTCTGAACGGCTGCT,1
TCTCTGAACTAGAGAA,1
TCTCTGAAGAATTAAG,1
TCTCTGAAGGGTATAG,1
TCTCTGAATACTTAAG,1
TCTCTGACCGTATCGT,1
TCTCTGAGCAATCGTC,1
TCTCTGAGCTAATCAA,1
TCTCTGAGCTCATAAA,1
TCTCTGAGCTCATCAT,1
TCTCTGAGCTCATTAA,1
TCTCTGAGCTCGTCAA,1
TCTCTGAGCTTATCAA,1
TCTCTGAGGCCCTAAA,1
TCTCTGATAACAGTAC,1
TCTCTGATCTCATCAA,1
TCTCTGATGTCATCAA,1
TCTCTGCCTTGTTTGA,1
TCTCTGCGGCCATAAA,1
TCTCTGCGGCCCCAAA,1
TCTCTGCGGCTCTAAA,1
TCTCTGCGGGCCTAAA,1
TCTCTGCGGGGTTAAA,1
TCTCTGCTACTAATGG,1
TCTCTGCTGCCCTAAA,1
TCTCTGGACAGAATTC,1
TCTCTGGAGACTTAAG,1
TCTCTGGCGTATCTAA,1
TCTCTGGGGGCTTAAG,1
TCTCTGTACCTCTTTT,1
TCTCTGTACTTTGGTC,1
TCTCTGTCCTCAAGGC,1
TCTCTGTCTTATTTGA,1
TCTCTGTCTTGTCTGA,1
TCTCTGTCTTTTTTGA,1
TCTCTGTGATGAGAAT,1
TCTCTGTGGCCCTAAA,1
TCTCTGTTATTGTAAA,1
TCTCTGTTGTTCTAAA,1
TCTCTTAATGGTGAAT,1
TCTCTTACAATTGTAG,1
TCTCTTACATAAGGAA,1
TCTCTTACCTAAGGAG,1
TCTCTTACCTAATGAA,1
TCTCTTAGCCATTCGT,1
TCTCTTATAAATAGGT,1
TCTCTTATCTCATCAA,1
TCTCTTCAGAAGTGAT,1
TCTCTTCATTGGTCCC,1
TCTCTTCCCCCCAAAT,1
TCTCTTCCGACAGAGT,1
TCTCTTCGAGAAACAA,1
TCTCTTCGGCCCTAAA,1
TCTCTTCTCACAGAGT,1
TCTCTTCTGACAGGGT,1
TCTCTTCTTACAGAGT,1
TCTCTTGACGACTAGA,1
TCTCTTGAGAACAAAA,1
TCTCTTGAGAATAAAA,1
TCTCTTGCCTAAGGAA,1
TCTCTTGCTGAAAACA,1
TCTCTTGTTTCTATCA,1
TCTCTTTAACTAAAAA,1
TCTGAAAAAGACAGAA,1
TCTGAAAACATGGTCG,1
TCTGAAAACGACAGAG,1
TCTGAAAACTACAGAA,1
TCTGAAAACTTATTTC,1
TCTGAAAAGGACAGAA,1
TCTGAAACAAGAAAAA,1
TCTGAAAGATAAGAAT,1
TCTGAAAGCCATCCCT,1
TCTGAAAGCCGGTTGT,1
TCTGAAAGCTGGTCGT,1
TCTGAAAGCTGGTTTT,1
TCTGAAAGCTGTTTGT,1
TCTGAAATCCACGCCC,1
TCTGAAATGACACAAC,1
TCTGAAATTCAAGCCC,1
TCTGAAATTCACGCCT,1
TCTGAAATTCACTCCC,1
TCTGAAATTCATGCCC,1
TCTGAAATTCGCGCCC,1
TCTGAAATTGACGCCC,1
TCTGAACACTGCAGAT,1
TCTGAACCGAAAGCGT,1
TCTGAAGACCAGTGCC,1
TCTGAAGAGATCCTAA,1
TCTGAAGAGGATCAAA,1
TCTGAAGATGAAAACC,1
TCTGAAGATGAAAACT,1
TCTGAAGCGAAACACG,1
TCTGAAGCGTAGACGT,1
TCTGAAGGTGGCGCAT,1
TCTGAAGTATGACCGC,1
TCTGAATAATCGGTCA,1
TCTGAATACTATCAAA,1
TCTGAATAGCTCCTAA,1
TCTGAATATATTTGAT,1
TCTGAATCACGGAGTT,1
TCTGAATCCTATATGC,1
TCTGAATCTAAAAGCT,1
TCTGAATCTTATATGA,1
TCTGAATGATATATGT,1
TCTGAATTTGCCGTTG,1
TCTGACAAAAATTAGA,1
TCTGACAAGCATTAGA,1
TCTGACAAGGGAATTC,1
TCTGACAAGGGCTCCC,1
TCTGACACATAAAACA,1
TCTGACATTAACAGAA,1
TCTGACCAAGTTAGGT,1
TCTGACGATCATATCC,1
TCTGACGATCCTATCT,1
TCTGACGATTTATACT,1
TCTGACGGATAGTAGT,1
TCTGACTAATATTACA,1
TCTGACTAGGATAGTT,1
TCTGACTGGAATAGTT,1
TCTGACTGTGTACCCC,1
TCTGAGAAACTGTGAT,1
TCTGAGAACATTTGAA,1
TCTGAGAATATTTGCA,1
TCTGAGACCTATGATA,1
TCTGAGAGATGTACTG,1
TCTGAGAGATTCCTGG,1
TCTGAGAGTTTCCCTG,1
TCTGAGAGTTTCCTGT,1
TCTGAGAGTTTCCTTG,1
TCTGAGAGTTTCTTGG,1
TCTGAGATCCGTACTT,1
TCTGAGCAGGAGAACG,1
TCTGAGCCTAAACTGT,1
TCTGAGCTAAACTAAT,1
TCTGAGGAAAACATGT,1
TCTGAGGACATTTGCA,1
TCTGAGGAGCTCCTAA,1
TCTGAGGATATTTGTA,1
TCTGAGGATCGGAACA,1
TCTGAGTCAAACATAC,1
TCTGAGTCGCAGAAGA,1
TCTGAGTTAGTTCCCA,1
TCTGAGTTTGGAAATC,1
TCTGATAAATAACCTG,1
TCTGATAACTGTTCGT,1
TCTGATAATGAATGTT,1
TCTGATACACAACCTG,1
TCTGATACATAACCTT,1
TCTGATACGTTGTTCC,1
TCTGATAGACCACCCC,1
TCTGATAGCCCCATGC,1
TCTGATAGCCTCATTC,1
TCTGATAGTTTCCTGG,1
TCTGATATAGAGTCAT,1
TCTGATATTCAGTCAC,1
TCTGATCTGTACCCAC,1
TCTGATGTGACTGTCA,1
TCTGATGTTTATAAGG,1
TCTGATTACATTAGTA,1
TCTGATTATCAGTAAT,1
TCTGATTCCGGCAGGA,1
TCTGATTCCTTAACTA,1
TCTGATTCTCACCCTG,1
TCTGATTGATACACAC,1
TCTGATTGCTCAACGT,1
TCTGCAAAAAACTCAC,1
TCTGCAAAAATCACCG,1
TCTGCAAAACAGACGA,1
TCTGCAAAGACCTCAC,1
TCTGCAAATGCAAAAA,1
TCTGCAACCCTGTCCC,1
TCTGCAAGTACATATA,1
TCTGCAATATAACATC,1
TCTGCAATCCAAACCC,1
TCTGCACAATTCGTAC,1
TCTGCACACAAATTAA,1
TCTGCACCGACAAATT,1
TCTGCACTTAAAATAC,1
TCTGCAGAAGTAGCTC,1
TCTGCAGAGAAGACCA,1
TCTGCAGAGCTCTAAA,1
TCTGCAGAGGTAGCGC,1
TCTGCAGTAAGCTTAA,1
TCTGCATAACTGGTTA,1
TCTGCATACATAACAC,1
TCTGCATACATAACAG,1
TCTGCATCAATAGTGG,1
TCTGCATCAGGGAGTT,1
TCTGCATCGTGACTAC,1
TCTGCATCTTGACTAG,1
TCTGCATGCGTGCTTT,1
TCTGCATTTACCGTTG,1
TCTGCCAAAATATCGC,1
TCTGCCAAACAGATGA,1
TCTGCCATAGTGAGTG,1
TCTGCCCAATGTAGAA,1
TCTGCCCCCTATTATT,1
TCTGCCCCTCACAGCA,1
TCTGCCCTAGGTGTAT,1
TCTGCCGCACAAACAC,1
TCTGCCGGACATGCGT,1
TCTGCCTACGCTTCAA,1
TCTGCCTTCCCTTCAA,1
TCTGCCTTCGATTCAA,1
TCTGCGAATGTTAAGC,1
TCTGCGCCTTCTGCGC,1
TCTGCGCGAACACGCA,1
TCTGCGCGATAATAAT,1
TCTGCGGAAGTAGCGC,1
TCTGCGGACCATCGCT,1
TCTGCGGTAAAAATGT,1
TCTGCGTTAAAAGACC,1
TCTGCTAGACTACCAT,1
TCTGCTATGTTTATGA,1
TCTGCTATTCAGAAAT,1
TCTGCTATTTTTATAA,1
TCTGCTATTTTTATTA,1
TCTGCTCAGATAACCG,1
TCTGCTCCAACAATTG,1
TCTGCTTAAGTAAGGA,1
TCTGCTTGCTCAAAGT,1
TCTGCTTGCTCAACAT,1
TCTGCTTGTTCAACGT,1
TCTGGAAAATTACGAT,1
TCTGGAAACGAAGAGT,1
TCTGGAAAGCCGTCTT,1
TCTGGAACGTTCCTCC,1
TCTGGAAGCATATACA,1
TCTGGAAGCTGGTTGT,1
TCTGGAATTAAGTTCT,1
TCTGGACATAGGACCT,1
TCTGGACATGGTACGG,1
TCTGGACATGGTCCTG,1
TCTGGACCCTAAAGCT,1
TCTGGAGAGCTCCTAA,1
TCTGGAGGTCAGCCGG,1
TCTGGAGTATTGAGTC,1
TCTGGATAATGGACTC,1
TCTGGATTCCTATCGT,1
TCTGGATTCTAAAACC,1
TCTGGCACATGAAGAA,1
TCTGGCAGACATGCAG,1
TCTGGCAGAGAACGTC,1
TCTGGCCACCACCTAG,1
TCTGGCCGTAAGTCAT,1
TCTGGCGAACATAAAA,1
TCTGGCGATAAAGCAG,1
TCTGGCGCCTGGCCTC,1
TCTGGCGCGGAAACCA,1
TCTGGCGGACGTTAGG,1
TCTGGCGTAATTACAC,1
TCTGGCTACTTAAAAT,1
TCTGGCTTAAAATGAG,1
TCTGGCTTGACATGAG,1
TCTGGGGTAACGATCA,1
TCTGGGTAGCAGTACT,1
TCTGGGTGTCGAGACA,1
TCTGGGTTAGAGTTCG,1
TCTGGGTTATGATTCC,1
TCTGGTACTCCTCCAC,1
TCTGGTATTCATCCAC,1
TCTGGTATTCCCCCAC,1
TCTGGTCTTTATACAG,1
TCTGGTGATCTCTATC,1
TCTGGTGGCTAGAACG,1
TCTGGTGGTAATGGCA,1
TCTGGTGTAACAATCA,1
TCTGGTGTAATTAGAT,1
TCTGGTTCCGTGCTCG,1
TCTGGTTGCTTAATCT,1
TCTGTAAAACGAGTTT,1
TCTGTAAACATCGAAA,1
TCTGTAAACATTGAAG,1
TCTGTAAACATTTAAA,1
TCTGTAAACGATTGCA,1
TCTGTAAAGCGAATTT,1
TCTGTAAATAACAAAA,1
TCTGTAACGCCCCAAC,1
TCTGTAAGCCATCGCA,1
TCTGTAATAATAGTAC,1
TCTGTAATCATCGGAT,1
TCTGTAATGATAGGAT,1
TCTGTAATGATCTGAT,1
TCTGTACACTTACAGA,1
TCTGTACAGCTCTAAA,1
TCTGTACATCTGCTGA,1
TCTGTACATGTGGTGA,1
TCTGTACTTAACAAAA,1
TCTGTACTTGCATACG,1
TCTGTAGAACCGCACC,1
TCTGTAGAACCGCCCC,1
TCTGTAGAACCGCGCA,1
TCTGTAGAACCGCGCT,1
TCTGTAGAGAACAATG,1
TCTGTAGAGATCTAAA,1
TCTGTAGATTAACAGT,1
TCTGTAGATTGACAGC,1
TCTGTAGATTGATAGT,1
TCTGTAGCTCGACACG,1
TCTGTAGTAATATTAC,1
TCTGTATAGCTCTAAA,1
TCTGTATATCTGGTGA,1
TCTGTATCGCAAATTG,1
TCTGTATGGGCGTGCC,1
TCTGTATTCACACACC,1
TCTGTATTGTGGGTAC,1
TCTGTCAACTATCGAG,1
TCTGTCAAGGGAGTTC,1
TCTGTCAAGGTACATC,1
TCTGTCAGGGGAATTC,1
TCTGTCATAAGTTACT,1
TCTGTCCGAAGGCGTA,1
TCTGTCGACCCACCCT,1
TCTGTCGGTAGAGCTT,1
TCTGTCTCCCACCTTC,1
TCTGTCTTACACCTTC,1
TCTGTCTTAGGCTGTT,1
TCTGTCTTGCTATGGA,1
TCTGTGAAACGAATTT,1
TCTGTGAAGATATTGG,1
TCTGTGACTGATACCA,1
TCTGTGAGTTTCCTGG,1
TCTGTGATAAAAATGT,1
TCTGTGCAAAATCAAC,1
TCTGTGGATTCCAAGT,1
TCTGTGGCAAAAGGTA,1
TCTGTGGCAAGTGTAA,1
TCTGTGGTAAAAATAT,1
TCTGTTAAAACCCGAC,1
TCTGTTAAATATCCTG,1
TCTGTTCCAAAACCGT,1
TCTGTTCGTTTGTGCC,1
TCTGTTGGGTAGAAAG,1
TCTGTTTAAGAAATTG,1
TCTGTTTACAAACACG,1
TCTGTTTCAAATAACA,1
TCTGTTTCAATTAGAT,1
TCTGTTTCCAACAACA,1
TCTGTTTCCAATAAAA,1
TCTGTTTCTCTTAAAC,1
TCTGTTTGGTAGAAAA,1
TCTGTTTTATTTAGCA,1
TCTTAAAAAAAAGTAC,1
TCTTAAACATTTATTA,1
TCTTAAACCTAATATT,1
TCTTAAACTTTAGTGA,1
TCTTAAAGAAGAGTCA,1
TCTTAAAGAATAATCA,1
TCTTAAAGAATCTGCC,1
TCTTAAAGACCCCTCA,1
TCTTAAAGACTCTGCA,1
TCTTAAAGACTCTGGC,1
TCTTAAAGACTCTTCC,1
TCTTAAATAAATAACC,1
TCTTAAATATAATAAC,1
TCTTAAATTCAACATC,1
TCTTAAATTTACGACA,1
TCTTAACAACTGCCTA,1
TCTTAACACGCCATGG,1
TCTTAACATCACAATA,1
TCTTAACATCCCCTAG,1
TCTTAACCAACTCAAC,1
TCTTAACCAATATTAA,1
TCTTAACCCGAAGGCC,1
TCTTAACTGCGCGACA,1
TCTTAACTGTACAAAA,1
TCTTAAGAAAAGAAGA,1
TCTTAAGAAAATCACG,1
TCTTAAGATTAACTTC,1
TCTTAAGCGAATCGAA,1
TCTTAAGGAAGAATCA,1
TCTTAAGTCAGTGGAC,1
TCTTAAGTCATTAAGG,1
TCTTAAGTTCATCTCT,1
TCTTAATAAAAGTGAA,1
TCTTAATCTGCTAGTC,1
TCTTAATGATCTAGGC,1
TCTTAATGCCAGACTG,1
TCTTAATGCGAAGAAC,1
TCTTAATTGCTCGACA,1
TCTTAATTTCAACCTC,1
TCTTACAAACTGTACA,1
TCTTACAAGCTGAAAT,1
TCTTACAATTTCGACA,1
TCTTACACCTCAGACA,1
TCTTACACGAGGGTTG,1
TCTTACAGATGACGTT,1
TCTTACAGTTTATGTT,1
TCTTACAGTTTGCGAT,1
TCTTACATAAACTAGA,1
TCTTACATAAGCTAGT,1
TCTTACATAGATAAAA,1
TCTTACATCATGCTGT,1
TCTTACATGTACAAAA,1
TCTTACCAACAAGTTA,1
TCTTACCAACATTACA,1
TCTTACCAACTGGCTA,1
TCTTACCAACTGTCTA,1
TCTTACCAATATGCCA,1
TCTTACCACGGTCCAC,1
TCTTACCACTGTCCCC,1
TCTTACCAGCTGCCTA,1
TCTTACCATAACAGAC,1
TCTTACCCTAAAATTC,1
TCTTACCGACAATTTT,1
TCTTACCTGATCGCCA,1
TCTTACGAGACATCCC,1
TCTTACGAGCGTTGCC,1
TCTTACGCATTTAATG,1
TCTTACGCTTTATACT,1
TCTTACGGTACGTTGT,1
TCTTACGTCAGAGTTA,1
TCTTACGTTTTTACAG,1
TCTTACTAACTAGTTA,1
TCTTACTAAGGATACA,1
TCTTACTACTATATAG,1
TCTTACTACTCTGATC,1
TCTTACTAGAATAGTT,1
TCTTACTGACAAGTTA,1
TCTTACTGGAGCCACA,1
TCTTACTGTAACCACA,1
TCTTAGAACACAAGAA,1
TCTTAGAACGGGCGAA,1
TCTTAGAGAAGAATCA,1
TCTTAGATGAAAAAGA,1
TCTTAGATGGAAAAGA,1
TCTTAGCACATTTGAA,1
TCTTAGCCTGTAATTG,1
TCTTAGGTACAGTCAC,1
TCTTAGTTATGAACTA,1
TCTTAGTTCTTAATTA,1
TCTTATAAAGTTGATA,1
TCTTATAAATTTGACA,1
TCTTATAAATTTTATA,1
TCTTATAACCCTTGAG,1
TCTTATAACTACAGCC,1
TCTTATACTGAATGTT,1
TCTTATAGAAGAATCA,1
TCTTATATAGTGGACA,1
TCTTATATCGTGTACA,1
TCTTATATCTTGGACA,1
TCTTATATTACGAAAG,1
TCTTATCACCATTGAG,1
TCTTATCACCCTGGAG,1
TCTTATCCTACTTACT,1
TCTTATCGCAATGATT,1
TCTTATCGTAAAAACT,1
TCTTATGAACAAACGG,1
TCTTATGAAGTGTACG,1
TCTTATGACCCTTGAG,1
TCTTATGATCACGCTT,1
TCTTATGGATATATCG,1
TCTTATGTAAAGTCAC,1
TCTTATGTACAGTCAA,1
TCTTATGTACAGTCGC,1
TCTTATGTGTAATATA,1
TCTTATTAACTCGCTC,1
TCTTATTAAGATTCAG,1
TCTTATTAATTCGGAT,1
TCTTATTGGAGAATTT,1
TCTTATTGTTGACCAT,1
TCTTATTTACATTCAC,1
TCTTATTTATCACAAG,1
TCTTCAAAAAAACCAA,1
TCTTCAAAAACCTCAC,1
TCTTCAAACGATACTA,1
TCTTCAAACTTGAAAC,1
TCTTCAACTTCCGTTT,1
TCTTCAAGTACGCAGG,1
TCTTCAATTTTCGTTT,1
TCTTCACAAACGTGCC,1
TCTTCACGATTAGCCA,1
TCTTCACGGTTAGCCA,1
TCTTCACGTATTGTAT,1
TCTTCACGTTTATCCA,1
TCTTCACTGGACAGCT,1
TCTTCACTTGGCGATA,1
TCTTCAGAAAATATCC,1
TCTTCAGAATAGGAAC,1
TCTTCAGAGGAAACTA,1
TCTTCAGGACCGCAAT,1
TCTTCATGTCTCGATT,1
TCTTCATGTCTTTATT,1
TCTTCATTCAGCCTGA,1
TCTTCCAACCCCATAG,1
TCTTCCAACCTGAAAC,1
TCTTCCAACTGGAATT,1
TCTTCCAACTTGAAGC,1
TCTTCCAGTACCCAGG,1
TCTTCCAGTACGTATG,1
TCTTCCAGTACTCAGG,1
TCTTCCATAAAGCAAC,1
TCTTCCATACGTGTAA,1
TCTTCCATCATTCCGT,1
TCTTCCATGAAACCCA,1
TCTTCCCAAGGTTAAT,1
TCTTCCCACGCTCCAC,1
TCTTCCCACGGCCCAC,1
TCTTCCCACGTTCCAC,1
TCTTCCCAGACAAAAA,1
TCTTCCCCGTCGTCAA,1
TCTTCCCTGGAAAGCT,1
TCTTCCCTGGACATCT,1
TCTTCCCTGGGCAGCT,1
TCTTCCGGCCCAACCA,1
TCTTCCGTCAATTTCC,1
TCTTCCTACCTAAACT,1
TCTTCCTCATCAAACG,1
TCTTCCTGACCAGATT,1
TCTTCCTGATAAGATT,1
TCTTCCTGATCAGGTT,1
TCTTCGAATCGTGTTT,1
TCTTCGACCACAGCTC,1
TCTTCGCAATCTAACC,1
TCTTCGCCGAAACAGT,1
TCTTCGCCTCAAAAGC,1
TCTTCGCTGGACAGCT,1
TCTTCGGGTACTTTGT,1
TCTTCGGTATCTAAAC,1
TCTTCTAAAGAAGTTC,1
TCTTCTAATCGTATTT,1
TCTTCTACAATTCTCA,1
TCTTCTACCCTTATAG,1
TCTTCTCATACACTGA,1
TCTTCTCCTAAATACT,1
TCTTCTGAAACCGTCA,1
TCTTCTTAACTGACAG,1
TCTTCTTACCCCGACA,1
TCTTCTTCCCGAGCAT,1
TCTTCTTGAAATTAGA,1
TCTTCTTGCTCAACGT,1
TCTTCTTTTATGCAAA,1
TCTTGAAAAAGAATAT,1
TCTTGAAACACGTTGA,1
TCTTGAAGAAGAATCA,1
TCTTGAATAAAAAGTA,1
TCTTGACATAAAACGG,1
TCTTGACCAGCCATGT,1
TCTTGACCAGTCATTA,1
TCTTGACGACTAGTAA,1
TCTTGAGAAAGAATCC,1
TCTTGAGATTAACTTT,1
TCTTGAGTCAAACAAT,1
TCTTGATAAAAGTTAA,1
TCTTGATAATGTCCCG,1
TCTTGATAATGTCTCG,1
TCTTGATAGAAGTGAA,1
TCTTGATCACGATGCA,1
TCTTGATGACATTTTT,1
TCTTGATTACCCGTAT,1
TCTTGATTCCCCTTAT,1
TCTTGCAAAACCCAAC,1
TCTTGCAACTTGAAAC,1
TCTTGCACAAGTGGAT,1
TCTTGCGCCTCCGTCA,1
TCTTGCGGAATAGAAG,1
TCTTGCTTAGCAGGGA,1
TCTTGGAATCGTCGAG,1
TCTTGGAGGGATAAAT,1
TCTTGGGAGGACCTTT,1
TCTTGTAAATTTGATA,1
TCTTGTAACCAATGAC,1
TCTTGTAATCCTCGAG,1
TCTTGTAGCTAGCTGG,1
TCTTGTAGGTAACTGG,1
TCTTGTATCGCCATCC,1
TCTTGTCAGACAACTG,1
TCTTGTCAGACTACCG,1
TCTTGTCAGATAACCG,1
TCTTGTCAGCAATGAC,1
TCTTGTCGGAGACATC,1
TCTTGTGACAGACAAA,1
TCTTGTGCCTTTAAAC,1
TCTTGTGCGGACCTTT,1
TCTTGTGTACAGTCAC,1
TCTTGTTAAAATATCA,1
TCTTGTTACGCTGTAG,1
TCTTTAAACATTGAAA,1
TCTTTAAATGGATTTG,1
TCTTTAACACACAGAA,1
TCTTTAAGAAACTAAA,1
TCTTTAATGCATAAAA,1
TCTTTACGCTGTAGCC,1
TCTTTAGTAATAGTAC,1
TCTTTATATGATTCTA,1
TCTTTATATTAGTCTA,1
TCTTTATGAATGTAAC,1
TCTTTATTAAGGGCCC,1
TCTTTATTCCAAAAAT,1
TCTTTCAACTATCAAG,1
TCTTTCAAGGGAATTC,1
TCTTTCAATTATGTTA,1
TCTTTCACACCAAAAT,1
TCTTTCACACGCAGAA,1
TCTTTCCCACCCATAC,1
TCTTTCGACAAACACC,1
TCTTTCGTAACCTATC,1
TCTTTCTAGCAATACA,1
TCTTTCTATTCCTTAA,1
TCTTTGAAATAAAGAG,1
TCTTTGCATAAAGTTG,1
TCTTTGCTCTATCATG,1
TCTTTGGCGGACCTTT,1
TCTTTGGCGGGGAGTG,1
TCTTTGTCATGACAAA,1
TCTTTGTCATGGAAAA,1
TCTTTGTCATGTCAAA,1
TCTTTGTCCTTTGGGT,1
TCTTTGTCGTGGCAAA,1
TCTTTTACACCCATAC,1
TCTTTTACCTAAGGAA,1
TCTTTTAGCTAACTGG,1
TCTTTTATCTGATCAG,1
TCTTTTCAAAGGAGTT,1
TCTTTTCATGTGTGTA,1
TCTTTTCCCCCGGAAA,1
TCTTTTCCGAGCAAAA,1
TCTTTTCGACCCATAC,1
TCTTTTCTATATCATG,1
TCTTTTCTGAACAATA,1
TCTTTTGATTCACATT,1
TCTTTTTAAGAAATTT,1
TCTTTTTACCGAGCAT,1
TCTTTTTACTAGAGCC,1
TCTTTTTCCCGATCAT,1
TCTTTTTCGATTAGAT,1
TGAAAAAAACACAGAA,1
TGAAAAAAACCCCACG,1
TGAAAAAACAATGAAC,1
TGAAAAAACAATGTCC,1
TGAAAAAAGAGAAGGA,1
TGAAAAAAGTCCACCA,1
TGAAAAAATACATACC,1
TGAAAAAATCCACCGA,1
TGAAAAAATGTGAGTA,1
TGAAAAAATGTTCGTA,1
TGAAAAAATTAACGCT,1
TGAAAAACAATTAATG,1
TGAAAAACAATTCCGA,1
TGAAAAACACTTTTAT,1
TGAAAAACAGTTTTTT,1
TGAAAAACGTATTCAA,1
TGAAAAACGTGTATTA,1
TGAAAAACTATATTGA,1
TGAAAAACTTTACCCT,1
TGAAAAAGACCAGGGT,1
TGAAAAAGAGAGGGGA,1
TGAAAAAGAGCTGTCA,1
TGAAAAAGCTATTATT,1
TGAAAAAGGCTTAGGC,1
TGAAAAAGGTATGAAA,1
TGAAAAAGTAGAACTT,1
TGAAAAAGTAGGCGGG,1
TGAAAAATAAGTTCGT,1
TGAAAAATAATCACCA,1
TGAAAAATACTATGAT,1
TGAAAAATATAAATCA,1
TGAAAAATCACGACCC,1
TGAAAAATGAACACAG,1
TGAAAAATGATTATCG,1
TGAAAAATTAATCTGA,1
TGAAAACAAATACTCA,1
TGAAAACAATTCAAAC,1
TGAAAACACACCACAG,1
TGAAAACACCCAATCC,1
TGAAAACACCCAATGA,1
TGAAAACACCCTGATT,1
TGAAAACAGAATGACC,1
TGAAAACAGACGTTAT,1
TGAAAACAGGCACTAT,1
TGAAAACATAAATACC,1
TGAAAACATATTGCCA,1
TGAAAACCATATTAAT,1
TGAAAACCCCGGGACC,1
TGAAAACCGTCATACA,1
TGAAAACCGTGGAAGA,1
TGAAAACCTCGACATT,1
TGAAAACGAAGAACTG,1
TGAAAACGGATACTCT,1
TGAAAACGTGGCTATA,1
TGAAAACTACTCAGGA,1
TGAAAACTATGTCTTG,1
TGAAAACTCCACCAAC,1
TGAAAACTCCGTCTTG,1
TGAAAACTCTTTCTTG,1
TGAAAACTGCTGCGGC,1
TGAAAACTGTGTCTTG,1
TGAAAACTGTTAAACC,1
TGAAAAGAAAGTCCAA,1
TGAAAAGAAGGAAGTA,1
TGAAAAGAAGGACATA,1
TGAAAAGAAGTTAATA,1
TGAAAAGAGAAAAGAA,1
TGAAAAGCAAATGCAA,1
TGAAAAGCAAATGGAG,1
TGAAAAGCAAATTCAG,1
TGAAAAGCACTTTTTT,1
TGAAAAGCGAACAGAT,1
TGAAAAGCTCTTCCAA,1
TGAAAAGGAGAAAGCA,1
TGAAAAGGGTACCGGC,1
TGAAAAGTAAAACCAC,1
TGAAAAGTAGCCCCAT,1
TGAAAAGTATGAGACG,1
TGAAAAGTTAGCAAAC,1
TGAAAAGTTGAAAAAC,1
TGAAAATAAATACCGA,1
TGAAAATAATTTCAAA,1
TGAAAATACATCCTAG,1
TGAAAATAGGGATCAA,1
TGAAAATAGTCTAATT,1
TGAAAATATACATACC,1
TGAAAATCAAACATTC,1
TGAAAATCACGAGTTT,1
TGAAAATCAGAGTCCG,1
TGAAAATCATTTCGAA,1
TGAAAATCTCAAGCAG,1
TGAAAATCTTACCCCA,1
TGAAAATGGCCAGACC,1
TGAAAATGGCTCTAAC,1
TGAAAATGTCAAGACC,1
TGAAAATGTCCAGAAC,1
TGAAAATTAAACCAAA,1
TGAAAATTAGTAGGCT,1
TGAAAATTATAGACAA,1
TGAAAATTCAAACAAA,1
TGAAAATTCAACCAGA,1
TGAAAATTCAACCGAA,1
TGAAAATTGTTATCAC,1
TGAAAATTTCAACATT,1
TGAAACAAACCGGCGA,1
TGAAACAAACGGGCGT,1
TGAAACAAACGTGCGA,1
TGAAACAAAGGTTGAT,1
TGAAACAAATCCCTAC,1
TGAAACAACTGATGTA,1
TGAAACAAGACATACC,1
TGAAACAAGTTCCAGA,1
TGAAACAATGCTAAAG,1
TGAAACAATGTTTGTT,1
TGAAACAATTCATCAA,1
TGAAACACAATTACAA,1
TGAAACACGACAGAGA,1
TGAAACACGCATTTCA,1
TGAAACACTGAAAGAG,1
TGAAACAGAGAGGGTA,1
TGAAACATAAGATCGT,1
TGAAACATAATAGTGA,1
TGAAACATAATCGTTA,1
TGAAACATGAATCCCA,1
TGAAACCACGAGAGTC,1
TGAAACCATATAATTC,1
TGAAACCATATGAGCC,1
TGAAACCATCAGAAGA,1
TGAAACCATGGCGGAA,1
TGAAACCATGTTAGAT,1
TGAAACCCAACACCAT,1
TGAAACCCAGCGGCTA,1
TGAAACCCTACCGCCA,1
TGAAACCCTACTTCAA,1
TGAAACCCTGGCAAAA,1
TGAAACCGAAAATTTA,1
TGAAACCGCCGAAAGC,1
TGAAACCGCTTTTGGG,1
TGAAACCGCTTTTTGA,1
TGAAACCGTATATAAC,1
TGAAACCTAAAAATAA,1
TGAAACCTCTTTTGGA,1
TGAAACCTTGTCTAGA,1
TGAAACGAATCACAGT,1
TGAAACGAATGGGCGC,1
TGAAACGACCCTACAC,1
TGAAACGGAATCAGAT,1
TGAAACGTCAATCAAC,1
TGAAACTAAGTACTCT,1
TGAAACTACCCCTATA,1
TGAAACTCAAAAAATA,1
TGAAACTGAAGCGGTG,1
TGAAACTGATGAAAAT,1
TGAAACTGCATAAAAA,1
TGAAACTGCATCAAAT,1
TGAAACTGCATCGAAA,1
TGAAACTGTAAAACCT,1
TGAAACTTGGTTGGCA,1
TGAAACTTTAACCAAG,1
TGAAACTTTAACTTAA,1
TGAAACTTTCTAAAAA,1
TGAAACTTTTACCTAC,1
TGAAAGAAAACCCGCT,1
TGAAAGAAAGAATAGT,1
TGAAAGAAAGAATATA,1
TGAAAGAAAGTCACAA,1
TGAAAGAAGAACCAAA,1
TGAAAGAAGAACTCAA,1
TGAAAGAATAACTACT,1
TGAAAGAATACAGACA,1
TGAAAGAATGTGCGTA,1
TGAAAGAATTATAAAA,1
TGAAAGACACTTTTTT,1
TGAAAGACATAATAGA,1
TGAAAGACATAATGGC,1
TGAAAGACCAAACATA,1
TGAAAGACCTGACGAA,1
TGAAAGACGTATATTA,1
TGAAAGACGTTTATTA,1
TGAAAGAGAAACCAAA,1
TGAAAGAGTGCTGACA,1
TGAAAGATGCCATAAT,1
TGAAAGATGCCCGAAA,1
TGAAAGATTAGTGACA,1
TGAAAGATTTAATGTC,1
TGAAAGATTTTACTGA,1
TGAAAGCAATTTGACA,1
TGAAAGCACTAACCGC,1
TGAAAGCCGTGTGGTA,1
TGAAAGCCTTAATCAG,1
TGAAAGCCTTTACGTT,1
TGAAAGCGAATTAAAG,1
TGAAAGCGACAACCGC,1
TGAAAGCGATTTGACG,1
TGAAAGCTAGCCTAAA,1
TGAAAGGACAGCAAAG,1
TGAAAGGACCAACGAC,1
TGAAAGGACCAATTAC,1
TGAAAGGATAAGACAA,1
TGAAAGGCAGACCCTT,1
TGAAAGGCTTTGATTT,1
TGAAAGGGGGGCCGAG,1
TGAAAGGTATGAGACC,1
TGAAAGTAAAAAATTA,1
TGAAAGTATCAATACG,1
TGAAAGTATGGACTTT,1
TGAAAGTATTTACTGA,1
TGAAAGTCATAAGTCC,1
TGAAAGTCATAGCTCC,1
TGAAAGTGCCATACCA,1
TGAAAGTGTATTTAAC,1
TGAAATAAAGAAAAAT,1
TGAAATAAGTCCTGAA,1
TGAAATAATAAGTTCC,1
TGAAATAATAGAAATT,1
TGAAATAATTATGAGA,1
TGAAATAATTGAAGCG,1
TGAAATACAGAGCAAA,1
TGAAATACATAATCTC,1
TGAAATACGTCTGAAC,1
TGAAATAGAAGGTCTG,1
TGAAATAGAATCTCCA,1
TGAAATAGAATTTCGA,1
TGAAATAGTTAACTAC,1
TGAAATATAAACGACG,1
TGAAATATAATTTCCA,1
TGAAATATATTGTCAA,1
TGAAATATCATGGACA,1
TGAAATATGACTTCAC,1
TGAAATATGATAGTGC,1
TGAAATCAAACAAAAC,1
TGAAATCACATATCAT,1
TGAAATCCATTACGCG,1
TGAAATCCCCAATAAA,1
TGAAATCCTATACTAC,1
TGAAATCGGCCGGGGA,1
TGAAATCTGATAGCGC,1
TGAAATCTGATAGTAA,1
TGAAATCTGATAGTGA,1
TGAAATCTGATATTGC,1
TGAAATCTTATAGTGC,1
TGAAATGAAAATGAAA,1
TGAAATGACAATCAAA,1
TGAAATGACAATGACA,1
TGAAATGACAGTGAAA,1
TGAAATGATAATGAAA,1
TGAAATGCTAAGACAC,1
TGAAATGCTCATACAC,1
TGAAATGGAAGACTCA,1
TGAAATGGATTTCATA,1
TGAAATGGCAATGAAA,1
TGAAATGGCAGAGTCA,1
TGAAATGGCGGACTCA,1
TGAAATGGGATACAAT,1
TGAAATGGGATTCTTA,1
TGAAATGTAATATCGA,1
TGAAATTAATATAAGA,1
TGAAATTACAATGAAA,1
TGAAATTACAGATAAG,1
TGAAATTAGACCAACA,1
TGAAATTAGACGAGCA,1
TGAAATTAGATTGTCT,1
TGAAATTATCAAAATT,1
TGAAATTATTAATCCA,1
TGAAATTGAGTACCTA,1
TGAAATTGCACGCGTG,1
TGAAATTGGAACCTAC,1
TGAAATTGGATAATAT,1
TGAAATTGGCATATAC,1
TGAAATTTACAGACTC,1
TGAAATTTTAGGTTAT,1
TGAAATTTTCTAAATG,1
TGAAATTTTCTAACTT,1
TGAACAAAAAAAAAGC,1
TGAACAAAAAAAGTGC,1
TGAACAAAAACTACTC,1
TGAACAAAACAAAAAC,1
TGAACAAAACAAAAGA,1
TGAACAAAACATGCTC,1
TGAACAAAACGCGAAA,1
TGAACAAAAGCTGACA,1
TGAACAAAAGCTGAGA,1
TGAACAAACTAAAAAC,1
TGAACAAAGCAAAAGC,1
TGAACAAAGCTAGTAG,1
TGAACAAAGTACCCAG,1
TGAACAAATAAATACA,1
TGAACAAATCTAGTAC,1
TGAACAAATCTCGTAG,1
TGAACAAATTCCTTAC,1
TGAACAAATTTACAAT,1
TGAACAACAAGACCAT,1
TGAACAACAAGGAGAA,1
TGAACAACAATCCTTT,1
TGAACAACAGATCAAT,1
TGAACAACGCTATCCC,1
TGAACAACGGTCCCAA,1
TGAACAAGACACCCCA,1
TGAACAAGAGAAAGCA,1
TGAACAAGATAAATAA,1
TGAACAAGATATACAT,1
TGAACAAGGTATACTG,1
TGAACAAGGTATGCAA,1
TGAACAAGGTCATCCA,1
TGAACAAGTCAACCCA,1
TGAACAAGTCACACCA,1
TGAACAAGTCTCACAG,1
TGAACAATAACGACCC,1
TGAACAATCAAGACCC,1
TGAACAATCACGACAC,1
TGAACAATCACGACTC,1
TGAACAATCACTACCC,1
TGAACAATCATGACCC,1
TGAACAATGGGCCCAA,1
TGAACAATTCATTAAC,1
TGAACAATTCGATCAT,1
TGAACAATTTCCGAAG,1
TGAACACAAAACAAAA,1
TGAACACAAGACTTAA,1
TGAACACAATAGTACA,1
TGAACACAATAGTACG,1
TGAACACAATTATTTC,1
TGAACACAGCAAGTAC,1
TGAACACCCAAACCAT,1
TGAACACCGTGTGGTA,1
TGAACACCTGTTCGCT,1
TGAACACGCGAGCACG,1
TGAACACGTCACCCCA,1
TGAACACGTCCTAATA,1
TGAACACTAAACATAC,1
TGAACACTATAAAGTA,1
TGAACAGAGCAAGACC,1
TGAACAGATCTAGTAG,1
TGAACAGCTGAACAAC,1
TGAACAGCTTTGTGTT,1
TGAACAGGAATCATAA,1
TGAACAGGAGAAAGAA,1
TGAACAGGAGGTGACA,1
TGAACAGTCAACCAAC,1
TGAACAGTCTAATAAA,1
TGAACAGTGACTGGAA,1
TGAACAGTGGCATAAG,1
TGAACATAAAAGTACT,1
TGAACATAATGGTCCG,1
TGAACATAGTTGTAGC,1
TGAACATATTAACATT,1
TGAACATCTGTACAAC,1
TGAACATCTGTTACGA,1
TGAACATGCGTACGAT,1
TGAACATGTTGCCACA,1
TGAACCAACAAAACCT,1
TGAACCAACTTTAGAC,1
TGAACCAAGAAATATT,1
TGAACCAAGGGCGTAC,1
TGAACCACCGGTGACC,1
TGAACCAGAGGTCAAG,1
TGAACCAGCAAACGTA,1
TGAACCAGCATACACA,1
TGAACCAGTGAACAAG,1
TGAACCATAAGATCTT,1
TGAACCATAATATAAC,1
TGAACCATCGAAGCTT,1
TGAACCATGAGATCGT,1
TGAACCATGCGATCAT,1
TGAACCATTAGATCAT,1
TGAACCATTCAATCAT,1
TGAACCATTCCATCAT,1
TGAACCATTCGATAAT,1
TGAACCATTCTAACAA,1
TGAACCCAAAGAATAC,1
TGAACCCACGCTACCC,1
TGAACCCAGCACGCGA,1
TGAACCCATTAGAAAA,1
TGAACCCCTGGTACCG,1
TGAACCCCTTTTTACA,1
TGAACCCGAATCACCA,1
TGAACCCGTAATCCAA,1
TGAACCCTACAATACA,1
TGAACCGCAGTAACGA,1
TGAACCGTAAGATCGT,1
TGAACCGTGAATGAGG,1
TGAACCGTGGCCATAC,1
TGAACCGTTCATGAGG,1
TGAACCTAAGAATAAA,1
TGAACCTAAGACAGAA,1
TGAACCTATTCAAGAA,1
TGAACCTCATTTTCAC,1
TGAACCTCCAGAAATA,1
TGAACCTGTTGTGAGT,1
TGAACCTTGTAACGAA,1
TGAACGAAAAGCACTT,1
TGAACGAAATTCTGAA,1
TGAACGAACGCCATCA,1
TGAACGAATGCAATCA,1
TGAACGACCTCGTGAA,1
TGAACGATAAGATCGT,1
TGAACGATCCACATAA,1
TGAACGATTTCTTGTA,1
TGAACGCAATTATGAA,1
TGAACGCAATTCTCAA,1
TGAACGCAGTGTGGTA,1
TGAACGCCAAACTAAT,1
TGAACGCCACATTCGC,1
TGAACGCCATACTAAG,1
TGAACGCCATATTAAT,1
TGAACGCCCGTTCGCT,1
TGAACGCCCTGTGGTA,1
TGAACGCCGTTTGGTA,1
TGAACGCGAACAAACA,1
TGAACGCTGTCGAGAA,1
TGAACGCTGTGTGGTA,1
TGAACGCTTCGTCTAA,1
TGAACGGGAATCATAC,1
TGAACGTAGAACATTA,1
TGAACGTATCAATACA,1
TGAACGTCGTGTGGTA,1
TGAACGTGAAAAACAG,1
TGAACGTGAAAACCAA,1
TGAACGTGAAAACCAT,1
TGAACGTGAAGACCAG,1
TGAACGTGAGAACCAG,1
TGAACGTGCCTGCATA,1
TGAACGTTCTACAGCT,1
TGAACTAAACGATACG,1
TGAACTAAAGCATATC,1
TGAACTAAGAGTTTAG,1
TGAACTAATGAACAAA,1
TGAACTACACAACCCA,1
TGAACTACAGGTCATA,1
TGAACTACATGAATGG,1
TGAACTAGAAGGTATG,1
TGAACTAGCACGTATT,1
TGAACTATAAACAATA,1
TGAACTATAAGATCGT,1
TGAACTCAAAACCATA,1
TGAACTCAATTCTAAT,1
TGAACTCACTATTACT,1
TGAACTCCACATACAG,1
TGAACTCGTACAAATT,1
TGAACTCTGGTCCAAG,1
TGAACTGATACATTTG,1
TGAACTGCCGAAACGT,1
TGAACTGCTAGCGTAG,1
TGAACTGCTGTGGCAT,1
TGAACTGGCCCATTTT,1
TGAACTTAACCGCCCC,1
TGAACTTAATATTAAA,1
TGAACTTATCAATACG,1
TGAACTTATTAACCAA,1
TGAACTTCACTGCCAT,1
TGAACTTGAATAATAT,1
TGAACTTGATCAAATT,1
TGAACTTGGATAGTAT,1
TGAACTTGGGACCTAC,1
TGAACTTGTAACCTAC,1
TGAACTTGTATAATAT,1
TGAACTTTCAACAGGC,1
TGAAGAAAAACCAGAT,1
TGAAGAAAACTAATAA,1
TGAAGAAAACTAATAG,1
TGAAGAAAACTAATAT,1
TGAAGAAACTGACCGA,1
TGAAGAAAGTTCGAAA,1
TGAAGAAAGTTGACTG,1
TGAAGAAATAGTCCGA,1
TGAAGAAATATCCTAA,1
TGAAGAACAAGCCAAC,1
TGAAGAACACAAGAGA,1
TGAAGAACAGTACCAC,1
TGAAGAACATCTTCGT,1
TGAAGAACCTCGCATC,1
TGAAGAACTATCCAAC,1
TGAAGAACTCTAACTG,1
TGAAGAACTTTGCATA,1
TGAAGAAGACTAATAC,1
TGAAGAATAATACATC,1
TGAAGAATCAAATCAG,1
TGAAGAATCACGGCCC,1
TGAAGAATTGGGCAGA,1
TGAAGACAAAGTGAAG,1
TGAAGACACACATGTC,1
TGAAGACAGATATGGA,1
TGAAGACAGATGTGAA,1
TGAAGACGAAACGCAT,1
TGAAGACTGAAAATCA,1
TGAAGACTTACGATTA,1
TGAAGAGACCTCAAAT,1
TGAAGAGACTAAAACC,1
TGAAGAGACTCAACCC,1
TGAAGAGAGCGCAAAT,1
TGAAGAGATTTATCGG,1
TGAAGAGCTTAAACAT,1
TGAAGAGGCCGCAAAT,1
TGAAGAGGTAAAAGTT,1
TGAAGAGGTCGAAAAA,1
TGAAGAGGTTATCCCA,1
TGAAGAGTAATTACGC,1
TGAAGAGTATAGCTAC,1
TGAAGATAAATAAATT,1
TGAAGATACAACGTGA,1
TGAAGATCAGCAGGTT,1
TGAAGATCAGTATGTT,1
TGAAGATCAGTGGGTT,1
TGAAGATGACCCGCTC,1
TGAAGATGACCCGTCC,1
TGAAGATGACCCGTTA,1
TGAAGATGCTAAAAGG,1
TGAAGATGCTAACAGA,1
TGAAGATGCTGACAGG,1
TGAAGATGGTAACAGG,1
TGAAGATGTGACTCTG,1
TGAAGATGTTCGCATT,1
TGAAGATTACCCGTTC,1
TGAAGATTAGGCTGAG,1
TGAAGATTATAATTGC,1
TGAAGATTATTTAAGT,1
TGAAGATTGGGCTGAA,1
TGAAGATTGGGTTGAG,1
TGAAGCAATCAATTGA,1
TGAAGCAATTTTTTGG,1
TGAAGCACAAAATGCT,1
TGAAGCACGGAGAAAA,1
TGAAGCATGCGAACCG,1
TGAAGCCAAATCTCGA,1
TGAAGCCCAAGGGAGA,1
TGAAGCCCACCCGAAA,1
TGAAGCCCACGCAATC,1
TGAAGCCGAATCTCGA,1
TGAAGCCGGTAAATTC,1
TGAAGCGCACAGAGAA,1
TGAAGCGCGGGAACAA,1
TGAAGCTAAAAGATGC,1
TGAAGCTCACATTTTA,1
TGAAGCTTTGACAATA,1
TGAAGGAAACTAATAC,1
TGAAGGACGAAATTCC,1
TGAAGGATACCATAAT,1
TGAAGGCAAACTTACC,1
TGAAGGCCATACTAAT,1
TGAAGGCCCCAACGGA,1
TGAAGGCTCATTTGAT,1
TGAAGGGAACTTAGAG,1
TGAAGGGACTTTAGAG,1
TGAAGGGTAAACGAGT,1
TGAAGGTCACTGCAAC,1
TGAAGGTGTCCCAAAG,1
TGAAGGTTAATTCTAG,1
TGAAGTAAACGCGAAT,1
TGAAGTAACCAACTAC,1
TGAAGTAATGTCGCAA,1
TGAAGTACCAATAGCT,1
TGAAGTACCACACAAT,1
TGAAGTACCCGCCCAT,1
TGAAGTAGAGTAAGCG,1
TGAAGTATATCCAGCT,1
TGAAGTATTCAACCAT,1
TGAAGTATTGTAAAAT,1
TGAAGTCAGATACCTA,1
TGAAGTCCATAATTAA,1
TGAAGTCCATTCCAGA,1
TGAAGTCCGATAACTA,1
TGAAGTCCGTCGTCAG,1
TGAAGTCTAAATACGA,1
TGAAGTGATTCACCAT,1
TGAAGTGTATAAAAAA,1
TGAAGTTAACGAAATA,1
TGAAGTTCCATGGCAC,1
TGAAGTTCTAGTTCGA,1
TGAAGTTTGGCGTAGT,1
TGAATAAAAAAAGACA,1
TGAATAAAAACCGAAA,1
TGAATAAAACTGAGAG,1
TGAATAAAAGATGAGT,1
TGAATAAAGTATAGAC,1
TGAATAAATTACAAGT,1
TGAATAACAAAAAGGA,1
TGAATAACCAAGCCCT,1
TGAATAACCAGCCAAC,1
TGAATAACGAAGCCCT,1
TGAATAACTAAGCACT,1
TGAATAACTAATCCCT,1
TGAATAACTAGAACAC,1
TGAATAACTGTTATAA,1
TGAATAAGAACTGCAG,1
TGAATAAGCCCTATTT,1
TGAATAAGCCTTAGTC,1
TGAATAAGTACTTGAA,1
TGAATAAGTGACAAAT,1
TGAATAATAAAGAGTA,1
TGAATAATATTGCCAC,1
TGAATAATGTATGTCT,1
TGAATAATTTTGAATT,1
TGAATACAAAAGTAGC,1
TGAATACAACCAAAGA,1
TGAATACACAAGACAG,1
TGAATACAGAAGTAGC,1
TGAATACATACTTGAA,1
TGAATACATATAACGC,1
TGAATACCGAAACAAT,1
TGAATACGAACTTGAA,1
TGAATACGCCGAGGCG,1
TGAATACGCGAACACG,1
TGAATACGCGAGCAAG,1
TGAATACGCGAGCACA,1
TGAATACGCGAGCACT,1
TGAATACGCGGGCACG,1
TGAATACGCTAGCACG,1
TGAATACGGGAGCACG,1
TGAATACGTACTCGAA,1
TGAATACGTGCTTGAA,1
TGAATACGTTAGTTAT,1
TGAATACTACAAACCA,1
TGAATACTCGAGCACG,1
TGAATACTTTCGGTCC,1
TGAATAGACATTAAAC,1
TGAATAGACCGCAAAT,1
TGAATAGGATATTACG,1
TGAATAGGCGGACCCG,1
TGAATAGTCCAGGAAC,1
TGAATATAACCTGCTA,1
TGAATATATGTCCTAG,1
TGAATATATTAAATCA,1
TGAATATCCTTTGAGA,1
TGAATATCTTTGAGTA,1
TGAATATGCATACAGT,1
TGAATATGCTGTGTGT,1
TGAATATTGACCAACA,1
TGAATCAAATGTCTGA,1
TGAATCAACAACCTCA,1
TGAATCAACATATATC,1
TGAATCAACCAATGGA,1
TGAATCAACTCTTAGA,1
TGAATCAACTGTCTTA,1
TGAATCAATGTATAAG,1
TGAATCACACATGTAG,1
TGAATCACCATCATAC,1
TGAATCACCGCACCTT,1
TGAATCACTCTCTAGC,1
TGAATCACTTCATCAA,1
TGAATCAGGCATTCGA,1
TGAATCATACGCTATA,1
TGAATCATAGGCTAAA,1
TGAATCATGTGAAATA,1
TGAATCCAAGAGCACT,1
TGAATCCAAGCCCACT,1
TGAATCCAAGCGCAAT,1
TGAATCCAAGTGCACT,1
TGAATCCAATTGCACT,1
TGAATCCAGGCGCACT,1
TGAATCCATATATGAT,1
TGAATCCATGGATAAG,1
TGAATCCCGTCTTGAC,1
TGAATCCCTAATAACG,1
TGAATCCGCAAGACAG,1
TGAATCCGCCATTCGA,1
TGAATCCGGAATTCGA,1
TGAATCCGGCACTCGA,1
TGAATCCGGCATTAGA,1
TGAATCCGGCATTCAA,1
TGAATCCGGCATTGGA,1
TGAATCCGTCATTCGA,1
TGAATCGAACCCCATA,1
TGAATCGAACCCCTCC,1
TGAATCGAAGCGCACT,1
TGAATCGTATTCACTA,1
TGAATCTAACGGCACA,1
TGAATCTGCGCAGACT,1
TGAATCTGCTTTTGGC,1
TGAATCTGGTCATTAT,1
TGAATGAAAATAGAGT,1
TGAATGAAACCTAGTA,1
TGAATGAAAGTAGATT,1
TGAATGAAGAAGCTCC,1
TGAATGAAGATACGTC,1
TGAATGACATAGATAG,1
TGAATGACATTTCCAT,1
TGAATGACCGGTCAAC,1
TGAATGACGTGTCAAT,1
TGAATGACTCAAATAG,1
TGAATGAGACCGAACT,1
TGAATGAGGTTTTTAC,1
TGAATGATAAGCGAAC,1
TGAATGCAAACCATTT,1
TGAATGCAACGACCAT,1
TGAATGCAATTCTGAA,1
TGAATGCATAACTTAA,1
TGAATGCCAAAGGCAA,1
TGAATGCCCGGTAAAC,1
TGAATGCCGTGTGGTA,1
TGAATGCGGGCCCTTC,1
TGAATGGAGGCACGCC,1
TGAATGGATCAACCCA,1
TGAATGGCTCAACCCT,1
TGAATGGCTCCGTCAA,1
TGAATGGTGCGTTTGG,1
TGAATGTACCGATCGC,1
TGAATGTACTTAGATA,1
TGAATGTACTTTAGGG,1
TGAATGTCCGGTCAAC,1
TGAATGTCGATAACTT,1
TGAATGTGAAGGGGGT,1
TGAATGTTAATACTTT,1
TGAATGTTAGCGTGCC,1
TGAATGTTTATGCAGT,1
TGAATTAAAACGACTT,1
TGAATTAAACGATCGA,1
TGAATTAACAACAAGG,1
TGAATTAACCTATTAT,1
TGAATTAAGAACTTCA,1
TGAATTAAGTATCCCA,1
TGAATTAATATGACAG,1
TGAATTACAAAAATGC,1
TGAATTACACTATGTA,1
TGAATTACACTTCATA,1
TGAATTACATACATGC,1
TGAATTACCAACAGCG,1
TGAATTACCCAGACCA,1
TGAATTAGCGGACATG,1
TGAATTATAATTGGGA,1
TGAATTCAAATAGCTC,1
TGAATTCAGGATAGGT,1
TGAATTCATTATCTGC,1
TGAATTCATTCAGCAT,1
TGAATTCCAACCATTT,1
TGAATTCCAACTGTAA,1
TGAATTCCCGGGCGGC,1
TGAATTCCCTTGTAAT,1
TGAATTCCGATACCTA,1
TGAATTCCTTTCGCCG,1
TGAATTCGAATGGAGT,1
TGAATTCGCTATCTGC,1
TGAATTCGGTATCTGC,1
TGAATTCGTTATCTAC,1
TGAATTCGTTATCTGT,1
TGAATTCTATTAACCG,1
TGAATTGAAGCCCGAA,1
TGAATTGAATCGTCTT,1
TGAATTGACACCAATA,1
TGAATTGCCGATATAC,1
TGAATTGCGAATTACT,1
TGAATTGGAAATTGGA,1
TGAATTGGACAAAAGG,1
TGAATTGGAGCAAAGG,1
TGAATTGGCCCAATAA,1
TGAATTGGGCGAGGCG,1
TGAATTGGTTATCTGC,1
TGAATTTAAAAAAACC,1
TGAATTTAAACAAGTA,1
TGAATTTAAAGCTGTA,1
TGAATTTATTAACAAA,1
TGAATTTCCTGATACT,1
TGAATTTGACCAAAGG,1
TGAATTTGGGTACTGT,1
TGAATTTTGTAATCCT,1
TGAATTTTGTAGGAAA,1
TGACAAAAACCAGGCA,1
TGACAAAACCTCATCC,1
TGACAAAAGAATACAG,1
TGACAAAAGTAGATAC,1
TGACAAACACACGTAA,1
TGACAAACCTTACCCT,1
TGACAAACTACTAAAA,1
TGACAAACTCGCCGGC,1
TGACAAACTCTACCCT,1
TGACAAACTTTAACCT,1
TGACAAACTTTACCCC,1
TGACAAAGAGCTCCCA,1
TGACAAAGGTCGCAAA,1
TGACAAAGTAACAATC,1
TGACAAATATTACGAG,1
TGACAAATGAGCTATG,1
TGACAACACATCATCC,1
TGACAACAGCTCATCC,1
TGACAACCCATCCCAA,1
TGACAACCTGTCGGTT,1
TGACAACGCATACTAA,1
TGACAACGCATCATAA,1
TGACAACGTCCTTGTA,1
TGACAACTAACAATCA,1
TGACAAGAAACAATAT,1
TGACAAGAAAGCAGGG,1
TGACAAGAACATGGAG,1
TGACAAGAATCGAAGA,1
TGACAAGAGTAACTCG,1
TGACAAGCGACCTATC,1
TGACAAGGCCGGGGAG,1
TGACAAGGGATCATTC,1
TGACAAGTGACTTGAC,1
TGACAAGTGCATGGAA,1
TGACAAGTTTAAATAC,1
TGACAATAAAGGAATT,1
TGACAATAACCTGCTC,1
TGACAATAATGGAGAA,1
TGACAATACCCTGATC,1
TGACAATAGACGTTAT,1
TGACAATATGTATACA,1
TGACAATCACTCGCCG,1
TGACAATCTATGCCTT,1
TGACAATCTTAAAATG,1
TGACAATGAATTATAA,1
TGACAATGCGCGTCCG,1
TGACAATTCCATTTGG,1
TGACAATTCGCGTCTG,1
TGACAATTGAACGCTA,1
TGACAATTTGCATCAC,1
TGACACAACAGGAAAA,1
TGACACAATACACTGA,1
TGACACAATCCCTTTT,1
TGACACACAGACATAA,1
TGACACAGTCATGAAT,1
TGACACAGTCGTGAAC,1
TGACACATAAATTTAG,1
TGACACATTCACTAGA,1
TGACACATTTACTGAG,1
TGACACCAAAGAAACC,1
TGACACCAACAACATA,1
TGACACCATAATATGT,1
TGACACCCAGCTAGAA,1
TGACACCCCAAAGGGC,1
TGACACCCCATATTCT,1
TGACACCCCTTTCTAA,1
TGACACCCGGAAAAAT,1
TGACACCGAATACCTC,1
TGACACCTCCAGCAAG,1
TGACACGAATCTTCTC,1
TGACACGACTGTCCTC,1
TGACACGAGAGATGAA,1
TGACACGCAGGAGATA,1
TGACACGCAGGCTATA,1
TGACACGCAGTCGATA,1
TGACACGCCTACCAAA,1
TGACACGTACCTCACT,1
TGACACTAACCACCAG,1
TGACACTATAAACCAA,1
TGACACTTAAGAAATT,1
TGACACTTAAGAGATG,1
TGACACTTGACGAAAC,1
TGACAGAAGACAGACA,1
TGACAGAAGCCTACAA,1
TGACAGACACATAGCA,1
TGACAGACAGATAAAA,1
TGACAGAGTGAAAAAT,1
TGACAGATATTTCGGA,1
TGACAGATTAAACGTC,1
TGACAGATTACACGTC,1
TGACAGCAGTGACCAG,1
TGACAGCCCTGACATG,1
TGACAGGCTCATAGCA,1
TGACAGGTACAAACCT,1
TGACAGTAGAAACCAG,1
TGACAGTCCAAGTACA,1
TGACAGTCCAATTCGG,1
TGACAGTCGAAGGCCA,1
TGACAGTCTAAATTAC,1
TGACAGTGAACTCGAA,1
TGACAGTGAATTAGGT,1
TGACAGTGGATTAGTT,1
TGACAGTGGCCTCGAG,1
TGACAGTGTATTATAA,1
TGACAGTTAATACCGG,1
TGACAGTTGAACCAAT,1
TGACAGTTGATTAGGT,1
TGACAGTTTTTTGCAC,1
TGACATAAAAGTACAA,1
TGACATAAAGAACAAT,1
TGACATAAATTGTTCG,1
TGACATAACAACTTAA,1
TGACATAAGAAGGCCG,1
TGACATACCAGTATGA,1
TGACATACGAGGTAAT,1
TGACATACGAGTATGA,1
TGACATACTAGTATGG,1
TGACATACTATGCCAC,1
TGACATACTATTATGA,1
TGACATACTGGTATGA,1
TGACATAGCATTCTAG,1
TGACATAGTAATTTGA,1
TGACATATAAAATTAG,1
TGACATATACTACCCT,1
TGACATATTGGACCTG,1
TGACATCAACGCATAA,1
TGACATCAACTCATCA,1
TGACATCCAGCTGCCT,1
TGACATCCATATATTC,1
TGACATCCCAGGAGCT,1
TGACATCGACGCATCA,1
TGACATCGGTATATTC,1
TGACATCGTAAATTCC,1
TGACATGAATGGACAC,1
TGACATGAGAATGAAA,1
TGACATGCTATGCAAC,1
TGACATGCTATGCGAC,1
TGACATGCTATTCCAC,1
TGACATTAAGCACCAG,1
TGACATTAAGGTACAC,1
TGACATTAATCCAGGA,1
TGACATTAGCCTAAAG,1
TGACATTATAAAATTC,1
TGACATTCAAAAGAAC,1
TGACATTCATACCGAA,1
TGACATTCGGTGTCGA,1
TGACATTGATCCCAAG,1
TGACATTTCCTTTAAA,1
TGACCAAAAAAGCATG,1
TGACCAAAAACAGATA,1
TGACCAAAATAAGTAC,1
TGACCAAAATGACATA,1
TGACCAAAGAACTTAA,1
TGACCAACAACGTAAG,1
TGACCAACTCACGTCC,1
TGACCAAGTATAGCTA,1
TGACCAAGTGAGTATT,1
TGACCAAGTGATTATC,1
TGACCAAGTTAGTATC,1
TGACCAATTAGACACC,1
TGACCACAAGACATCC,1
TGACCACAATGATTCC,1
TGACCACACGGTTTTG,1
TGACCACATTCATCAA,1
TGACCAGATAAAATTG,1
TGACCAGCACGACGCT,1
TGACCAGCTATTGTTA,1
TGACCAGGACTCAGAT,1
TGACCAGTGATATTAA,1
TGACCAGTTTAGACAA,1
TGACCAGTTTTCGTCG,1
TGACCATAAACTTAGC,1
TGACCATAACGCCCCC,1
TGACCATAATTCGTTG,1
TGACCATACACACAAT,1
TGACCATCGATACCCG,1
TGACCATGACCATGAG,1
TGACCATGATGCATAA,1
TGACCATTGGAGAAGT,1
TGACCCAAAACCTCCA,1
TGACCCAAAATAGTAC,1
TGACCCAAAGCCGAAC,1
TGACCCAAAGTTAAAT,1
TGACCCAACCTAGACT,1
TGACCCACTTGAGGTG,1
TGACCCAGTCCAAGAA,1
TGACCCCACACTACCG,1
TGACCCCACTACTCAA,1
TGACCCCAGTTTAATG,1
TGACCCCCAGCCATCC,1
TGACCCCCGATACCCG,1
TGACCCCCTTATACCG,1
TGACCCCTAAAATCTT,1
TGACCCGAGCCCCTAC,1
TGACCCGGAGCAAACG,1
TGACCCTACAAGCTCA,1
TGACCCTACCACATAG,1
TGACCCTAGCCAATAT,1
TGACCCTCTGATTAAT,1
TGACCCTGATCTTAAG,1
TGACCGAAAATACAGC,1
TGACCGAAGTAGATAC,1
TGACCGACTCTCCCCA,1
TGACCGACTGCTGACA,1
TGACCGAGTGCCGACA,1
TGACCGAGTGTTGACA,1
TGACCGATAACTAGCG,1
TGACCGATTGACGCAC,1
TGACCGCCATATGTAC,1
TGACCGGAACGAAAAA,1
TGACCGGAACTACAGT,1
TGACCGGAAGTAAACA,1
TGACCGGATTTTACCT,1
TGACCGGGTAACACAC,1
TGACCGTCTAGCCACC,1
TGACCGTGATGTTTTC,1
TGACCGTGGGCACGAG,1
TGACCTAAATAAAAAA,1
TGACCTAACTATTAGC,1
TGACCTAAGACTAAGG,1
TGACCTACACTTACAT,1
TGACCTACTCCAAAGC,1
TGACCTAGCGATTTAG,1
TGACCTAGTACAAGAA,1
TGACCTAGTTAATACA,1
TGACCTATGAGAGATT,1
TGACCTCATGCTGATA,1
TGACCTCCCTGTTCAG,1
TGACCTCCTTTCATTT,1
TGACCTCGCACAAACT,1
TGACCTCTACCACATA,1
TGACCTCTTTGAACCT,1
TGACCTGACATAGTAA,1
TGACCTGACGTGGGCT,1
TGACCTGATGTTCACA,1
TGACCTGCCTACAAAA,1
TGACCTGGCCCAATAA,1
TGACCTGTACATCAAA,1
TGACCTGTGCCATATG,1
TGACCTTAAGTCTACA,1
TGACCTTACGTCTAAA,1
TGACCTTACTTCTACA,1
TGACCTTAGGTCTACA,1
TGACCTTATGAATTTC,1
TGACCTTCTCCTATAC,1
TGACCTTGTCCAAGAA,1
TGACCTTTCTACAGCA,1
TGACGAAAAAACAGAT,1
TGACGAAAAAATAAGC,1
TGACGAAAAACCAAAT,1
TGACGAAAACTAATAC,1
TGACGAAAGTCCACAA,1
TGACGAAAGTTCATAA,1
TGACGAAATATACCAC,1
TGACGAAGAGACATAC,1
TGACGAATACCAAAAC,1
TGACGACAAAAAGGCT,1
TGACGACAAAACCCGC,1
TGACGACAAAAGACGG,1
TGACGACAACTAGAAA,1
TGACGACACCTCATCC,1
TGACGACCCTACCCTC,1
TGACGACCCTCCCCTC,1
TGACGACCCTGCACTC,1
TGACGACCCTGCCATC,1
TGACGACCTTGAAACA,1
TGACGACGCATTGAAC,1
TGACGACGTCCGATAG,1
TGACGAGAAAGTGATA,1
TGACGAGAGAGTACCT,1
TGACGAGATAACCGGT,1
TGACGAGATGTATAAG,1
TGACGAGCGACTTGAC,1
TGACGAGTAATATTCA,1
TGACGAGTATACCACC,1
TGACGAGTCATAGAGA,1
TGACGAGTCGAATAAG,1
TGACGAGTGACTCGAC,1
TGACGAGTGACTTGGC,1
TGACGAGTGACTTGGT,1
TGACGAGTTACTTGAC,1
TGACGAGTTGATACGC,1
TGACGATAGCAGCGCT,1
TGACGATATAACTCGG,1
TGACGATGCGACTCTG,1
TGACGATGTGATTCTG,1
TGACGATGTTACTCTG,1
TGACGATTATACAATG,1
TGACGATTATCATTGC,1
TGACGATTGTCAATCA,1
TGACGCAAAAACCTAC,1
TGACGCAAGATACAGA,1
TGACGCAATTGTACTT,1
TGACGCACCACTTATA,1
TGACGCACTCTCTTAT,1
TGACGCCACTTTAAAT,1
TGACGCCCTATACATA,1
TGACGCCCTTTTCTAA,1
TGACGCCGGCCGATAG,1
TGACGCCGTACGATAG,1
TGACGCCGTCAGATAG,1
TGACGCGAGTTAAATC,1
TGACGCGATTTGCTGC,1
TGACGCGCGCCTAAGT,1
TGACGCGTCGTCATAC,1
TGACGCGTTTTGTAAG,1
TGACGCTAAACCCTTG,1
TGACGCTATAATGATT,1
TGACGCTATAATTATT,1
TGACGCTCATAGAACG,1
TGACGCTTAACTTTCC,1
TGACGCTTATCCTTCC,1
TGACGCTTATCTTTAC,1
TGACGCTTATCTTTTC,1
TGACGCTTGTCAATAA,1
TGACGCTTTGGTCATA,1
TGACGGACGCCTAACA,1
TGACGGACTCGAAAAT,1
TGACGGAGTAATATCT,1
TGACGGATGGATATTG,1
TGACGGCTACCGATAA,1
TGACGGCTTGATTCAC,1
TGACGGGAGCTGTTTT,1
TGACGGGGTACGATAA,1
TGACGGGTTGTAGAAC,1
TGACGGTAACTGCAAC,1
TGACGGTAATAGTAAG,1
TGACGGTAGAGTCCGA,1
TGACGGTAGCCGGCAA,1
TGACGGTCACCGGCAA,1
TGACGGTCACTGAAAC,1
TGACGGTCACTGCAAA,1
TGACGGTCACTGCGAC,1
TGACGGTCGCAGGCAA,1
TGACGGTCGCCGACAA,1
TGACGGTCGCCTGCAA,1
TGACGGTCGCTGCAAC,1
TGACGGTCTCCGGCAA,1
TGACGGTTGTCTTAGA,1
TGACGTAAACCCGAAT,1
TGACGTAAACGCAAAT,1
TGACGTAAACGCTAAT,1
TGACGTAACGGTACAT,1
TGACGTAAGATATTAA,1
TGACGTAATTGTACTT,1
TGACGTATCATCCAAA,1
TGACGTCACTTACTTG,1
TGACGTCATACATTAG,1
TGACGTCCACTTACTT,1
TGACGTCGAATTAGAG,1
TGACGTCGATACCGCA,1
TGACGTCGATATATTC,1
TGACGTGACAAAAATT,1
TGACGTTAATACCGCA,1
TGACGTTACATACGAC,1
TGACGTTATGGCCCTT,1
TGACGTTCACCCTAGT,1
TGACGTTCTGGACAAA,1
TGACGTTGACACCGCA,1
TGACGTTGAGAAGTCA,1
TGACGTTGAGTATAAC,1
TGACGTTGATACAGCA,1
TGACGTTGATACGGCA,1
TGACGTTGATACTGCA,1
TGACTAAAACGTTCTT,1
TGACTAAACATAGCGC,1
TGACTAACAAATCCGA,1
TGACTAACCCCTAAAT,1
TGACTAACCCCTATAC,1
TGACTAACCTGTGAAA,1
TGACTAAGAATTAGAG,1
TGACTAAGAATTATAA,1
TGACTAAGATCATATA,1
TGACTAAGGATTAGAA,1
TGACTAAGGCCATATA,1
TGACTAAGGGTCCTCA,1
TGACTAAGGTCACATA,1
TGACTAAGTATTAGAA,1
TGACTAATGACTTGTA,1
TGACTAATGCGAATTT,1
TGACTACACAAATTGA,1
TGACTACACAGGACTG,1
TGACTACACCACGATT,1
TGACTACCACCGGAGT,1
TGACTACCATTCATCT,1
TGACTACCCTGCCCTC,1
TGACTACCTGCCTTTT,1
TGACTACGAACAATAC,1
TGACTACGGACTTAAC,1
TGACTACTGGCTTTAC,1
TGACTAGAGTATAAAG,1
TGACTAGCACTCCCAA,1
TGACTAGCACTCCCCG,1
TGACTAGCACTCCCCT,1
TGACTAGCACTCTCCA,1
TGACTAGCATTAATCT,1
TGACTAGCGCTCCCCA,1
TGACTAGTGATACTCA,1
TGACTATAAAAATAAA,1
TGACTATAATAAACTC,1
TGACTATATTAAGTCA,1
TGACTATCGAGTCAGA,1
TGACTATGATTCATAA,1
TGACTATGGATACTAA,1
TGACTATGGATGCTCA,1
TGACTATGTGACTCTG,1
TGACTATTTGCAGTCG,1
TGACTCAAAATAGCGC,1
TGACTCAAAATCATGA,1
TGACTCAACATAGAGC,1
TGACTCAACATAGCGT,1
TGACTCAACATAGTGC,1
TGACTCAAGGGACCGC,1
TGACTCACATTTTGAT,1
TGACTCACTGAGGGGT,1
TGACTCATCAGCTGTA,1
TGACTCATGTTCTAAG,1
TGACTCCAAAAAACAA,1
TGACTCCAACTAACAA,1
TGACTCCAACTAAGCA,1
TGACTCCAGCAGTAGG,1
TGACTCCCATTCTGAT,1
TGACTCCGTACCAATC,1
TGACTCCTCATCTGTA,1
TGACTCCTGAGCTGTA,1
TGACTCCTGCAAGTCC,1
TGACTCGAATAAAATT,1
TGACTCGATATTAAAT,1
TGACTCTCTTAGGTGG,1
TGACTCTGTTAAGTGT,1
TGACTCTTAAATGACC,1
TGACTCTTATCTTTCC,1
TGACTCTTGGTGAACC,1
TGACTCTTTGGTCGTA,1
TGACTGAAAACTTTAT,1
TGACTGAAAATCACCG,1
TGACTGAAATTTCCCA,1
TGACTGACAAAAACCC,1
TGACTGACATCATTCC,1
TGACTGAGAATTAGAA,1
TGACTGAGACCGAACT,1
TGACTGAGTGCTGACA,1
TGACTGATGCTTACAG,1
TGACTGATTATTATGA,1
TGACTGCACTTCTACA,1
TGACTGCTAGATGTTG,1
TGACTGGAAGAGAAAG,1
TGACTGGACGGTGCTT,1
TGACTGGCACAATAGC,1
TGACTGGCACTCCCCA,1
TGACTGGGATAGTGAC,1
TGACTGGGTAATATCT,1
TGACTGTACCGATAGA,1
TGACTGTACCTTTTAC,1
TGACTGTAGATTGTCC,1
TGACTGTCACTGCAAC,1
TGACTGTCGCCGGCAA,1
TGACTGTGATGAATAT,1
TGACTGTTAAACACGG,1
TGACTGTTACGGGAAA,1
TGACTGTTTACCGAGT,1
TGACTTAAACGGAGAA,1
TGACTTAAATACTATG,1
TGACTTAAGAGATCGC,1
TGACTTAATAAGACTA,1
TGACTTAATAGATTGT,1
TGACTTAATCTTCCAT,1
TGACTTACGAGATCGA,1
TGACTTACGAGATCTC,1
TGACTTACGAGATTGC,1
TGACTTACGAGGTCGC,1
TGACTTACTGACTCAA,1
TGACTTAGGCTTAAGC,1
TGACTTATACTTACAG,1
TGACTTATCATACGAG,1
TGACTTATTCTAAATG,1
TGACTTCACAGATGTG,1
TGACTTCACTACTGAA,1
TGACTTCCATTCCTTC,1
TGACTTCCCCCTCTGC,1
TGACTTCGAATTACCG,1
TGACTTCGAGACTATA,1
TGACTTCGGAACTATA,1
TGACTTCTGCAAATTC,1
TGACTTGAAGATAGTG,1
TGACTTGAAGGACTAA,1
TGACTTGACTCTTAGT,1
TGACTTGGAAGGTTAA,1
TGACTTGGACGGTTTA,1
TGACTTGGACGTTTAA,1
TGACTTGGATGGTTAA,1
TGACTTGGCCCATTAA,1
TGACTTGGTCCAATAA,1
TGACTTGGTCCCTCTC,1
TGACTTGTACGGTTAA,1
TGACTTTACGCAACTT,1
TGACTTTACTAAACTA,1
TGACTTTCATATCCAT,1
TGACTTTCGTATTTCG,1
TGACTTTGAGCTAATG,1
TGACTTTGGATTGGGT,1
TGACTTTGGGCTAATG,1
TGACTTTGTGCTAATG,1
TGACTTTTCAGCTCAT,1
TGAGAAAAAAAAACAG,1
TGAGAAAAACCATTCA,1
TGAGAAAACATATTCG,1
TGAGAAAATATACAAC,1
TGAGAAAATCCCGTGC,1
TGAGAAACACTCACGT,1
TGAGAAACAGATACCA,1
TGAGAAACCAACGGTT,1
TGAGAAACGTACATTA,1
TGAGAAACTGCTATAG,1
TGAGAAACTGTTAAAG,1
TGAGAAACTGTTACAG,1
TGAGAAAGAACAAACA,1
TGAGAAAGATTAGTTG,1
TGAGAAAGGCCACGCA,1
TGAGAAAGTAATAAAA,1
TGAGAAAGTGGCGATC,1
TGAGAAATCCACTAAT,1
TGAGAAATGCAATCCT,1
TGAGAAATGCCCTCTC,1
TGAGAAATGCCTCATG,1
TGAGAAATTCACGTAA,1
TGAGAACAAAATGAAT,1
TGAGAACAACTAAATT,1
TGAGAACAAGAGGATC,1
TGAGAACACAAAGCAT,1
TGAGAACACAGACAAT,1
TGAGAACATTAGATTA,1
TGAGAACCCAAACTAA,1
TGAGAACCCCGTGAGG,1
TGAGAACCGACCAAAT,1
TGAGAACCGGATGAAT,1
TGAGAACCTACCCATG,1
TGAGAACGATAGCTTC,1
TGAGAACGATGCTTGG,1
TGAGAACGCATTAAAG,1
TGAGAACGCGAATACC,1
TGAGAACGGATGTTAT,1
TGAGAACTAGAGAATC,1
TGAGAACTAGTTACAT,1
TGAGAACTGAATTAAT,1
TGAGAACTGATTCATA,1
TGAGAACTTATGATAG,1
TGAGAAGACTAGAAAA,1
TGAGAAGAGTTTAGCG,1
TGAGAATACCTCGTTA,1
TGAGAATAGCATGAAG,1
TGAGAATCTACTGGTT,1
TGAGAATTCATCAATG,1
TGAGACAACAATCAAA,1
TGAGACAGGAAATGAA,1
TGAGACATACTAAAAT,1
TGAGACATAGAAGGAA,1
TGAGACATCGTAAGAG,1
TGAGACATGCTGAACG,1
TGAGACCAAGATGCAA,1
TGAGACCAATGATCTA,1
TGAGACCAGAGACGCA,1
TGAGACCAGCGATAAA,1
TGAGACCATAGGTAAT,1
TGAGACCCAACCTCTT,1
TGAGACCGCACAGACT,1
TGAGACCTGTACTGGT,1
TGAGACCTTAAACCAT,1
TGAGACCTTCGCTTTA,1
TGAGACCTTTACTAGT,1
TGAGACGAGAGGAATA,1
TGAGACGATAGGGAAT,1
TGAGACGATGCTCGAT,1
TGAGACGCAGAAAACA,1
TGAGACGCCTCTTGTA,1
TGAGACGCTAGTGTAT,1
TGAGACGGTGCTTCAA,1
TGAGACGGTTCTTCAC,1
TGAGACGTAATAACGA,1
TGAGACGTACTTCACT,1
TGAGACGTAGAAAATA,1
TGAGACGTCCCTACGG,1
TGAGACGTTTCAAGTA,1
TGAGACTAAACTAAGA,1
TGAGACTACAGCATCA,1
TGAGACTATAGGGAAT,1
TGAGACTCGCCTTTAG,1
TGAGACTCGTATGAGA,1
TGAGACTGATTCAACG,1
TGAGACTTAAGAATGG,1
TGAGACTTGGCAGTTA,1
TGAGACTTTACGGTGA,1
TGAGAGAAAAAAATAT,1
TGAGAGACAAAAGTTG,1
TGAGAGACGTCATCAC,1
TGAGAGACGTCTCCCA,1
TGAGAGAGAGAAACTC,1
TGAGAGAGATAAACAA,1
TGAGAGAGGAATTTAG,1
TGAGAGAGTCCTCATG,1
TGAGAGAGTTCACTGT,1
TGAGAGATCCCGCATG,1
TGAGAGCAACATAATT,1
TGAGAGCAATTAAAAA,1
TGAGAGCAATTTGACG,1
TGAGAGCAGATATAAC,1
TGAGAGCTCTCAAGAA,1
TGAGAGCTTTTGTGGA,1
TGAGAGGATTATGCTG,1
TGAGAGGCATCCTTCG,1
TGAGAGGTAGGGAATA,1
TGAGAGGTATGAGACT,1
TGAGAGGTCAAAATTG,1
TGAGAGTAAACGATTC,1
TGAGAGTACATGCCTG,1
TGAGAGTCTACGCTTA,1
TGAGAGTTTTAGGTCG,1
TGAGATAAACCTATCA,1
TGAGATAAAGAACCAC,1
TGAGATAACAAAATGA,1
TGAGATAAGTGTCGAC,1
TGAGATAATCGTGTCA,1
TGAGATAGATTGTCGT,1
TGAGATAGGGACCATG,1
TGAGATATAATTAGGA,1
TGAGATATACACTTAA,1
TGAGATATCCACTTCA,1
TGAGATATTACGACAA,1
TGAGATATTCAACCAC,1
TGAGATCAAGAAAAAC,1
TGAGATCCATTGAATT,1
TGAGATCCGTGCAAAG,1
TGAGATCGAAAGCTTC,1
TGAGATCGACTTGATA,1
TGAGATCGTTGAATTA,1
TGAGATCTACTAGATA,1
TGAGATCTTCAGACAT,1
TGAGATGAATTAGAGT,1
TGAGATGACCTTAACG,1
TGAGATGCATAGCGCC,1
TGAGATGCGCCAAATA,1
TGAGATGTCACGCCTT,1
TGAGATTAACATATTG,1
TGAGATTAATACCAAC,1
TGAGATTACCATAATA,1
TGAGATTACGAATTTT,1
TGAGATTATAACAGAC,1
TGAGATTCACACACTG,1
TGAGATTCACCGAAAA,1
TGAGATTCACTTAAAA,1
TGAGATTCCAGGTACA,1
TGAGATTCGCTGAAAA,1
TGAGATTGAGTACTCA,1
TGAGATTGAGTTACGA,1
TGAGATTGCTAGCCAA,1
TGAGCAAAAAAAACAC,1
TGAGCAAAAAAGGATA,1
TGAGCAAAAAATATAT,1
TGAGCAAAAGAGAACA,1
TGAGCAAAAGAGGTAT,1
TGAGCAAATTTGTAAA,1
TGAGCAACATCGGCCC,1
TGAGCAACCAGAAAAT,1
TGAGCAAGTCCACGCA,1
TGAGCAAGTTTAAAGA,1
TGAGCAATAACAAATA,1
TGAGCAATATTCAGAC,1
TGAGCAATTAGTATAC,1
TGAGCAATTGAACCTT,1
TGAGCACAAAACATAC,1
TGAGCACAAACCCGCC,1
TGAGCACAACACCCAC,1
TGAGCACAACATACAC,1
TGAGCACAGCATCCAC,1
TGAGCACCAGATCAAT,1
TGAGCACCCTGTGCCC,1
TGAGCACCTACGTGCA,1
TGAGCACCTACGTGTA,1
TGAGCACGCATTGAAG,1
TGAGCACGTTTTTTTC,1
TGAGCACTGTAACCGT,1
TGAGCACTTAGTCAGA,1
TGAGCACTTCAGTAAG,1
TGAGCAGACATCCGTT,1
TGAGCAGACTAGAAGA,1
TGAGCAGACTATAAAA,1
TGAGCAGACTGGAAAA,1
TGAGCAGATCAACTGA,1
TGAGCAGCTCTTCAGT,1
TGAGCATAAAAAACCA,1
TGAGCATAAACCAATT,1
TGAGCATACTAGAAAA,1
TGAGCATATAAAAACA,1
TGAGCATATAAACAAA,1
TGAGCATATAAAGCCA,1
TGAGCATATGAAACCA,1
TGAGCATCGCCGCAAG,1
TGAGCATTAAACTGAA,1
TGAGCATTGCTCCACA,1
TGAGCCAAAATTTGTT,1
TGAGCCAACAACCTCA,1
TGAGCCAACACAGAAA,1
TGAGCCAACATATGTA,1
TGAGCCAACGCTAAAT,1
TGAGCCAATACACAAA,1
TGAGCCAATGAACCCT,1
TGAGCCACTTCAAATG,1
TGAGCCAGATAAACAA,1
TGAGCCATAAAAAATA,1
TGAGCCATAAATCGTA,1
TGAGCCATATGACCAT,1
TGAGCCATCAATACGG,1
TGAGCCCACCAATATG,1
TGAGCCCATACTGAGC,1
TGAGCCCATGAAAACG,1
TGAGCCCCAATATCCG,1
TGAGCCCGGATTCCCC,1
TGAGCCGATCAACTTA,1
TGAGCCGATGAAAATA,1
TGAGCCGATTTTACAT,1
TGAGCCTAACAGAAAA,1
TGAGCCTACTTTGGCT,1
TGAGCCTATGTACAAT,1
TGAGCCTCAAATAATA,1
TGAGCCTCCAATGAAG,1
TGAGCCTCCTAATGTC,1
TGAGCCTGTCACTCCT,1
TGAGCCTTCTAAACCA,1
TGAGCCTTGCTAAGAT,1
TGAGCCTTTTATACGC,1
TGAGCGAATACGACTC,1
TGAGCGACAGGATATT,1
TGAGCGAGATAAACGA,1
TGAGCGCACGCAAGAA,1
TGAGCGCGTGGCATGC,1
TGAGCGGACTATACAG,1
TGAGCGTATAAAACCA,1
TGAGCGTGCCCTAAGG,1
TGAGCTAGATAAACAA,1
TGAGCTATAGTTAGCA,1
TGAGCTATATCCACTG,1
TGAGCTCCTCAGATGG,1
TGAGCTCTCACGCCTT,1
TGAGCTGAGCAGACAT,1
TGAGCTGTAACGCCTT,1
TGAGCTGTACATGATG,1
TGAGCTTAAAACCATA,1
TGAGCTTACAATTGTA,1
TGAGCTTATATCAGAA,1
TGAGCTTCCATCAGAA,1
TGAGCTTCTATCACAA,1
TGAGCTTCTATCAGGA,1
TGAGCTTCTATCGGAA,1
TGAGCTTGAATTTGAT,1
TGAGCTTTAATACGCG,1
TGAGCTTTATGATAAT,1
TGAGCTTTCATAAGCG,1
TGAGCTTTCATACGAG,1
TGAGCTTTCATACTCG,1
TGAGCTTTCATAGGCG,1
TGAGGAAAAAAAACAG,1
TGAGGAAAACGAGAAA,1
TGAGGAAAAGCGTCCG,1
TGAGGAAAGGATATAA,1
TGAGGAAATGTATAAG,1
TGAGGAACAATACTAT,1
TGAGGAACAGATACAA,1
TGAGGAACCCAAGAGA,1
TGAGGAACCTATGAAA,1
TGAGGAACTTGCACAA,1
TGAGGAAGCTATTCCA,1
TGAGGAAGTACACGAT,1
TGAGGAATCAAAACGA,1
TGAGGAATGGCTAGAG,1
TGAGGACACAGCTTAA,1
TGAGGACATTAGCGAC,1
TGAGGACCACTTCCCA,1
TGAGGACCAGTTGACA,1
TGAGGACCCCTGCCTA,1
TGAGGACTCAAAAATG,1
TGAGGACTCATGCCTA,1
TGAGGACTCCTGCCCA,1
TGAGGACTCCTGTCTA,1
TGAGGAGAGGACATCT,1
TGAGGATACAAATGCG,1
TGAGGATGGATGCCGA,1
TGAGGATTCCCCTAGG,1
TGAGGATTGGGCTGAG,1
TGAGGATTTAAGCCGG,1
TGAGGATTTGACAATA,1
TGAGGCAAAGGATACA,1
TGAGGCAGAATCCATA,1
TGAGGCAGCTATTACA,1
TGAGGCAGCTATTCCC,1
TGAGGCATTATCTGTT,1
TGAGGCCAATGACATG,1
TGAGGCCCTTGAAGTA,1
TGAGGCCGACAAATCA,1
TGAGGCGATGACACTC,1
TGAGGCTTCAAGGGTT,1
TGAGGCTTGATTAAGA,1
TGAGGGACGTAAATTA,1
TGAGGGAGATAAACAA,1
TGAGGGAGTTTAATTT,1
TGAGGGATACATCCAG,1
TGAGGGATCAGGATAC,1
TGAGGGATGACACATA,1
TGAGGGATTAGATGCG,1
TGAGGGCAAAACCAGA,1
TGAGGGCAGTAAATTA,1
TGAGGGCCTTAGTACA,1
TGAGGGCTAGCGTCCA,1
TGAGGGCTTAGATGCT,1
TGAGGGCTTAGATTCG,1
TGAGGGGTCAATATAA,1
TGAGGGTCACTGCAAC,1
TGAGGGTGAATATTAC,1
TGAGGGTTAACGCTGA,1
TGAGGGTTAGGGAATA,1
TGAGGTACATAAAGAA,1
TGAGGTACCACACAAA,1
TGAGGTAGAGAATCAT,1
TGAGGTATTCACCTAA,1
TGAGGTCCAAATAAAT,1
TGAGGTCCAATTAAAT,1
TGAGGTCGCGGTGTTA,1
TGAGGTCGGTCGTGCC,1
TGAGGTGGATTGCTAG,1
TGAGGTGGCCATATCA,1
TGAGGTGGGTGAGACG,1
TGAGGTGTAGGGAATA,1
TGAGGTTAACTGCACA,1
TGAGGTTCTTCAAAAG,1
TGAGGTTGGGTAGACA,1
TGAGGTTTACATTAAT,1
TGAGTAAAAATGCTTT,1
TGAGTAAAATCAAAAT,1
TGAGTAAACTCAAGAA,1
TGAGTAAATATGCCTT,1
TGAGTAACACTCATTA,1
TGAGTAACACTGAAAA,1
TGAGTAACATCTTCGT,1
TGAGTAACCTTTCCGG,1
TGAGTAACTAGAAAAG,1
TGAGTAACTGGATCCA,1
TGAGTAAGATAGAAAA,1
TGAGTAAGGTTAGTTG,1
TGAGTACAAAAACGAT,1
TGAGTACAAACACGAC,1
TGAGTACAACATCCAC,1
TGAGTACAATACTGGT,1
TGAGTACACAATGAAT,1
TGAGTACCAACCAGCA,1
TGAGTACGTAATCTTC,1
TGAGTACGTACACGGA,1
TGAGTACTGTTCATAA,1
TGAGTAGCATGAACTT,1
TGAGTAGCGTACCCTC,1
TGAGTATAAGTCCTAG,1
TGAGTATACGTCCTAG,1
TGAGTATATAATTACA,1
TGAGTATATGTCCTAA,1
TGAGTATATGTCCTAT,1
TGAGTATATGTCGTAG,1
TGAGTATCCTTACTAG,1
TGAGTATGTTGTGATT,1
TGAGTCAAAATTTGTC,1
TGAGTCAAGATTTGTT,1
TGAGTCACATCGGGCC,1
TGAGTCCCCATAAAGG,1
TGAGTCCCTACCCGCC,1
TGAGTCCCTGCGAATG,1
TGAGTCCGGCATTCGA,1
TGAGTCGTCAAAACAA,1
TGAGTCTCTCAAGCCC,1
TGAGTCTTCTACACCA,1
TGAGTCTTCTTACTCC,1
TGAGTGAAAAACTAAA,1
TGAGTGAACAGAAACC,1
TGAGTGACGAGTGACT,1
TGAGTGATGGTGTGTT,1
TGAGTGCGCTATGTTA,1
TGAGTGGACTAGAGCT,1
TGAGTGGCCTAAAGAT,1
TGAGTGGCCTAGGGCT,1
TGAGTGTAACAAATTA,1
TGAGTGTAATTAGATA,1
TGAGTGTAGTTAGATA,1
TGAGTGTATCAGAAAC,1
TGAGTGTATTAACTCA,1
TGAGTGTTGACCCGAC,1
TGAGTTACAAGTTAAC,1
TGAGTTACACAAAATA,1
TGAGTTAGATAATATC,1
TGAGTTATACACCTGT,1
TGAGTTATTCAAGTTG,1
TGAGTTCAAGACCTCA,1
TGAGTTGAACAAGCTA,1
TGAGTTGACTTCAGTA,1
TGAGTTGATAAACCTG,1
TGAGTTGATTATGTGC,1
TGAGTTGCGATGGGCG,1
TGAGTTGTTCTTAACA,1
TGAGTTTAAACCAGTA,1
TGAGTTTATGTCCTAG,1
TGAGTTTCAAAAGATA,1
TGAGTTTCCTCCATAA,1
TGAGTTTGCGCTAATG,1
TGAGTTTGGACCTAAT,1
TGAGTTTTATTACTCC,1
TGAGTTTTCTTACCCC,1
TGAGTTTTCTTACTAC,1
TGAGTTTTTGGAAAAC,1
TGAGTTTTTTGGAACT,1
TGATAAAAAAAATCGA,1
TGATAAAAAACATCCA,1
TGATAAAAAACATCGG,1
TGATAAAAAACATCTA,1
TGATAAAAAACATGGA,1
TGATAAAAAACATTGA,1
TGATAAAAAACGATCC,1
TGATAAAAAACGTCGA,1
TGATAAAAAGTTTAAC,1
TGATAAAACCTAGTTG,1
TGATAAAAGAACGCTG,1
TGATAAAAGAATCTGT,1
TGATAAAAGACATCGA,1
TGATAAAAGCAAAAAA,1
TGATAAAAGCATATGT,1
TGATAAAAGCATCTCT,1
TGATAAAAGCATCTGA,1
TGATAAAAGCATGTGT,1
TGATAAAAGTAGAATT,1
TGATAAAATAGCCTAA,1
TGATAAAATTGGTAAG,1
TGATAAACACCGTTAG,1
TGATAAACATAAGAAC,1
TGATAAACATACTTTT,1
TGATAAACCGGAAGTA,1
TGATAAACGATTTGCA,1
TGATAAAGACCCAAAA,1
TGATAAAGACTGGCTA,1
TGATAAAGCCTAAACG,1
TGATAAAGCGTAGAGT,1
TGATAAAGTCTATTTA,1
TGATAAATAAACCCAC,1
TGATAAATAAACGACG,1
TGATAAATACCATCAT,1
TGATAAATATCTTGCA,1
TGATAAATATCTTGCT,1
TGATAAATGCGCCTAC,1
TGATAAATGTACACAG,1
TGATAACCAGCGCAAA,1
TGATAACCCGGGATAC,1
TGATAACCTTAAACTG,1
TGATAACGCGAATACC,1
TGATAACTAACATAGT,1
TGATAACTCCCTTCAT,1
TGATAACTCTATCGAC,1
TGATAACTGCAAATAA,1
TGATAACTTCAATGTT,1
TGATAAGAAAAATGAT,1
TGATAAGAACTTACAA,1
TGATAAGAGTGTAACG,1
TGATAAGGTGACAAGA,1
TGATAAGTACTGCAGC,1
TGATAATAAAGGTTCT,1
TGATAATAACGCGTCA,1
TGATAATAATCATACG,1
TGATAATACTTGAAAA,1
TGATAATAGATTTCTG,1
TGATAATCAGCACATA,1
TGATAATCAGCGTTTT,1
TGATAATCCAAAAGAA,1
TGATAATCGTGTACAA,1
TGATAATCTTTTATTC,1
TGATAATGAAACCAGT,1
TGATAATGTGGTATAA,1
TGATAATTCTAAAGGA,1
TGATAATTGGAGCAGC,1
TGATAATTGTAAAGGC,1
TGATAATTGTATTCAC,1
TGATACAACGTATTGG,1
TGATACAAGGCTCAAG,1
TGATACAATGTGTTAA,1
TGATACAATTAGGAAA,1
TGATACATACTTAATC,1
TGATACCAACTGACAG,1
TGATACCAAGGATATA,1
TGATACCAGTTACTAC,1
TGATACCATGAAACCC,1
TGATACCCAACTCTCC,1
TGATACCCGCAATACA,1
TGATACCCTAAATCAA,1
TGATACCGGTAGCCTA,1
TGATACCTGATATAGA,1
TGATACCTTATATACA,1
TGATACGCCACAATGA,1
TGATACGCTGATAAAG,1
TGATACGGAAGTGCTG,1
TGATACGTAGGTCCAA,1
TGATACGTTTAGCCAC,1
TGATACTAACATAAGA,1
TGATACTAGAGACAAA,1
TGATACTAGCGACCTG,1
TGATACTCATAAGTTA,1
TGATACTCGCTCTAGA,1
TGATACTCTAAAAACC,1
TGATACTCTGGAAAAT,1
TGATACTCTTACAACA,1
TGATACTGAATGAAGC,1
TGATAGAAAAGAAATG,1
TGATAGAAAGAAACGA,1
TGATAGAAAGGGACCA,1
TGATAGAAATACAGGA,1
TGATAGAAGCTTTACG,1
TGATAGACATAACACC,1
TGATAGACATACAATA,1
TGATAGAGATGTCAAT,1
TGATAGAGCGACGGAC,1
TGATAGAGGACATCGA,1
TGATAGAGGATAGGGT,1
TGATAGATACAATCCG,1
TGATAGATACCATAAT,1
TGATAGATAGCTGATA,1
TGATAGATCCAATCCT,1
TGATAGATCCAATCTG,1
TGATAGATCCAATGCG,1
TGATAGCACCTTCAAT,1
TGATAGCAGTAGTATA,1
TGATAGCCCGAAAAAA,1
TGATAGCGAATGTTGC,1
TGATAGCGACGAACGC,1
TGATAGCGTGTCATCT,1
TGATAGCTAGAACCAT,1
TGATAGGAACACGGCA,1
TGATAGGACGAAGCCC,1
TGATAGGACTAAACCC,1
TGATAGGATCACTAAA,1
TGATAGGCATGACGTA,1
TGATAGGCGTCTTTAG,1
TGATAGGGCTCATAGA,1
TGATAGGTTCCCTAAG,1
TGATAGTAAGAGCATG,1
TGATAGTACACGAGCA,1
TGATAGTCGCCCCCAT,1
TGATAGTGTACTCAAC,1
TGATAGTTGGGTAGGC,1
TGATATAAGAGGTATC,1
TGATATAAGCTATTAA,1
TGATATAAGGACAACA,1
TGATATAAGGTTAAAC,1
TGATATAAGTGTCGAG,1
TGATATAAGTTAAGCA,1
TGATATACAAACCGGT,1
TGATATACAGTGCCCA,1
TGATATACCATATTGT,1
TGATATACGTGGTAAA,1
TGATATACTAGTATGA,1
TGATATACTGCGAATT,1
TGATATACTGTGCATT,1
TGATATAGCCCCACGA,1
TGATATAGGATAGGGG,1
TGATATAGTAGGTACG,1
TGATATAGTTACCTCA,1
TGATATATAGCAGACT,1
TGATATATTCCAGCAC,1
TGATATCAGCTGTTAA,1
TGATATCCAGAATCGT,1
TGATATCCGCACCATC,1
TGATATCCTTAAAGGT,1
TGATATCGATAAGTTC,1
TGATATCGATAAGTTG,1
TGATATCGATATATTC,1
TGATATCTAACAGACT,1
TGATATCTAGCTGACT,1
TGATATCTGGCAGACT,1
TGATATCTTACAGCAC,1
TGATATGAAACTGAGG,1
TGATATGAACCGTATA,1
TGATATGAAGAATCTT,1
TGATATGCTATCCACC,1
TGATATGTACGCCACT,1
TGATATGTGATTCTTG,1
TGATATGTTAATGCTG,1
TGATATTAATTGCACA,1
TGATATTCCAGTAGCA,1
TGATATTCTCAATATA,1
TGATATTCTTGTAGAC,1
TGATATTGGAACCTGC,1
TGATATTTTAAAGGGA,1
TGATATTTTTACATAT,1
TGATCAAAACCCTGAT,1
TGATCAAAATGGTAAG,1
TGATCAAAGCCTTCTG,1
TGATCAAAGGACAGCA,1
TGATCAAATAGGTAAG,1
TGATCAAATTGGTAAA,1
TGATCAAATTTCTACT,1
TGATCAACAAATCAGT,1
TGATCAAGTAGAAAAC,1
TGATCAAGTATCACAG,1
TGATCAAGTATCATGA,1
TGATCAAGTCCCACAG,1
TGATCAAGTCTCAAAG,1
TGATCAATAAACTTAC,1
TGATCAATACCATATA,1
TGATCAATCTTGCGCC,1
TGATCAATGCTAGACC,1
TGATCAATTCTCACAG,1
TGATCACAAAAAAATT,1
TGATCACAAAAACCCC,1
TGATCACAAAAGTATA,1
TGATCACAACATCCAC,1
TGATCACAAGCGCAAA,1
TGATCACACAAACCGC,1
TGATCACACAGACCCC,1
TGATCACACTTGGATG,1
TGATCACATGACTAAA,1
TGATCACCAATGAACT,1
TGATCACCAGCACAAA,1
TGATCACGAGGGGTGA,1
TGATCAGAACCGACTG,1
TGATCAGACAAACCCC,1
TGATCAGAGTTCGAAA,1
TGATCAGCACGACCTT,1
TGATCAGGAACGCTTT,1
TGATCATAAAGGTTAT,1
TGATCATCCAGAAACC,1
TGATCATTATAACTCC,1
TGATCCAAAAACTCCA,1
TGATCCAAAGCAATGT,1
TGATCCAAATCACTTC,1
TGATCCAATAGCCACT,1
TGATCCAATCGCAACG,1
TGATCCACTAAGCAAA,1
TGATCCAGAATGTTAC,1
TGATCCAGCATGTCAC,1
TGATCCATAACAAATA,1
TGATCCATCTATTCGC,1
TGATCCATGCCCTTTC,1
TGATCCATGGCCCTGA,1
TGATCCCAATGTTTAA,1
TGATCCCAATTTTCTC,1
TGATCCCACTTGGATG,1
TGATCCCCTCGAGACG,1
TGATCCCCTTACCTGA,1
TGATCCCTAAAAACTT,1
TGATCCCTCCGAGACG,1
TGATCCCTTTGAGACG,1
TGATCCCTTTTAAATA,1
TGATCCGAATTAGTAG,1
TGATCCGACAACTGTA,1
TGATCCTACTATAATT,1
TGATCCTAGCGGAATG,1
TGATCCTCAAATAATC,1
TGATCCTCTGGAAAAC,1
TGATCCTTAACAATTG,1
TGATCCTTCTACACCA,1
TGATCGAAAAACTGCA,1
TGATCGAAACCAAACA,1
TGATCGAACTTGGATG,1
TGATCGACCATCTTAT,1
TGATCGAGCCAGGACT,1
TGATCGAGCGACGTAC,1
TGATCGAGTGACGGAC,1
TGATCGATTGAAACTC,1
TGATCGCACAAACCCC,1
TGATCGCACTTGTATG,1
TGATCGCACTTTGATG,1
TGATCGCAGGAACAGC,1
TGATCGCATGCAAGAA,1
TGATCGCGAAACACAC,1
TGATCGCTAACCACAC,1
TGATCGGGATGACCCA,1
TGATCGGGTCGAATTG,1
TGATCGTACCAGGACT,1
TGATCGTGAATTTAAT,1
TGATCGTGACCACGTA,1
TGATCGTGATAAAGGC,1
TGATCGTGCAAGGACT,1
TGATCGTGCCAGGACC,1
TGATCGTGCCATGACT,1
TGATCGTGCCGGGACT,1
TGATCGTGTCAGGACT,1
TGATCGTTCCAAGTCC,1
TGATCGTTCCAGGACT,1
TGATCTAAAAAGAAAA,1
TGATCTAAATATTGTT,1
TGATCTAAATCAGATG,1
TGATCTAACAATGTAG,1
TGATCTAAGAATCACT,1
TGATCTATGCTCAAGA,1
TGATCTCACAAACCCC,1
TGATCTCCGGCGTGAG,1
TGATCTCGAACCACAC,1
TGATCTCGGGTCTTAC,1
TGATCTCTTCGAGACG,1
TGATCTCTTTTTACAC,1
TGATCTGAATTAACTA,1
TGATCTGCGCTACATA,1
TGATCTGGAAGAGAAC,1
TGATCTGGACAAGGAC,1
TGATCTGTCTTACAAC,1
TGATCTTATCCAAAAA,1
TGATCTTCTATTTCTT,1
TGATCTTCTTTAGAGG,1
TGATCTTCTTTAGATA,1
TGATCTTCTTTAGTGA,1
TGATCTTGGAAACTGC,1
TGATCTTGGAACCTTC,1
TGATCTTGTAAACTTA,1
TGATCTTTATACTACT,1
TGATCTTTATAGGACC,1
TGATCTTTTCCATTCC,1
TGATGAAAATAGATGC,1
TGATGAAAGTACATGC,1
TGATGAAATTAACATT,1
TGATGAACATGATAAA,1
TGATGAAGATCAAAAC,1
TGATGAAGCTCAAAAT,1
TGATGAAGGCATGGGA,1
TGATGAATCCTACCAC,1
TGATGAATGTAAATCG,1
TGATGACATACTATCT,1
TGATGACCCAGTAGTC,1
TGATGACTCCTACAAC,1
TGATGACTCCTACCCC,1
TGATGACTCCTGCCTA,1
TGATGAGAACTTTAGA,1
TGATGAGATTATACGT,1
TGATGATAAACAAAAT,1
TGATGATAACATAAGA,1
TGATGATACTAACAAA,1
TGATGATACTAGGATA,1
TGATGATAGCAAACAA,1
TGATGATGAAAGTTTA,1
TGATGATGAAGAGGCT,1
TGATGATGACTCAGCC,1
TGATGATGCTTAGGAT,1
TGATGATGGTAACGAA,1
TGATGATGTAAGCGAT,1
TGATGATTATCGTTGC,1
TGATGATTCTAAACAG,1
TGATGATTTTTAAACG,1
TGATGCAACAATACAT,1
TGATGCAAGCGAAAAG,1
TGATGCACGTGAAAAG,1
TGATGCACTTGTCTCG,1
TGATGCAGATAGCCGC,1
TGATGCAGCGTATAAA,1
TGATGCAGGCATGGCA,1
TGATGCATATAAATTA,1
TGATGCATGCATGGGA,1
TGATGCCCTTGCAAAA,1
TGATGCCGAAGCACAA,1
TGATGCGCTGGTCTCG,1
TGATGCGTATGACTGC,1
TGATGCGTCTTAAATA,1
TGATGCGTTCGGTATG,1
TGATGCTAAGATAAGA,1
TGATGCTATAACAGAA,1
TGATGCTATAATATTT,1
TGATGCTCATCTCTGA,1
TGATGCTTTGACAATA,1
TGATGCTTTGGGCAAT,1
TGATGCTTTGGGTAAC,1
TGATGGACATGAGTCA,1
TGATGGACGCGAAAAG,1
TGATGGACGCGAAAAT,1
TGATGGCATGGTACAA,1
TGATGGCCAACAACTA,1
TGATGGCGAAAAGTAC,1
TGATGGCTAACAGTAC,1
TGATGGCTTAGAAATT,1
TGATGGGCTATATACA,1
TGATGGGTAAACCTGG,1
TGATGGTCACTGCAAC,1
TGATGGTCGAATCTAG,1
TGATGGTCGCCGGCAA,1
TGATGTAAATATCAGG,1
TGATGTAACATCAATA,1
TGATGTAAGAACATAT,1
TGATGTACCCCCTATA,1
TGATGTACTGGTCTCG,1
TGATGTCAAAACATAT,1
TGATGTCAAATTACCC,1
TGATGTCAGAACACAT,1
TGATGTCAGAACATCT,1
TGATGTCAGATCATAT,1
TGATGTCATAACATAT,1
TGATGTCATTTTCGTA,1
TGATGTCCAACTAAAT,1
TGATGTCTTCAAAATT,1
TGATGTGATAACGAGT,1
TGATGTGCCAAAAAAA,1
TGATGTGTAATAATAA,1
TGATGTGTCATAATAT,1
TGATGTTAGAACATAT,1
TGATGTTAGTAGCAAA,1
TGATGTTCTGCAAAAG,1
TGATGTTGTGCGGTGA,1
TGATGTTTATATTAAA,1
TGATGTTTCATAATAA,1
TGATTAAAAAATGAAT,1
TGATTAAAAATTACAA,1
TGATTAAAATGAAAAT,1
TGATTAAACCTTTAGA,1
TGATTAAATTTTGGCA,1
TGATTAACAGTGCATA,1
TGATTAACATACAGAA,1
TGATTAACCCGAGAAC,1
TGATTAACTAAACCAT,1
TGATTAAGCTCAAAAC,1
TGATTAATACCAACTA,1
TGATTAATCTACTTCG,1
TGATTAATCTTAAATA,1
TGATTAATGGACACAC,1
TGATTAATGGATGAGC,1
TGATTACAATGTAGTG,1
TGATTACACCGCGATC,1
TGATTACAGACCAGAC,1
TGATTACATCCCACCT,1
TGATTACCCGCCAAGC,1
TGATTACGAATCGGGT,1
TGATTACGATTACGAT,1
TGATTACGGCGAATCA,1
TGATTACTCCTACCAC,1
TGATTAGAACGCTTAG,1
TGATTAGAACGTTTAG,1
TGATTAGAACTGTTAG,1
TGATTAGATAGGCCCA,1
TGATTAGATTGACCCA,1
TGATTATAAACAAGAT,1
TGATTATAAACGCTGA,1
TGATTATACGCCTAGA,1
TGATTATAGTAAAGGT,1
TGATTATATGTCCTAG,1
TGATTATCATGTAAAT,1
TGATTATCCTTGTTAA,1
TGATTATGCCAATGAT,1
TGATTATTATAATTAG,1
TGATTATTTAAAATTC,1
TGATTATTTCACCATA,1
TGATTCAATGAAGGTT,1
TGATTCACAAAACCTA,1
TGATTCACAAGCCTAC,1
TGATTCACAATCCGAC,1
TGATTCACATAATGAA,1
TGATTCACCAATGCCT,1
TGATTCACCATTACAA,1
TGATTCACCGACGCCT,1
TGATTCACCGATGCCC,1
TGATTCACGCGAAAAG,1
TGATTCACGGATGCCT,1
TGATTCACTGGGGCAA,1
TGATTCAGACCTCAAA,1
TGATTCAGCTAGAGCA,1
TGATTCAGGCATGGGA,1
TGATTCATAAACATAA,1
TGATTCATAGGTAATT,1
TGATTCATATTCTTCT,1
TGATTCCCAGGAGGTC,1
TGATTCCGTACGGAGT,1
TGATTCCTGTTAAATA,1
TGATTCGAACCGCAGC,1
TGATTCGAACGGTCGA,1
TGATTCGCAAGCCGAC,1
TGATTCTAACACTGAT,1
TGATTCTAATAGACAA,1
TGATTCTACGAATCTG,1
TGATTCTAGCCGCACA,1
TGATTCTATGAATCCG,1
TGATTCTCAAAATAAA,1
TGATTCTCCACAAGGG,1
TGATTCTGAAAAAACG,1
TGATTCTGGACAGATA,1
TGATTCTGGCACAGTA,1
TGATTCTTGGATATGG,1
TGATTCTTTGGGTAAT,1
TGATTGAAACTACAAC,1
TGATTGAAAGGTTGTC,1
TGATTGAAATTTGCCA,1
TGATTGAAATTTTCCA,1
TGATTGAAGGGTCCAA,1
TGATTGACGTTAGCCA,1
TGATTGAGACCTAACT,1
TGATTGAGACTGAACT,1
TGATTGATACTTATTG,1
TGATTGATGATAGAAC,1
TGATTGCAGTTAGCCA,1
TGATTGCCACAGGAGG,1
TGATTGCCGAACCATT,1
TGATTGCCGCTAGCCA,1
TGATTGCCGTTAGCAA,1
TGATTGCCGTTAGCCG,1
TGATTGCCGTTATCCA,1
TGATTGCGCTGGATTT,1
TGATTGCTGCGAAAAG,1
TGATTGCTTCAAATAC,1
TGATTGGAAAAGCTAA,1
TGATTGGAAATACAAC,1
TGATTGGAACAACAAC,1
TGATTGGAACTAAAAC,1
TGATTGGAACTACAAT,1
TGATTGGACAAGGTAA,1
TGATTGGGCATCTGCT,1
TGATTGGGCGATACTG,1
TGATTGGTGTGCTACC,1
TGATTGTAACTACAAC,1
TGATTGTACTTAGATA,1
TGATTGTAGAGGATAG,1
TGATTGTTGACCCGAG,1
TGATTTAAAATGTATA,1
TGATTTAAGCATACCT,1
TGATTTACAAGCCGAC,1
TGATTTACGTTTTTTA,1
TGATTTAGAACTTGGA,1
TGATTTAGAATCAAAC,1
TGATTTAGAGTCAAAG,1
TGATTTAGATTCCCTC,1
TGATTTATTATGCAAA,1
TGATTTATTCTGAACG,1
TGATTTCAGAATGCTG,1
TGATTTCGACAGGTCC,1
TGATTTCGAGATGTCT,1
TGATTTCGGGATGTTT,1
TGATTTCGGGATTTCT,1
TGATTTCTATTGAAGG,1
TGATTTCTGGATGTCT,1
TGATTTGAGAAACCAT,1
TGATTTGATCAAAAAT,1
TGATTTGCGAAACGGT,1
TGATTTGCTGTAAACT,1
TGATTTGGCCCAATAA,1
TGATTTGGGATGGTGT,1
TGATTTTCTGGACTTT,1
TGATTTTGCATAGTAA,1
TGATTTTTCTTACTCC,1
TGATTTTTGGTACTGT,1
TGCAAAAAAACAGAAT,1
TGCAAAAAAACTTTAC,1
TGCAAAAAAATACTAC,1
TGCAAAAAATGCTAAA,1
TGCAAAAACAGTATGC,1
TGCAAAAACGGGATAT,1
TGCAAAAAGGATTGCT,1
TGCAAAAAGTCCACCA,1
TGCAAAAATAATTGCT,1
TGCAAAAATGACTGCT,1
TGCAAAAATGATTCCT,1
TGCAAAAATGATTGTT,1
TGCAAAAATGTTTGCT,1
TGCAAAACACAAGGAA,1
TGCAAAACATGAGCGT,1
TGCAAAACCCCATCAC,1
TGCAAAACGACGAAGA,1
TGCAAAACTCATTCGA,1
TGCAAAAGAACAGGGT,1
TGCAAAAGATTAAATT,1
TGCAAAAGATTGACTT,1
TGCAAAAGCCTTAGGC,1
TGCAAAAGGCTGACGT,1
TGCAAAAGGCTTAGTC,1
TGCAAAAGGTTAACTT,1
TGCAAAAGTGATTGCT,1
TGCAAAATAGGGGGTG,1
TGCAAAATCAGATATA,1
TGCAAAATCCGGCCCT,1
TGCAAAATCGGGGGTG,1
TGCAAAATGATCTAGG,1
TGCAAAATGTACTGTT,1
TGCAAAATGTATTAAC,1
TGCAAAATTCTCGGTC,1
TGCAAAATTCTCGTGC,1
TGCAAAATTGGGTGTG,1
TGCAAACCCATGCTGC,1
TGCAAACCGACACACA,1
TGCAAACCGTAAAAGA,1
TGCAAACCGTAACGGA,1
TGCAAACGACATCTAT,1
TGCAAACGAGGGCCTC,1
TGCAAACGATTAACGA,1
TGCAAACGATTAGTGT,1
TGCAAACTCAACCAAC,1
TGCAAACTGGTGCACC,1
TGCAAAGAAATAACAA,1
TGCAAAGAAATCATCA,1
TGCAAAGAAGGACGTA,1
TGCAAAGAATCGAAGA,1
TGCAAAGTCAGCAAAC,1
TGCAAAGTTAGAAAAC,1
TGCAAATAATCGCGAA,1
TGCAAATAATGGTCCG,1
TGCAAATACCGGAGTG,1
TGCAAATCAATCAACA,1
TGCAAATGATCTGGAG,1
TGCAAATGATGATCCA,1
TGCAAATGTGAGTACA,1
TGCAAATTGATGTCCC,1
TGCAACAACGACCATG,1
TGCAACAATTTATAAC,1
TGCAACATGCCTAGCC,1
TGCAACATGTGACAAT,1
TGCAACATTGTAGGTC,1
TGCAACCATGGCAAAA,1
TGCAACCCTGGAAAAA,1
TGCAACCCTGTCAAAA,1
TGCAACCGTCTGCAAA,1
TGCAACCTTAAGGCGC,1
TGCAACCTTATTTTCC,1
TGCAACCTTCAGCAAC,1
TGCAACGCAGAAAACA,1
TGCAACGCAGACCCAA,1
TGCAACGGATGGCTGA,1
TGCAACGTACTAGCAA,1
TGCAACGTACTATCAC,1
TGCAACTACAGCATCA,1
TGCAACTCAAATCGAA,1
TGCAACTCATACCCTA,1
TGCAACTCATACCTGA,1
TGCAACTCGTACCGGA,1
TGCAACTGCAAAATTT,1
TGCAACTGCATCAAAA,1
TGCAACTTGAAGCATA,1
TGCAACTTGGTTGACA,1
TGCAACTTGGTTGGAA,1
TGCAACTTTAACCAAG,1
TGCAACTTTGTTGGCA,1
TGCAAGAAAAACGAAA,1
TGCAAGAAAACCAATT,1
TGCAAGAACTAAGGTC,1
TGCAAGAACTGAATCG,1
TGCAAGAAGTATATTC,1
TGCAAGAATGATTGCT,1
TGCAAGACCAAATTCT,1
TGCAAGACGCCTCTTA,1
TGCAAGACTTCTACAT,1
TGCAAGAGCAAATTGT,1
TGCAAGCAAACCAATA,1
TGCAAGCACTAAACGC,1
TGCAAGCACTAACCCC,1
TGCAAGCACTAACCGA,1
TGCAAGCGACAACCTC,1
TGCAAGCTACCGGCAT,1
TGCAAGCTCTAACCGC,1
TGCAAGGAACCCATAT,1
TGCAAGGAATCCATAG,1
TGCAAGGAGTAGGCTA,1
TGCAAGGAGTCCATAT,1
TGCAAGGTAACCTTGA,1
TGCAAGGTATGAGACT,1
TGCAAGGTCAATGTAA,1
TGCAAGGTCAATTCAA,1
TGCAAGTCAATGTCTC,1
TGCAAGTCCCACTCTT,1
TGCAAGTGGCAACGAA,1
TGCAAGTTCACAAATC,1
TGCAATAAACTGTTTA,1
TGCAATAAACTTATTA,1
TGCAATAAAGTGATTA,1
TGCAATAAATTGATTA,1
TGCAATAACAAGGACA,1
TGCAATAACCTGGCCA,1
TGCAATAAGTTTATGA,1
TGCAATACAAAAAACA,1
TGCAATACTACAACGT,1
TGCAATACTGTAAGTG,1
TGCAATAGCTCATCGA,1
TGCAATATACATGACA,1
TGCAATATCGTGGCAT,1
TGCAATATTTGGATCT,1
TGCAATCCAAATCCTC,1
TGCAATCCCCTATCTA,1
TGCAATCGCTGAGCAC,1
TGCAATCTAAACCATA,1
TGCAATCTAAATCATC,1
TGCAATCTAAATCCTA,1
TGCAATCTACCTATCA,1
TGCAATCTAGAGGCGA,1
TGCAATGATTACTTTG,1
TGCAATGCGCTAAATA,1
TGCAATGGTATTCTAC,1
TGCAATGTAAATCCTC,1
TGCAATGTATCATAGA,1
TGCAATTATTCACCCA,1
TGCAATTCAATAATTA,1
TGCAATTCCAGGCATG,1
TGCAATTCTTGATTTT,1
TGCAATTTCACGAGGT,1
TGCAATTTTAAAAAAT,1
TGCACAAAAACCATTA,1
TGCACAAAATCAATTG,1
TGCACAAAATTCAGAA,1
TGCACAAACTATAGTC,1
TGCACAAATTCCTTCC,1
TGCACAACAAATTACT,1
TGCACAACAACAAATA,1
TGCACAACATTTCCCT,1
TGCACAACCTAATGAC,1
TGCACAACTGTGCAAT,1
TGCACAAGCTCTGGGT,1
TGCACAAGGTAGTTGA,1
TGCACAATATTGAACG,1
TGCACAATCAAACTCG,1
TGCACAATGCTAACCT,1
TGCACACAAAACATTA,1
TGCACACCACCAACCG,1
TGCACACCCATGATAT,1
TGCACACGTTGCCACA,1
TGCACACTAATGCTCA,1
TGCACACTAATGGTCC,1
TGCACACTAATGGTCG,1
TGCACACTAATGGTCT,1
TGCACACTAGCACCAT,1
TGCACACTGATGGTCA,1
TGCACAGAGCAATAAG,1
TGCACAGAGTAGGCTA,1
TGCACAGGTCTTAGGC,1
TGCACATAATGTTCCG,1
TGCACATAATTATTCC,1
TGCACATCCGCATTAA,1
TGCACATGACAACCTA,1
TGCACATGCACAAATT,1
TGCACATGTAATACGT,1
TGCACATGTTGACACA,1
TGCACATGTTGCAACA,1
TGCACATTAATGGTCA,1
TGCACATTAGATGCTT,1
TGCACATTTTGCCACA,1
TGCACCAAACACAGAT,1
TGCACCAAAGTTAAAT,1
TGCACCAACAAAGAAA,1
TGCACCAACAACCTCA,1
TGCACCAACTCATTGC,1
TGCACCAAGGAAGACG,1
TGCACCAATGTTAAAA,1
TGCACCACACAAAAGA,1
TGCACCACATGTTTGC,1
TGCACCAGCCGATATG,1
TGCACCAGTAAAAGGC,1
TGCACCCAAGGAGCCT,1
TGCACCCATCATGAGG,1
TGCACCCGAAAACCCA,1
TGCACCGAAATTGAAT,1
TGCACCGCACAGCCGC,1
TGCACCGGTCTTACCC,1
TGCACCGGTCTTATGC,1
TGCACCGGTTTTAGGC,1
TGCACCGTTAAACAAC,1
TGCACCTAAACCGTAG,1
TGCACCTAGGTTAAAA,1
TGCACCTCGCAGTGGA,1
TGCACCTCGGTAGATA,1
TGCACGAACACCATAG,1
TGCACGAACTAAGGTA,1
TGCACGAACTAAGTTC,1
TGCACGAGCGGATGCC,1
TGCACGCAAACCAATA,1
TGCACGCAGCAACTTA,1
TGCACGCAGTTAAGTT,1
TGCACGCCTCGTTCAC,1
TGCACGCGGTTAAATT,1
TGCACGCTCTGCGCTA,1
TGCACGCTGTACAATT,1
TGCACGGAATAGTTCC,1
TGCACGGAATCGTCCC,1
TGCACGGAGAAAGGTA,1
TGCACGGAGTATGCTA,1
TGCACGGGTCTTAGGC,1
TGCACGTAACTGGCTT,1
TGCACGTAATTAACTG,1
TGCACGTACTAAGTAC,1
TGCACGTATAAAGGGA,1
TGCACGTATAATGGAA,1
TGCACGTGAACACGTT,1
TGCACGTGTTGCCACA,1
TGCACGTTTAAGTTCT,1
TGCACTAAAACATATC,1
TGCACTAAAACGCATT,1
TGCACTAAAGCACATC,1
TGCACTAAATACAACA,1
TGCACTAAGAGTGTAG,1
TGCACTAAGATTGTCA,1
TGCACTACAATGAAAG,1
TGCACTACCAGGAGAT,1
TGCACTACTGTGCTAT,1
TGCACTAGGAGTAAGC,1
TGCACTAGTTGATCCC,1
TGCACTATAAGCACGA,1
TGCACTCCACACTGTG,1
TGCACTCCTTATCCAA,1
TGCACTCTAAATCATA,1
TGCACTCTGGTACAAG,1
TGCACTCTGGTCCAAC,1
TGCACTGAGTAGGCTA,1
TGCACTGCACCCTCAA,1
TGCACTGCATCTACTT,1
TGCACTGGACTGGCCC,1
TGCACTGTACGCAAGA,1
TGCACTGTCATTACGT,1
TGCACTTAAATCATCA,1
TGCACTTATAAAGGAA,1
TGCACTTCGCTAGATA,1
TGCACTTCTGTAGATA,1
TGCACTTGACTACCAC,1
TGCACTTTCATTGATA,1
TGCAGAAAAAAGGTAA,1
TGCAGAAAGTTCTAAA,1
TGCAGAACAAAACAAG,1
TGCAGAACAACTATAT,1
TGCAGAACCAATACCA,1
TGCAGAACGACGATAT,1
TGCAGAACGATACCCA,1
TGCAGAAGGCACGTTT,1
TGCAGAATACAGAAAC,1
TGCAGAATTCTCGGGC,1
TGCAGAATTGGGGGTG,1
TGCAGACAAATCAATA,1
TGCAGACAAGTAAAAA,1
TGCAGACAATCAGAAA,1
TGCAGACCACACCATA,1
TGCAGACCCCGCATTG,1
TGCAGACCGACTTAAA,1
TGCAGACGAATACTCC,1
TGCAGACGGATTACGA,1
TGCAGAGAGTGGAGTC,1
TGCAGAGATACCTACT,1
TGCAGAGATGAAAACG,1
TGCAGAGCATAGCTAC,1
TGCAGAGTACAGCTAC,1
TGCAGAGTATAGATAC,1
TGCAGAGTATAGCCAC,1
TGCAGAGTATAGCTAA,1
TGCAGAGTATAGTTAC,1
TGCAGAGTGTAGCTAC,1
TGCAGAGTTATTTATA,1
TGCAGATAAGGCGCAA,1
TGCAGATACTCTGAAT,1
TGCAGATCAGCGGACA,1
TGCAGATGTTGCCCTT,1
TGCAGATTATAGCTAC,1
TGCAGATTATGGATTG,1
TGCAGATTCCTGACGG,1
TGCAGATTCTTAAAAA,1
TGCAGATTGCCAGTAC,1
TGCAGCAACCCGAAAG,1
TGCAGCAACTTAAGGG,1
TGCAGCAATGAAAACG,1
TGCAGCACGCAGTGGA,1
TGCAGCAGAGCGAAGA,1
TGCAGCATAGCGCAGA,1
TGCAGCCAAGCGACAA,1
TGCAGCCAGTCGATGA,1
TGCAGCCATGAAAACG,1
TGCAGCCCGCCCAATT,1
TGCAGCCTAATGAGTC,1
TGCAGCCTCACATAAA,1
TGCAGCCTCTTAGCTC,1
TGCAGCCTGACTATAT,1
TGCAGCGAGTGGATTC,1
TGCAGCTAAAAACGGA,1
TGCAGCTAAGAAACTA,1
TGCAGCTATTTCTCTC,1
TGCAGCTATTTCTTAC,1
TGCAGCTCGCACTGGA,1
TGCAGCTCGCAGCGGA,1
TGCAGCTCGCAGTGGG,1
TGCAGCTCGCAGTTGA,1
TGCAGCTCGCATTGGA,1
TGCAGCTCGCGGTGGA,1
TGCAGCTCTCAGTGGA,1
TGCAGGAACCATTATT,1
TGCAGGAAGCACTATT,1
TGCAGGAATCACTATT,1
TGCAGGAATCGAAGAA,1
TGCAGGACGGTCGAAA,1
TGCAGGATATTTGGGA,1
TGCAGGCAGAAGTGAG,1
TGCAGGCTAAAACATC,1
TGCAGGGATTATCAAA,1
TGCAGGGCTCATCAAA,1
TGCAGGGTTATGAAGA,1
TGCAGGTAAGGAGCAA,1
TGCAGGTAAGGCCCAA,1
TGCAGGTAAGGCGTAA,1
TGCAGGTAATGCGCAA,1
TGCAGGTACTTATGTC,1
TGCAGGTATAACCCAA,1
TGCAGGTCCTGAAAAC,1
TGCAGGTCTTATCAAA,1
TGCAGGTGCACTAGAA,1
TGCAGTAATTATACAT,1
TGCAGTACCGTGCTAT,1
TGCAGTACTATGCTAT,1
TGCAGTACTGTGCTTT,1
TGCAGTAGAGTAAACG,1
TGCAGTAGAGTAACCG,1
TGCAGTAGAGTAAGCT,1
TGCAGTAGAGTAAGGG,1
TGCAGTAGATACGACT,1
TGCAGTATCACAAACA,1
TGCAGTATGTATCTAT,1
TGCAGTATTGTGCTAT,1
TGCAGTCAATCTTAAC,1
TGCAGTCAGACGTGAG,1
TGCAGTCAGTACCAGG,1
TGCAGTCCGATACCTA,1
TGCAGTCCTAATGACG,1
TGCAGTCCTGTCCATA,1
TGCAGTCGAACTGCTT,1
TGCAGTCGCTCCCTAG,1
TGCAGTCGGAATGCTT,1
TGCAGTCTGACTGCTT,1
TGCAGTCTGTGCCCAA,1
TGCAGTGAAGATGTGA,1
TGCAGTGACCAAACTT,1
TGCAGTGGGACACAAT,1
TGCAGTGTCCACCACA,1
TGCAGTTAAAGTGATA,1
TGCAGTTAAGGCGCAA,1
TGCAGTTAATCACTTG,1
TGCAGTTCGGTAGATA,1
TGCAGTTGACATTAAA,1
TGCAGTTTACCAGTTC,1
TGCATAAAACGGAGAG,1
TGCATAAATTTAAGAG,1
TGCATAACCCTTCCAA,1
TGCATAACCGAAGCAT,1
TGCATAATAACTCACT,1
TGCATAATAGGCTAAA,1
TGCATAATCAGTATTC,1
TGCATAATCTATTGTC,1
TGCATAATGAAACACG,1
TGCATAATGAATCTCA,1
TGCATAATGCTCCAAT,1
TGCATAATTAATGCCA,1
TGCATAATTCCTCGTA,1
TGCATACACCCATCTC,1
TGCATACCACCTAATA,1
TGCATACCCCGATCAT,1
TGCATACCCCTATTGG,1
TGCATACTCCGATTGT,1
TGCATACTCGAAACGA,1
TGCATACTTACGAGGA,1
TGCATACTTTCGGTCA,1
TGCATACTTTCTGTCC,1
TGCATAGCGGCACTAA,1
TGCATATAACTAAACG,1
TGCATATAGACCTCAG,1
TGCATATCATAAGGCA,1
TGCATATCCTTTGAGG,1
TGCATATCGAAAATGA,1
TGCATATGACTTCCCC,1
TGCATATGCCATAAAC,1
TGCATATTCACGCAAT,1
TGCATATTGACTATTA,1
TGCATATTTACTATTA,1
TGCATCAAAGGATAAA,1
TGCATCAAATCTTAGA,1
TGCATCAAGAAGAAAT,1
TGCATCAATAACGGTC,1
TGCATCAATCCGGACA,1
TGCATCACCGCCCAAG,1
TGCATCAGAAATCAAA,1
TGCATCAGATATTTGC,1
TGCATCAGCCGTCTTG,1
TGCATCATAGGCTAAG,1
TGCATCATAGGCTATA,1
TGCATCATAGTCTAAA,1
TGCATCATCACCTGCG,1
TGCATCATGGGCTAAA,1
TGCATCATTACGAGGA,1
TGCATCATTCCTCGCA,1
TGCATCATTGCGAGGA,1
TGCATCCACCAAAACG,1
TGCATCCACTTAAGGG,1
TGCATCCAGAAGCTAG,1
TGCATCCAGAGATTGC,1
TGCATCCAGTCGATGC,1
TGCATCCCCCGTCGAC,1
TGCATCCTAAGCCATA,1
TGCATCCTATTCACTA,1
TGCATCCTTACCAGGA,1
TGCATCCTTTGATAAT,1
TGCATCGAATAAATTG,1
TGCATCGATCAGGACA,1
TGCATCGATGAAAACG,1
TGCATCGGTCCGGACA,1
TGCATCGTACTCACTA,1
TGCATCTCATTACATT,1
TGCATCTCGCAGTGGA,1
TGCATCTGCATGTATA,1
TGCATCTTCTTGAAGA,1
TGCATCTTGCCAGTAC,1
TGCATGACACAGATCT,1
TGCATGACACTCCGTA,1
TGCATGACGTCCCGCG,1
TGCATGACTGTGAAGA,1
TGCATGAGACAGAACG,1
TGCATGAGATTTTTAC,1
TGCATGAGCTGTCTCT,1
TGCATGAGGTACTCTA,1
TGCATGCAAACCAATT,1
TGCATGCCTACCTCAT,1
TGCATGCGAAGGGGGT,1
TGCATGCTCTATGTTT,1
TGCATGGAATCTAGTT,1
TGCATGGACTGAATCG,1
TGCATGGTAAAAATCA,1
TGCATGGTATTCGGAA,1
TGCATGTAGGTTGACT,1
TGCATGTGTCTTTAAT,1
TGCATTAACAGACTGC,1
TGCATTAAGAGATTGC,1
TGCATTACGGGCGCGA,1
TGCATTACTGTGCTAT,1
TGCATTAGAGTAAGCG,1
TGCATTAGTAGGACTC,1
TGCATTCAAGGAATCA,1
TGCATTCAGAATAGAT,1
TGCATTCCGAACTAAT,1
TGCATTCCTTGGGTGC,1
TGCATTCGTTATCTGC,1
TGCATTCTGCCCTTGC,1
TGCATTGAATACTCAA,1
TGCATTGAATCACTGA,1
TGCATTGATTTACCAT,1
TGCATTGGTATCGTGT,1
TGCATTGTCACTGTAT,1
TGCATTTAACAATAAC,1
TGCATTTAGAAAATGA,1
TGCATTTAGTGATAAT,1
TGCATTTATGGATAGA,1
TGCATTTGACTTTATG,1
TGCATTTTTACTACAA,1
TGCCAAAAATGCCACG,1
TGCCAAAAATTCAGAA,1
TGCCAAAACAACCACG,1
TGCCAAAGATACCCTT,1
TGCCAAATCACTACGA,1
TGCCAAATGAAGGACA,1
TGCCAAATGACGTAAA,1
TGCCAACAAAGGATAT,1
TGCCAACACGGAGACC,1
TGCCAACACTTCTTAC,1
TGCCAACAGTGTCGCA,1
TGCCAACATGGAGTTA,1
TGCCAACCTGTAGGTT,1
TGCCAACCTGTCAGTT,1
TGCCAACCTTTCGGTT,1
TGCCAACGGACCGCCT,1
TGCCAACTGAAACTGA,1
TGCCAAGAATCGAATA,1
TGCCAAGACCACAGGA,1
TGCCAAGATACCCTAA,1
TGCCAAGATGCAATCT,1
TGCCAAGCGACCAAGG,1
TGCCAAGTATGTAAAC,1
TGCCAATGTGCATCAC,1
TGCCAATTCGCATCAC,1
TGCCAATTGGACTCCA,1
TGCCAATTTGCATAAC,1
TGCCAATTTGCATCAT,1
TGCCAATTTGTATCAC,1
TGCCACAAAAAAAACG,1
TGCCACACTGAAAACA,1
TGCCACAGAGGTCAGT,1
TGCCACAGCAGCTCAA,1
TGCCACCACTTCTTAA,1
TGCCACCAGTTACCAC,1
TGCCACCAGTTCTTAC,1
TGCCACCCCTCACAAC,1
TGCCACCTACTTTGCG,1
TGCCACCTAGGTAACA,1
TGCCACCTTCATTCAA,1
TGCCACGACTATTGAG,1
TGCCACGCTCGAAGCG,1
TGCCACGGCCTCCCCA,1
TGCCACGGTCGCCTTA,1
TGCCACGGTCTCCTGA,1
TGCCAGAAAAAAGAAA,1
TGCCAGAAAAGGATTT,1
TGCCAGACATATCATT,1
TGCCAGACATTAACGA,1
TGCCAGAGGCGCACTT,1
TGCCAGATGCAAATCT,1
TGCCAGCGTATTGAAG,1
TGCCAGGAAGCGGCTA,1
TGCCAGGACAAATAAA,1
TGCCAGGATCACAATG,1
TGCCAGGTACAATACC,1
TGCCAGGTCTTACAAA,1
TGCCAGTGACGCACTT,1
TGCCAGTGGACAATAC,1
TGCCAGTGGCTTGCCA,1
TGCCAGTTAATCCTTG,1
TGCCATAAACTTGTGA,1
TGCCATAAATTTATGG,1
TGCCATAACCTAGTGA,1
TGCCATACACAGCCAA,1
TGCCATACCCCATGCT,1
TGCCATACGATTACCC,1
TGCCATAGACGCACTT,1
TGCCATAGTGGCAGAA,1
TGCCATATACTATGCC,1
TGCCATATTCCAAGAA,1
TGCCATCAAACCCAAG,1
TGCCATCAAGTAAAGT,1
TGCCATCAATCTCAAA,1
TGCCATCACTTGCAAA,1
TGCCATCCACCTAATT,1
TGCCATGCACACCCAT,1
TGCCATTCAATTAACT,1
TGCCATTCAGATTAAA,1
TGCCATTGACTACCAC,1
TGCCATTGTTAATCTG,1
TGCCATTTATTAACCG,1
TGCCATTTGCTCGGAA,1
TGCCATTTGCTTTAAA,1
TGCCCAAAATCCAGAA,1
TGCCCAAAATTAAGAA,1
TGCCCAAACAGATATG,1
TGCCCAAACTGCGCGA,1
TGCCCAAAGTTCAGAA,1
TGCCCAAATGATGCGA,1
TGCCCAAATGTTCACC,1
TGCCCAACACAAACGT,1
TGCCCAACCATGATAT,1
TGCCCAACGGCTACCA,1
TGCCCAACTCGCTCAC,1
TGCCCAAGATGTCATC,1
TGCCCAAGATTCAGAA,1
TGCCCAAGCTCATATT,1
TGCCCAAGTTAAGAAC,1
TGCCCAATGAAGGATA,1
TGCCCAATGGAACTGT,1
TGCCCAATTACCTAGA,1
TGCCCAATTGAAGAAC,1
TGCCCACAATAAGCGG,1
TGCCCACCGGAGGATC,1
TGCCCACCTCTTACAG,1
TGCCCACCTTTTACAA,1
TGCCCACTGTGGGCAC,1
TGCCCAGGACTCCTCA,1
TGCCCAGGTGCACTCA,1
TGCCCATAACACATAA,1
TGCCCATACCAGCTAC,1
TGCCCATCTATAGGAA,1
TGCCCATGACTACCAC,1
TGCCCATTCGTCATCA,1
TGCCCCAAAACCTACA,1
TGCCCCAAACGGGACA,1
TGCCCCAAATTCAGAA,1
TGCCCCACGCAATGAA,1
TGCCCCATAGGATATG,1
TGCCCCCCTTGGTTTA,1
TGCCCCGAAAATAAAC,1
TGCCCCGACCAACGAC,1
TGCCCCGATTTGCTTG,1
TGCCCCTAAGGAATAC,1
TGCCCGAAAAACGATT,1
TGCCCGAACAAAGATT,1
TGCCCGAACAACTATT,1
TGCCCGAAGCGGTCAA,1
TGCCCGACGTGCCTCG,1
TGCCCGACTCTTTACC,1
TGCCCGAGTGCTGACA,1
TGCCCGATTATTATGA,1
TGCCCGCACAATAAGG,1
TGCCCGCCATCCGAAT,1
TGCCCGCCCAAAGATC,1
TGCCCGCTTAATACTC,1
TGCCCGCTTACTAAGC,1
TGCCCGCTTGGAAAAA,1
TGCCCGGACCGGCAAC,1
TGCCCGGCGTAGTCGA,1
TGCCCGTCCAAAAATC,1
TGCCCGTCCAAAGATA,1
TGCCCGTCCAAAGGTC,1
TGCCCGTCCAAATATC,1
TGCCCGTTATTGTAAA,1
TGCCCGTTCAAAGATC,1
TGCCCGTTTTACCCCC,1
TGCCCTAAAACCTCCA,1
TGCCCTAAGCATAGAC,1
TGCCCTAAGCTAATGT,1
TGCCCTATTTTTGTAC,1
TGCCCTCACGGCGAAT,1
TGCCCTCATTGCGCAT,1
TGCCCTCGAATAAGGC,1
TGCCCTCGACTACCAC,1
TGCCCTCTTAGTACGA,1
TGCCCTGCATTGAGCC,1
TGCCCTGCGCTAACAC,1
TGCCCTGCTCTTTACC,1
TGCCCTGTGATAACAC,1
TGCCCTGTGCTAACAA,1
TGCCCTGTGCTAATAC,1
TGCCCTGTTCGCTAGA,1
TGCCCTGTTCTAACAC,1
TGCCCTTACCCAAGAA,1
TGCCCTTACCCAATCA,1
TGCCCTTCCAAAGATC,1
TGCCCTTGAATACCAC,1
TGCCCTTGACCACCAC,1
TGCCCTTGACTACCAT,1
TGCCCTTTACTACCAC,1
TGCCGAAAGTTAAACA,1
TGCCGAAGTGAGATGG,1
TGCCGAATAAATTAAA,1
TGCCGACTAAGCCGAC,1
TGCCGACTCAACAAAC,1
TGCCGACTCAACATAC,1
TGCCGACTTAACACAC,1
TGCCGAGAAAGTAATA,1
TGCCGAGCTTTAGGAA,1
TGCCGAGTGAGCCTAA,1
TGCCGATAAAGTGATA,1
TGCCGATCTGAGTGTT,1
TGCCGATTATACTAAC,1
TGCCGATTGCCCATAC,1
TGCCGCAAAAAAACGT,1
TGCCGCAAGTCTGACG,1
TGCCGCAATAAAATTG,1
TGCCGCAATAATAACA,1
TGCCGCCAAGTGTCTG,1
TGCCGCGTGACAATAT,1
TGCCGCTAGAAACAGA,1
TGCCGCTCTACCAACC,1
TGCCGCTTAAAAAACA,1
TGCCGCTTAACTGGCT,1
TGCCGGACGCCTCTTA,1
TGCCGGCGGGCGAGAC,1
TGCCGGCGTTCTCGTG,1
TGCCGGGAATAAAAGT,1
TGCCGGTAAGCCGATA,1
TGCCGGTTAAATACAG,1
TGCCGGTTTTAATGTT,1
TGCCGTAACACACACC,1
TGCCGTAATGACGCGA,1
TGCCGTAGAGATTGGA,1
TGCCGTAGTGATCGGA,1
TGCCGTATCAGAAGTA,1
TGCCGTCAAACATTAG,1
TGCCGTCATAATGACG,1
TGCCGTCATACGTTAG,1
TGCCGTCCGAATGACG,1
TGCCGTCCTAATGAAG,1
TGCCGTCCTAATGACA,1
TGCCGTCCTAATGAGG,1
TGCCGTCCTGATGACG,1
TGCCGTCGTAGAAATG,1
TGCCGTCGTTAATAAG,1
TGCCGTGACTGTGAAA,1
TGCCGTGCACACTTTA,1
TGCCGTGTCCACCAAC,1
TGCCGTGTGCTAACAC,1
TGCCGTTACTCTTAAA,1
TGCCGTTCAATTAAAT,1
TGCCGTTCACCCTATT,1
TGCCGTTCGATTAACT,1
TGCCGTTCTGAATAAT,1
TGCCGTTGGGTAGTTG,1
TGCCGTTTAATTAACT,1
TGCCTAAAAAAAAGGC,1
TGCCTAAATAACCTAA,1
TGCCTAAATTATGAAC,1
TGCCTAACAATGCTCG,1
TGCCTAACGAGAATTG,1
TGCCTAACTGAAAACA,1
TGCCTAATAAAACTCT,1
TGCCTACACCCATGGA,1
TGCCTACCAATAACTC,1
TGCCTACCTGATATAA,1
TGCCTACCTGTCGGTT,1
TGCCTACTAATACTTC,1
TGCCTAGCCAGTGTCA,1
TGCCTATAACCCGTTA,1
TGCCTATAATACTTGC,1
TGCCTATACTTGGATT,1
TGCCTATCATACTTGG,1
TGCCTATTATACTTGC,1
TGCCTATTCTGGACTG,1
TGCCTATTGTTTTCGG,1
TGCCTATTTGAAGTCG,1
TGCCTATTTGCAGTCA,1
TGCCTATTTGCATTCG,1
TGCCTATTTTCAGTCG,1
TGCCTCAATTTCAACG,1
TGCCTCACCTACGTTA,1
TGCCTCAGGCATGCAA,1
TGCCTCCAATTGACTT,1
TGCCTCGCTGAAAACA,1
TGCCTCGTAAAAAGGA,1
TGCCTCTAGCTTGCTA,1
TGCCTCTATCATTCCG,1
TGCCTCTCACATAATT,1
TGCCTCTCACATACTC,1
TGCCTCTCCTCCTCTC,1
TGCCTCTGAGACAAAC,1
TGCCTGACTAGTACTC,1
TGCCTGAGAATTAAAG,1
TGCCTGATACCCCTAA,1
TGCCTGATATAATCTG,1
TGCCTGATTATTATTA,1
TGCCTGCCACCAAAAG,1
TGCCTGCCATATCCTA,1
TGCCTGCCTTAAGACG,1
TGCCTGGGGTGCGTTA,1
TGCCTGTACCGATATA,1
TGCCTGTACCGGTAGA,1
TGCCTGTACCTATAGA,1
TGCCTGTACCTTTTAA,1
TGCCTGTACTAAGGAA,1
TGCCTGTCACGGGAAA,1
TGCCTGTTACTGGAAA,1
TGCCTTAAGGTTGTGC,1
TGCCTTAATGTTGTGA,1
TGCCTTAGCAGCAACC,1
TGCCTTAGGATAGGCA,1
TGCCTTAGGATATGCG,1
TGCCTTAGTGATTGGA,1
TGCCTTATACCAAAGA,1
TGCCTTATTCAAGTTG,1
TGCCTTATTCACAGAC,1
TGCCTTATTGAAGTGA,1
TGCCTTCATACATTAG,1
TGCCTTCCTAATGACG,1
TGCCTTCTAGATGTTG,1
TGCCTTCTAGGCAGGA,1
TGCCTTGAGACACGGG,1
TGCCTTGAGTCTTAGT,1
TGCCTTGATGTTGTGC,1
TGCCTTGTAGCAGGCA,1
TGCCTTGTCATGTCCG,1
TGCCTTGTCATGTCCT,1
TGCCTTGTGACCCATG,1
TGCCTTTAACCCGTTA,1
TGCCTTTAACTTAGAT,1
TGCCTTTACCTTATAT,1
TGCCTTTATATCTTTA,1
TGCCTTTCAATTAACT,1
TGCCTTTCTAGATTGA,1
TGCCTTTGACTACCAC,1
TGCCTTTGCTCGACTA,1
TGCCTTTTTCAAGTGG,1
TGCGAAAAATTTCAAG,1
TGCGAAAACCAACGTA,1
TGCGAAAACTTTCAAG,1
TGCGAAAAGTAATAGG,1
TGCGAAACAACTATCA,1
TGCGAAAGTACATGCC,1
TGCGAAATAGAAACAA,1
TGCGAACCAACCAAAT,1
TGCGAACGAATGCTCG,1
TGCGAACGCCGTGAGA,1
TGCGAACGGCGTGACA,1
TGCGAACGTCGTGACA,1
TGCGAACTACCATGGA,1
TGCGAAGAATTTAGTA,1
TGCGAAGATTACTCAA,1
TGCGAAGGGAAACCGA,1
TGCGAATACAGCATCA,1
TGCGAATACCTCATTA,1
TGCGAATACTATACTC,1
TGCGAATATATTTGAT,1
TGCGAATCCCTCCCGA,1
TGCGAATCCGACCAAG,1
TGCGAATGAATGGAGC,1
TGCGAATGCCGTGACA,1
TGCGAATTAATCGTTC,1
TGCGACAAGAATCAAA,1
TGCGACACAAACACGC,1
TGCGACACTGATTAGC,1
TGCGACACTGCGAGGA,1
TGCGACAGAAAAACTA,1
TGCGACAGAATGCGAC,1
TGCGACAGATTAGTCA,1
TGCGACAGCTACTAGC,1
TGCGACAGCTGATAGC,1
TGCGACATAATAACGA,1
TGCGACATAATACGAC,1
TGCGACATTGTACTTT,1
TGCGACATTGTCATTT,1
TGCGACATTGTCCTCT,1
TGCGACCACGCGCATT,1
TGCGACCCTACCGGCG,1
TGCGACCCTGCTAGGA,1
TGCGACCCTGTGAGTA,1
TGCGACCCTTCGAGGA,1
TGCGACCGATTAGTCT,1
TGCGACCGATTAGTTA,1
TGCGACCGATTGGTCA,1
TGCGACGTAATAACTA,1
TGCGACGTAGTAACGA,1
TGCGACTAAAAAGAAT,1
TGCGACTAAAGCATCA,1
TGCGACTACAGCATCG,1
TGCGACTACAGCATCT,1
TGCGACTACAGTATCA,1
TGCGACTAGAGCATCA,1
TGCGACTCAGGTGACT,1
TGCGACTGGTCGATAT,1
TGCGACTTGGATTTGT,1
TGCGACTTGGTTGGCA,1
TGCGAGAATTACACTT,1
TGCGAGACACACAAAA,1
TGCGAGACCCCAGCGA,1
TGCGAGACGAAGAGAT,1
TGCGAGACTCACACTT,1
TGCGAGACTTGCACTT,1
TGCGAGAGACGCACTT,1
TGCGAGAGGAAGAGCT,1
TGCGAGCAATCGGTCG,1
TGCGAGCACTAACCGC,1
TGCGAGGTCCGATTGT,1
TGCGAGGTTTCAGCCC,1
TGCGAGTAAATTAGGC,1
TGCGAGTATCCTGTAG,1
TGCGAGTGAGATTACT,1
TGCGAGTTATTCTAAT,1
TGCGATAAAAAACCAC,1
TGCGATAAAGAAACAC,1
TGCGATAAAGCAACAT,1
TGCGATAAGACAGACT,1
TGCGATAATAATCTAT,1
TGCGATACACAGCTAA,1
TGCGATACCCGGCTAA,1
TGCGATACGAAGAGCT,1
TGCGATACGCAGCTAA,1
TGCGATACTACTATGT,1
TGCGATAGCAGATTGT,1
TGCGATATAGAGTCAT,1
TGCGATATGTAACAAT,1
TGCGATATGTCAGTGG,1
TGCGATATTAAGAGAC,1
TGCGATATTCAGACAT,1
TGCGATCAGAATAAGT,1
TGCGATCAGTGCAAAG,1
TGCGATCATCTATCAG,1
TGCGATCCGCGAGTTT,1
TGCGATCCGTGCGAAG,1
TGCGATCCTCAGACAT,1
TGCGATCTAGGCGATG,1
TGCGATCTATAAGCAG,1
TGCGATCTTCATACAT,1
TGCGATGAACATGACT,1
TGCGATGACATCACGG,1
TGCGATGACTGTCGAC,1
TGCGATGATTCTGCTA,1
TGCGATGCACCAAATA,1
TGCGATGCGACAAATA,1
TGCGATGCGCGAAATA,1
TGCGATGCGCTAAATA,1
TGCGATGCTCCAAATA,1
TGCGATGGACGCTAGC,1
TGCGATGGGAGATTGT,1
TGCGATGTAATAACGA,1
TGCGATTAGCGAAGGA,1
TGCGATTCACAATATT,1
TGCGATTTTGAATAGT,1
TGCGCAAATAAACCCA,1
TGCGCAACCTAATATC,1
TGCGCACACGTGAAAC,1
TGCGCACAGAGTCTAA,1
TGCGCACCCTCTTTTG,1
TGCGCACGAATGATCG,1
TGCGCACGAATGCTCT,1
TGCGCATAAAATTTCG,1
TGCGCATATAAAACCA,1
TGCGCATGTAATCCCC,1
TGCGCATTTTCCTTAG,1
TGCGCCAAATCTGATC,1
TGCGCCAAGTACTGAA,1
TGCGCCCATACTTGAG,1
TGCGCCGAACTTCTAG,1
TGCGCCGAGATGCCAA,1
TGCGCCTACTTTGGAT,1
TGCGCCTCATGGTACA,1
TGCGCGAACTAAGGTC,1
TGCGCGATACCTATTG,1
TGCGCGATCAAGATAC,1
TGCGCGGAGGCTCTAA,1
TGCGCGTCATCGGTGC,1
TGCGCTAAATTTACCC,1
TGCGCTAATTGGCAAA,1
TGCGCTCCTCTAGTCT,1
TGCGCTCGGAGTCATT,1
TGCGCTGTCCACACAA,1
TGCGCTTGGTTTACTG,1
TGCGGAAAATCCAACC,1
TGCGGAAACATTGATA,1
TGCGGAAAGTTGCACC,1
TGCGGAAATCTTTGAG,1
TGCGGAACATCTTCGT,1
TGCGGACCAAACCTCA,1
TGCGGACCGACCAAAT,1
TGCGGACGGTGTATCA,1
TGCGGACTCAACACAC,1
TGCGGAGAAAGTGATA,1
TGCGGAGTATAGCTAC,1
TGCGGATAGTGTTTGT,1
TGCGGATTAACATACT,1
TGCGGATTGCCCTAGG,1
TGCGGCAACACTAACA,1
TGCGGCACTTATACAG,1
TGCGGCCGGGACTCTT,1
TGCGGCCTACAAATCA,1
TGCGGCGTCGGAACAG,1
TGCGGCTCCAGTACGC,1
TGCGGCTCCCGCTCAT,1
TGCGGCTTAGGTAACA,1
TGCGGCTTCTTGAAGA,1
TGCGGGACTTACACTT,1
TGCGGGGGAGATTACT,1
TGCGGGGTAGGGAATA,1
TGCGGGGTCACCCTCT,1
TGCGGGTCATTCAAGT,1
TGCGGTAAAAAATACT,1
TGCGGTACAGTTTATA,1
TGCGGTCAAAACCAGA,1
TGCGGTGACGATATTA,1
TGCGGTGTTAGCATCT,1
TGCGGTTAGCACTTTA,1
TGCGTAAAAATCCAAA,1
TGCGTAAAACTTCGGA,1
TGCGTAAAATATCTAA,1
TGCGTAAAGGTCCCTA,1
TGCGTAACGGTCTCTA,1
TGCGTAACGTTCCCTA,1
TGCGTAAGAATGTAAG,1
TGCGTAAGCCAGATGC,1
TGCGTAATCCCATAAT,1
TGCGTACACGCCATAC,1
TGCGTACATACTAAAT,1
TGCGTACATGCAATAC,1
TGCGTACATTCCATAC,1
TGCGTACCAAATTGAT,1
TGCGTACGCTGTAAAA,1
TGCGTACGGATGATAC,1
TGCGTATTATGTAGTA,1
TGCGTCAAAACAGAGT,1
TGCGTCATACGACGTA,1
TGCGTCATTCAAGTTG,1
TGCGTCCAAAATCCAA,1
TGCGTCCATAAAATCG,1
TGCGTCCCAAATATTC,1
TGCGTCCCTTAAACAC,1
TGCGTCCCTTGATAAG,1
TGCGTCGAAACAGGTG,1
TGCGTCGAACCCGTGG,1
TGCGTCGCGATCTTAA,1
TGCGTCTAATTCCACA,1
TGCGTGAAACAACCAA,1
TGCGTGAAATATCAGG,1
TGCGTGAAATCACAGG,1
TGCGTGAAATCCCAGG,1
TGCGTGAAATCTTAGG,1
TGCGTGAAGTCTCAGG,1
TGCGTGACTGTGACGA,1
TGCGTGAGTCGATCAA,1
TGCGTGAGTCGTAAAC,1
TGCGTGATGTGCATCA,1
TGCGTGCAAAACCAGA,1
TGCGTGCTAATAATAT,1
TGCGTGTACATTGGAT,1
TGCGTGTCTGAAGATA,1
TGCGTTAAACAACCAC,1
TGCGTTAAATGGCTAA,1
TGCGTTAAGGACCGGC,1
TGCGTTACTCTACGAA,1
TGCGTTATTCAAGTTT,1
TGCGTTCAAAGGTTCA,1
TGCGTTCAATTGAATG,1
TGCGTTCAATTGGAGG,1
TGCGTTCAGAGATTGC,1
TGCGTTCGCGGGTATG,1
TGCGTTGAATTCAGTA,1
TGCGTTGATATTTAAA,1
TGCGTTGGCTTCAGTA,1
TGCGTTGGTCACACGC,1
TGCGTTTAGTATCAGA,1
TGCGTTTCTACCTGCC,1
TGCGTTTGAGGAGACA,1
TGCTAAAAAAAGACTC,1
TGCTAAACGTACATTA,1
TGCTAAACTACGTGCA,1
TGCTAAAGATAAAGAG,1
TGCTAAAGCATATAAT,1
TGCTAAAGTAACAGGT,1
TGCTAAATAATCTTAA,1
TGCTAAATAGATAGGC,1
TGCTAACAAATACCTG,1
TGCTAACGAACACTGT,1
TGCTAACGAATAGGGA,1
TGCTAAGAATCGAAGA,1
TGCTAAGACATGGGAC,1
TGCTAAGATGCGCAAA,1
TGCTAAGATTAAAGGA,1
TGCTAAGGAAAGACCT,1
TGCTAAGGGCCTCGAA,1
TGCTAAGGTCTACCGT,1
TGCTAAGTACGTAAGG,1
TGCTAATACATTAGTG,1
TGCTAATACCGCAAGA,1
TGCTAATCCCAAAGAA,1
TGCTAATCCTTTATTC,1
TGCTAATCGGATTGCC,1
TGCTAATCTTAATTTT,1
TGCTAATCTTTTATTT,1
TGCTAATGACGTAGCT,1
TGCTAATTGCATTCCA,1
TGCTACAAAAAAATCA,1
TGCTACAAATCATCAT,1
TGCTACAACTGATAGA,1
TGCTACACATGACCCC,1
TGCTACAGAATACGAC,1
TGCTACAGAATTTGTA,1
TGCTACAGACAACGCG,1
TGCTACAGCAGCTCAA,1
TGCTACAGTTGCATGC,1
TGCTACATCAACACTA,1
TGCTACCCTGCGAGGA,1
TGCTACCGATTAGTCA,1
TGCTACCTAAACGATG,1
TGCTACGAATACATAC,1
TGCTACGAGTACAGAC,1
TGCTACGCTAATAAAG,1
TGCTACGGGCATCGAA,1
TGCTACGGGCCTCGGA,1
TGCTACGGGCCTCTAA,1
TGCTACGGTCCTCGAA,1
TGCTACGTAATAACGA,1
TGCTACTAAACAAAGA,1
TGCTACTACAGCATCA,1
TGCTACTACCACAAGA,1
TGCTACTACCGCAACA,1
TGCTACTAGTTCCTTG,1
TGCTACTGAGGGATAA,1
TGCTACTTACAGCCAT,1
TGCTACTTATATTTGA,1
TGCTAGAAAAAAAAGG,1
TGCTAGACATGAGTCA,1
TGCTAGAGAAGAGCCA,1
TGCTAGCATGAAGTCC,1
TGCTAGCATGTCAAAG,1
TGCTAGCCAAAAATCC,1
TGCTAGGAAAACGGAA,1
TGCTAGGAACACGGAA,1
TGCTAGGAACACGTCA,1
TGCTAGGATCACACCA,1
TGCTAGGCCTTATACA,1
TGCTAGGGACACGGCA,1
TGCTAGTAACACGGCA,1
TGCTAGTAGGTAATCA,1
TGCTAGTATCTAATCG,1
TGCTAGTCAATCGCTC,1
TGCTAGTCGAGCACCT,1
TGCTATAAAAACCGGT,1
TGCTATAAAAAGACTC,1
TGCTATAACAGTCAAC,1
TGCTATAAGGCATTAC,1
TGCTATACAAACAGGT,1
TGCTATACGAACCGGT,1
TGCTATCAACTTCCTG,1
TGCTATCACTAATCTT,1
TGCTATCCTAATTGAG,1
TGCTATCGTTTTATCA,1
TGCTATCTCTGCACCT,1
TGCTATCTCTTGTTTT,1
TGCTATCTTCAGACAT,1
TGCTATGAAGACAAAA,1
TGCTATGACATCATCA,1
TGCTATGCAACAACTT,1
TGCTATGCGGATGTAA,1
TGCTATTCAACACCAG,1
TGCTATTCCACCGATA,1
TGCTATTGAAATGCGT,1
TGCTATTGAACCTTAA,1
TGCTATTGTTACCGGA,1
TGCTATTTAAGATATA,1
TGCTCAAAAATCAAAA,1
TGCTCAAAAATTAAAG,1
TGCTCAAAAGACTCCT,1
TGCTCAAACACCAAGT,1
TGCTCAAACGCCTTTG,1
TGCTCAAATGACCAGT,1
TGCTCAACAAACCCGT,1
TGCTCAACTAAAACGT,1
TGCTCAATGATCAAGC,1
TGCTCACCACAAAACA,1
TGCTCACCAGCGCAAA,1
TGCTCACGAGCAGATC,1
TGCTCACGGTGAAAAA,1
TGCTCACTATGGACAA,1
TGCTCAGAAAAACTTT,1
TGCTCAGCAGATCTTT,1
TGCTCAGTATGAACAA,1
TGCTCAGTTGAAAGAT,1
TGCTCATAAAAACATA,1
TGCTCATAAAAGACAA,1
TGCTCATAAAAGCCAT,1
TGCTCATACTATACTC,1
TGCTCATCATGTCGAA,1
TGCTCATCGTGACCAG,1
TGCTCATGCACAGCAT,1
TGCTCATTAAATGAAT,1
TGCTCATTAAGAACCG,1
TGCTCATTCCAAGTCC,1
TGCTCCAAATTATAAA,1
TGCTCCAACTCATCTC,1
TGCTCCAACTGGAATT,1
TGCTCCAAGGCACTGG,1
TGCTCCACCAAAAAGG,1
TGCTCCACTGATTAGC,1
TGCTCCCAACTACACA,1
TGCTCCCCCGAAAGTC,1
TGCTCCCTAAAATCTT,1
TGCTCCGAAAGGAACC,1
TGCTCCGTTCCTTTAA,1
TGCTCCTGCTCCTAAT,1
TGCTCCTTGTAAAGTT,1
TGCTCGAAAAAAAGGT,1
TGCTCGAAACAAAAAA,1
TGCTCGAATGAGTTCC,1
TGCTCGAATTATCTGT,1
TGCTCGACAAACTGCA,1
TGCTCGACTTATAATA,1
TGCTCGAGTAACAGGC,1
TGCTCGATATGGACCC,1
TGCTCGCACGAGTTCC,1
TGCTCGCATGAAGTCA,1
TGCTCGCATTAAGTCC,1
TGCTCGCCAAGATATT,1
TGCTCGCTTAAAATTG,1
TGCTCGCTTAGAATTG,1
TGCTCGCTTAGATATT,1
TGCTCGCTTATTAAAC,1
TGCTCGCTTGCAATTG,1
TGCTCGTACCTTACGT,1
TGCTCGTAGTACGAAT,1
TGCTCGTATGTTGAAG,1
TGCTCGTCATTTGCAA,1
TGCTCTACTATGTGTG,1
TGCTCTCAATCGGCAG,1
TGCTCTCCCCACATAT,1
TGCTCTCTCATATAGA,1
TGCTCTCTCATCACTG,1
TGCTCTCTTACAATTG,1
TGCTCTGATATAAGAC,1
TGCTCTGTGCTAACAC,1
TGCTCTTAATCCCACA,1
TGCTCTTATAGAAGAC,1
TGCTCTTTAAACCCAC,1
TGCTGAAAAGGCCGCC,1
TGCTGAAACCCAATGA,1
TGCTGAAACGGCCTCC,1
TGCTGAAACGGCTGCC,1
TGCTGAAACTGCCGCC,1
TGCTGAACACTGAGAT,1
TGCTGAACATGATAGA,1
TGCTGAAGACCTGATC,1
TGCTGAAGTGTGTAAC,1
TGCTGAATAACACCCT,1
TGCTGACATTAGCGAC,1
TGCTGACCATATATAG,1
TGCTGACCATATATTG,1
TGCTGAGAGACTTCTG,1
TGCTGAGATCGTTCCC,1
TGCTGAGCCGACACCT,1
TGCTGATCGCGGATGG,1
TGCTGATCTTTTATTC,1
TGCTGATGGACATGGA,1
TGCTGCAAACTACAGT,1
TGCTGCAAACTACGTA,1
TGCTGCAATGCTGGAA,1
TGCTGCCATCGTACAC,1
TGCTGCGTCTAATGAG,1
TGCTGCGTTAGAACAA,1
TGCTGCTAACATAAGA,1
TGCTGCTGATAGAGAA,1
TGCTGGACGTGAGTCA,1
TGCTGGCCAACGTGAA,1
TGCTGGCGACCTCACC,1
TGCTGGGCAACCACTA,1
TGCTGGTAGACATGGA,1
TGCTGGTGATTTTTAA,1
TGCTGGTGTACATGGA,1
TGCTGGTTGACATGGA,1
TGCTGTAACATGGATA,1
TGCTGTAAGCCTATGA,1
TGCTGTCAAAGGTAGG,1
TGCTGTCAATCTGGTC,1
TGCTGTCACAAACAAA,1
TGCTGTCCTAATGACG,1
TGCTGTCTCTTCTGGC,1
TGCTGTGAACAGATGA,1
TGCTGTTCCTGGACCT,1
TGCTGTTGTCACCGAA,1
TGCTTAACAATATGGT,1
TGCTTAACGCAGTTGA,1
TGCTTAAGCAATATGT,1
TGCTTAAGTCCATTGA,1
TGCTTAATAGAAAAAC,1
TGCTTAATAGATGAGC,1
TGCTTAATATTGCACT,1
TGCTTAATGGAAGAGC,1
TGCTTAATGGGTGAGA,1
TGCTTAATTTAACCAA,1
TGCTTACAACAATAGT,1
TGCTTACATGCCATAC,1
TGCTTACCAAGGCACC,1
TGCTTACCACCATGTC,1
TGCTTACCAGTAATCA,1
TGCTTACGAAGAACTA,1
TGCTTACTCCTTAAAT,1
TGCTTAGAAAAAATAG,1
TGCTTAGAATAATTAC,1
TGCTTAGACAGTGTCA,1
TGCTTAGACTGAGAAC,1
TGCTTAGATACCCAAA,1
TGCTTAGCCAGTGTAA,1
TGCTTAGCCAGTGTCG,1
TGCTTAGCCAGTGTTA,1
TGCTTAGTAACAACTA,1
TGCTTATAGTTTTGCG,1
TGCTTATATATCAAGC,1
TGCTTATATCAACCAA,1
TGCTTATCCTCTTACT,1
TGCTTCAAATTCGCTG,1
TGCTTCACTAAAAATA,1
TGCTTCAGTTCTGACT,1
TGCTTCATTCCTCGTA,1
TGCTTCATTTATAAAA,1
TGCTTCCAAACAAAGA,1
TGCTTCCCACGCACCC,1
TGCTTCGAACTCTAGT,1
TGCTTCTAAGAGACAA,1
TGCTTCTAATCCAAAA,1
TGCTTCTATAAAATCG,1
TGCTTCTTGGACCTGA,1
TGCTTGACGAGTCAAA,1
TGCTTGAGTCGATGAT,1
TGCTTGAGTGGCGTTG,1
TGCTTGCTCATGACTG,1
TGCTTGGAAATTGAAC,1
TGCTTGGGCTTCTGCT,1
TGCTTGGGGATCATGC,1
TGCTTGGTCATCTGCT,1
TGCTTGTGTAGTATTA,1
TGCTTGTTACTGGGTT,1
TGCTTTAAACATTCAT,1
TGCTTTACGTTCAGCC,1
TGCTTTAGGATAGGCG,1
TGCTTTATAAACTGTG,1
TGCTTTATAATACCTA,1
TGCTTTATCAACTGCG,1
TGCTTTATCAGCTGTG,1
TGCTTTATCCATGGCT,1
TGCTTTCATCGTGTTC,1
TGCTTTGAACGGAATT,1
TGCTTTGCCAGTGTCA,1
TGCTTTGGAAAAGCCC,1
TGCTTTGGGTATCAAG,1
TGCTTTGGGTATCCAT,1
TGCTTTGGTTAAAGAT,1
TGCTTTGGTTACAGGT,1
TGCTTTTAAGTCGTGT,1
TGCTTTTATATTATTC,1
TGCTTTTCACGCAACC,1
TGCTTTTCCCCCCAGC,1
TGCTTTTCCCCCCGAA,1
TGCTTTTCCCCGCAAA,1
TGCTTTTCCCCTCAAA,1
TGCTTTTCCGCCCAAA,1
TGCTTTTCTCCCCAAA,1
TGCTTTTGTTAATGCA,1
TGGAAAAAATAAGCGG,1
TGGAAAAAATGTTATA,1
TGGAAAAAGCGATTCA,1
TGGAAAAAGTCAAGGA,1
TGGAAAAATGTCTTAA,1
TGGAAAACTAACCACT,1
TGGAAAAGAATAAACA,1
TGGAAAAGATTAACTT,1
TGGAAAAGATTTGACC,1
TGGAAAAGCATTATCG,1
TGGAAAAGTCACCCTG,1
TGGAAAATAGAGCAGC,1
TGGAAAATGTAAACAA,1
TGGAAACAACCGACCG,1
TGGAAACAAGAGAAAT,1
TGGAAACACCTACAAC,1
TGGAAACACCTACTAC,1
TGGAAACAGCGGACAG,1
TGGAAACCCATGCTGC,1
TGGAAACGCGTTTTTT,1
TGGAAACGTTGGTAAA,1
TGGAAACTAACTAACT,1
TGGAAACTCTGTCTTG,1
TGGAAACTTTAGCGAA,1
TGGAAAGAAGTAGTAA,1
TGGAAAGAAGTGTTAC,1
TGGAAAGACCTACCAC,1
TGGAAAGCAAAAACCT,1
TGGAAAGCACATGCAA,1
TGGAAAGTACGCGGGA,1
TGGAAAGTCGTAAAAC,1
TGGAAAGTTAGCAAAC,1
TGGAAAGTTCGCATAT,1
TGGAAATAAAGTACAG,1
TGGAAATAAGTAAGGT,1
TGGAAATATCAGGAGA,1
TGGAAATCAAAAACTT,1
TGGAAATTACCATACG,1
TGGAAATTCAACCAAA,1
TGGAAATTCAACTATA,1
TGGAAATTCCTGACAC,1
TGGAAATTGATCAACA,1
TGGAAATTGTTATGAG,1
TGGAAATTTGATGTAG,1
TGGAACAAACGGCTAA,1
TGGAACAAAGAACGTT,1
TGGAACAAAGACTACA,1
TGGAACAACTGGAGGT,1
TGGAACAACTTGAGAT,1
TGGAACACAAGCCATA,1
TGGAACACAGAGATGA,1
TGGAACACATAAATCC,1
TGGAACACGAAAGAAA,1
TGGAACACTTCAAACA,1
TGGAACAGCATTGTCC,1
TGGAACATCCCGCACC,1
TGGAACATCGAGATGA,1
TGGAACATTTTCACTG,1
TGGAACCAACGAATTA,1
TGGAACCACCGGGGAT,1
TGGAACCGAGCACTAA,1
TGGAACCGTAAGGAAT,1
TGGAACCTAATGTGTT,1
TGGAACCTGAGATCCA,1
TGGAACCTGAGATCCG,1
TGGAACGATAAAGTCT,1
TGGAACGGAATAGAAA,1
TGGAACGGAATAGACG,1
TGGAACTGACTGACGC,1
TGGAACTGTATACTCA,1
TGGAACTTACCTATCA,1
TGGAACTTGACGCACA,1
TGGAACTTTAATCTCA,1
TGGAAGAAATAACTGA,1
TGGAAGAACATATTAT,1
TGGAAGATTAAGAGGA,1
TGGAAGCAAGTAGTCA,1
TGGAAGCACGAAATTG,1
TGGAAGCTAACTCCTT,1
TGGAAGCTACTGGAGA,1
TGGAAGCTAGACAACA,1
TGGAAGGAAATTAGAA,1
TGGAAGGAACTTGGAA,1
TGGAAGGATCAAATAC,1
TGGAAGGGATTTGAAA,1
TGGAAGGTATGAGACT,1
TGGAAGGTCAAAAGCT,1
TGGAAGGTCTCCCCAG,1
TGGAAGGTGTTGCGTA,1
TGGAAGTAAGCAGTCA,1
TGGAAGTACCATACTG,1
TGGAAGTACGGTAAAG,1
TGGAAGTACTATAGTG,1
TGGAAGTAGGTAGTCA,1
TGGAAGTCGCTTGGCA,1
TGGAAGTCGCTTGGCC,1
TGGAAGTGCTATACTG,1
TGGAAGTTCAGCGTTC,1
TGGAATAACGCAAGGG,1
TGGAATAGAATTTCCA,1
TGGAATAGGAGCCAAC,1
TGGAATATAATACTAT,1
TGGAATATATAATTTT,1
TGGAATATTGTTACGG,1
TGGAATCCCAATCTCA,1
TGGAATCGAAAACACA,1
TGGAATCGAAGCTAAC,1
TGGAATCGCCGCCTAC,1
TGGAATCTGAGCGAAG,1
TGGAATGAAGACTGTG,1
TGGAATGAATGAATCA,1
TGGAATGACACAAAAG,1
TGGAATGGACGTTGAA,1
TGGAATGTCATAGTTA,1
TGGAATTAAGTAGTCA,1
TGGAATTACCATCCAT,1
TGGAATTACTGAAAGG,1
TGGAATTAGTAGAACC,1
TGGAATTATACTACTA,1
TGGAATTATAGTACTC,1
TGGAATTCCCACAGTA,1
TGGAATTTATTACTTA,1
TGGACAAAACCAGCTT,1
TGGACAAATGAAGACT,1
TGGACAACGCATTTCG,1
TGGACAACTTTCAGAA,1
TGGACAAGCCCAATCC,1
TGGACAAGTACACACT,1
TGGACAAGTCACACTG,1
TGGACAAGTCACCCTT,1
TGGACAAGTTACCCTG,1
TGGACAATAGTACATC,1
TGGACACAAACACACA,1
TGGACACAGTACTTTA,1
TGGACACATAAAGATG,1
TGGACACATGTGACCT,1
TGGACACCACTAACTA,1
TGGACACGCCCAATAC,1
TGGACACGCCCAATCT,1
TGGACACGCCCAATTC,1
TGGACACGGCTTCAAT,1
TGGACACGGTGACAAT,1
TGGACACTAATGGTCA,1
TGGACACTCCCAATCC,1
TGGACAGATGTTACCA,1
TGGACAGCCCCAGTAA,1
TGGACAGCTGTTGCCA,1
TGGACAGCTTTTACCA,1
TGGACAGGCAGTAAAA,1
TGGACAGTAAAGTATT,1
TGGACAGTGTAAACAA,1
TGGACATAAGCCACAG,1
TGGACATAATTAACCA,1
TGGACATCACCAAACA,1
TGGACATCCTTACAAA,1
TGGACATGAATAGTCC,1
TGGACATGAGATTGCA,1
TGGACATGTCTAACTA,1
TGGACATTAGGAGCGC,1
TGGACCAAAAGCCATA,1
TGGACCAAATTGAAGC,1
TGGACCAATAGAAAAT,1
TGGACCACAAGCAATA,1
TGGACCACAAGCCAAA,1
TGGACCACATCTTTAA,1
TGGACCACGATTAAGC,1
TGGACCACGCAATGAA,1
TGGACCACTAGAAAAG,1
TGGACCATAAACAACC,1
TGGACCATAATGATTA,1
TGGACCCAATATGCCG,1
TGGACCCACAAAGGAA,1
TGGACCCCTCCCACAA,1
TGGACCCTACTCCGAC,1
TGGACCTCGAGCACAT,1
TGGACCTGTCAATCCA,1
TGGACGCAGTATGGTA,1
TGGACGCGACATCATC,1
TGGACGCGCCCCGGGA,1
TGGACGGAAGTAACTG,1
TGGACGTAATCGTTTA,1
TGGACGTATTTGTTTG,1
TGGACGTTGCTTTAAC,1
TGGACTAAAAAGTAAA,1
TGGACTACCCAGACAC,1
TGGACTCACATCTATC,1
TGGACTCCCTTAAAGA,1
TGGACTCGAAAGTCAA,1
TGGACTCTGACGAGTG,1
TGGACTGCATGCATTA,1
TGGACTTACAAAATGA,1
TGGACTTAGCACCAAT,1
TGGACTTGCAAAATTA,1
TGGACTTGCTTAATCT,1
TGGAGAAAAACACTTC,1
TGGAGAAATCCGCAAC,1
TGGAGAAATCGATTCA,1
TGGAGAAGAATACATG,1
TGGAGAAGAATCCATT,1
TGGAGAAGTAGTAGTA,1
TGGAGAATAATACTAC,1
TGGAGAATACGTATCG,1
TGGAGAATATGAGATA,1
TGGAGAATATGTGATA,1
TGGAGAATCAATGAAA,1
TGGAGAATGTGCGATA,1
TGGAGACAACACCATA,1
TGGAGACAATATCATA,1
TGGAGACAGGTGTAAA,1
TGGAGACCACACTATA,1
TGGAGACGATATCCTA,1
TGGAGACGGGATGGCA,1
TGGAGACTAGATGGCA,1
TGGAGACTGCAAAAGC,1
TGGAGACTTATCAGGT,1
TGGAGATATGAATTAT,1
TGGAGATCCAAAGAAA,1
TGGAGATTACTTCGAT,1
TGGAGATTCGTTTTGC,1
TGGAGATTGGGCTGAG,1
TGGAGCAAAACCCTTG,1
TGGAGCAACTCCTCGA,1
TGGAGCACAATAACAT,1
TGGAGCACCCTACTTA,1
TGGAGCACGCTACGTA,1
TGGAGCAGTATAAAGA,1
TGGAGCATCCTACGTA,1
TGGAGCATTGGTGACC,1
TGGAGCCAAGAGAATG,1
TGGAGCCCAATGAAAA,1
TGGAGCCGAGTCTACC,1
TGGAGCGCGTAGACGG,1
TGGAGCGGTAGTAGTA,1
TGGAGCGTAACACTAT,1
TGGAGCGTCTAATGAG,1
TGGAGGAAAACTTGCC,1
TGGAGGAGCTTCCAGA,1
TGGAGGCAAACCTACC,1
TGGAGGCAAACTCACC,1
TGGAGGCAAACTTAAC,1
TGGAGGCAAACTTACG,1
TGGAGGCAAACTTACT,1
TGGAGGCAAGCTTACC,1
TGGAGGCAGACTTACC,1
TGGAGGCCAACTTCAC,1
TGGAGGGACCTTAGAG,1
TGGAGGGAGCCGACGA,1
TGGAGGTATTCGTAGA,1
TGGAGGTCTACAAGTT,1
TGGAGTAAAGCGATTC,1
TGGAGTAAGGCATGCA,1
TGGAGTACCCTACGTA,1
TGGAGTACTGCCATAC,1
TGGAGTCCGATACCTA,1
TGGAGTCCGATGACTA,1
TGGAGTCGAACTGACA,1
TGGAGTGGAGCATTTT,1
TGGAGTTACACGAAAA,1
TGGAGTTACGTCACAC,1
TGGAGTTGCTGTTAAA,1
TGGAGTTGGGCGCTAT,1
TGGATAAAATTGGCCT,1
TGGATAAAGTTGGCTT,1
TGGATAAATATATCAT,1
TGGATAACCAACACCA,1
TGGATAACGTCAAATA,1
TGGATAACTGCTCTAA,1
TGGATAACTTTACAGG,1
TGGATAAGGTCATCTG,1
TGGATAATACTAACCT,1
TGGATAATCACGCCTA,1
TGGATACAACACAGCA,1
TGGATACAAGACTATG,1
TGGATACAATATCCTA,1
TGGATACACAATACCA,1
TGGATACATGACATCC,1
TGGATACATTCCTGAT,1
TGGATACCCATTATTA,1
TGGATACGAGATGGCA,1
TGGATACGCGAGCACG,1
TGGATACTATCCAAAA,1
TGGATAGCTGTTACCA,1
TGGATAGGCAAATGAA,1
TGGATAGGCCTAGACA,1
TGGATAGGCGTAGACT,1
TGGATAGGGCTAGACT,1
TGGATAGTATTGATGA,1
TGGATAGTTTTGGACC,1
TGGATATAAACAGCAA,1
TGGATATCGATAAAAC,1
TGGATATGAGCAGACA,1
TGGATATGAGCGGATA,1
TGGATATGAGCGGGCA,1
TGGATATGAGGGGACA,1
TGGATATGAGTGGACA,1
TGGATATGATCGGACA,1
TGGATATGCAGAGATA,1
TGGATATGGGACAAGT,1
TGGATATTAAGCCCCG,1
TGGATATTAGCGGACA,1
TGGATCAAAAAACTAC,1
TGGATCAAGGCAGCCA,1
TGGATCAATAGCACTC,1
TGGATCAGAACATAAC,1
TGGATCATATTCGAGA,1
TGGATCCAGTCTCCTT,1
TGGATCCCATAACGTG,1
TGGATCCGCTGTTAAT,1
TGGATCCGTCGCAACC,1
TGGATCCGTTATGAAA,1
TGGATCCGTTCGTTAC,1
TGGATCTAAGTTGACG,1
TGGATCTACTTTCGAT,1
TGGATCTCATAACGTT,1
TGGATCTGCTGCAAAT,1
TGGATCTGGCAAAACA,1
TGGATGAAAGCCAGAA,1
TGGATGAACAACCAAC,1
TGGATGAATACCAACA,1
TGGATGAATCACATGC,1
TGGATGACATAGTTGA,1
TGGATGAGTTCGTTAC,1
TGGATGATCGACTCAC,1
TGGATGCAAAACTGGA,1
TGGATGCAAAAGGCAA,1
TGGATGCAAACTTACG,1
TGGATGCAGGAATCCA,1
TGGATGCATAAATCCA,1
TGGATGCATTAAAAAC,1
TGGATGCCCAGCATAC,1
TGGATGCGCATGACAC,1
TGGATGCGGAAATCCA,1
TGGATGGCCGAGTTTG,1
TGGATGGCTTTAAGCA,1
TGGATGGGTCAACTGG,1
TGGATGTATGACTGAG,1
TGGATGTCCCACCGTT,1
TGGATGTGAGCGGACA,1
TGGATTAAATAGCCGA,1
TGGATTAACAAAAGGA,1
TGGATTAAGGTTTACG,1
TGGATTAATAATAATA,1
TGGATTACGGGGAAGT,1
TGGATTACTCGTGGAG,1
TGGATTAGATATGTTT,1
TGGATTCAATCTACAC,1
TGGATTCAGGATAGTT,1
TGGATTCATCGGATGA,1
TGGATTCATGATAGGT,1
TGGATTCCACCCAATA,1
TGGATTCCTGGGAAGT,1
TGGATTCGACATTTCC,1
TGGATTCGCGGTGCAA,1
TGGATTCGTTATCTGC,1
TGGATTCTCAGATACA,1
TGGATTCTCCTAACTA,1
TGGATTGAAGTATAGC,1
TGGATTGAGGATTCAA,1
TGGATTGATTACCTAC,1
TGGATTGCCAAAATAA,1
TGGATTTAAAGCGCTC,1
TGGATTTATCACCTAC,1
TGGATTTCACACCGTT,1
TGGATTTCCCAACGTT,1
TGGATTTCCCACCGTC,1
TGGATTTCCCACTGTT,1
TGGATTTCCCCCCGTT,1
TGGATTTCCTACCGTT,1
TGGATTTCGCACCGTT,1
TGGATTTGTCAGATAC,1
TGGATTTTAAAAGTAA,1
TGGATTTTAGGTGTGA,1
TGGATTTTCGCCGTAA,1
TGGATTTTTGGTGTGA,1
TGGCAAAAACTATTCC,1
TGGCAAAAAGAGTAGC,1
TGGCAAAACCAGCTAT,1
TGGCAAAACCAGTCAT,1
TGGCAAACATAGTGCT,1
TGGCAAACATTTCTCT,1
TGGCAAAGGAACTATA,1
TGGCAAATAAGTTCTA,1
TGGCAAATACTCTCTT,1
TGGCAACACGTGTTAT,1
TGGCAACCACTGAAAA,1
TGGCAACCCTGCAACA,1
TGGCAACCGACTAAGA,1
TGGCAACCTCTGAAAA,1
TGGCAACGCAATACAG,1
TGGCAACTACAAGTAG,1
TGGCAAGAAACTCTTT,1
TGGCAAGAACTTCTTT,1
TGGCAAGAATAAATCG,1
TGGCAAGAATAAGTCT,1
TGGCAAGAATAATTCG,1
TGGCAAGAATAATTTT,1
TGGCAAGAATAGGTCG,1
TGGCAAGATTATGGGA,1
TGGCAAGCTGACCGGA,1
TGGCAAGGGTGCAATA,1
TGGCAAGTGCGGAATA,1
TGGCAATAAAGTTTTT,1
TGGCAATGACTCCTAG,1
TGGCAATGTATGTAAC,1
TGGCAATGTGCGCGTC,1
TGGCAATTAACAATCA,1
TGGCAATTAGGTCACC,1
TGGCAATTCCATACTA,1
TGGCAATTGCTCGGAC,1
TGGCAATTTATTGCCT,1
TGGCACAAAGAAAGTT,1
TGGCACAAATGGTACC,1
TGGCACAATACAATGA,1
TGGCACAATACACTTA,1
TGGCACACGCAATGAA,1
TGGCACAGAATTGTCC,1
TGGCACAGCATTGCCC,1
TGGCACATACTCTCTC,1
TGGCACATGTAAGTGG,1
TGGCACCTCATGGGTA,1
TGGCACGACTGTCCTC,1
TGGCACGATCCTGTAT,1
TGGCACGGAGAGAATC,1
TGGCACGGGGACAATC,1
TGGCACGGGTAGAATC,1
TGGCACGTCCTTAGAT,1
TGGCACGTTTTGTAAG,1
TGGCACTACAGTACGT,1
TGGCACTGGGAGAATC,1
TGGCACTTAAGAAATG,1
TGGCACTTTACTAAAA,1
TGGCAGAAACAGTCGG,1
TGGCAGAAAGGAATTT,1
TGGCAGAACAGTACCT,1
TGGCAGAACCAGTTAT,1
TGGCAGACATGTACGG,1
TGGCAGACTCATAGCA,1
TGGCAGATTATCATGA,1
TGGCAGCCACATGTAC,1
TGGCAGCCCTACAACA,1
TGGCAGCCGCATGTTA,1
TGGCAGCGACATGTTA,1
TGGCAGCTCTCTTCTA,1
TGGCAGGAAGAGCGGT,1
TGGCAGGGTGCATTAA,1
TGGCAGTCAGTTCAAC,1
TGGCAGTGGATTAGGT,1
TGGCAGTTTAGTACGG,1
TGGCATAAAGCATCTT,1
TGGCATAGAAACCGTG,1
TGGCATATAACACATC,1
TGGCATCTGGAAATTA,1
TGGCATCTTAACCAAA,1
TGGCATGAAATAACCG,1
TGGCATGAAATGAAAA,1
TGGCATGACTGAAACC,1
TGGCATGATACAATTA,1
TGGCATGATATACTTT,1
TGGCATGGAATCTCCC,1
TGGCATGGGGAGAATC,1
TGGCATTAAAGGATGT,1
TGGCATTCACTTATTC,1
TGGCATTTATCGGCTA,1
TGGCATTTCATTCTCA,1
TGGCCAAAAATGGCTG,1
TGGCCAAAAGAATGAG,1
TGGCCAAAATTCAGAA,1
TGGCCAACAGAGGACA,1
TGGCCAACGCAATGAA,1
TGGCCAATCTGAAGTA,1
TGGCCACACTTGTTAT,1
TGGCCACATTGGATGA,1
TGGCCACCGGTCCAAA,1
TGGCCACTAAAAGTAG,1
TGGCCAGAAGAGCGGT,1
TGGCCAGAGCGCAACC,1
TGGCCAGGAAGAAAGA,1
TGGCCAGTAAGGGATT,1
TGGCCATAAGTAACTT,1
TGGCCATAATCGCTGC,1
TGGCCATACCTATATA,1
TGGCCATAGTATAAGA,1
TGGCCATCAATCATAA,1
TGGCCATCATCTCTTT,1
TGGCCATGGTCGGATA,1
TGGCCATGTGCGAGTC,1
TGGCCATGTGTGCGTC,1
TGGCCCAAAAACATCT,1
TGGCCCAAAATGGCTC,1
TGGCCCAAAATGGTTG,1
TGGCCCAAAGTTAAAT,1
TGGCCCAATTAACACC,1
TGGCCCAATTCGCTTT,1
TGGCCCAGACAGAAGG,1
TGGCCCAGAGTTGCCC,1
TGGCCCAGATTGGATG,1
TGGCCCCAAATGGCTG,1
TGGCCCCGAAGATCTA,1
TGGCCCCTGCTGACCT,1
TGGCCCCTTATCTATT,1
TGGCCCGTTTTGTAAG,1
TGGCCCTAACCAAAAT,1
TGGCCCTAACCAATAT,1
TGGCCCTCGGATGCAA,1
TGGCCCTTGTTGGCGT,1
TGGCCGACGGAGATCT,1
TGGCCGACTTGCCTCG,1
TGGCCGCCCAGTGAAA,1
TGGCCGCTAACTGTTC,1
TGGCCGCTTTTTACCA,1
TGGCCGCTTTTTACCG,1
TGGCCGGGATTTAAGG,1
TGGCCGGGGGGTAGAA,1
TGGCCGGTTGCTTAGT,1
TGGCCGTAAAGGTCTT,1
TGGCCTAAAGGAATTT,1
TGGCCTAACTAAGTCC,1
TGGCCTACGCAGATCT,1
TGGCCTACGTACTTCA,1
TGGCCTAGTCCAAGAA,1
TGGCCTATCACGCTGC,1
TGGCCTCACATCTATC,1
TGGCCTGACACCGTTT,1
TGGCCTGTACGGACCA,1
TGGCCTTAGTAATGAT,1
TGGCCTTCATATTAAA,1
TGGCCTTCGTAGTAAA,1
TGGCCTTCTGGTAACA,1
TGGCCTTGACTACCAC,1
TGGCCTTGAGCCTCGA,1
TGGCGAAAATAGATCA,1
TGGCGAAAGAAAAACG,1
TGGCGAAGCACCAGTT,1
TGGCGACCCAAAAACC,1
TGGCGACCCTCGAGTC,1
TGGCGACCTTGAAACA,1
TGGCGAGAATAAGTCG,1
TGGCGAGACCAAAAAA,1
TGGCGAGTCTGAGTTA,1
TGGCGAGTCTGCGGAC,1
TGGCGAGTGACTTGAC,1
TGGCGCAGCATTGTCC,1
TGGCGCCATGACATAT,1
TGGCGCCATGACATTT,1
TGGCGCCATTACATCT,1
TGGCGCCTAAAATTTG,1
TGGCGCCTACATAGAA,1
TGGCGCCTTCATAAAA,1
TGGCGCGAAACAATTG,1
TGGCGCGGTCAAGGGC,1
TGGCGCGTCTAATGAG,1
TGGCGCGTTTTGCAAG,1
TGGCGCGTTTTGTAAA,1
TGGCGCGTTTTGTAGG,1
TGGCGCGTTTTGTGAG,1
TGGCGCTTATCTTTCC,1
TGGCGCTTCTATATCA,1
TGGCGGTCACTGCAAC,1
TGGCGGTCCAGTGAAT,1
TGGCGGTCGCCGGCAA,1
TGGCGGTCGCCGGCAT,1
TGGCGTCACAACTGCC,1
TGGCGTCACAATACAG,1
TGGCGTCCATTAATTT,1
TGGCGTTACACGAAAC,1
TGGCGTTACACTAAAA,1
TGGCGTTACGTATGGG,1
TGGCGTTAGATTTGAG,1
TGGCTAAAACCAACCA,1
TGGCTAAAACTTACTA,1
TGGCTAAACATTCTAT,1
TGGCTAATACCGATAT,1
TGGCTAATACCTCGCC,1
TGGCTACCATAGGAAT,1
TGGCTACCCCGCTTCA,1
TGGCTACTACTGGAGA,1
TGGCTACTCTGCAAAA,1
TGGCTACTGTGCAAGG,1
TGGCTACTTACGAGTG,1
TGGCTAGAAGGTAGGC,1
TGGCTAGCCTCCCCTG,1
TGGCTAGCCTTCAATA,1
TGGCTAGTCCTCAATA,1
TGGCTAGTGAATTAAT,1
TGGCTAGTGTTCAATA,1
TGGCTATCTAATGTCT,1
TGGCTATTCATCAGAC,1
TGGCTCAACATAGCGC,1
TGGCTCAATAGGTCTA,1
TGGCTCAATGGAGCAT,1
TGGCTCAGTAAATAAA,1
TGGCTCCCTTACGTCA,1
TGGCTCCTTCATAGAA,1
TGGCTCGAATGGTTAT,1
TGGCTCGCACATAACA,1
TGGCTCGTGAATTAGT,1
TGGCTCTACGACTTAA,1
TGGCTCTTCACCAGAC,1
TGGCTCTTGATCAGAC,1
TGGCTGAAGAGCCCAT,1
TGGCTGACACACCCCC,1
TGGCTGACGCACCCCA,1
TGGCTGAGGATTACTA,1
TGGCTGATTGACGATA,1
TGGCTGGTCATCCATT,1
TGGCTGTATTAATGGG,1
TGGCTTAAAACCACTA,1
TGGCTTAAGAAAAGGA,1
TGGCTTACGGAGATTA,1
TGGCTTACGGAGGCTA,1
TGGCTTACTGAGACTA,1
TGGCTTAGAAGGAGAT,1
TGGCTTATAGTATAAA,1
TGGCTTCCAGTATAAA,1
TGGCTTCTAGTGTAAA,1
TGGCTTGCCCAGAAAT,1
TGGCTTGCCGACGAAT,1
TGGCTTGCGAGCTCGA,1
TGGCTTGCTGAAAACA,1
TGGCTTTCGATTGCGT,1
TGGGAAAAATGTAACA,1
TGGGAAAACACGCGTT,1
TGGGAAAATCAGTCCA,1
TGGGAAACGCGACGTC,1
TGGGAAAGGCGGTGGC,1
TGGGAACACCTACCAC,1
TGGGAACATAATAGGG,1
TGGGAACCAAAAGGCA,1
TGGGAACCGCGACGTA,1
TGGGAACCGCTATGCA,1
TGGGAACTAAAAGGCG,1
TGGGAACTAAACATTT,1
TGGGAACTTGTGCCTT,1
TGGGAAGAAGCTGGCC,1
TGGGAAGATCATATGA,1
TGGGAAGCATACAACC,1
TGGGAAGGCAGTACAA,1
TGGGAATCTACTTGTT,1
TGGGAATGGAGTATAA,1
TGGGAATTCGGAGCTA,1
TGGGAATTCGTAACTA,1
TGGGACAACAGTCCTG,1
TGGGACACACATAAAA,1
TGGGACACATACAACC,1
TGGGACAGAAAACATG,1
TGGGACATGGACAAAA,1
TGGGACCAGCCAAACC,1
TGGGACCTTGTCAAGG,1
TGGGACGCACACAACC,1
TGGGACGCATAAAACC,1
TGGGACGCATACAAGC,1
TGGGACGCATACAATC,1
TGGGACGCATGCAACC,1
TGGGACGCGGCACGAC,1
TGGGACGCGTACAACC,1
TGGGACGCGTTTATAC,1
TGGGACGCGTTTCTCG,1
TGGGACTCGGAAAATA,1
TGGGACTCTGCCGCAC,1
TGGGAGAAAAATCCTA,1
TGGGAGAAAAATCCTT,1
TGGGAGAAGATTAGAC,1
TGGGAGACAACATGTT,1
TGGGAGATAGGACCTC,1
TGGGAGATGTATTCAT,1
TGGGAGCGTGCCTATA,1
TGGGAGCTAAAAGGCA,1
TGGGAGGGAAGTACAA,1
TGGGAGTAAGTAGTCA,1
TGGGAGTACAATTGCA,1
TGGGAGTCGTATTTGG,1
TGGGAGTTACCAAATT,1
TGGGAGTTAGCGCACT,1
TGGGAGTTAGGGGACT,1
TGGGATAAACCCATAT,1
TGGGATAAGCGCTAAG,1
TGGGATAATATTCGAT,1
TGGGATACAACAAGCT,1
TGGGATACTATTAAAT,1
TGGGATACTATTAGAT,1
TGGGATACTATTCGAC,1
TGGGATACTGTTCGAT,1
TGGGATACTTATAGCG,1
TGGGATATATAAGCGG,1
TGGGATATATACACCA,1
TGGGATATCTAAGCTG,1
TGGGATGACTCCATCC,1
TGGGATGTAATAAATG,1
TGGGATTAAGCGTAGA,1
TGGGATTAAGGAAGTC,1
TGGGATTACCGAAAGG,1
TGGGATTACTAAAAGG,1
TGGGATTACTGAAAGT,1
TGGGATTACTGAAATG,1
TGGGATTACTGAGAGG,1
TGGGATTACTTAAAGG,1
TGGGATTTCGATAAAT,1
TGGGATTTCTGCTATA,1
TGGGCAAAAATATCGC,1
TGGGCAACCCCAGTAA,1
TGGGCAATTATAAACG,1
TGGGCACAAAATATTG,1
TGGGCACCAAACATTT,1
TGGGCACCACTCCGCA,1
TGGGCACCGTGATACA,1
TGGGCACGCCCAATCC,1
TGGGCACGGTTACAAT,1
TGGGCACTCATCCACA,1
TGGGCACTGAACATTT,1
TGGGCACTGACAAGGT,1
TGGGCAGCCACAGTAA,1
TGGGCAGCTCCAGTAA,1
TGGGCAGTAAACATTT,1
TGGGCAGTAGATAAAT,1
TGGGCAGTGGAAGTCA,1
TGGGCATATAAAACCA,1
TGGGCATCCAGCCGAA,1
TGGGCATTGACAAGGC,1
TGGGCCCAAGGTTAAT,1
TGGGCCGGACAGAAAG,1
TGGGCCGGATTCGTCA,1
TGGGCCGGATTTGTAA,1
TGGGCCTCAATCATAA,1
TGGGCCTGACTAGACT,1
TGGGCCTGACTCGTCC,1
TGGGCCTTAGGAGCGC,1
TGGGCCTTCTACACCA,1
TGGGCGAGATAAACAA,1
TGGGCGCCTTTACTAA,1
TGGGCGGACCGGAGCA,1
TGGGCGGACCGGAGTC,1
TGGGCGTCCCACCCTC,1
TGGGCTAACGGCCTAT,1
TGGGCTACGAACGACT,1
TGGGCTAGAGCTCATC,1
TGGGCTAGGTGCACGC,1
TGGGCTATAAGACAAG,1
TGGGCTCAATAAAGAC,1
TGGGCTCCAGTTCTCC,1
TGGGCTGCTAAAGAAT,1
TGGGCTGTCCCTCTGC,1
TGGGCTTATAGACCTA,1
TGGGCTTCTATCAGAA,1
TGGGGAAAGTTAAATT,1
TGGGGAACTATCTAAC,1
TGGGGAAGACCAACAA,1
TGGGGAATAATTAACA,1
TGGGGAATATGCGATA,1
TGGGGACCGGTATAAT,1
TGGGGACGCAAAATCA,1
TGGGGACTAAAAGGCA,1
TGGGGAGAAGTGGTCG,1
TGGGGAGACGAGGTCG,1
TGGGGAGACGTTGTCG,1
TGGGGAGTAGGATGAA,1
TGGGGAGTCTGGGTTA,1
TGGGGATTCGCCGACG,1
TGGGGCAGACCAACAA,1
TGGGGCCAAAACTCCC,1
TGGGGCCTGAACAATT,1
TGGGGCGTGATACCAA,1
TGGGGCTATACCGGGA,1
TGGGGCTATGCCGGGA,1
TGGGGCTTAACCGAAG,1
TGGGGGAGTGTGTAGG,1
TGGGGGATTCATTGAA,1
TGGGGGGCTAAAGCAT,1
TGGGGGGGCAGTACAA,1
TGGGGGGTAGGGAATA,1
TGGGGGTCGCATCATA,1
TGGGGTAGACGAACAA,1
TGGGGTATCTAAGCGG,1
TGGGGTCAATGATGTC,1
TGGGGTCAGAACACTA,1
TGGGGTCCAACTAAAT,1
TGGGGTCCCGTCCCAC,1
TGGGGTCTGAATAATT,1
TGGGGTGAGACTAAAG,1
TGGGGTGATACTAAAT,1
TGGGGTGCTTCAAATG,1
TGGGGTGTCTATCCAA,1
TGGGGTTATTCGAATG,1
TGGGGTTATTTCTTAA,1
TGGGTAAAACTAACAA,1
TGGGTAAATATGAACG,1
TGGGTAAGAAACAAGT,1
TGGGTACATGTGAACA,1
TGGGTACGTACGAAAG,1
TGGGTAGAAGTGGATA,1
TGGGTAGGCCTAGACT,1
TGGGTATAATCCGAAC,1
TGGGTATAGTAGACGA,1
TGGGTATCCCCAGTTA,1
TGGGTATGCCGGCCAC,1
TGGGTCAACCCAGACT,1
TGGGTCAGAAAACATG,1
TGGGTCATAATGTCAA,1
TGGGTCCCCATTTCAA,1
TGGGTCCTCTAGACAT,1
TGGGTCCTGTATTGCC,1
TGGGTCGAAATTCTTA,1
TGGGTCTCACGATAAT,1
TGGGTCTGCTACCTAA,1
TGGGTCTGGCGGTGAG,1
TGGGTCTTAGGCTGTT,1
TGGGTGAAAAGTACAC,1
TGGGTGAGCACGAGAC,1
TGGGTGCAGAAATCCA,1
TGGGTGCTCAATAAGC,1
TGGGTGCTCAATACCC,1
TGGGTGCTCAATACGG,1
TGGGTGTAGGAAATTG,1
TGGGTGTTACGCTTTT,1
TGGGTTAGAGATAACC,1
TGGGTTAGGCTCTACT,1
TGGGTTAGGCTTTGAT,1
TGGGTTATACGGTGAT,1
TGGGTTCGACCCACCA,1
TGGGTTCTAGTATAAA,1
TGGGTTGATATAAACA,1
TGGGTTGGAGGTCTAG,1
TGGGTTGTCTTCAGTG,1
TGGGTTTAGTACACTT,1
TGGGTTTAGTGACAGA,1
TGGTAAAAAAAGAGTT,1
TGGTAAAAAACAAGAG,1
TGGTAAAACCTCAGAT,1
TGGTAAAAGTATAAAG,1
TGGTAAAAGTATAGAG,1
TGGTAAAAGTTACAGT,1
TGGTAAAATTATACAG,1
TGGTAAACAAATATAT,1
TGGTAAAGCCCATTTT,1
TGGTAAAGGTATACAG,1
TGGTAAATGTCAATGT,1
TGGTAACAAATCTTAT,1
TGGTAACACATTTTGG,1
TGGTAACACGAAATAT,1
TGGTAACATACCTCAT,1
TGGTAACTAGAATTCT,1
TGGTAAGAAAAAAGTC,1
TGGTAAGAATAAGTCG,1
TGGTAAGGAAAATCCC,1
TGGTAAGTTAAGCTTA,1
TGGTAATAAAGTAAGC,1
TGGTAATAACATACAC,1
TGGTAATAACATACTA,1
TGGTAATAACGAAGGC,1
TGGTAATAAGTCTGTC,1
TGGTAATACCCGCCTG,1
TGGTAATAGAATGTAC,1
TGGTAATAGCATAGAA,1
TGGTAATCAAGCAAGC,1
TGGTAATCAAGTAAGA,1
TGGTAATCAAGTAAGG,1
TGGTAATCAAGTAATC,1
TGGTAATCAATTAAGC,1
TGGTAATCTTTTATTC,1
TGGTAATTGCCTCCCC,1
TGGTACAATGATTGAA,1
TGGTACACCAATACTC,1
TGGTACACGGATTGAA,1
TGGTACACTGAGTGAA,1
TGGTACACTGATTCAA,1
TGGTACACTGATTTAA,1
TGGTACACTTCAAAAA,1
TGGTACAGCATTGTCC,1
TGGTACATAGATAAAA,1
TGGTACATCCCGTATT,1
TGGTACCACCTATAAA,1
TGGTACCACGAAGTAT,1
TGGTACCCAGACTCTC,1
TGGTACCCCACGCTAA,1
TGGTACCCCCAGCTAA,1
TGGTACCCCCCGATAA,1
TGGTACCGCTGTTGCG,1
TGGTACCTAGTTAAGA,1
TGGTACCTAGTTAGGC,1
TGGTACCTGTGCTCAC,1
TGGTACGAACAACTGT,1
TGGTACGCGTTTAGAC,1
TGGTACGTCTAATGAG,1
TGGTACTCAGCTTCTC,1
TGGTACTTTATTCGCA,1
TGGTACTTTCTAGGTT,1
TGGTAGAAACCGTAAA,1
TGGTAGATCCAATCCG,1
TGGTAGTAACAACCTG,1
TGGTAGTAACAACTGT,1
TGGTAGTAAGTAGTCA,1
TGGTAGTTATGAACTA,1
TGGTAGTTCCCTAGGC,1
TGGTATAAAAGCCACC,1
TGGTATAAACCCTGAG,1
TGGTATAAAGCTAATT,1
TGGTATAAATAAAGTA,1
TGGTATAGACTTCCCT,1
TGGTATCAAATCCAGG,1
TGGTATCAACCATGAG,1
TGGTATCAACCCTGAT,1
TGGTATCCGCCGATAG,1
TGGTATCCGTATATGG,1
TGGTATCGTCAATGCT,1
TGGTATCTACACTTCG,1
TGGTATGCCCAGTTCA,1
TGGTATGGAACTCGCC,1
TGGTATGGCACTCTCC,1
TGGTATGTCACAATTA,1
TGGTATTAACGGCTTC,1
TGGTATTGCAATGAAA,1
TGGTCAAAAACGAGGG,1
TGGTCAAAGGTATTCA,1
TGGTCAAGGATTGGTA,1
TGGTCACAACCGTCCC,1
TGGTCACATACATGAT,1
TGGTCACCACTCCGCA,1
TGGTCACCGCTCCAAA,1
TGGTCACGCCTCACGG,1
TGGTCACTAAACATTT,1
TGGTCACTGGTCCAAA,1
TGGTCAGCATACTACG,1
TGGTCATACCAAGTGC,1
TGGTCATACCCAGTAC,1
TGGTCCAACGTAAACG,1
TGGTCCAAGCCAGAAG,1
TGGTCCATACCGAAAA,1
TGGTCCATTAATATCT,1
TGGTCCCACCATTACA,1
TGGTCCCCGAGGGCGT,1
TGGTCCCCGTCGTCAA,1
TGGTCCCGCTAATATT,1
TGGTCCCGCTAATTAT,1
TGGTCCCGCTGTTGAG,1
TGGTCCCGGTAATTTT,1
TGGTCCCTCGAATCAC,1
TGGTCCCTCTAATTTT,1
TGGTCCGGATTTGTCA,1
TGGTCCTCGGGGTTCC,1
TGGTCCTTTGAATATG,1
TGGTCGATAATAGCCT,1
TGGTCGTATGCACACC,1
TGGTCGTGAAAAATAC,1
TGGTCGTGCCAGGACT,1
TGGTCTAGAGTAAGCA,1
TGGTCTATCACGCGGC,1
TGGTCTCACGGATCTA,1
TGGTCTCACTAAAAGA,1
TGGTCTCCATTTATAG,1
TGGTCTCCCAGGCCAA,1
TGGTCTCTCCTATTAT,1
TGGTCTGGGGCCCACA,1
TGGTCTTAATTTAACA,1
TGGTCTTGAGCTCATG,1
TGGTCTTTCCATAGAG,1
TGGTCTTTGTTAAAGA,1
TGGTGAAAAAATCGCA,1
TGGTGAAACGAAATAC,1
TGGTGAAAGTATACAG,1
TGGTGAAATTAACCTG,1
TGGTGAACAAATATAG,1
TGGTGACCCAGCCGGA,1
TGGTGACGGTAGAGAA,1
TGGTGACTAGTAACTC,1
TGGTGACTCCGTAAAG,1
TGGTGACTCTATACCA,1
TGGTGAGACGTGGTCG,1
TGGTGAGATACATCGA,1
TGGTGAGGAAGCCAAT,1
TGGTGAGTAACAAGCT,1
TGGTGATCAAGTAAGC,1
TGGTGATCACGCGATG,1
TGGTGATCGTCGGAAA,1
TGGTGATCGTTCTACC,1
TGGTGATCGTTCTACT,1
TGGTGATCTATAATTG,1
TGGTGATGAAACTTTA,1
TGGTGATGCAACTCTA,1
TGGTGATGTATTGTAA,1
TGGTGATTACAAATAA,1
TGGTGCCCCAGCCGGT,1
TGGTGCGAACAACAAC,1
TGGTGCGAAGGATGGA,1
TGGTGCGTCTAATTAG,1
TGGTGCGTGCTACCAA,1
TGGTGCTCAACTTCTC,1
TGGTGCTCAGCTTATC,1
TGGTGCTGAGCTTCTC,1
TGGTGCTTAGCTTCTC,1
TGGTGGACTTGTCATT,1
TGGTGGAGATAAGGTT,1
TGGTGGCAAACTTACC,1
TGGTGGCACACAGGTG,1
TGGTGGGTAACGAATT,1
TGGTGGTATTCAGAAA,1
TGGTGTAACCAACCTA,1
TGGTGTAACTTTAAAC,1
TGGTGTAGACCAACAA,1
TGGTGTCAAAACACTA,1
TGGTGTCCATCTTGAC,1
TGGTGTCCGGTCCCAC,1
TGGTGTGACCGTCCGT,1
TGGTGTGCTGCCCAGG,1
TGGTGTTCAGCTTCTC,1
TGGTGTTGCAACTTTA,1
TGGTTAAAAATAAATC,1
TGGTTAAACCAAGGAG,1
TGGTTAAAGGATACAT,1
TGGTTAAATCCATGTA,1
TGGTTAACAACTAGGG,1
TGGTTAACTCCGTGTA,1
TGGTTAACTTCATGTA,1
TGGTTACAAGACTTAC,1
TGGTTACAAGCATTAC,1
TGGTTACAAGCCCTAC,1
TGGTTACAAGCCTTAA,1
TGGTTACAAGCTTTAC,1
TGGTTACAATTAGGCC,1
TGGTTACACCGCTAGC,1
TGGTTACAGAGACGAC,1
TGGTTACATCCCCAAA,1
TGGTTACCGCACAGGG,1
TGGTTACCTTCAAATA,1
TGGTTACTAAGATCAC,1
TGGTTACTAGAACGAA,1
TGGTTACTCAGATCAA,1
TGGTTAGAACCTAAAA,1
TGGTTAGATTGGTACA,1
TGGTTATACACGGTCT,1
TGGTTATGCTACGATA,1
TGGTTCAACTACTACA,1
TGGTTCAAGGTTTTAA,1
TGGTTCAATAGGTCGA,1
TGGTTCAGAATTCAGT,1
TGGTTCAGGTTGGAAA,1
TGGTTCAGTATAAGAC,1
TGGTTCATACTATAAA,1
TGGTTCATCTGGCTCG,1
TGGTTCATTGAACGAA,1
TGGTTCCATCTTAATC,1
TGGTTCCCACTACAGA,1
TGGTTCCCCAGCCGGA,1
TGGTTCCCTTCAAACA,1
TGGTTCCGTCTGGCAA,1
TGGTTCCTACAACGAA,1
TGGTTCCTAGAAAGAA,1
TGGTTCCTAGAACTAA,1
TGGTTCGCCCTCAATA,1
TGGTTCGTCTAATGAG,1
TGGTTCTAAGTCTATC,1
TGGTTCTACAAAATAT,1
TGGTTCTGACAATAAT,1
TGGTTCTGTACTAACT,1
TGGTTCTTCCATTTAG,1
TGGTTCTTGAAGGTGG,1
TGGTTGAAACCAATGC,1
TGGTTGAAATTAATTG,1
TGGTTGAATACCAAGC,1
TGGTTGACTGGGGACA,1
TGGTTGAGGGTCCCCA,1
TGGTTGAGTAAGACTA,1
TGGTTGCGATACCGCT,1
TGGTTGGAACTACAAC,1
TGGTTGGCAATAAGAG,1
TGGTTGGCCTGCATCA,1
TGGTTGGCTGGGGACA,1
TGGTTGTAATCGCCTC,1
TGGTTGTGGAAAACTC,1
TGGTTTACGACGTGTT,1
TGGTTTAGACTCTCCT,1
TGGTTTCGACCGCCCT,1
TGGTTTCGGCCGCCCA,1
TGGTTTGATCAAACAT,1
TGGTTTGATCAATCAA,1
TGGTTTGGATTGGCCT,1
TGGTTTGTAAAATGTA,1
TGGTTTTAAAGTAACT,1
TGGTTTTAACGAACCT,1
TGGTTTTAAGCGTCCC,1
TGGTTTTATTATAACT,1
TGGTTTTTGAAGACCG,1
TGTAAAAAAATACGTC,1
TGTAAAAAATATCTAA,1
TGTAAAAACACCTGAG,1
TGTAAAAAGTCCAACA,1
TGTAAAAAGTCCACCG,1
TGTAAAAAGTCCACCT,1
TGTAAAAAGTCTACCA,1
TGTAAAAATCATCACA,1
TGTAAAACAACTAGTT,1
TGTAAAACATTGTTAG,1
TGTAAAACCTGGTTAC,1
TGTAAAACTATTGAAC,1
TGTAAAACTTATTCAG,1
TGTAAAAGGTGTTAAA,1
TGTAAAATAACAATAC,1
TGTAAAATATAAAGAA,1
TGTAAAATCCAGCGTA,1
TGTAAAATTGGGGGTG,1
TGTAAAATTTATTAAC,1
TGTAAACAAGCTGTTC,1
TGTAAACACCAAAGAG,1
TGTAAACAGGAAGATG,1
TGTAAACATTTTAAAT,1
TGTAAACCAAGTACCA,1
TGTAAACGATGAGTGT,1
TGTAAACTCGACCTAA,1
TGTAAACTTAAGGCGC,1
TGTAAAGATAGCCGGA,1
TGTAAAGCATGAGCGT,1
TGTAAAGGAAAGGCTA,1
TGTAAATAAAGTATTG,1
TGTAAATAAATCCACA,1
TGTAAATATAGAAATG,1
TGTAAATATTGCAACA,1
TGTAAATCCGCCATCA,1
TGTAAATCGAATCCAT,1
TGTAAATCTAAGCCCA,1
TGTAAATGCTCACGGA,1
TGTAAATTCCCTTAAA,1
TGTAAATTGATGTCAC,1
TGTAAATTGCACAACT,1
TGTAAATTGCGATGAT,1
TGTAAATTTATTTCCC,1
TGTAACAAAACAACAC,1
TGTAACAATACTGAGA,1
TGTAACACCATACAGC,1
TGTAACACCGAGATGA,1
TGTAACACGAGGCTTG,1
TGTAACATAATACGCT,1
TGTAACATAGAGATAG,1
TGTAACATCATAAAGC,1
TGTAACATCCGAAGAA,1
TGTAACATGATACAGC,1
TGTAACATTAAACAGT,1
TGTAACATTAAGGCGC,1
TGTAACATTAGTACAA,1
TGTAACCAAAAACACA,1
TGTAACCAAATGCATT,1
TGTAACCAGCGAAGAC,1
TGTAACCCAAAGGTGA,1
TGTAACCGCGATACAA,1
TGTAACCTAGCGACAA,1
TGTAACCTCAATGGAT,1
TGTAACCTCGATCAAA,1
TGTAACCTCTATCAAC,1
TGTAACCTTAAGGAGC,1
TGTAACCTTAAGGCCC,1
TGTAACCTTAAGGCGA,1
TGTAACCTTAAGTCGC,1
TGTAACGAAAAAGTCT,1
TGTAACGAAACTAAGA,1
TGTAACGAACATAAGA,1
TGTAACGAACCCCGTG,1
TGTAACGAACCTAAGG,1
TGTAACGAACCTAATA,1
TGTAACGAACGAGGAA,1
TGTAACGAATCTAAGA,1
TGTAACGAGAAAGTCT,1
TGTAACGATAAGGTCT,1
TGTAACGCAGTATTAT,1
TGTAACGCTGTAATAA,1
TGTAACGCTTAGCCAT,1
TGTAACGGGCGGGTAG,1
TGTAACGTACTAGCAC,1
TGTAACTAAATATTAC,1
TGTAACTAGCTGTGAA,1
TGTAACTATGGCTAGG,1
TGTAACTCATACGGCC,1
TGTAACTGAACCAGGG,1
TGTAACTGAGACACAT,1
TGTAACTGTCTAATAA,1
TGTAACTTAAACCAAG,1
TGTAACTTAGCCGTTG,1
TGTAACTTAGGGTATA,1
TGTAACTTCAACCAAG,1
TGTAACTTGAACCAAG,1
TGTAACTTGAGATGAT,1
TGTAACTTGCGATTAT,1
TGTAACTTGCTAATAA,1
TGTAACTTTAAGCAAG,1
TGTAACTTTACAACTC,1
TGTAAGAAACATTTTG,1
TGTAAGAAGAACTAAG,1
TGTAAGAATAGACAAA,1
TGTAAGAATGCTGAAT,1
TGTAAGAATTATGTAC,1
TGTAAGACTTTATCAT,1
TGTAAGATACAACATG,1
TGTAAGATGTGCGAAG,1
TGTAAGATTCAAAATG,1
TGTAAGCACTGATATC,1
TGTAAGCCAGTAATCA,1
TGTAAGCCAGTTCGAC,1
TGTAAGCCATGATATC,1
TGTAAGCCCAGTTGAA,1
TGTAAGCCCTGATACC,1
TGTAAGCCTAGGAGTG,1
TGTAAGCGACACACGA,1
TGTAAGCGACATCATC,1
TGTAAGGATATGTGCG,1
TGTAAGGATGTGACGA,1
TGTAAGGCTATCATAT,1
TGTAAGGCTCCATTAA,1
TGTAAGGTCGGTAATG,1
TGTAAGGTTGTTAGTA,1
TGTAAGTAGAATGCCA,1
TGTAAGTATGAACACA,1
TGTAAGTCACGAATCA,1
TGTAAGTCACTAATCA,1
TGTAAGTCATAAAAAA,1
TGTAAGTCCTGATATC,1
TGTAAGTTCACGAGGT,1
TGTAATAACAGTATCG,1
TGTAATAATCATTACT,1
TGTAATAATTTATAAA,1
TGTAATACCAAATACT,1
TGTAATACCTACCATA,1
TGTAATACTTGACTAT,1
TGTAATAGAAAGTAAA,1
TGTAATAGAATGTCAA,1
TGTAATAGCCAACGAT,1
TGTAATAGCCAAGGCT,1
TGTAATATCCACTTAC,1
TGTAATATGATGTGTA,1
TGTAATCACATGCCAT,1
TGTAATCATAACCAAT,1
TGTAATCATACTTTAT,1
TGTAATCGCAACCCAA,1
TGTAATCTACCCCTTA,1
TGTAATCTAGGGTCAT,1
TGTAATCTTCGTAATG,1
TGTAATGAACCTAAGA,1
TGTAATGAAGTATAGC,1
TGTAATGAATAATTCC,1
TGTAATGAGACCCAAC,1
TGTAATGATAACTCTA,1
TGTAATGCCCCAAAAA,1
TGTAATGCCGAACAAG,1
TGTAATGGATTATATT,1
TGTAATGGCAACCCAT,1
TGTAATGGCATAAGAA,1
TGTAATGGGATGCGAA,1
TGTAATGGTTTAAGAA,1
TGTAATTAACATCATA,1
TGTAATTATCGTACAC,1
TGTAATTCAATGTATG,1
TGTAATTCCCACGCAG,1
TGTAATTCCTAAATCT,1
TGTAATTCGTTCAATC,1
TGTAATTGAAAACTCA,1
TGTAATTTCTAACAAA,1
TGTAATTTTGCCTAGA,1
TGTACAAAAAGCAACA,1
TGTACAAAGCCACCGG,1
TGTACAAATTTTAAAT,1
TGTACAACATGCATGC,1
TGTACAAGAATCTATA,1
TGTACAAGGCTAACCT,1
TGTACAAGGTTTGTAT,1
TGTACAAGTCTACTTA,1
TGTACAATAAGTGGAA,1
TGTACAATGAGCAAGC,1
TGTACACAAGACTTAA,1
TGTACACAAGGATACT,1
TGTACACAAGTAAATA,1
TGTACACACACACCCA,1
TGTACACAGTACTTTC,1
TGTACACATCGAACAT,1
TGTACACATTAGTCCT,1
TGTACACCCATTATTA,1
TGTACACCCTACACGC,1
TGTACACGAGGAGGTG,1
TGTACACTAATGGTCA,1
TGTACAGCTGTTACCA,1
TGTACAGGGATTTCTG,1
TGTACAGTGCCAACCC,1
TGTACATAATGGTCCG,1
TGTACATACCTACCTA,1
TGTACATAGAAGGCTT,1
TGTACATAGACATTCA,1
TGTACATATAGAAATC,1
TGTACATATGTGACCT,1
TGTACATCACTTATGT,1
TGTACATCGACATTAA,1
TGTACATCGACATTCT,1
TGTACATCTGACAATA,1
TGTACATGAAAAATCT,1
TGTACATGAAAACTAT,1
TGTACATGAAGACTCT,1
TGTACATGTAATACTT,1
TGTACATGTAATGCGT,1
TGTACATGTCCAATAA,1
TGTACCAAACATGGCG,1
TGTACCAAGGTTAAAA,1
TGTACCACACCAATGG,1
TGTACCACATGGCCCG,1
TGTACCACCCATCCAC,1
TGTACCAGATACTAAA,1
TGTACCAGGCAGCTTT,1
TGTACCATCCTATCAC,1
TGTACCATTAGAGCAT,1
TGTACCCGAATCACCA,1
TGTACCCGGAGGGTCA,1
TGTACCCGGTCAAATG,1
TGTACCGGGGGATCAA,1
TGTACCTAAAACGTAG,1
TGTACCTATAGCTAGG,1
TGTACCTCGACCAGAA,1
TGTACCTCTCTACATA,1
TGTACCTGATACTAAT,1
TGTACCTGGTATGTAA,1
TGTACGAAAACCCATC,1
TGTACGAAGAACCAAG,1
TGTACGAAGAACTGAG,1
TGTACGCAATAAGATT,1
TGTACGCAATCTAACC,1
TGTACGCCATTACGTG,1
TGTACGCTCTAATTAA,1
TGTACGCTTCCCGACA,1
TGTACGGAATCGTTCC,1
TGTACGGACTTATACG,1
TGTACGTACGCGCTGT,1
TGTACGTATAAAGGAA,1
TGTACTAAATTGATAC,1
TGTACTAACAGGCTTT,1
TGTACTAACCGGCTTC,1
TGTACTAACTAGTCCA,1
TGTACTAATAATTACT,1
TGTACTACCCATCCAA,1
TGTACTACCCGTCCAC,1
TGTACTACCCTTAAAT,1
TGTACTATCGAGTAAT,1
TGTACTATTCCTTGTC,1
TGTACTCAGTCTCCTT,1
TGTACTCCACTTAAAT,1
TGTACTCCCCTTAAAA,1
TGTACTCCCCTTGAAT,1
TGTACTCGACATCATC,1
TGTACTCGACCCCGTT,1
TGTACTCGGAGGCTCA,1
TGTACTCTAAACAACA,1
TGTACTCTCCAACATC,1
TGTACTGAGCTCAATC,1
TGTACTGCATACTATC,1
TGTACTGTCGACGACA,1
TGTACTGTGGACGCCA,1
TGTACTTCGGTAGATA,1
TGTACTTGGGGCACTG,1
TGTACTTGGGTCCTTA,1
TGTACTTGGTCTGTAA,1
TGTACTTGTTCTCAAT,1
TGTAGAAAACTCTGCC,1
TGTAGAAAGTTCGAAA,1
TGTAGAAATAAAAGAA,1
TGTAGAACAATAACGG,1
TGTAGAACCAGTCAAA,1
TGTAGAACCATAATGG,1
TGTAGAACCTGCTTTC,1
TGTAGAACTGATAATA,1
TGTAGAACTTATAATG,1
TGTAGAATCTCAATAA,1
TGTAGAATGGGACGCA,1
TGTAGACACGTTCAAG,1
TGTAGACATGTTAAAG,1
TGTAGACATGTTCAAA,1
TGTAGACATGTTCAAT,1
TGTAGACATTTTAAAT,1
TGTAGACCGTTCCTTT,1
TGTAGACCTGCGGTCT,1
TGTAGACGACTAAAAC,1
TGTAGACGCGTGCATT,1
TGTAGACTCCCTCCGT,1
TGTAGAGATCATAGAC,1
TGTAGAGATTCAGAGT,1
TGTAGAGGCATTTATT,1
TGTAGAGTATAGCTAC,1
TGTAGATACTGTAATC,1
TGTAGATCGATTAGCA,1
TGTAGATGAATGTATA,1
TGTAGATGAGGGTATA,1
TGTAGATGGAGGTATA,1
TGTAGATTAAGGTATA,1
TGTAGCAACGCATCCG,1
TGTAGCAATTTAACTC,1
TGTAGCAGGAGATGTC,1
TGTAGCAGGCATTTGT,1
TGTAGCATGGGAAGCA,1
TGTAGCATGGGATGCA,1
TGTAGCATGGTACGCA,1
TGTAGCATGTGACGCA,1
TGTAGCATTGGACGCA,1
TGTAGCCCAAACCTTT,1
TGTAGCCCATTGTCAA,1
TGTAGCCGGCATTTAT,1
TGTAGCCTACCTTCTA,1
TGTAGCCTATAGATAC,1
TGTAGCCTTAAGGCGC,1
TGTAGCGACGGCTTTT,1
TGTAGCGATAAAGTCT,1
TGTAGCGGCCCAACGT,1
TGTAGCTAAAGTATGA,1
TGTAGCTAACTGAACT,1
TGTAGCTCCGCAATGA,1
TGTAGCTTGCCAGTAC,1
TGTAGGAATTTGGTAA,1
TGTAGGAGGGAGGCTA,1
TGTAGGCAAACTTACC,1
TGTAGGCGTGAGAGTG,1
TGTAGGGACCTTAGAG,1
TGTAGGGTATGGTTAG,1
TGTAGGTATCCTGACT,1
TGTAGGTGAAATATTT,1
TGTAGGTGTCGAGACA,1
TGTAGGTTCAAAGATT,1
TGTAGGTTGCAGGCTA,1
TGTAGTAAAGCGTTCA,1
TGTAGTACATTCGAAA,1
TGTAGTACGGAAGTGC,1
TGTAGTACTGTGCTAT,1
TGTAGTAGTTGAATAC,1
TGTAGTATAACCATCC,1
TGTAGTATAGCACTAT,1
TGTAGTATTTTGTATT,1
TGTAGTGATCAAAAAC,1
TGTAGTGATCTCTGTA,1
TGTAGTGCCCCAAAAT,1
TGTAGTGTATGATCGC,1
TGTAGTTAATGGTAAA,1
TGTAGTTAGCAGCCGA,1
TGTAGTTCCTAATATT,1
TGTAGTTTAACCCAAA,1
TGTAGTTTCTGTGTTT,1
TGTATAAAACCAAATA,1
TGTATAAAATTGGCTT,1
TGTATAAACATATATC,1
TGTATAAAGAGAGCGT,1
TGTATAACATCAATCA,1
TGTATAAGGCCCTAAC,1
TGTATAATATTAACTA,1
TGTATAATTTCCAGGA,1
TGTATACAAGGAAACT,1
TGTATACAATTCGATT,1
TGTATACACGGTCCAC,1
TGTATACCAGAACAAG,1
TGTATACCAGATCAAG,1
TGTATACCTTCATTTC,1
TGTATACGACATAAAA,1
TGTATACGCATACAAC,1
TGTATACGTCGCAACC,1
TGTATACTAACAGGTA,1
TGTATACTACAAGTAC,1
TGTATACTGTTTCCTG,1
TGTATAGAAAAATGCA,1
TGTATAGAAAAATGGG,1
TGTATAGAAGTCAAGT,1
TGTATAGAGAAATGAG,1
TGTATAGCAACATACA,1
TGTATAGCGTGATACC,1
TGTATAGCTTAACAGC,1
TGTATAGGAGGACATT,1
TGTATAGTTACCTACC,1
TGTATATCATAAGGCT,1
TGTATATCATAATGCA,1
TGTATATCCACTTATG,1
TGTATATGAAGGTATA,1
TGTATATGAATGTAAC,1
TGTATATTAGATTAGG,1
TGTATATTATAAGGCA,1
TGTATCAAAAGATAAT,1
TGTATCAAAAGCAAAG,1
TGTATCAATTGAGCCT,1
TGTATCACGCGCCCAA,1
TGTATCACGTAAGCAC,1
TGTATCACTTTAGCCT,1
TGTATCAGACCCTAAC,1
TGTATCAGGTCCTAAC,1
TGTATCAGTCGCAACC,1
TGTATCAGTTGAGCCT,1
TGTATCATAGGCTAAA,1
TGTATCATCTAAAAAG,1
TGTATCATGTATATTA,1
TGTATCATGTGATACT,1
TGTATCCCACAATAAC,1
TGTATCCCATCTCCCA,1
TGTATCCCCGAAGGGA,1
TGTATCCCGATATTTC,1
TGTATCCCTGTGCTAC,1
TGTATCCGAGCTGATA,1
TGTATCCGGCGCAACC,1
TGTATCCGGTATTAGG,1
TGTATCCGTAATAATC,1
TGTATCCGTAGCAACC,1
TGTATCCGTCGAAACC,1
TGTATCCGTCGCAATC,1
TGTATCCTTCGCAACC,1
TGTATCGAAGCCAAGT,1
TGTATCGAAGTAAAGT,1
TGTATCGACCCTAGTA,1
TGTATCGACTCTACTA,1
TGTATCGACTTTATTA,1
TGTATCGCACATAACA,1
TGTATCGGAGTAACGC,1
TGTATCGGAGTCAAGT,1
TGTATCGGATCACGTT,1
TGTATCGTCTAGCACA,1
TGTATCTACTCTAGTA,1
TGTATCTAGAAGACTG,1
TGTATCTCAAAAATGA,1
TGTATCTCAAAAGATT,1
TGTATCTTGTCATCGA,1
TGTATGACATGACGAA,1
TGTATGAGAAAGGACG,1
TGTATGAGATCACGTT,1
TGTATGAGGTACTCGA,1
TGTATGCAACGGTTAC,1
TGTATGCACTAACATT,1
TGTATGCAGTGCTTAA,1
TGTATGCTAAACGCGC,1
TGTATGCTAACCTTTC,1
TGTATGCTTATAGATA,1
TGTATGGAAATAATAG,1
TGTATGGAGCTACCAT,1
TGTATGGTCAAATATA,1
TGTATGTACTCTACTT,1
TGTATGTCACATTAGT,1
TGTATGTCGCATTCGT,1
TGTATGTCTAAAGGGT,1
TGTATGTTTTAAAACT,1
TGTATTAAACCTATAA,1
TGTATTAACAAATAAA,1
TGTATTAATTTATTGA,1
TGTATTACAGACTTAC,1
TGTATTACCACCCTTG,1
TGTATTAGCAGCAACC,1
TGTATTCAACTTCTTG,1
TGTATTCAAGAAAAGT,1
TGTATTCAAGGAATTA,1
TGTATTCAAGGGATCA,1
TGTATTCAAGTAATCA,1
TGTATTCAGAGATTGC,1
TGTATTCCCCTTAAAT,1
TGTATTCGACTATCTA,1
TGTATTCGGAGCCTCA,1
TGTATTCGGAGGCACA,1
TGTATTCGGAGGCTTA,1
TGTATTCGGAGTCTCA,1
TGTATTCGGGGGCTCA,1
TGTATTCGTAGGCTCA,1
TGTATTCTGAGGCTCA,1
TGTATTCTGTCAGCTT,1
TGTATTGAACTTGTAA,1
TGTATTGAAGACTTAC,1
TGTATTGAAGCAAAGT,1
TGTATTGCAGAATTAC,1
TGTATTGCATTAGAAT,1
TGTATTGCCACCGTTG,1
TGTATTGCCCTTTCGG,1
TGTATTTAATCTACAC,1
TGTATTTCATTGATCG,1
TGTATTTCCCACCGTT,1
TGTATTTCCTTGTGTT,1
TGTATTTCTACGCCAT,1
TGTATTTGCATAGCCT,1
TGTATTTGCATTCCTT,1
TGTATTTTCGGTGTGA,1
TGTCAAAAAGAGCTAA,1
TGTCAAAACAAAACAA,1
TGTCAAAATAATCAGC,1
TGTCAAACCCTGTTCA,1
TGTCAAACCTGGTTAT,1
TGTCAAACTACGATTT,1
TGTCAAACTTGGTTAC,1
TGTCAAATAAAGAACA,1
TGTCAAATATTACGAA,1
TGTCAACAAAGGATCA,1
TGTCAACAACAATATC,1
TGTCAACACCTGTTCA,1
TGTCAACCAAAACCAC,1
TGTCAACCAACGATTT,1
TGTCAACCACTGTTCA,1
TGTCAACCCATGTTCA,1
TGTCAACCCCTATTCA,1
TGTCAACCCCTGTTTA,1
TGTCAACCCCTTTTCA,1
TGTCAACCCTACAACA,1
TGTCAACCCTTGTTCA,1
TGTCAACCGCTGTTCA,1
TGTCAACCTAATACAT,1
TGTCAACCTGCGATTT,1
TGTCAACGTATTTAAG,1
TGTCAACGTCGTAATT,1
TGTCAACTAGTCAAGT,1
TGTCAACTAGTTAATA,1
TGTCAAGCAGGTTTCT,1
TGTCAAGCAGTATTTT,1
TGTCAAGCCCTGTTCA,1
TGTCAAGCTTTATATT,1
TGTCAAGGAAAGAATT,1
TGTCAAGGAGTATTTC,1
TGTCAAGGGGTATTTT,1
TGTCAATAGACAAATC,1
TGTCAATAGCCAAATA,1
TGTCAATCATCATAGG,1
TGTCACAAAAATGACT,1
TGTCACAAAAATGCAT,1
TGTCACAAAAATTCCT,1
TGTCACACGAAAGAAA,1
TGTCACATCAAAGATC,1
TGTCACATCAATTTAT,1
TGTCACATCAGTGGCA,1
TGTCACATCCAGTACA,1
TGTCACCCCCCGAAGC,1
TGTCACCGAGATACAA,1
TGTCACCGCAATACAA,1
TGTCACCGCGATAAAA,1
TGTCACCGCGATACAG,1
TGTCACCGCTATACAA,1
TGTCACCGTGATACAA,1
TGTCACCTAAGTCAAA,1
TGTCACCTAGATTAAG,1
TGTCACCTCGATACAA,1
TGTCACCTTTATCAAT,1
TGTCACGGGGAGAATC,1
TGTCACGGGTTTAAGC,1
TGTCACGTAAATTAGA,1
TGTCACGTACACGGAT,1
TGTCACGTCAATTATA,1
TGTCACTACAATAATT,1
TGTCACTAGATATTAC,1
TGTCACTGATCAATTT,1
TGTCACTGATCCGTTT,1
TGTCACTTATCCATTT,1
TGTCACTTCTTCGTAG,1
TGTCAGAAAAACGAAA,1
TGTCAGAAAGAATATA,1
TGTCAGAATTACATCC,1
TGTCAGAATTTAGTAA,1
TGTCAGATATTAAAGT,1
TGTCAGATGGAAGTAA,1
TGTCAGCAAGTTTTGT,1
TGTCAGCGACAAAGCC,1
TGTCAGCGTATTGAAG,1
TGTCAGTAACCCACCC,1
TGTCAGTGATAGAGTT,1
TGTCAGTGATTCCCAT,1
TGTCAGTGTTAGGGTT,1
TGTCAGTGTTGGAGTT,1
TGTCATACACCTAATT,1
TGTCATACTAGATATT,1
TGTCATCGCGATACAA,1
TGTCATGATACAATCA,1
TGTCATGTATATTCTC,1
TGTCATGTTATCATAA,1
TGTCATTCGCTTAATG,1
TGTCATTGTTAGAGTT,1
TGTCCAAAATCTGATG,1
TGTCCAAACCAAATCC,1
TGTCCAAAGAATGGAG,1
TGTCCAAAGTAACCGA,1
TGTCCAACGATTCACC,1
TGTCCAACTAATCGCC,1
TGTCCAAGAAAATGCT,1
TGTCCAAGTATCGACT,1
TGTCCAAGTTAGTGAG,1
TGTCCAATACTCTAAT,1
TGTCCACACGTGTTAT,1
TGTCCACATACACTAG,1
TGTCCACATTGATAAG,1
TGTCCACCCCCTGTAT,1
TGTCCACCTAATAAAT,1
TGTCCACCTTTAACAA,1
TGTCCACTTATGCATC,1
TGTCCAGATATTCACA,1
TGTCCAGGCTAACACT,1
TGTCCAGGGACCATAC,1
TGTCCAGTACTGAACT,1
TGTCCATATCCACCAA,1
TGTCCATCAATTGAGA,1
TGTCCATGTATAGGAA,1
TGTCCATTAAGAACCG,1
TGTCCATTCTATAACA,1
TGTCCCAAAACCTCCA,1
TGTCCCAATTAAAACG,1
TGTCCCAATTAAGACT,1
TGTCCCACGCAATGAA,1
TGTCCCACTCTTGGAT,1
TGTCCCAGTAAAAAAT,1
TGTCCCAGTTAGTGAA,1
TGTCCCATAGAGACAG,1
TGTCCCATTTAGTGAG,1
TGTCCCCAACAAAATA,1
TGTCCCCACAACACAG,1
TGTCCCCACAATTCAT,1
TGTCCCCAGAACACAG,1
TGTCCCCCATTGTGCA,1
TGTCCCCCTGATACCG,1
TGTCCCCTGCCCCAAG,1
TGTCCCGAAAAAAATA,1
TGTCCCGAACTTAGGA,1
TGTCCCGAAGCAAAAT,1
TGTCCCGACTAAAATA,1
TGTCCCGCATCCGTCT,1
TGTCCCGCTTATAGCT,1
TGTCCCGGTTAGTGAG,1
TGTCCCTAAACAAAAT,1
TGTCCCTCTCTACATA,1
TGTCCCTTATCGACCA,1
TGTCCCTTTAGCCCAG,1
TGTCCGAACAATTAAA,1
TGTCCGAACCACACTA,1
TGTCCGAGACAAACAA,1
TGTCCGAGACGAAAGC,1
TGTCCGATACCATGAA,1
TGTCCGATATTATCTA,1
TGTCCGCACACCATGA,1
TGTCCGCATCGATTAA,1
TGTCCGCCTAATACAT,1
TGTCCGCCTGCTGGAA,1
TGTCCGTACTTTGGTC,1
TGTCCGTAGCCACCAA,1
TGTCCGTATGTGTTTA,1
TGTCCGTCCAAAGATC,1
TGTCCGTTAAACGCGA,1
TGTCCGTTTCCACCAA,1
TGTCCTAAATAAGAAG,1
TGTCCTAACGACTGAA,1
TGTCCTACCGGGTCAC,1
TGTCCTATAAAAGAAG,1
TGTCCTATAACAATTG,1
TGTCCTATATAAGAAT,1
TGTCCTATATAAGAGG,1
TGTCCTATATAGGAAG,1
TGTCCTATTCAAAGAA,1
TGTCCTATTTAAGAAG,1
TGTCCTCGCAACCAAG,1
TGTCCTCTCGAACCAA,1
TGTCCTTAATGACTGT,1
TGTCCTTATCCACCAA,1
TGTCCTTCAATGCCAC,1
TGTCCTTCACTCCCAC,1
TGTCCTTCGAGGTACA,1
TGTCCTTTCAAACCAA,1
TGTCCTTTCGAAACAA,1
TGTCCTTTCTAACCAA,1
TGTCCTTTTGTCCACT,1
TGTCGAAAAAAGATGA,1
TGTCGAAAACACTATC,1
TGTCGAAATAGACTTA,1
TGTCGAAATGATTTTT,1
TGTCGAACCAAGCTGT,1
TGTCGAACCTGGTTAC,1
TGTCGAACGAAGATGA,1
TGTCGAATTATGTAGA,1
TGTCGACATTGAAACA,1
TGTCGACCCCCAAACC,1
TGTCGACCGTAAAACA,1
TGTCGACCTAATACAT,1
TGTCGACCTTGAAAAA,1
TGTCGACCTTGAACCA,1
TGTCGACGTATCAAAA,1
TGTCGACTAATGGTCA,1
TGTCGAGATGTAACCC,1
TGTCGAGTACCGACCC,1
TGTCGATATTAAACAC,1
TGTCGATCAGATCAAC,1
TGTCGATCTATAGGAA,1
TGTCGATTGACCATAC,1
TGTCGATTGCCCACAC,1
TGTCGATTGCCCATAA,1
TGTCGATTTCCCATAC,1
TGTCGCATAAAAAAAT,1
TGTCGCCCAATTAACA,1
TGTCGCCCACCAAACC,1
TGTCGCCCCACAAACC,1
TGTCGCCCCCAAAACC,1
TGTCGCCGATAGGCAC,1
TGTCGCCGGCTAACGT,1
TGTCGCCTAATCACCC,1
TGTCGCCTGCTACCGT,1
TGTCGCGAATTACTAA,1
TGTCGCGCCTCCGTCA,1
TGTCGCGGAAAAAGTA,1
TGTCGCGGATAGGCAT,1
TGTCGCGGATAGTCAC,1
TGTCGCGTGTACTAAG,1
TGTCGCGTTTTGTAAG,1
TGTCGCTACATCGTCC,1
TGTCGCTATGTAAAGT,1
TGTCGCTTACATGAGA,1
TGTCGGAACGGCTGCT,1
TGTCGGACCTTAAATA,1
TGTCGGACTGCTGTAC,1
TGTCGGATTAAAAAGG,1
TGTCGGATTCCCACAC,1
TGTCGGGGTAATATCT,1
TGTCGGTCAGCATAGG,1
TGTCGGTGAGCTCTAC,1
TGTCGGTTTCAATGTT,1
TGTCGTACACCTTAGG,1
TGTCGTATCCATCTCT,1
TGTCGTATCTCGGACG,1
TGTCGTATTGACCACT,1
TGTCGTCAAACGATAA,1
TGTCGTCAACAATAGA,1
TGTCGTCATACATTAG,1
TGTCGTCTATCCGACC,1
TGTCGTCTGCTATGCC,1
TGTCGTTAACAGCCGA,1
TGTCGTTAGAAGCCGA,1
TGTCGTTAGCATCCGA,1
TGTCGTTATCAGCCGA,1
TGTCGTTCCGTTATCC,1
TGTCGTTGGCTCGTAG,1
TGTCTAAAAGTTTATG,1
TGTCTAAAATATTGGA,1
TGTCTAAAGTCCAGAG,1
TGTCTAAATCCAAATA,1
TGTCTAAATTGCTATT,1
TGTCTAACACATAACA,1
TGTCTAACATGACGAA,1
TGTCTAACGTGAACAA,1
TGTCTAACTTCCAGGA,1
TGTCTAAGCCCTTTCG,1
TGTCTAATAGAAAAAC,1
TGTCTAATTTACAGGA,1
TGTCTAATTTCCGGGA,1
TGTCTACCAGCTTAAG,1
TGTCTACCGGCACTAT,1
TGTCTACCGTTACTAT,1
TGTCTACCTGTACTAT,1
TGTCTACGACAGCCAT,1
TGTCTACTGTTTAGCG,1
TGTCTAGCACATAACA,1
TGTCTAGGCCAACCCT,1
TGTCTAGTATGTTACC,1
TGTCTATACCGCTATG,1
TGTCTATATACACATC,1
TGTCTATGTAGAATGG,1
TGTCTATGTGAATTTT,1
TGTCTATTCAATCCGA,1
TGTCTCAAACTTAAAA,1
TGTCTCAATGTATATT,1
TGTCTCACCTAGGTTA,1
TGTCTCAGCAGCAACC,1
TGTCTCAGCGGTACAC,1
TGTCTCATAAAACTTC,1
TGTCTCATAAATCACC,1
TGTCTCATCACACCAT,1
TGTCTCCCGTGTTAAA,1
TGTCTCCGGCTACCGT,1
TGTCTCGACGACTAGA,1
TGTCTCGGTTCTATTA,1
TGTCTCTAGAGTGTAT,1
TGTCTGACAATTGTAG,1
TGTCTGACACGCAATA,1
TGTCTGACATGACCAA,1
TGTCTGACATTACGAA,1
TGTCTGAGAAAAACAA,1
TGTCTGCCTTATTAAC,1
TGTCTGCGCCGATCCT,1
TGTCTGCTACATAGAG,1
TGTCTGGTATCTATTA,1
TGTCTGTATCCACCAA,1
TGTCTGTGAGATTCAT,1
TGTCTGTTATTCTAAA,1
TGTCTTAAAACATCTA,1
TGTCTTAAAATCAACT,1
TGTCTTAATGGTAAAT,1
TGTCTTAATGGTTAAT,1
TGTCTTACATCCAGTA,1
TGTCTTAGAAGCAACC,1
TGTCTTAGACTATCTA,1
TGTCTTAGCAGCAACA,1
TGTCTTAGCAGCAACT,1
TGTCTTAGTAGCAACC,1
TGTCTTAGTCCATAAA,1
TGTCTTATATAAGAAG,1
TGTCTTATCAGCAACC,1
TGTCTTATGCATTCGC,1
TGTCTTATTAAAAAAT,1
TGTCTTATTCATTCGT,1
TGTCTTCCCTCCAAAT,1
TGTCTTCGAATATCTA,1
TGTCTTCGACTATCCA,1
TGTCTTCGACTATCTC,1
TGTCTTCTAGTATAAA,1
TGTCTTGAACACGATC,1
TGTCTTGACGAATAGA,1
TGTCTTGACTACTAGA,1
TGTCTTGAGAAGAAAA,1
TGTCTTGAGGACTAGA,1
TGTCTTGATGACTAGA,1
TGTCTTGATGGTGAAT,1
TGTCTTGGAATCGGGG,1
TGTCTTGGTCACGGAT,1
TGTCTTGGTCACTCAT,1
TGTCTTGTAATCAAAA,1
TGTCTTTAATTGCCAA,1
TGTCTTTCCATATAAA,1
TGTCTTTCGCAAGACC,1
TGTCTTTCGTAAAAAG,1
TGTCTTTCTAGATAAA,1
TGTCTTTCTGTATATG,1
TGTCTTTGATGTCCAA,1
TGTCTTTTAGAAAAAG,1
TGTCTTTTAGTAACAA,1
TGTGAAAACTCAATCG,1
TGTGAAAATAACTATC,1
TGTGAAAATGATGCAC,1
TGTGAAAGTAATAAAA,1
TGTGAAATCGAACGCC,1
TGTGAAATTCACGCCC,1
TGTGAACAAACTGCGA,1
TGTGAACAATAACACT,1
TGTGAACATGTTTAAA,1
TGTGAACCGACCAAAT,1
TGTGAACGCCGTGACA,1
TGTGAACGTAAAATTA,1
TGTGAAGAAACAATCA,1
TGTGAAGAGCTCCTAA,1
TGTGAATAACTGCCAA,1
TGTGAATAAGTCCATA,1
TGTGAATATACAGTAT,1
TGTGAATATTCAAACA,1
TGTGAATGAAACCAAG,1
TGTGAATGCTAAAGCA,1
TGTGACAAAATCATTT,1
TGTGACAAGAATTAAA,1
TGTGACACCACGAACA,1
TGTGACACTGGGTTTG,1
TGTGACAGCAACTGTG,1
TGTGACATAAACAGAA,1
TGTGACATAAATTACG,1
TGTGACATCGAAAGCC,1
TGTGACATCGAACTCC,1
TGTGACATTTAGACAT,1
TGTGACCAAATCGTTT,1
TGTGACCCTAAATCCT,1
TGTGACCTAGCCGTTG,1
TGTGACCTCGGCTGAA,1
TGTGACGAACCTAAGA,1
TGTGACGATAAAGTCT,1
TGTGACGATACTCGAT,1
TGTGACGCATACAACC,1
TGTGACGGTAGTATTC,1
TGTGACGTATAAAATC,1
TGTGACGTTTAATCAA,1
TGTGACTAAGCCGTTG,1
TGTGACTAGAATAGTT,1
TGTGACTTAGCCATTG,1
TGTGACTTAGCCTTTG,1
TGTGACTTAGGCGTTG,1
TGTGACTTATCCGTTG,1
TGTGACTTTAACCAAG,1
TGTGAGAAAGTGAACC,1
TGTGAGACAGAGAATT,1
TGTGAGATACACATAT,1
TGTGAGATTCTGAGCT,1
TGTGAGCCCAGTTAAA,1
TGTGAGCGTGGCATGC,1
TGTGAGCTCATGCCAC,1
TGTGAGGGAGATTACT,1
TGTGAGTAACTTTCGT,1
TGTGAGTACGCGCTGT,1
TGTGAGTCTGTTAGAA,1
TGTGAGTTATAACAAT,1
TGTGAGTTCATGCAAC,1
TGTGAGTTCATGCCAA,1
TGTGAGTTCATGCTAC,1
TGTGAGTTGAACGTAA,1
TGTGATAAGATATTGG,1
TGTGATAATGTCAGAG,1
TGTGATACAAAAATGT,1
TGTGATACATAACCTG,1
TGTGATACCAAGATCT,1
TGTGATACTATTCGAT,1
TGTGATATAGCAACTA,1
TGTGATATAGCAACTT,1
TGTGATATCTAAGCGG,1
TGTGATCTAAAAAAAT,1
TGTGATCTGATTCGAA,1
TGTGATGAATTAGAAT,1
TGTGATGATAATCGCG,1
TGTGATGCCGTGCGAG,1
TGTGATGCTCCAAATA,1
TGTGATGGCAGATTGT,1
TGTGATTAGCGCTTGG,1
TGTGATTCACTGAAAA,1
TGTGATTCCGTACGAG,1
TGTGATTGACCATTCG,1
TGTGATTTAGCCGTTG,1
TGTGATTTCATGCCAC,1
TGTGCAAAAACCTCAC,1
TGTGCAAAAATCTCCA,1
TGTGCAACTGGGCCAT,1
TGTGCAATAAAGCCAT,1
TGTGCAATACTAAACT,1
TGTGCAATCAATTGAA,1
TGTGCAATTACAAAAA,1
TGTGCAATTCAAACCC,1
TGTGCACAAATCTCAA,1
TGTGCACAAATCTCCG,1
TGTGCACAGATCTCCA,1
TGTGCACCACGGAATA,1
TGTGCACCGTAGACAG,1
TGTGCACTAGAAACGA,1
TGTGCAGAAGTAGCGC,1
TGTGCATAACTACCTA,1
TGTGCATAATGTAGTG,1
TGTGCATAGCTACCTA,1
TGTGCATCGACATTCA,1
TGTGCATGGTACACAA,1
TGTGCATGGTCCACGA,1
TGTGCATTGACAAGGT,1
TGTGCCAAAAACCCAA,1
TGTGCCACTGATTAGC,1
TGTGCCAGAAAACATG,1
TGTGCCAGTTGTAAGA,1
TGTGCCATAAACTGCC,1
TGTGCCATTCCGCCAG,1
TGTGCCCCCATAGCAA,1
TGTGCCCCGAGAGCAC,1
TGTGCCCCGAGAGTAG,1
TGTGCCCCTCCAACTT,1
TGTGCCCTACCCCGCA,1
TGTGCCCTACCGCTCA,1
TGTGCCCTACTGCGCA,1
TGTGCCCTTAAAGTGC,1
TGTGCCGATTAGTCCA,1
TGTGCCTAAAAACCAA,1
TGTGCCTACGCCGACA,1
TGTGCCTAGAACCCAA,1
TGTGCCTATGAAAATA,1
TGTGCCTCGAGAGCAG,1
TGTGCCTTAGGACAGA,1
TGTGCCTTCGCTTCAA,1
TGTGCCTTTAAAGGCC,1
TGTGCGAAGATGATTC,1
TGTGCGAATGAAAAAA,1
TGTGCGATGATGCCAA,1
TGTGCGCGTGACATGC,1
TGTGCGCGTGGCACGC,1
TGTGCGCGTGTCATGC,1
TGTGCGCGTTGCATGC,1
TGTGCGGCTCTTTAAC,1
TGTGCGGTGCTTTAAC,1
TGTGCGGTTCTCTAAC,1
TGTGCGTACGCGATGT,1
TGTGCGTACGCGCTAT,1
TGTGCGTACGCGCTGC,1
TGTGCGTACGCGCTTT,1
TGTGCGTACGCTCTGT,1
TGTGCTACAGAACTAA,1
TGTGCTACCACGATAC,1
TGTGCTACCACTATAT,1
TGTGCTACCAGGATAT,1
TGTGCTACGACGATAT,1
TGTGCTAGAGTTGAGA,1
TGTGCTCATACTTAGC,1
TGTGCTCCGGCACAAA,1
TGTGCTCGTGGCATGC,1
TGTGCTGCATTCATGA,1
TGTGCTTAAAAATTTC,1
TGTGCTTAAACATTAC,1
TGTGCTTCGAACTGGC,1
TGTGCTTCTTCCTTCA,1
TGTGCTTTATCCTTCA,1
TGTGCTTTTTACTTCA,1
TGTGCTTTTTCCCTCA,1
TGTGGAAGAAAAGTTC,1
TGTGGAATGCATTATA,1
TGTGGAATTTGTTGCA,1
TGTGGACCTCCAAGTC,1
TGTGGACCTGCGCGCT,1
TGTGGAGAACTAGTCA,1
TGTGGAGACGTGGTCG,1
TGTGGAGATGAAAAAA,1
TGTGGATAGCGATATG,1
TGTGGATCACTGATAA,1
TGTGGATGAAACGCAG,1
TGTGGATGTAACTACA,1
TGTGGATTATAATGCA,1
TGTGGCAAACATACGA,1
TGTGGCAGAACCTTAC,1
TGTGGCATCGAACGCC,1
TGTGGCCATAAGATTT,1
TGTGGCCGATTCAGCT,1
TGTGGCTCGAGACTCG,1
TGTGGGAGTGAGTGAT,1
TGTGGGTAAGCGAAAC,1
TGTGGGTAATGATGAA,1
TGTGGGTTCATGCCAC,1
TGTGGTCCAACTAAAT,1
TGTGGTCGAAATTAAC,1
TGTGGTCGATCCGAAG,1
TGTGGTCGGCCGTACC,1
TGTGGTGAAGAAAGAA,1
TGTGGTGACATCGAAT,1
TGTGGTGATATAGAAT,1
TGTGGTGATTAACAGG,1
TGTGGTGCTTAAAAGG,1
TGTGGTGCTTAACAGT,1
TGTGGTGGTCATGGCA,1
TGTGGTGTAAGTAATA,1
TGTGGTGTTACTTTGT,1
TGTGGTTCCATCCCGT,1
TGTGGTTGGCCGTGCC,1
TGTGTAAAACATGTAT,1
TGTGTAAAAGCTCCAG,1
TGTGTAAACAACTTGA,1
TGTGTAAACATTGAAA,1
TGTGTAACAGAAGCTA,1
TGTGTAACTCACCCCA,1
TGTGTAACTGAAGATA,1
TGTGTAACTGGAGCTA,1
TGTGTAACTTAAGCTA,1
TGTGTAAGAAAAAAGT,1
TGTGTAAGAAACAAAT,1
TGTGTAAGGTAAATAG,1
TGTGTAATCAGACTGT,1
TGTGTAATGCAGTATA,1
TGTGTACAGAATATGT,1
TGTGTACTAGATTGGA,1
TGTGTAGAACCGCGCC,1
TGTGTAGAATGCAGAT,1
TGTGTAGAGCGAAACC,1
TGTGTAGATTAAAAAT,1
TGTGTAGGAAACAAGT,1
TGTGTAGTGGGTAGAT,1
TGTGTATACCGATATG,1
TGTGTATACCGCTATT,1
TGTGTATCCTTAGAAG,1
TGTGTATGCCGCTATG,1
TGTGTATGTAATTTAT,1
TGTGTCATTACCAAAA,1
TGTGTCGAGGGTTGCC,1
TGTGTCGATGGTTGCA,1
TGTGTCGATGGTTGGC,1
TGTGTCGATGGTTTCC,1
TGTGTCGCTAGCGAGT,1
TGTGTCGTAGGTAGAT,1
TGTGTCTAAAACCCAA,1
TGTGTCTCTACCAAAT,1
TGTGTCTCTGCTCACG,1
TGTGTCTTAAAAAGTG,1
TGTGTCTTAAAGAAGG,1
TGTGTGAAATCTCAGG,1
TGTGTGAAGGCGGGCT,1
TGTGTGAATACTGCCC,1
TGTGTGCACACTGCCC,1
TGTGTGCATATTGCCC,1
TGTGTGCGTACTGCCC,1
TGTGTGCGTATCCGTG,1
TGTGTGCGTGGCATGC,1
TGTGTGGAGATACCAT,1
TGTGTGGATACTGCCC,1
TGTGTGGTAAAAATGT,1
TGTGTGTATAAAGGGT,1
TGTGTGTCCTCTCGGA,1
TGTGTGTCTAAAGGAT,1
TGTGTGTCTAAAGGGC,1
TGTGTGTCTAAGGGGT,1
TGTGTGTCTGAAGGGT,1
TGTGTGTTCGAACCTG,1
TGTGTTAATGAGACTA,1
TGTGTTCATTCATAAC,1
TGTGTTCCACTGAATT,1
TGTGTTCGGCCGTGCC,1
TGTGTTGAAAAGTTAA,1
TGTGTTGATATCGAAT,1
TGTGTTGATGAGAGTA,1
TGTGTTTTTTCCTTCA,1
TGTTAAAACATTAACT,1
TGTTAAACAAAACCAC,1
TGTTAAAGAAGAATCA,1
TGTTAAAGAGAACCCT,1
TGTTAAAGCCGCGAAC,1
TGTTAAAGTGAATAAC,1
TGTTAAATCAGGCATG,1
TGTTAACACACGCACA,1
TGTTAACACCCGAACA,1
TGTTAACACCCGCAAA,1
TGTTAACCGTTAAAAA,1
TGTTAACTAGCTACCA,1
TGTTAAGAAAAAAAGA,1
TGTTAAGATACAACTA,1
TGTTAAGATGATTGGG,1
TGTTAAGGAGTATTTT,1
TGTTAAGTTAAACTTA,1
TGTTAAGTTAATCTTA,1
TGTTAATAGAATATAC,1
TGTTAATAGAATTTAC,1
TGTTAATATAAAATAC,1
TGTTAATATGGCGAAT,1
TGTTAATCAAGTAAGC,1
TGTTAATCCATATGGC,1
TGTTAATCCGAAGTAG,1
TGTTAATGAAAACGCA,1
TGTTAATTGCGCGACA,1
TGTTACAAATATGAAG,1
TGTTACAAATCGGTGA,1
TGTTACAACTTACGGG,1
TGTTACAATTATAACA,1
TGTTACACTGATTGAA,1
TGTTACAGAATACAAG,1
TGTTACAGAGAACCTT,1
TGTTACAGAGAATCCT,1
TGTTACAGGCCCTTAC,1
TGTTACATCATACAGC,1
TGTTACATTTTTCCCT,1
TGTTACCCACAAAGTT,1
TGTTACCCCTTACGAG,1
TGTTACCCGGACATAA,1
TGTTACCCTTTACGGG,1
TGTTACCGATGGTGAC,1
TGTTACCGCGATACAA,1
TGTTACGAGTCACGCA,1
TGTTACGATACGACCG,1
TGTTACGGTGAAACAT,1
TGTTACGTATAACATC,1
TGTTACTAACAAGTTA,1
TGTTACTACAGACTTG,1
TGTTACTACAGATTTC,1
TGTTACTACGGATTGA,1
TGTTACTATCGCTTTA,1
TGTTACTCCTTACGGG,1
TGTTACTCTGGCTTGG,1
TGTTACTGAACGACAG,1
TGTTACTTACCCTTTG,1
TGTTACTTATCTTTTG,1
TGTTAGAAACATACTA,1
TGTTAGAACATCCCGA,1
TGTTAGAACCGAAAAC,1
TGTTAGAAGAACATAC,1
TGTTAGAATTCTATCG,1
TGTTAGACATAAGAAG,1
TGTTAGACTTCAGTAT,1
TGTTAGAGTGATTCAC,1
TGTTAGATAAAAAAGA,1
TGTTAGATCTTATTAC,1
TGTTAGATTCGAGCGA,1
TGTTAGATTTGCCGCA,1
TGTTAGGAAACGAATC,1
TGTTAGGCCTCGGAAC,1
TGTTAGGTTTCGTTCC,1
TGTTAGTCTACCAATA,1
TGTTAGTTCATGCCAC,1
TGTTATAAATGGCCAC,1
TGTTATAACCTTGGCC,1
TGTTATACTCCCAAGA,1
TGTTATAGCAAGAACA,1
TGTTATAGCAGGCACA,1
TGTTATAGGCAAAAAT,1
TGTTATATAAAACAAT,1
TGTTATATGGAACCAT,1
TGTTATATTTAACAAA,1
TGTTATCACCCTTGAG,1
TGTTATCGATCGAACT,1
TGTTATCTTCCCACGC,1
TGTTATGAAGGGGTAA,1
TGTTATGCCTCGTTGC,1
TGTTATGCGTAATTCG,1
TGTTATGCTCACACCT,1
TGTTATGGCAAGCACA,1
TGTTATGGCACTCGCC,1
TGTTATGTACAGTCAC,1
TGTTATGTAGATGATC,1
TGTTATTAACAATACA,1
TGTTATTAAGATTGAG,1
TGTTATTGAAGCAGAC,1
TGTTATTGTGGGAAAC,1
TGTTATTTATCACAAC,1
TGTTATTTATCACAAT,1
TGTTATTTTAACACAA,1
TGTTATTTTACAACGA,1
TGTTATTTTCGAGGCT,1
TGTTCAAACACGTCTT,1
TGTTCAACAAGACAAA,1
TGTTCAACAATATGGT,1
TGTTCAAGAAAACCGT,1
TGTTCAATAGAAAAAC,1
TGTTCAATGTGTAGTA,1
TGTTCACAATTCAAAC,1
TGTTCACAGTTCAAAT,1
TGTTCACATCCATTGT,1
TGTTCACCGGTCCAAA,1
TGTTCACCGTCGTCAA,1
TGTTCACCTAATACAT,1
TGTTCACTAAATTGCA,1
TGTTCAGAAGGTCCTA,1
TGTTCAGATACTATGC,1
TGTTCAGGCTCTGAAC,1
TGTTCATAAGAGGACA,1
TGTTCATACCTACCTA,1
TGTTCATCGGGCGAAT,1
TGTTCATCTGGAGAAT,1
TGTTCATCTGGCGGAT,1
TGTTCATGCCAGAGGG,1
TGTTCATGTATCGAAG,1
TGTTCATTAAACGGAT,1
TGTTCATTAAGAACAG,1
TGTTCATTAAGAACCA,1
TGTTCATTAATAACCG,1
TGTTCCAACTTGAAAC,1
TGTTCCACGATATCAT,1
TGTTCCCAACTGCCTA,1
TGTTCCCATAGATAAT,1
TGTTCCCCGATATAAT,1
TGTTCCCCGTCGTCAC,1
TGTTCCCCGTCGTTAA,1
TGTTCCCCTTCGTCAA,1
TGTTCCCGCTAATTTT,1
TGTTCCCGTTAATTTT,1
TGTTCCCTCAGGGAAA,1
TGTTCCCTTCGAGACG,1
TGTTCCGAAAATAAAG,1
TGTTCCGAACGCGAAC,1
TGTTCCGAGGTATTGA,1
TGTTCCGATGAAAATA,1
TGTTCCGCACGCGAAT,1
TGTTCCGTATTAGAAC,1
TGTTCCTAAAAGAGAA,1
TGTTCCTATTCAAAGA,1
TGTTCCTCCCCAATAC,1
TGTTCCTCGCTACATA,1
TGTTCCTCTATACATA,1
TGTTCCTTAAAACAAG,1
TGTTCCTTCATACTGA,1
TGTTCGAAACGCCATT,1
TGTTCGAAATAACGCT,1
TGTTCGAACCAAACCA,1
TGTTCGACAAGTATCC,1
TGTTCGATTCCAGCGA,1
TGTTCGATTCGAGCTA,1
TGTTCGCGTGGCATGC,1
TGTTCGCTAAAATTCG,1
TGTTCGCTTGTACACT,1
TGTTCGGACTCGGAAC,1
TGTTCGGCCCCGGAAC,1
TGTTCGGCCTCGGAAA,1
TGTTCGGCGTCGGAAC,1
TGTTCGGTTCTTTAAC,1
TGTTCGTCCTCGGAAC,1
TGTTCGTCGTCGTCAC,1
TGTTCGTGACATAGAT,1
TGTTCGTGACCACGCA,1
TGTTCGTGGTGGACTT,1
TGTTCGTTACCACGTA,1
TGTTCGTTTCAGAACA,1
TGTTCTAACAACGTCA,1
TGTTCTAATGAGAGAA,1
TGTTCTACATATTGGT,1
TGTTCTACCAGAGGAA,1
TGTTCTATTCGAGCGA,1
TGTTCTCAGCCTCGAA,1
TGTTCTCCGGTTTCCA,1
TGTTCTCTAACCATGT,1
TGTTCTGAACTGTTAA,1
TGTTCTGATAGAAGAC,1
TGTTCTGGATAAACCA,1
TGTTCTGGATACCCCA,1
TGTTCTTAGGAGCTGT,1
TGTTCTTAGGCTCTGT,1
TGTTCTTCATCAAACG,1
TGTTCTTCGATTTCGC,1
TGTTCTTTAAGTGCTT,1
TGTTCTTTCGAACCAA,1
TGTTCTTTTTCCTTCA,1
TGTTGAAACTAAAACC,1
TGTTGAACATATCGCT,1
TGTTGAATTCGTTCCC,1
TGTTGACATAAAACAG,1
TGTTGACGCCACAAAA,1
TGTTGACTTAATCTCG,1
TGTTGAGTCGACGGAT,1
TGTTGATAATGTCGCG,1
TGTTGATAGTAAAACA,1
TGTTGATGTAAAGCCT,1
TGTTGATTAACATTAT,1
TGTTGATTACTTAAAA,1
TGTTGATTTAACGCCT,1
TGTTGCAAAACATGTA,1
TGTTGCAAACAATGTA,1
TGTTGCAAATCTGTGA,1
TGTTGCAATTCCCTTA,1
TGTTGCACAAATGGAT,1
TGTTGCACACGTAAAC,1
TGTTGCAGCTGAACGA,1
TGTTGCATGTTTCCCT,1
TGTTGCATTTTCCCCT,1
TGTTGCATTTTTCCCA,1
TGTTGCCCCTGCATCA,1
TGTTGCCGCTGAACGT,1
TGTTGCCTCTGAACGA,1
TGTTGCCTTTGAAGTA,1
TGTTGCGTGGCGCAAG,1
TGTTGCTAACAATCGG,1
TGTTGCTATACTCGTG,1
TGTTGCTGTCTGTGGA,1
TGTTGCTTGTAGTTGC,1
TGTTGGAACTACGTCC,1
TGTTGGACGGACATAC,1
TGTTGGACGGCTACTC,1
TGTTGGATTGAAGCGT,1
TGTTGGTCTAAGGAGG,1
TGTTGGTGAACGTATA,1
TGTTGTAAATTGGTGA,1
TGTTGTAATAAGTAAC,1
TGTTGTACGGTTTCCA,1
TGTTGTATTGAAGCGA,1
TGTTGTCAAATTCCGT,1
TGTTGTCATGCAATTG,1
TGTTGTCCGGTTTACA,1
TGTTGTCCTGTTTCCA,1
TGTTGTCGATAAACCT,1
TGTTGTGCCAGACAAA,1
TGTTGTGGCTACTCTA,1
TGTTGTTAATACAAAA,1
TGTTGTTAGTAGTAAA,1
TGTTGTTTATTTAAAA,1
TGTTGTTTCTTACACA,1
TGTTGTTTTGGTCTCA,1
TGTTTAAAATTACCAA,1
TGTTTAAACCAAGAAG,1
TGTTTAAACTATTCCA,1
TGTTTAAGAATATGGT,1
TGTTTAAGCAGGTGAT,1
TGTTTAATAAACAAAA,1
TGTTTAATAAACAAAG,1
TGTTTAATAAACACTA,1
TGTTTAATAAATACAA,1
TGTTTAATAGAAAAAG,1
TGTTTAATAGAAAAAT,1
TGTTTAATGGAAAAAC,1
TGTTTACAAAACTAAG,1
TGTTTACAGTGGTTAG,1
TGTTTACCATCTAATT,1
TGTTTACCCGATCATC,1
TGTTTACCCTATACAA,1
TGTTTACCGCTTATAA,1
TGTTTACTCATCCATG,1
TGTTTAGATGAAAAAT,1
TGTTTAGATTACGCTT,1
TGTTTAGATTTTAGTT,1
TGTTTAGCGTCCACAC,1
TGTTTATAATCCGTCT,1
TGTTTATCACCTATCG,1
TGTTTATTAAGAACCG,1
TGTTTCAAAAAGCATC,1
TGTTTCAAACCATGTA,1
TGTTTCAAGTATTGTT,1
TGTTTCATATCTACCA,1
TGTTTCATCAGTGTAC,1
TGTTTCATTAGACATT,1
TGTTTCATTCCTACCA,1
TGTTTCATTTCTACCG,1
TGTTTCATTTCTACCT,1
TGTTTCATTTCTACTA,1
TGTTTCATTTCTACTT,1
TGTTTCCAACAATTGA,1
TGTTTCGATTATTGTT,1
TGTTTCGTGGGTAGAT,1
TGTTTCGTTTCTACCA,1
TGTTTCTAACAATACA,1
TGTTTCTAGGCAACGT,1
TGTTTCTGACTGAATC,1
TGTTTGAAAACGTACA,1
TGTTTGAAAACGTACC,1
TGTTTGAAATAGAACC,1
TGTTTGAATTGCGAGT,1
TGTTTGACAAGTATCA,1
TGTTTGACCACAGTTA,1
TGTTTGAGAACGTACT,1
TGTTTGAGTCATCAAA,1
TGTTTGATAGATGTCA,1
TGTTTGATTAGTGTAA,1
TGTTTGCATGCACCAT,1
TGTTTGCGGAGATGTA,1
TGTTTGCTATATCATG,1
TGTTTGTACTGTCCTG,1
TGTTTGTCTAAAGGGT,1
TGTTTGTGAACGTCTA,1
TGTTTTAGATATTGAA,1
TGTTTTAGATATTGGC,1
TGTTTTATAGAAAAAC,1
TGTTTTCAACGAAAAA,1
TGTTTTCCACCCATAC,1
TGTTTTCCATATGACT,1
TGTTTTTAAAATTACA,1
TGTTTTTCCCCCCAAA,1
TGTTTTTGCAATGGAT,1
TGTTTTTTAGAAAAAA,1
TGTTTTTTGAAATTGC,1
TTAAAAAAAATCTCTC,1
TTAAAAAAACATGAAG,1
TTAAAAAAACGCACTA,1
TTAAAAAAATCGAAAG,1
TTAAAAAAATCGCGAG,1
TTAAAAAAATCGCTAG,1
TTAAAAAACTATCAAC,1
TTAAAAAACTGCAGGG,1
TTAAAAAAGAAAGCAT,1
TTAAAAAAGCGCACTA,1
TTAAAAAAGGGATAAA,1
TTAAAAAAGGTCGCGC,1
TTAAAAAATACTACAT,1
TTAAAAAATAGGCATT,1
TTAAAAAATCACACTA,1
TTAAAAAATCAGCAAT,1
TTAAAAAATCATGGAA,1
TTAAAAAATCCAATCT,1
TTAAAAAATCTCACTA,1
TTAAAAAATCTTACAA,1
TTAAAAAATTCCAAAA,1
TTAAAAAATTGCACTA,1
TTAAAAACCATAGACT,1
TTAAAAACCTATGATG,1
TTAAAAACCTGACGAA,1
TTAAAAACGGAGAGCG,1
TTAAAAACGTAACTCG,1
TTAAAAACGTTGGGTA,1
TTAAAAACTCTTTCTG,1
TTAAAAACTTCAACAC,1
TTAAAAACTTTACTTT,1
TTAAAAAGAAAAAATA,1
TTAAAAAGAACTACTC,1
TTAAAAAGCTAATAGA,1
TTAAAAAGTCGAGTTG,1
TTAAAAAGTGTACCAC,1
TTAAAAATAAAAAATC,1
TTAAAAATAAGCTATG,1
TTAAAAATACAACTCA,1
TTAAAAATACGTAACG,1
TTAAAAATCAGCTATT,1
TTAAAAATCCCCGATC,1
TTAAAAATGAGCTATG,1
TTAAAAATGCGCGGTG,1
TTAAAAATTAAATAAA,1
TTAAAAATTAAATTAA,1
TTAAAACAAGGAACGG,1
TTAAAACAAGGACCTG,1
TTAAAACAAGGATCGG,1
TTAAAACAATGGTGAA,1
TTAAAACACAGAAGAG,1
TTAAAACACCAAGGAA,1
TTAAAACACGTAATGC,1
TTAAAACACTAAACCA,1
TTAAAACAGATTTACC,1
TTAAAACATAATTGAT,1
TTAAAACATCAGCGAT,1
TTAAAACATCGGCAAT,1
TTAAAACATGAAAAGC,1
TTAAAACGCTGACTGG,1
TTAAAACGGCTAAATA,1
TTAAAACTACGCACAA,1
TTAAAACTATAATAAC,1
TTAAAACTCATCAACA,1
TTAAAACTCCAGAGAA,1
TTAAAACTCTTCAGCC,1
TTAAAACTGCAGTTGA,1
TTAAAACTGCTGCGGC,1
TTAAAACTGGATATAT,1
TTAAAACTTCATACCC,1
TTAAAACTTCATTCAC,1
TTAAAACTTGCCGCCA,1
TTAAAAGAAAAGAGAA,1
TTAAAAGAATGTTCGT,1
TTAAAAGACAACCGGC,1
TTAAAAGAGGTAAATC,1
TTAAAAGATAATACAG,1
TTAAAAGATAGATACG,1
TTAAAAGCACCTGGCA,1
TTAAAAGCACTTGGGA,1
TTAAAAGCACTTGGTA,1
TTAAAAGCGATTCACC,1
TTAAAAGCGCTTGGCA,1
TTAAAAGCGTACCTGG,1
TTAAAAGCGTCCCTGA,1
TTAAAAGCGTCCCTTG,1
TTAAAAGCTAGCAGGA,1
TTAAAAGCTCTTAGCA,1
TTAAAAGCTTCCCTGG,1
TTAAAAGGAAGTTAGC,1
TTAAAAGGATGACTTT,1
TTAAAAGGGCCTCCAA,1
TTAAAAGGGGCTTAGA,1
TTAAAAGTAGACTTCT,1
TTAAAAGTAGATCTCT,1
TTAAAAGTATATTTCT,1
TTAAAAGTCGTAGAAC,1
TTAAAAGTTAAAGTCA,1
TTAAAAGTTATCAAAC,1
TTAAAATAAGGACCGG,1
TTAAAATAATCATAGA,1
TTAAAATACTTGTAAC,1
TTAAAATAGCCTCACA,1
TTAAAATATATGATTA,1
TTAAAATATCCCAAGA,1
TTAAAATATTAGACAG,1
TTAAAATATTTACCCA,1
TTAAAATCAAAACACA,1
TTAAAATCAAGACCCA,1
TTAAAATCAATCGGCC,1
TTAAAATCACACGAGT,1
TTAAAATCCCCAACGT,1
TTAAAATCCCTAACAT,1
TTAAAATCCGTAACGT,1
TTAAAATCCTTAACGT,1
TTAAAATCGAAATACA,1
TTAAAATCGAATCGAG,1
TTAAAATCGTCCCTGG,1
TTAAAATCTAAGTCAT,1
TTAAAATCTAGAATAC,1
TTAAAATCTAGCAGAA,1
TTAAAATCTCGATGGG,1
TTAAAATCTTAGAGTA,1
TTAAAATGAAAATACA,1
TTAAAATGAAAGACCA,1
TTAAAATGACACACCA,1
TTAAAATGACAGACGA,1
TTAAAATGACAGGCCA,1
TTAAAATGACATACCA,1
TTAAAATGAGAGACCA,1
TTAAAATGCCTGGAAC,1
TTAAAATGGCACCCAG,1
TTAAAATGTCCATCCA,1
TTAAAATTAAAATACA,1
TTAAAATTAGAACTAA,1
TTAAAATTATGAACAC,1
TTAAAATTCACGTATG,1
TTAAAATTGCCTGTTA,1
TTAAAATTGGAACCAA,1
TTAAAATTGGAAGGCC,1
TTAAAATTGGCAGGAC,1
TTAAAATTGGCGGGCC,1
TTAAAATTGGGACTAA,1
TTAAAATTTAACATGG,1
TTAAACAAAAACAACC,1
TTAAACAACACTCATC,1
TTAAACAAGACATACC,1
TTAAACAAGATAGGTG,1
TTAAACAATCACGGAA,1
TTAAACAATCATAGAA,1
TTAAACAATTTTACCT,1
TTAAACACACAACTCA,1
TTAAACACAGGAGACG,1
TTAAACACCAGTATAT,1
TTAAACACTCTTTCTT,1
TTAAACAGAAAGATAG,1
TTAAACAGAGAGCAAT,1
TTAAACAGAGTTAATA,1
TTAAACAGCCAATAGA,1
TTAAACAGCTAGTAGA,1
TTAAACAGCTGATAGA,1
TTAAACATCAAGTGCA,1
TTAAACATCATCTGAT,1
TTAAACATCCTAACAT,1
TTAAACATGAAAGAGG,1
TTAAACCAAAAATGAA,1
TTAAACCAGGAATCTT,1
TTAAACCAGTCTTACA,1
TTAAACCCGAAAGAGG,1
TTAAACCCTCACTATT,1
TTAAACCGATGTTTAG,1
TTAAACCGTGAAAAAG,1
TTAAACCGTTAATTAC,1
TTAAACCTAAATATAA,1
TTAAACCTCAAAGCGT,1
TTAAACCTGAAAGAGA,1
TTAAACCTGAAGCCTG,1
TTAAACGAATAGACAA,1
TTAAACGACCGTTAAT,1
TTAAACGATCATGGAA,1
TTAAACGATGCCGACG,1
TTAAACGCCAATTAGC,1
TTAAACGCTTCAAATG,1
TTAAACGGCACGCGGG,1
TTAAACGGCTCTTGGA,1
TTAAACGTAATGCTGT,1
TTAAACGTTAAAACTG,1
TTAAACGTTAACACTT,1
TTAAACGTTAACATTG,1
TTAAACTAACTGCTCC,1
TTAAACTATCCTTGTT,1
TTAAACTCCTAAACCC,1
TTAAACTCTCTACTAT,1
TTAAACTGTACCGTGT,1
TTAAACTGTTTAGGTA,1
TTAAACTTACGATATG,1
TTAAACTTCCGTGGTG,1
TTAAACTTTAGAACGG,1
TTAAACTTTAGACATT,1
TTAAAGAAATCGCAAG,1
TTAAAGAACAACGCAA,1
TTAAAGAACCGTCCAG,1
TTAAAGAATGCTTCTA,1
TTAAAGAATTAATGAT,1
TTAAAGAATTCTAGAG,1
TTAAAGACAACAATTA,1
TTAAAGACCGACAAAA,1
TTAAAGACTCTTTCTG,1
TTAAAGAGACGGTAAT,1
TTAAAGAGATATAACG,1
TTAAAGAGCCGCCTTA,1
TTAAAGAGTAAACTTG,1
TTAAAGATCAGCTATG,1
TTAAAGATCCGGAATT,1
TTAAAGATCTCACATG,1
TTAAAGATGTACTATA,1
TTAAAGATGTCACGTG,1
TTAAAGCACCTAACCC,1
TTAAAGCAGAAACACA,1
TTAAAGCAGACACTAT,1
TTAAAGCAGGTAGATT,1
TTAAAGCAGTCGTGAA,1
TTAAAGCAGTTAGCTT,1
TTAAAGCCAATCGCCC,1
TTAAAGCCCGTGGCCC,1
TTAAAGCCTAAGACTG,1
TTAAAGCGATTGCTTT,1
TTAAAGCGGTATAACG,1
TTAAAGCGTAACATAA,1
TTAAAGCGTATGCTCA,1
TTAAAGCTCGTTTTGT,1
TTAAAGCTTATCTTGG,1
TTAAAGCTTTATTAGT,1
TTAAAGGAATCTGATA,1
TTAAAGGAGACATCCT,1
TTAAAGGATCGGAATA,1
TTAAAGGCAGGGAACT,1
TTAAAGGCAGTGACCT,1
TTAAAGGCGACAAAGA,1
TTAAAGGCTATATGGC,1
TTAAAGGCTCCCTAAC,1
TTAAAGGCTTCATAAC,1
TTAAAGGGAGCCAAAG,1
TTAAAGGTTGAGACTA,1
TTAAAGGTTTGTCAAT,1
TTAAAGGTTTGTTACG,1
TTAAAGTAGTCCTCAC,1
TTAAAGTCATAGGTCC,1
TTAAAGTCCCTGATTT,1
TTAAAGTCTACAAAGA,1
TTAAAGTTAACGTATG,1
TTAAAGTTAATCAGAT,1
TTAAAGTTCTAAATTC,1
TTAAAGTTGAATCGAG,1
TTAAAGTTGGAACTAA,1
TTAAAGTTTTGAACAT,1
TTAAATAAAACAAGAC,1
TTAAATAAAATTACTG,1
TTAAATAAATAAAAAA,1
TTAAATAACAGAAGAG,1
TTAAATAAGTATGGTC,1
TTAAATACGTGATAGC,1
TTAAATAGCATGATGA,1
TTAAATAGGACAAACT,1
TTAAATAGGGTAACGC,1
TTAAATATAAGACTGA,1
TTAAATATCCTGATGA,1
TTAAATATCTTCTTAT,1
TTAAATATGAGCGAAC,1
TTAAATATTAAAAACT,1
TTAAATATTGAGACCA,1
TTAAATCAAAGAAGAG,1
TTAAATCAACACAACG,1
TTAAATCACACAGTTC,1
TTAAATCATTACAAAG,1
TTAAATCCAATATGGA,1
TTAAATCCATAAGGAG,1
TTAAATCCCATGCATT,1
TTAAATCCTGGACGCT,1
TTAAATCGCGTCTACA,1
TTAAATCGGCATGGAC,1
TTAAATCGTTGGCCAC,1
TTAAATCTAGTATAGT,1
TTAAATCTTATAAAAA,1
TTAAATCTTTATATAC,1
TTAAATCTTTGAAGCA,1
TTAAATGAAAAATGTC,1
TTAAATGAAGATTCAA,1
TTAAATGAATAAGGAA,1
TTAAATGAGATATTTA,1
TTAAATGCCCTTAGCA,1
TTAAATGCGCGCATAG,1
TTAAATGCTACCAATT,1
TTAAATGCTATTAGCA,1
TTAAATGCTCTCAGCA,1
TTAAATGCTTATTGAA,1
TTAAATGGTTAATCAA,1
TTAAATGTTTGCTTAT,1
TTAAATTAGTGATAGC,1
TTAAATTATACACGCG,1
TTAAATTATCAATACA,1
TTAAATTATCTAAATG,1
TTAAATTATCTGATAT,1
TTAAATTCCCTAACGT,1
TTAAATTCCTGAAATC,1
TTAAATTCGCAAAATA,1
TTAAATTCGGTTAACA,1
TTAAATTCGTGGTAGC,1
TTAAATTCTCTGAGTA,1
TTAAATTGAACCATAG,1
TTAAATTGACATACAA,1
TTAAATTGAGGATGTG,1
TTAAATTGCAACTGCC,1
TTAAATTGCGACATTT,1
TTAAATTGCGATAAAG,1
TTAAATTGGCCAGAGA,1
TTAAATTGTTGGCAAC,1
TTAAATTTACGCCACC,1
TTAAATTTGACGATGG,1
TTAAATTTTACCTATG,1
TTAAATTTTGCTAGTG,1
TTAACAAAAACCACAT,1
TTAACAAAAAGTTTGA,1
TTAACAAAAATGCAGC,1
TTAACAAAACCTATCC,1
TTAACAAAACTATATA,1
TTAACAAACCACCTAA,1
TTAACAAACTGCAGCG,1
TTAACAAACTGCAGGA,1
TTAACAAAGGTGAACC,1
TTAACAAAGTTGGACC,1
TTAACAAATCGCACAC,1
TTAACAAATCTAGTAG,1
TTAACAACCTGTATGA,1
TTAACAACGGCTTAAA,1
TTAACAAGAAACGGAT,1
TTAACAAGACGGCCAA,1
TTAACAAGAGGGCCAT,1
TTAACAAGCCGGCAAA,1
TTAACAAGGCGGCCAA,1
TTAACAAGGTAGAATA,1
TTAACAATAAAGAGGA,1
TTAACAATAATAGGGG,1
TTAACAATAATGGCCC,1
TTAACAATACCTAGAA,1
TTAACAATATACTCGT,1
TTAACAATGGCCAAGA,1
TTAACACAAAACAAAA,1
TTAACACAATATTGCT,1
TTAACACAATGCGACA,1
TTAACACACCAACTGC,1
TTAACACCACAACTCT,1
TTAACACCCAAGAACC,1
TTAACACCCCAAATAG,1
TTAACACCCGAATTGT,1
TTAACACCCTAATTGC,1
TTAACACCTCCGGTCT,1
TTAACACCTCTATGCA,1
TTAACACGGAGACCAC,1
TTAACACGTCAAATAA,1
TTAACACTAAATTAGC,1
TTAACACTCAACAAAA,1
TTAACACTCGAATACC,1
TTAACACTCTATCACC,1
TTAACAGAACCAAAGT,1
TTAACAGACCAACAAC,1
TTAACAGATGAACTGG,1
TTAACAGCAAAAACAC,1
TTAACAGCAGAACTGG,1
TTAACAGCGGAACTGG,1
TTAACAGCTGAACTAG,1
TTAACAGCTGAACTGC,1
TTAACAGGAGACGCAG,1
TTAACAGGATAGCGCT,1
TTAACAGGCCAAACAA,1
TTAACAGGCTGTAAAC,1
TTAACAGGTGAACTGG,1
TTAACAGTAAGCGATA,1
TTAACAGTTCTATCGT,1
TTAACATAAATGATGC,1
TTAACATAATATGTGA,1
TTAACATAATTGTCCA,1
TTAACATACCAAATTG,1
TTAACATATGATCTTC,1
TTAACATATTCCTTAC,1
TTAACATCTCGTTATA,1
TTAACATCTCTGTATA,1
TTAACATGAACTACCT,1
TTAACATGAGAGAAGA,1
TTAACATGTGTACACG,1
TTAACATGTTTACACG,1
TTAACATTCCAGCTAC,1
TTAACATTCCGTGGTG,1
TTAACATTTAAAAAGG,1
TTAACCAAACCTCTAA,1
TTAACCAAATATGATC,1
TTAACCAACAACCTCA,1
TTAACCAACACAGACG,1
TTAACCAACACTCTAA,1
TTAACCAAGAGATTTG,1
TTAACCAATTGCTTGC,1
TTAACCACACACAATA,1
TTAACCACGACTACAT,1
TTAACCAGACTAAACA,1
TTAACCAGTCCACGAA,1
TTAACCATCTACACAT,1
TTAACCATGGAAGTAA,1
TTAACCATGTAATACC,1
TTAACCCAATTCACGA,1
TTAACCCATAGATCAA,1
TTAACCCGTCTTGGGA,1
TTAACCCTATAAAACG,1
TTAACCCTTACATTCA,1
TTAACCGAAAACAGAC,1
TTAACCGAGAAGATAC,1
TTAACCGCATGATCAG,1
TTAACCGGGATTGGCA,1
TTAACCGGGGCTCTGA,1
TTAACCGTACGGTGTA,1
TTAACCGTAGATCAAT,1
TTAACCGTAGATCTTT,1
TTAACCGTATTAGACA,1
TTAACCGTCAACGAAC,1
TTAACCGTGAACATTG,1
TTAACCTACCGTGGTG,1
TTAACCTATTCTTGGT,1
TTAACCTCATTGAGAC,1
TTAACCTCGTTCAAAG,1
TTAACCTGAAGTCGCA,1
TTAACCTGATTCACGA,1
TTAACCTTAAATAACA,1
TTAACCTTACGGTTTA,1
TTAACCTTACGTGGTG,1
TTAACCTTCAGTGGTG,1
TTAACCTTCCCTGGTG,1
TTAACCTTCCGTGTTG,1
TTAACCTTCCTTGGTG,1
TTAACCTTCGCAAATA,1
TTAACCTTCGCGCACG,1
TTAACCTTCGGTGGTG,1
TTAACCTTCTGTGGTG,1
TTAACCTTGCGTGGTG,1
TTAACGAAAGGTATTT,1
TTAACGAATGACTGTG,1
TTAACGAGAAAGTTAT,1
TTAACGAGGGCCAAAC,1
TTAACGATGATCGTTC,1
TTAACGATTAAGATAA,1
TTAACGCAAAATATCA,1
TTAACGCAACCACTTG,1
TTAACGCAATCCATGA,1
TTAACGCACTACGTTT,1
TTAACGCAGTATTCAC,1
TTAACGCATATGGTAA,1
TTAACGCATATGTTCA,1
TTAACGCATATTGTCA,1
TTAACGCATGGAAATT,1
TTAACGCCCCTTAACA,1
TTAACGCCGTGTGGTA,1
TTAACGCCTCACTTTG,1
TTAACGCTCTTCCAAG,1
TTAACGCTGGGGAGTT,1
TTAACGCTGTCGAGAA,1
TTAACGCTTAGATTCG,1
TTAACGGAAGTATTGT,1
TTAACGGACATATAAC,1
TTAACGGACCCTTCCC,1
TTAACGGGGATTAGCA,1
TTAACGGTGATTTAAT,1
TTAACGGTGGTTTAAT,1
TTAACGTAAACAAAGA,1
TTAACGTAAGCAAATA,1
TTAACGTACATGCTAT,1
TTAACGTAGTCCCTTG,1
TTAACGTATGAAGACA,1
TTAACGTCCAATCCCC,1
TTAACGTCCACATAAA,1
TTAACGTCCCTGGCGA,1
TTAACTAAATACGGGA,1
TTAACTACAAGTACAA,1
TTAACTACACAGTAAA,1
TTAACTACCTTAATCA,1
TTAACTACGTTACCTA,1
TTAACTAGAAGGTCTG,1
TTAACTAGGGCTCTGA,1
TTAACTATACAAAAAT,1
TTAACTATACAGTAGA,1
TTAACTATCTCGCGGA,1
TTAACTATGAACCTTG,1
TTAACTATTATAAAAA,1
TTAACTATTTGAAGCA,1
TTAACTCAGTCTCCTT,1
TTAACTCTAGATAATG,1
TTAACTCTTCTAAATG,1
TTAACTCTTTCAAGCA,1
TTAACTCTTTTACAGG,1
TTAACTGAACTACAGT,1
TTAACTGAACTAGCCG,1
TTAACTGAAGATCCAA,1
TTAACTGAAGCAGTCT,1
TTAACTGAAGTCAACA,1
TTAACTGATCTTACAC,1
TTAACTGATGAAGTCT,1
TTAACTGATGCAGTCG,1
TTAACTGCTTGATGAA,1
TTAACTGGATCAAAAT,1
TTAACTGGCCCATTTT,1
TTAACTGTCCTTTGCA,1
TTAACTTAAACGTAGT,1
TTAACTTACAAGTCAA,1
TTAACTTCGAAACTAT,1
TTAACTTCGATCGAAA,1
TTAACTTGAATAAAAA,1
TTAACTTGAGGCAATA,1
TTAACTTGCGATATTT,1
TTAACTTGCTCAGACA,1
TTAACTTGGATAATAT,1
TTAACTTGTGACATTT,1
TTAACTTTAAAAGACC,1
TTAACTTTAAGTTCTT,1
TTAAGAAAAATTACTG,1
TTAAGAAACTCATCGC,1
TTAAGAAAGTACCTAC,1
TTAAGAAATTCCAGCG,1
TTAAGAACATACAAAT,1
TTAAGAACATGTTAAT,1
TTAAGAACGCAATATC,1
TTAAGAACTGGGCACC,1
TTAAGAAGACCGTAGT,1
TTAAGAAGTTACAGCT,1
TTAAGAATAAACTAAA,1
TTAAGAATAAGACATC,1
TTAAGAATCCTTAGTA,1
TTAAGAATCGACAGAC,1
TTAAGAATCTACTGCA,1
TTAAGAATGTACAGAA,1
TTAAGAATGTACAGCT,1
TTAAGAATGTATAGCA,1
TTAAGAATTAATAAGG,1
TTAAGAATTTAGAGTC,1
TTAAGAATTTAGTTCA,1
TTAAGACAGACGCACT,1
TTAAGACAGGAGCACT,1
TTAAGACAGGCGAACT,1
TTAAGACAGGCTCACT,1
TTAAGACTAACTAAGA,1
TTAAGACTACTAAAAG,1
TTAAGACTCACAATAC,1
TTAAGACTCGGTACAA,1
TTAAGACTCTACTTCA,1
TTAAGACTTCACAACA,1
TTAAGAGAAAACGACT,1
TTAAGAGAACAGGACT,1
TTAAGAGACCATCAAA,1
TTAAGAGAGCACGACT,1
TTAAGAGATATTTGTT,1
TTAAGAGGAAACTAAC,1
TTAAGAGGAAACTAGT,1
TTAAGAGGAAGATTCA,1
TTAAGAGGCCATAGAA,1
TTAAGAGGCGATCATA,1
TTAAGAGGCTCACCCC,1
TTAAGAGGGAACTAAT,1
TTAAGAGTTGAGTATC,1
TTAAGATAAGTGTCAA,1
TTAAGATAGAACAATA,1
TTAAGATATGTATGTT,1
TTAAGATATTCTACAC,1
TTAAGATCATAACCCA,1
TTAAGATTAAACAAGA,1
TTAAGATTAACTGTAC,1
TTAAGATTAATACAAA,1
TTAAGATTGGGCTGAG,1
TTAAGCAAAAAAACAA,1
TTAAGCAAACAGAATC,1
TTAAGCAAATGAACAC,1
TTAAGCAACATACATT,1
TTAAGCAATAGATTAT,1
TTAAGCACACTCGGAA,1
TTAAGCACATGAAATA,1
TTAAGCACATGGACTA,1
TTAAGCACATTAACTA,1
TTAAGCACATTCCTGG,1
TTAAGCAGAATACTGT,1
TTAAGCATTACGAAAA,1
TTAAGCCAAAATAGTC,1
TTAAGCCAATTACTGT,1
TTAAGCCATATCGATG,1
TTAAGCCCGAATAGAA,1
TTAAGCCCTATAGATG,1
TTAAGCCCTATCTATG,1
TTAAGCCCTCTTCACT,1
TTAAGCCCTGTCGATG,1
TTAAGCCTCAACCGAT,1
TTAAGCGAACTAGCCG,1
TTAAGCGAATGTCAGG,1
TTAAGCGATCCTTGGT,1
TTAAGCGCTATTGAGT,1
TTAAGCGCTCTATACC,1
TTAAGCTAATCTACAC,1
TTAAGCTACCGAGCAA,1
TTAAGCTACTCTACAC,1
TTAAGCTATTCTAAAC,1
TTAAGCTATTCTATAC,1
TTAAGCTCAGCAGATT,1
TTAAGCTCCCACCGAA,1
TTAAGCTGAAAGACAA,1
TTAAGCTGCAGACAAC,1
TTAAGCTTCAACCAGG,1
TTAAGGAAAGTAGCCC,1
TTAAGGAACACAGAAG,1
TTAAGGAACTCTACTT,1
TTAAGGACACTCTATA,1
TTAAGGAGAATGTCCA,1
TTAAGGATCTTCCAAG,1
TTAAGGCATATGGTCA,1
TTAAGGCCACTGAACT,1
TTAAGGCGTTGCGCCA,1
TTAAGGCTATTCCAAG,1
TTAAGGCTCTAAAACC,1
TTAAGGCTCTAAAAGA,1
TTAAGGCTCTTCCTAG,1
TTAAGGGAAGGGCCAT,1
TTAAGGGAAGTGCCCT,1
TTAAGGGCCCAGCACC,1
TTAAGGGCTACAATTA,1
TTAAGGGGATACCCAA,1
TTAAGGGTCAATCTCA,1
TTAAGGGTCCAGGAGA,1
TTAAGGTATTAGTAAT,1
TTAAGGTATTAGTACC,1
TTAAGGTATTAGTATT,1
TTAAGGTATTATTACT,1
TTAAGGTATTGGTACT,1
TTAAGGTCAAAATTGA,1
TTAAGGTCAACAGAGA,1
TTAAGGTCATTAAACC,1
TTAAGGTTTACATTGA,1
TTAAGGTTTACGTACA,1
TTAAGTAAACAGTATT,1
TTAAGTAAACTAGCCG,1
TTAAGTAATGGTTAAC,1
TTAAGTACACCGAGCT,1
TTAAGTAGAGCAACGA,1
TTAAGTATCAATGATC,1
TTAAGTCAAATTACTT,1
TTAAGTCTCTTCCAAG,1
TTAAGTGAACTAGAAG,1
TTAAGTGAACTAGCCA,1
TTAAGTGAACTAGCTG,1
TTAAGTGAATTAGCCG,1
TTAAGTGAGGTAGACT,1
TTAAGTGATGCAGTCT,1
TTAAGTGCATGAGGAG,1
TTAAGTGCTCTTAGCA,1
TTAAGTGGGCCATACA,1
TTAAGTGTATCATACA,1
TTAAGTTAAGGCCTCC,1
TTAAGTTACGAACCAA,1
TTAAGTTACGGGTAAT,1
TTAAGTTACGGGTAGT,1
TTAAGTTAGAAAAAAT,1
TTAAGTTAGCTAGATT,1
TTAAGTTAGGGGTACT,1
TTAAGTTGGTTCAGAT,1
TTAAGTTTAGAACCAA,1
TTAAGTTTATATAGTG,1
TTAAGTTTCGAAACAA,1
TTAATAAAAAAAATAA,1
TTAATAAAAAAACTTT,1
TTAATAAAAACTAATA,1
TTAATAAAAATTTAAA,1
TTAATAAAACTGTAAT,1
TTAATAAACTGCAGGG,1
TTAATAAACTTCACCC,1
TTAATAAAGAACTAAC,1
TTAATAAAGACTGTCG,1
TTAATAAAGGAATTAA,1
TTAATAAAGGGAGGAT,1
TTAATAAAGGTGGACC,1
TTAATAAAGTGCACCC,1
TTAATAAATACAACTC,1
TTAATAAATCTTTGAC,1
TTAATAAATGAGTTAA,1
TTAATAAATTATGCCT,1
TTAATAACAGAGCTGA,1
TTAATAACAGTGGGAT,1
TTAATAACCTTTCCGA,1
TTAATAACTCTGCCAT,1
TTAATAAGCCACAAGG,1
TTAATAAGCGAAAACT,1
TTAATAAGGAATATCG,1
TTAATAAGGTACTTAA,1
TTAATAAGGTCAGCAG,1
TTAATAATACTTGCCC,1
TTAATAATAGCCAACA,1
TTAATAATCAAGGACA,1
TTAATAATCTGATAGA,1
TTAATAATCTTGCCCA,1
TTAATAATGGCTTACG,1
TTAATAATTCCTGCAG,1
TTAATAATTCTCATTC,1
TTAATAATTCTTCCAT,1
TTAATACAAAAGTCAA,1
TTAATACAACAAGAGA,1
TTAATACAAGCACTGA,1
TTAATACAAGGAACTT,1
TTAATACAATAACAAA,1
TTAATACACATATTGA,1
TTAATACACGCTGCCG,1
TTAATACAGCAAGAGC,1
TTAATACATGCTTATT,1
TTAATACCTAATACCT,1
TTAATACGCCGAGGCG,1
TTAATACGTACTTGAA,1
TTAATACTAATACACA,1
TTAATACTACACAATG,1
TTAATAGAACACACCT,1
TTAATAGAATAAAGGA,1
TTAATAGAGTAAGCTA,1
TTAATAGATACATACG,1
TTAATAGATACCGTCA,1
TTAATAGATAGATACT,1
TTAATAGATAGATAGG,1
TTAATAGATAGATGCG,1
TTAATAGATAGCTACG,1
TTAATAGATATATACG,1
TTAATAGATTGATACG,1
TTAATAGCCAATGTAA,1
TTAATAGCTTTAAAAA,1
TTAATAGGCAGAAGGA,1
TTAATAGTAGGCAAGC,1
TTAATAGTATTCGGCT,1
TTAATAGTTATAAACA,1
TTAATAGTTGTACGAA,1
TTAATATAAATCAATT,1
TTAATATAACCTAAGA,1
TTAATATACGCTGCCG,1
TTAATATAGAAAAATC,1
TTAATATAGATCATCA,1
TTAATATAGTATCATC,1
TTAATATAGTGATGAT,1
TTAATATATAGAAAAA,1
TTAATATCAAAATCAA,1
TTAATATGACCACGTA,1
TTAATATGACCCCTCT,1
TTAATATGAGCACCTA,1
TTAATATGAGTAAAAT,1
TTAATATGGTTAATCA,1
TTAATATGTAGTGACC,1
TTAATATTAATTTTAC,1
TTAATATTACACCACT,1
TTAATATTATTTTTAA,1
TTAATATTGAGAATGA,1
TTAATCAAAAATGTGT,1
TTAATCAAAACATCTA,1
TTAATCAAAGTTATAC,1
TTAATCAAATTCAACA,1
TTAATCAACTCACAGG,1
TTAATCAAGAAACCTT,1
TTAATCAAGTTGATAT,1
TTAATCAATCGAGTCC,1
TTAATCAATCGCCTAA,1
TTAATCAATGTTCACG,1
TTAATCACAAGATTTA,1
TTAATCACAGGCACGC,1
TTAATCACCTCGTCCT,1
TTAATCACGCACAAAA,1
TTAATCACTAGAAACC,1
TTAATCACTATATTTA,1
TTAATCAGCACCCGAC,1
TTAATCAGGACATAGA,1
TTAATCAGGTAGACAG,1
TTAATCATACTCCCAT,1
TTAATCATATTCAATG,1
TTAATCATGTTCTCTA,1
TTAATCATTTATCGAA,1
TTAATCCATAAATCAC,1
TTAATCCATATAAAAT,1
TTAATCCATGGAACCT,1
TTAATCCCTATCGATG,1
TTAATCCTTAAACACA,1
TTAATCCTTAAACAGC,1
TTAATCGAAGAACGTC,1
TTAATCGATAAATAAA,1
TTAATCGATAATCACG,1
TTAATCGATCGAGTCC,1
TTAATCGATGGTTCAA,1
TTAATCGCAACTGCGG,1
TTAATCGCTAGATTTA,1
TTAATCGGCGAAAAAA,1
TTAATCGGTGAATGAC,1
TTAATCGTCGAATGAT,1
TTAATCTATCACATTA,1
TTAATCTATTCTACAC,1
TTAATCTCGCACTCGA,1
TTAATCTCGGCGAGCG,1
TTAATCTCTCCCAGAC,1
TTAATCTTAGCTAAAG,1
TTAATGAAACCTGAAA,1
TTAATGAAACGTTCAC,1
TTAATGAAACTAGACA,1
TTAATGAAACTTAATT,1
TTAATGAAACTTTGAC,1
TTAATGAAATTGCAAG,1
TTAATGAACCATTCGG,1
TTAATGAACGAAAAAA,1
TTAATGAAGCTAAATT,1
TTAATGAATGCTCCGT,1
TTAATGACATTCTATA,1
TTAATGAGAACAATCA,1
TTAATGATAATCGTTC,1
TTAATGATCATAATAA,1
TTAATGCATCGAGTCC,1
TTAATGCATGCTTCTA,1
TTAATGCCAAACAGAA,1
TTAATGCCAACCATTT,1
TTAATGCCCGGTCAAC,1
TTAATGCCTAAGTGAT,1
TTAATGCCTACGTGAC,1
TTAATGCGAAAGAAAG,1
TTAATGCGTACGTGAT,1
TTAATGCTTACGTGAT,1
TTAATGGAAATCAAAT,1
TTAATGGAAGGGCCCT,1
TTAATGGACAATAACG,1
TTAATGGACTTAAGCA,1
TTAATGGATTTGAATA,1
TTAATGGCAGTTAACA,1
TTAATGGCATGATCAA,1
TTAATGGCGGTTATCA,1
TTAATGGTCTTTAACA,1
TTAATGTACACAATTA,1
TTAATGTACTTCAGCA,1
TTAATGTAGACTGGTA,1
TTAATGTAGAGGCTAG,1
TTAATGTATACCTAAC,1
TTAATGTATACCTCAC,1
TTAATGTCAAACATAA,1
TTAATGTGCAGCATAG,1
TTAATGTGTACATTGA,1
TTAATGTTAATACTTT,1
TTAATGTTAGCTAAAC,1
TTAATGTTCATGAGAA,1
TTAATTAAAAATTAGA,1
TTAATTAAACGATCGA,1
TTAATTAAATAAAGAC,1
TTAATTAAGAACAAGA,1
TTAATTAAGCAAGTGC,1
TTAATTAATATTAGCA,1
TTAATTACACCTAAGG,1
TTAATTACATATAGGC,1
TTAATTACATATAGTG,1
TTAATTACATATATGG,1
TTAATTAGAACATAGA,1
TTAATTAGATAGTTAC,1
TTAATTAGATATGTTT,1
TTAATTAGGACATATA,1
TTAATTATACATGAAC,1
TTAATTATATCCATTA,1
TTAATTATCCTGCCCA,1
TTAATTATCGGGTAAG,1
TTAATTATCTTGACCA,1
TTAATTATCTTTAACA,1
TTAATTATCTTTCCCA,1
TTAATTATGACATAGA,1
TTAATTATGTCGGTTT,1
TTAATTATTCACACAA,1
TTAATTCAATCTAAAA,1
TTAATTCACGATGAAA,1
TTAATTCCCGACATAA,1
TTAATTCCTACGTGAT,1
TTAATTCCTTTCGCCG,1
TTAATTCGAAAGAATT,1
TTAATTCTAACCTACC,1
TTAATTGAACTAGCCG,1
TTAATTGACCTATGGT,1
TTAATTGATAATTGCG,1
TTAATTGCACTATGGT,1
TTAATTGCACTCAAAT,1
TTAATTGCAGATAAAA,1
TTAATTGCCATATGGT,1
TTAATTGCCCTATGTT,1
TTAATTGCGCTATGGT,1
TTAATTGCTCTTAGCA,1
TTAATTGGAAAATAAC,1
TTAATTGTCAACCTAA,1
TTAATTGTCCTATGGT,1
TTAATTTAAACTTAAC,1
TTAATTTACGGGTACT,1
TTAATTTACTCATTTC,1
TTAATTTAGGTATATC,1
TTAATTTCAAAACTAT,1
TTAATTTCCACAATCC,1
TTAATTTCCGAAAGCT,1
TTAATTTCTATATTAG,1
TTAATTTGAATAAAAG,1
TTAATTTGAATAAAGA,1
TTAATTTGAATAGAAA,1
TTAATTTGAATGAAAA,1
TTAATTTGGACAATAA,1
TTAATTTTCTCCAATG,1
TTAATTTTGGCGGTGG,1
TTAATTTTTTGAATAC,1
TTAATTTTTTGGATCT,1
TTACAAAAGGCGCGAA,1
TTACAAACACTGGACA,1
TTACAAACGTGCAAAA,1
TTACAAACTTTCTATA,1
TTACAAAGAAGTAGAT,1
TTACAAAGAGGCTGAA,1
TTACAAAGCGGCGAAC,1
TTACAAATAACTTCAG,1
TTACAAATACAAGTGA,1
TTACAAATGATCCGAC,1
TTACAAATTAGCCAAC,1
TTACAAATTGCATTAG,1
TTACAAATTTAGAAGC,1
TTACAACACCAGAATT,1
TTACAACACTACTAAC,1
TTACAACAGAAGCCTA,1
TTACAACAGACGTTAT,1
TTACAACATAGCAAAA,1
TTACAACATGAAAAGT,1
TTACAACATTAAAAGC,1
TTACAACATTCACCAA,1
TTACAACCAATTTCGA,1
TTACAACCCATACCCT,1
TTACAACCTTTTCATC,1
TTACAACGACCAGGAG,1
TTACAACTAAGGCATC,1
TTACAACTGAAGTAGC,1
TTACAAGAATCTTAAT,1
TTACAAGACCAAAATC,1
TTACAAGAGTGGGTAT,1
TTACAAGATCGGATCC,1
TTACAAGCAAAGGTGT,1
TTACAAGCAACTGTGT,1
TTACAAGGCTCGCGAC,1
TTACAAGGCTGACGAC,1
TTACAAGGTCAAGCAA,1
TTACAAGGTTACATGG,1
TTACAAGTAAATCAAA,1
TTACAAGTCTCACGAC,1
TTACAATAAAAAAGAC,1
TTACAATAATAAGACA,1
TTACAATAATAGACAG,1
TTACAATAGATCTGAC,1
TTACAATAGTTGTAAC,1
TTACAATATAAAAGCA,1
TTACAATATGTTGGAT,1
TTACAATATTAGAAAG,1
TTACAATATTAGGCAG,1
TTACAATCTACCCCTA,1
TTACAATGACCGTCCT,1
TTACAATGACGCTATA,1
TTACAATGGCACACAC,1
TTACAATTAGGTTGCA,1
TTACAATTCGTAGAAC,1
TTACACAAAAATCGCA,1
TTACACAAAAGAAATG,1
TTACACAAACACCCTT,1
TTACACAAACTTTACT,1
TTACACAAGCACGGCG,1
TTACACACAAAGGTAC,1
TTACACACAACTTAGA,1
TTACACACGGAACGTC,1
TTACACAGAACTTTAA,1
TTACACAGTAATTCAC,1
TTACACAGTTAACATG,1
TTACACATACTTTGAC,1
TTACACATATGCGACG,1
TTACACATTCTTATGG,1
TTACACCAATAACCCA,1
TTACACCAGTGTATTT,1
TTACACCCATAGGAAA,1
TTACACCGGGATGCGT,1
TTACACCTATGCGAGG,1
TTACACCTATGCTACG,1
TTACACGAATCTGCTC,1
TTACACGCGCATTCGA,1
TTACACGGAAATCATT,1
TTACACGGATGAAGTG,1
TTACACGTACAGGCCA,1
TTACACGTATTTTGAT,1
TTACACGTGCGTATAG,1
TTACACGTTAACCCAC,1
TTACACTAACACGCGA,1
TTACACTGTTTCTGAC,1
TTACACTTAAGAAATG,1
TTACAGAAAACTATAG,1
TTACAGAAACACACAT,1
TTACAGAAGAAACAAG,1
TTACAGAAGTTAAATG,1
TTACAGAATGGACAAT,1
TTACAGACAGCTCTCC,1
TTACAGACAGGCGTGT,1
TTACAGACGGATGGAT,1
TTACAGATCAGCCGAT,1
TTACAGATGTCTGAAT,1
TTACAGCAAATATAAG,1
TTACAGCAAATCGCCC,1
TTACAGCCAATCACCC,1
TTACAGCCAATCGCAC,1
TTACAGCCAATCGCCA,1
TTACAGCCAGTTCGGC,1
TTACAGCGGATATCCT,1
TTACAGCGGCCGACCA,1
TTACAGCTATAATAAC,1
TTACAGCTATGCGACG,1
TTACAGGAGTCGCAAG,1
TTACAGGCGCGTAAGA,1
TTACAGGGTTCTTAAA,1
TTACAGGTTCTATAGA,1
TTACAGTAACTAAAAC,1
TTACAGTATGAACCCC,1
TTACAGTATGGACACC,1
TTACAGTATTATAACT,1
TTACAGTGAGCACGTG,1
TTACAGTGCAACCTGA,1
TTACAGTGGCCTCGAA,1
TTACAGTTTGAAAGCT,1
TTACATAAAAATACAA,1
TTACATAAAATAGGGG,1
TTACATAAATCGTAGC,1
TTACATAAGCTAGGGG,1
TTACATACATAGATAG,1
TTACATACCTGATGCA,1
TTACATAGAGAGTTCA,1
TTACATCAAGCAACCA,1
TTACATCAATAATTAG,1
TTACATCAATTAGTTG,1
TTACATCACACGCAAA,1
TTACATCACATGAAAC,1
TTACATCACTACAGCG,1
TTACATCCATAATTTG,1
TTACATCCCAGGAGCT,1
TTACATCCGAGTCCTA,1
TTACATCCTCTGCACT,1
TTACATCGCCAAATAA,1
TTACATCGTCTACATT,1
TTACATCGTCTTAGCC,1
TTACATCGTGGCGCAG,1
TTACATCTAAAAGATC,1
TTACATCTACTAGCCA,1
TTACATCTATCAAATT,1
TTACATGAACTAGGGG,1
TTACATGAATTAACAT,1
TTACATGACTTAAGCT,1
TTACATGCCTACAAAA,1
TTACATGGGTAGAATA,1
TTACATGTAATCACCA,1
TTACATGTCAAGAGCT,1
TTACATGTTTACTCTT,1
TTACATTAACCGGCCT,1
TTACATTAACGTGTAA,1
TTACATTAATTCCAAA,1
TTACATTACCTTACCT,1
TTACATTACTTCAAGA,1
TTACATTCAAACTTTC,1
TTACATTCTGGACACC,1
TTACATTGAAAAATTA,1
TTACATTGAGAAACTT,1
TTACATTGGCTCAATC,1
TTACATTGTCTGTACA,1
TTACATTTTATTCTTT,1
TTACATTTTCAGAAGA,1
TTACCAAAAAAAACCT,1
TTACCAAACACGCGGA,1
TTACCAAACTCGTGGC,1
TTACCAAAGTTTCAAT,1
TTACCAAATGCCTTTA,1
TTACCAAATGGTCGAT,1
TTACCAAATGGTTAAT,1
TTACCAAATTAGGCCA,1
TTACCAAATTTAGTGT,1
TTACCAAGACAGCCAC,1
TTACCAAGTTACGGTT,1
TTACCAATCGCATTAA,1
TTACCACAATACTAAC,1
TTACCACAATTGATGC,1
TTACCACGACCATGAG,1
TTACCACGAGGGGTGA,1
TTACCACTATACGTTG,1
TTACCACTATTGACCC,1
TTACCACTCTGACGAT,1
TTACCACTGAGCAAGA,1
TTACCAGAGTAGGTAT,1
TTACCAGCACGACACT,1
TTACCAGCTCATTGAA,1
TTACCAGGAATTGCCT,1
TTACCAGGATTGTTGA,1
TTACCATAAACTTAGC,1
TTACCATACCCCAACT,1
TTACCATATGATATTC,1
TTACCATATTATCTTC,1
TTACCATCGAATAGGT,1
TTACCATCGAGTAAGA,1
TTACCATGACTGAACG,1
TTACCATGTTGACCTT,1
TTACCCAAAAGAGACG,1
TTACCCAAATAAGTAC,1
TTACCCAAATGACTAA,1
TTACCCAACTGATAAT,1
TTACCCAAGCCACCCG,1
TTACCCAGTACAGTTG,1
TTACCCATAGATTTAC,1
TTACCCATATATTTAA,1
TTACCCATGACTCGGT,1
TTACCCCAACCCGTGA,1
TTACCCCAATTTGTCA,1
TTACCCCAGAGAATGG,1
TTACCCCAGCGAAAAT,1
TTACCCCATAGAGAGG,1
TTACCCCCATAGGAAA,1
TTACCCCCATAGTGGG,1
TTACCCCCCTCCAGGT,1
TTACCCCGAAAATCCA,1
TTACCCCGTAGCGAGG,1
TTACCCCTAGAGAGTA,1
TTACCCGAACCTCACA,1
TTACCCGAATCATATC,1
TTACCCGAATGAGACG,1
TTACCCGACATCCGGC,1
TTACCCGCAGGTATTT,1
TTACCCGGACCAACAA,1
TTACCCGGTGAATTCC,1
TTACCCGTAACTCACA,1
TTACCCGTACCCCACA,1
TTACCCGTACCTCGCA,1
TTACCCGTACTCACAA,1
TTACCCGTACTTCACA,1
TTACCCGTAGAGTTCC,1
TTACCCGTGAAAGATA,1
TTACCCGTGCCTCACA,1
TTACCCTAATACAATT,1
TTACCCTCAGTAAAAA,1
TTACCCTCATACAACC,1
TTACCCTCGGTTTCTT,1
TTACCCTCTCCCATAA,1
TTACCCTGAAAAACCA,1
TTACCCTGAAAATACA,1
TTACCCTGAAAGTCCA,1
TTACCCTGAGTGGTTA,1
TTACCCTTATACAACT,1
TTACCCTTTAAAAAAT,1
TTACCGAAAAAAAACC,1
TTACCGAACCGCATGG,1
TTACCGACAAATAATG,1
TTACCGACCACACGAA,1
TTACCGACCACATCAA,1
TTACCGACCTTGACAG,1
TTACCGACTAGCTTTT,1
TTACCGACTTCTGGTT,1
TTACCGAGCACACCAA,1
TTACCGATATTGATCT,1
TTACCGCACCACATGG,1
TTACCGCAGTTTGCGG,1
TTACCGCCAAAACGCA,1
TTACCGCCGCATATTT,1
TTACCGCCGTGTCTCA,1
TTACCGCGATCGTTAG,1
TTACCGCGGACGACCA,1
TTACCGCTGCTCGAAT,1
TTACCGGGTAACACAC,1
TTACCGGTATATAGTA,1
TTACCGGTGCTTACTT,1
TTACCGTAGCAAAACT,1
TTACCGTAGCACAAAT,1
TTACCGTATGAACCCA,1
TTACCGTATGAACTCC,1
TTACCGTCAGACTCAC,1
TTACCGTGAAGTAAAT,1
TTACCGTGATAAAAAC,1
TTACCGTGGGCACGAG,1
TTACCTAACCGGATAC,1
TTACCTAAGACTAAGG,1
TTACCTACCACACCAA,1
TTACCTACTAAGACGA,1
TTACCTACTGACTCTC,1
TTACCTAGTACAAGGT,1
TTACCTAGTCTTAGCC,1
TTACCTATTTACAAAT,1
TTACCTCAATAAGGAA,1
TTACCTCACTGGTAAG,1
TTACCTCCCGCCATTC,1
TTACCTCCCTAAGCTA,1
TTACCTCCTATTATTT,1
TTACCTCGAAGCTAAT,1
TTACCTCGACAGCCCA,1
TTACCTCGCACAAACT,1
TTACCTCGCCAGCCCG,1
TTACCTCGGCTCAATC,1
TTACCTCGGCTTAGCC,1
TTACCTCTTCAAATAA,1
TTACCTGATAGTTGTA,1
TTACCTGCCAGACGAC,1
TTACCTGCCTACAAAA,1
TTACCTGCCTACTCGA,1
TTACCTGGATCGCAAA,1
TTACCTGGGAATAAAG,1
TTACCTGTACCTCACA,1
TTACCTGTAGTAAAGT,1
TTACCTTACCGTCACA,1
TTACCTTAGCTCAATC,1
TTACCTTCGTTTTAAA,1
TTACCTTCTAGTATTT,1
TTACCTTGACTCAATC,1
TTACCTTGGAACTGTA,1
TTACCTTGGATCAATC,1
TTACCTTGGCTCAAAC,1
TTACCTTGGCTCAATA,1
TTACCTTTAAAATACA,1
TTACCTTTATACGTCT,1
TTACCTTTGCTCAATC,1
TTACCTTTTCGGAAAC,1
TTACCTTTTTATACGA,1
TTACGAAAACGGTCAG,1
TTACGAAACAACAAAT,1
TTACGAAACACCAACC,1
TTACGAAACTATTAAT,1
TTACGAAATCGAAAAC,1
TTACGAAATGTATAAG,1
TTACGAAATTATGGTG,1
TTACGAACTTGGTCAC,1
TTACGAAGATGGTGCA,1
TTACGAAGCACGGTAT,1
TTACGAAGTCTCCGAC,1
TTACGAATAACACCTG,1
TTACGACAAATACACC,1
TTACGACAACCTCGAC,1
TTACGACAAGAAAGCA,1
TTACGACAAGATTGCT,1
TTACGACAGCGTAAGA,1
TTACGACAGGTTCCGT,1
TTACGACCACAACCTA,1
TTACGACCCTGCCCTC,1
TTACGACTAAGTGTAG,1
TTACGACTAAGTGTCT,1
TTACGACTAATTGTCG,1
TTACGACTACTGGGCT,1
TTACGACTCCGCCGAA,1
TTACGAGAATTAGACT,1
TTACGAGATAACCGGT,1
TTACGAGGAAGCTGAC,1
TTACGAGTGACTTGAC,1
TTACGATACTGTTAAT,1
TTACGATCGCATTTTT,1
TTACGATCGGACAATC,1
TTACGATGATGACTAG,1
TTACGATGGACGAGAA,1
TTACGATGGTGGAAAA,1
TTACGATGTGCAAGAT,1
TTACGATTCATTTAAC,1
TTACGATTGCAGATGT,1
TTACGCAAGATACCAC,1
TTACGCAATGCAAAAT,1
TTACGCACACGGCCAA,1
TTACGCACATAGGAAA,1
TTACGCAGCATTCGAT,1
TTACGCCAATAGGAAA,1
TTACGCCAGCCGGCAG,1
TTACGCCAGCTATGAC,1
TTACGCCATCCGACAG,1
TTACGCCATCCGTCAG,1
TTACGCCCATAGCAAA,1
TTACGCCCATAGGAGA,1
TTACGCCCATTGGAAA,1
TTACGCGACTCGGTCT,1
TTACGCGGCATGCGAT,1
TTACGCGTAAATCTTT,1
TTACGCTAATTAGACT,1
TTACGCTCAGTGGTGA,1
TTACGCTCATTCTGCC,1
TTACGCTCCAAGCTAA,1
TTACGCTCCTCTCGTA,1
TTACGCTGAAATAAAC,1
TTACGCTTACGATTGC,1
TTACGCTTCAATCTTT,1
TTACGCTTGTGAAAAA,1
TTACGGAAACTCTTTG,1
TTACGGAAAGGTATAG,1
TTACGGAAGATCAACA,1
TTACGGAATACATATG,1
TTACGGAGAATATCCA,1
TTACGGAGCACAGTAT,1
TTACGGAGGATGTCCA,1
TTACGGCTAATGTCCC,1
TTACGGGATGGCACAT,1
TTACGGGCGATCTGAT,1
TTACGGGCTATCTGCT,1
TTACGGGGTAATATCT,1
TTACGGTCGCCGGCAA,1
TTACGGTTACGATTGA,1
TTACGGTTGCGATTGC,1
TTACGGTTTCGAGAGT,1
TTACGTAAAGGTATAT,1
TTACGTAATGGCCTGA,1
TTACGTACATTGGTTG,1
TTACGTACCCAACGCA,1
TTACGTATATATCAGA,1
TTACGTATCAGCTCCT,1
TTACGTATGCTCGCTG,1
TTACGTCAGTATACGA,1
TTACGTCCGTCCAATA,1
TTACGTCGTATCTCTC,1
TTACGTCGTATCTCTT,1
TTACGTGAGTCAAGAC,1
TTACGTGCTACAAGAC,1
TTACGTGGTAAAAGAC,1
TTACGTGGTACAAGAA,1
TTACGTGGTACAGGAC,1
TTACGTGTCATAATAA,1
TTACGTTATGGCCTGA,1
TTACGTTCCTTCGTCA,1
TTACTAAACATCGTAA,1
TTACTAAATACTTTGA,1
TTACTAACACAAATCC,1
TTACTAACATCACATG,1
TTACTAACCATGAGGA,1
TTACTAACGAGGGTGT,1
TTACTAACGTCTATAG,1
TTACTAAGAAATACCA,1
TTACTAAGAATTAGAA,1
TTACTAAGACATACCT,1
TTACTAAGACGTACCA,1
TTACTAATAATTGCCC,1
TTACTAATACCATTCC,1
TTACTAATACCTCGCC,1
TTACTAATACTTGCTC,1
TTACTAATGAGCAAGA,1
TTACTAATTAGGATTG,1
TTACTACAAAGCCTCA,1
TTACTACAAAGCTTAA,1
TTACTACAAATAGATC,1
TTACTACAAATCTTCA,1
TTACTACACCTGCTTA,1
TTACTACCAACTTCTA,1
TTACTACCAAGGAATC,1
TTACTACTCGTGAAAT,1
TTACTACTTTGCTAAC,1
TTACTAGAAACACGGC,1
TTACTAGAAATTTCAC,1
TTACTAGAATCATATC,1
TTACTAGGGTATACGC,1
TTACTAGTAATCACAT,1
TTACTATACAAGCTAT,1
TTACTATCCTTCCGCC,1
TTACTATGGCCCCTCT,1
TTACTATTCTCACAAT,1
TTACTATTGGGCACGA,1
TTACTATTTTGATAAC,1
TTACTCAAATCATATC,1
TTACTCAAGTCTATAG,1
TTACTCAATTCGACGG,1
TTACTCAGAACCTATT,1
TTACTCAGAACTAATA,1
TTACTCATGCCACGGA,1
TTACTCATTACAAACG,1
TTACTCCAAACACAAA,1
TTACTCCAAATATATC,1
TTACTCCAACGGCCGA,1
TTACTCCACAAATTTA,1
TTACTCCATATTAAAA,1
TTACTCCCAAAAAGTT,1
TTACTCCCAGGGCTAA,1
TTACTCCCATAGCTAA,1
TTACTCCCATCCGTTT,1
TTACTCCTAAAAATTT,1
TTACTCGAATAATATC,1
TTACTCGAATCATATG,1
TTACTCGAGTAGTCTC,1
TTACTCGATCTGAAGA,1
TTACTCGCTGGACCGA,1
TTACTCGTCAATCTTT,1
TTACTCGTGTCTTAAA,1
TTACTCTCAACTGCGG,1
TTACTCTCTAGAAATC,1
TTACTCTTCTAACATT,1
TTACTGAAAATTTAAT,1
TTACTGAAAGGTATAT,1
TTACTGAAAGTAGTCC,1
TTACTGACAAGGAATC,1
TTACTGACACTGGATA,1
TTACTGACCAGACAAA,1
TTACTGATACCCTCCG,1
TTACTGATCCCAAGTT,1
TTACTGATCGAAAGGC,1
TTACTGCAATGAGACA,1
TTACTGCACGGAGGGA,1
TTACTGCAGCGCTACC,1
TTACTGCAGCGTTACA,1
TTACTGCAGCGTTACG,1
TTACTGCAGCGTTACT,1
TTACTGCAGCTTTACC,1
TTACTGCATCGTTACC,1
TTACTGCTGAAATTCA,1
TTACTGGAAAAATAAT,1
TTACTGGACACAACTT,1
TTACTGGGTTATACTT,1
TTACTGTACCAATTAG,1
TTACTGTATGAACCCC,1
TTACTGTTTCAAGAGT,1
TTACTTAATCTTAGCT,1
TTACTTACAAAAAAAA,1
TTACTTACAATGTGAA,1
TTACTTATTAAAAACT,1
TTACTTATTAAAAGAT,1
TTACTTATTAAAGACG,1
TTACTTATTCCAAGTT,1
TTACTTCAACAAATCC,1
TTACTTCAGCGTTACC,1
TTACTTCCACTCTGTC,1
TTACTTCGACTCCGTC,1
TTACTTCTTTGAATCA,1
TTACTTCTTTTACTCC,1
TTACTTGACAGTCCAA,1
TTACTTGCACGATAAT,1
TTACTTGCATGGAACC,1
TTACTTGCTTATGCTA,1
TTACTTGGACGGTTAA,1
TTACTTTAATAGATCG,1
TTACTTTAATTAGATA,1
TTACTTTATATATGAA,1
TTACTTTATCCCAATG,1
TTACTTTCACTCCGTC,1
TTACTTTGACTACATA,1
TTACTTTGCGCTAATG,1
TTACTTTTACTACAAC,1
TTACTTTTGACGGTGG,1
TTACTTTTTTCTCTAT,1
TTAGAAAAGACTTGGT,1
TTAGAAAATCGCACTA,1
TTAGAAAATTGGCCTC,1
TTAGAAACAGATGTAG,1
TTAGAAACCTAAATCA,1
TTAGAAACTAATGTAT,1
TTAGAAACTCTGCAAC,1
TTAGAAACTGTTATAG,1
TTAGAAAGAAAAGAAC,1
TTAGAAAGAAACCAAC,1
TTAGAAAGAAACGAAG,1
TTAGAAAGAATGAACA,1
TTAGAAAGACGGATAT,1
TTAGAAATCGTTAAAC,1
TTAGAAATGGTACGGT,1
TTAGAAATTTCAACCT,1
TTAGAAATTTTACACG,1
TTAGAACAAAAATAGG,1
TTAGAACAAAAATATT,1
TTAGAACAGGACAATG,1
TTAGAACAGGTACCCA,1
TTAGAACATCAGCAAT,1
TTAGAACATTATATAA,1
TTAGAACCATAAGAGG,1
TTAGAACCGGAGCAGA,1
TTAGAACCTACCACTA,1
TTAGAACCTACGTACA,1
TTAGAACGCACTAACC,1
TTAGAACGTTTAATGC,1
TTAGAACTATCACTAT,1
TTAGAACTCCAGAAAA,1
TTAGAACTGCATACAG,1
TTAGAACTGTATGAAA,1
TTAGAACTTCTTTAAC,1
TTAGAAGACCTAAAAC,1
TTAGAAGACCTAAATA,1
TTAGAATAAATAACAT,1
TTAGAATAACTCCCAT,1
TTAGAATACTTGTAAC,1
TTAGAATAGATCCAGA,1
TTAGAATAGCATGAAG,1
TTAGAATATATTGACC,1
TTAGAATCCAACCAGA,1
TTAGAATCCCACCAGA,1
TTAGAATCCCTAACGT,1
TTAGAATCCGAGTATC,1
TTAGAATGAATAAGAT,1
TTAGAATGGCAAAGTA,1
TTAGAATTACCCTCTA,1
TTAGAATTAGATACCT,1
TTAGAATTCGAAAGGG,1
TTAGACAAACCTATCG,1
TTAGACAACACAAAAA,1
TTAGACAAGAATATAA,1
TTAGACAAGAATTGAA,1
TTAGACAAGACTAACA,1
TTAGACAATACATAGC,1
TTAGACAATATAGTCA,1
TTAGACAATCATGGAA,1
TTAGACACTCAACCAA,1
TTAGACAGAAAATTAC,1
TTAGACAGAAATTTCA,1
TTAGACAGAAGAGTAC,1
TTAGACAGAATCTATG,1
TTAGACATTGTAACAG,1
TTAGACATTGTAATAT,1
TTAGACATTTTAATAG,1
TTAGACCATAAGCCAT,1
TTAGACCCCCACATAA,1
TTAGACCGACCGTCGA,1
TTAGACCGGACATTGG,1
TTAGACCGTCCACCAG,1
TTAGACCTGGGTCAAG,1
TTAGACCTGTACTAGT,1
TTAGACGAAAGATAGC,1
TTAGACGAGTTTAGCG,1
TTAGACGGATATATGG,1
TTAGACGGTGCTTCAC,1
TTAGACGTAGACCTTG,1
TTAGACGTCTGCCAAA,1
TTAGACGTGTATCTAC,1
TTAGACTAAAGCAAGA,1
TTAGACTAGATTTCAA,1
TTAGACTAGTTCCCAT,1
TTAGACTATATTTCAG,1
TTAGACTATCCGTGTT,1
TTAGACTCTGCAACAA,1
TTAGACTGCCTCACCA,1
TTAGACTGGGGTACAG,1
TTAGACTTACAAAAAA,1
TTAGACTTATCGCATA,1
TTAGACTTCGCCATCC,1
TTAGAGAAAACCTTAA,1
TTAGAGAAGATGAACA,1
TTAGAGACATCTCCCA,1
TTAGAGACCAAAGCCA,1
TTAGAGACGAAGGCCA,1
TTAGAGAGAATGGACA,1
TTAGAGATACAGATTA,1
TTAGAGATTAAGAAAG,1
TTAGAGCAAAAAAGAT,1
TTAGAGCACATAAGGC,1
TTAGAGCACCACATAA,1
TTAGAGCAGACGTACA,1
TTAGAGCAGGATCGGA,1
TTAGAGCATGATTGGA,1
TTAGAGCCCCACAAAT,1
TTAGAGCGAAATAATA,1
TTAGAGCGATCACTAT,1
TTAGAGCTACAATGGA,1
TTAGAGCTACATATTA,1
TTAGAGGCACACACAA,1
TTAGAGGTGGCGCTCG,1
TTAGAGGTTAATCCCA,1
TTAGAGGTTCCGCTCG,1
TTAGAGTATATTTCAA,1
TTAGAGTCAAATAGTT,1
TTAGAGTGTAACTTAG,1
TTAGAGTGTGACAAAT,1
TTAGATAAAAAGAAAC,1
TTAGATAAACCGATAA,1
TTAGATAAATGAAATG,1
TTAGATAACTAACCAC,1
TTAGATAACTCACCAA,1
TTAGATAAGAGGAGAC,1
TTAGATAAGCTGACGA,1
TTAGATACATAGTCAC,1
TTAGATACCAAGCTGT,1
TTAGATACCAAGGCCA,1
TTAGATACTATTAATA,1
TTAGATACTCCACCAA,1
TTAGATAGTATGTAAA,1
TTAGATATAAATAAGC,1
TTAGATATATACGACA,1
TTAGATATATATGAAA,1
TTAGATCAAGTCGGTA,1
TTAGATCAGATAGGTA,1
TTAGATCCAAAAAACA,1
TTAGATCCAAAACTCT,1
TTAGATCGAATTGGAC,1
TTAGATCGATCAACCG,1
TTAGATCTATTCATAA,1
TTAGATCTTATCTGAA,1
TTAGATGAGCGGTCTA,1
TTAGATGATAACATCT,1
TTAGATGCAAGATAGC,1
TTAGATGCAAGGTACC,1
TTAGATGCGAAATATG,1
TTAGATGTACTCCCCC,1
TTAGATTAATAGGGAA,1
TTAGATTACGAATTTT,1
TTAGATTAGGAGACTT,1
TTAGATTATAACAGAC,1
TTAGATTATATACGCG,1
TTAGATTATCGAGTTC,1
TTAGATTCAAGATACC,1
TTAGATTCACTCAACA,1
TTAGATTCAGGAAAGA,1
TTAGATTCTAACTCTC,1
TTAGATTTAGTTCCAA,1
TTAGATTTTATCAGAT,1
TTAGCAAAAAAATAAT,1
TTAGCAAATAAAACAC,1
TTAGCAACATCACTAT,1
TTAGCAAGATCAGAAT,1
TTAGCAAGGTAGGTGT,1
TTAGCAAGTCGTAGGG,1
TTAGCAATAGGGTTGT,1
TTAGCAATATGCCGTC,1
TTAGCAATGACCATAA,1
TTAGCAATGTGCCGTC,1
TTAGCAATTAAAGATG,1
TTAGCAATTGAACCTT,1
TTAGCAATTTACCGTC,1
TTAGCAATTTGACGTC,1
TTAGCAATTTGCCCTC,1
TTAGCAATTTGCCTTC,1
TTAGCACAACATAACC,1
TTAGCACATAGAGGAC,1
TTAGCACATTATACCG,1
TTAGCACCCAGAACTC,1
TTAGCACGCATTAAAG,1
TTAGCACTACACTTAG,1
TTAGCACTATGCCATA,1
TTAGCACTCCAACACA,1
TTAGCACTTTAGTAAG,1
TTAGCAGATGAATAAC,1
TTAGCAGCTACAGAAC,1
TTAGCATAACCCAAAA,1
TTAGCATACATAAGTC,1
TTAGCATACCGTTGAC,1
TTAGCATATAAAACCA,1
TTAGCATATTTGACTC,1
TTAGCATCAAGGACCA,1
TTAGCATCACGCCACA,1
TTAGCATCCAACATCG,1
TTAGCATCCACCATCA,1
TTAGCATCCACTATCG,1
TTAGCATCCGCCATCG,1
TTAGCATTCAGATACC,1
TTAGCCAAACCTATCT,1
TTAGCCAACAAATGAA,1
TTAGCCACGCACTGAA,1
TTAGCCACGCTTAAAA,1
TTAGCCAGTCCAGTTG,1
TTAGCCAGTTTATCAC,1
TTAGCCATACCGAGAT,1
TTAGCCATATCCATTT,1
TTAGCCATCAATACGG,1
TTAGCCCACCCTACAC,1
TTAGCCCACCGTTGAC,1
TTAGCCCCACTAATTA,1
TTAGCCCCCTATCCAG,1
TTAGCCCTTATCTTCA,1
TTAGCCGATCAACTGA,1
TTAGCCGGGAGTACGG,1
TTAGCCGGTGGATGCG,1
TTAGCCGTACTCACCA,1
TTAGCCGTCGAGAGGT,1
TTAGCCTAACGTTGAC,1
TTAGCCTACCTTTGAC,1
TTAGCCTACGGTTGAC,1
TTAGCCTACTGTTGAC,1
TTAGCCTAGACTAAAA,1
TTAGCCTAGTCTTGGT,1
TTAGCCTATCCTTGGT,1
TTAGCCTATCTAGGCC,1
TTAGCCTATTCTTTGT,1
TTAGCCTCAAGTTAAA,1
TTAGCCTCCCTCGTAA,1
TTAGCCTGCCGTTGAC,1
TTAGCCTGCGATTGGG,1
TTAGCCTGGGGTACAT,1
TTAGCCTGGGGTACGG,1
TTAGCCTTGTGATACG,1
TTAGCGAGTCGGGTAT,1
TTAGCGAGTTTGAAAT,1
TTAGCGATTTACCATA,1
TTAGCGCGATAACTTC,1
TTAGCGCTTCATTGAC,1
TTAGCGTAAACCGCAG,1
TTAGCGTACACAAGCG,1
TTAGCGTATTGATATT,1
TTAGCTACCATAATGA,1
TTAGCTACTATATCTC,1
TTAGCTAGAGTGTCAA,1
TTAGCTATCGTCAAAA,1
TTAGCTATGAACTGAT,1
TTAGCTCAAAAAACCG,1
TTAGCTCTATACCTAG,1
TTAGCTCTGAAACTGG,1
TTAGCTCTGTTAGATC,1
TTAGCTCTTAAAATCA,1
TTAGCTGAACCAAAAG,1
TTAGCTGAAGGTATAA,1
TTAGCTGCGTCTTTAA,1
TTAGCTGGAGTTAGGA,1
TTAGCTTAACGCCCGC,1
TTAGCTTATAAACCAT,1
TTAGCTTATATATTAC,1
TTAGCTTCAGCTCAAT,1
TTAGCTTGAGAAAATA,1
TTAGCTTGCTAACAGT,1
TTAGCTTTTAATACAT,1
TTAGGAAAAGGTGCAA,1
TTAGGAAAATATTAAT,1
TTAGGAAACTAAATCA,1
TTAGGAAAGGTTAACG,1
TTAGGAACAAATAGAA,1
TTAGGAACACAAGAGT,1
TTAGGAACCCAATATC,1
TTAGGAACCTTAATCA,1
TTAGGAACTATGATAT,1
TTAGGAACTGATGATA,1
TTAGGAATAATCAAGG,1
TTAGGAATTGATATTA,1
TTAGGAATTGCCTCTA,1
TTAGGACGCTTATGGT,1
TTAGGAGAAATACAAT,1
TTAGGAGAAATTGTAG,1
TTAGGAGAGGAGTCGC,1
TTAGGAGCACGTATTA,1
TTAGGAGCATCAGGCG,1
TTAGGAGGACGATAAT,1
TTAGGAGGGGAGTCGA,1
TTAGGATAGATAGTGT,1
TTAGGATCAAACTTCA,1
TTAGGATCCGAGCATC,1
TTAGGATCCTTTTATA,1
TTAGGATCGAAATCGA,1
TTAGGATGATACAGCA,1
TTAGGATGGGTGTATC,1
TTAGGATTAACCACAC,1
TTAGGATTTAGGCTTA,1
TTAGGCAAACGCTGGA,1
TTAGGCAAGAATAGAA,1
TTAGGCAGCATGCGAT,1
TTAGGCCAGCTATGAA,1
TTAGGCCCCTCGTAGT,1
TTAGGCCCTATCGATG,1
TTAGGCGAAAACCCAA,1
TTAGGCGATATACGAC,1
TTAGGCGGAAAACCAA,1
TTAGGCGGGAACCCAA,1
TTAGGCTATATACGCA,1
TTAGGGAAGTGTGAAT,1
TTAGGGACAACGTAAC,1
TTAGGGCGTAATATAA,1
TTAGGGGAAACGCGTA,1
TTAGGGGACCTAAATT,1
TTAGGGGGGGAGTCGC,1
TTAGGGTAAACAATCT,1
TTAGGGTAACATTTTG,1
TTAGGGTACACACCAA,1
TTAGGTAATGTCAATT,1
TTAGGTACCGAAAATA,1
TTAGGTACTAATCGAA,1
TTAGGTACTGAAAGTC,1
TTAGGTAGGTTATAGA,1
TTAGGTCATGAGGAAT,1
TTAGGTGATAGCGTTT,1
TTAGGTTAACATTTCG,1
TTAGGTTGAGGCAATA,1
TTAGGTTTAACCACTA,1
TTAGTAAAAATCCGAA,1
TTAGTAAAACTACCTC,1
TTAGTAAAATGAAAAT,1
TTAGTAAAATTAACTC,1
TTAGTAAAATTACCTT,1
TTAGTAAACCGGTGCC,1
TTAGTAAAGCGAGATT,1
TTAGTAAAGCTGTACA,1
TTAGTAACCTAAATCA,1
TTAGTAACGAAAGACT,1
TTAGTAACGCGAGGTT,1
TTAGTAACTTGCGACA,1
TTAGTAACTTGGATGA,1
TTAGTAAGATCCTAAT,1
TTAGTAATCCTAAGAG,1
TTAGTAATGTTAGAAG,1
TTAGTAATTCCAGATC,1
TTAGTAATTCTCAGGG,1
TTAGTACAACTACAGA,1
TTAGTACAAGATAAAA,1
TTAGTACAAGTAATTT,1
TTAGTACACTTGAACT,1
TTAGTACACTTGACCC,1
TTAGTACAGAGCGCAT,1
TTAGTACAGTTGACCT,1
TTAGTACCAAATTAGG,1
TTAGTACCAATATCAC,1
TTAGTACCATTTCGAA,1
TTAGTACCGATATCAT,1
TTAGTACGATGGGTAT,1
TTAGTACTATCTCATA,1
TTAGTACTCGTATGTT,1
TTAGTAGAAGCGTAGA,1
TTAGTAGGGGAGTCGC,1
TTAGTATAGCGTTCTA,1
TTAGTATCCACCATCG,1
TTAGTATCCGTAATCA,1
TTAGTATCGTTTTCCT,1
TTAGTATGAGTATGTT,1
TTAGTATGATCCAGAA,1
TTAGTATGCATATGTT,1
TTAGTATGCGGGATGA,1
TTAGTATTAAGCTATT,1
TTAGTATTCAACCCGA,1
TTAGTATTCCACCCTC,1
TTAGTCAAAATTTGTT,1
TTAGTCAAAGTTTTCA,1
TTAGTCAAGCTAGCTT,1
TTAGTCAATGGATTTC,1
TTAGTCACATAGAAGG,1
TTAGTCACATTCCAAT,1
TTAGTCAGGTAGGTGT,1
TTAGTCAGTTAAAAAT,1
TTAGTCATATTTCAAA,1
TTAGTCATGTGATAAT,1
TTAGTCCAAAAGAGTG,1
TTAGTCCAAGGATTGC,1
TTAGTCCAGGGATTGC,1
TTAGTCCATGAATTGC,1
TTAGTCCATGGACTGC,1
TTAGTCCATGGATTCC,1
TTAGTCCGAGATTCTT,1
TTAGTCCGGTACCCAA,1
TTAGTCCTACTAACTG,1
TTAGTCGGAAACCCAA,1
TTAGTCGTTGATATAC,1
TTAGTCTAACAGTTTG,1
TTAGTCTACCTCGGAC,1
TTAGTCTATGGATTGC,1
TTAGTGATTAACCGTC,1
TTAGTGATTCGTTGGT,1
TTAGTGATTCTCCGGG,1
TTAGTGCAATGAGCCA,1
TTAGTGCCCGATGGCC,1
TTAGTGCGCAGTTGTA,1
TTAGTGGAAGTCGTTT,1
TTAGTGGATCGTTGTT,1
TTAGTGGCAATCAAAA,1
TTAGTGGTTAAGAAAA,1
TTAGTGTAACCATGAT,1
TTAGTGTCCTAAATCG,1
TTAGTGTCGACGGATA,1
TTAGTGTGATAGGTGC,1
TTAGTGTGCCCTCACG,1
TTAGTGTGGCCTCGAC,1
TTAGTTAAACAAACCC,1
TTAGTTAACCAAGCTT,1
TTAGTTAACCGTCGAC,1
TTAGTTAATCTTAACT,1
TTAGTTACTTTGAACA,1
TTAGTTAGATTTAAAA,1
TTAGTTAGTCTCATTC,1
TTAGTTATATTACCAG,1
TTAGTTATTACTAGAA,1
TTAGTTATTCTAATGA,1
TTAGTTCATGAACTTC,1
TTAGTTCCCCTCCTAG,1
TTAGTTCCTGAAGCTA,1
TTAGTTCCTGGAACAG,1
TTAGTTCTCATAACTC,1
TTAGTTCTGAATGAAG,1
TTAGTTCTTCCAAAAG,1
TTAGTTGCGAATCGCC,1
TTAGTTGTTCCCAAAG,1
TTAGTTGTTCCGAGAT,1
TTAGTTTAAAACACGT,1
TTAGTTTATGGACAAG,1
TTAGTTTCACAGCCGT,1
TTAGTTTCAGACATAG,1
TTAGTTTCCTCCATAA,1
TTAGTTTGACACATAC,1
TTAGTTTTAAGTATGT,1
TTAGTTTTAATTATCT,1
TTAGTTTTTAAGAGTC,1
TTATAAAAAAGCCCGC,1
TTATAAAAAATGTCAA,1
TTATAAAAAGCAAGAT,1
TTATAAAAATAAAACA,1
TTATAAAAATCAATGC,1
TTATAAAAATGGAGGC,1
TTATAAAACACCATGA,1
TTATAAAACCATAAAC,1
TTATAAAACCATAAGT,1
TTATAAAACCATATGT,1
TTATAAAACTAATAAC,1
TTATAAAAGATCACGC,1
TTATAAAAGCATACGC,1
TTATAAAAGCATTCGT,1
TTATAAAAGTCCAGTA,1
TTATAAAAGTTTCAAA,1
TTATAAAATATGATAT,1
TTATAAAATCATACGT,1
TTATAAACAATAGCCT,1
TTATAAACTAATTAAA,1
TTATAAACTGCCATTG,1
TTATAAACTGTCATTG,1
TTATAAAGAGCCTAAA,1
TTATAAAGATTCTCAA,1
TTATAAATACGCCTAC,1
TTATAAATACTAATAA,1
TTATAAATAGGTTACA,1
TTATAAATGCTCTAAT,1
TTATAAATGTATCGGA,1
TTATAAATGTCAAGTT,1
TTATAAATTCAGTGAC,1
TTATAACAAAAACCAT,1
TTATAACAAGAAAGAT,1
TTATAACAAGGAAAGC,1
TTATAACAAGTAAGAT,1
TTATAACACACCACGA,1
TTATAACACACCATTA,1
TTATAACAGATAGCAT,1
TTATAACAGCATGTAA,1
TTATAACAGGATTCAC,1
TTATAACCAAAGAAGA,1
TTATAACCAACGAAGT,1
TTATAACCCAAAACAG,1
TTATAACCCACCATGA,1
TTATAACCCTATCAAC,1
TTATAACCGCACAGTT,1
TTATAACCGGATTGGT,1
TTATAACGACGTCGAG,1
TTATAACGATAACTGA,1
TTATAACGATACTCAC,1
TTATAACGATACTTAG,1
TTATAACGATCACTAT,1
TTATAACGATTACCTT,1
TTATAACGGATCTTTT,1
TTATAACTAAAGAGGG,1
TTATAACTACAGAGCG,1
TTATAACTACAGAGGA,1
TTATAACTACAGAGGT,1
TTATAACTACAGATGG,1
TTATAACTATATCGGA,1
TTATAACTCCTCAACA,1
TTATAACTCTTTTTAC,1
TTATAACTGAATCGGA,1
TTATAACTGCAGAGGG,1
TTATAACTGTATAGGA,1
TTATAACTTGAGCGCG,1
TTATAAGAATAACATC,1
TTATAAGATATTTGCC,1
TTATAAGCAACGGTGT,1
TTATAAGCAAGGAAAA,1
TTATAAGCAGGCAGAT,1
TTATAAGCATACTATT,1
TTATAAGCCAGAGGAC,1
TTATAAGCTACGTAAG,1
TTATAAGCTGGCATTG,1
TTATAAGGACTTGTTG,1
TTATAAGGATTCCCAA,1
TTATAAGGTGACAAGA,1
TTATAAGTAAATAAAA,1
TTATAAGTAAATCGAA,1
TTATAAGTAACGCTTG,1
TTATAAGTACTCCATA,1
TTATAAGTCAACTCAA,1
TTATAAGTTACTGATC,1
TTATAATACACAGGGG,1
TTATAATACAGTACTA,1
TTATAATACATAAGGG,1
TTATAATAGAACTCTA,1
TTATAATATTCAATGG,1
TTATAATCAAATAAGA,1
TTATAATGACCCAAGT,1
TTATAATGCAACCTGT,1
TTATAATGCCACAAGT,1
TTATAATTACAACTCA,1
TTATAATTACGCGAAA,1
TTATAATTCGCTCGCG,1
TTATAATTGAGAAAAA,1
TTATAATTGGAACCCT,1
TTATACAAAAACACAA,1
TTATACAAAACTACAT,1
TTATACAACCACTGGG,1
TTATACAAGAAGACCT,1
TTATACAAGAATAGAA,1
TTATACAATGATGACC,1
TTATACAATGCATGGT,1
TTATACACAACTGCGC,1
TTATACACAGAATAAC,1
TTATACACATAATACC,1
TTATACACGGAATACC,1
TTATACACGTATTCTA,1
TTATACACTCAGAAAC,1
TTATACACTGTACCAA,1
TTATACAGCAATTCTG,1
TTATACAGCCCGGCAA,1
TTATACAGGGATTCCG,1
TTATACAGGTAATGTG,1
TTATACATAGAATACC,1
TTATACATTATGGTTG,1
TTATACATTCACCAAA,1
TTATACATTTGTATAT,1
TTATACCAGTAAGTTT,1
TTATACCAGTGTGTTT,1
TTATACCCCCTTTACA,1
TTATACCCGACACACA,1
TTATACCCGCTTGACA,1
TTATACCCTGAGATTA,1
TTATACCGATCGTGAT,1
TTATACCTCTTCTAAA,1
TTATACCTGAGAGAGA,1
TTATACGAGGCTTTTA,1
TTATACGCGACGGACA,1
TTATACGCTTTGAAAA,1
TTATACGGAGCGGCTC,1
TTATACGTGGCATACC,1
TTATACGTTCAAACAC,1
TTATACTAAACACCAA,1
TTATACTAAGACAATT,1
TTATACTACTCGGATT,1
TTATACTAGAAACATC,1
TTATACTAGGCTTGTA,1
TTATACTATATTAAAA,1
TTATACTCACAATGCC,1
TTATACTCCCTGTAGT,1
TTATACTCCCTTGACA,1
TTATACTCGAAGCCAT,1
TTATACTCTTACTTTA,1
TTATACTGGATCACAC,1
TTATACTGTAAAACTC,1
TTATACTTAGACAATT,1
TTATACTTCCCACTAT,1
TTATACTTTCATGATA,1
TTATAGAAATCAGACA,1
TTATAGAAATTAAAAC,1
TTATAGAAGACAATTG,1
TTATAGAATACAATTT,1
TTATAGAATGACTTAT,1
TTATAGAATTCTTATT,1
TTATAGACACATGACC,1
TTATAGACACTCATTT,1
TTATAGACAGTTAGAC,1
TTATAGACTACTTGAA,1
TTATAGAGACATTGAG,1
TTATAGAGCCTGTGCG,1
TTATAGATACTTGACC,1
TTATAGCACAATTGGA,1
TTATAGCAGCCGTACA,1
TTATAGCAGTGAATCC,1
TTATAGCCCCACTCAA,1
TTATAGCGAATAGAAA,1
TTATAGCTATAAAAAC,1
TTATAGCTATAACCAA,1
TTATAGCTATAATACC,1
TTATAGCTATAATGAC,1
TTATAGCTATAGTAAC,1
TTATAGCTCTCATGCT,1
TTATAGCTGTAATAAC,1
TTATAGCTGTATCGGA,1
TTATAGGAAAGAGAAG,1
TTATAGGATTTCAGCT,1
TTATAGGCCTCTAAAA,1
TTATAGGCTACTAGTG,1
TTATAGGGAGGGAGAA,1
TTATAGGGCAGTGCAA,1
TTATAGGTACCCTAAG,1
TTATAGGTATAATAAC,1
TTATAGGTTCCATAAG,1
TTATAGGTTCCCCAAG,1
TTATAGTACTAAATAT,1
TTATAGTAGGTCATGC,1
TTATAGTCAAAAGCTC,1
TTATAGTCCCGGTAAC,1
TTATAGTGGGAGTACA,1
TTATAGTTAAACACCT,1
TTATAGTTAAATTAAC,1
TTATAGTTCCACTAAA,1
TTATAGTTTTCCATAG,1
TTATAGTTTTGTAATG,1
TTATATAAAAAGCATA,1
TTATATAAAATCCAGA,1
TTATATAACCACACCG,1
TTATATAACCTTAGAA,1
TTATATAACCTTGGAC,1
TTATATAACTTCCCAA,1
TTATATAAGTTTTGCG,1
TTATATAATACAATTG,1
TTATATAATCAAAACA,1
TTATATACAGACATTA,1
TTATATACCAGTCTAA,1
TTATATACGATAGGAA,1
TTATATAGCCTGGGCT,1
TTATATAGGTGTCATA,1
TTATATATACATCCCC,1
TTATATATGCAGACGT,1
TTATATATTAGTACCA,1
TTATATATTGAGTTGT,1
TTATATCAAATCAAAC,1
TTATATCAGCACAAGC,1
TTATATCATAATACAG,1
TTATATCATATAAGAA,1
TTATATCCATTGTACA,1
TTATATCCGTTGTCCA,1
TTATATCGCACTATGA,1
TTATATCGTATAACAA,1
TTATATCGTATAATAA,1
TTATATGACAAGATCA,1
TTATATGACCGGCTCA,1
TTATATGACCTTAGAC,1
TTATATGATGTACGGA,1
TTATATGATGTGCTGA,1
TTATATGCAAGATACC,1
TTATATTATGATTTAA,1
TTATATTCAAGTAAAG,1
TTATATTCCCAGCACT,1
TTATATTGTTGTAATG,1
TTATATTTAGGTCGTA,1
TTATATTTAGGTTGCA,1
TTATATTTCACTCGGT,1
TTATATTTTACTCATT,1
TTATATTTTTCACACT,1
TTATATTTTTGCTTTA,1
TTATCAAAAGAATGAA,1
TTATCAAAGGACCGCA,1
TTATCAAAGGATGACA,1
TTATCAAATAAGGTTA,1
TTATCAAATGACTAAA,1
TTATCAACCTCTCATA,1
TTATCAACTAACCAGC,1
TTATCAACTAATAGAA,1
TTATCAACTTCCCATA,1
TTATCAACTTCTAATA,1
TTATCAACTTCTTATA,1
TTATCAACTTGGGTCT,1
TTATCAACTTTTCATA,1
TTATCAAGAAAGGTAG,1
TTATCAATTAAAATCA,1
TTATCAATTCATGAAG,1
TTATCACACAAAGCAA,1
TTATCACAGCACAGTT,1
TTATCACATTCCTACA,1
TTATCACCCGTGCAGT,1
TTATCACCGAATCAAA,1
TTATCACGACCAGGAG,1
TTATCACGACTGGGAG,1
TTATCACGCAAATCAA,1
TTATCACGGAAAGCAA,1
TTATCACTATTATGGT,1
TTATCACTCAAAATCA,1
TTATCACTCAAAGCAA,1
TTATCACTCACTAAAT,1
TTATCACTCAGACTAT,1
TTATCACTTAAAACCA,1
TTATCACTTAGAATCA,1
TTATCACTTTCAGCAC,1
TTATCAGCACTAAGGA,1
TTATCAGCATCTACTT,1
TTATCAGCGCACAGTT,1
TTATCAGCTAGGTCAT,1
TTATCAGGAAACAATG,1
TTATCAGGAAATAATA,1
TTATCAGGAAATGATG,1
TTATCAGGTGCTTGTA,1
TTATCAGTATCGCAGC,1
TTATCAGTCCACTACG,1
TTATCATAAAGGTTCT,1
TTATCATACACCAACT,1
TTATCATACCCCAAAT,1
TTATCATACCCCACCA,1
TTATCATATTAGACAC,1
TTATCATCAGTACTAA,1
TTATCATCATTGGTCT,1
TTATCATCCCATACAT,1
TTATCATCGTTCCACA,1
TTATCATCTCATAGGT,1
TTATCATCTTAGCCCT,1
TTATCATCTTCTAGGT,1
TTATCATGCCCCAACT,1
TTATCATGGTATACCT,1
TTATCATGTGTATAGA,1
TTATCATTTAAAATCA,1
TTATCATTTTCCAGCC,1
TTATCCAAACACCCTC,1
TTATCCAAACAGTCGA,1
TTATCCAAAGCAATGT,1
TTATCCAAATATACAT,1
TTATCCAACCTAATCG,1
TTATCCAAGCGTCCAT,1
TTATCCATATGATATC,1
TTATCCATCTGTACAG,1
TTATCCCAGAATTTGA,1
TTATCCCAGTCGAATG,1
TTATCCCATAGCGAGG,1
TTATCCCCCTCCATGT,1
TTATCCCCCTGGTGCG,1
TTATCCCGCTCTGAAA,1
TTATCCCGTCGAACTA,1
TTATCCCGTTGATATT,1
TTATCCCTAAATCCTT,1
TTATCCGAACAACTAA,1
TTATCCGATCGGACCT,1
TTATCCGCCAGTATAA,1
TTATCCGGGTTTAAAC,1
TTATCCGTATCCCTAA,1
TTATCCGTCGGTACAG,1
TTATCCGTCTGTACAT,1
TTATCCGTCTGTACCG,1
TTATCCGTTACAACAT,1
TTATCCTACTATAATT,1
TTATCCTATAGAATGC,1
TTATCCTATTCTTGGT,1
TTATCCTCCACCACAT,1
TTATCCTGAAAATCCA,1
TTATCCTTAACACTTG,1
TTATCCTTAGAGAGCA,1
TTATCCTTAGTCAAAT,1
TTATCCTTAGTTAGCT,1
TTATCCTTAGTTATCG,1
TTATCCTTCTGTACAG,1
TTATCCTTGGGTGCCC,1
TTATCCTTTGGTGACC,1
TTATCCTTTGGTGCAC,1
TTATCCTTTGGTGCCT,1
TTATCCTTTGGTGGCC,1
TTATCGAATCTCCCGA,1
TTATCGAATTCTGGTT,1
TTATCGACATCTGGTT,1
TTATCGACTTCTAGTT,1
TTATCGACTTCTGGTA,1
TTATCGATTAAGTCTT,1
TTATCGCAAGCACATG,1
TTATCGCACTTCACAA,1
TTATCGCCCATAAATC,1
TTATCGCCTTCTGGTT,1
TTATCGCGTTTCATAT,1
TTATCGGACTCGTAAT,1
TTATCGGATATTAATG,1
TTATCGGCGACTAGTC,1
TTATCGGGACCAAACA,1
TTATCGGTAATAGACC,1
TTATCGGTCCGCGATA,1
TTATCGGTCGAAAAAA,1
TTATCGGTGGATAATG,1
TTATCGGTGTAGAATG,1
TTATCGTACAATGAAT,1
TTATCGTACTACTAGT,1
TTATCGTGAACTTCAT,1
TTATCGTTACGAGATC,1
TTATCGTTTCAATACT,1
TTATCTAAAATTCGTA,1
TTATCTAAATCCTTAT,1
TTATCTAATGGGTAGG,1
TTATCTAGCACTTGCC,1
TTATCTAGGAAACAAT,1
TTATCTATATGCACGA,1
TTATCTATGCAATGAA,1
TTATCTATTCTAATGA,1
TTATCTCAACGGTTTA,1
TTATCTCAGAGCCTAA,1
TTATCTCTATGATCGG,1
TTATCTCTTTAATAAA,1
TTATCTGCGCACAAGA,1
TTATCTGGCATGAGAT,1
TTATCTGGTAACCGAA,1
TTATCTGTAAAAAACG,1
TTATCTGTCTAATAAG,1
TTATCTGTCTGTACAG,1
TTATCTGTGCGAGGTC,1
TTATCTGTTTTCATAC,1
TTATCTTAAGGACACC,1
TTATCTTAATCCACTC,1
TTATCTTAATGACACT,1
TTATCTTCATCTACTT,1
TTATCTTGCTATCTAA,1
TTATCTTTAAGTAGAC,1
TTATCTTTACTGATGA,1
TTATCTTTTTTTAGAG,1
TTATGAAAAAATCGAA,1
TTATGAAAAAATTGCA,1
TTATGAAAATGATGGA,1
TTATGAAAGTGAGGGA,1
TTATGAAATCACGGTG,1
TTATGAACAGGCATCG,1
TTATGAACCAATAATT,1
TTATGAACCATAGACT,1
TTATGAACCGGCATAG,1
TTATGAACCGGCATTG,1
TTATGAACCTAAATCA,1
TTATGAACTGGCATTG,1
TTATGAATACTAAAAA,1
TTATGACAAGCAAGAT,1
TTATGACACACCATGA,1
TTATGACCAACTAAAG,1
TTATGACCAATTATAG,1
TTATGACCCCTGAATA,1
TTATGACCTTATACGC,1
TTATGACCTTTCATGA,1
TTATGACGAACTATAG,1
TTATGACGCCACAAGG,1
TTATGACTAAACCAAG,1
TTATGACTCCTACCAC,1
TTATGACTCCTGTGAG,1
TTATGACTGAACAGCC,1
TTATGACTGTATCGGA,1
TTATGAGATGTGCTTA,1
TTATGAGATTATACGT,1
TTATGAGCAACTATAG,1
TTATGAGCCATGAATA,1
TTATGAGCCCTGAATG,1
TTATGAGCGCAGTCCC,1
TTATGAGCGCTGAATA,1
TTATGAGCGGCATTGA,1
TTATGAGGGGAGTCGC,1
TTATGAGTTAAAAACA,1
TTATGATAAGCAATCC,1
TTATGATATATTAACC,1
TTATGATATGATTAGA,1
TTATGATATTGATCCA,1
TTATGATCCCTCCCGA,1
TTATGATGAATAAAGT,1
TTATGATGAGAAATGT,1
TTATGATGGCTTCTAA,1
TTATGATGTGCCTTTG,1
TTATGATTACAACTCT,1
TTATGCAAGTACGATT,1
TTATGCACTAAGAAAA,1
TTATGCAGGCATAGGA,1
TTATGCATACAACCGG,1
TTATGCATCAATAATT,1
TTATGCCACAGTAATA,1
TTATGCCATCCGGCAG,1
TTATGCCTCAGTGTAA,1
TTATGCGGATTTGACC,1
TTATGCGTTTGAACAG,1
TTATGCGTTTGAGCAA,1
TTATGCTAAAAAATTG,1
TTATGCTAACATAAGA,1
TTATGCTAGATAGAAG,1
TTATGCTATCGATCCA,1
TTATGCTATTGATACA,1
TTATGCTCCAATAATT,1
TTATGCTGAATTTTAG,1
TTATGCTTACAACTCC,1
TTATGCTTGCTGGGTG,1
TTATGGAAAGGTTTGA,1
TTATGGAAGTTATCTC,1
TTATGGAATGAGTCCT,1
TTATGGAGAGGTGGCA,1
TTATGGAGAGGTGTCC,1
TTATGGATCGTAGACC,1
TTATGGCTATAATAAC,1
TTATGGCTGGCTTAAT,1
TTATGGCTTAGAAATG,1
TTATGGGATTTGAGCT,1
TTATGGGCATAGGAGC,1
TTATGGGCGTCGGAGC,1
TTATGGGGCTATTGAC,1
TTATGGGTTCCCTAAG,1
TTATGGTATATTATTT,1
TTATGGTCCATTATTT,1
TTATGGTCTATTACTT,1
TTATGGTCTATTATTC,1
TTATGGTTAAGTAGAT,1
TTATGGTTACGATTGC,1
TTATGGTTCCAACCTT,1
TTATGGTTGATTACTT,1
TTATGTAAACCAAGTA,1
TTATGTAAACTGACTT,1
TTATGTAACCTTAGAC,1
TTATGTACCGTGAGTG,1
TTATGTACGTGTTTTC,1
TTATGTAGCGTGAATG,1
TTATGTATTTAACGCG,1
TTATGTCAAAAAATTG,1
TTATGTCTACAGTGTC,1
TTATGTCTGGTAGCTC,1
TTATGTGATATCAATA,1
TTATGTGCATCGGAGC,1
TTATGTGCTACCACTT,1
TTATGTTAAAAAACTG,1
TTATGTTAGGGCTTTC,1
TTATGTTAGTCTCCAA,1
TTATGTTATAAACCCT,1
TTATGTTGAAAAATTG,1
TTATGTTGCCGTCTAT,1
TTATTAAAAAATAGAA,1
TTATTAAAAAGCGCTA,1
TTATTAAAACACTAAT,1
TTATTAAAAGAAAACG,1
TTATTAAAGTCATTCT,1
TTATTAACATTAAGCC,1
TTATTAAGGATTCGGA,1
TTATTAAGTACCAAAC,1
TTATTAATAAGAAGAC,1
TTATTAATACACACAC,1
TTATTAATAGATATCA,1
TTATTAATAGATTAAG,1
TTATTAATGCGAGTCA,1
TTATTAATTATAGGTC,1
TTATTACAAGGTCCAC,1
TTATTACACAGAAAAG,1
TTATTACACTAGCTGG,1
TTATTACACTTGACCT,1
TTATTACATAAACATT,1
TTATTACCTTCCGTTT,1
TTATTACGGTGTAAAT,1
TTATTACTAAGTAACA,1
TTATTACTAATTACCT,1
TTATTACTACACACAA,1
TTATTACTCGGGGCAC,1
TTATTACTCTTTTACC,1
TTATTACTGTCAGGGA,1
TTATTAGAACGGTTAG,1
TTATTAGACGGCCTCA,1
TTATTAGAGGAGAAAA,1
TTATTAGATAATCAAA,1
TTATTAGATCTCACAA,1
TTATTAGCAGGCCTCA,1
TTATTAGCCGGCCTAA,1
TTATTAGCCGGTCTCA,1
TTATTAGCGGGCCTCA,1
TTATTAGGATCCTATC,1
TTATTAGGATTCTATA,1
TTATTATAACGACATC,1
TTATTATAATTGACTC,1
TTATTATACCCCAACT,1
TTATTATACTCGGTAG,1
TTATTATCATAACGGT,1
TTATTATGTAGATAAT,1
TTATTATGTCACCATA,1
TTATTATGTCCCGTCA,1
TTATTCAAATATGATA,1
TTATTCAATCACAAAA,1
TTATTCACATGAGACC,1
TTATTCACATGCCCAA,1
TTATTCACCACCGTTC,1
TTATTCGAACGGTCGA,1
TTATTCGAATGAACCC,1
TTATTCGAATGCACAC,1
TTATTCGAATGTACCC,1
TTATTCGATTTATCAT,1
TTATTCGCTGGGTAAT,1
TTATTCGTCTGTACAG,1
TTATTCTAATGCACCC,1
TTATTCTAATTGACCC,1
TTATTCTAATTGATTC,1
TTATTCTCATGATACA,1
TTATTCTCTTAATAAT,1
TTATTCTGCCATTAAC,1
TTATTCTGGAAACGGT,1
TTATTCTGGCAGCATG,1
TTATTCTTCTCCCGAT,1
TTATTCTTGCTAGACC,1
TTATTGAAAGTGTCGT,1
TTATTGAAATCTGAAC,1
TTATTGAACATCACAT,1
TTATTGAACCGATCAC,1
TTATTGAAGACCTACG,1
TTATTGAAGCAGATCT,1
TTATTGAATGACAACT,1
TTATTGACATGCTAGG,1
TTATTGACCGAATCAA,1
TTATTGACTTCTGGTT,1
TTATTGAGACCGAACT,1
TTATTGAGAGCATGTA,1
TTATTGAGTGCATTTA,1
TTATTGATACTTATTG,1
TTATTGATAGATATTT,1
TTATTGATGTCACGGT,1
TTATTGCCAATAACGA,1
TTATTGCTGAAACGAG,1
TTATTGGCAGGCTAGG,1
TTATTGGCATCTTACA,1
TTATTGGTAGAAGGCA,1
TTATTGGTAGGAACTT,1
TTATTGTACCACCGCA,1
TTATTGTACGTAGGCG,1
TTATTGTGAATTTTAT,1
TTATTGTGAGTTTTTC,1
TTATTTAAAGTGAGGT,1
TTATTTAACCACCTCA,1
TTATTTAATCATATAA,1
TTATTTACAATCCGCA,1
TTATTTACAGGCTAGG,1
TTATTTACGAATGTTA,1
TTATTTAGATGATCGC,1
TTATTTAGCAATTGTA,1
TTATTTAGTTGCGCGG,1
TTATTTATAAGAACTG,1
TTATTTATATGATCGG,1
TTATTTATCCTCATAG,1
TTATTTATTAATTCTT,1
TTATTTCAAAAACAGG,1
TTATTTCAAATTACCG,1
TTATTTCGGAATAAGA,1
TTATTTCGGGATGTCT,1
TTATTTCTATAATCGG,1
TTATTTCTATGATCTG,1
TTATTTGAAAATTATG,1
TTATTTGAACAATAAT,1
TTATTTGAACATTACT,1
TTATTTGACCACACCT,1
TTATTTGCATCTACTT,1
TTATTTGTACCCCAAG,1
TTATTTGTGAAGCCAA,1
TTATTTTACTGCGGTT,1
TTATTTTATCTGAACC,1
TTATTTTATTTGCATC,1
TTATTTTCAAACCCGT,1
TTATTTTGGTTAGGCG,1
TTATTTTTGAGGTGAG,1
TTATTTTTTTCTCTTT,1
TTCAAAAAAAGGAAAG,1
TTCAAAAAAAGGAAAT,1
TTCAAAAAAAGGAGAA,1
TTCAAAAAAAGGGAAA,1
TTCAAAAAAAGTAAAA,1
TTCAAAAAACTTGCGC,1
TTCAAAAAAGGGAAAA,1
TTCAAAAAATACGGAA,1
TTCAAAAAATGACATT,1
TTCAAAAAATGGTAAC,1
TTCAAAAACACATGGC,1
TTCAAAAACGAACGAC,1
TTCAAAAACGAGCAAC,1
TTCAAAAATTCATTTC,1
TTCAAAACACAACTCG,1
TTCAAAACGACTACAA,1
TTCAAAACTAACCAAC,1
TTCAAAAGAAGTACTC,1
TTCAAAAGAGAACCAT,1
TTCAAAAGATTAACTT,1
TTCAAAAGCCCGCGGA,1
TTCAAAAGCCCTCGAA,1
TTCAAAAGCGAACAAC,1
TTCAAAAGTCGAATTG,1
TTCAAAAGTCGAGTTC,1
TTCAAAATCCCGCGAA,1
TTCAAAATGACTACGA,1
TTCAAAATTACCGAGC,1
TTCAAAATTCGAGTTG,1
TTCAAAATTGGGGGTG,1
TTCAAAATTTATTAAC,1
TTCAAACAAAACGCAC,1
TTCAAACACTGTCACA,1
TTCAAACATCAGCAAT,1
TTCAAACCACTACTCC,1
TTCAAACCCACAGCCA,1
TTCAAACCTACACACA,1
TTCAAACGATGAGTGT,1
TTCAAACTAGAGCTCG,1
TTCAAACTCAACAAAA,1
TTCAAACTGTATTCAT,1
TTCAAAGATGGTTCAA,1
TTCAAAGATGTTACGA,1
TTCAAAGGAACCTCGA,1
TTCAAAGTATTATCCA,1
TTCAAAGTCATAGGAT,1
TTCAAAGTTTAAGTAA,1
TTCAAATAAAAAGCTG,1
TTCAAATAAACGAATA,1
TTCAAATAACACGATT,1
TTCAAATAGACTAATA,1
TTCAAATATCCATCCA,1
TTCAAATCAATCCGCC,1
TTCAAATCAATCGCCC,1
TTCAAATCAATCGGAC,1
TTCAAATCAATCGGCT,1
TTCAAATCAATCTGCC,1
TTCAAATCATTATAAT,1
TTCAAATCCAAAGCGC,1
TTCAAATCGGATTGCC,1
TTCAAATGATTGTTTT,1
TTCAAATGGCACGTAT,1
TTCAAATGGTACATAC,1
TTCAAATGTACATCCA,1
TTCAAATGTATCCCTA,1
TTCAAATGTCCACCCA,1
TTCAAATTAAATGGCT,1
TTCAAATTGACTGTTA,1
TTCAAATTTCCTGTTA,1
TTCAACAAAAATCGCA,1
TTCAACAAAATGGCAA,1
TTCAACAAGCAGAACT,1
TTCAACAATTTATAAT,1
TTCAACACAATCTAGG,1
TTCAACACCAGTATAA,1
TTCAACATATTATATA,1
TTCAACATGAAAAAAG,1
TTCAACCAACGTAACA,1
TTCAACCAAGCCAAAT,1
TTCAACCAATACTCCT,1
TTCAACCAATACTTCG,1
TTCAACCCACAAAGCA,1
TTCAACCCGAATTATG,1
TTCAACCCTAAGCCGC,1
TTCAACGTCACTCATG,1
TTCAACGTTCCCAACG,1
TTCAACTAATTCACCG,1
TTCAACTCATACCGGA,1
TTCAACTCCATACAGG,1
TTCAACTCTAACGGAG,1
TTCAACTCTTTAAGCT,1
TTCAACTGGCACGTAA,1
TTCAACTGGCAGGTAT,1
TTCAACTGGCGCGTAT,1
TTCAACTGGTAGACTG,1
TTCAACTTAAGTCGAA,1
TTCAACTTCACGGATG,1
TTCAAGAACGGCCCAA,1
TTCAAGAACGGCCCTA,1
TTCAAGAACGTCCCCA,1
TTCAAGAAGTAGTAAA,1
TTCAAGACATTCTTTC,1
TTCAAGACCGTTTACG,1
TTCAAGACTCGAAATA,1
TTCAAGAGACCAAACG,1
TTCAAGAGCTGTAATT,1
TTCAAGAGGCCCCCTA,1
TTCAAGCAAAGTTGAG,1
TTCAAGCACCAAACGT,1
TTCAAGCCCGACAGAG,1
TTCAAGCCGACAAACT,1
TTCAAGCCTTATTACC,1
TTCAAGCTTTCGGCCG,1
TTCAAGGACTAGCCTT,1
TTCAAGGCTTCCTAAC,1
TTCAAGGTACACCTAG,1
TTCAAGGTGTGTACGG,1
TTCAAGTAAAAGAGTT,1
TTCAAGTACAACTTAC,1
TTCAAGTCGGACCCCA,1
TTCAAGTCTAACCCCA,1
TTCAAGTCTAACTACT,1
TTCAAGTCTGAACCCA,1
TTCAAGTGTTAGCTCG,1
TTCAATAAAAACAAAC,1
TTCAATAAACTGATTA,1
TTCAATAAGGTGTCAC,1
TTCAATAAGTCTTTAA,1
TTCAATAATAACCAAG,1
TTCAATAATTACAAAG,1
TTCAATAATTTTATGA,1
TTCAATACAAAAAAAC,1
TTCAATACAGTAATTA,1
TTCAATAGGGATAACA,1
TTCAATAGGTACATAC,1
TTCAATCAAAAGTGTC,1
TTCAATCAAAATTGGT,1
TTCAATCAACAATTTA,1
TTCAATCAAGAAGAAC,1
TTCAATCAGACTTGAG,1
TTCAATCATACTAATT,1
TTCAATCATAGCTTCC,1
TTCAATCCAAATAAGA,1
TTCAATCCAAATACGG,1
TTCAATCCACAACTTA,1
TTCAATCCGAACAATT,1
TTCAATCCTAACCCAT,1
TTCAATCCTAATAAAA,1
TTCAATCTAGTGTGTC,1
TTCAATGAGGTCGACT,1
TTCAATGCAAGTCATA,1
TTCAATGGGGAGCTGT,1
TTCAATTAATAAAATT,1
TTCAATTAATGGATAT,1
TTCAATTATAAGAGAC,1
TTCAATTATATCTGCA,1
TTCAATTATGAAAGGG,1
TTCAATTCAAATACGA,1
TTCAATTGCCCTATTA,1
TTCAATTGGGTAGGCC,1
TTCAATTGGTACATGC,1
TTCAATTGGTAGATAC,1
TTCAATTGGTTCATAC,1
TTCAATTGTAACCAAT,1
TTCAATTTACCCAGCA,1
TTCACAAAAATCTTCG,1
TTCACAAATAATCAAA,1
TTCACAACAAGATCGA,1
TTCACAACACAACCCA,1
TTCACAACGGACTTAT,1
TTCACAACTTAAGTTG,1
TTCACAAGATGGAGTG,1
TTCACAAGGGGGATAC,1
TTCACAATGTATCTCA,1
TTCACACATCGGAAAC,1
TTCACACCATGCCGTG,1
TTCACACCCAACAAAA,1
TTCACACCGCAAGTCA,1
TTCACACGCCCATATA,1
TTCACACGGGCAAACA,1
TTCACACTAAAGTGAC,1
TTCACACTAACAAGAC,1
TTCACACTAACAATCC,1
TTCACACTTAACAAAA,1
TTCACACTTAAGTAAC,1
TTCACAGAGTTGAAAT,1
TTCACAGCATCTGTAC,1
TTCACAGCGAAGAAGA,1
TTCACAGCTAATAATA,1
TTCACAGCTACCCCGT,1
TTCACAGGGACTACTC,1
TTCACAGGTCCTAACA,1
TTCACAGTGAACATTG,1
TTCACATAATAAACGC,1
TTCACATAATAATGCA,1
TTCACATAATGGTCCG,1
TTCACATACTAAACGA,1
TTCACATACTAAACTC,1
TTCACATCGAATTACG,1
TTCACATCTCAATTAG,1
TTCACATCTCGACTAG,1
TTCACATCTCTACACT,1
TTCACATGAATTTCTA,1
TTCACATTGTTAATAA,1
TTCACATTGTTATACA,1
TTCACCAAGCCGTATA,1
TTCACCAAGTGTAGAA,1
TTCACCACAGAACGGG,1
TTCACCACATGTTTGC,1
TTCACCACCTAAGAGA,1
TTCACCACCTGTATCC,1
TTCACCACGCTTAAAA,1
TTCACCACTACTAACC,1
TTCACCAGACGCAGAA,1
TTCACCAGCGGAGTAT,1
TTCACCATCCCCCTGA,1
TTCACCCACTTCATCA,1
TTCACCCAGGACGAAC,1
TTCACCCCATTTGTAG,1
TTCACCCCCAGTCTGT,1
TTCACCCCCGGATAAA,1
TTCACCCCTTGCACAA,1
TTCACCCGTCTCTAAA,1
TTCACCCTCAGGTTTC,1
TTCACCCTGGAGCAAC,1
TTCACCGAACTACAGT,1
TTCACCGATCACACAC,1
TTCACCTACTTTAAAT,1
TTCACCTCGAACATTC,1
TTCACCTGCCAGACAA,1
TTCACCTGGTGCAGGC,1
TTCACCTTACGGTGTA,1
TTCACCTTATTAGACA,1
TTCACCTTGATGGCGC,1
TTCACGAAAGGTATTC,1
TTCACGAAAGTTATTT,1
TTCACGAGAAATGAAT,1
TTCACGAGCAGCAGAA,1
TTCACGCCGAACGATA,1
TTCACGCGGAAGAATG,1
TTCACGGACATGTAAC,1
TTCACGGAGAAGAAGA,1
TTCACGGAGCAGGCTA,1
TTCACGGATCACGGAA,1
TTCACGGCCCCAACTA,1
TTCACGGTCTCAACAG,1
TTCACGTACTGAATCC,1
TTCACGTTTTACCCGG,1
TTCACTAAACAGTATT,1
TTCACTAAGTTGTTGT,1
TTCACTAATGCTTGCA,1
TTCACTACATACCGTC,1
TTCACTACATCCCTTC,1
TTCACTACCCTTATGA,1
TTCACTACTGACTCTC,1
TTCACTACTTCAGAAT,1
TTCACTATGAAGATGT,1
TTCACTATTTAACTCA,1
TTCACTCAAACTCGCC,1
TTCACTCAACGATACA,1
TTCACTCCTAACCCAT,1
TTCACTCTGGTCCAAG,1
TTCACTCTTTACATAC,1
TTCACTGAAATGCTAC,1
TTCACTGAACCACAGT,1
TTCACTGAACTGCAAC,1
TTCACTGAACTGCTAA,1
TTCACTGAACTGCTAT,1
TTCACTGAACTGCTGC,1
TTCACTGAATACAAGC,1
TTCACTGAGATTAGTA,1
TTCACTTAACTACAGT,1
TTCACTTAACTGCTAC,1
TTCACTTAGCGCAGTA,1
TTCACTTAGTTGTTGT,1
TTCACTTATGACAACG,1
TTCACTTCCACAGCTA,1
TTCACTTCTAACCAAT,1
TTCACTTGTAACAAAT,1
TTCACTTGTAGCCAAT,1
TTCAGAAAAGAAACCC,1
TTCAGAAAGCGTTAAG,1
TTCAGAAATAGATACT,1
TTCAGAAATAGTTAAG,1
TTCAGAAATCGATAAG,1
TTCAGAACAAATACCA,1
TTCAGAACAGTACAAT,1
TTCAGAACCAATACCT,1
TTCAGAACGTACCCAC,1
TTCAGAACTGAAAACT,1
TTCAGAAGAGAGAAGT,1
TTCAGAAGATACTTAA,1
TTCAGAATAAAAGTAG,1
TTCAGAATACAGAAAC,1
TTCAGAATATAGCAAG,1
TTCAGAATCGCCCATT,1
TTCAGACAAAAAGAAC,1
TTCAGACAAATTGTGG,1
TTCAGACACCTATTAA,1
TTCAGACCCACATCTC,1
TTCAGACGCTAGATTT,1
TTCAGACGTCCCATAA,1
TTCAGACTAATGACGG,1
TTCAGACTATGTGAAT,1
TTCAGACTCAGGCCTA,1
TTCAGAGATAGCACAG,1
TTCAGAGCCATCAGGA,1
TTCAGAGCTTTTCAAC,1
TTCAGAGGGGTGGATA,1
TTCAGAGTAACCACGG,1
TTCAGATAAACACCTA,1
TTCAGATACTGGGTTA,1
TTCAGATAGATCAATA,1
TTCAGATAGGACAATA,1
TTCAGATATACCACAG,1
TTCAGATCAATCGGCC,1
TTCAGATCAGCGGACA,1
TTCAGATCCTTAACCA,1
TTCAGATCGAGAGTTC,1
TTCAGATCTGGAACGA,1
TTCAGATGGAACGTGC,1
TTCAGATGTCAACGGA,1
TTCAGATTAGATGTTA,1
TTCAGATTCCCGACGG,1
TTCAGATTCCTCACGG,1
TTCAGATTCCTGTCGG,1
TTCAGATTCCTTACGG,1
TTCAGATTGCCTGTTA,1
TTCAGATTTAACTGTG,1
TTCAGCAAACAGTATT,1
TTCAGCAACAAACAAT,1
TTCAGCAATATTCAAA,1
TTCAGCACACAATCCT,1
TTCAGCACCACCATAC,1
TTCAGCACTAATCATT,1
TTCAGCAGTTCTTTCT,1
TTCAGCATATATACCT,1
TTCAGCATTAAGAAAA,1
TTCAGCATTACGAACA,1
TTCAGCCACTTAAGGG,1
TTCAGCCCTCGACTTG,1
TTCAGCCTATAAACAA,1
TTCAGCGATGAAAACG,1
TTCAGCTAGGGACTTT,1
TTCAGCTATGTGAACC,1
TTCAGCTCGGGACTCT,1
TTCAGCTCGGGTACTT,1
TTCAGCTCGGTACTTT,1
TTCAGCTGTAGCCTCG,1
TTCAGGAAAATTTCCT,1
TTCAGGAAACAGGTCT,1
TTCAGGAACGGCCCCA,1
TTCAGGATACAACTGT,1
TTCAGGATATTTGGGA,1
TTCAGGCAACTTCTAA,1
TTCAGGCATGATTGGA,1
TTCAGGCCTAAATGTA,1
TTCAGGGTATCGCTCT,1
TTCAGGTAAGGCGCAA,1
TTCAGGTGTACATTGA,1
TTCAGGTTACTGAGCG,1
TTCAGTAAAACGTATA,1
TTCAGTAAACAGTACT,1
TTCAGTAAAGACTCAA,1
TTCAGTAAATATGCTC,1
TTCAGTACATCCTTCA,1
TTCAGTACTGTGCTAT,1
TTCAGTATATATCTAT,1
TTCAGTATCATATTGC,1
TTCAGTCAGCTGATTA,1
TTCAGTCATAAACCAT,1
TTCAGTCCCTTATTAC,1
TTCAGTCGGACTGCTT,1
TTCAGTGAACTAGCCG,1
TTCAGTGAGAGAGGTT,1
TTCAGTGAGCCATAAT,1
TTCAGTGCCATCGCAA,1
TTCAGTGTTCTAAAAA,1
TTCAGTTCACTGCGTA,1
TTCAGTTCCCTACGTA,1
TTCAGTTCCCTGCCTA,1
TTCAGTTCCCTGTGTA,1
TTCAGTTGAAAAACTA,1
TTCAGTTGGCCATACA,1
TTCAGTTGTCAAACAC,1
TTCAGTTTATACAATC,1
TTCATAAAAAAGGTTT,1
TTCATAAAAGGACCAG,1
TTCATAAACATACCCC,1
TTCATAAACTGCACCC,1
TTCATAAATAACTAAC,1
TTCATAAATGATCTAC,1
TTCATAACAATCTATA,1
TTCATAACAGACCAGA,1
TTCATAACCAATACCA,1
TTCATAACCATGGATT,1
TTCATAACCGCATCGT,1
TTCATAACCGTACAAT,1
TTCATAACCTAAGAAG,1
TTCATAAGAAACCATA,1
TTCATAAGAAAGTAAT,1
TTCATAAGAACCCCCT,1
TTCATAAGAAGGGAAT,1
TTCATAAGATTAGTGT,1
TTCATAAGCAACTGCT,1
TTCATAAGTTTACTGT,1
TTCATAATCTGCCTAA,1
TTCATAATGATACGCC,1
TTCATAATTGCTACAA,1
TTCATACACACCAAAG,1
TTCATACAGTCCTGAG,1
TTCATACATAATAAAG,1
TTCATACATACCGAGC,1
TTCATACATCAGAAAC,1
TTCATACCACACTTAT,1
TTCATACCCTAAGAAA,1
TTCATACCTTGCACAA,1
TTCATACGATGGGTAT,1
TTCATACGCACTCAGA,1
TTCATACGCGCTCATA,1
TTCATACGCTCTCAGA,1
TTCATACGTGAGTACA,1
TTCATACGTTGGTGCA,1
TTCATACTAGAGATGG,1
TTCATACTTACCACGA,1
TTCATAGAGATGGTAC,1
TTCATAGAGCCGAGGT,1
TTCATAGAGCGAGGCG,1
TTCATAGAGGTAGTGA,1
TTCATAGAGTGAAAGC,1
TTCATAGATAAGGTAT,1
TTCATAGATCATGACA,1
TTCATAGATGTAGTAA,1
TTCATAGCGACTTATT,1
TTCATAGGCGGCTAAT,1
TTCATAGGCTGTAAAT,1
TTCATAGTAAGAAGCA,1
TTCATAGTAATCCCTA,1
TTCATATACAAGCTAT,1
TTCATATACATCAAAC,1
TTCATATACTCCTACA,1
TTCATATACTTCAGAC,1
TTCATATAGAACAATA,1
TTCATATAGACCTCAG,1
TTCATATAGCACACTA,1
TTCATATCCGGCAAGC,1
TTCATATCCTTTGAGA,1
TTCATATGATCTTGTA,1
TTCATATTAAACCACT,1
TTCATATTACACCACC,1
TTCATATTTCTCCTGC,1
TTCATCAAAAGATTAT,1
TTCATCAAACACACTT,1
TTCATCAAATAAATAT,1
TTCATCAAGGAGAAGG,1
TTCATCAATCAGAAGT,1
TTCATCAATGAGAATG,1
TTCATCAATTTGCTCT,1
TTCATCACATAAGAAT,1
TTCATCAGAGACCATA,1
TTCATCATGTACGCCA,1
TTCATCATTCTTTAAA,1
TTCATCATTTCGGAAG,1
TTCATCCACTTGATAA,1
TTCATCCAGGAAATCG,1
TTCATCCATATGATAA,1
TTCATCCCAATTGTGA,1
TTCATCCCAGCAGGGT,1
TTCATCCCGTGCACAA,1
TTCATCCTTACGAGGA,1
TTCATCGAACACCACA,1
TTCATCGACTTGACAC,1
TTCATCGGAAACCATA,1
TTCATCTAACCTATCA,1
TTCATCTACTCATTTC,1
TTCATCTATTAAATCT,1
TTCATCTCATTACATT,1
TTCATCTCCATGAACG,1
TTCATCTCTATATTAG,1
TTCATCTGACGTACTA,1
TTCATCTGGCGTATTA,1
TTCATGAAATTGCTAG,1
TTCATGAAGTACCGCC,1
TTCATGACAAGCTGCT,1
TTCATGACGCGAACAT,1
TTCATGACTGTGACGA,1
TTCATGAGCCGAATCT,1
TTCATGAGCTAAACCA,1
TTCATGAGCTTGCAGG,1
TTCATGAGGTACTCGA,1
TTCATGAGGTTTTTAC,1
TTCATGATGCCCGCAA,1
TTCATGCCTACGTGAT,1
TTCATGCCTTGGCCCT,1
TTCATGCTACACGTTG,1
TTCATGGAAAATAACG,1
TTCATGGAACTAAAAA,1
TTCATGGAGTGATATG,1
TTCATGGCAGTACTGA,1
TTCATGGGTAACTTAC,1
TTCATGTAACAGTATT,1
TTCATGTACACAGTTA,1
TTCATGTAGAGGATAG,1
TTCATGTCAAAGGTAC,1
TTCATGTCGCATCTAA,1
TTCATGTGAGATTGTG,1
TTCATGTGATATTGTA,1
TTCATGTGGAGGCTAG,1
TTCATGTTATACTAAC,1
TTCATGTTGATTTACA,1
TTCATTAAAAACAAGA,1
TTCATTAAAGGATTAA,1
TTCATTAAGAACGAGA,1
TTCATTAAGCCTAAAA,1
TTCATTAATAGTAACA,1
TTCATTAATTGACAAA,1
TTCATTACAAATAAAA,1
TTCATTACACATAAGG,1
TTCATTACACCTAAGT,1
TTCATTACACCTTAGG,1
TTCATTACAGAGAAAA,1
TTCATTACCCTGATGA,1
TTCATTACGCATAATG,1
TTCATTAGGAACAAGA,1
TTCATTATACCGAAAA,1
TTCATTATGAAGATTT,1
TTCATTATGCCATATA,1
TTCATTATGCCCTTTA,1
TTCATTCACACCCCAG,1
TTCATTCAGAGATTGC,1
TTCATTCATAAGAGAG,1
TTCATTCCTATATAAT,1
TTCATTCCTGCACATA,1
TTCATTCGATAAGTAA,1
TTCATTCGGTATTTTA,1
TTCATTGCAAAGAGAT,1
TTCATTGGACCGAAAA,1
TTCATTGTGCTAGCGA,1
TTCATTTAAACCATAA,1
TTCATTTCCCCCTTCA,1
TTCATTTCGAAAATGA,1
TTCATTTCTACATTAG,1
TTCATTTCTATATTAC,1
TTCATTTCTATATTAT,1
TTCATTTGAGCAGAAA,1
TTCATTTTTATATTAG,1
TTCCAAAAAGGTGCAG,1
TTCCAAAAATAAAACA,1
TTCCAAAACAGCAGCA,1
TTCCAAAAGCCATAAC,1
TTCCAAAAGTAAACCA,1
TTCCAAAAGTACGTAG,1
TTCCAAAATATCTATC,1
TTCCAAAATTAGCTGT,1
TTCCAAAATTCGCTTT,1
TTCCAAACACATCGAG,1
TTCCAAACATATCAAG,1
TTCCAAACGATGCATA,1
TTCCAAACGCCAGTTC,1
TTCCAAACTGCATATT,1
TTCCAAAGTCGGAATA,1
TTCCAAATCAATAACC,1
TTCCAAATCACACCAT,1
TTCCAAATCATATCAT,1
TTCCAAATGAGGCGGG,1
TTCCAAATGATACCAT,1
TTCCAACCAACTTTCC,1
TTCCAACGCACAACGA,1
TTCCAACGCACAACTC,1
TTCCAACGGACTCGAT,1
TTCCAACTCGATATCA,1
TTCCAACTGAAACTCG,1
TTCCAACTGAGCACCA,1
TTCCAACTGAGCCACA,1
TTCCAACTGGGCCCCA,1
TTCCAACTTAGTTGAC,1
TTCCAAGACATCATTA,1
TTCCAAGACTGTGACC,1
TTCCAAGCAACCATAG,1
TTCCAAGCACATCAAG,1
TTCCAAGGGCTGACGG,1
TTCCAAGGTAACGGGA,1
TTCCAAGGTGACGAGA,1
TTCCAAGTATGAAGGA,1
TTCCAAGTCATCCTCA,1
TTCCAAGTGTGAAAGA,1
TTCCAAGTTCTAACCG,1
TTCCAAGTTTTTCAGA,1
TTCCAATAATTCCAAG,1
TTCCAATAGCTCGAAA,1
TTCCAATAGGATTGCC,1
TTCCAATAGTATCAAA,1
TTCCAATCCGATTGCC,1
TTCCAATCGTCCGCGA,1
TTCCAATTAATTTACT,1
TTCCAATTCAAAAGAG,1
TTCCAATTGAATTAAA,1
TTCCAATTTCGGCATT,1
TTCCACAAAAATCGAA,1
TTCCACAAAAATCTCA,1
TTCCACAAGAATGAAA,1
TTCCACACAACTTAGA,1
TTCCACACGTAGTCCA,1
TTCCACACTATTATGG,1
TTCCACACTGCACAGA,1
TTCCACAGACTTCAAT,1
TTCCACAGATCCGTAG,1
TTCCACAGATGCATAG,1
TTCCACAGATGCCTAG,1
TTCCACAGATGGAAAC,1
TTCCACAGATGTGTAG,1
TTCCACAGATTCGTAG,1
TTCCACAGGTGCGTAG,1
TTCCACAGTATAACTT,1
TTCCACAGTGTCCGAC,1
TTCCACATCTGATGAA,1
TTCCACATGAAAAAAA,1
TTCCACATGAAAGAAG,1
TTCCACATGAGAAAAG,1
TTCCACATTCTTACGG,1
TTCCACATTCTTATGA,1
TTCCACCAAGCAACCA,1
TTCCACCACTCATGTC,1
TTCCACCACTTCTTAC,1
TTCCACCATTGACGCC,1
TTCCACCCGAAAAAGA,1
TTCCACCTAGTCATGA,1
TTCCACCTGATCATGA,1
TTCCACGAACACGATC,1
TTCCACGCCCTTAGCA,1
TTCCACGCTATATACC,1
TTCCACGTGCACTTAC,1
TTCCACTAACAAGCGA,1
TTCCACTAGCACGCGA,1
TTCCACTAGGCTGATA,1
TTCCACTCACATTCAA,1
TTCCACTCACTGATGA,1
TTCCACTCCTACGCGA,1
TTCCACTCCTCAGCGA,1
TTCCACTCCTCCCCGA,1
TTCCACTCCTTCGCGA,1
TTCCACTCTTATCTAA,1
TTCCACTGATGCGTAG,1
TTCCACTGCCCGCAGG,1
TTCCACTTAAAAAGGG,1
TTCCACTTGGACAATA,1
TTCCAGAAAAAAAACA,1
TTCCAGAAAAACGAAA,1
TTCCAGAATTAAGACA,1
TTCCAGACCAACACTT,1
TTCCAGAGGAACGAGT,1
TTCCAGAGTACACAAA,1
TTCCAGATGAAAAAAG,1
TTCCAGATTAAACAAA,1
TTCCAGCCGATAAACT,1
TTCCAGCTGACAAACT,1
TTCCAGGAGGTCCAAG,1
TTCCAGGCAAATTTCC,1
TTCCAGTAGTCTTCGC,1
TTCCAGTGGTGACATG,1
TTCCAGTTAATCCTTG,1
TTCCAGTTATTACGAG,1
TTCCAGTTTGCTATTA,1
TTCCATAAACTACCAC,1
TTCCATAAAGCAACCA,1
TTCCATAAATTTATGG,1
TTCCATAACAGCACAA,1
TTCCATAATGAATGCG,1
TTCCATACCCACGATT,1
TTCCATACCTACCATG,1
TTCCATAGAGGTTACT,1
TTCCATAGATGCGTAG,1
TTCCATATAAACTCGG,1
TTCCATATAACTAACT,1
TTCCATCAAGAAACCA,1
TTCCATCAAGCAACTA,1
TTCCATCAAGTAACCA,1
TTCCATCAATAGCAAT,1
TTCCATCACTTGCAAA,1
TTCCATCAGGCAACCA,1
TTCCATCCGACAAACT,1
TTCCATCCTATGCACT,1
TTCCATCCTCTGCACC,1
TTCCATCGAAAGAATG,1
TTCCATCGGGTAAACT,1
TTCCATGAGAAAACAA,1
TTCCATGATAACCAAG,1
TTCCATTAAATCGATA,1
TTCCATTAAGAAACAC,1
TTCCATTAATACCCCA,1
TTCCATTACTGGCATA,1
TTCCATTATTACCAAT,1
TTCCATTCGTGAGGAT,1
TTCCATTCTGCTAGTT,1
TTCCATTGAGAAAATT,1
TTCCATTGGGAAACTT,1
TTCCATTTTACGCTAC,1
TTCCATTTTCAGAAAA,1
TTCCCAAAACTCGGTC,1
TTCCCAAACGAAGCTT,1
TTCCCAAACTAGTCCC,1
TTCCCAAATTACAACC,1
TTCCCAACGAACTGCA,1
TTCCCAACGTAGGCCC,1
TTCCCAAGGACATATA,1
TTCCCAAGGCTAGGTT,1
TTCCCAAGGTACGGTT,1
TTCCCAAGTACAGGAA,1
TTCCCAATAATGGCTG,1
TTCCCAATTTACGGTT,1
TTCCCACACATTACAT,1
TTCCCACCTTTTCGCC,1
TTCCCACGACCAGGAG,1
TTCCCACGGCTATGTT,1
TTCCCACTAAGTTGAC,1
TTCCCAGACAACACTC,1
TTCCCAGACAATACTA,1
TTCCCAGACAATAGTC,1
TTCCCAGCAGATTGAA,1
TTCCCAGGCCAAAAAA,1
TTCCCAGGGCTAGGTT,1
TTCCCAGTATCGCAGC,1
TTCCCAGTTGGTCTAC,1
TTCCCATGACATATAA,1
TTCCCATGCCGCTATA,1
TTCCCATGGCTAGGTT,1
TTCCCATTAAATCTTT,1
TTCCCATTCAAAAGGG,1
TTCCCATTCAAAGGAG,1
TTCCCATTCAAGAGAG,1
TTCCCATTGGCATCCA,1
TTCCCCAAAACCTCCA,1
TTCCCCAAAGTTAAAT,1
TTCCCCAATATAACAG,1
TTCCCCAATATTTACC,1
TTCCCCAATCTTTACA,1
TTCCCCACCGGCTTCC,1
TTCCCCAGATACCATT,1
TTCCCCAGCAACATTA,1
TTCCCCAGCTGTTCAA,1
TTCCCCATGATATTAC,1
TTCCCCATGTACTGAG,1
TTCCCCCAGTAAACCG,1
TTCCCCCATAGAAATA,1
TTCCCCCTCTTTCCGA,1
TTCCCCGAAGCCATCC,1
TTCCCCGGCCCTGAAT,1
TTCCCCGGCTTTTCAA,1
TTCCCCGTACAGACCC,1
TTCCCCTAATTTTACT,1
TTCCCCTACACCCACG,1
TTCCCCTACTCTCACA,1
TTCCCCTCTAAAAAAT,1
TTCCCCTGCAACCACG,1
TTCCCCTGCACCCACT,1
TTCCCCTGTACCCACG,1
TTCCCCTTAAAAAAAT,1
TTCCCGAACAGATACA,1
TTCCCGAACCGCATCA,1
TTCCCGACTAAACTAG,1
TTCCCGCCATATAAAT,1
TTCCCGCCTCGAAAGG,1
TTCCCGCGTTACTCAT,1
TTCCCGGAACATCAAA,1
TTCCCGGAATATAATA,1
TTCCCGGCTCTTTACC,1
TTCCCGGTTTCCCTCT,1
TTCCCGTCTATCCACC,1
TTCCCGTTAACAAAAC,1
TTCCCGTTGTCATGCC,1
TTCCCGTTGTCCTTAA,1
TTCCCTAAAAAGATCT,1
TTCCCTAAAAGGAACA,1
TTCCCTAACCCCTGAT,1
TTCCCTAATAGAAATA,1
TTCCCTAATCATAGAC,1
TTCCCTACAATAGCGC,1
TTCCCTACCCCATACT,1
TTCCCTACTAAACTTT,1
TTCCCTACTTACTCTC,1
TTCCCTAGAAAGCAAG,1
TTCCCTAGCGACCGCC,1
TTCCCTCACAGAAATA,1
TTCCCTCATAGGAATA,1
TTCCCTCATATAAATA,1
TTCCCTCATCAATACT,1
TTCCCTCCCCCCGACT,1
TTCCCTCGTAACCCAT,1
TTCCCTCTTAGAAATA,1
TTCCCTTATGGCCCAT,1
TTCCCTTATTTGAAAA,1
TTCCCTTCCGTGCAAC,1
TTCCCTTGACATGCTC,1
TTCCCTTTTCGAGAAG,1
TTCCGAAAATCCAATT,1
TTCCGAAATCGACTCA,1
TTCCGAACAAACGTTA,1
TTCCGAACTAATTAAA,1
TTCCGAAGAACGGCCC,1
TTCCGAATACAACCAA,1
TTCCGAATCAAGGACA,1
TTCCGAATCTTAAGAC,1
TTCCGACAACCCAAGA,1
TTCCGACTACTAGCCG,1
TTCCGACTCAACACAC,1
TTCCGACTCCCGTCCC,1
TTCCGACTGAGCCCCA,1
TTCCGACTGCTCCTAA,1
TTCCGATGACTATTAT,1
TTCCGATGATTTCACT,1
TTCCGATGGAGTAGAG,1
TTCCGATGTACAAATA,1
TTCCGCAAGTCTAACG,1
TTCCGCATATAATGTG,1
TTCCGCATGAAAAAAG,1
TTCCGCATTCACTCCA,1
TTCCGCATTTTAGTCA,1
TTCCGCCACATGAAAT,1
TTCCGCCACTCCCGCT,1
TTCCGCCCGAAAAATC,1
TTCCGCCCTGGATTTA,1
TTCCGCGAATTACTAA,1
TTCCGCGATTAACGGT,1
TTCCGCGGCTGAGTAA,1
TTCCGCGTTACATGGA,1
TTCCGCTCCTCCGCGA,1
TTCCGCTGACTAACGT,1
TTCCGGAAAAAATGAG,1
TTCCGGACATGATATG,1
TTCCGGACCTGATAAG,1
TTCCGGCTACAACACA,1
TTCCGGTAAGCCGATA,1
TTCCGTAGCCCTTGCA,1
TTCCGTCCTTTTTCGC,1
TTCCGTCGACCTCTTC,1
TTCCGTCTACAATACA,1
TTCCGTGACAGACCAG,1
TTCCGTGATTTACTCA,1
TTCCGTGTCCATTAAC,1
TTCCGTTAATAGAACA,1
TTCCGTTAGAAAATAA,1
TTCCGTTGAGAAACTT,1
TTCCGTTGGGATTCTA,1
TTCCTAAAATCCTATG,1
TTCCTAACAAATGCCA,1
TTCCTAACAAGCTGAT,1
TTCCTAACAATGAGGA,1
TTCCTAACCATGAGTA,1
TTCCTAACCATTAGGA,1
TTCCTAAGAAAAAAAT,1
TTCCTAAGGCTATTCC,1
TTCCTAATCCAGACTT,1
TTCCTAATCTTAGTTG,1
TTCCTAATGATACGCG,1
TTCCTAATGTTACGCC,1
TTCCTAATTTAAACAC,1
TTCCTACAACACTTAT,1
TTCCTACAAGTCGCTG,1
TTCCTACAGAACGGCG,1
TTCCTACTGAGCAAGA,1
TTCCTAGAACATAAAT,1
TTCCTAGAATTTACTG,1
TTCCTAGATTTTAATG,1
TTCCTAGCAGTATTTT,1
TTCCTAGCCTGTTGAT,1
TTCCTAGGAGGAACAG,1
TTCCTATAATAATACA,1
TTCCTATACAAGCTAC,1
TTCCTATACAGGCTAT,1
TTCCTATACTAACAAC,1
TTCCTATAGCAACAAA,1
TTCCTATAGCCGAGAT,1
TTCCTATAGGATGGGC,1
TTCCTATAGTCACCAA,1
TTCCTATATAAGCTAT,1
TTCCTATCATACTTGC,1
TTCCTATTAAGACAGA,1
TTCCTATTTGCAGTCG,1
TTCCTATTTTATTTGC,1
TTCCTCACTAAACTAG,1
TTCCTCAGAACCAATT,1
TTCCTCATAACCTATT,1
TTCCTCATACTGTAAA,1
TTCCTCATGTTTCTGC,1
TTCCTCCTAATCATGA,1
TTCCTCGAACACAAAT,1
TTCCTCGAACATAAAC,1
TTCCTCGAACCACGGA,1
TTCCTCGAGCTCATAG,1
TTCCTCGATCCGAAGA,1
TTCCTCGTGTTTTAAA,1
TTCCTGAAAACCACAG,1
TTCCTGACCAAACAAA,1
TTCCTGACGAAACTAG,1
TTCCTGACTAAACCAG,1
TTCCTGAGAAGCGGAA,1
TTCCTGAGACACATAA,1
TTCCTGAGGCTCTCAT,1
TTCCTGAGTTTCATGA,1
TTCCTGATATTCCACA,1
TTCCTGATGATACGCC,1
TTCCTGATTATTATGA,1
TTCCTGCAGCGTTACC,1
TTCCTGCATCTGATTG,1
TTCCTGCCACAACGAA,1
TTCCTGCCGCCTATAG,1
TTCCTGCTAGCCCTAT,1
TTCCTGCTCTACGGCC,1
TTCCTGGAAATAAAAA,1
TTCCTGTACTCGCGAA,1
TTCCTGTCAGCCGGTT,1
TTCCTGTGGATTCCTT,1
TTCCTTAACTCAAGAC,1
TTCCTTAATGTTGTGC,1
TTCCTTATTGGTACAA,1
TTCCTTCATCAAAAAG,1
TTCCTTCCCCTCAGCA,1
TTCCTTCCTACACCCC,1
TTCCTTCCTCCTAACC,1
TTCCTTCGACTGTAGA,1
TTCCTTCGGAATAAGA,1
TTCCTTCTAGGCAGGG,1
TTCCTTCTATAAGTAA,1
TTCCTTGAATGATAAA,1
TTCCTTGCGCAAATTC,1
TTCCTTGTTCAAACCA,1
TTCCTTTTATCCTATA,1
TTCCTTTTGAGCAATT,1
TTCGAAAAAATATAGT,1
TTCGAAAAACTCAACA,1
TTCGAAAACGAACAAC,1
TTCGAAAACTAATCAG,1
TTCGAAAAGGCGAAAT,1
TTCGAAACGTACATTA,1
TTCGAAACTTTTATAT,1
TTCGAAAGCAATGGCA,1
TTCGAAAGCATCGATC,1
TTCGAAAGCCTCGATA,1
TTCGAAAGCCTCTATC,1
TTCGAAATACGCATAG,1
TTCGAAATACGGATAC,1
TTCGAAATGATACCTT,1
TTCGAAATTAATAAAA,1
TTCGAACAAGAAAACT,1
TTCGAACAATACAACT,1
TTCGAACAATGATCAG,1
TTCGAACAGATGACAA,1
TTCGAACAGCGCACAC,1
TTCGAACATCGAACAC,1
TTCGAACATCGGACAC,1
TTCGAACATCGTACAC,1
TTCGAACATCTCATAC,1
TTCGAACCCATTACTT,1
TTCGAACTCCATAATA,1
TTCGAACTTAGAATAT,1
TTCGAACTTTATGAAA,1
TTCGAAGATCGCACAC,1
TTCGAAGATGAATAAC,1
TTCGAAGGTAATTAAT,1
TTCGAAGGTCATAGCA,1
TTCGAAGTCAACATGA,1
TTCGAATAGGCGAAAT,1
TTCGAATAGGGATCCA,1
TTCGAATCAATCGGCC,1
TTCGAATCCCATCCTA,1
TTCGAATCGACAGCAG,1
TTCGAATGAGCCGCCA,1
TTCGAATGTCCATCCA,1
TTCGACAAAGAAAAAA,1
TTCGACATAAATAAGC,1
TTCGACATAAATGCAT,1
TTCGACATCTCCAAAT,1
TTCGACATGTACTGAG,1
TTCGACCAAAGCTTAT,1
TTCGACCATCGGGAAA,1
TTCGACCCATCGTCCA,1
TTCGACCCCAACACTC,1
TTCGACCCTGCGAGGA,1
TTCGACCGTTCAATTA,1
TTCGACCTGGTATAGC,1
TTCGACGAAGTGCTCA,1
TTCGACGAAGTTTAAC,1
TTCGACGGTTAGTTCC,1
TTCGACGTAATAACGA,1
TTCGAGAAAAAGGCCA,1
TTCGAGAAGACTGGAT,1
TTCGAGACGTTTTGAA,1
TTCGAGATGGGCAACG,1
TTCGAGCAATCGGTCG,1
TTCGAGCAGGAACCTC,1
TTCGAGCATGAACCGC,1
TTCGAGCCAAAAGCCG,1
TTCGAGCCAACCAAGT,1
TTCGAGCCCTACAACG,1
TTCGAGCTATAATAAC,1
TTCGAGGCGATGACGA,1
TTCGAGGGATACGTCA,1
TTCGAGTAAGATCGAA,1
TTCGAGTCTACCAAAG,1
TTCGAGTGTTCCCATT,1
TTCGAGTGTTCTGAAT,1
TTCGAGTTTATAAACT,1
TTCGATAAAATCCCCC,1
TTCGATAACTAACAGA,1
TTCGATAATATAGTCA,1
TTCGATAATCCCATCT,1
TTCGATACCACTTACC,1
TTCGATACCACTTAGT,1
TTCGATACGACTTACT,1
TTCGATACTACTTACT,1
TTCGATAGCTAATAAA,1
TTCGATATAGAGTCAT,1
TTCGATATCTTTCTAA,1
TTCGATATGTAGCACC,1
TTCGATCAAGAAGGAC,1
TTCGATCACGGTTCTT,1
TTCGATCATTACAAAG,1
TTCGATCCATCGACTT,1
TTCGATCCATCTACTG,1
TTCGATCCTATCTGAA,1
TTCGATCGGATGAGTT,1
TTCGATCTAAAAAACA,1
TTCGATCTCGGATAAA,1
TTCGATCTGTATCTAC,1
TTCGATCTTACCAAGT,1
TTCGATCTTATATGAA,1
TTCGATGACATCACGG,1
TTCGATGCAAGTCATC,1
TTCGATGCCACTTACT,1
TTCGATTAAGCCAAAA,1
TTCGATTACAAGGAAT,1
TTCGATTATTTTAATC,1
TTCGATTCTACCTGAG,1
TTCGATTGGTACATAC,1
TTCGATTTTAGAATCT,1
TTCGATTTTATCAAAT,1
TTCGATTTTATCAGTT,1
TTCGATTTTATGAGAT,1
TTCGATTTTCGAATAT,1
TTCGATTTTCGAATCA,1
TTCGCAAAATAGCGAG,1
TTCGCAAAATCACAGC,1
TTCGCAAATACGTCAA,1
TTCGCAAATTAGTTGA,1
TTCGCAACGCTTAAAA,1
TTCGCAACGTCGCCTC,1
TTCGCAAGCAGTTCAA,1
TTCGCAAGTTGAAATA,1
TTCGCAATTTGCCGTC,1
TTCGCACACCGTTTAA,1
TTCGCACATCAGAAAC,1
TTCGCACCTGTGACGT,1
TTCGCACCTTTTCGCA,1
TTCGCACTGGTATAGC,1
TTCGCACTGGTGACGT,1
TTCGCAGACGTAAAAT,1
TTCGCAGATACAGAAC,1
TTCGCAGATGGATAAC,1
TTCGCAGCATTTAAGA,1
TTCGCAGCTAAAGAAC,1
TTCGCAGCTACAGGAC,1
TTCGCAGGTCACGCAG,1
TTCGCATAAAGACTTG,1
TTCGCATAACCCCAAA,1
TTCGCATACTATACTC,1
TTCGCATAGCCCAAAA,1
TTCGCATATGCACATA,1
TTCGCATTAAACGGTT,1
TTCGCCAAGGAAGACG,1
TTCGCCACACTTAAAA,1
TTCGCCACAGAGTACA,1
TTCGCCACCAACCATT,1
TTCGCCACCATAGAAT,1
TTCGCCACGCTTAAAG,1
TTCGCCACGCTTAATA,1
TTCGCCACTATATCTC,1
TTCGCCACTCTTAAAA,1
TTCGCCAGATAATGAA,1
TTCGCCATATACTGAG,1
TTCGCCATGCACTGAG,1
TTCGCCATGTACTGAT,1
TTCGCCCATTTGCAAA,1
TTCGCCCTAGTATAGC,1
TTCGCCCTGCTATAGC,1
TTCGCCCTGGTATAGT,1
TTCGCCCTGTTATAGC,1
TTCGCCCTTATCCTCA,1
TTCGCCCTTATCTTTA,1
TTCGCCGAACCAAAAG,1
TTCGCCGAAGAGTACA,1
TTCGCCGGAGAAGAGG,1
TTCGCCGTCGTGGTTG,1
TTCGCCGTGTACTGAG,1
TTCGCCTACAATTTGG,1
TTCGCCTACTTTGGCT,1
TTCGCCTGATTCCAAA,1
TTCGCCTTGAAGTTGC,1
TTCGCCTTGTACTGAG,1
TTCGCGAATCTACTAA,1
TTCGCGAGCTACGTTA,1
TTCGCGAGCTCCTCCC,1
TTCGCGCCCCGTCTCG,1
TTCGCGCTCATAATCG,1
TTCGCGCTTCAAAAAC,1
TTCGCGTCGATGAGAC,1
TTCGCGTCTAGAATTC,1
TTCGCGTCTGGATCAT,1
TTCGCTAAGAATGTGG,1
TTCGCTAAGATTAACA,1
TTCGCTAATAGAGATA,1
TTCGCTACAATATCTC,1
TTCGCTACAGGTAACA,1
TTCGCTACTATATATC,1
TTCGCTACTATATCTA,1
TTCGCTAGAAGCTCAC,1
TTCGCTAGTAAAGCAA,1
TTCGCTAGTCAAGCAA,1
TTCGCTAGTTAAGAAA,1
TTCGCTAGTTAAGCAG,1
TTCGCTAGTTAATCAA,1
TTCGCTATAAGCCCCC,1
TTCGCTATAAGTAATT,1
TTCGCTATGAAAGAAC,1
TTCGCTATGTACTGAG,1
TTCGCTCATTAATCCC,1
TTCGCTCCCGAACCGA,1
TTCGCTCGATATATAA,1
TTCGCTGAAACAAAAG,1
TTCGCTGTACTCGAAT,1
TTCGCTGTACTTTAAT,1
TTCGCTGTATTTGAAT,1
TTCGCTGTTTGTGTCA,1
TTCGCTTACTATAATT,1
TTCGCTTCGGAGCTGA,1
TTCGCTTCTGAAGTTC,1
TTCGCTTGAGACAATA,1
TTCGCTTTACGGATGG,1
TTCGGAAATCTTTGAG,1
TTCGGAAATTTCTTGG,1
TTCGGAAGGATACATC,1
TTCGGAAGGATACATT,1
TTCGGAATAAATGCAT,1
TTCGGAATATGCCACT,1
TTCGGAATCGCATGAG,1
TTCGGAATTAATAAGG,1
TTCGGACAATACCCAT,1
TTCGGACAATCTTGTA,1
TTCGGACATACTAGAA,1
TTCGGACCAGACCTCA,1
TTCGGACCTTAAAAAA,1
TTCGGACGATGTGACC,1
TTCGGACGTGATGAGA,1
TTCGGACTACTCGCCG,1
TTCGGAGAAAAGGGAT,1
TTCGGAGAACGAAAAA,1
TTCGGAGCCTGCATAC,1
TTCGGATACCGTTTAA,1
TTCGGATAGAACAATA,1
TTCGGATAGATAGTGA,1
TTCGGATGCTTATAAA,1
TTCGGCAAGGGGACCA,1
TTCGGCATCCTATCCC,1
TTCGGCATTCGTTAAG,1
TTCGGCCGAAGTACAT,1
TTCGGCCGACAAATCA,1
TTCGGCCGATTGCTTT,1
TTCGGCGAAATTGGGG,1
TTCGGCGTCGCGGTTG,1
TTCGGCTCGACAAAAA,1
TTCGGCTGATTGCTTG,1
TTCGGCTTTGTTACGC,1
TTCGGGAAAACCTTAA,1
TTCGGGACAACCACCC,1
TTCGGGATAAAGCCGT,1
TTCGGGCGGAAGGCGA,1
TTCGGGGCATGTAATT,1
TTCGGGGGTTCGATAG,1
TTCGGGTAATTTAAAA,1
TTCGGGTCATCAACCT,1
TTCGGGTCATGCAATT,1
TTCGGTACGTCAACTA,1
TTCGGTGAAGTTGAAA,1
TTCGGTGAGAAATGGG,1
TTCGGTGCATGCAATT,1
TTCGGTGCGAAATGGT,1
TTCGGTTAAATATGGC,1
TTCGGTTACGGTAGAC,1
TTCGGTTCACCCTACA,1
TTCGGTTCACCGGCCA,1
TTCGGTTTCTTCATAA,1
TTCGTAAGATGGGTAT,1
TTCGTAAGCAGTTAAA,1
TTCGTAAGCATTTCAA,1
TTCGTAAGTCTTCATC,1
TTCGTAATTCGGCAAA,1
TTCGTAATTGGCAAAG,1
TTCGTACAACGAGTTG,1
TTCGTACAGTAAGTCT,1
TTCGTACATGCCATAC,1
TTCGTACCGCACTTCA,1
TTCGTACGGCCCACTT,1
TTCGTACGTATTCATC,1
TTCGTACTAAAAGATT,1
TTCGTACTGCCAAAGT,1
TTCGTAGATGAATAAC,1
TTCGTAGCACGAATAA,1
TTCGTAGCAGATTGAA,1
TTCGTAGCGTGAGTCA,1
TTCGTAGCTAAGTGTT,1
TTCGTAGCTCAAGAAA,1
TTCGTATGACAATTTT,1
TTCGTATGGGCGTGCC,1
TTCGTATGTCTGCTAC,1
TTCGTATTTAAAAGGT,1
TTCGTATTTGAACTGA,1
TTCGTCAAAAGCATTC,1
TTCGTCAAATAGATAT,1
TTCGTCAACGGACTGC,1
TTCGTCAATATCTTAA,1
TTCGTCAGCAGCGGAT,1
TTCGTCATAAATGCAT,1
TTCGTCCGATTGCTTG,1
TTCGTCCTGGTATAGC,1
TTCGTCCTTAAGCCCA,1
TTCGTCGAATACCGGT,1
TTCGTCGATCTGAAGA,1
TTCGTCGCAATAGTCC,1
TTCGTCGCTCCAGATA,1
TTCGTCGGCGTCGGTG,1
TTCGTCTAAGTGCCTT,1
TTCGTCTAATAAATAT,1
TTCGTCTGAGTCTAAA,1
TTCGTCTTAAATAAGC,1
TTCGTCTTATAAATGG,1
TTCGTGAAATAAATAT,1
TTCGTGAAATAAATGT,1
TTCGTGACGCTTAAGT,1
TTCGTGATTAAGAATA,1
TTCGTGCAGATCTTAA,1
TTCGTGCGTCTTCATC,1
TTCGTGCTCCCACAGA,1
TTCGTGGGATGAATCT,1
TTCGTTAAAAGCAATG,1
TTCGTTAAAATAAATG,1
TTCGTTAATGCGTAGA,1
TTCGTTACAAAGAAAA,1
TTCGTTACCCACTACA,1
TTCGTTAGAACGACGA,1
TTCGTTAGTTAAGCAA,1
TTCGTTCAAGCGTACA,1
TTCGTTCACGTGACCC,1
TTCGTTCGTTCGACGA,1
TTCGTTGCTATCCCGA,1
TTCGTTTAAGACATAG,1
TTCGTTTCACTTCTTA,1
TTCGTTTCAGACATAT,1
TTCGTTTTACACACCG,1
TTCTAAAAAGGACAAA,1
TTCTAAAAATAAGGCG,1
TTCTAAAACACGACTT,1
TTCTAAAACGAGAAAC,1
TTCTAAAACGGAAAAA,1
TTCTAAAAGATTTATA,1
TTCTAAAAGCGCGTAA,1
TTCTAAACATTCGACG,1
TTCTAAACCCTGAGGC,1
TTCTAAATACTGATAA,1
TTCTAAATATATTAAG,1
TTCTAAATCCATGAAC,1
TTCTAACAAAGGATAA,1
TTCTAACAAGAAATTT,1
TTCTAACACATAACAG,1
TTCTAACAGCCCCATA,1
TTCTAACCATAAATAA,1
TTCTAACCCAATAAAT,1
TTCTAACCTTTACATA,1
TTCTAACTACTGAGCC,1
TTCTAACTGAGACGTG,1
TTCTAACTTGTCTAAA,1
TTCTAAGAACCCAAAA,1
TTCTAAGGAGTTAGAT,1
TTCTAAGTCTTAGGAT,1
TTCTAAGTGTGAGGAT,1
TTCTAATAATTAAAAA,1
TTCTAATACTTAGAAG,1
TTCTAATAGACTATAA,1
TTCTAATAGTATAGAA,1
TTCTAATATTAATTTC,1
TTCTAATCGTAACCCG,1
TTCTAATCTTTTATTC,1
TTCTAATTAAAAAGGG,1
TTCTACAAAAAGACTC,1
TTCTACAAAAAGTACT,1
TTCTACAACAATTAAC,1
TTCTACAACGATTACA,1
TTCTACACAACTACTA,1
TTCTACACTCAAGAAA,1
TTCTACAGAAATAAAA,1
TTCTACAGACGACGCG,1
TTCTACAGCGTAATAC,1
TTCTACATCCGAACAG,1
TTCTACATCCGACCAC,1
TTCTACATCTGACCAG,1
TTCTACATTGAAACTT,1
TTCTACCAAAGACCCG,1
TTCTACCAGAAGAAAA,1
TTCTACCAGCGCGTAT,1
TTCTACCGAAAGTAGA,1
TTCTACCGAAGATGAC,1
TTCTACCGACAGCAGA,1
TTCTACCGACAGTATA,1
TTCTACCGATCCAGAA,1
TTCTACCGGCAGTAGA,1
TTCTACCTAATAGTAA,1
TTCTACCTAATCATGA,1
TTCTACCTACAGTAGA,1
TTCTACCTTAGAAATT,1
TTCTACCTTTAGATCG,1
TTCTACGAATACAGAC,1
TTCTACGGACTACGGG,1
TTCTACGTACGGAAGA,1
TTCTACTAAACACCGA,1
TTCTACTAATCCATTC,1
TTCTACTAATCCCCTC,1
TTCTACTAGTTCCTTG,1
TTCTACTCCTCCGCGA,1
TTCTACTGTGGCGGCG,1
TTCTACTTATGAGGCC,1
TTCTACTTATGCGTCC,1
TTCTAGAAATCCAGTC,1
TTCTAGAATCAATCCG,1
TTCTAGACACAAAAAT,1
TTCTAGACGTATAAAA,1
TTCTAGATATCCTCTT,1
TTCTAGATTAGTAGCA,1
TTCTAGCAACTCCCAA,1
TTCTAGCATGCACACC,1
TTCTAGCCCGAAAATA,1
TTCTAGCTTGAAAATA,1
TTCTAGGAGGAGACCC,1
TTCTAGGGAGACTTTA,1
TTCTAGGGATCTGGAA,1
TTCTAGTAACCCACAC,1
TTCTAGTAATGACCAC,1
TTCTAGTATACAAAAT,1
TTCTAGTCAATCGCTC,1
TTCTATAAAAATTAAA,1
TTCTATAAACTGAAGC,1
TTCTATAAACTTCGAT,1
TTCTATAAAGCAACCG,1
TTCTATAACAAGACAC,1
TTCTATACCCCCTATA,1
TTCTATAGTTAATCAC,1
TTCTATATGGATAAGC,1
TTCTATATTTACAGAA,1
TTCTATCACATTTCCT,1
TTCTATCCAAAAAACA,1
TTCTATCCAAAGAGGC,1
TTCTATCCAAAGCGTC,1
TTCTATCCAAAGTGGC,1
TTCTATCCAAATCGGC,1
TTCTATCCAATATCTT,1
TTCTATCCACTATCCT,1
TTCTATCCATTATCTT,1
TTCTATCCTGAAAATA,1
TTCTATCTGTACCGAG,1
TTCTATCTTGAACAGC,1
TTCTATGGACGTAACA,1
TTCTATGGACTGAACA,1
TTCTATGTACGGAACA,1
TTCTATGTCTAATAAG,1
TTCTATGTCTTGTATG,1
TTCTATGTTGTATAAA,1
TTCTATTAGACCCTAG,1
TTCTATTCAGACTTGT,1
TTCTATTGGTACATAC,1
TTCTATTTAAGGTCTC,1
TTCTATTTACATAGTC,1
TTCTCAACACCCGAAT,1
TTCTCAACTATCAAGC,1
TTCTCAATAAACAGCT,1
TTCTCACAGTAATGAG,1
TTCTCACCGCACAGTT,1
TTCTCACGGACTTGTG,1
TTCTCAGAATCAATCC,1
TTCTCAGAGACCACTT,1
TTCTCAGATCTCCAGT,1
TTCTCAGCCTGCCACT,1
TTCTCAGGGTTAACAT,1
TTCTCAGTACCGCAGC,1
TTCTCAGTATCGAAGC,1
TTCTCAGTATCGCACC,1
TTCTCAGTATCGCATC,1
TTCTCAGTGCATATGC,1
TTCTCAGTGTCGCAGC,1
TTCTCATAACCCAAAA,1
TTCTCATAACTATCAA,1
TTCTCATCGTAATCAG,1
TTCTCATGAGGAAATT,1
TTCTCATTCCTACAGG,1
TTCTCCAAAGATGCAA,1
TTCTCCAATAAAAATA,1
TTCTCCAATTATAAAA,1
TTCTCCACATCCTGTC,1
TTCTCCACGCTTAAAA,1
TTCTCCATTACCCAAG,1
TTCTCCCAATTATCAA,1
TTCTCCCAGAAACAGA,1
TTCTCCCCAAAGAAAC,1
TTCTCCCGAAAGTGGG,1
TTCTCCCTACGAAATC,1
TTCTCCGATGCTCGCC,1
TTCTCCGCAAATCTAG,1
TTCTCCGTGATAGCGC,1
TTCTCCGTGCAGTATT,1
TTCTCCTACGACCCAC,1
TTCTCCTATTCCGCCC,1
TTCTCGACTTCTGGTT,1
TTCTCGCATGAGTTCC,1
TTCTCGCTAAGATATT,1
TTCTCGGAGCGCGCAA,1
TTCTCGGTGCACATGC,1
TTCTCGGTTATGTAAT,1
TTCTCGTCGTCGTCAC,1
TTCTCTAAAATAAAAA,1
TTCTCTAAACTAACTA,1
TTCTCTAAGCTAACTG,1
TTCTCTAGGAAAACAA,1
TTCTCTAGGGCAGAAG,1
TTCTCTATAAGTAATA,1
TTCTCTCTAAACTCGA,1
TTCTCTCTCATCAAAA,1
TTCTCTGACTAAAAAA,1
TTCTCTGCATACTAGT,1
TTCTCTGGTCACGGAG,1
TTCTCTGTAACTCGGT,1
TTCTCTGTACTTGAAT,1
TTCTCTGTAGGAGTGA,1
TTCTCTGTATAATAAG,1
TTCTCTGTCCTAGAAG,1
TTCTCTGTCTAATAAT,1
TTCTCTTATCCCGTCA,1
TTCTCTTTCATAGTTT,1
TTCTGAAAACCGGCAC,1
TTCTGAAAATAAAAAA,1
TTCTGAAACTAAGCCC,1
TTCTGAAAGCTTTTAG,1
TTCTGAACACTCATTC,1
TTCTGAACCATATCAA,1
TTCTGAACTAAGAAAA,1
TTCTGAAGGTCACAAA,1
TTCTGAAGGTTTTTGT,1
TTCTGAAGTTCAGAAG,1
TTCTGAATGCTCAAGC,1
TTCTGACATGTCGGAG,1
TTCTGACGCATTCTCC,1
TTCTGACTCACGCACT,1
TTCTGAGAACATAAGG,1
TTCTGAGATAAGGGAT,1
TTCTGAGATGAATGCA,1
TTCTGAGCTTATAAGA,1
TTCTGAGGGAACATAT,1
TTCTGAGTTTCGTAGT,1
TTCTGATAGATAGTGT,1
TTCTGATCCCCTACTC,1
TTCTGATCTACATCAG,1
TTCTGATGGCAGACCA,1
TTCTGATGTAACATAT,1
TTCTGCAGATATTCAA,1
TTCTGCATAAATGCAT,1
TTCTGCATATATTGGC,1
TTCTGCCAAATGAAAT,1
TTCTGCCAGTCGATGG,1
TTCTGCCGCCAATTTT,1
TTCTGCCTGGTGAGAT,1
TTCTGCGGATTTAACC,1
TTCTGCGGGCAAACCA,1
TTCTGCTATCAGATAG,1
TTCTGCTCAAAACAAA,1
TTCTGCTGTCTAGCAA,1
TTCTGCTTTCGAAATA,1
TTCTGCTTTTCAACCA,1
TTCTGGAAAAATAAGA,1
TTCTGGACAACACTCA,1
TTCTGGATCCGCTGAA,1
TTCTGGCACATGAAAT,1
TTCTGGCAGAGAGTCA,1
TTCTGGCCCCACAAAA,1
TTCTGGCTCGAGACGA,1
TTCTGGGTCCCAAATT,1
TTCTGGGTTGTTAAGA,1
TTCTGGTAGTCAAGAC,1
TTCTGGTCACACAAAA,1
TTCTGGTCCAAAAAAA,1
TTCTGGTCCCACAAAG,1
TTCTGGTCCCTCAAAA,1
TTCTGGTCGCACAAAA,1
TTCTGGTGCAACAAGA,1
TTCTGGTGCCACAAAA,1
TTCTGGTGGACATGGA,1
TTCTGTAAGACCCCAT,1
TTCTGTAGGGGTTAGA,1
TTCTGTATCCAAAAAA,1
TTCTGTCAACAACGAG,1
TTCTGTCGGGGTTATA,1
TTCTGTGCACAAAGAA,1
TTCTGTTATTAACCCA,1
TTCTGTTATTAACTGA,1
TTCTGTTCCGGAACGG,1
TTCTGTTCGTATTGCT,1
TTCTGTTGGAAATTGA,1
TTCTGTTGTCAAAGGT,1
TTCTGTTTAATCCCCA,1
TTCTGTTTAGGAACGG,1
TTCTGTTTCAGAACGG,1
TTCTGTTTCCGAATAG,1
TTCTGTTTCGGAACGA,1
TTCTGTTTCGGAACGT,1
TTCTGTTTCGGAACTG,1
TTCTGTTTCGGAATGG,1
TTCTGTTTCGGCACGG,1
TTCTGTTTTCTATACT,1
TTCTTAAACAATAATA,1
TTCTTAAACGGGAAAC,1
TTCTTAAAGACCCACC,1
TTCTTAAATGATCAGC,1
TTCTTAAATGGAGAAC,1
TTCTTAAGAAGATCCC,1
TTCTTAATACAATAAG,1
TTCTTAATGTAATAAG,1
TTCTTACACTAGCTAG,1
TTCTTACACTATCTGG,1
TTCTTACAGTAGCTGG,1
TTCTTACCTCACACCC,1
TTCTTACCTCATACAA,1
TTCTTACGCTAGCTGG,1
TTCTTACTCTATTCCG,1
TTCTTAGAACACAACA,1
TTCTTAGAAGCACGCA,1
TTCTTAGCCAGTGTCA,1
TTCTTAGCCGAATAAT,1
TTCTTAGTAACAACTA,1
TTCTTAGTAGCCTAGC,1
TTCTTAGTTTCGATAA,1
TTCTTAGTTTGAAATC,1
TTCTTATAAATTTGCT,1
TTCTTATAAGCAGGGT,1
TTCTTATACTAAACTT,1
TTCTTATACTTAGAAC,1
TTCTTATATCAATCAA,1
TTCTTATCTATCCGCC,1
TTCTTATCTTAATAAT,1
TTCTTATGAACATCTG,1
TTCTTATGAGAAAATT,1
TTCTTATGAGGAAATC,1
TTCTTATTAGGAAATT,1
TTCTTATTCCGATAAT,1
TTCTTCAAAAGCATGC,1
TTCTTCAAGCAGGCGG,1
TTCTTCACCGAATAAT,1
TTCTTCACTATACGGT,1
TTCTTCAGATGCCCAT,1
TTCTTCAGTTCCAGAC,1
TTCTTCATCATATCGC,1
TTCTTCATCCAGCTAC,1
TTCTTCATCCGACCAT,1
TTCTTCCACACGGGAA,1
TTCTTCCACTGAACAA,1
TTCTTCCCACACACAC,1
TTCTTCCGGATACTGC,1
TTCTTCCTATCAAGGA,1
TTCTTCGAAGAAGAGG,1
TTCTTCGACGAATAAT,1
TTCTTCGCAATGGTCC,1
TTCTTCGTTTTGAGTA,1
TTCTTCTCATAATAAT,1
TTCTTCTTACGAATTT,1
TTCTTCTTATGCGGCC,1
TTCTTGAAACTGAATG,1
TTCTTGAAAGAACATA,1
TTCTTGAAAGTGCGCC,1
TTCTTGAAATAAAGGC,1
TTCTTGACTAATGATC,1
TTCTTGCAAAAAATGG,1
TTCTTGCAAGGCGAGA,1
TTCTTGCACCAATAGA,1
TTCTTGCGAATAGCAA,1
TTCTTGCGAATCGAAA,1
TTCTTGCTATATAATT,1
TTCTTGGAACTAAAAA,1
TTCTTGGGTGAATAAA,1
TTCTTGTAACCATGAT,1
TTCTTGTAAGCCGGTT,1
TTCTTGTAATAATTAC,1
TTCTTGTCAGACGGTT,1
TTCTTGTCAGCAGGTT,1
TTCTTGTGAATTCCTT,1
TTCTTGTTACAAAAAA,1
TTCTTGTTACTGGGTT,1
TTCTTTAACAACTAGC,1
TTCTTTAAGCAAGTAA,1
TTCTTTAATATACGGT,1
TTCTTTAATGGCAACT,1
TTCTTTACTACACGGT,1
TTCTTTACTACATTCC,1
TTCTTTACTATAAGGT,1
TTCTTTACTATACGGC,1
TTCTTTACTATACGTT,1
TTCTTTCACAATCTGA,1
TTCTTTCACAGAAAGC,1
TTCTTTCATCTGGAAC,1
TTCTTTCCAAACTGGG,1
TTCTTTCGCCATCTGA,1
TTCTTTCTACTCCGCT,1
TTCTTTCTGACGATAT,1
TTCTTTGAGCCCTCTC,1
TTCTTTGATAATTATG,1
TTCTTTGCATACACTA,1
TTCTTTTCTGTATCAC,1
TTGAAAAAATCGCAAG,1
TTGAAAAAATTGACCA,1
TTGAAAAAATTTACCA,1
TTGAAAAACTAAAAAA,1
TTGAAAAACTCACACC,1
TTGAAAAAGGTGAGTT,1
TTGAAAAATGAAGAGC,1
TTGAAAACAATATAAT,1
TTGAAAACAATCTTAT,1
TTGAAAACGATGAAAA,1
TTGAAAACGCAGGAAG,1
TTGAAAACTAAATAAA,1
TTGAAAACTATGGAAA,1
TTGAAAACTATGTCAC,1
TTGAAAACTATTCCGA,1
TTGAAAAGAAGTACTC,1
TTGAAAAGATAAAAGG,1
TTGAAAAGGCTGGTGT,1
TTGAAAAGTCTGGGGT,1
TTGAAAAGTTTATAAT,1
TTGAAAATACGTTGAG,1
TTGAAAATCAAGTTAT,1
TTGAAAATCCAGTTAC,1
TTGAAAATCCAGTTGT,1
TTGAAAATCTATGAGC,1
TTGAAAATCTGTAAAT,1
TTGAAAATCTGTGAAC,1
TTGAAAATCTGTGAGG,1
TTGAAAATCTGTGATC,1
TTGAAAATCTTTGAGC,1
TTGAAAATGACTCCCG,1
TTGAAAATGACTCCGT,1
TTGAAAATTAAGTCTA,1
TTGAAACAATACCTTT,1
TTGAAACACCTCCGCC,1
TTGAAACAGCGCCACC,1
TTGAAACATGCGGAAA,1
TTGAAACCAACCTTAG,1
TTGAAACCATATAAAA,1
TTGAAACCGGTCTTGA,1
TTGAAACGAAATGCTA,1
TTGAAACGCAATGATC,1
TTGAAACGCAGGGATC,1
TTGAAACGGCGCAGGT,1
TTGAAACGTCGCAGGT,1
TTGAAACGTGTAGATT,1
TTGAAACTAACCCAGG,1
TTGAAACTAAGATTAC,1
TTGAAACTAATAAAAA,1
TTGAAACTAATATTAT,1
TTGAAACTATTTCCGC,1
TTGAAACTCTCTCCGC,1
TTGAAACTGCAGTTCA,1
TTGAAACTGCATTTGA,1
TTGAAAGAAAACCTCT,1
TTGAAAGAGATTAGGC,1
TTGAAAGAGTAAAAAG,1
TTGAAAGATTGTCCGA,1
TTGAAAGTCTGTGAGC,1
TTGAAAGTGGAATATA,1
TTGAAAGTTCATTCCT,1
TTGAAATAAGTAAGGT,1
TTGAAATACAATACAA,1
TTGAAATACATAAAGA,1
TTGAAATACATGCAAA,1
TTGAAATATGACTGAT,1
TTGAAATCACCTGTTT,1
TTGAAATCCAAACTCG,1
TTGAAATCCACACGGC,1
TTGAAATGACAGACCA,1
TTGAAATGGCATTGAT,1
TTGAAATTAACTATTA,1
TTGAAATTACCTACGC,1
TTGAAATTGAAACCTT,1
TTGAACACAAGAAATT,1
TTGAACACGGATTACC,1
TTGAACATACAATCAG,1
TTGAACATATGCCCTT,1
TTGAACCACAAAAACA,1
TTGAACCTCACGCAAA,1
TTGAACCTCATGCAAG,1
TTGAACCTCATGCATA,1
TTGAACCTCATGCGAA,1
TTGAACCTGATGCAAA,1
TTGAACCTGCGCTTAC,1
TTGAACCTTAAAAACT,1
TTGAACGATGCCTACG,1
TTGAACGTCACGCGAA,1
TTGAACGTTAACACTG,1
TTGAACTAGATCGACA,1
TTGAACTAGCACGACA,1
TTGAACTAGCTAGACA,1
TTGAACTAGCTCCACA,1
TTGAACTATACAACGG,1
TTGAACTATTAAGCTG,1
TTGAACTCATTCTCCG,1
TTGAACTGGACGTCTC,1
TTGAACTGGCCACAAC,1
TTGAAGAAAAGCCGTA,1
TTGAAGAACAGACCTA,1
TTGAAGAATCATAACT,1
TTGAAGAATGGGTACG,1
TTGAAGACAGACCACC,1
TTGAAGAGCATAACGA,1
TTGAAGAGGACATCGC,1
TTGAAGATGGAACCCT,1
TTGAAGATTGCGGACG,1
TTGAAGATTTGGTGGA,1
TTGAAGCAAATACCAA,1
TTGAAGCAAATGCACA,1
TTGAAGCAACTCAGCT,1
TTGAAGCAATTTAGCT,1
TTGAAGCACAACTCTT,1
TTGAAGCATGGAGCCA,1
TTGAAGCGCCGGCAAA,1
TTGAAGCGTACGCTCT,1
TTGAAGCGTAGTTAAC,1
TTGAAGCGTATACTCT,1
TTGAAGCGTATGCTCC,1
TTGAAGCTAATTTTTT,1
TTGAAGGAATGGGTGT,1
TTGAAGGACGCATAAA,1
TTGAAGGCATGGGTGC,1
TTGAAGGCGGGCATTA,1
TTGAAGGCTACAAAGA,1
TTGAAGGGATTAGCAC,1
TTGAAGGTATGGGTGT,1
TTGAAGGTTTATGCAG,1
TTGAAGTCCAAATAGT,1
TTGAAGTCCTGTGAAC,1
TTGAAGTCTACACGCA,1
TTGAAGTCTTCTAGCG,1
TTGAAGTTTAATCAGA,1
TTGAATAAAAAATACC,1
TTGAATAAACCATACC,1
TTGAATAAACCATCAC,1
TTGAATAAACCATCCT,1
TTGAATAAACCATTCC,1
TTGAATAAACGCGAGT,1
TTGAATAAAGTAGTGA,1
TTGAATAAAGTCGTTA,1
TTGAATAAAGTCTTGA,1
TTGAATAAATTCAAAA,1
TTGAATAACAGCTTAA,1
TTGAATAAGAACGCTT,1
TTGAATAATTGGGACG,1
TTGAATACCCTCAACC,1
TTGAATACGCGAATTG,1
TTGAATACTAACATAC,1
TTGAATACTACCAATA,1
TTGAATACTATAAACT,1
TTGAATACTTAGCAGA,1
TTGAATAGCCCAATTA,1
TTGAATATAAAAAGTT,1
TTGAATATAAAACCCC,1
TTGAATATAAGGCTGA,1
TTGAATATCAAATGAA,1
TTGAATATGAGACTGA,1
TTGAATATGCACTGAC,1
TTGAATCAACGTTCGG,1
TTGAATCACCAGCATT,1
TTGAATCAGTCTCCTT,1
TTGAATCAGTTGGAAT,1
TTGAATCGCAATAAAA,1
TTGAATCGCGAACCGG,1
TTGAATCGGTACTTCT,1
TTGAATCGTAGCTAAC,1
TTGAATCTACACACTG,1
TTGAATCTGAGAACTC,1
TTGAATCTGCTAAAAG,1
TTGAATGAAAAATGCC,1
TTGAATGAAACCTCAG,1
TTGAATGATGCTTCTA,1
TTGAATGCTCTTAGCA,1
TTGAATGGGTAGAATA,1
TTGAATGTAACAAAAA,1
TTGAATTAAAAATCTG,1
TTGAATTAACACCATA,1
TTGAATTAACCATACC,1
TTGAATTAAGCTCGTA,1
TTGAATTACGCTCATA,1
TTGAATTACGCTCCTA,1
TTGAATTAGGCTCGTA,1
TTGAATTATATGGTTC,1
TTGAATTATGAGCCAA,1
TTGAATTCCTCCTAAA,1
TTGAATTCCTCCTACG,1
TTGAATTTAAACCATA,1
TTGAATTTATGACACT,1
TTGAATTTCCTCAATA,1
TTGACAAAACCGGACA,1
TTGACAACAGACAAAT,1
TTGACAACGGAAAAAT,1
TTGACAAGAAATAAAA,1
TTGACAAGAACAGACC,1
TTGACAAGTTTACACC,1
TTGACAATAAACAGCT,1
TTGACAATCAACAAAA,1
TTGACAATCCGACACC,1
TTGACAATGTTGAGAC,1
TTGACAATTAGACGAA,1
TTGACAATTAGGACGG,1
TTGACAATTTTGGATA,1
TTGACACACTAAATAA,1
TTGACACCCGTCTTGA,1
TTGACACGAGGTCAGA,1
TTGACACGAGGTTCGA,1
TTGACACGATAGAAGT,1
TTGACACGATGGGGTA,1
TTGACACTATTCTGGC,1
TTGACACTGAGAAAGC,1
TTGACAGACTAAGCCA,1
TTGACAGCAATGAAAA,1
TTGACAGCAATGAGAA,1
TTGACAGCTGTTACCA,1
TTGACAGGGGCGGCTG,1
TTGACAGTCTAAATAT,1
TTGACAGTGTCAGAAA,1
TTGACATAGACACCCG,1
TTGACATATCTAGGAA,1
TTGACATCGAAACCTT,1
TTGACATCGGACAAAT,1
TTGACATGATCAATAC,1
TTGACATTCAAGACGA,1
TTGACATTGGCAAGCC,1
TTGACCAAAAAAAATG,1
TTGACCAAGGATTACC,1
TTGACCAATCGACGAA,1
TTGACCAATTTGCTCT,1
TTGACCACAAGCCATA,1
TTGACCACACGGAAAA,1
TTGACCACGTAACAAT,1
TTGACCAGACAAAATG,1
TTGACCAGGAGATATA,1
TTGACCAGGCAAGACT,1
TTGACCATAAGATATA,1
TTGACCATAGAACGTT,1
TTGACCATCCCCAACT,1
TTGACCATGGTTACTT,1
TTGACCCCATCAGTGC,1
TTGACCCTCAAGACGA,1
TTGACCGAAACTCACA,1
TTGACCGAATCCAGAT,1
TTGACCGAGAGTTGAA,1
TTGACCGCATGTTCAA,1
TTGACCGCCATTTAGA,1
TTGACCGCTAGCGACC,1
TTGACCGGAGACATTC,1
TTGACCGGTCCCAAAC,1
TTGACCTGACACATAG,1
TTGACCTTAAATAGCA,1
TTGACGAAAGGTATTT,1
TTGACGAAGGGACGGA,1
TTGACGACATATTGAA,1
TTGACGAGGAAAATCT,1
TTGACGAGGCAAATAT,1
TTGACGATACCACCGC,1
TTGACGATTCCGACCA,1
TTGACGCAATAATTGA,1
TTGACGCAGGAGCAGA,1
TTGACGCATCCTGAAA,1
TTGACGCATTTGATAT,1
TTGACGCGCCATCAAT,1
TTGACGCTAAAAAAGT,1
TTGACGCTTAAAAACT,1
TTGACGCTTAAAAAGC,1
TTGACGCTTAAGAAGT,1
TTGACGGCCCAAAATG,1
TTGACGGCGCGATTAA,1
TTGACGTAATCGCCAT,1
TTGACGTACGGCCTTT,1
TTGACGTAGAAACTTA,1
TTGACGTAGCGACCAA,1
TTGACGTCAAGCAATA,1
TTGACGTCACAAAGCA,1
TTGACGTCCTGCCTTT,1
TTGACGTGACGACTCT,1
TTGACTAAATTAAAAA,1
TTGACTAAATTCAAAG,1
TTGACTAATTTGAAAA,1
TTGACTACAGTAAAAC,1
TTGACTACGATATTTG,1
TTGACTACGGCTTGAC,1
TTGACTACGGCTTGAT,1
TTGACTATAAGAACTG,1
TTGACTATTGAATGAT,1
TTGACTCACATACGTG,1
TTGACTCAGTATCCTT,1
TTGACTCAGTCCCCTT,1
TTGACTCAGTCTCCGT,1
TTGACTCCACACTCAT,1
TTGACTCCGCGCAACA,1
TTGACTCCTGACTCTC,1
TTGACTCTACACAGAA,1
TTGACTCTCTTTCAAC,1
TTGACTCTGGCAGGTA,1
TTGACTCTGGTAGATA,1
TTGACTGAAACTTAGC,1
TTGACTGATGCCTCTA,1
TTGACTGCATATCGTA,1
TTGACTGCATGGCTCC,1
TTGACTGCGTAAATTC,1
TTGACTGCTCAATCTA,1
TTGACTGTATCTACCC,1
TTGACTTAGTCTCCTT,1
TTGACTTGACAACTCT,1
TTGACTTGAGAAAGCT,1
TTGACTTGCCTCTTAA,1
TTGACTTGCGACATTT,1
TTGACTTGCTTCTTCA,1
TTGACTTTCATTTGAT,1
TTGACTTTCCTCTTCA,1
TTGACTTTGTAAAGTC,1
TTGACTTTTAGGCGGA,1
TTGAGAAAAAAGTATA,1
TTGAGAAAAACACTTC,1
TTGAGAAAATACCTAC,1
TTGAGAAACGGAATTG,1
TTGAGAAAGGAGCAAC,1
TTGAGAAAGTAACTAC,1
TTGAGAAAGTGCCTAC,1
TTGAGAAATTAATGCC,1
TTGAGAACATAGTCTA,1
TTGAGAACGGAGTCTA,1
TTGAGAAGATACCTAC,1
TTGAGAATCAGGATAA,1
TTGAGAATGACCTCGT,1
TTGAGAATGGTCAAAC,1
TTGAGACAATATCCTA,1
TTGAGACACCCAAAGA,1
TTGAGACGAGGTCCGA,1
TTGAGACGTCAAAGAC,1
TTGAGACTTATCAGGT,1
TTGAGAGAACGGAATG,1
TTGAGAGAACTGACTG,1
TTGAGAGCGAAAAAAA,1
TTGAGAGCGCCACTGC,1
TTGAGAGGGCAAAAAA,1
TTGAGAGTGCAACATT,1
TTGAGATCAATGCAAT,1
TTGAGATCATAGACAG,1
TTGAGATCGAAAGATG,1
TTGAGATTGAACTTTT,1
TTGAGCAAAATCAAAT,1
TTGAGCAAACCGGTCC,1
TTGAGCAAAGCTCGAG,1
TTGAGCACCTCGAACG,1
TTGAGCACGAAATGAA,1
TTGAGCAGAAACAAAT,1
TTGAGCAGAATAATGT,1
TTGAGCAGAATCAAAG,1
TTGAGCAGAATCAGAT,1
TTGAGCAGGCGATACG,1
TTGAGCATAATCAAAT,1
TTGAGCCAATACGATC,1
TTGAGCCAATCCAAGG,1
TTGAGCCACATCACGA,1
TTGAGCCATGTAGAGA,1
TTGAGCCGAGCGTTGT,1
TTGAGCCTAATTGTGC,1
TTGAGCCTTCAAAGAC,1
TTGAGCGATACTACTG,1
TTGAGCGGAATCAAAT,1
TTGAGCGTAAAATTAC,1
TTGAGCGTAACAATTC,1
TTGAGCTGAATCAAAT,1
TTGAGCTGGGCTAAAT,1
TTGAGGAAGTAAGCAA,1
TTGAGGAGAATCAAAT,1
TTGAGGAGATATATTT,1
TTGAGGAGCTTCCAGA,1
TTGAGGATATTAAAAA,1
TTGAGGATCTAGGTGA,1
TTGAGGCGAACCAAGA,1
TTGAGGCGACCCAAGC,1
TTGAGGCGCAACAAGA,1
TTGAGGCTATGATTAA,1
TTGAGGCTCACCAAGA,1
TTGAGGGAACACACTT,1
TTGAGGTATTAGTACT,1
TTGAGGTCAGGCGTTC,1
TTGAGGTCCAGAATAG,1
TTGAGGTTGAGAGATG,1
TTGAGGTTTAAAATCT,1
TTGAGGTTTACAACCT,1
TTGAGGTTTACAATAT,1
TTGAGGTTTATGCTCA,1
TTGAGTAAAGCGTAGA,1
TTGAGTACATCTCAAC,1
TTGAGTACCCGAATCA,1
TTGAGTAGATCGCAAC,1
TTGAGTATAAAACTCT,1
TTGAGTATATGCAAAA,1
TTGAGTATCGCTTTAG,1
TTGAGTCAACAGTCGG,1
TTGAGTCCCGGACCTA,1
TTGAGTCGCACCAAGA,1
TTGAGTCGCTAGAATA,1
TTGAGTGAAGCTCAAA,1
TTGAGTGAATAATCAG,1
TTGAGTGGCTTTCCGA,1
TTGAGTGTATAATCAG,1
TTGAGTGTTAATGAAA,1
TTGAGTTAAAAATTGA,1
TTGAGTTACATGCTAT,1
TTGAGTTACTGGTAGC,1
TTGAGTTCGTCGCATA,1
TTGAGTTCTAAATAAA,1
TTGATAAAACCGAAAT,1
TTGATAAAATCTAAAC,1
TTGATAAAGTACCTAC,1
TTGATAACTGGTTACA,1
TTGATAACTGTATTCG,1
TTGATAAGTAATAGTA,1
TTGATAATACTAACCT,1
TTGATAATCTAGCTGT,1
TTGATAATCTGTCTGT,1
TTGATAATGGTCACGA,1
TTGATAATTAAACATA,1
TTGATAATTACGAATA,1
TTGATACAGAGACCTT,1
TTGATACATATAAAAT,1
TTGATACATCAAAACA,1
TTGATACCAGCAGGGT,1
TTGATACCGATCCTGA,1
TTGATACGAGGTCCGA,1
TTGATACGGTCGGGTT,1
TTGATACTATCCAAAA,1
TTGATACTCCCAATTC,1
TTGATACTGAAAAACT,1
TTGATACTTCTGGATA,1
TTGATAGAATGAATTC,1
TTGATAGCTAACCACA,1
TTGATAGCTTCTATTC,1
TTGATAGGAGAACTCG,1
TTGATATAACACAGTA,1
TTGATATCAAGCACGA,1
TTGATATCACAAGCCA,1
TTGATATCCCACGGTC,1
TTGATATGTACTAGGT,1
TTGATATTAAGGACTT,1
TTGATATTCAACGGTC,1
TTGATCAAATTGCTCT,1
TTGATCAATAGTAGAA,1
TTGATCAATCTGCTCT,1
TTGATCAATGAATACC,1
TTGATCAATTTCCTCT,1
TTGATCAATTTGCTAT,1
TTGATCAATTTGCTCC,1
TTGATCACCACCGTTC,1
TTGATCACCCAACCAT,1
TTGATCACGCATACTT,1
TTGATCACGTTATTTG,1
TTGATCAGAAACCATA,1
TTGATCAGTTAGTGAA,1
TTGATCCAAATAAAAT,1
TTGATCCAATCGCCCG,1
TTGATCCATATGAAAT,1
TTGATCCCAGCAGAGT,1
TTGATCCCAGCAGGAT,1
TTGATCCCAGCTGGGT,1
TTGATCCCAGGAGGGT,1
TTGATCCGAGCAGGGT,1
TTGATCCGCACTGACT,1
TTGATCCTAGCAGGGT,1
TTGATCCTCCTCTGAC,1
TTGATCCTTAAACACC,1
TTGATCGATATAAAAT,1
TTGATCGCAGCAGGGT,1
TTGATCGCATGTGTGA,1
TTGATCGCATTTTGAA,1
TTGATCGCTGGACCGA,1
TTGATCGGGAAACCAT,1
TTGATCTAAACAAATC,1
TTGATCTCACTGACCC,1
TTGATCTCAGCAGGGT,1
TTGATCTCGACATCAC,1
TTGATCTCTGCGAGAC,1
TTGATCTGCCTGTGGG,1
TTGATCTTCGTGCGTA,1
TTGATGAAACGATCAG,1
TTGATGAAGGGACATA,1
TTGATGACTGCGAGAC,1
TTGATGAGCCTAAACA,1
TTGATGATAAAGAGTT,1
TTGATGCCAGCTTATG,1
TTGATGCCCGGCCCCA,1
TTGATGCTACACTATA,1
TTGATGCTCCTCTATA,1
TTGATGCTGCACTATA,1
TTGATGCTTAAAAAGT,1
TTGATGGTGATTATAT,1
TTGATGTACCGAACAC,1
TTGATGTATGAGAGAC,1
TTGATGTATGCGAGAC,1
TTGATGTCAAACAGAA,1
TTGATGTCCATAGTTC,1
TTGATGTCCGTAGTTA,1
TTGATGTCGGCGAGAC,1
TTGATGTCTGCGAGAA,1
TTGATGTCTGCGAGTC,1
TTGATGTGAGTGGTGA,1
TTGATTAAACCTTACA,1
TTGATTAAGGGAAACA,1
TTGATTAATCGTGCCC,1
TTGATTAATTCTGCCT,1
TTGATTACGCAACATA,1
TTGATTACGCTCTCAT,1
TTGATTAGCTACCACC,1
TTGATTATCCCAATTC,1
TTGATTATCTTGCCCA,1
TTGATTATGTGCTATC,1
TTGATTCAATTACTAC,1
TTGATTCAGGATAGGT,1
TTGATTCCAGCAGGGT,1
TTGATTCCCCCAATTC,1
TTGATTCCTCACGCAC,1
TTGATTCCTCATCCTC,1
TTGATTCGCACTGAAT,1
TTGATTCGCATTGACT,1
TTGATTCGGTCGCTTA,1
TTGATTCTAACAGTCG,1
TTGATTCTACCAATTC,1
TTGATTCTCACTGACT,1
TTGATTCTCCAAATTC,1
TTGATTCTCCACTATA,1
TTGATTCTCCCAATCC,1
TTGATTCTCCCAATTG,1
TTGATTCTCGTAATCC,1
TTGATTCTGCCAATTC,1
TTGATTCTTCACACAC,1
TTGATTCTTCCAATTC,1
TTGATTGATCAGAAGT,1
TTGATTGCAACGAGTT,1
TTGATTGCATAATCAG,1
TTGATTTAACGAAACA,1
TTGATTTCACGGAACA,1
TTGATTTCCCCCTTCA,1
TTGATTTCGGATATCG,1
TTGATTTCGTGACGGT,1
TTGATTTGAGCGGAAA,1
TTGATTTGATCAGAAA,1
TTGATTTGCTGTCGCA,1
TTGATTTGGGCAGAAA,1
TTGATTTTAAATGAAC,1
TTGCAAAAATACATTG,1
TTGCAAAACACGGCGA,1
TTGCAAAACCCCGAAA,1
TTGCAAAACTACCTAA,1
TTGCAAAATCATTTTT,1
TTGCAAAATGAAAGCT,1
TTGCAAAATGGGACTA,1
TTGCAAACAAACCCTC,1
TTGCAAACGACGACTC,1
TTGCAAAGGGTCAGTG,1
TTGCAAAGTTGTATTT,1
TTGCAAATTCGTGTTC,1
TTGCAACCTAACTAAT,1
TTGCAACGACAAGCAG,1
TTGCAACTAATCATAG,1
TTGCAACTACAGCACT,1
TTGCAAGAAACTCAAG,1
TTGCAAGAACCTCTTT,1
TTGCAAGCTCGGGATT,1
TTGCAAGGAAACAATC,1
TTGCAAGGGTGGACCT,1
TTGCAATAGAAAATAA,1
TTGCAATATTCCTCTG,1
TTGCAATCACAATTAA,1
TTGCAATCTCACTTGT,1
TTGCACAAAGATCTCT,1
TTGCACACGATTTCGG,1
TTGCACAGACAAGCTA,1
TTGCACAGTTAACATA,1
TTGCACAGTTAACATT,1
TTGCACAGTTAACGTG,1
TTGCACATAGGACATA,1
TTGCACATGTTATACA,1
TTGCACCAAATCCCTA,1
TTGCACCAAATGGTAA,1
TTGCACCACGAGTGAC,1
TTGCACCCCAAATGAC,1
TTGCACCTACCGTCTG,1
TTGCACCTTGATCTTT,1
TTGCACGATATACATA,1
TTGCACTAACACGCGA,1
TTGCACTAAGATTACC,1
TTGCACTAGTAAATCT,1
TTGCACTTCTTACATC,1
TTGCAGAAAATCCGAC,1
TTGCAGACACATACAG,1
TTGCAGAGAGGAGAAA,1
TTGCAGAGCTTCAAGA,1
TTGCAGAGTCGTATTT,1
TTGCAGCAAGACAAAG,1
TTGCAGCTGATGACTA,1
TTGCAGGAAATAAAAA,1
TTGCAGGAACAAAAAG,1
TTGCAGGAGGCCAAAA,1
TTGCAGGATGGGTGGG,1
TTGCAGTCGAGAAACA,1
TTGCAGTTATTCCGCA,1
TTGCATAAAACGAAGT,1
TTGCATAACAAATGTG,1
TTGCATAATACAGAAC,1
TTGCATAATGCATCTA,1
TTGCATAATTTATCTA,1
TTGCATAGAACCCGTG,1
TTGCATAGTTGTATTT,1
TTGCATCACTAGATAG,1
TTGCATCCCGCAACTT,1
TTGCATCCGAAATACA,1
TTGCATCGGCTTAGAC,1
TTGCATCGGGATATAG,1
TTGCATCTTAACCAAA,1
TTGCATGAAACTTAGC,1
TTGCATGATGTATCTA,1
TTGCATGCATATCGTA,1
TTGCATGCCATATTAA,1
TTGCATGGGTAGAGTA,1
TTGCATGTTCCAAGGT,1
TTGCATTAAACTATCA,1
TTGCATTAAACTGTAA,1
TTGCATTAAGGCATAA,1
TTGCATTATGCTAACA,1
TTGCATTCGTACGGTA,1
TTGCATTGATACAAGA,1
TTGCATTTAAATAAGC,1
TTGCATTTACTCAAGC,1
TTGCATTTTCAGAAAA,1
TTGCCAAAACTCAGTC,1
TTGCCAAACGAAAGCT,1
TTGCCAAATGAAAGCC,1
TTGCCAACAGAGGACA,1
TTGCCAACAGTTGGAT,1
TTGCCAACATACAAGC,1
TTGCCAACCCCTTAAA,1
TTGCCAACTGAAGCCA,1
TTGCCAAGAACATGTA,1
TTGCCAAGTAATGGCT,1
TTGCCAATACCAATCT,1
TTGCCAATTGAAGTTA,1
TTGCCACACACATAAA,1
TTGCCACATAATGCGC,1
TTGCCACCACAAGCGA,1
TTGCCACGGCTAGGTT,1
TTGCCACTCTTTCCGA,1
TTGCCAGCACCAGCGC,1
TTGCCAGCCCCAGCCC,1
TTGCCAGCCCCAGTGC,1
TTGCCAGCCCGAGCGC,1
TTGCCAGGAGAAGTCT,1
TTGCCAGTAAGGGATT,1
TTGCCAGTGCTGGGGG,1
TTGCCAGTTAATTAAC,1
TTGCCATACCTATATA,1
TTGCCATCAACGCCTG,1
TTGCCATCAATCATTG,1
TTGCCATCCCTGTAAG,1
TTGCCATGTACTCTCA,1
TTGCCATTATTTGGCA,1
TTGCCATTCAAAAAAT,1
TTGCCATTGCAGACAT,1
TTGCCCAAATTGCACA,1
TTGCCCAACCTCAACA,1
TTGCCCAAGCTCACCC,1
TTGCCCAATCGTAACT,1
TTGCCCACCGCAAAGT,1
TTGCCCACGCAATGAA,1
TTGCCCATATGACATA,1
TTGCCCATTTGAAAAT,1
TTGCCCCAAGGATTTT,1
TTGCCCCCTGAAAGCT,1
TTGCCCCTCTTTACGA,1
TTGCCCCTCTTTCAGA,1
TTGCCCCTCTTTCCTA,1
TTGCCCCTGAAATCCC,1
TTGCCCGATCTGACAA,1
TTGCCCGGCCCCTGTG,1
TTGCCCTAGGAACTAT,1
TTGCCCTCCAAAGGAC,1
TTGCCCTGAATCAATC,1
TTGCCCTGGGCATGCA,1
TTGCCCTTCTAAGTAG,1
TTGCCCTTTCGGAAAC,1
TTGCCCTTTGTACCTC,1
TTGCCGAAAAACTCGA,1
TTGCCGAACAATAAGT,1
TTGCCGAAGGAGCAGA,1
TTGCCGAATGAAAGCT,1
TTGCCGACACTGGATA,1
TTGCCGATACCAACCT,1
TTGCCGCAGGAGAAGA,1
TTGCCGCAGGAGCACA,1
TTGCCGCAGGAGCAGG,1
TTGCCGCAGGAGCATA,1
TTGCCGCGGAAATAAC,1
TTGCCGCTTTTGGAGA,1
TTGCCGGACAGTGGAA,1
TTGCCGTAAAACCCAG,1
TTGCCGTATTCCTCTG,1
TTGCCGTTTATCAATC,1
TTGCCTACAAAAATAT,1
TTGCCTCAGGAGCAGA,1
TTGCCTCCATCGTTGA,1
TTGCCTCTCTTTCCGA,1
TTGCCTCTGAGATAAA,1
TTGCCTGAGACTTAGC,1
TTGCCTGATATCAAGA,1
TTGCCTGCATATAGTA,1
TTGCCTGCATATCCTA,1
TTGCCTGCGTATCGTA,1
TTGCCTGGACAAGAAC,1
TTGCCTTACTTCCAAA,1
TTGCCTTCAGTGAATC,1
TTGCCTTCCGCCTTTC,1
TTGCCTTGGCTCAATC,1
TTGCCTTGGTTTATAG,1
TTGCCTTGTAATCTCA,1
TTGCCTTGTACCCTCA,1
TTGCCTTGTACTCTAA,1
TTGCCTTGTACTCTCG,1
TTGCCTTTGTTATACA,1
TTGCCTTTTACTCTCA,1
TTGCCTTTTCGGAAAA,1
TTGCCTTTTCGGGAAC,1
TTGCCTTTTCTGAAAC,1
TTGCGAACACGAATGG,1
TTGCGAAGAGTGATCA,1
TTGCGAAGATCTGTAA,1
TTGCGACACAGTCACA,1
TTGCGACCGACGACTC,1
TTGCGACCTACGACTT,1
TTGCGACGCCAGCCCC,1
TTGCGACTACTCGCCG,1
TTGCGAGAGTAAGCTA,1
TTGCGAGATTAATCTA,1
TTGCGAGGTCTTGTGA,1
TTGCGATATTAAGCTA,1
TTGCGATCATATGCGA,1
TTGCGATCGGCGTATA,1
TTGCGATTGTAAACAT,1
TTGCGCAAAAAGTTAA,1
TTGCGCAAACACACGA,1
TTGCGCACTAAATTTA,1
TTGCGCAGAGAATTCC,1
TTGCGCCATCCGGCAG,1
TTGCGCGTAAATCAAA,1
TTGCGCTAGACTACGA,1
TTGCGCTCAACTACCC,1
TTGCGGAAAGGTATAT,1
TTGCGGAAATTGTTGA,1
TTGCGGAACACCTACA,1
TTGCGGAATGGATTCA,1
TTGCGGAGAATGTCCA,1
TTGCGGCAACCCAAGC,1
TTGCGGCGACCAAAGC,1
TTGCGGCGACCCAAGA,1
TTGCGGCGACGCAAGC,1
TTGCGGGAAGGTCGAG,1
TTGCGGGACACCTTAA,1
TTGCGGTAATAGCAAG,1
TTGCGGTACGATATGA,1
TTGCGGTGACCCAAGC,1
TTGCGGTTACAACCAA,1
TTGCGGTTGCCATATA,1
TTGCGGTTGCTACATA,1
TTGCGGTTGCTATACA,1
TTGCGTACAGCTACCA,1
TTGCGTACTAAGAACG,1
TTGCGTCAAGTACAAC,1
TTGCGTCAATGCTATT,1
TTGCGTCTAAGATAAA,1
TTGCGTCTGAGATAAC,1
TTGCGTCTTAGATAAA,1
TTGCGTGCAAAGATAC,1
TTGCGTTAATAGTTAA,1
TTGCGTTCAATCTGAA,1
TTGCGTTGAGTTATAC,1
TTGCGTTGGGTTACAC,1
TTGCGTTTAGTTACAC,1
TTGCTAAAACATCTGA,1
TTGCTAAAACGATCAG,1
TTGCTAAACCACTTAA,1
TTGCTAAACTCTCAGC,1
TTGCTAAATAACTGCC,1
TTGCTAACCCTTCCAA,1
TTGCTAAGCTAAACAC,1
TTGCTAAGGAATATTT,1
TTGCTAATAGATAAGT,1
TTGCTAATATGAAAAT,1
TTGCTAATATTACCAT,1
TTGCTAATTCTGGATA,1
TTGCTACAGTCACCAA,1
TTGCTACCAAGTTGGT,1
TTGCTACGATAGTCAT,1
TTGCTACTGCTGGATA,1
TTGCTACTTCTGGGTA,1
TTGCTACTTCTGTATA,1
TTGCTAGAATACTGAA,1
TTGCTAGTAAGCGATA,1
TTGCTAGTCTTCAATA,1
TTGCTAGTTACCCTGC,1
TTGCTATAATAATACC,1
TTGCTATACAAGCTAT,1
TTGCTATAGAAAATAA,1
TTGCTATAGCCAGATC,1
TTGCTATAGTCACAAA,1
TTGCTATAGTCACCAG,1
TTGCTATATCCAAATC,1
TTGCTATCGGTCTCGA,1
TTGCTATCTAGCCATC,1
TTGCTCAAAAACTCCT,1
TTGCTCACACTGGATA,1
TTGCTCATAGTATCAA,1
TTGCTCCAAAAAAACG,1
TTGCTCCCGAAATCAA,1
TTGCTCCCGCCTGACA,1
TTGCTCCGTCATTGAA,1
TTGCTCCTGTCACACA,1
TTGCTCGATGGACCGA,1
TTGCTCGCAGGACCGA,1
TTGCTCGCATAATTAC,1
TTGCTCGCGCCCAAAG,1
TTGCTCGCTGGAACGA,1
TTGCTCGCTGGACCGT,1
TTGCTCGCTGGACCTA,1
TTGCTCGGACAAAACG,1
TTGCTCGGCAACTTAT,1
TTGCTCGTACAAAATA,1
TTGCTCTAAGAGCATG,1
TTGCTCTCACTGACTC,1
TTGCTGAAACAATCAG,1
TTGCTGAAACTGGATA,1
TTGCTGACACCGGATA,1
TTGCTGACACGTGACC,1
TTGCTGACGCTGGATA,1
TTGCTGAGGGATAATT,1
TTGCTGATACTGGATA,1
TTGCTGATGTGCCTCT,1
TTGCTGCAGGAGCAGA,1
TTGCTGCCCAAAACAT,1
TTGCTGGAACGATCAG,1
TTGCTGGAACTAAAAA,1
TTGCTGGTCATCCATT,1
TTGCTGTCACTGGATA,1
TTGCTGTCATGTTATC,1
TTGCTTAACCCGAGGT,1
TTGCTTAAGAACTCCT,1
TTGCTTAAGCCAAGGT,1
TTGCTTACCTCTTGAC,1
TTGCTTATAGCGCATA,1
TTGCTTATAGTTTACC,1
TTGCTTATGGAAGCAA,1
TTGCTTCCTAATGTAA,1
TTGCTTGGCACCCCCT,1
TTGCTTTAAAATAAAG,1
TTGCTTTAAACCCAGT,1
TTGCTTTAAATCTCGT,1
TTGCTTTAAGATAAAG,1
TTGGAAAAACGTAGTT,1
TTGGAAAACTTCACCT,1
TTGGAAAAGACTGTCC,1
TTGGAAAAGGTCAGGT,1
TTGGAAACAGACGTGT,1
TTGGAAACCGACCCAA,1
TTGGAAACGAAAAACG,1
TTGGAAACTAAAGGAC,1
TTGGAAACTATTGCAG,1
TTGGAAACTTAGTTGT,1
TTGGAAAGAAAACCTA,1
TTGGAAAGGTTATAGT,1
TTGGAAAGTCTCATTA,1
TTGGAAATATATTCGT,1
TTGGAAATCAACATAA,1
TTGGAAATCTAACTAC,1
TTGGAAATCTGTGAGC,1
TTGGAAATGATAGTAT,1
TTGGAAATGCTGAAAA,1
TTGGAAATGGGGTCTT,1
TTGGAACACCGCCACC,1
TTGGAACACTTCCGAA,1
TTGGAACAGCACAGAG,1
TTGGAACATGATAAGG,1
TTGGAACCCTACAACG,1
TTGGAACCGTAAAGCC,1
TTGGAACGCAAGGATC,1
TTGGAACGGCCCTGGT,1
TTGGAACTCTTTCCGC,1
TTGGAACTGTATGAAA,1
TTGGAAGAACCAATGT,1
TTGGAAGCACCATTAA,1
TTGGAAGGGAAGTCTT,1
TTGGAATAATCGGTCA,1
TTGGAATCAAGTTATG,1
TTGGAATCCGAGCATC,1
TTGGAATGAAGTATAA,1
TTGGAATGAATGTCCC,1
TTGGAATGAGTGAGGG,1
TTGGAATGCCCCTTAA,1
TTGGAATTAACTTTGA,1
TTGGAATTACGAACCT,1
TTGGAATTCGCCATCC,1
TTGGACAAACGCTCAT,1
TTGGACAACCACTTTA,1
TTGGACACAGAATGTG,1
TTGGACAGTACATACG,1
TTGGACATACCATAAC,1
TTGGACCCACTGTTGC,1
TTGGACGAAAAGATTA,1
TTGGACGCTTCGAGCT,1
TTGGACGGAGCTGCAT,1
TTGGACGGAGCTTGAT,1
TTGGACGGATCTGGAT,1
TTGGACGTAGCTGGAT,1
TTGGACTAACCACGCC,1
TTGGACTAACCTCACC,1
TTGGACTAACGACACC,1
TTGGACTCAGCTCGTA,1
TTGGACTCATTACTAA,1
TTGGACTTAGCCATCC,1
TTGGACTTCGACATCC,1
TTGGACTTCGCCATCG,1
TTGGACTTCGCTATCC,1
TTGGACTTCGTCATCC,1
TTGGAGAATCTATATT,1
TTGGAGAGCATTCAGA,1
TTGGAGCATTAGAAAC,1
TTGGAGCCATGTCTAA,1
TTGGAGCCCTACAACA,1
TTGGAGCCGCTACAGA,1
TTGGAGCCTTAATTCC,1
TTGGAGCCTTATCTAA,1
TTGGAGCGCGAAGAAC,1
TTGGAGGAACCCACGT,1
TTGGAGGAGAGGCAGA,1
TTGGAGGCGTATCGGA,1
TTGGAGGCTTCCAATG,1
TTGGAGGGATACGTTA,1
TTGGAGGGATACTTCA,1
TTGGAGGGATCCACTA,1
TTGGAGGGCACACGGA,1
TTGGAGTACAATTGCA,1
TTGGAGTTATAACTCA,1
TTGGAGTTTCGTTATC,1
TTGGATAAAATATACA,1
TTGGATAAATGCTTAC,1
TTGGATAAATTATATA,1
TTGGATAACACAGACA,1
TTGGATAAGGTCAGGT,1
TTGGATAATCACGGTT,1
TTGGATAATGTATCTA,1
TTGGATAATTACTAAT,1
TTGGATAATTGGGAAG,1
TTGGATAATTTGGACG,1
TTGGATACACTGGTAT,1
TTGGATACTAACAATA,1
TTGGATACTACCAAAA,1
TTGGATACTACTAATA,1
TTGGATAGTTGTAGAT,1
TTGGATAGTTGTAGCC,1
TTGGATCACCTCATAA,1
TTGGATCCCACATTAT,1
TTGGATGAAGGCGTTA,1
TTGGATGAATATTCAA,1
TTGGATGCGCGCTTAA,1
TTGGATGCGCGCTTAC,1
TTGGATGGATACGTCA,1
TTGGATGGTTCTGAAG,1
TTGGATGTAAAAAATA,1
TTGGATGTTGTGATGA,1
TTGGATTAATACAATG,1
TTGGATTACTGAAAGG,1
TTGGATTAGAAGACTT,1
TTGGATTCTTTACCTG,1
TTGGATTGGCATCTCA,1
TTGGCAAACATATCCG,1
TTGGCAAAGTCCACGA,1
TTGGCAAATATTGATT,1
TTGGCAAATGTTGATT,1
TTGGCAAGAATAGTAT,1
TTGGCAAGTACCGCGC,1
TTGGCACAAATATCCG,1
TTGGCACACACATCCG,1
TTGGCACACATAACCG,1
TTGGCACACATATCGG,1
TTGGCACACATATCTG,1
TTGGCACACATATTCG,1
TTGGCACACTCCACGA,1
TTGGCACAGCCCACGA,1
TTGGCACAGTCAACGA,1
TTGGCACATTATCCTA,1
TTGGCACCCAAACTAC,1
TTGGCACCTGCCTATT,1
TTGGCACGCATATCCG,1
TTGGCAGAGTCCACGA,1
TTGGCAGCAAAACTAC,1
TTGGCAGCTACAGAAC,1
TTGGCAGTACCCATAA,1
TTGGCATACATATCCG,1
TTGGCATCACACCACA,1
TTGGCATCACGCCACC,1
TTGGCATCACTCCACA,1
TTGGCATCATAGGAAA,1
TTGGCATCATATTTAA,1
TTGGCATCATGCCACA,1
TTGGCATGTAGAGGAC,1
TTGGCATTATGGTTTG,1
TTGGCATTTGGCATAA,1
TTGGCCAGAAAACATG,1
TTGGCCATGTTGCTAT,1
TTGGCCCAATCATTTC,1
TTGGCCCAGTCTCCTT,1
TTGGCCCATTCTAATG,1
TTGGCCCCGGAGATAC,1
TTGGCCCCGTAACAAT,1
TTGGCCCTCAGACTGA,1
TTGGCCGATAACGAAA,1
TTGGCCGGTGTCATCT,1
TTGGCCGTAACGAAAC,1
TTGGCCTACCGTTGAC,1
TTGGCCTATATGCCCA,1
TTGGCCTTGTGATAAG,1
TTGGCGAACGGGTGCT,1
TTGGCGAACGTATGCT,1
TTGGCGAACTGATGTT,1
TTGGCGATGTGCCTCT,1
TTGGCGCTTAAAAAGT,1
TTGGCGGACACGTTAG,1
TTGGCGTACTAAAATA,1
TTGGCGTCCCTACTCA,1
TTGGCGTCTGCACAGA,1
TTGGCTAGAGTTTTGT,1
TTGGCTCTACACAGAA,1
TTGGCTGAATATTCTA,1
TTGGCTGAGTATTCAA,1
TTGGCTGCATATCGTA,1
TTGGCTTAGAGACGAT,1
TTGGCTTATTCAGACT,1
TTGGCTTCCACGTTTC,1
TTGGCTTCGTCTTTAA,1
TTGGCTTGGAAAGTGA,1
TTGGCTTGTACTCTCA,1
TTGGGAAAGTACCTAC,1
TTGGGAAATGACTAAG,1
TTGGGAATATCTGGTG,1
TTGGGAATGAAAGCTA,1
TTGGGACACCTAACAT,1
TTGGGACCTAAACAAA,1
TTGGGACGATAAACCC,1
TTGGGAGAACCATTAT,1
TTGGGAGCCTTAAAAA,1
TTGGGAGGAAATCGGA,1
TTGGGAGGGAACCGGA,1
TTGGGAGTTCACGTTA,1
TTGGGATAACTAGCCA,1
TTGGGATACATAGCCA,1
TTGGGATACCTAGTCA,1
TTGGGATAGCTAGCCA,1
TTGGGATATCTAGCCA,1
TTGGGATCAAGGCAAT,1
TTGGGCAGACATGCAG,1
TTGGGCCACAGAAGAT,1
TTGGGCCGACTTAAAG,1
TTGGGCGATCCGTTTC,1
TTGGGCTAATACAACT,1
TTGGGCTATGGCGCCA,1
TTGGGGAAGTAAGCTA,1
TTGGGGAATTAAGCAA,1
TTGGGGACGGACAGTT,1
TTGGGGAGATAAACCC,1
TTGGGGCCCACATGAT,1
TTGGGGGAAAACACTT,1
TTGGGGGAACACAATT,1
TTGGGGGAACACACTC,1
TTGGGGGAAGGTCGCG,1
TTGGGGGAGCACACTT,1
TTGGGGGGGGTTAGTG,1
TTGGGGGTTACACAAG,1
TTGGGGTAAGAAGTAC,1
TTGGGGTAAGACTTAC,1
TTGGGGTACACAATCT,1
TTGGGGTGAGACGTAC,1
TTGGGTAAAAATGTTG,1
TTGGGTAAAAGGTATC,1
TTGGGTAAACAGTATC,1
TTGGGTAAACGGTACC,1
TTGGGTAAGTAAGCAA,1
TTGGGTATACTTATAG,1
TTGGGTATTTGCAAAA,1
TTGGGTCAATTATCAT,1
TTGGGTCCGGTCCCAC,1
TTGGGTCGTATCCAAT,1
TTGGGTCTAGTTCCTG,1
TTGGGTGAACACACTT,1
TTGGGTGACACACGTT,1
TTGGGTGCCCCAATAG,1
TTGGGTGGCACACTTT,1
TTGGGTGTCACACGTT,1
TTGGGTTCTTTCGGCC,1
TTGGGTTGAGTTACAC,1
TTGGGTTGTTACCGCG,1
TTGGTAAAACTAACAA,1
TTGGTAAAATGACAGC,1
TTGGTAAAATGACCAC,1
TTGGTAAAATGACCTC,1
TTGGTAAGATCCAGAA,1
TTGGTAAGGGTACAAA,1
TTGGTACAACTCTTAA,1
TTGGTACACATAGGGA,1
TTGGTATACCAGGTCA,1
TTGGTATATAGGGTGG,1
TTGGTATCAAGTTACT,1
TTGGTATGAAGAAATA,1
TTGGTATGACCCAGAA,1
TTGGTATGATCAAGAA,1
TTGGTATGATCCAGAG,1
TTGGTATGATGCAGAA,1
TTGGTATGATGCATAA,1
TTGGTATGGTCCAGAA,1
TTGGTATTAAGGAAAT,1
TTGGTATTACGAACCT,1
TTGGTATTATCCAGAA,1
TTGGTCAACAAGTGAC,1
TTGGTCACCGCATGCA,1
TTGGTCCAATTACTAC,1
TTGGTCCATGGATTGC,1
TTGGTCCCAGCAGGGT,1
TTGGTCGCTAGCAAAA,1
TTGGTCGGACATTTGA,1
TTGGTCGGACGTTTGG,1
TTGGTCGGGCATTTGG,1
TTGGTCGTAGACACAA,1
TTGGTCTAACCTAAAA,1
TTGGTCTATAAGATCG,1
TTGGTCTCACGATAAT,1
TTGGTCTGTATCGGCT,1
TTGGTGAAACAAAGAT,1
TTGGTGAACGGATGCT,1
TTGGTGACGTGCCTCT,1
TTGGTGAGCTTGTGTA,1
TTGGTGAGGCCTCGCC,1
TTGGTGATATGCCTCT,1
TTGGTGATATTAAACA,1
TTGGTGATGTACCTCT,1
TTGGTGATGTGACTCT,1
TTGGTGATGTGCATCT,1
TTGGTGATGTGCCGCT,1
TTGGTGATGTGCCTCA,1
TTGGTGCACTTGTGTA,1
TTGGTGCCGCCGATAA,1
TTGGTGCGATCGATAC,1
TTGGTGCGCTTGTTTA,1
TTGGTGCTTGTGAGGC,1
TTGGTGTAAGACGTAC,1
TTGGTGTAGCTGACTA,1
TTGGTGTATGAAATTG,1
TTGGTGTCGCTGAGTA,1
TTGGTGTCGCTTACTA,1
TTGGTGTGCTTGTGTA,1
TTGGTTAACCTCGCAG,1
TTGGTTAATCCGGTAC,1
TTGGTTACCCAAGCTC,1
TTGGTTAGATACGATC,1
TTGGTTATAAACGATT,1
TTGGTTATCTGGATCC,1
TTGGTTCAAGCAAATC,1
TTGGTTCCCTAAGCAA,1
TTGGTTCCTAATGTGA,1
TTGGTTCGCTTGTGTA,1
TTGGTTCTAACAGTCA,1
TTGGTTCTCCCAATTC,1
TTGGTTGATAGCGTTT,1
TTGGTTGCTATCCCCA,1
TTGGTTGTTGCCCTTA,1
TTGGTTTATATTTGGA,1
TTGGTTTCAATCTCGT,1
TTGGTTTCATAAAAAA,1
TTGGTTTCATGTGAGT,1
TTGGTTTTGCCGAGGA,1
TTGGTTTTTTCCTTTC,1
TTGTAAAAAAGACTAA,1
TTGTAAAAATCTTGCT,1
TTGTAAAAGAATCAAT,1
TTGTAAAAGTATCAAT,1
TTGTAAAATGGGACAT,1
TTGTAAACAGCTGTTA,1
TTGTAAATAAACAACC,1
TTGTAAATAAACAGCT,1
TTGTAAATACGCTGTT,1
TTGTAACCTCACCACT,1
TTGTAACGACTCCCAA,1
TTGTAACGGACATTTA,1
TTGTAACGGCTGCCAA,1
TTGTAACTGCCGAGAC,1
TTGTAAGACAAATAGT,1
TTGTAAGACCAAACCA,1
TTGTAAGCAAAGTATG,1
TTGTAAGCTAATAAAC,1
TTGTAAGGCAATTCCT,1
TTGTAAGGCCCCTTAA,1
TTGTAAGTCACTCACA,1
TTGTAAGTTTTAGGGA,1
TTGTAATAACATAGAA,1
TTGTAATACAACCTAC,1
TTGTAATCAATCATTG,1
TTGTAATCCGACACTA,1
TTGTAATCCTTAGCAC,1
TTGTAATCTTAGCAAA,1
TTGTAATGGCAACATG,1
TTGTAATTGTACTGAG,1
TTGTAATTTGCTAATT,1
TTGTACAAAAACCCAC,1
TTGTACAAAACTTTAA,1
TTGTACAAAATTATAA,1
TTGTACAAAGATGCAA,1
TTGTACAAATGCGGTC,1
TTGTACAATACGAAGA,1
TTGTACAATGTACATG,1
TTGTACACGAAGCAGA,1
TTGTACACGCTGAGCT,1
TTGTACAGATCCGGCA,1
TTGTACAGATTCGTCA,1
TTGTACAGATTCTGCA,1
TTGTACAGTTAACATG,1
TTGTACATATATGTAA,1
TTGTACATGGGAGCCT,1
TTGTACCAAGATTACC,1
TTGTACCATCGATAGA,1
TTGTACCCGCTTAGCT,1
TTGTACCGAGCCGCTC,1
TTGTACGAACAAAAGT,1
TTGTACGCAACACCAT,1
TTGTACGGTGAGCTGT,1
TTGTACTAAACCGCCG,1
TTGTACTACTCGGATG,1
TTGTACTAGGATTACC,1
TTGTACTCTCGCATAT,1
TTGTACTGCCCTATGG,1
TTGTACTGTCTTTTCG,1
TTGTAGAAAGGTCATT,1
TTGTAGAAATTAAAAA,1
TTGTAGAAATTAAGAC,1
TTGTAGAACATAAGCG,1
TTGTAGAATGTCCTAG,1
TTGTAGAATGTCTGAG,1
TTGTAGAATTTCCGAG,1
TTGTAGACGTTTGATG,1
TTGTAGAGAATAGTGA,1
TTGTAGAGCACAGTGA,1
TTGTAGAGCATAGTGG,1
TTGTAGAGTGTCCGAG,1
TTGTAGATGAACGACA,1
TTGTAGATGGTTCCAA,1
TTGTAGATTAAAATGT,1
TTGTAGATTACAGTGT,1
TTGTAGCACCCCCATC,1
TTGTAGCCCTACAACG,1
TTGTAGCGTGCTGCGC,1
TTGTAGCTATTGAAAC,1
TTGTAGGATAGCGTTT,1
TTGTAGGTAAACTGAG,1
TTGTAGGTCACCAAAA,1
TTGTAGTAGTGAAATC,1
TTGTAGTAGTGTAATC,1
TTGTAGTAGTTCAATC,1
TTGTAGTATTGCAATC,1
TTGTAGTCCCAGCACT,1
TTGTAGTCGCCGAGGA,1
TTGTAGTGTTGTAATG,1
TTGTAGTTCATAGAAG,1
TTGTATAAACCATCCC,1
TTGTATAAATTAAAAC,1
TTGTATAAGATAAAAA,1
TTGTATAAGATCAAGA,1
TTGTATAATGTATCTA,1
TTGTATAATGTCCGAG,1
TTGTATACAAAAATTA,1
TTGTATACAAAACCGA,1
TTGTATACAAGATGTC,1
TTGTATACGGGAGCCT,1
TTGTATACGTAAGCTT,1
TTGTATACTTATAATT,1
TTGTATAGAGAGTACG,1
TTGTATAGAGAGTATT,1
TTGTATATAATACAAA,1
TTGTATATGAGAGCCT,1
TTGTATATGGGATCCT,1
TTGTATATGTGAGCCT,1
TTGTATATTACCAAAT,1
TTGTATATTGGAGCCT,1
TTGTATATTTTTAGCC,1
TTGTATCCACTATCTT,1
TTGTATCGCAATACTG,1
TTGTATCGCGCAAACC,1
TTGTATCTCATCATCT,1
TTGTATCTGTATTAGC,1
TTGTATCTTAGCAATA,1
TTGTATGAATTGTTTT,1
TTGTATGAGCTGTTTT,1
TTGTATGATGTGCGGA,1
TTGTATGCTCTTGGTC,1
TTGTATGCTGAAGTCG,1
TTGTATGGAGAGTATG,1
TTGTATGGGTAGAATA,1
TTGTATGTCTTGTATT,1
TTGTATTAAGTAAGAG,1
TTGTATTAATGTGATG,1
TTGTATTAGTTGTTTT,1
TTGTATTCCTCCTACA,1
TTGTATTCGAGTCTAC,1
TTGTATTTACCAACGT,1
TTGTCAAAAGATGCAA,1
TTGTCAAAAGTCAAGA,1
TTGTCAAAATCTGTCA,1
TTGTCAAACACATAAA,1
TTGTCAAACCAGTGCA,1
TTGTCAAATCACAACA,1
TTGTCAACACCAAAGA,1
TTGTCAACACCCAAAT,1
TTGTCAACGAACTCGT,1
TTGTCAATAAACAGAT,1
TTGTCAATAAACATCT,1
TTGTCAATAAACGGCT,1
TTGTCAATAAACTGCT,1
TTGTCAATAAGCAGCT,1
TTGTCAATAGAATAAG,1
TTGTCAATCACTATAA,1
TTGTCAATCGGTTTCT,1
TTGTCAATGAACAGCT,1
TTGTCAATGCGATATC,1
TTGTCACACGCATAAA,1
TTGTCACCCATGCAGT,1
TTGTCACCCGTGCAAT,1
TTGTCACCGCACAGTT,1
TTGTCACCTCACTAAT,1
TTGTCACGATAAACCC,1
TTGTCACTAGATACGT,1
TTGTCACTGATTTAGC,1
TTGTCAGAACAGACTT,1
TTGTCAGCACAATTAC,1
TTGTCAGCTATAATAT,1
TTGTCAGGCATGAGAA,1
TTGTCAGGTTAAATAA,1
TTGTCAGTCAGACTAA,1
TTGTCATATGATAATT,1
TTGTCATCAATCAACC,1
TTGTCATCCTATTATA,1
TTGTCATCCTTTTATA,1
TTGTCATCGATCATTG,1
TTGTCATTAAATAACA,1
TTGTCCAAAGATGAAA,1
TTGTCCAAAGATTCAA,1
TTGTCCAAAGCGGCCT,1
TTGTCCAACTGGGAGG,1
TTGTCCAAGGATGCAA,1
TTGTCCAATACACAGT,1
TTGTCCAATCGGGAGG,1
TTGTCCAGCCGGGAGG,1
TTGTCCATGAGTTTCC,1
TTGTCCCGAAATACTG,1
TTGTCCCTCTTTCCGA,1
TTGTCCCTTTGGGATT,1
TTGTCCCTTTTACTCA,1
TTGTCCGAGCGCGCAA,1
TTGTCCGGCAATAAAC,1
TTGTCCGTACCTAACA,1
TTGTCCGTGAGACTCA,1
TTGTCCTAATGGACAA,1
TTGTCCTCGTTAGTCG,1
TTGTCCTTCGAGGTGT,1
TTGTCCTTTGAGTTGT,1
TTGTCGACCGATGACA,1
TTGTCGAGGAGATGCA,1
TTGTCGCATACATGCA,1
TTGTCGCGGAGATGAA,1
TTGTCGCGGAGATGGA,1
TTGTCGGGCGATTTCA,1
TTGTCGGTCAGACTCA,1
TTGTCGGTCAGTTATA,1
TTGTCGGTGAGTTAGA,1
TTGTCGTACGGAGTAT,1
TTGTCGTCCTTGTTAC,1
TTGTCGTCCTTTTCAC,1
TTGTCGTCGTTGTCAC,1
TTGTCTAGTATGGTCA,1
TTGTCTCACATCTATC,1
TTGTCTCCCAGGCCAA,1
TTGTCTCGTTAGCTTT,1
TTGTCTCTTTGCACAG,1
TTGTCTGAACGAAATG,1
TTGTCTGCAAGAGCAG,1
TTGTCTGCCTGACATC,1
TTGTCTTAATGTGATA,1
TTGTCTTAATTAACGG,1
TTGTCTTAGACCCCTT,1
TTGTCTTCCCTACAAT,1
TTGTCTTCCTTGTCAC,1
TTGTCTTGATTTGTAA,1
TTGTCTTGTGCAACAC,1
TTGTGAAACTCCCCAG,1
TTGTGAACAATACCAT,1
TTGTGAAGTCAAGGGT,1
TTGTGAATGATATTTG,1
TTGTGACACAATAAGT,1
TTGTGACATAAGAAAT,1
TTGTGACCAATACCCA,1
TTGTGACCTCACCGCT,1
TTGTGACGCAAGAAAT,1
TTGTGACGCCCATGGA,1
TTGTGACTGACAGGAA,1
TTGTGACTGTTCCTCG,1
TTGTGAGACTTAAGAA,1
TTGTGAGCCATGATAG,1
TTGTGAGCTAGTGCGT,1
TTGTGAGGCCGGACCT,1
TTGTGAGGTTAAACTT,1
TTGTGATACCTAGCCA,1
TTGTGATCTATTCCCT,1
TTGTGATGTCCAACAT,1
TTGTGATTAAGTGGCA,1
TTGTGATTCAAAGAAT,1
TTGTGATTTACGGGAA,1
TTGTGCAAGCCAATCG,1
TTGTGCAGCGTAATAC,1
TTGTGCAGCTACAAAT,1
TTGTGCCAATTATACG,1
TTGTGCCGAGCTAGAC,1
TTGTGCCGGACTAAAA,1
TTGTGCGAGAATTCGC,1
TTGTGCGAGTATGGAG,1
TTGTGCTAAAAAATGG,1
TTGTGCTAAAGCAAAA,1
TTGTGCTAAGACTTGC,1
TTGTGCTAGCTAGAAG,1
TTGTGCTATGGCAGGA,1
TTGTGCTTTTTGTAGG,1
TTGTGGAAGTAAGCAA,1
TTGTGGACAGTGAGGG,1
TTGTGGACCGCAAAGC,1
TTGTGGAGGCCTCGCC,1
TTGTGGATACGTCTTA,1
TTGTGGCCCAATAATT,1
TTGTGGCCCCAAGAGA,1
TTGTGGCCGAGTAAAC,1
TTGTGGCCTCATCCCG,1
TTGTGGCTTCTACTGC,1
TTGTGGGAACACACTT,1
TTGTGGGTGATAAAAA,1
TTGTGGTAAGACGTAC,1
TTGTGTAAGCAACAGA,1
TTGTGTAATCTACCCT,1
TTGTGTAGCCCTCTGA,1
TTGTGTATGACGAGAC,1
TTGTGTCAGCTACCCT,1
TTGTGTGACACTTCTA,1
TTGTGTGCAGATATTG,1
TTGTGTGGGACAATAG,1
TTGTGTGGGACTTATT,1
TTGTGTGTCAGTCTAA,1
TTGTGTTCTACATCAT,1
TTGTTAAAACATGAAT,1
TTGTTAAACATACCCT,1
TTGTTAACAATAAATC,1
TTGTTAAGTGTAATCG,1
TTGTTACAATTAGGCC,1
TTGTTACACTATTTAT,1
TTGTTACATTATTTAT,1
TTGTTACGTAAGAAAT,1
TTGTTACTATTTGACC,1
TTGTTACTGTACCTGA,1
TTGTTACTTCTGGATA,1
TTGTTAGACAATAATA,1
TTGTTAGCATATATAA,1
TTGTTAGCGTCTGTAT,1
TTGTTAGGCACAAGGA,1
TTGTTAGGGGAGATCA,1
TTGTTAGTTAGACCCA,1
TTGTTATAATACTAAA,1
TTGTTATCAAGCAAAT,1
TTGTTATCCAATAGGC,1
TTGTTATCTATAGATA,1
TTGTTATGCCAATCAA,1
TTGTTATGTTGGAGTC,1
TTGTTATTAACATTTG,1
TTGTTATTTTACCTGA,1
TTGTTCAACAAATTCC,1
TTGTTCAACCGGGAGG,1
TTGTTCAATTTGCTCT,1
TTGTTCACATAGTTTT,1
TTGTTCACCACCGTTA,1
TTGTTCACCACCGTTT,1
TTGTTCACGAAGTTTA,1
TTGTTCAGTACCAGAC,1
TTGTTCAGTCATTGAA,1
TTGTTCATTTCCAGAC,1
TTGTTCCAAAATACTG,1
TTGTTCCGACATTGAA,1
TTGTTCCGGCATTGAA,1
TTGTTCCGTAATTGAA,1
TTGTTCCGTCATAGAA,1
TTGTTCCGTCATTCAA,1
TTGTTCCGTCATTGAG,1
TTGTTCCTAGAACGAA,1
TTGTTCCTCAACTTCA,1
TTGTTCCTTCATTGAA,1
TTGTTCGCTCCACCTG,1
TTGTTCTAAGCCAAAA,1
TTGTTCTCGAAGGGCA,1
TTGTTCTCGACGGTCA,1
TTGTTCTCGACTGGCA,1
TTGTTCTCGTCATAAT,1
TTGTTCTCTACGGGCA,1
TTGTTCTGACACGGCA,1
TTGTTGAATTTAACAA,1
TTGTTGACCTACTGGT,1
TTGTTGACGCCCTACA,1
TTGTTGCAACTAAAAA,1
TTGTTGCAAGTGAACG,1
TTGTTGCCTCCTTTTC,1
TTGTTGCTCATGATTA,1
TTGTTGCTCGGGGGTT,1
TTGTTGCTGTTTGACC,1
TTGTTGGGCGCACAAC,1
TTGTTGGGGACAATAA,1
TTGTTGGGGGCCTTAC,1
TTGTTGGTAGAAGACA,1
TTGTTGGTGAAACTAT,1
TTGTTGTCCATTAGTC,1
TTGTTGTGGGCTTTAC,1
TTGTTGTGTTGGACCA,1
TTGTTTAAGTTACTTT,1
TTGTTTACCGGTCGCC,1
TTGTTTATACATAACC,1
TTGTTTCAAACAGACT,1
TTGTTTCAAGCGGACT,1
TTGTTTCACTTAATAA,1
TTGTTTCAGTGACCGT,1
TTGTTTCCAGATAACT,1
TTGTTTCCATAAGACT,1
TTGTTTCTAAAAGAAA,1
TTGTTTCTAAAATAAC,1
TTGTTTCTACTAATCC,1
TTGTTTCTGTCCTTAA,1
TTGTTTGTACCCAATA,1
TTGTTTGTACTACAAT,1
TTGTTTTAGAAGTGTA,1
TTGTTTTAGCAGTAGT,1
TTGTTTTAGCTGTGAG,1
TTGTTTTAGGAGTGTA,1
TTGTTTTCACTAATAG,1
TTGTTTTGGATAACGC,1
TTGTTTTTAAAAGAAC,1
TTGTTTTTCATCGCTG,1
TTGTTTTTGCCGCAAT,1
TTTAAAAAAGACTTTC,1
TTTAAAAACAAAAATT,1
TTTAAAAACCTTCGGA,1
TTTAAAAACTAAAATT,1
TTTAAAAAGGGCATAA,1
TTTAAAAATGTGCCGA,1
TTTAAAAATTACCGGT,1
TTTAAAAATTCCAGGT,1
TTTAAAACATCGCAAA,1
TTTAAAACATGGGGCC,1
TTTAAAACCAACTGAC,1
TTTAAAACCTATCTTT,1
TTTAAAACCTGACCCA,1
TTTAAAACTTAAGTTG,1
TTTAAAAGAAGCCTCA,1
TTTAAAAGAGAACGAT,1
TTTAAAATAATTACCA,1
TTTAAAATACGTGGCT,1
TTTAAAATACTAAACT,1
TTTAAAATACTGTGCT,1
TTTAAAATCTGTGAGC,1
TTTAAAATGAAAATCT,1
TTTAAAATGTATAGTT,1
TTTAAAATTAAGCTGC,1
TTTAAAATTAGACGGT,1
TTTAAAATTCACCATC,1
TTTAAAATTCCTTTCA,1
TTTAAAATTCTGAGCA,1
TTTAAACAAACTAAGA,1
TTTAAACACTAGACCA,1
TTTAAACACTAGACCG,1
TTTAAACATCGAACAA,1
TTTAAACCAAAGCTGA,1
TTTAAACCAATACTGA,1
TTTAAACCAATAGGTC,1
TTTAAACCAATGCTTA,1
TTTAAACCTAAAGGAT,1
TTTAAACCTGAAGCAT,1
TTTAAACGACATCACC,1
TTTAAACGTCTAACAC,1
TTTAAACGTTTACCAG,1
TTTAAACTAAGATTAT,1
TTTAAACTGCCACTGA,1
TTTAAACTTCAAACAA,1
TTTAAACTTCGAAAAA,1
TTTAAACTTGGACAGA,1
TTTAAAGAATATAAAA,1
TTTAAAGACGAATAAT,1
TTTAAAGAGCTCCGAC,1
TTTAAAGATTCCCGGT,1
TTTAAAGCAAGATGAT,1
TTTAAAGCAGACTAAA,1
TTTAAAGCATCCCGAC,1
TTTAAAGCCAGACAAA,1
TTTAAAGCCAGCTACA,1
TTTAAAGCCAGCTCAA,1
TTTAAAGCCCCATAGA,1
TTTAAAGCCCTAATCA,1
TTTAAAGCGACCAAGA,1
TTTAAAGCGGCCAAAA,1
TTTAAAGCGGCCAACC,1
TTTAAAGGCATTTTAG,1
TTTAAAGGGAGTGGTT,1
TTTAAAGTTGGTAAAA,1
TTTAAATAGTATAATG,1
TTTAAATCAATACGAA,1
TTTAAATCAATCGGCC,1
TTTAAATCATTAAACG,1
TTTAAATCCCTAACGT,1
TTTAAATCGAAAAATG,1
TTTAAATCGGATTGAA,1
TTTAAATGCAACTATT,1
TTTAAATGCTACTATT,1
TTTAAATGCTTCGTCA,1
TTTAAATGTCCATCCA,1
TTTAAATTCCACTATT,1
TTTAAATTGCTCAAAG,1
TTTAAATTGTGAAATG,1
TTTAACAAAACACAAC,1
TTTAACAAAAGTAAGT,1
TTTAACAAAATGCTAT,1
TTTAACAAACAACAAC,1
TTTAACAAACCGCAAC,1
TTTAACAACATATACA,1
TTTAACAACCATCTCC,1
TTTAACAACTTAAACC,1
TTTAACAAGGAAATCA,1
TTTAACAATAAAAAAT,1
TTTAACAATGAGGATC,1
TTTAACAATTAACGTA,1
TTTAACACAACCATTT,1
TTTAACACAATTAGGG,1
TTTAACACACTCACTT,1
TTTAACACAGGACTTG,1
TTTAACAGAATTAAGG,1
TTTAACAGCTGGTAAT,1
TTTAACAGGTTATTCG,1
TTTAACAGTATAGAAC,1
TTTAACATAAAAATCT,1
TTTAACATGAAAATCA,1
TTTAACATGAAAATCC,1
TTTAACATGAATGCAA,1
TTTAACATGGAAATCT,1
TTTAACATGGAGTCGA,1
TTTAACATTAAAATCT,1
TTTAACCAACCGTAAG,1
TTTAACCACCGCGATT,1
TTTAACCAGGAAATGA,1
TTTAACCCAGAAAATT,1
TTTAACCCTAGGAAAC,1
TTTAACCTACAACCGA,1
TTTAACCTGTCTCCAG,1
TTTAACCTTGGACAAA,1
TTTAACGAACCTAAGA,1
TTTAACGATAAAGTCT,1
TTTAACGATAACGTCA,1
TTTAACGATCGGAGGT,1
TTTAACGCATCAATTT,1
TTTAACGCTTAGCCAT,1
TTTAACGGACATTTTA,1
TTTAACGGTAGAAAAA,1
TTTAACGTTGGCATAT,1
TTTAACTAGAGCGTTT,1
TTTAACTGAGAAAGCC,1
TTTAACTGGGGCCGTA,1
TTTAACTGTTAAAATC,1
TTTAACTTAGATAGTC,1
TTTAACTTTAACCAAG,1
TTTAAGAAAAACAGAC,1
TTTAAGAATGAGTACG,1
TTTAAGACACCGACGC,1
TTTAAGACCCGATACA,1
TTTAAGACGCACAAGT,1
TTTAAGACGGATTGGG,1
TTTAAGACTTTCAGGA,1
TTTAAGAGACCAATGG,1
TTTAAGAGCAATTTAC,1
TTTAAGATACTGTGAT,1
TTTAAGATAGAACGTT,1
TTTAAGATATAACCAA,1
TTTAAGCAGATTGTAC,1
TTTAAGCCAATCGCCG,1
TTTAAGCCCCAATAAC,1
TTTAAGCCTCAGCGCA,1
TTTAAGCGGCAGTGAC,1
TTTAAGCTACACTCTA,1
TTTAAGCTATAAACAA,1
TTTAAGCTATGACCAA,1
TTTAAGCTCAAACATA,1
TTTAAGCTGTAACCAA,1
TTTAAGGAAAATGGAC,1
TTTAAGGACCCATGTC,1
TTTAAGGCCCGTCGTA,1
TTTAAGTACGATTGGT,1
TTTAAGTACTGAGACA,1
TTTAAGTATGCTGCTA,1
TTTAAGTCACGAATCA,1
TTTAAGTCGTTCAAAT,1
TTTAAGTGCCACTATT,1
TTTAAGTGGCAAAAAA,1
TTTAAGTGTCCAGCGG,1
TTTAAGTGTCTGAATG,1
TTTAAGTTAACGAAGG,1
TTTAAGTTAACTCTAA,1
TTTAAGTTTCCAATAC,1
TTTAAGTTTGCGAAGG,1
TTTAATAAACCATCCC,1
TTTAATAACAAAAACA,1
TTTAATAACAAATCAC,1
TTTAATAACAGACTGC,1
TTTAATAAGTAGGAAG,1
TTTAATAATATCTGTG,1
TTTAATAATGTGTCAC,1
TTTAATACAAAGCCAG,1
TTTAATACGAAGTGAC,1
TTTAATACGATCCTGA,1
TTTAATACGCTCATGA,1
TTTAATACTCTCCTGA,1
TTTAATAGATCGAGCG,1
TTTAATAGCGAATTCT,1
TTTAATAGGCTCCTGA,1
TTTAATAGTACCTCGT,1
TTTAATATAAGACTGA,1
TTTAATATATTATTAT,1
TTTAATATGACCAATA,1
TTTAATATGGAAACCG,1
TTTAATATGTAGGAAA,1
TTTAATATTATGTCAT,1
TTTAATCAAAGGATAT,1
TTTAATCAGCTCGTTA,1
TTTAATCATTTCGTTA,1
TTTAATCCAGAAATGA,1
TTTAATCCAGGCTTCA,1
TTTAATCCTACGTACC,1
TTTAATCCTTTTCCAT,1
TTTAATCGAAAGTAAA,1
TTTAATCGACGATAAG,1
TTTAATCGCCCACTCC,1
TTTAATCTCCAACGAT,1
TTTAATGAGGTAGACT,1
TTTAATGATCACACCA,1
TTTAATGTACTCGCCA,1
TTTAATGTCCACCATC,1
TTTAATGTCCCAGGCC,1
TTTAATGTCGCATGTT,1
TTTAATGTTAGAAACA,1
TTTAATTAAAGGGGTA,1
TTTAATTAAAGTCGTA,1
TTTAATTAGAAGAAAG,1
TTTAATTAGAATCTGC,1
TTTAATTATAAAAGTA,1
TTTAATTATCATGGTT,1
TTTAATTCAAATATAT,1
TTTAATTCCAAATCCT,1
TTTAATTCCACCAATT,1
TTTAATTGATCGCGCG,1
TTTAATTGGTACATAC,1
TTTAATTTAGGATAAC,1
TTTAATTTCAAAAAAT,1
TTTAATTTGCTTGATT,1
TTTACAAAAACAACTT,1
TTTACAAAACAATTCG,1
TTTACAAAACTACCTA,1
TTTACAAAACTTAAAA,1
TTTACAAACTTAGATT,1
TTTACAAACTTTATCG,1
TTTACAAAGCAGTGCG,1
TTTACAAATGTTATAG,1
TTTACAACCACGGTTC,1
TTTACAAGAAAAACTT,1
TTTACAAGAATGTACA,1
TTTACAAGACATGCTA,1
TTTACAAGCGAAGCCC,1
TTTACAAGGAAAATTT,1
TTTACAAGGACTAATG,1
TTTACAATAGAAAAAG,1
TTTACAATATACAAAT,1
TTTACAATTACCTCTA,1
TTTACAATTCCGCAAC,1
TTTACACAAAATGTAT,1
TTTACACAAATGACAC,1
TTTACACAAGTTCAGC,1
TTTACACAATGACCAA,1
TTTACACCCTCAGGAT,1
TTTACACCGGTCTTGA,1
TTTACACCTAACCACC,1
TTTACACGACGGGCAC,1
TTTACACGACGGTATA,1
TTTACACTCAACAAAA,1
TTTACACTGATCACCA,1
TTTACAGAAACCCCAA,1
TTTACAGAAGAAGATC,1
TTTACAGAATAGTAAA,1
TTTACAGAATTACGTA,1
TTTACAGACTGCTCCA,1
TTTACAGAGACATGTG,1
TTTACAGATTGTGTAA,1
TTTACAGCAGGTGCAA,1
TTTACAGCCTAGCAAA,1
TTTACAGCTTCACGTC,1
TTTACAGTATACCCTA,1
TTTACATAAAGAGACG,1
TTTACATAAAGGGTAG,1
TTTACATAATTTGACA,1
TTTACATACAAATAGC,1
TTTACATACAGTAAAA,1
TTTACATAGGAGTAGC,1
TTTACATATGAAAACC,1
TTTACATATTCCCTAC,1
TTTACATATTCCTCAC,1
TTTACATCACTCACAG,1
TTTACATCGAATAGCC,1
TTTACATGCAAAAATA,1
TTTACATTAAATAGCA,1
TTTACATTAACGGTAA,1
TTTACATTACAGTTAC,1
TTTACATTAGAATCCA,1
TTTACATTGAAATATA,1
TTTACCAAAACGCTAT,1
TTTACCAAAATCCTAT,1
TTTACCAAAATGCTAC,1
TTTACCAAAATGCTGT,1
TTTACCAAAATGTTAT,1
TTTACCAACTCTTAAT,1
TTTACCAAGAGATATA,1
TTTACCACCAAAATGT,1
TTTACCAGAGTGACAT,1
TTTACCAGTCACAACA,1
TTTACCATAGAACGAT,1
TTTACCCCCACATAAA,1
TTTACCCCCAGATAAA,1
TTTACCCCCCGATAAA,1
TTTACCCCCGAATAAA,1
TTTACCCCCGGATAAG,1
TTTACCCCCGGATAAT,1
TTTACCCCCGGATAGA,1
TTTACCCCGGGATAAA,1
TTTACCCCTTGCCCAA,1
TTTACCCGCGGATAAA,1
TTTACCCGTGGGGACA,1
TTTACCCTAATTAAGA,1
TTTACCCTCGGATAAA,1
TTTACCCTTGAATAAC,1
TTTACCGAAGACGCCA,1
TTTACCGAATCCCGAT,1
TTTACCGACAGATGGC,1
TTTACCGCACATAGTC,1
TTTACCGCCAACACTA,1
TTTACCGCCGGATAAA,1
TTTACCGTAACTATAG,1
TTTACCGTCACCCTGA,1
TTTACCTAAAATTTGA,1
TTTACCTAAACCGTAG,1
TTTACCTAAAGGGTGG,1
TTTACCTAACAATTCT,1
TTTACCTAACAGTTAC,1
TTTACCTAACAGTTCG,1
TTTACCTACCATTATA,1
TTTACCTAGGTGAACC,1
TTTACCTCACTACTCG,1
TTTACCTGTGGCTTGA,1
TTTACCTGTGTTGTAA,1
TTTACCTTAAATAGCG,1
TTTACCTTTAAGACGC,1
TTTACGACAAACGGTG,1
TTTACGACCCAATAAC,1
TTTACGAGAAACTTAC,1
TTTACGAGAACGTCGA,1
TTTACGAGAATGGTCT,1
TTTACGCAAACTTGCC,1
TTTACGCAATCTAACC,1
TTTACGCAGCAGAGAA,1
TTTACGCAGCAGAGCT,1
TTTACGCATAAAAACC,1
TTTACGGAACATCACG,1
TTTACGTAACACCACG,1
TTTACGTATTCCTTAC,1
TTTACGTCAACCAAAT,1
TTTACGTCAATAAAAT,1
TTTACGTCAATCGAAT,1
TTTACGTCGATCAAAT,1
TTTACGTGCGTCTAGT,1
TTTACGTTGAATAGCC,1
TTTACGTTGCTAGGAA,1
TTTACTAAAACAGAAA,1
TTTACTAAAATGCTAT,1
TTTACTAAATAACAAG,1
TTTACTAAATTCAAAA,1
TTTACTAAGCATGCCA,1
TTTACTACACCCGTGT,1
TTTACTACCCATCCAC,1
TTTACTACTTTTATCC,1
TTTACTAGGCATTAAG,1
TTTACTATAGCTCCGA,1
TTTACTCAAAAGACAC,1
TTTACTCAACACTCAT,1
TTTACTCAGTCTCCTT,1
TTTACTCATAGAAACA,1
TTTACTCATAGGCCAA,1
TTTACTCATCACACAT,1
TTTACTCCACACCCAT,1
TTTACTCCACACTAAT,1
TTTACTCCCAATATCT,1
TTTACTCCCGGATAAA,1
TTTACTCCTATTAACA,1
TTTACTCGATTCATGC,1
TTTACTCTACCACAAT,1
TTTACTCTACCTCAAT,1
TTTACTCTGGCAGATA,1
TTTACTGAAACAATTA,1
TTTACTGCCTCTTGAA,1
TTTACTGGATAATAAC,1
TTTACTGGTTTATATT,1
TTTACTGGTTTCACAT,1
TTTACTGTGTCACTAT,1
TTTACTTCATCCACTA,1
TTTACTTCGAAGTCAG,1
TTTACTTCGAGGTCGA,1
TTTACTTTAAACTAAA,1
TTTACTTTCTCGCTAT,1
TTTACTTTGATGTCGA,1
TTTAGAAAAATCATTT,1
TTTAGAAAAGGATAAA,1
TTTAGAAAAGGCATAA,1
TTTAGAAACCCAAACA,1
TTTAGAAAGAATTCCG,1
TTTAGAAAGGCATTGT,1
TTTAGAAATCTTCGGA,1
TTTAGAACAGGATTAA,1
TTTAGAACATGGGACC,1
TTTAGAACATGGGGAC,1
TTTAGAACATGGGTCC,1
TTTAGAACATGGTGCC,1
TTTAGAACCCCAGACA,1
TTTAGAACCCCATGCT,1
TTTAGAACGAAGCCAA,1
TTTAGAACGCCAAACA,1
TTTAGAACGGTGGTAA,1
TTTAGAACGGTTGTAC,1
TTTAGAACGTGCGCCA,1
TTTAGAAGGAGTTAGG,1
TTTAGAATACTCGACA,1
TTTAGAATCAAATGTC,1
TTTAGAATCAAATTAC,1
TTTAGAATGACTGGAC,1
TTTAGAATGCAACCGA,1
TTTAGAATTACATTTG,1
TTTAGACAGTCTTTCG,1
TTTAGACATGCTAAGG,1
TTTAGACCTTGATATT,1
TTTAGACTTCTACCGT,1
TTTAGAGCATAGATAT,1
TTTAGAGCATTAAATG,1
TTTAGAGCATTGAATA,1
TTTAGAGCTACTTAAA,1
TTTAGAGGCATTTATT,1
TTTAGATACAAACCAA,1
TTTAGATCGATTAGCA,1
TTTAGATGAGCTAGCA,1
TTTAGATGCAAACCCA,1
TTTAGCACAGCAGGCA,1
TTTAGCACCAAGCGCT,1
TTTAGCACTACCTGAT,1
TTTAGCAGAATACTGT,1
TTTAGCAGGGCATTGT,1
TTTAGCATTACGAAAA,1
TTTAGCATTGTACAAT,1
TTTAGCATTTAAGGCA,1
TTTAGCCAAGTCTGAC,1
TTTAGCCATCTAACAG,1
TTTAGCCCATTGTCAA,1
TTTAGCCCCGGATAAA,1
TTTAGCCCGGTGGAAA,1
TTTAGCCGTCAAAGAC,1
TTTAGCCGTGGTGGAA,1
TTTAGCGAGGCATTGT,1
TTTAGCGATTCTGAAA,1
TTTAGCGCAATTGAAA,1
TTTAGCGCGCCAGCTT,1
TTTAGCGTACCCGGTG,1
TTTAGCGTACTAGGTG,1
TTTAGCGTACTCGGTT,1
TTTAGCGTACTCGTTG,1
TTTAGCGTTTAATCGT,1
TTTAGCTAATTATTTG,1
TTTAGCTAGACTCGAG,1
TTTAGCTAGTGATTTG,1
TTTAGCTATAGAGATG,1
TTTAGCTCGTAGGAAG,1
TTTAGCTTAAGGTACA,1
TTTAGCTTACTCGGTG,1
TTTAGCTTTTAGCGCT,1
TTTAGGACAATGAATG,1
TTTAGGACTAACTCCG,1
TTTAGGAGAAAGTCGA,1
TTTAGGAGAACGTCGG,1
TTTAGGAGAACGTCTA,1
TTTAGGAGAACGTTGA,1
TTTAGGAGAATGTCGA,1
TTTAGGAGGACGTCGA,1
TTTAGGATGCTAGAAC,1
TTTAGGCAATAGCACG,1
TTTAGGCATCCAAAAT,1
TTTAGGCCACATTTTA,1
TTTAGGCCTTACTCAC,1
TTTAGGCGCACCAAGA,1
TTTAGGCTCTGTTATA,1
TTTAGGGACAATGGAC,1
TTTAGGGGTTAGGATC,1
TTTAGGGTACTCGGTG,1
TTTAGGGTATTCACAG,1
TTTAGGGTCCTAACGA,1
TTTAGGTATTATGACC,1
TTTAGGTCAGGGTGAC,1
TTTAGGTCTCTGGAAC,1
TTTAGGTTTACAATCT,1
TTTAGTAAAAACGAAG,1
TTTAGTAAAAACGCGC,1
TTTAGTAAAAATGCAG,1
TTTAGTAAACAGTATT,1
TTTAGTAAGGACTCTA,1
TTTAGTAATAGATGCG,1
TTTAGTAGAGTTTCAC,1
TTTAGTCACTACGTCA,1
TTTAGTCACTCCGTAA,1
TTTAGTCAGTCCGTCA,1
TTTAGTCGAATGATTA,1
TTTAGTCGGATTTACA,1
TTTAGTGAACATAAAA,1
TTTAGTGATCAAAAAC,1
TTTAGTGCATAATCAG,1
TTTAGTGCATTAAATA,1
TTTAGTGCCACTAGAG,1
TTTAGTGCTATAATTA,1
TTTAGTTAGCACAACC,1
TTTAGTTAGCGATCCA,1
TTTAGTTATATCGACT,1
TTTAGTTCGGATAATA,1
TTTAGTTGTGACGAAG,1
TTTAGTTTATAAAAGC,1
TTTATAAAAGGTTACA,1
TTTATAAAATGAAAAG,1
TTTATAAAATGCATCT,1
TTTATAAACAAAACAG,1
TTTATAAACTATAGCC,1
TTTATAAACTATATCT,1
TTTATAAACTTGAAAA,1
TTTATAAAGAACAACT,1
TTTATAAATCTAGCTG,1
TTTATAAATTCCCGGT,1
TTTATAACGTTGTCCA,1
TTTATAACGTTTAAAT,1
TTTATAACTTGATGCC,1
TTTATAACTTGCTGAC,1
TTTATAACTTGCTGCT,1
TTTATAACTTGTTGCC,1
TTTATAACTTTCTGCC,1
TTTATAAGAAATCTGT,1
TTTATAAGACCGAGAT,1
TTTATAAGAGACGTGG,1
TTTATAAGCACGTAGC,1
TTTATAAGCGACGTTG,1
TTTATAAGCGACTTGG,1
TTTATAAGCGTCGTGG,1
TTTATAAGGTAAAAGA,1
TTTATAATAATACGCT,1
TTTATAATAGGTGTAT,1
TTTATAATAGGTTTCT,1
TTTATAATTCCAATTT,1
TTTATACAAAAACAAG,1
TTTATACAAAACGTTG,1
TTTATACAACGCAATC,1
TTTATACAATGAAGAG,1
TTTATACACAGTAAAA,1
TTTATACAGAGAACAC,1
TTTATACATGCTTAAC,1
TTTATACATGTAATCA,1
TTTATACATGTCTCAC,1
TTTATACATTTTGTCA,1
TTTATACCACCTCATC,1
TTTATACCGATAAACA,1
TTTATACCGCTAATTT,1
TTTATACCGGTTCTGG,1
TTTATACGACTTAGAA,1
TTTATACGTGTCCCAC,1
TTTATACTAAAAAAAA,1
TTTATACTAAGAATCC,1
TTTATACTGGAAGTGC,1
TTTATACTGTTAAGAT,1
TTTATAGAAACCCAAA,1
TTTATAGAAACCCCCA,1
TTTATAGAAACCTCAA,1
TTTATAGAAGCAATTA,1
TTTATAGAGATTAGCT,1
TTTATAGCAGCAACGC,1
TTTATAGCATTAAATA,1
TTTATAGCTTGCTGCC,1
TTTATAGGAACGTAGC,1
TTTATAGGAGAACCCG,1
TTTATAGGCACATAGC,1
TTTATAGGGTAAAAAA,1
TTTATAGTACTTAATG,1
TTTATATAATTCAACT,1
TTTATATCGCGATTTA,1
TTTATATCTGACCACA,1
TTTATATGATATTGTA,1
TTTATATGCACGTAGC,1
TTTATATGCCACAATT,1
TTTATATTCGGGAAAG,1
TTTATATTGGAGAACC,1
TTTATATTGGATCACC,1
TTTATCAAAACGTACA,1
TTTATCAACATATATC,1
TTTATCAACTAGAAAC,1
TTTATCAAGAGATTAT,1
TTTATCAATATTTGAC,1
TTTATCAATTTGCTCT,1
TTTATCACAAAGTATC,1
TTTATCACAACAAATA,1
TTTATCACAACCTACC,1
TTTATCACACGTCACA,1
TTTATCAGACATTAGC,1
TTTATCAGGCAGTAGC,1
TTTATCAGGCCCTAAC,1
TTTATCATAACCCACC,1
TTTATCATACAGCATG,1
TTTATCATCAGAATCC,1
TTTATCATGCAACATT,1
TTTATCATTATCTAAT,1
TTTATCATTGCGATTT,1
TTTATCCAAAAACGAG,1
TTTATCCAAAGCAATC,1
TTTATCCAAGGCCGAA,1
TTTATCCACACTGCAA,1
TTTATCCATAACCATG,1
TTTATCCCCGGATAAA,1
TTTATCCTATTGAAGG,1
TTTATCCTTCATCATC,1
TTTATCGAAGAAATTA,1
TTTATCGAATGCAAAA,1
TTTATCGAGCTTGAAT,1
TTTATCGAGGCAATTA,1
TTTATCGCAACTAAAT,1
TTTATCGCAATCAAGA,1
TTTATCTAAGCAATTA,1
TTTATCTAATGTAAGC,1
TTTATCTAATGTTAGC,1
TTTATCTAATTTCAGC,1
TTTATCTAGACAAAGG,1
TTTATCTAGTGTCAGC,1
TTTATCTCCCCCTTCA,1
TTTATCTTGTTTAGAA,1
TTTATGAAAATTGAGT,1
TTTATGAAATCAAAAA,1
TTTATGAACATTAACC,1
TTTATGAATTAGGCAA,1
TTTATGAATTGAGAAT,1
TTTATGACCCTCGGGC,1
TTTATGAGAACGTCGA,1
TTTATGATCCTTTTCG,1
TTTATGCCGAGGATAT,1
TTTATGCCTAGGCATG,1
TTTATGCGAGACCTGG,1
TTTATGCGGATTTGAA,1
TTTATGCTCCACTATA,1
TTTATGGAACACCACG,1
TTTATGGCCCATTCTA,1
TTTATGGCCCCTTCCA,1
TTTATGGCGCCCGTGC,1
TTTATGGGTAAACACC,1
TTTATGGTTACACTAC,1
TTTATGTAATCAGCAC,1
TTTATGTAATGTCAGC,1
TTTATGTACGCACGTG,1
TTTATGTATAGAGCAA,1
TTTATGTTAGCTAATC,1
TTTATTAAAACGACCT,1
TTTATTAACAAACTGC,1
TTTATTAACACACTGC,1
TTTATTAACAGACTGA,1
TTTATTAAGATATAAG,1
TTTATTAATAGACTGC,1
TTTATTACCAACTACC,1
TTTATTACGACCTCCC,1
TTTATTAGACAACACT,1
TTTATTCAAGGAATCA,1
TTTATTCAAGTAATCA,1
TTTATTCACAGACATA,1
TTTATTCAGGTAATCA,1
TTTATTCATCCGCTTA,1
TTTATTCCTCACACAC,1
TTTATTCGGAGGCTCA,1
TTTATTCGTACAGACA,1
TTTATTCGTGTAATCA,1
TTTATTCTACACTGAA,1
TTTATTCTCCCAATTC,1
TTTATTCTTCACACAC,1
TTTATTGACAGACTGC,1
TTTATTGATGACAACT,1
TTTATTGCCCCCTTCA,1
TTTATTGCCCCTTCTA,1
TTTATTGCTACTTAAA,1
TTTATTGTCAACAGAA,1
TTTATTGTTACAAAAT,1
TTTATTTACAGACGTA,1
TTTATTTACAGGCATA,1
TTTATTTACATCCAAT,1
TTTATTTACCCCGTGA,1
TTTATTTATAGGAGAG,1
TTTATTTATCCAACGG,1
TTTATTTCCCCCTTAA,1
TTTATTTGATAGCATT,1
TTTATTTGCAGACATA,1
TTTATTTTACACAACA,1
TTTCAAAAAACCTCAA,1
TTTCAAAAATGCATAC,1
TTTCAAAACTAATGCC,1
TTTCAAAAGCGGCCGA,1
TTTCAAAAGTATGCAA,1
TTTCAAACACCAACTC,1
TTTCAAACCTCGTCTA,1
TTTCAAACGAAAGCCA,1
TTTCAAACGCAGGCCA,1
TTTCAAACTGAATTTA,1
TTTCAAACTTGCGTGA,1
TTTCAAAGGACAAACG,1
TTTCAAAGGATTTATA,1
TTTCAAATCATATATA,1
TTTCAAATCCAAGTGA,1
TTTCAAATCCCTCTTC,1
TTTCAAATTTTATGAA,1
TTTCAACACATGCCTA,1
TTTCAACATGACTAAT,1
TTTCAACATTAATTGA,1
TTTCAACCACATGGGT,1
TTTCAACCAGTCAGTT,1
TTTCAACCATTCCGTT,1
TTTCAACCGCATCGTG,1
TTTCAACCGTGCAACA,1
TTTCAACGATATAAAT,1
TTTCAAGACCCTATCA,1
TTTCAAGATAAAGTCC,1
TTTCAAGCCACGCAAC,1
TTTCAAGCTTTGCACA,1
TTTCAAGGACGCGATA,1
TTTCAAGGACGTGATA,1
TTTCAATAAAATACAT,1
TTTCAATAACGATCAC,1
TTTCAATAAGTCATCA,1
TTTCAATAATCTATTG,1
TTTCAATACTAGCAGA,1
TTTCAATAGACAAAGG,1
TTTCAATAGAGAGCCT,1
TTTCAATAGCATCGTG,1
TTTCAATCAAAAAGTA,1
TTTCAATCAAACCAAT,1
TTTCAATCGCATAGTG,1
TTTCAATCGCATCGTT,1
TTTCAATCTAGCACAA,1
TTTCAATGATAGCAGA,1
TTTCAATGATCTATTA,1
TTTCAATGCTATCAGA,1
TTTCAATTAAACGTTA,1
TTTCAATTATGTCACA,1
TTTCAATTCATCTGTT,1
TTTCAATTTAGATAAC,1
TTTCAATTTTGAAATG,1
TTTCACAAAGACCTCT,1
TTTCACAAAGATATCT,1
TTTCACAAAGATCTAT,1
TTTCACAAAGTAGTAG,1
TTTCACAAATATCTCT,1
TTTCACAAGATATACC,1
TTTCACAAGCGGGTAT,1
TTTCACAATCGACTGA,1
TTTCACACAAATTAGA,1
TTTCACACAACTTAAA,1
TTTCACACAACTTAAC,1
TTTCACACAACTTAGG,1
TTTCACACCACTTAGA,1
TTTCACACTTGCAGTA,1
TTTCACAGCAAAGATC,1
TTTCACAGCATAGAAC,1
TTTCACAGCGTACCAA,1
TTTCACAGCTGGTAAT,1
TTTCACAGTATAGTAC,1
TTTCACAGTTGCAGTG,1
TTTCACATCGCGACAT,1
TTTCACATTCTTATGG,1
TTTCACATTTCTAGTC,1
TTTCACCACATTTCAT,1
TTTCACCATTTAATAT,1
TTTCACCCACAGTGTA,1
TTTCACCCGGTGTATT,1
TTTCACCCTGTGGATT,1
TTTCACCGATAAAAAA,1
TTTCACCTAAGGCAAA,1
TTTCACGCTCCATACT,1
TTTCACGGACGAATGT,1
TTTCACGGAGTCGTCA,1
TTTCACGGGTTTATGC,1
TTTCACGTCCGTCAGA,1
TTTCACTAAATATTAC,1
TTTCACTAGAAACCGA,1
TTTCACTAGGCACCTC,1
TTTCACTATCAGGAGT,1
TTTCACTATCTTGTGA,1
TTTCACTATGATGAAC,1
TTTCACTCCTCCGCGA,1
TTTCACTCTATTGACA,1
TTTCACTTCGCATTAC,1
TTTCAGAAAAAATTGA,1
TTTCAGAAAACCGATA,1
TTTCAGAAATGGCAAT,1
TTTCAGAAGGAGGTAC,1
TTTCAGACACATAAAG,1
TTTCAGACAGTAATAA,1
TTTCAGACGCACAATA,1
TTTCAGACGCATACAG,1
TTTCAGAGATGGCAAG,1
TTTCAGATCGAACAAC,1
TTTCAGCACATCTCAT,1
TTTCAGCACATTTCGT,1
TTTCAGCCAATGCGCA,1
TTTCAGCCAATGCTCC,1
TTTCAGCCAATTCGCC,1
TTTCAGCCAGTCCGTT,1
TTTCAGCCTAGAATTC,1
TTTCAGCGGAGTGTGT,1
TTTCAGTAATCCTCTT,1
TTTCAGTACATTTCAT,1
TTTCAGTGGTAACATG,1
TTTCAGTGTTAGAGTT,1
TTTCATAAAGCAAACA,1
TTTCATAAAGCTTTAT,1
TTTCATAAATGGCAAG,1
TTTCATAATATTGTTA,1
TTTCATACAACTTAGA,1
TTTCATACATAAAATC,1
TTTCATATTGATTCAG,1
TTTCATCACTACAGCG,1
TTTCATCATAACACGT,1
TTTCATCCCAAAACTT,1
TTTCATCCGGTAGATA,1
TTTCATCCTACCTGAA,1
TTTCATCTATAAAACC,1
TTTCATGAGGACAACG,1
TTTCATGCTGAATGAT,1
TTTCATGCTTGGCCGA,1
TTTCATGGCAAAATCA,1
TTTCATGTAAATAATA,1
TTTCATTAAAACCAAT,1
TTTCATTAAAATGCAA,1
TTTCATTAAACTGTCA,1
TTTCATTAATCACCCG,1
TTTCATTACTCGTGCC,1
TTTCATTACTTGTGAC,1
TTTCATTACTTGTTCC,1
TTTCATTAGGCAACTC,1
TTTCATTAGGCACCTA,1
TTTCATTCCAAAAAGT,1
TTTCATTCCCAAACGT,1
TTTCATTGAATTTCAA,1
TTTCATTTCGCATTAA,1
TTTCCAAAAAGATACA,1
TTTCCAAAACTAGTAG,1
TTTCCAAAGGTACTAA,1
TTTCCAACAAGCCATA,1
TTTCCAACAATCCAAA,1
TTTCCAACATCGCTGA,1
TTTCCAACGGACAACC,1
TTTCCAACGTATTCAG,1
TTTCCAAGTTACGGTT,1
TTTCCAATATGAGAGA,1
TTTCCACAACGAGTAA,1
TTTCCACAAGACGTTT,1
TTTCCACATACACTAG,1
TTTCCACCACCCCTCT,1
TTTCCACCCGAATACA,1
TTTCCACCCGCGTCTA,1
TTTCCACCCGCGTCTG,1
TTTCCACCCTAACTAG,1
TTTCCACCTATGCTAA,1
TTTCCACGCTAAATAT,1
TTTCCACGGCTAGGTT,1
TTTCCACGGGTAAAAC,1
TTTCCAGGAGTAGGAC,1
TTTCCAGGCGTAAGAC,1
TTTCCAGGCGTAGGAA,1
TTTCCAGGCGTATGAC,1
TTTCCATACAAATTCT,1
TTTCCATCGCTCAGTC,1
TTTCCATGGTAAAGCA,1
TTTCCATTAGTTACCA,1
TTTCCATTATTACTTA,1
TTTCCATTGCACACAT,1
TTTCCATTGGTCATAA,1
TTTCCCAATTAAAACT,1
TTTCCCAGGAATACGA,1
TTTCCCATAGCGGACA,1
TTTCCCATAGGACATA,1
TTTCCCATGTGAAACA,1
TTTCCCATTTATGTCA,1
TTTCCCCGAAAACAAA,1
TTTCCCCGGCCTGCAT,1
TTTCCCCTCATAACAC,1
TTTCCCCTCATGACAC,1
TTTCCCCTCTTTCCGA,1
TTTCCCGAACAAAATA,1
TTTCCCGCAACCCAAA,1
TTTCCCGTACGTCAGA,1
TTTCCCGTTAAGAGCG,1
TTTCCCGTTCGTCAGA,1
TTTCCCTAGAATAAGT,1
TTTCCCTCGATTACCG,1
TTTCCCTGAAACTAGC,1
TTTCCCTGAACCTAAC,1
TTTCCCTGAACCTATC,1
TTTCCCTGAACCTGGC,1
TTTCCCTGAACGTTAA,1
TTTCCCTGAATCTAGC,1
TTTCCCTGAGCCTAGC,1
TTTCCGAAACTCGTCT,1
TTTCCGAACAAATACA,1
TTTCCGAAGTCCATAC,1
TTTCCGAAGTCTAGAC,1
TTTCCGACGTTAGAAT,1
TTTCCGAGACGAAAGC,1
TTTCCGAGATTAGAAT,1
TTTCCGATTAAACGTA,1
TTTCCGATTAAACTGA,1
TTTCCGCCTCTCACAA,1
TTTCCGGGTACGGTAG,1
TTTCCGTACACAAGCC,1
TTTCCGTACTTTGGTC,1
TTTCCTAAGACAGGGT,1
TTTCCTAAGATGAAAT,1
TTTCCTACAAAACGAC,1
TTTCCTATATAAGAAG,1
TTTCCTATTTACAAAT,1
TTTCCTCGGACGATCC,1
TTTCCTCGGTCCGGTG,1
TTTCCTGCATATCGTA,1
TTTCCTGGAAAGCCAT,1
TTTCCTGTTACACCTC,1
TTTCCTGTTACAGCTC,1
TTTCCTTACTTGACAA,1
TTTCCTTAGAACAACT,1
TTTCCTTCGGTGAATC,1
TTTCCTTCTGTATTTA,1
TTTCCTTGTACTCTCA,1
TTTCGAAAAGACTATT,1
TTTCGAAATTCATAAA,1
TTTCGAACAAAGATGA,1
TTTCGAACACTGAAAA,1
TTTCGAACGCACAATA,1
TTTCGAAGCGTACCCA,1
TTTCGAAGGTTTTTGT,1
TTTCGAATACAACCGA,1
TTTCGAATGCAACTGA,1
TTTCGAATGTAACCGA,1
TTTCGACCTTGAAACA,1
TTTCGACGTATGAGTT,1
TTTCGACTACTCGCCG,1
TTTCGACTGACCCCGA,1
TTTCGAGAGATTAAAG,1
TTTCGAGATCACGATT,1
TTTCGAGCTTTGGACA,1
TTTCGAGGAGACGGAA,1
TTTCGAGTGCAACCGA,1
TTTCGATAAAACCAAT,1
TTTCGATAACACAAAA,1
TTTCGATCAAACAAAT,1
TTTCGATCGAACCAAT,1
TTTCGATCTTAGCCCA,1
TTTCGATTAAATGACC,1
TTTCGATTGAAAAACA,1
TTTCGATTGCCCACTT,1
TTTCGATTGTCATCCC,1
TTTCGCACAACTTAGA,1
TTTCGCACCTCTCCTT,1
TTTCGCACTATCATGA,1
TTTCGCAGCGCACCCA,1
TTTCGCAGCGTACACA,1
TTTCGCAGCTTACCCA,1
TTTCGCAGTGCCTTAA,1
TTTCGCCACAACTCAA,1
TTTCGCGATATTTTTA,1
TTTCGCTATAGTTTTA,1
TTTCGCTCACAGCTAT,1
TTTCGCTCTATCAACA,1
TTTCGGAACACGAAAT,1
TTTCGGAACCAGGCCA,1
TTTCGGAACTAATACG,1
TTTCGGAAGAAAATAC,1
TTTCGGAAGTGAAAGC,1
TTTCGGACGTACAATA,1
TTTCGGAGGACTTACA,1
TTTCGGATTAGTACAT,1
TTTCGGCACGATCATA,1
TTTCGGCCAATGCGCC,1
TTTCGGCTAATGTCCG,1
TTTCGGCTACATTCAC,1
TTTCGGTACCTCCGAC,1
TTTCGGTATAAACGCC,1
TTTCGGTGCACAGAAA,1
TTTCGGTTGAATGATC,1
TTTCGTAACCTGAACA,1
TTTCGTAAGGTTATCA,1
TTTCGTAAGGTTGGCA,1
TTTCGTACAATGAATG,1
TTTCGTACGCACAATA,1
TTTCGTATCCCTCTCT,1
TTTCGTCCATAGATTT,1
TTTCGTCTAGTGCTGA,1
TTTCGTCTGAGATAAA,1
TTTCGTGCAATTCAAT,1
TTTCTAAAAGAATTGA,1
TTTCTAAAAGCACCTT,1
TTTCTAAAATAACGAA,1
TTTCTAAAATTGGAAG,1
TTTCTAAACGTTGCGA,1
TTTCTAAAGAAGAAGC,1
TTTCTAACCATGATTA,1
TTTCTAATCATCTAAT,1
TTTCTAATGCAACATT,1
TTTCTACCAAAAGTCT,1
TTTCTACCATTAATAC,1
TTTCTACCCATAGAAT,1
TTTCTACTATCTAAGT,1
TTTCTAGACGCGATGC,1
TTTCTAGACGCGCTAC,1
TTTCTAGAGGCGCTGC,1
TTTCTAGATGCGCTGC,1
TTTCTAGCAAGATGGA,1
TTTCTAGCGTGGGAAT,1
TTTCTAGCTAATTTAA,1
TTTCTAGTCTACTATT,1
TTTCTAGTGAATTTGT,1
TTTCTATAATCTCCAT,1
TTTCTATACAACTAAC,1
TTTCTATACCCACTGT,1
TTTCTATCTCTAAAGA,1
TTTCTATGATGACGAT,1
TTTCTATGTACTAGGT,1
TTTCTATGTAGAATGG,1
TTTCTATGTCTCCAAG,1
TTTCTATGTTGACTAT,1
TTTCTATGTTTACGAT,1
TTTCTCAAGTAGGTAC,1
TTTCTCACAACTTAGA,1
TTTCTCATACAACATT,1
TTTCTCATGAAACATT,1
TTTCTCATGCAAAATT,1
TTTCTCATGCAATATT,1
TTTCTCATGCAGCATT,1
TTTCTCATTCAACATT,1
TTTCTCCAAAATGATA,1
TTTCTCCATACTTAGC,1
TTTCTCCCATAGATTT,1
TTTCTCCCGCGGTTAC,1
TTTCTCCTAAACCTCC,1
TTTCTCCTTAAGCTCG,1
TTTCTCCTTAGAACTG,1
TTTCTCCTTCGAAATG,1
TTTCTCGACTAGGTAC,1
TTTCTCGAGGATTTAC,1
TTTCTCGCACATAACA,1
TTTCTCGGCCCTCAAT,1
TTTCTCTAAGGGCATG,1
TTTCTCTATAAATTGA,1
TTTCTCTCACTGACCC,1
TTTCTCTCGGACAACG,1
TTTCTCTTGTGTTTAC,1
TTTCTGAATGCCCTGT,1
TTTCTGACACTGGATA,1
TTTCTGACATCTCGCA,1
TTTCTGACGCACAATA,1
TTTCTGACTCAGACGA,1
TTTCTGAGCGAGTAAT,1
TTTCTGAGCGAGTGCT,1
TTTCTGATCACTGAAC,1
TTTCTGATCGAGTACT,1
TTTCTGATTTAAAAGA,1
TTTCTGCTATCGACCA,1
TTTCTGGAACTAAAAA,1
TTTCTGGGAATGTCCC,1
TTTCTGTGTTGACGAT,1
TTTCTGTTACAGAAAA,1
TTTCTGTTGTGCATGT,1
TTTCTTAACACTAACA,1
TTTCTTAACCCAAGGT,1
TTTCTTAATATGATAG,1
TTTCTTAATCATTTTA,1
TTTCTTAATCCATAAA,1
TTTCTTAATGAACTGA,1
TTTCTTAATGGTGAAT,1
TTTCTTAATGTGATAA,1
TTTCTTAATGTGATAT,1
TTTCTTACTTATAGGC,1
TTTCTTAGAAAATTAT,1
TTTCTTCACATCAGCT,1
TTTCTTCGCTTACGTC,1
TTTCTTCTCATACCAA,1
TTTCTTGAAACATGAT,1
TTTCTTTATGTGATAG,1
TTTGAAAACAACCAAA,1
TTTGAAAACGACAGAA,1
TTTGAAAATAATATAG,1
TTTGAAAATCATCTAT,1
TTTGAAACAACGAATG,1
TTTGAAACACGTCAGT,1
TTTGAAACTAACAACG,1
TTTGAAAGATCTTTCG,1
TTTGAAAGCCGGGCAT,1
TTTGAAATGAAACTAA,1
TTTGAAATGGGAAACA,1
TTTGAACAATGTGCCA,1
TTTGAACACGCACTCC,1
TTTGAACATATAGTAC,1
TTTGAACCCGGAGTCA,1
TTTGAACCTAGCTCCA,1
TTTGAACGATTTACCA,1
TTTGAACGCTTTCCGC,1
TTTGAACGGATAGTAC,1
TTTGAACGTATAATAC,1
TTTGAACGTATAGTAA,1
TTTGAACTCTGCTGAG,1
TTTGAAGACTAGAAGA,1
TTTGAAGAGGGATCTT,1
TTTGAAGAGGGGGCTT,1
TTTGAAGATATCACCA,1
TTTGAAGATCGGAAAT,1
TTTGAAGTATCACGAC,1
TTTGAAGTCAATGCAT,1
TTTGAATACAAACCAT,1
TTTGAATACTCAAATT,1
TTTGAATATTATCAAT,1
TTTGAATATTATTAAT,1
TTTGAATGTCACTAGA,1
TTTGAATTACCACCTC,1
TTTGAATTATTCTATA,1
TTTGAATTGATGCCAG,1
TTTGACAAACTCACTT,1
TTTGACAAAGATCTCT,1
TTTGACAACAATTCGG,1
TTTGACAAGTATAACG,1
TTTGACACACTCAGTT,1
TTTGACACATTCACTT,1
TTTGACAGTAAGTACC,1
TTTGACATACCATCAC,1
TTTGACATACTCACTT,1
TTTGACATCAACAGAA,1
TTTGACATCGAACGCC,1
TTTGACATTAAAAGAA,1
TTTGACCAAATCATTT,1
TTTGACCCCCTGGCCT,1
TTTGACCCGAAACCCT,1
TTTGACCCTCTGTCCT,1
TTTGACCCTCTTGCCT,1
TTTGACCGACGGTAAA,1
TTTGACCGATTTCCGC,1
TTTGACCTATGTCTGT,1
TTTGACCTTGTCAGAA,1
TTTGACGCGGTATTCA,1
TTTGACGGCTATAATA,1
TTTGACGGCTTTCGGG,1
TTTGACGTAACAACTG,1
TTTGACGTAATAACGA,1
TTTGACTAGAACACCC,1
TTTGACTCACCGGCCA,1
TTTGACTCGTTACTAA,1
TTTGACTGTCACTAGG,1
TTTGACTGTGACTAGA,1
TTTGACTTAGCCGTTG,1
TTTGACTTCGCCATCC,1
TTTGAGAACGATTATA,1
TTTGAGAAGGAGAACG,1
TTTGAGAAGGTCAGGT,1
TTTGAGACGATCACGG,1
TTTGAGACTATCACGA,1
TTTGAGACTATCATGG,1
TTTGAGACTTGCCATA,1
TTTGAGAGACCCGAAA,1
TTTGAGATGGGCAACA,1
TTTGAGCACATGTGAT,1
TTTGAGCAGCCCATCC,1
TTTGAGCAGGATAACG,1
TTTGAGCAGTGCGACA,1
TTTGAGCATGAGAACG,1
TTTGAGCGCTCGCATT,1
TTTGAGCTATCACTAT,1
TTTGAGCTCAGGTAAG,1
TTTGAGGAATATCGAT,1
TTTGAGGATATTTGCA,1
TTTGAGGCACGGAAAC,1
TTTGAGGCAGCACTTG,1
TTTGAGGCCCTGAAAC,1
TTTGAGGCTAAGTACC,1
TTTGAGGGATACGTCA,1
TTTGAGGTCACTAGGA,1
TTTGAGGTCATAACGC,1
TTTGAGTGCGAAATCT,1
TTTGAGTTATGTATAC,1
TTTGATACATTAAAAA,1
TTTGATACCAAAACTT,1
TTTGATACTACCAATA,1
TTTGATACTTAATACA,1
TTTGATAGCATTAGCC,1
TTTGATATTTAAAGCA,1
TTTGATATTTCAATCA,1
TTTGATATTTTAAGCA,1
TTTGATCAGATAGGTA,1
TTTGATCAGTCTCAAT,1
TTTGATCCCCAAACTT,1
TTTGATCCTAATTGCG,1
TTTGATCGACGGTTCG,1
TTTGATCTCGCTGAAA,1
TTTGATGAAGAACACT,1
TTTGATGACGGAAACA,1
TTTGATGATAGGCACC,1
TTTGATTGAGCAATAC,1
TTTGATTGATTAGGAA,1
TTTGATTTAGTGAGTT,1
TTTGATTTATAGGGCA,1
TTTGATTTCAAGTTGT,1
TTTGATTTGTTAAATT,1
TTTGATTTTGACTAAG,1
TTTGCAAAGTATTAGT,1
TTTGCAAAGTCGTATC,1
TTTGCAAATCAAACCA,1
TTTGCAAATCTTGGCC,1
TTTGCAAATTCGAATC,1
TTTGCAAGAACCTCAT,1
TTTGCAAGATTAGTCG,1
TTTGCAAGCGACGATG,1
TTTGCAAGTCCTCTAG,1
TTTGCAATTAACAAGT,1
TTTGCAATTATAAACA,1
TTTGCACAAAACAAAC,1
TTTGCACAAGATCAAA,1
TTTGCACAATATGCCA,1
TTTGCACAATGTACCA,1
TTTGCACAATGTGCAA,1
TTTGCACACAGTAAAA,1
TTTGCACATGAGAATA,1
TTTGCACATTTGCAAA,1
TTTGCACCAGATAAAA,1
TTTGCAGCCTGGCAAA,1
TTTGCAGCTACAGAAC,1
TTTGCAGTAGTGCCCA,1
TTTGCATAACACTTCC,1
TTTGCATACCTACCTA,1
TTTGCATACTTTATGG,1
TTTGCATAGATAACTA,1
TTTGCATATTCCTTAC,1
TTTGCATCACGCCACA,1
TTTGCATCATCATTGA,1
TTTGCATCGCTTTGTA,1
TTTGCATCTATAAGGA,1
TTTGCATGGCTTCGTA,1
TTTGCATGGGCGTGCC,1
TTTGCATGTCAAAAAA,1
TTTGCATTAACACCTC,1
TTTGCATTCTGTGTAA,1
TTTGCCAATTTGCAAA,1
TTTGCCCCCGGATAAA,1
TTTGCCCGACTGAATC,1
TTTGCCCGACTGGATT,1
TTTGCCCTACGAAATC,1
TTTGCCCTACTGGATC,1
TTTGCCCTTAACTCGA,1
TTTGCCGATGAAAATA,1
TTTGCCGCACGTTCCT,1
TTTGCCGTGTATAGGG,1
TTTGCCTACCTATGGC,1
TTTGCCTAGTTGACCA,1
TTTGCCTATTTGCAAA,1
TTTGCCTGTTACTAAA,1
TTTGCCTTATGCGACA,1
TTTGCCTTCGCTTCAG,1
TTTGCCTTGACAAAAA,1
TTTGCCTTGTGATACG,1
TTTGCGAAGTCGAATC,1
TTTGCGACACATTAAA,1
TTTGCGAGACCAGGCC,1
TTTGCGAGCCACTAAC,1
TTTGCGAGCCGCTAAT,1
TTTGCGAGGCGCTAAC,1
TTTGCGATGAAAATTT,1
TTTGCGCCTGCAGAGA,1
TTTGCGGATGGTGTCC,1
TTTGCGGTCGCAACGA,1
TTTGCGGTTCTTTAAC,1
TTTGCGTCAGTGGTGA,1
TTTGCGTGAGTGGCGA,1
TTTGCGTGAGTGGTGG,1
TTTGCGTGAGTGGTGT,1
TTTGCGTTAGTGGTGA,1
TTTGCTAAAATATTCC,1
TTTGCTAGCCGCTAAC,1
TTTGCTATACAAGATA,1
TTTGCTATGGAAGATA,1
TTTGCTATGGTAGTGG,1
TTTGCTATTGCCCAAA,1
TTTGCTCGTACTTATC,1
TTTGCTGCGTCTTTAA,1
TTTGCTGGCCAATCAT,1
TTTGCTGGCTAAAGAA,1
TTTGCTGGGGCAAGCA,1
TTTGCTGGGTAAAGCA,1
TTTGCTTGAGTGGTGA,1
TTTGCTTGATCTATTA,1
TTTGCTTGCTGGCAAT,1
TTTGCTTTATTAGGAA,1
TTTGGAAAAAAGGATC,1
TTTGGAAAACCCACGA,1
TTTGGAAAACTGATCC,1
TTTGGAAACCTAACAT,1
TTTGGAATATAAAGTA,1
TTTGGAATCAGTCACA,1
TTTGGAATGAACAAGT,1
TTTGGAATGACGTGAT,1
TTTGGAATGTTCGAAC,1
TTTGGAATTAACGAGT,1
TTTGGACAAATACGCT,1
TTTGGACATGCTAAGT,1
TTTGGACCGTTTGACG,1
TTTGGACCTAGCGGAA,1
TTTGGACGCTGCACCA,1
TTTGGACTAAAAGTAG,1
TTTGGACTTAGAAGAT,1
TTTGGAGAATAGTAAT,1
TTTGGAGACTCGACCT,1
TTTGGAGATCGGAAAT,1
TTTGGAGCACTATCGC,1
TTTGGAGCGCCATCGC,1
TTTGGAGCGCTATAGC,1
TTTGGAGCGCTATCAC,1
TTTGGAGGAGTAAGCA,1
TTTGGAGTAAAATATG,1
TTTGGAGTGTTCGAGC,1
TTTGGATAAGTGATTA,1
TTTGGATCCCTTGCCA,1
TTTGGATCGCTATCGC,1
TTTGGATGATACTCCA,1
TTTGGCAAAAAATAGC,1
TTTGGCAAAAGTGTAA,1
TTTGGCAAAATCAGAG,1
TTTGGCACAAATCGTT,1
TTTGGCACGTTAATGA,1
TTTGGCACTTTAAAAC,1
TTTGGCAGGAACGGTC,1
TTTGGCAGGAGTAAGT,1
TTTGGCAGTAAGGGTC,1
TTTGGCATAAGCCGGA,1
TTTGGCATACGCAGGA,1
TTTGGCATACGCCCGA,1
TTTGGCATACGCCGGT,1
TTTGGCCAAAAGGATG,1
TTTGGCCATTTGCAAA,1
TTTGGCCGTTAAAATA,1
TTTGGCCTAAACGTAC,1
TTTGGCGCGTATCTTA,1
TTTGGCGGTAACGGTC,1
TTTGGCGGTTGAACAC,1
TTTGGCGTTCACGTTA,1
TTTGGCTTTTTGACCG,1
TTTGGGAACCATAAAA,1
TTTGGGAGAATTACCC,1
TTTGGGAGTATTTAAC,1
TTTGGGATGAGAAAAT,1
TTTGGGATGTGTTACT,1
TTTGGGCAGGAGAACG,1
TTTGGGCATTGCCATA,1
TTTGGGCTATTGAAGG,1
TTTGGGGACACCCCAA,1
TTTGGGGATTACAAAA,1
TTTGGGGCAGTAAGCA,1
TTTGGGGTGCTTAACC,1
TTTGGGTGAGTGGTGA,1
TTTGGGTTGAAAAATA,1
TTTGGTAAAATACGGG,1
TTTGGTACAATATGGG,1
TTTGGTACAATGCGGG,1
TTTGGTACGCCATTTC,1
TTTGGTACGCCTCGGC,1
TTTGGTACTCCTCGAC,1
TTTGGTACTTCCACAA,1
TTTGGTATACGCCGGA,1
TTTGGTCGAAGGGAAA,1
TTTGGTCGGGCATCAC,1
TTTGGTCTTTATAAAG,1
TTTGGTGAAAGGTTCA,1
TTTGGTGACATTGAGT,1
TTTGGTGATATCGAAT,1
TTTGGTGCCAAAAGGA,1
TTTGGTGGATACACAG,1
TTTGGTGGCACACGTT,1
TTTGGTTGCGAATCAG,1
TTTGGTTTTAAGATTG,1
TTTGTAAAAAAAAGGA,1
TTTGTAAAAAAATAGG,1
TTTGTAAAAAATCGAA,1
TTTGTAAAACACAGTA,1
TTTGTAAAATGACCGC,1
TTTGTAAACCAATGAC,1
TTTGTAACAAATCACA,1
TTTGTAACACATTAGT,1
TTTGTAATAGGTGTCT,1
TTTGTAATCCATGTCA,1
TTTGTAATTTTGATCA,1
TTTGTACAAAATCTAA,1
TTTGTACAGCACAACC,1
TTTGTACATGCTAAGG,1
TTTGTACCTAGACAAC,1
TTTGTACTATACAAAT,1
TTTGTACTCCAAAATG,1
TTTGTACTTAAGGAGA,1
TTTGTACTTATGGCGA,1
TTTGTAGAAATTTTGT,1
TTTGTAGAGTAATCCT,1
TTTGTAGATGAAAAAT,1
TTTGTAGCCTAGCAAA,1
TTTGTAGTATGGAAAC,1
TTTGTATCACTTAGGC,1
TTTGTATCGCTTCGTA,1
TTTGTATGCGAACTAC,1
TTTGTATGGGCGTGAC,1
TTTGTATGGGCGTGCA,1
TTTGTATGGGCGTGCG,1
TTTGTATGGGCGTTCC,1
TTTGTATGGGGGTGCC,1
TTTGTATGTGCCGACC,1
TTTGTATTAAATGCAA,1
TTTGTATTAAATTAAA,1
TTTGTCAAAAACAAAT,1
TTTGTCAACTCCGGGG,1
TTTGTCACTACTGTAC,1
TTTGTCAGACAGTAGC,1
TTTGTCATACGACGTA,1
TTTGTCATGAAGGAGC,1
TTTGTCATTCCCAGTA,1
TTTGTCCAAAGCCAAC,1
TTTGTCCAGAAGACCT,1
TTTGTCCTAATAAATA,1
TTTGTCCTAATAAATT,1
TTTGTCCTTTAACTAT,1
TTTGTCGACCTAAAAA,1
TTTGTCGCACTATCCA,1
TTTGTCGCATTATCCT,1
TTTGTCGCGTTAAATA,1
TTTGTGAACCATAAAA,1
TTTGTGAAGCTTACAA,1
TTTGTGAGGTACTCGA,1
TTTGTGAGTGATGAAA,1
TTTGTGATATTTAAAG,1
TTTGTGCACAAATACA,1
TTTGTGCAGACGCTGA,1
TTTGTGCATACTGCCC,1
TTTGTGCATCTATTTT,1
TTTGTGCCCAAAATAA,1
TTTGTGCCCAATATAA,1
TTTGTGCGAAATCAAC,1
TTTGTGCTGTAATGAC,1
TTTGTGGGGTGAATCT,1
TTTGTGTCCAACATAA,1
TTTGTGTCTAAAGGGT,1
TTTGTGTGGGCGTGCC,1
TTTGTGTTTAAATTCT,1
TTTGTTACAGATAAGC,1
TTTGTTACATGAAGCC,1
TTTGTTACTTCAAACT,1
TTTGTTATAACCGCAA,1
TTTGTTATAATTGTTT,1
TTTGTTATTATTTTTT,1
TTTGTTCAAGATAAGC,1
TTTGTTCATCTACATT,1
TTTGTTCCAAATAAGC,1
TTTGTTCCAAGGGAAA,1
TTTGTTCCCACATCCA,1
TTTGTTGCCGCTTCAG,1
TTTGTTGCTATCCCCA,1
TTTGTTGGATGAATCT,1
TTTGTTGGTTACAAAC,1
TTTGTTTAAAAAACGT,1
TTTGTTTAAAACACGC,1
TTTGTTTAAAACACTT,1
TTTGTTTAAAATACGT,1
TTTGTTTAAATGCGAT,1
TTTGTTTAAGGCCCAA,1
TTTGTTTCCCCCGCAT,1
TTTGTTTCGATTAGAT,1
TTTGTTTGAGCACCAT,1
TTTTAAAAAAATGATA,1
TTTTAAAAAATAACTA,1
TTTTAAAAAATAGCCA,1
TTTTAAAAAATTCGAG,1
TTTTAAAACAAAACCT,1
TTTTAAAACAAAACTA,1
TTTTAAAACAAAACTC,1
TTTTAAAACAAAAGTT,1
TTTTAAAACAGAACTT,1
TTTTAAAACATCTGGG,1
TTTTAAAACATGCAAA,1
TTTTAAAAGAAAACTT,1
TTTTAAAATGGTACAT,1
TTTTAAACAGGAAGTT,1
TTTTAAACCCCCGCCG,1
TTTTAAACGATGTTAC,1
TTTTAAACGGTTTTAC,1
TTTTAAACTAAGATGA,1
TTTTAAACTCAAAAAG,1
TTTTAAAGAAAATGCA,1
TTTTAAAGAAAGCGTA,1
TTTTAAAGGTTTTTGT,1
TTTTAAATCCTACATC,1
TTTTAAATCGTTGTGT,1
TTTTAAATGATTTTGG,1
TTTTAACAATAATTTT,1
TTTTAACAGACTATCT,1
TTTTAACAGACTTAAT,1
TTTTAACAGATTGATA,1
TTTTAACCAAAACCAC,1
TTTTAACCAACTATAA,1
TTTTAACCGCAGCACC,1
TTTTAACCGTAGAAAC,1
TTTTAACCGTAGAACC,1
TTTTAACCTCACCGCT,1
TTTTAACCTTAGCACC,1
TTTTAACGCAACTCGC,1
TTTTAACGCTTCTGGT,1
TTTTAACTAATGAATA,1
TTTTAACTTAGCGTGA,1
TTTTAAGACAGCGGAC,1
TTTTAAGACAGCGTCC,1
TTTTAAGACCACTCGA,1
TTTTAAGACCCATCGA,1
TTTTAAGACCCCTAGA,1
TTTTAAGACGGCGGCC,1
TTTTAAGAGGGAGCTT,1
TTTTAAGCACCATACC,1
TTTTAAGCCAGATCAA,1
TTTTAAGCTAAAGGAT,1
TTTTAAGTAAAAGGAT,1
TTTTAAGTAACAGTAG,1
TTTTAAGTACAAAATA,1
TTTTAAGTCAAAAATA,1
TTTTAAGTCCAAGATA,1
TTTTAAGTCCCAAATA,1
TTTTAAGTCTAAAATA,1
TTTTAAGTGAAAGGAT,1
TTTTAAGTTAAAAGAT,1
TTTTAAGTTAAAGGAC,1
TTTTAAGTTATAGGAT,1
TTTTAATATGAAGCTC,1
TTTTAATCAAAGTTAA,1
TTTTAATCTATTAAAT,1
TTTTAATGACAGAAGT,1
TTTTAATGACATCAAT,1
TTTTAATTCATACTAT,1
TTTTAATTGAAAAACA,1
TTTTAATTGCCCCCGT,1
TTTTAATTGCTCACTA,1
TTTTAATTGGACCCGT,1
TTTTAATTGGCCCCGC,1
TTTTACAAACAAGTGC,1
TTTTACAAAGCCGCTC,1
TTTTACAATTAGCGTC,1
TTTTACACAACTTAGA,1
TTTTACACACTCACTT,1
TTTTACACCAGAAATG,1
TTTTACACGTCGAAAG,1
TTTTACAGAAACTATC,1
TTTTACAGAGCCGCTC,1
TTTTACAGATAAAAAA,1
TTTTACAGATGACGTT,1
TTTTACATATCAACCT,1
TTTTACCAAATATAAC,1
TTTTACCAAGCCGCTC,1
TTTTACCAGCTAAAAA,1
TTTTACCAGTTAATAT,1
TTTTACCATTATTCAA,1
TTTTACCCATTCAGAG,1
TTTTACCGAAGATCAA,1
TTTTACCGAGCCACTC,1
TTTTACCGAGCCGATC,1
TTTTACCGAGCCGCCC,1
TTTTACCGATCCGCTC,1
TTTTACCGCTGTAAAC,1
TTTTACCTAATATAAC,1
TTTTACCTGACGCCCA,1
TTTTACCTTGGCGAAA,1
TTTTACCTTTGCCAAA,1
TTTTACGAATTCGGCA,1
TTTTACGACACGCAAA,1
TTTTACTACCAACATT,1
TTTTACTACCATGACA,1
TTTTACTAGCCCGGAC,1
TTTTACTCCCTAGCCC,1
TTTTACTCGGAGAATA,1
TTTTACTCTCAAGGCC,1
TTTTACTGTCACTAGA,1
TTTTACTTAATTTCGA,1
TTTTAGAAAACCGTTC,1
TTTTAGAAATTAAAAC,1
TTTTAGACAACAACAA,1
TTTTAGAGATAACAAC,1
TTTTAGCATACTATGA,1
TTTTAGCATCCAACGT,1
TTTTAGCGACGACAAC,1
TTTTAGCGAGCCGCTC,1
TTTTAGGATGATTAGT,1
TTTTAGGCGCTCGCTG,1
TTTTAGGCTTAAGGGT,1
TTTTAGGTCAAGCAAA,1
TTTTAGTAGTGCAATC,1
TTTTAGTATAAATGAA,1
TTTTAGTCAAATAAAT,1
TTTTAGTTCATACAAG,1
TTTTAGTTGAAAGTGA,1
TTTTAGTTGATAGAAG,1
TTTTAGTTTAATCACC,1
TTTTAGTTTTTAGCTA,1
TTTTATAAAATTCTAT,1
TTTTATAAATTTGATA,1
TTTTATAAGAACACCT,1
TTTTATAAGCAAATGA,1
TTTTATAATAATAACC,1
TTTTATAATTAGAAAG,1
TTTTATAGAAATTTGA,1
TTTTATAGAAATTTTT,1
TTTTATAGTAGGTTCT,1
TTTTATAGTCTCAAAA,1
TTTTATATAATTTTAC,1
TTTTATATCTCACCGG,1
TTTTATATTTCAAGCA,1
TTTTATCAAACCCGCT,1
TTTTATCACGACAAGT,1
TTTTATCAGTTTCCCA,1
TTTTATCAGTTTCCCC,1
TTTTATCCAAATAAAG,1
TTTTATCCAGGGACGT,1
TTTTATCCTGATAATA,1
TTTTATCTGGGAGTGG,1
TTTTATCTTCCCAAGC,1
TTTTATCTTCCTACTT,1
TTTTATCTTGAAGTGG,1
TTTTATGAAGTGAACT,1
TTTTATGACCAATAGA,1
TTTTATGATAACATTG,1
TTTTATGATAGGCATC,1
TTTTATGCCATGACCC,1
TTTTATGGTTTAGGTG,1
TTTTATGTAATGACCC,1
TTTTATGTACATAAAC,1
TTTTATGTTTAATATA,1
TTTTATTACAAGTTTC,1
TTTTATTCAAATAGAT,1
TTTTATTGTTTTATTT,1
TTTTATTTATCACAAG,1
TTTTATTTATTCTATA,1
TTTTATTTCATAGAAG,1
TTTTATTTTATAGCTA,1
TTTTCAAAATATACCG,1
TTTTCAAAGTGGCACC,1
TTTTCAACATACGAAA,1
TTTTCAAGAGTAGAGG,1
TTTTCAAGCACTATAA,1
TTTTCAATAGAAAGGA,1
TTTTCAATTGTAGAAC,1
TTTTCACTTAACGTGA,1
TTTTCAGCCTACTTCA,1
TTTTCATAAAACCAGA,1
TTTTCATAAAACCCGC,1
TTTTCATAAGTCGAGA,1
TTTTCATATAAAGAGA,1
TTTTCATCCAGAAGGA,1
TTTTCATCGCACCTAA,1
TTTTCATCTGCATCTT,1
TTTTCATGAAGCAGTG,1
TTTTCATGGAGCAGCC,1
TTTTCATGTCCCCATA,1
TTTTCATGTCGCCAGA,1
TTTTCATTTCTAGCCA,1
TTTTCCAAATCAATCT,1
TTTTCCAATTAGCCTC,1
TTTTCCACGCAAAGGA,1
TTTTCCATCACCCTAT,1
TTTTCCCAAATCATAG,1
TTTTCCCAATGCATAC,1
TTTTCCCCGTCGTCAA,1
TTTTCCCTACTGGATC,1
TTTTCCCTTAGGGAAA,1
TTTTCCGAAACACAAG,1
TTTTCCGCAGTGCGGG,1
TTTTCCGCTTTAACAA,1
TTTTCCGGCTTCCGAT,1
TTTTCCGGGGTACGGG,1
TTTTCCTAAGCTTATT,1
TTTTCCTACGATCTAT,1
TTTTCCTTCATAAACT,1
TTTTCGAAAGAACTTT,1
TTTTCGAACAATCGAC,1
TTTTCGACTAACCATG,1
TTTTCGAGATCACTAT,1
TTTTCGATTAAACGGA,1
TTTTCGCCAGGGCAGT,1
TTTTCGCCCTGGCAGT,1
TTTTCGCGCGGGCAGT,1
TTTTCGCGGAGATGCA,1
TTTTCGCGGGCACAAT,1
TTTTCGCTGAAAGAAG,1
TTTTCGCTTTCGCTGC,1
TTTTCGCTTTCTCAGC,1
TTTTCGGCCTCGGAAC,1
TTTTCGTCAGCCACAC,1
TTTTCGTGACCACGTA,1
TTTTCGTGAGTGGTGA,1
TTTTCGTGGAAATCTT,1
TTTTCTAAAAGGACCA,1
TTTTCTAACGATCCCA,1
TTTTCTAATAGAATGT,1
TTTTCTACCAACCCGA,1
TTTTCTACTCGCACAC,1
TTTTCTAGGCCTAGGA,1
TTTTCTAGTAATACTG,1
TTTTCTATAACCTAGA,1
TTTTCTATACACATAT,1
TTTTCTATACGCATAC,1
TTTTCTATACGCATCT,1
TTTTCTCCCGGGCAGT,1
TTTTCTCCCTGGGATT,1
TTTTCTCTTTCGCAGC,1
TTTTCTGAGTGGCTAG,1
TTTTCTGATAGAAAAA,1
TTTTCTGATTCGAACA,1
TTTTCTGATTGGTTAG,1
TTTTCTGCCAGAAAAA,1
TTTTCTGCCTGGGCTT,1
TTTTCTGGCGTTACAT,1
TTTTCTGGCTAAAGCA,1
TTTTCTGTCCTAAAAT,1
TTTTCTGTGGAAATCC,1
TTTTCTGTGGATTTTG,1
TTTTCTTAAGGTAGCC,1
TTTTCTTAGTGGTTAG,1
TTTTCTTATGGCTTAC,1
TTTTCTTGAATACTCT,1
TTTTCTTGGAATTTAA,1
TTTTCTTTAATTACCA,1
TTTTGAAATGTTAATG,1
TTTTGAACAAAGTTTA,1
TTTTGAAGGTTTTCGT,1
TTTTGAAGGTTTTTAT,1
TTTTGAAGGTTTTTGC,1
TTTTGAAGGTTTTTTT,1
TTTTGAATAACTAAGT,1
TTTTGAATAGCACAGA,1
TTTTGAATATTATCAA,1
TTTTGAATCAAGTTTT,1
TTTTGAATCCAAAAAA,1
TTTTGAATTAACAGCA,1
TTTTGACAAAGTTTCC,1
TTTTGACAGAGATCAT,1
TTTTGACATGCTAAGG,1
TTTTGACATTAGCAAT,1
TTTTGAGAAAAAGTAA,1
TTTTGAGACAATTTTC,1
TTTTGAGCAGTAAGCA,1
TTTTGAGGCAAGGGTT,1
TTTTGAGTAACCAGTT,1
TTTTGAGTAATGTCAA,1
TTTTGAGTACAAAAAA,1
TTTTGAGTAGACCAAC,1
TTTTGAGTCAAAAAAA,1
TTTTGAGTGCAAAAAA,1
TTTTGATAACGGAAAG,1
TTTTGATCGAAAAACA,1
TTTTGATGCCAAACTA,1
TTTTGATGCCAACAAG,1
TTTTGATGCCACAAAG,1
TTTTGATGGATTAGAC,1
TTTTGATTCGCGATTA,1
TTTTGATTGGAAAACA,1
TTTTGATTTACGGGCA,1
TTTTGCAAATGCAAAA,1
TTTTGCAAGGTTAATG,1
TTTTGCACCCGATTAT,1
TTTTGCATATCATCAA,1
TTTTGCATATTATCGA,1
TTTTGCATCTTATCTA,1
TTTTGCATGAATTGAC,1
TTTTGCATGTTATCAA,1
TTTTGCATTTTTCCCT,1
TTTTGCCCGACACCCA,1
TTTTGCCGATAAAATA,1
TTTTGCCGGACCGAAG,1
TTTTGCCGTAGCCATG,1
TTTTGCCGTTAAAAGA,1
TTTTGCGACCAATCAA,1
TTTTGCGCAAGCCAAG,1
TTTTGCGGGCAGAACG,1
TTTTGCTACCAACATT,1
TTTTGCTACCACAGGT,1
TTTTGGAAAATCTATG,1
TTTTGGAACAGTGGTC,1
TTTTGGACAAGTCAGT,1
TTTTGGACATACAGAA,1
TTTTGGACCAATCCTC,1
TTTTGGCAGTAAATTA,1
TTTTGGCCACATTTTT,1
TTTTGGCTACAAAAGA,1
TTTTGGCTACACAGGA,1
TTTTGGCTACATAAGA,1
TTTTGGGCCTTCCCCC,1
TTTTGGGCTCAACAGG,1
TTTTGGGCTTATTAAC,1
TTTTGGTATAAACGAC,1
TTTTGGTATAAACTCC,1
TTTTGGTATTAATGAA,1
TTTTGGTCTACAACTA,1
TTTTGGTGATTTTTAA,1
TTTTGGTTATGACTTG,1
TTTTGGTTTAAACGCA,1
TTTTGTAAAGCAGACT,1
TTTTGTAATCACCAGG,1
TTTTGTACAATACGGG,1
TTTTGTACCAAGCCTC,1
TTTTGTACTTACTAAA,1
TTTTGTACTTGTCACA,1
TTTTGTCATCTACCCT,1
TTTTGTCCAGGATAGT,1
TTTTGTCCCCAATGAA,1
TTTTGTCCTCATCGAC,1
TTTTGTCTACACAAGA,1
TTTTGTGAAATGAACC,1
TTTTGTGGGAAAATAG,1
TTTTTAAAATACAGGC,1
TTTTTAAAGTAGGCAA,1
TTTTTAAAGTCGCCAA,1
TTTTTAAAGTCGGAAA,1
TTTTTAAAGTCGTCAA,1
TTTTTAAAGTTGGCAA,1
TTTTTAAAGTTTATTA,1
TTTTTAAATAATCAGC,1
TTTTTAACAAAAAAGA,1
TTTTTAACAATCCGCA,1
TTTTTAACGTTTAAAT,1
TTTTTAACTAAGCAAC,1
TTTTTAAGGCAGTAGA,1
TTTTTAAGTCCTCTAG,1
TTTTTAAGTGCAGAAT,1
TTTTTAATACACAGAA,1
TTTTTAATGCAACATC,1
TTTTTACAAAATCGAA,1
TTTTTACACTCTAACA,1
TTTTTACATAGCTTAG,1
TTTTTACATCTTGAGA,1
TTTTTACCCCAACAAC,1
TTTTTACCTAACGGTG,1
TTTTTACCTCGACAAC,1
TTTTTACGTAAAGGTG,1
TTTTTACGTAACAGTG,1
TTTTTACGTACAGAAT,1
TTTTTACGTGCAGAAC,1
TTTTTACTACTGATAA,1
TTTTTACTGGGTGTCC,1
TTTTTACTGTCTGACT,1
TTTTTACTGTTTGACC,1
TTTTTAGAACGAGACC,1
TTTTTAGAGTCGGCAA,1
TTTTTAGTATCACAGT,1
TTTTTATAACAGAACA,1
TTTTTATAACGCTGCG,1
TTTTTATAACTATAAC,1
TTTTTATAATCAAACT,1
TTTTTATATCAAGATA,1
TTTTTATATCCATGAC,1
TTTTTATGGGCGTGCC,1
TTTTTATGTAACGGTG,1
TTTTTCAAAAAGACCA,1
TTTTTCAACTACCTCA,1
TTTTTCAATTATTGTT,1
TTTTTCACCTGTCTCG,1
TTTTTCAGTTCCAGAC,1
TTTTTCATCAAGCTAC,1
TTTTTCATCCAGCTAA,1
TTTTTCATCCATCTAC,1
TTTTTCATCTAGCTAC,1
TTTTTCATGACACAGC,1
TTTTTCATTTCTACCA,1
TTTTTCCAATCATCTT,1
TTTTTCCACACAAAAC,1
TTTTTCCAGGAAAAAA,1
TTTTTCCAGTAATATA,1
TTTTTCCTAACTACTA,1
TTTTTCGAAATTCATG,1
TTTTTCGACCTATTAG,1
TTTTTCGAGATTCCTG,1
TTTTTCGGTTTAACAT,1
TTTTTCTAATCAAAAT,1
TTTTTCTAATCAGACT,1
TTTTTCTAGTCAAACT,1
TTTTTCTCCACATAAC,1
TTTTTCTCGGCTGCAA,1
TTTTTCTGATCAAACT,1
TTTTTGACTCAATTAG,1
TTTTTGAGTACCGACT,1
TTTTTGAGTATAGACT,1
TTTTTGAGTATCTACT,1
TTTTTGAGTCAGATTA,1
TTTTTGATCACCCTAT,1
TTTTTGATTATCGACT,1
TTTTTGCAAAGAGCGG,1
TTTTTGCAGAAGCAAG,1
TTTTTGCATACCCAGA,1
TTTTTGCCCGCCACTA,1
TTTTTGCTACTTCTTG,1
TTTTTGCTGAAACTAC,1
TTTTTGGAATATACAG,1
TTTTTGGTTCAGGCAT,1
TTTTTGTGTAAAATAA,1
TTTTTTAAAACCAAAG,1
TTTTTTAAACAATCCA,1
TTTTTTAAATAGAGTC,1
TTTTTTAAATGGAGTA,1
TTTTTTACAATCGGCA,1
TTTTTTACCTTTCACA,1
TTTTTTACGATAGCCA,1
TTTTTTACGCACGATC,1
TTTTTTAGGAACATAC,1
TTTTTTATCCAGCTAC,1
TTTTTTATGCGGAAAC,1
TTTTTTATTATAAAAA,1
TTTTTTCAAGTCACCG,1
TTTTTTCACCGTGTTG,1
TTTTTTCATGACAAAG,1
TTTTTTCCATAAAATC,1
TTTTTTCCTCTACATT,1
TTTTTTCGATACCAAG,1
TTTTTTGAAGTCCAAG,1
TTTTTTGGCGGCCTAA,1
TTTTTTTAAAACACGT,1
TTTTTTTACAATCCCA,1
TTTTTTTTATAAATAT,1
